1
1
2
5
5
6
7
7
8
9
9
10
10
10
13
13
16
16
16
17
19
20
21
21
22
23
23
25
26
26
26
27
27
30
30
30
33
34
35
36
37
40
40
40
41
41
42
43
43
44
45
46
46
47
48
48
49
49
49
50
50
51
52
53
54
55
55
56
56
56
56
57
59
61
61
62
65
65
66
66
66
67
68
68
68
69
71
72
72
72
73
75
75
75
76
78
80
81
82
82
82
83
85
85
90
91
92
92
92
92
93
93
93
94
95
95
95
96
98
99
100
101
104
110
114
116
117
118
118
118
121
121
122
122
122
122
123
123
123
123
125
126
127
129
130
131
132
132
135
136
136
137
137
137
138
138
139
140
141
142
142
143
143
144
144
145
146
147
148
150
151
152
152
153
155
155
156
157
157
158
158
162
163
163
167
167
167
167
169
171
173
173
173
173
174
175
175
175
176
178
179
179
180
181
183
183
183
184
185
186
188
188
189
190
192
193
193
196
199
200
200
201
201
203
203
207
208
208
209
209
211
212
213
213
215
215
215
215
216
217
217
219
219
219
220
221
222
222
223
226
227
227
228
229
229
230
230
231
231
232
233
234
235
238
239
242
242
243
243
245
246
248
248
248
249
250
251
252
253
254
256
257
257
259
260
260
260
262
263
266
266
268
268
269
270
271
271
272
273
273
273
274
274
275
277
279
281
281
281
282
283
283
284
285
285
287
289
289
289
291
295
296
298
298
300
300
301
302
303
309
309
310
311
311
313
318
318
320
321
323
324
325
326
330
330
330
334
337
337
338
338
338
340
341
342
344
345
347
348
348
348
350
351
351
352
353
354
355
356
358
359
360
360
361
362
362
364
366
366
367
369
370
371
371
373
373
374
374
374
377
377
378
378
379
379
381
381
381
381
382
384
385
386
386
387
387
388
388
388
388
388
388
389
389
390
391
393
395
395
395
395
398
398
398
399
399
400
401
402
403
403
403
407
411
411
411
412
412
413
413
414
416
417
417
420
421
422
422
423
424
424
426
428
432
436
438
440
440
441
441
441
441
442
442
444
444
444
444
448
448
448
449
449
450
450
452
453
453
453
455
455
455
456
458
460
460
461
461
464
464
465
466
470
470
470
470
470
471
471
475
476
476
476
477
478
480
481
481
481
482
484
485
486
489
489
492
492
492
494
496
496
497
498
498
499
499
500
500
500
500
501
501
501
502
503
503
505
505
506
507
509
509
510
512
512
514
514
514
514
517
519
519
520
521
522
523
527
527
527
533
533
533
536
537
537
539
539
540
541
542
544
544
544
545
546
546
546
548
548
548
549
549
550
551
551
551
552
556
559
561
562
564
564
565
566
567
567
567
568
568
568
571
572
572
573
574
574
574
574
575
575
575
577
578
578
578
580
581
582
583
584
585
588
588
590
591
591
593
595
595
596
596
600
600
601
604
604
604
606
606
606
607
608
608
608
609
612
612
617
617
617
617
617
617
618
619
620
620
623
624
626
627
628
629
632
633
634
635
636
637
637
638
641
641
642
643
644
645
647
647
648
649
649
650
651
654
655
656
658
658
658
658
659
661
662
662
664
665
665
666
667
667
668
668
668
671
673
674
674
674
675
678
679
680
680
680
680
681
686
687
690
691
692
692
692
693
694
695
696
697
697
699
700
701
701
701
703
704
704
706
706
707
708
709
710
711
712
713
713
715
716
717
719
722
722
723
724
725
725
728
728
729
729
730
731
732
733
733
733
734
735
735
736
736
737
737
739
739
745
745
745
746
746
747
748
750
751
751
751
751
752
752
753
753
757
757
759
759
759
760
762
762
762
765
768
769
769
770
770
772
774
775
777
780
782
782
785
785
785
786
787
787
789
791
792
792
792
796
797
798
798
799
800
801
803
803
805
806
810
811
811
813
815
816
816
816
816
817
818
819
820
820
822
822
822
826
826
826
829
829
829
830
830
832
832
835
836
837
837
837
839
839
840
840
842
844
844
845
847
849
849
851
852
852
853
853
853
855
856
856
857
858
859
859
861
861
861
862
864
866
867
867
867
870
870
871
871
871
872
872
878
879
881
881
882
883
884
884
884
885
888
888
888
890
890
891
892
893
893
894
895
895
903
904
905
906
907
908
908
910
912
912
913
913
916
916
917
920
921
922
923
924
926
928
928
928
929
930
932
933
933
933
935
936
938
939
939
939
940
941
942
946
947
947
948
948
949
951
951
954
954
954
955
955
957
957
957
959
959
963
963
964
966
966
966
967
968
969
969
970
970
971
973
973
974
974
975
975
976
977
977
978
979
980
982
982
982
983
984
985
987
989
989
990
992
992
993
993
993
993
993
994
994
995
995
995
995
998
998
998
1003
1003
1003
1004
1006
1007
1008
1010
1010
1012
1014
1016
1016
1017
1017
1018
1019
1020
1021
1024
1024
1027
1028
1030
1030
1031
1033
1033
1033
1033
1034
1035
1036
1037
1037
1039
1040
1040
1041
1042
1043
1045
1046
1047
1050
1050
1051
1052
1052
1053
1054
1054
1056
1057
1063
1064
1064
1064
1064
1064
1065
1065
1067
1067
1067
1068
1068
1070
1070
1071
1073
1073
1074
1074
1079
1081
1081
1082
1083
1084
1085
1086
1087
1090
1090
1090
1091
1093
1094
1094
1096
1098
1099
1101
1101
1103
1103
1104
1104
1105
1105
1105
1105
1105
1107
1108
1112
1112
1113
1114
1115
1116
1116
1118
1118
1118
1119
1120
1120
1120
1121
1121
1122
1123
1126
1128
1128
1128
1128
1128
1130
1131
1132
1132
1133
1135
1141
1142
1145
1146
1146
1148
1149
1150
1150
1151
1151
1153
1156
1159
1160
1160
1161
1162
1163
1165
1165
1169
1170
1170
1171
1172
1172
1177
1177
1178
1178
1179
1180
1180
1182
1184
1185
1185
1188
1188
1189
1189
1189
1190
1192
1193
1193
1194
1195
1196
1200
1201
1202
1203
1203
1204
1205
1206
1206
1206
1208
1210
1210
1211
1213
1214
1216
1219
1220
1221
1221
1221
1222
1224
1224
1226
1228
1228
1229
1230
1231
1231
1232
1233
1233
1235
1235
1238
1238
1239
1239
1241
1242
1242
1243
1243
1243
1243
1243
1245
1245
1245
1247
1247
1248
1248
1248
1248
1250
1251
1251
1251
1252
1254
1257
1258
1259
1259
1259
1260
1260
1262
1263
1264
1264
1264
1264
1265
1265
1270
1270
1271
1272
1273
1274
1275
1276
1276
1277
1278
1279
1281
1282
1283
1283
1285
1285
1286
1287
1288
1296
1297
1297
1298
1298
1300
1302
1302
1303
1304
1304
1306
1307
1308
1309
1310
1311
1311
1312
1313
1316
1317
1318
1318
1318
1319
1320
1320
1321
1323
1323
1325
1328
1329
1329
1330
1332
1332
1333
1334
1335
1337
1340
1342
1343
1344
1345
1348
1350
1352
1352
1355
1355
1356
1358
1359
1360
1362
1363
1364
1365
1367
1368
1369
1370
1371
1371
1371
1372
1373
1374
1374
1376
1376
1378
1380
1380
1381
1381
1383
1384
1384
1385
1387
1390
1395
1399
1400
1400
1400
1402
1402
1402
1402
1403
1404
1407
1407
1408
1408
1409
1411
1411
1412
1412
1412
1413
1415
1417
1419
1419
1420
1420
1421
1423
1426
1426
1427
1428
1432
1435
1437
1438
1439
1439
1439
1440
1441
1443
1443
1443
1444
1445
1449
1449
1449
1449
1452
1452
1453
1454
1456
1456
1457
1458
1459
1459
1460
1460
1460
1461
1465
1465
1467
1467
1468
1469
1469
1469
1469
1469
1470
1470
1471
1472
1472
1473
1473
1476
1476
1477
1477
1477
1477
1478
1478
1478
1478
1479
1480
1480
1481
1481
1482
1483
1483
1485
1485
1486
1488
1490
1490
1492
1493
1493
1493
1493
1494
1495
1496
1496
1497
1497
1498
1498
1498
1499
1499
1501
1502
1503
1504
1505
1506
1508
1508
1513
1513
1514
1518
1518
1518
1519
1519
1520
1520
1520
1521
1524
1525
1526
1526
1527
1527
1527
1528
1529
1530
1530
1530
1531
1531
1531
1531
1532
1535
1535
1536
1537
1537
1538
1539
1541
1541
1542
1543
1544
1544
1544
1544
1545
1547
1547
1548
1548
1550
1552
1554
1554
1555
1556
1556
1557
1557
1558
1558
1559
1559
1561
1566
1566
1566
1568
1570
1571
1573
1573
1573
1574
1574
1574
1576
1577
1579
1581
1582
1583
1584
1586
1586
1586
1587
1587
1587
1589
1589
1589
1591
1591
1591
1592
1593
1593
1594
1594
1595
1595
1596
1596
1596
1596
1600
1602
1602
1603
1604
1606
1608
1609
1610
1610
1610
1611
1613
1613
1613
1615
1616
1622
1622
1622
1624
1625
1625
1626
1627
1628
1630
1630
1631
1632
1632
1633
1634
1634
1635
1636
1636
1637
1638
1639
1640
1641
1641
1642
1642
1643
1645
1647
1647
1648
1649
1649
1650
1651
1652
1652
1652
1653
1655
1658
1659
1659
1661
1662
1664
1664
1665
1667
1668
1669
1670
1672
1672
1672
1673
1675
1675
1676
1678
1680
1681
1683
1684
1685
1688
1690
1691
1692
1692
1692
1693
1693
1694
1695
1696
1697
1697
1699
1699
1701
1705
1709
1709
1711
1714
1715
1715
1719
1720
1724
1725
1725
1726
1727
1728
1728
1729
1729
1730
1730
1735
1737
1738
1739
1739
1739
1743
1743
1743
1744
1744
1745
1750
1750
1753
1754
1754
1755
1756
1756
1758
1759
1760
1761
1762
1762
1762
1763
1763
1763
1766
1766
1767
1768
1768
1769
1770
1772
1773
1773
1774
1775
1776
1777
1778
1779
1779
1779
1779
1782
1783
1784
1784
1786
1787
1788
1788
1789
1790
1791
1792
1793
1793
1793
1793
1794
1794
1794
1795
1796
1796
1796
1797
1797
1800
1802
1802
1803
1806
1808
1808
1809
1810
1810
1816
1820
1820
1821
1823
1823
1823
1823
1825
1826
1828
1829
1829
1829
1830
1831
1832
1832
1834
1835
1835
1835
1836
1837
1839
1842
1843
1844
1845
1847
1847
1851
1852
1853
1853
1857
1859
1860
1863
1864
1865
1865
1865
1865
1865
1870
1870
1872
1873
1874
1874
1875
1875
1875
1876
1878
1879
1882
1882
1883
1884
1885
1886
1887
1889
1890
1891
1891
1892
1894
1897
1898
1899
1900
1900
1905
1905
1907
1909
1911
1912
1913
1914
1914
1915
1915
1919
1919
1920
1920
1922
1922
1923
1924
1924
1926
1926
1926
1927
1930
1930
1930
1933
1934
1934
1934
1935
1937
1938
1938
1938
1939
1939
1939
1941
1942
1942
1943
1945
1945
1949
1950
1950
1950
1951
1954
1954
1955
1956
1956
1957
1957
1958
1960
1964
1965
1965
1966
1968
1968
1969
1969
1973
1974
1975
1975
1976
1976
1978
1979
1980
1980
1983
1983
1984
1984
1986
1987
1987
1989
1989
1989
1991
1993
1993
1994
1995
1995
1999
2000
2001
2003
2003
2004
2007
2007
2008
2009
2010
2010
2011
2012
2013
2014
2014
2014
2015
2015
2015
2015
2017
2018
2018
2020
2020
2021
2022
2023
2024
2025
2026
2027
2030
2030
2030
2032
2035
2036
2039
2041
2041
2042
2042
2042
2044
2047
2049
2050
2052
2053
2054
2054
2056
2056
2056
2056
2059
2061
2064
2064
2068
2068
2068
2069
2069
2070
2070
2071
2071
2071
2074
2075
2076
2076
2076
2077
2079
2080
2080
2081
2082
2084
2084
2084
2085
2086
2087
2092
2093
2093
2094
2094
2098
2098
2099
2101
2107
2107
2108
2111
2112
2113
2114
2115
2115
2117
2117
2118
2119
2120
2121
2121
2121
2122
2123
2124
2125
2125
2129
2132
2132
2133
2134
2134
2136
2138
2140
2141
2145
2147
2147
2147
2147
2149
2150
2150
2150
2150
2151
2151
2152
2154
2154
2155
2157
2157
2159
2160
2161
2161
2162
2163
2163
2164
2165
2166
2166
2166
2168
2171
2171
2171
2172
2172
2172
2173
2175
2176
2176
2177
2178
2179
2180
2181
2184
2184
2186
2187
2188
2188
2189
2191
2191
2192
2193
2193
2193
2195
2197
2197
2200
2201
2201
2202
2202
2203
2204
2204
2205
2206
2207
2207
2208
2208
2210
2211
2212
2214
2214
2215
2216
2217
2217
2218
2219
2219
2219
2219
2220
2221
2225
2225
2228
2230
2232
2232
2233
2234
2234
2235
2236
2236
2237
2237
2238
2239
2239
2241
2241
2241
2242
2242
2245
2246
2247
2248
2248
2249
2250
2252
2252
2253
2254
2255
2255
2257
2257
2257
2260
2260
2260
2260
2263
2265
2267
2269
2269
2270
2271
2272
2274
2275
2275
2276
2276
2276
2276
2277
2277
2279
2280
2282
2282
2284
2284
2285
2285
2287
2288
2290
2291
2292
2294
2295
2295
2301
2301
2301
2305
2305
2306
2307
2307
2307
2308
2310
2311
2312
2312
2316
2316
2317
2317
2318
2318
2318
2320
2320
2320
2320
2320
2321
2321
2322
2323
2325
2325
2326
2328
2329
2331
2332
2334
2334
2335
2335
2336
2336
2338
2338
2341
2343
2343
2347
2348
2348
2350
2350
2351
2351
2353
2354
2355
2355
2356
2357
2358
2358
2358
2360
2360
2360
2362
2362
2362
2364
2364
2366
2366
2366
2366
2367
2367
2368
2368
2369
2369
2370
2371
2372
2373
2373
2374
2374
2374
2376
2376
2376
2376
2379
2380
2381
2382
2382
2384
2384
2385
2387
2387
2388
2388
2389
2389
2390
2390
2390
2390
2391
2393
2393
2394
2395
2396
2397
2398
2398
2400
2401
2402
2403
2403
2403
2404
2404
2405
2406
2407
2409
2410
2411
2412
2412
2413
2414
2416
2416
2416
2416
2418
2419
2420
2420
2420
2422
2424
2424
2424
2425
2425
2427
2429
2429
2430
2431
2431
2433
2434
2434
2435
2435
2436
2437
2437
2438
2438
2441
2441
2444
2447
2448
2451
2452
2454
2455
2457
2458
2462
2462
2465
2468
2470
2473
2474
2475
2475
2476
2476
2477
2477
2478
2479
2479
2480
2481
2483
2484
2484
2486
2486
2486
2486
2487
2488
2490
2491
2491
2492
2493
2494
2495
2496
2498
2499
2499
2499
2499
2503
2503
2505
2505
2505
2506
2507
2507
2507
2508
2508
2509
2510
2513
2514
2514
2514
2515
2516
2516
2516
2517
2520
2521
2522
2522
2523
2524
2524
2525
2526
2526
2526
2527
2528
2529
2529
2530
2530
2531
2533
2534
2534
2535
2536
2538
2538
2539
2539
2540
2541
2542
2542
2543
2548
2552
2552
2553
2554
2556
2557
2557
2558
2558
2559
2559
2561
2561
2561
2562
2563
2564
2565
2565
2566
2567
2567
2569
2569
2572
2573
2573
2574
2574
2575
2575
2576
2577
2579
2582
2586
2588
2588
2590
2590
2591
2591
2592
2592
2592
2595
2595
2597
2597
2598
2602
2602
2603
2604
2605
2606
2609
2611
2613
2614
2616
2617
2617
2620
2621
2621
2622
2622
2622
2622
2624
2625
2627
2628
2629
2630
2631
2632
2633
2636
2637
2638
2639
2640
2640
2641
2642
2645
2645
2646
2646
2646
2646
2647
2648
2648
2648
2654
2655
2656
2656
2657
2657
2659
2659
2659
2659
2660
2660
2661
2662
2662
2662
2663
2664
2665
2665
2666
2667
2669
2669
2672
2673
2674
2675
2675
2676
2676
2677
2678
2680
2681
2683
2686
2686
2686
2687
2688
2688
2688
2688
2689
2690
2691
2692
2692
2693
2695
2695
2696
2697
2699
2699
2700
2701
2702
2703
2703
2705
2706
2710
2710
2711
2712
2712
2712
2712
2714
2717
2717
2719
2719
2720
2724
2727
2730
2731
2735
2736
2737
2737
2739
2741
2742
2742
2743
2743
2743
2745
2746
2747
2748
2748
2749
2753
2754
2755
2757
2757
2758
2759
2759
2760
2761
2762
2762
2764
2767
2767
2768
2768
2770
2773
2775
2776
2777
2778
2779
2781
2782
2782
2782
2784
2785
2785
2785
2786
2789
2790
2791
2791
2792
2794
2797
2797
2799
2799
2800
2801
2801
2803
2804
2804
2804
2804
2805
2805
2805
2806
2806
2809
2809
2810
2810
2810
2811
2813
2813
2814
2814
2814
2816
2816
2816
2816
2816
2817
2818
2819
2821
2822
2823
2823
2826
2826
2827
2828
2829
2832
2834
2834
2835
2836
2838
2840
2840
2841
2843
2846
2846
2847
2850
2851
2851
2852
2853
2854
2856
2857
2858
2859
2860
2861
2861
2862
2864
2864
2867
2869
2870
2871
2871
2872
2872
2876
2876
2878
2879
2880
2880
2883
2883
2885
2885
2886
2890
2890
2891
2892
2896
2897
2899
2900
2901
2903
2903
2905
2907
2908
2909
2910
2910
2913
2914
2914
2915
2917
2921
2922
2922
2922
2922
2922
2924
2928
2931
2931
2932
2933
2934
2935
2935
2935
2936
2936
2940
2940
2941
2943
2943
2944
2946
2946
2949
2951
2955
2955
2956
2957
2958
2959
2960
2960
2960
2962
2963
2963
2965
2965
2965
2968
2969
2972
2974
2974
2980
2980
2980
2981
2982
2984
2984
2984
2985
2986
2987
2987
2987
2988
2989
2989
2992
2994
2995
2995
2997
3000
3001
3002
3003
3005
3007
3008
3008
3012
3012
3013
3013
3014
3015
3016
3016
3017
3018
3019
3019
3020
3021
3023
3026
3027
3028
3028
3029
3029
3030
3031
3033
3034
3034
3035
3035
3036
3038
3038
3038
3040
3041
3041
3042
3042
3042
3043
3043
3045
3045
3046
3046
3047
3048
3056
3057
3057
3059
3061
3063
3063
3063
3064
3064
3065
3069
3069
3070
3071
3071
3075
3075
3077
3078
3078
3079
3079
3079
3080
3080
3080
3082
3082
3083
3083
3083
3084
3085
3085
3085
3086
3086
3086
3090
3091
3092
3093
3095
3096
3096
3098
3098
3100
3101
3103
3104
3105
3105
3106
3108
3108
3108
3111
3112
3113
3114
3114
3115
3116
3117
3119
3121
3123
3125
3125
3125
3125
3126
3128
3128
3130
3131
3132
3134
3134
3136
3137
3138
3140
3140
3141
3141
3142
3146
3146
3146
3148
3150
3151
3152
3152
3153
3155
3155
3155
3156
3156
3156
3157
3158
3158
3159
3160
3161
3161
3163
3163
3163
3164
3165
3168
3168
3170
3171
3172
3173
3173
3174
3175
3176
3177
3179
3179
3179
3179
3180
3180
3181
3181
3183
3183
3183
3183
3183
3184
3189
3191
3194
3194
3196
3196
3197
3198
3198
3199
3199
3200
3201
3203
3204
3204
3205
3205
3206
3207
3209
3213
3215
3216
3217
3217
3218
3218
3223
3223
3224
3226
3228
3229
3230
3230
3231
3231
3232
3232
3233
3233
3234
3237
3238
3238
3240
3242
3243
3243
3244
3244
3244
3247
3249
3250
3252
3253
3253
3255
3255
3257
3258
3260
3260
3262
3263
3264
3264
3265
3266
3271
3271
3272
3272
3272
3274
3274
3274
3275
3276
3277
3277
3278
3280
3281
3284
3285
3286
3289
3289
3291
3293
3293
3293
3293
3295
3295
3298
3298
3299
3299
3301
3302
3302
3305
3307
3308
3308
3308
3308
3310
3312
3312
3312
3312
3313
3313
3314
3315
3316
3317
3319
3319
3320
3320
3321
3321
3323
3324
3325
3326
3326
3327
3327
3329
3330
3331
3332
3332
3332
3333
3334
3335
3335
3335
3337
3339
3345
3345
3346
3347
3348
3348
3349
3349
3350
3351
3352
3353
3353
3353
3356
3357
3357
3358
3358
3359
3360
3360
3360
3361
3361
3363
3363
3364
3364
3364
3365
3365
3365
3367
3368
3368
3368
3369
3370
3371
3371
3373
3374
3374
3375
3376
3376
3377
3378
3378
3379
3379
3381
3381
3382
3383
3384
3385
3386
3387
3387
3388
3388
3390
3392
3395
3395
3396
3396
3396
3398
3401
3402
3402
3403
3403
3403
3405
3407
3408
3410
3414
3414
3415
3416
3417
3420
3421
3422
3422
3424
3429
3429
3430
3433
3434
3434
3434
3435
3436
3436
3437
3437
3438
3443
3446
3451
3451
3452
3453
3453
3457
3459
3459
3460
3461
3462
3463
3464
3464
3465
3466
3466
3468
3469
3469
3471
3471
3471
3471
3472
3472
3474
3476
3477
3480
3481
3481
3481
3482
3483
3483
3483
3483
3485
3487
3488
3489
3490
3491
3492
3493
3494
3494
3495
3495
3495
3496
3497
3499
3501
3503
3504
3504
3507
3507
3508
3508
3510
3513
3517
3518
3518
3518
3519
3522
3523
3523
3524
3524
3525
3525
3525
3526
3526
3527
3528
3529
3529
3530
3531
3531
3533
3533
3534
3534
3534
3535
3538
3541
3541
3542
3543
3544
3545
3546
3548
3548
3549
3549
3550
3551
3551
3551
3552
3553
3554
3554
3554
3556
3556
3556
3556
3557
3558
3560
3561
3562
3563
3563
3564
3564
3568
3568
3568
3569
3570
3571
3571
3572
3572
3572
3573
3574
3576
3577
3577
3578
3578
3579
3582
3583
3583
3583
3584
3585
3589
3592
3593
3595
3595
3596
3596
3596
3596
3596
3598
3599
3600
3600
3600
3603
3604
3606
3607
3607
3609
3611
3614
3614
3617
3617
3619
3621
3621
3622
3624
3626
3626
3628
3628
3629
3629
3631
3632
3633
3636
3636
3638
3638
3640
3640
3643
3644
3645
3645
3648
3648
3650
3651
3656
3656
3657
3658
3659
3660
3662
3662
3662
3662
3666
3673
3673
3675
3675
3675
3677
3678
3678
3680
3680
3682
3683
3685
3686
3688
3689
3691
3691
3692
3695
3695
3696
3697
3698
3698
3698
3700
3701
3703
3704
3708
3708
3708
3708
3709
3711
3715
3715
3716
3717
3718
3718
3718
3719
3720
3721
3723
3723
3724
3724
3724
3728
3730
3730
3731
3731
3731
3736
3736
3737
3740
3741
3742
3743
3743
3745
3746
3746
3746
3747
3748
3749
3749
3751
3752
3752
3753
3756
3757
3760
3762
3762
3764
3765
3765
3767
3767
3770
3770
3772
3772
3774
3776
3778
3780
3780
3782
3783
3784
3787
3787
3788
3788
3788
3791
3791
3792
3794
3795
3796
3797
3797
3798
3798
3799
3800
3800
3800
3801
3802
3802
3802
3803
3807
3807
3807
3808
3810
3812
3813
3814
3815
3815
3816
3819
3821
3821
3821
3825
3826
3827
3829
3830
3830
3835
3837
3838
3838
3842
3843
3843
3844
3848
3849
3850
3853
3855
3855
3855
3856
3861
3862
3863
3863
3864
3864
3865
3865
3869
3872
3872
3873
3879
3880
3881
3882
3882
3882
3883
3884
3884
3885
3886
3888
3891
3893
3893
3894
3894
3896
3897
3898
3899
3900
3900
3900
3901
3902
3903
3904
3906
3908
3909
3909
3910
3912
3913
3916
3917
3917
3918
3918
3918
3919
3919
3920
3921
3921
3921
3921
3925
3927
3929
3931
3933
3933
3935
3936
3936
3937
3938
3939
3945
3947
3947
3948
3949
3951
3951
3953
3953
3955
3955
3957
3958
3959
3961
3961
3962
3964
3965
3965
3965
3966
3967
3968
3971
3974
3975
3976
3976
3976
3977
3979
3979
3980
3981
3981
3981
3983
3984
3985
3986
3988
3988
3992
3992
3994
3994
3995
3995
3996
3996
3996
3997
3998
3998
4000
4000
4002
4004
4006
4006
4007
4008
4009
4011
4011
4014
4016
4016
4017
4017
4018
4020
4021
4021
4025
4025
4026
4026
4026
4026
4027
4027
4028
4028
4028
4028
4028
4028
4030
4030
4030
4030
4032
4037
4038
4039
4040
4041
4042
4042
4044
4045
4048
4049
4050
4050
4051
4051
4052
4053
4054
4058
4059
4060
4061
4064
4064
4065
4066
4066
4067
4067
4067
4068
4068
4070
4070
4070
4070
4073
4075
4076
4079
4081
4082
4082
4083
4083
4083
4087
4090
4090
4090
4091
4091
4094
4095
4096
4098
4099
4103
4104
4106
4107
4107
4108
4109
4110
4110
4110
4110
4110
4111
4112
4112
4113
4114
4115
4115
4115
4116
4117
4120
4120
4120
4121
4121
4122
4122
4125
4125
4126
4128
4128
4130
4131
4132
4133
4133
4135
4135
4136
4136
4137
4138
4138
4139
4139
4141
4142
4142
4143
4143
4144
4145
4145
4146
4146
4148
4148
4149
4149
4149
4150
4151
4151
4152
4153
4154
4154
4154
4155
4156
4159
4159
4159
4161
4161
4161
4162
4162
4163
4164
4164
4166
4168
4168
4168
4168
4170
4170
4171
4172
4172
4175
4176
4177
4178
4179
4182
4183
4184
4184
4185
4186
4186
4188
4189
4190
4192
4193
4195
4196
4198
4199
4200
4200
4200
4201
4202
4202
4202
4202
4202
4203
4206
4207
4208
4208
4209
4209
4211
4212
4213
4217
4218
4218
4218
4219
4220
4221
4221
4222
4222
4223
4223
4224
4225
4226
4226
4228
4229
4230
4231
4232
4233
4233
4234
4235
4235
4236
4239
4239
4239
4241
4241
4242
4242
4243
4244
4244
4247
4248
4249
4249
4251
4253
4254
4256
4256
4257
4258
4259
4263
4264
4268
4268
4270
4272
4273
4273
4273
4274
4275
4277
4277
4278
4280
4282
4282
4282
4282
4285
4286
4286
4286
4287
4287
4288
4289
4289
4291
4291
4292
4292
4292
4294
4296
4296
4297
4297
4301
4302
4302
4303
4305
4306
4307
4309
4309
4310
4311
4311
4311
4312
4314
4314
4314
4317
4318
4319
4319
4320
4323
4324
4325
4325
4326
4326
4327
4328
4329
4329
4330
4332
4332
4332
4333
4333
4334
4335
4340
4341
4342
4345
4346
4347
4349
4350
4350
4352
4353
4354
4355
4355
4356
4356
4356
4357
4357
4359
4360
4360
4361
4361
4361
4362
4363
4363
4364
4364
4365
4366
4367
4367
4369
4371
4372
4374
4374
4375
4375
4378
4378
4380
4380
4381
4381
4385
4385
4386
4388
4388
4390
4390
4391
4392
4393
4393
4395
4395
4395
4397
4397
4398
4400
4401
4401
4402
4404
4407
4407
4408
4409
4409
4410
4411
4415
4415
4416
4417
4417
4418
4422
4422
4423
4423
4423
4425
4426
4427
4433
4434
4434
4434
4434
4435
4437
4439
4440
4446
4448
4448
4448
4450
4450
4455
4455
4458
4460
4461
4461
4462
4462
4463
4464
4464
4466
4467
4468
4469
4471
4472
4474
4475
4476
4476
4477
4477
4478
4480
4484
4484
4484
4484
4486
4486
4486
4487
4487
4488
4488
4489
4489
4491
4491
4492
4493
4494
4495
4495
4495
4496
4497
4498
4500
4502
4502
4503
4504
4507
4508
4508
4509
4509
4509
4509
4512
4512
4512
4513
4513
4514
4516
4517
4518
4520
4521
4521
4523
4525
4527
4528
4529
4530
4537
4538
4539
4539
4539
4542
4545
4546
4547
4547
4550
4550
4551
4552
4552
4553
4553
4554
4555
4557
4560
4561
4562
4562
4562
4562
4567
4568
4568
4568
4571
4573
4573
4574
4574
4574
4574
4576
4576
4580
4582
4582
4583
4583
4584
4584
4585
4587
4589
4590
4591
4592
4592
4592
4593
4593
4593
4593
4594
4594
4595
4595
4595
4597
4597
4598
4599
4599
4599
4600
4600
4601
4604
4606
4607
4609
4609
4610
4611
4613
4615
4618
4618
4620
4623
4625
4625
4626
4628
4628
4629
4632
4633
4633
4634
4635
4635
4637
4637
4640
4641
4642
4644
4645
4647
4647
4648
4649
4649
4650
4651
4651
4651
4653
4654
4655
4655
4657
4657
4657
4658
4659
4659
4660
4662
4662
4668
4670
4670
4672
4674
4674
4674
4674
4675
4675
4679
4681
4683
4686
4688
4689
4689
4690
4691
4692
4695
4695
4696
4696
4697
4699
4700
4700
4701
4703
4704
4705
4707
4707
4707
4707
4707
4708
4709
4714
4714
4714
4715
4716
4716
4719
4720
4722
4722
4723
4725
4728
4729
4730
4730
4731
4731
4733
4734
4734
4735
4737
4738
4738
4740
4741
4743
4743
4744
4744
4745
4745
4746
4746
4746
4747
4747
4748
4749
4749
4750
4751
4751
4751
4752
4753
4753
4754
4754
4756
4756
4759
4760
4760
4760
4761
4762
4762
4763
4764
4765
4765
4765
4765
4766
4766
4769
4769
4771
4772
4773
4774
4777
4777
4778
4778
4778
4780
4782
4782
4783
4783
4787
4789
4789
4789
4790
4791
4791
4792
4792
4794
4794
4794
4798
4799
4801
4806
4807
4809
4810
4812
4817
4817
4819
4819
4819
4821
4821
4822
4823
4824
4824
4824
4825
4825
4828
4828
4829
4829
4830
4830
4832
4832
4834
4835
4836
4836
4836
4838
4838
4838
4838
4840
4841
4841
4841
4842
4843
4845
4846
4847
4847
4848
4849
4849
4850
4850
4851
4852
4854
4855
4855
4856
4859
4860
4861
4862
4863
4865
4866
4867
4868
4869
4870
4872
4872
4877
4877
4877
4879
4881
4881
4883
4883
4884
4884
4886
4887
4887
4889
4889
4890
4891
4892
4893
4893
4894
4895
4895
4896
4896
4897
4897
4897
4899
4899
4900
4900
4902
4902
4903
4904
4904
4906
4906
4908
4910
4913
4915
4915
4916
4916
4917
4920
4921
4921
4921
4921
4923
4925
4926
4929
4929
4931
4931
4933
4933
4937
4939
4940
4940
4941
4941
4941
4943
4945
4946
4946
4948
4948
4948
4951
4952
4952
4958
4959
4959
4961
4961
4962
4962
4965
4968
4968
4969
4973
4974
4975
4976
4976
4977
4978
4978
4979
4979
4979
4981
4983
4983
4984
4985
4986
4986
4986
4987
4988
4989
4989
4989
4989
4990
4991
4992
4992
4993
4993
4993
4994
4995
4995
4997
4997
4998
4998
5000
5001
5002
5002
5004
5005
5005
5005
5005
5006
5006
5006
5006
5008
5009
5010
5011
5013
5014
5015
5016
5018
5019
5019
5019
5020
5020
5021
5021
5023
5023
5024
5025
5026
5027
5027
5030
5030
5031
5033
5034
5034
5035
5036
5039
5040
5040
5042
5042
5043
5043
5044
5045
5046
5047
5048
5048
5048
5049
5049
5051
5053
5053
5054
5055
5056
5056
5056
5056
5057
5057
5058
5060
5060
5061
5061
5063
5064
5065
5067
5068
5070
5070
5070
5070
5071
5071
5072
5076
5076
5077
5077
5078
5081
5085
5085
5085
5087
5089
5089
5090
5091
5094
5095
5095
5095
5097
5098
5100
5103
5105
5105
5105
5106
5106
5106
5107
5108
5108
5108
5110
5111
5112
5114
5115
5115
5115
5115
5116
5116
5119
5121
5122
5124
5124
5125
5125
5128
5128
5131
5131
5132
5133
5133
5136
5141
5141
5143
5146
5148
5149
5151
5153
5153
5154
5154
5156
5157
5160
5161
5162
5162
5163
5164
5165
5166
5167
5169
5170
5170
5171
5172
5175
5175
5176
5177
5177
5178
5179
5180
5181
5183
5183
5184
5185
5187
5188
5188
5189
5190
5190
5191
5191
5192
5193
5193
5194
5194
5194
5198
5198
5199
5201
5203
5204
5206
5208
5209
5209
5211
5212
5212
5212
5213
5213
5215
5216
5217
5217
5218
5218
5219
5220
5221
5226
5227
5228
5228
5230
5230
5231
5231
5231
5231
5232
5233
5233
5233
5234
5236
5237
5238
5240
5240
5241
5242
5243
5243
5243
5244
5244
5246
5246
5246
5246
5247
5248
5248
5249
5252
5253
5254
5255
5255
5257
5259
5259
5259
5261
5261
5264
5265
5266
5266
5269
5269
5272
5275
5276
5276
5277
5278
5282
5283
5283
5284
5284
5284
5286
5286
5287
5288
5288
5289
5289
5290
5292
5293
5293
5294
5295
5296
5296
5297
5298
5298
5299
5300
5301
5301
5301
5302
5305
5306
5308
5308
5309
5310
5310
5311
5311
5314
5315
5315
5316
5316
5316
5318
5318
5318
5318
5319
5320
5322
5323
5324
5324
5325
5325
5328
5329
5329
5331
5334
5334
5336
5337
5338
5340
5341
5341
5341
5343
5343
5344
5345
5348
5349
5351
5352
5352
5357
5357
5357
5358
5358
5359
5360
5364
5364
5364
5365
5368
5368
5368
5368
5368
5370
5371
5371
5371
5373
5373
5376
5377
5377
5378
5378
5379
5380
5381
5382
5383
5384
5385
5387
5388
5389
5393
5393
5393
5394
5395
5400
5401
5401
5401
5401
5401
5404
5405
5405
5407
5407
5408
5409
5413
5413
5413
5413
5414
5415
5415
5416
5417
5418
5419
5419
5420
5421
5423
5424
5424
5425
5426
5430
5431
5433
5434
5434
5437
5438
5438
5439
5441
5441
5441
5443
5443
5443
5443
5444
5444
5445
5447
5448
5448
5449
5449
5450
5450
5451
5451
5451
5452
5452
5453
5454
5455
5456
5457
5458
5458
5458
5459
5459
5461
5463
5466
5466
5466
5467
5467
5468
5469
5469
5469
5469
5471
5472
5472
5474
5475
5475
5476
5477
5478
5478
5478
5479
5480
5480
5482
5482
5483
5485
5488
5490
5491
5493
5495
5496
5496
5497
5497
5499
5500
5500
5501
5501
5502
5503
5505
5506
5506
5507
5507
5508
5510
5510
5510
5510
5512
5512
5514
5514
5514
5515
5518
5522
5523
5525
5525
5527
5528
5528
5528
5529
5530
5531
5532
5532
5533
5533
5533
5533
5534
5534
5535
5538
5540
5540
5540
5541
5542
5542
5542
5543
5543
5544
5548
5549
5550
5550
5551
5557
5557
5557
5559
5561
5563
5563
5563
5563
5564
5566
5566
5567
5568
5570
5573
5574
5574
5576
5577
5578
5578
5579
5580
5583
5585
5585
5586
5586
5587
5587
5590
5590
5591
5591
5592
5593
5594
5595
5596
5596
5599
5599
5599
5600
5601
5601
5601
5602
5602
5603
5603
5603
5605
5606
5606
5607
5607
5607
5609
5610
5612
5614
5616
5617
5618
5619
5619
5619
5620
5623
5623
5626
5627
5627
5628
5630
5631
5631
5631
5633
5633
5634
5636
5637
5643
5646
5647
5648
5650
5650
5651
5652
5652
5653
5654
5655
5656
5656
5657
5657
5658
5660
5660
5660
5661
5662
5663
5663
5663
5665
5665
5665
5669
5677
5677
5678
5678
5679
5680
5682
5683
5683
5683
5683
5687
5689
5697
5698
5699
5701
5702
5704
5706
5708
5709
5714
5715
5716
5716
5716
5716
5717
5721
5722
5722
5723
5724
5724
5730
5730
5732
5734
5734
5735
5735
5738
5738
5739
5741
5743
5743
5743
5744
5744
5745
5745
5747
5747
5748
5750
5751
5751
5752
5754
5755
5755
5756
5757
5761
5761
5762
5763
5764
5764
5764
5766
5766
5766
5766
5766
5766
5769
5769
5771
5775
5775
5776
5776
5780
5780
5781
5781
5782
5783
5783
5783
5783
5784
5784
5785
5785
5787
5788
5789
5790
5790
5790
5791
5796
5798
5798
5800
5801
5802
5803
5803
5805
5807
5810
5810
5811
5812
5813
5814
5817
5818
5818
5819
5822
5824
5824
5825
5826
5826
5826
5826
5828
5829
5831
5831
5832
5832
5832
5832
5833
5836
5838
5838
5838
5839
5840
5840
5841
5842
5843
5843
5844
5846
5847
5849
5849
5850
5850
5850
5851
5855
5856
5857
5857
5857
5857
5859
5859
5859
5859
5859
5860
5861
5863
5867
5867
5868
5870
5870
5872
5873
5873
5873
5876
5878
5881
5884
5885
5886
5887
5887
5887
5888
5889
5890
5890
5891
5892
5892
5893
5897
5899
5900
5900
5903
5904
5905
5905
5906
5908
5908
5909
5909
5910
5910
5910
5914
5914
5917
5917
5918
5918
5918
5920
5922
5924
5924
5926
5927
5927
5927
5928
5929
5929
5929
5929
5931
5932
5935
5938
5938
5939
5939
5939
5941
5941
5942
5943
5945
5946
5946
5947
5949
5949
5950
5952
5952
5953
5953
5954
5955
5956
5956
5957
5958
5959
5960
5960
5961
5961
5961
5961
5964
5969
5970
5970
5972
5972
5973
5974
5974
5974
5974
5975
5977
5977
5978
5979
5981
5983
5984
5985
5986
5988
5990
5990
5991
5992
5992
5992
5992
5992
5994
5994
5994
5994
5997
5997
5997
5999
6001
6001
6002
6004
6005
6005
6006
6007
6010
6011
6012
6013
6015
6015
6016
6017
6019
6020
6021
6022
6022
6023
6024
6024
6024
6024
6025
6026
6027
6027
6029
6029
6029
6031
6032
6034
6035
6035
6036
6038
6039
6039
6042
6043
6043
6043
6043
6044
6045
6046
6048
6049
6052
6052
6052
6053
6055
6056
6057
6058
6062
6064
6064
6064
6065
6067
6067
6067
6069
6069
6070
6071
6071
6074
6074
6075
6075
6075
6078
6078
6080
6081
6082
6082
6083
6084
6084
6085
6085
6085
6087
6089
6090
6092
6093
6094
6095
6097
6098
6098
6099
6102
6102
6102
6103
6106
6111
6111
6111
6112
6112
6113
6114
6114
6115
6116
6117
6117
6118
6118
6118
6119
6120
6121
6121
6123
6126
6127
6128
6129
6131
6133
6134
6135
6136
6141
6142
6143
6144
6146
6148
6149
6149
6151
6153
6153
6154
6156
6157
6159
6159
6160
6161
6163
6168
6169
6169
6170
6170
6171
6172
6174
6174
6175
6175
6176
6177
6178
6178
6180
6180
6182
6183
6183
6183
6183
6185
6185
6185
6188
6188
6188
6190
6190
6191
6191
6191
6191
6195
6196
6196
6197
6197
6199
6199
6201
6201
6202
6207
6207
6211
6212
6215
6215
6215
6216
6217
6217
6217
6218
6219
6221
6222
6225
6226
6227
6230
6232
6232
6232
6239
6240
6240
6242
6244
6245
6246
6247
6247
6252
6253
6253
6256
6259
6259
6260
6262
6262
6262
6263
6263
6265
6266
6274
6275
6275
6277
6277
6279
6281
6282
6284
6286
6287
6287
6288
6288
6288
6289
6290
6291
6293
6293
6293
6295
6295
6296
6297
6297
6297
6298
6302
6304
6305
6307
6307
6311
6312
6312
6315
6316
6316
6318
6319
6321
6321
6321
6322
6324
6325
6326
6326
6326
6327
6327
6327
6327
6329
6329
6329
6330
6330
6331
6332
6335
6337
6338
6339
6339
6340
6341
6341
6342
6342
6343
6343
6343
6346
6348
6348
6351
6352
6355
6356
6356
6358
6358
6359
6362
6363
6363
6364
6364
6364
6366
6366
6367
6368
6368
6369
6369
6370
6370
6374
6374
6376
6376
6376
6377
6380
6380
6383
6384
6384
6386
6386
6388
6389
6390
6391
6393
6393
6394
6395
6395
6395
6396
6397
6400
6401
6401
6401
6403
6403
6404
6404
6404
6405
6405
6406
6406
6408
6409
6409
6411
6411
6414
6415
6415
6416
6417
6418
6419
6419
6420
6421
6422
6422
6422
6423
6423
6425
6426
6427
6427
6429
6430
6431
6431
6432
6432
6434
6437
6438
6439
6440
6443
6443
6443
6443
6445
6446
6447
6447
6449
6452
6454
6457
6457
6458
6459
6459
6459
6460
6461
6461
6464
6465
6465
6466
6466
6468
6468
6469
6471
6478
6479
6480
6480
6482
6482
6483
6484
6484
6484
6484
6484
6485
6486
6487
6487
6488
6489
6489
6491
6491
6492
6492
6493
6493
6493
6493
6496
6496
6497
6498
6498
6499
6501
6502
6502
6503
6504
6505
6505
6507
6508
6509
6510
6510
6515
6515
6517
6518
6520
6521
6521
6522
6523
6523
6524
6525
6527
6527
6530
6532
6532
6533
6536
6538
6539
6540
6540
6541
6541
6542
6549
6550
6550
6550
6550
6550
6551
6555
6556
6556
6557
6558
6559
6561
6561
6562
6563
6564
6566
6566
6566
6570
6570
6571
6571
6571
6572
6572
6572
6573
6574
6575
6576
6577
6577
6579
6580
6583
6584
6584
6585
6585
6585
6589
6589
6589
6590
6591
6591
6592
6593
6595
6596
6596
6598
6600
6600
6601
6602
6602
6603
6605
6606
6607
6609
6609
6610
6612
6614
6618
6619
6620
6620
6620
6620
6621
6622
6625
6626
6626
6627
6627
6627
6629
6629
6633
6635
6637
6637
6637
6643
6644
6646
6648
6651
6652
6653
6654
6655
6655
6660
6661
6661
6663
6665
6665
6666
6666
6667
6670
6670
6671
6673
6673
6675
6676
6676
6678
6679
6680
6681
6682
6682
6683
6683
6685
6685
6685
6686
6687
6687
6688
6692
6693
6694
6695
6695
6696
6698
6701
6701
6702
6704
6706
6707
6708
6708
6709
6709
6710
6713
6715
6715
6715
6715
6716
6717
6719
6721
6722
6724
6725
6725
6728
6729
6729
6730
6730
6731
6731
6731
6731
6732
6733
6733
6733
6734
6736
6736
6737
6738
6739
6740
6741
6742
6743
6743
6744
6745
6745
6747
6748
6748
6748
6748
6748
6750
6752
6752
6754
6755
6755
6758
6764
6765
6765
6766
6766
6766
6768
6768
6770
6770
6771
6771
6773
6774
6775
6776
6776
6776
6777
6777
6777
6780
6781
6781
6784
6785
6785
6786
6788
6792
6792
6792
6794
6795
6797
6799
6800
6800
6801
6801
6801
6803
6803
6804
6804
6805
6806
6806
6807
6807
6807
6809
6811
6812
6812
6813
6815
6815
6816
6817
6822
6824
6825
6826
6826
6826
6826
6827
6828
6829
6830
6831
6832
6837
6837
6838
6839
6841
6842
6845
6845
6846
6846
6848
6848
6849
6849
6851
6851
6852
6852
6852
6854
6854
6855
6858
6860
6861
6861
6863
6864
6866
6867
6869
6870
6871
6871
6873
6873
6873
6874
6875
6876
6879
6881
6881
6883
6892
6895
6896
6897
6899
6900
6901
6901
6902
6903
6903
6904
6904
6904
6906
6906
6906
6906
6907
6908
6909
6913
6913
6914
6916
6917
6917
6918
6918
6919
6919
6921
6922
6922
6923
6925
6928
6929
6932
6933
6933
6933
6934
6935
6936
6937
6937
6939
6939
6940
6941
6944
6946
6947
6947
6947
6948
6949
6951
6952
6954
6958
6960
6960
6960
6961
6961
6962
6962
6962
6963
6963
6965
6965
6966
6966
6967
6969
6970
6972
6973
6974
6974
6974
6974
6975
6975
6975
6977
6978
6979
6980
6980
6980
6981
6982
6982
6982
6984
6984
6984
6985
6985
6988
6990
6991
6991
6992
6992
6992
6992
6993
6993
6994
6995
6996
6996
6997
6997
6998
7000
7000
7001
7002
7005
7007
7008
7010
7010
7011
7011
7012
7015
7015
7015
7017
7018
7020
7020
7023
7026
7028
7029
7029
7030
7031
7031
7031
7031
7032
7032
7034
7035
7035
7035
7036
7037
7039
7039
7041
7042
7043
7045
7045
7045
7048
7049
7050
7050
7051
7052
7053
7054
7054
7055
7058
7059
7059
7061
7062
7062
7065
7065
7067
7068
7068
7069
7069
7069
7070
7074
7074
7076
7076
7079
7079
7080
7080
7082
7082
7082
7083
7083
7084
7088
7088
7089
7089
7090
7090
7092
7093
7094
7096
7096
7097
7098
7098
7100
7100
7101
7101
7103
7103
7106
7106
7107
7108
7108
7108
7109
7109
7110
7110
7110
7112
7112
7113
7113
7116
7119
7119
7120
7120
7121
7122
7125
7125
7128
7128
7129
7130
7130
7130
7130
7130
7130
7131
7131
7131
7131
7132
7134
7135
7135
7136
7138
7139
7139
7139
7140
7140
7141
7142
7142
7144
7144
7144
7144
7146
7147
7148
7148
7149
7154
7157
7157
7158
7158
7161
7162
7163
7163
7163
7166
7168
7171
7175
7175
7176
7176
7177
7177
7178
7179
7184
7185
7185
7185
7188
7189
7190
7190
7192
7194
7194
7195
7195
7196
7201
7204
7204
7205
7205
7208
7208
7208
7208
7209
7211
7211
7212
7212
7213
7215
7215
7216
7218
7218
7220
7221
7221
7222
7222
7224
7226
7227
7227
7228
7229
7230
7230
7231
7232
7232
7233
7233
7234
7234
7237
7239
7240
7241
7246
7246
7246
7246
7246
7247
7249
7250
7251
7252
7254
7254
7256
7256
7257
7257
7257
7260
7260
7261
7261
7261
7262
7263
7264
7264
7266
7267
7269
7270
7272
7273
7275
7276
7277
7278
7278
7279
7280
7280
7281
7281
7283
7284
7285
7285
7288
7288
7288
7290
7292
7292
7292
7293
7295
7295
7297
7298
7299
7300
7300
7300
7301
7302
7303
7303
7306
7306
7307
7308
7308
7308
7309
7309
7309
7310
7310
7311
7311
7312
7313
7313
7315
7316
7316
7317
7318
7319
7319
7320
7321
7321
7321
7323
7325
7326
7326
7327
7327
7328
7330
7330
7331
7333
7333
7334
7334
7336
7336
7337
7338
7338
7339
7339
7340
7340
7341
7342
7343
7345
7345
7346
7346
7346
7352
7354
7354
7356
7357
7358
7358
7359
7359
7359
7359
7360
7360
7360
7361
7361
7363
7364
7366
7368
7369
7370
7371
7372
7376
7377
7377
7377
7378
7380
7381
7383
7385
7388
7388
7389
7390
7391
7394
7396
7397
7397
7398
7398
7401
7402
7403
7405
7405
7406
7407
7408
7410
7410
7410
7411
7412
7413
7414
7415
7417
7417
7418
7420
7420
7421
7423
7425
7427
7430
7431
7431
7432
7434
7434
7434
7435
7436
7438
7438
7440
7441
7442
7444
7447
7450
7450
7451
7452
7452
7453
7453
7453
7454
7457
7457
7457
7458
7458
7459
7459
7460
7461
7462
7462
7463
7464
7464
7465
7465
7465
7465
7466
7467
7468
7468
7469
7469
7470
7470
7470
7471
7472
7475
7478
7480
7480
7481
7481
7482
7482
7484
7484
7486
7488
7488
7489
7489
7490
7490
7490
7492
7494
7495
7498
7499
7501
7502
7506
7508
7510
7510
7511
7511
7513
7513
7513
7515
7516
7516
7517
7519
7522
7524
7524
7524
7526
7526
7527
7527
7528
7531
7532
7534
7535
7536
7538
7539
7540
7541
7544
7546
7546
7547
7548
7549
7550
7555
7555
7556
7559
7565
7565
7566
7569
7571
7571
7571
7573
7573
7575
7575
7576
7576
7576
7577
7577
7578
7579
7579
7579
7580
7580
7581
7582
7582
7584
7584
7585
7587
7587
7588
7590
7590
7591
7592
7592
7594
7594
7595
7595
7595
7596
7596
7597
7599
7600
7602
7603
7603
7604
7604
7605
7606
7606
7607
7607
7608
7609
7610
7611
7613
7613
7613
7614
7615
7615
7616
7616
7617
7618
7618
7619
7619
7623
7624
7624
7625
7625
7625
7625
7625
7626
7627
7629
7629
7633
7633
7635
7635
7636
7636
7636
7636
7637
7638
7638
7639
7640
7640
7642
7642
7643
7643
7645
7645
7646
7646
7646
7648
7653
7654
7654
7656
7657
7659
7664
7664
7665
7666
7668
7670
7670
7670
7671
7671
7673
7677
7677
7677
7677
7678
7679
7679
7680
7682
7683
7683
7684
7684
7684
7685
7685
7689
7691
7691
7691
7691
7693
7694
7695
7695
7696
7696
7697
7697
7698
7698
7700
7700
7701
7701
7701
7702
7702
7702
7702
7703
7703
7703
7703
7705
7705
7709
7711
7712
7714
7715
7716
7717
7718
7720
7723
7725
7726
7728
7728
7729
7729
7730
7730
7732
7733
7733
7734
7734
7735
7736
7738
7739
7742
7742
7744
7744
7744
7745
7745
7746
7747
7747
7751
7753
7756
7756
7761
7761
7762
7762
7764
7764
7764
7765
7768
7769
7770
7770
7770
7773
7774
7774
7775
7776
7779
7781
7783
7784
7784
7786
7786
7787
7793
7795
7796
7797
7797
7798
7799
7799
7799
7800
7801
7802
7802
7803
7804
7806
7809
7811
7812
7813
7814
7815
7815
7815
7816
7816
7817
7818
7818
7819
7820
7820
7823
7823
7823
7824
7825
7826
7827
7829
7831
7831
7832
7833
7834
7836
7838
7839
7839
7842
7843
7843
7844
7844
7845
7847
7849
7853
7854
7855
7855
7855
7857
7857
7857
7859
7862
7862
7862
7862
7864
7864
7866
7866
7870
7870
7871
7872
7872
7872
7872
7872
7874
7875
7875
7881
7882
7882
7883
7883
7885
7887
7890
7890
7891
7891
7893
7894
7897
7898
7898
7899
7900
7900
7902
7902
7902
7902
7905
7905
7907
7907
7909
7910
7911
7911
7912
7913
7913
7918
7919
7920
7920
7921
7923
7926
7929
7931
7932
7935
7935
7936
7936
7936
7937
7938
7939
7939
7939
7941
7942
7944
7944
7944
7945
7946
7947
7947
7948
7948
7948
7948
7948
7950
7951
7954
7954
7954
7955
7957
7957
7957
7957
7958
7958
7958
7959
7960
7961
7961
7961
7961
7963
7963
7964
7964
7966
7969
7969
7969
7971
7973
7976
7977
7980
7982
7983
7983
7983
7983
7984
7985
7986
7987
7987
7992
7993
7993
7994
7994
7994
7999
8001
8002
8005
8005
8006
8006
8007
8007
8009
8010
8011
8011
8011
8012
8012
8013
8015
8016
8017
8018
8018
8020
8020
8022
8023
8023
8023
8023
8026
8026
8027
8027
8027
8027
8029
8029
8031
8031
8032
8032
8032
8035
8036
8036
8037
8039
8040
8040
8040
8043
8043
8044
8044
8045
8045
8046
8048
8048
8049
8050
8051
8052
8052
8052
8055
8055
8056
8056
8056
8056
8058
8059
8060
8061
8061
8063
8063
8065
8066
8067
8068
8069
8070
8071
8071
8071
8081
8082
8082
8083
8083
8085
8086
8087
8087
8090
8091
8093
8094
8096
8097
8097
8097
8101
8101
8105
8108
8108
8111
8112
8112
8112
8113
8113
8113
8114
8115
8115
8116
8117
8118
8120
8120
8121
8122
8122
8122
8124
8124
8125
8126
8126
8126
8127
8128
8128
8129
8130
8131
8131
8133
8133
8133
8137
8137
8137
8138
8138
8138
8141
8141
8142
8143
8144
8145
8148
8148
8149
8152
8152
8153
8156
8156
8157
8157
8158
8158
8158
8158
8159
8159
8162
8162
8163
8164
8164
8165
8165
8167
8171
8172
8173
8173
8173
8173
8174
8174
8175
8176
8178
8180
8181
8181
8182
8183
8183
8185
8185
8185
8185
8185
8186
8189
8193
8194
8194
8195
8195
8197
8199
8199
8199
8200
8201
8202
8205
8206
8207
8208
8209
8211
8216
8216
8218
8219
8219
8220
8222
8223
8224
8224
8225
8227
8228
8229
8230
8230
8232
8233
8235
8238
8239
8239
8240
8243
8243
8244
8245
8245
8245
8247
8248
8248
8249
8249
8250
8251
8252
8254
8255
8255
8255
8256
8258
8261
8264
8264
8264
8268
8268
8269
8270
8272
8273
8274
8274
8278
8279
8280
8280
8281
8281
8282
8282
8283
8285
8286
8287
8287
8287
8288
8290
8291
8291
8291
8293
8293
8293
8295
8296
8296
8297
8299
8301
8301
8302
8303
8305
8305
8306
8306
8306
8307
8307
8308
8309
8309
8311
8312
8314
8315
8315
8316
8318
8318
8318
8321
8321
8321
8322
8322
8323
8323
8324
8325
8325
8326
8326
8326
8326
8328
8328
8330
8330
8331
8332
8334
8334
8334
8336
8336
8337
8339
8339
8341
8342
8344
8344
8345
8345
8348
8349
8349
8351
8352
8353
8354
8354
8355
8358
8359
8360
8361
8362
8365
8365
8365
8365
8366
8371
8371
8371
8372
8373
8374
8374
8375
8375
8375
8376
8376
8376
8379
8380
8381
8382
8382
8383
8383
8383
8384
8384
8385
8385
8387
8390
8390
8391
8391
8393
8394
8394
8394
8395
8395
8395
8396
8398
8401
8405
8406
8406
8408
8410
8410
8410
8413
8413
8416
8419
8423
8423
8423
8423
8425
8426
8430
8430
8431
8432
8433
8435
8435
8436
8436
8437
8439
8439
8439
8442
8442
8445
8446
8448
8449
8453
8456
8456
8460
8461
8462
8463
8465
8465
8466
8466
8466
8467
8473
8473
8475
8476
8476
8476
8476
8477
8477
8478
8478
8479
8480
8480
8480
8484
8486
8487
8487
8488
8488
8488
8490
8490
8490
8491
8491
8492
8493
8493
8493
8494
8495
8495
8495
8496
8496
8500
8502
8502
8503
8503
8503
8506
8506
8507
8509
8509
8510
8511
8511
8511
8512
8512
8515
8516
8516
8517
8517
8517
8518
8518
8520
8521
8521
8522
8522
8522
8523
8524
8525
8526
8528
8528
8530
8531
8534
8534
8536
8536
8538
8538
8539
8541
8542
8543
8543
8544
8545
8545
8547
8548
8548
8549
8550
8550
8550
8551
8552
8555
8555
8555
8555
8556
8556
8559
8561
8563
8564
8564
8565
8567
8567
8567
8567
8568
8568
8568
8568
8571
8571
8572
8573
8576
8577
8578
8579
8579
8580
8580
8582
8582
8582
8582
8583
8584
8587
8588
8589
8589
8591
8591
8592
8593
8593
8596
8596
8597
8597
8598
8603
8604
8604
8605
8605
8606
8608
8610
8612
8614
8616
8617
8617
8617
8618
8618
8619
8620
8621
8622
8623
8623
8624
8625
8625
8626
8627
8627
8629
8629
8633
8634
8634
8636
8637
8637
8638
8639
8640
8641
8641
8641
8642
8644
8644
8645
8645
8647
8648
8649
8649
8654
8655
8655
8656
8657
8657
8662
8664
8665
8665
8665
8666
8668
8670
8670
8671
8672
8672
8672
8673
8675
8677
8678
8678
8680
8680
8681
8684
8684
8685
8685
8686
8686
8686
8687
8689
8689
8689
8690
8691
8692
8695
8695
8698
8699
8699
8705
8705
8705
8705
8705
8706
8706
8709
8715
8715
8717
8717
8718
8719
8719
8719
8720
8721
8721
8723
8725
8728
8730
8731
8732
8733
8737
8737
8740
8740
8743
8743
8744
8744
8745
8746
8747
8747
8748
8748
8749
8749
8751
8751
8753
8753
8755
8756
8756
8756
8757
8757
8757
8757
8758
8758
8760
8760
8761
8762
8763
8763
8765
8767
8768
8769
8769
8770
8771
8772
8777
8779
8779
8779
8779
8786
8786
8786
8787
8788
8788
8788
8789
8789
8789
8790
8791
8793
8794
8794
8795
8795
8796
8797
8797
8798
8800
8800
8800
8801
8801
8802
8802
8803
8804
8804
8804
8806
8807
8808
8808
8809
8810
8810
8810
8810
8812
8816
8817
8818
8819
8821
8822
8822
8822
8823
8824
8826
8827
8827
8829
8829
8830
8830
8831
8832
8833
8835
8836
8838
8838
8840
8841
8842
8842
8847
8847
8847
8848
8848
8850
8851
8851
8852
8854
8857
8857
8858
8860
8862
8862
8863
8864
8864
8865
8867
8868
8868
8869
8870
8871
8872
8873
8873
8874
8876
8876
8877
8878
8879
8880
8880
8880
8881
8881
8884
8884
8886
8887
8887
8888
8888
8888
8890
8890
8891
8891
8892
8893
8893
8893
8894
8896
8896
8897
8897
8898
8899
8901
8901
8901
8902
8903
8904
8904
8906
8906
8906
8907
8908
8910
8910
8911
8912
8912
8912
8912
8913
8913
8913
8913
8914
8914
8914
8918
8919
8920
8920
8921
8922
8923
8923
8924
8926
8926
8927
8927
8928
8928
8928
8930
8930
8931
8932
8935
8935
8936
8937
8940
8940
8941
8941
8941
8942
8945
8946
8949
8949
8950
8952
8953
8954
8955
8957
8960
8961
8963
8964
8964
8965
8966
8967
8968
8968
8969
8970
8971
8971
8972
8972
8972
8973
8974
8976
8978
8979
8982
8983
8984
8984
8985
8986
8988
8988
8990
8991
8992
8992
8993
8993
8994
8994
8995
8996
8996
8997
8997
8998
8998
8999
8999
9000
9003
9010
9015
9015
9018
9018
9019
9021
9021
9022
9023
9023
9024
9027
9027
9029
9029
9030
9030
9031
9032
9032
9032
9032
9033
9036
9036
9038
9039
9039
9039
9042
9042
9042
9042
9042
9042
9043
9043
9044
9044
9045
9046
9046
9048
9049
9051
9053
9053
9053
9053
9053
9054
9056
9057
9058
9059
9059
9060
9062
9063
9063
9065
9068
9068
9070
9071
9071
9071
9076
9076
9079
9079
9080
9080
9080
9080
9081
9082
9083
9084
9086
9087
9087
9087
9090
9090
9091
9092
9094
9097
9097
9097
9099
9100
9102
9106
9107
9107
9108
9108
9110
9111
9113
9114
9116
9116
9116
9118
9118
9120
9122
9122
9125
9126
9126
9127
9127
9130
9130
9131
9132
9132
9132
9133
9134
9135
9136
9138
9144
9144
9145
9146
9146
9146
9147
9147
9150
9150
9152
9155
9156
9157
9157
9157
9158
9159
9160
9162
9163
9164
9164
9165
9166
9166
9167
9167
9168
9169
9170
9170
9171
9171
9172
9174
9175
9175
9176
9176
9177
9177
9178
9178
9180
9181
9182
9183
9183
9184
9186
9186
9189
9189
9190
9190
9190
9191
9192
9194
9194
9194
9197
9198
9198
9199
9200
9200
9201
9201
9203
9204
9210
9212
9213
9217
9217
9219
9221
9221
9222
9223
9223
9223
9225
9225
9226
9227
9228
9229
9230
9230
9231
9231
9232
9232
9234
9234
9234
9236
9237
9239
9240
9242
9242
9243
9244
9244
9244
9245
9246
9247
9247
9247
9248
9248
9248
9249
9249
9250
9250
9250
9252
9253
9253
9253
9255
9255
9255
9256
9256
9257
9257
9257
9258
9260
9260
9262
9263
9264
9264
9264
9264
9266
9266
9268
9269
9269
9271
9272
9273
9274
9274
9274
9274
9275
9276
9276
9277
9277
9278
9278
9279
9280
9281
9282
9282
9283
9286
9288
9289
9290
9291
9291
9291
9292
9295
9295
9297
9298
9298
9299
9299
9301
9303
9305
9306
9308
9308
9310
9311
9312
9312
9313
9314
9314
9315
9315
9316
9316
9317
9317
9317
9320
9320
9321
9321
9323
9323
9326
9327
9328
9328
9329
9329
9329
9329
9330
9330
9331
9331
9333
9333
9333
9333
9334
9335
9338
9339
9340
9342
9342
9342
9343
9343
9344
9344
9345
9346
9348
9348
9348
9350
9353
9354
9355
9356
9360
9364
9365
9365
9367
9367
9369
9369
9369
9370
9370
9371
9371
9372
9373
9375
9375
9376
9376
9378
9379
9380
9381
9382
9387
9390
9390
9393
9393
9394
9394
9394
9395
9396
9396
9397
9397
9398
9399
9400
9400
9400
9401
9402
9403
9403
9404
9404
9413
9415
9415
9416
9416
9416
9419
9421
9421
9421
9421
9424
9424
9425
9425
9425
9426
9428
9428
9428
9429
9430
9432
9434
9436
9436
9437
9437
9438
9439
9440
9441
9444
9444
9444
9444
9447
9448
9448
9450
9450
9450
9451
9453
9453
9453
9454
9454
9454
9455
9457
9457
9458
9459
9462
9462
9462
9463
9464
9465
9465
9466
9468
9468
9469
9471
9473
9474
9474
9475
9475
9475
9475
9479
9479
9481
9483
9483
9484
9484
9485
9485
9485
9487
9492
9495
9496
9496
9498
9500
9500
9500
9501
9502
9502
9502
9504
9504
9505
9506
9507
9507
9507
9509
9512
9513
9513
9516
9516
9517
9517
9518
9518
9519
9519
9519
9520
9520
9520
9521
9521
9522
9523
9524
9525
9525
9526
9526
9526
9527
9528
9528
9528
9530
9531
9532
9532
9533
9534
9534
9535
9536
9536
9536
9536
9539
9540
9542
9542
9544
9546
9546
9547
9549
9553
9553
9554
9556
9556
9560
9562
9562
9563
9566
9568
9568
9568
9569
9570
9571
9571
9572
9573
9574
9574
9575
9576
9578
9579
9580
9581
9582
9582
9582
9582
9583
9584
9586
9586
9586
9589
9592
9595
9595
9595
9596
9597
9598
9599
9599
9599
9601
9601
9603
9603
9603
9604
9604
9605
9606
9606
9607
9609
9610
9611
9612
9614
9616
9616
9619
9619
9620
9620
9622
9623
9623
9623
9624
9624
9625
9625
9626
9630
9630
9631
9632
9632
9632
9634
9636
9636
9636
9638
9640
9641
9641
9641
9642
9644
9644
9644
9645
9645
9646
9646
9646
9647
9649
9650
9651
9652
9652
9653
9655
9656
9656
9656
9657
9657
9657
9661
9663
9665
9665
9668
9669
9669
9669
9669
9670
9672
9673
9673
9674
9675
9677
9678
9679
9679
9680
9682
9682
9683
9683
9684
9685
9687
9687
9688
9689
9690
9691
9691
9691
9693
9694
9695
9695
9696
9696
9697
9698
9700
9700
9701
9701
9703
9704
9704
9705
9706
9706
9707
9708
9708
9710
9711
9712
9713
9713
9714
9717
9718
9719
9720
9720
9721
9721
9722
9722
9723
9724
9727
9727
9727
9729
9729
9735
9738
9738
9738
9739
9739
9739
9740
9741
9741
9742
9742
9743
9743
9745
9746
9747
9747
9747
9749
9750
9750
9752
9753
9753
9754
9755
9756
9756
9759
9760
9762
9762
9762
9763
9765
9766
9766
9768
9769
9769
9769
9771
9771
9771
9771
9772
9776
9778
9779
9780
9780
9781
9781
9782
9782
9782
9782
9784
9784
9784
9788
9790
9792
9793
9794
9794
9795
9795
9795
9796
9797
9798
9798
9799
9800
9803
9804
9804
9805
9805
9805
9806
9806
9807
9808
9809
9809
9810
9810
9811
9813
9813
9815
9815
9815
9816
9818
9822
9822
9822
9827
9827
9827
9828
9829
9830
9830
9832
9832
9833
9835
9837
9839
9840
9840
9842
9842
9843
9843
9844
9845
9847
9849
9849
9850
9850
9850
9850
9853
9854
9854
9856
9858
9859
9859
9860
9860
9860
9861
9861
9862
9863
9864
9866
9869
9869
9869
9871
9873
9873
9876
9876
9876
9878
9879
9879
9879
9880
9880
9882
9885
9885
9885
9886
9886
9886
9888
9888
9888
9890
9891
9892
9896
9896
9897
9897
9897
9900
9900
9902
9902
9903
9904
9905
9905
9906
9906
9906
9907
9908
9908
9909
9909
9911
9911
9912
9912
9915
9916
9916
9917
9918
9919
9919
9920
9920
9923
9924
9924
9924
9925
9928
9928
9930
9931
9931
9932
9933
9933
9934
9940
9941
9943
9943
9943
9943
9943
9945
9945
9946
9950
9953
9954
9954
9956
9956
9958
9958
9959
9960
9960
9961
9962
9962
9963
9963
9964
9968
9969
9969
9969
9970
9972
9972
9973
9974
9976
9976
9978
9978
9978
9981
9982
9982
9983
9984
9984
9987
9988
9989
9990
9990
9991
9993
