1
4
9
9
11
12
16
17
20
22
23
23
26
26
28
28
28
29
29
30
31
31
33
33
34
34
35
35
35
35
39
39
40
41
42
42
44
44
45
45
49
49
50
51
54
56
56
56
60
60
62
66
66
66
68
69
70
71
71
72
72
72
73
73
74
75
76
78
79
79
80
81
85
86
90
91
91
92
92
92
92
93
97
98
98
100
100
100
101
102
102
103
103
104
106
107
110
116
116
118
119
119
120
120
122
125
127
128
128
128
129
129
130
130
131
131
132
133
134
134
135
136
138
138
138
139
143
144
144
145
145
147
148
149
149
150
150
150
150
151
152
154
155
156
156
156
158
158
159
159
160
160
160
165
165
166
167
167
168
168
170
170
170
173
175
176
177
177
177
178
179
180
185
186
187
188
188
189
189
190
190
192
192
192
193
193
194
194
195
197
199
199
200
200
201
203
203
204
205
205
206
206
208
209
210
210
211
212
212
212
213
213
214
216
217
219
220
221
221
223
224
225
226
226
226
227
228
228
228
230
233
234
237
237
237
240
240
242
243
244
244
245
245
246
246
247
247
250
251
251
252
254
254
257
258
259
259
260
260
261
262
263
263
264
264
268
269
269
270
270
271
273
273
273
274
274
275
275
276
280
282
284
285
286
288
289
290
291
291
291
292
295
295
298
300
301
302
302
307
308
309
311
312
314
317
317
318
319
320
320
322
323
327
327
327
328
328
330
330
331
332
333
333
334
335
335
336
338
338
340
341
342
342
342
343
344
347
348
348
349
349
349
351
353
353
356
356
357
358
359
359
359
359
361
363
365
365
365
366
366
366
367
368
368
370
371
372
372
372
375
375
378
380
381
382
384
384
385
386
388
390
391
395
396
397
398
400
402
402
403
403
403
405
405
406
406
407
407
407
408
408
409
411
412
413
413
413
414
415
415
416
416
418
419
420
420
420
421
423
424
424
425
425
428
428
429
430
431
431
432
433
433
434
434
436
437
439
439
441
442
443
443
444
445
449
450
451
452
452
452
453
454
454
454
456
456
458
458
460
461
461
461
462
462
462
467
469
471
472
474
475
477
479
480
481
483
484
485
488
489
491
492
493
493
494
495
498
500
501
501
502
502
502
503
503
504
505
506
511
512
513
517
517
517
518
518
520
520
522
523
525
527
527
527
528
528
529
529
529
534
535
537
538
538
539
542
542
543
543
543
545
545
546
546
548
549
549
550
551
551
551
552
553
554
555
557
557
558
558
560
560
561
561
562
563
563
563
565
566
567
568
569
569
569
569
571
571
571
572
572
572
573
574
574
574
576
577
578
578
579
580
581
583
583
583
584
584
585
588
588
589
589
589
591
592
592
592
594
596
596
600
603
604
606
606
607
608
608
609
609
609
610
611
611
612
613
613
614
614
614
614
615
618
618
620
627
627
627
627
628
630
631
634
634
634
636
637
638
638
638
640
640
640
641
641
642
642
642
644
645
647
647
648
648
649
649
650
650
652
653
653
653
654
654
655
655
656
657
657
658
659
660
661
664
665
666
666
668
668
669
669
670
670
672
672
672
674
676
677
677
678
679
680
680
680
682
683
683
684
686
686
686
691
691
691
694
694
694
694
695
697
698
698
699
700
702
702
704
704
705
706
706
709
709
710
710
712
714
715
716
721
722
724
725
726
726
726
726
726
728
729
729
730
731
732
732
732
732
733
734
736
736
736
737
738
738
739
740
742
742
742
743
746
746
746
747
748
749
754
755
755
756
757
758
758
759
761
762
764
764
765
765
766
767
768
768
770
771
772
772
772
773
775
776
776
777
780
780
782
784
784
787
792
795
795
797
798
799
799
799
801
801
801
801
802
802
804
804
805
805
808
809
809
810
811
811
812
812
813
813
814
814
815
815
815
816
816
816
816
817
818
821
821
822
822
824
825
825
827
828
828
829
829
830
831
831
832
832
834
836
837
838
838
845
845
846
846
846
847
851
851
851
853
853
854
855
855
855
855
856
856
858
858
859
860
861
861
862
863
863
864
865
866
869
869
870
873
874
874
876
876
877
877
880
880
881
881
885
886
887
887
887
887
888
888
889
889
890
890
890
891
892
895
896
898
900
900
901
901
902
903
903
904
904
904
905
907
908
909
911
911
912
913
917
918
919
921
925
925
929
932
933
933
934
934
934
934
935
936
936
937
937
937
937
939
940
940
941
941
942
944
944
946
947
948
949
950
950
952
953
953
954
957
959
959
961
962
963
963
963
963
970
970
971
972
972
974
974
976
976
977
978
978
980
982
985
987
988
989
990
991
992
992
992
993
993
993
994
995
995
995
995
998
998
998
1000
1000
1003
1010
1011
1014
1014
1016
1016
1018
1018
1019
1020
1020
1021
1022
1022
1025
1025
1025
1026
1026
1027
1028
1031
1031
1031
1033
1034
1034
1034
1037
1037
1038
1038
1040
1040
1041
1041
1041
1044
1045
1047
1047
1049
1049
1051
1051
1051
1052
1053
1055
1056
1057
1057
1059
1060
1060
1060
1061
1061
1061
1062
1062
1063
1063
1064
1064
1065
1065
1066
1067
1067
1068
1069
1070
1073
1074
1076
1076
1079
1081
1082
1083
1088
1088
1090
1090
1091
1091
1092
1093
1093
1095
1095
1097
1101
1104
1104
1106
1106
1107
1109
1110
1110
1110
1111
1112
1112
1112
1114
1115
1116
1117
1119
1119
1119
1120
1120
1120
1120
1123
1124
1125
1125
1126
1126
1127
1128
1130
1130
1132
1132
1132
1133
1134
1138
1139
1139
1141
1142
1143
1146
1146
1148
1148
1149
1149
1149
1153
1153
1154
1154
1154
1155
1156
1157
1157
1158
1161
1161
1164
1167
1168
1168
1169
1169
1171
1174
1174
1174
1174
1176
1176
1176
1177
1177
1181
1183
1186
1186
1187
1189
1191
1192
1193
1193
1194
1196
1198
1199
1200
1201
1201
1202
1202
1203
1203
1203
1204
1208
1210
1210
1212
1212
1212
1214
1215
1216
1216
1218
1220
1220
1220
1221
1222
1223
1224
1226
1229
1230
1231
1232
1233
1234
1235
1235
1237
1240
1240
1240
1241
1241
1243
1244
1247
1248
1252
1253
1254
1258
1259
1259
1260
1261
1262
1263
1264
1265
1265
1266
1266
1267
1267
1267
1269
1269
1270
1270
1270
1272
1274
1275
1275
1275
1276
1277
1277
1278
1278
1279
1279
1279
1281
1282
1283
1283
1284
1284
1285
1286
1288
1290
1290
1290
1293
1294
1295
1295
1295
1296
1297
1299
1300
1302
1302
1304
1304
1307
1308
1309
1311
1314
1315
1315
1316
1316
1317
1318
1318
1320
1320
1321
1321
1322
1325
1325
1325
1326
1327
1328
1329
1330
1330
1331
1331
1338
1338
1339
1339
1341
1341
1342
1350
1350
1353
1353
1355
1355
1355
1355
1361
1362
1362
1363
1364
1364
1365
1367
1367
1368
1371
1373
1375
1375
1376
1377
1378
1378
1379
1380
1381
1381
1382
1383
1383
1384
1385
1387
1388
1388
1390
1390
1391
1391
1391
1393
1395
1398
1398
1398
1399
1400
1401
1401
1402
1402
1402
1402
1402
1404
1405
1406
1407
1410
1411
1413
1414
1414
1415
1419
1421
1422
1422
1423
1423
1425
1426
1427
1428
1428
1429
1429
1430
1430
1432
1433
1433
1434
1435
1435
1436
1438
1440
1442
1442
1446
1447
1447
1447
1449
1451
1453
1455
1455
1460
1464
1466
1467
1468
1471
1472
1476
1478
1478
1478
1480
1480
1482
1482
1482
1482
1482
1483
1484
1486
1489
1490
1490
1493
1493
1493
1494
1494
1495
1496
1496
1497
1500
1501
1501
1501
1503
1503
1504
1506
1506
1506
1507
1508
1508
1508
1508
1510
1511
1511
1512
1512
1514
1516
1517
1521
1522
1522
1523
1523
1524
1524
1524
1525
1529
1531
1533
1533
1534
1537
1538
1538
1538
1540
1542
1543
1544
1544
1544
1544
1544
1545
1546
1546
1547
1548
1549
1551
1551
1552
1553
1555
1555
1555
1557
1558
1559
1560
1561
1561
1563
1568
1568
1569
1572
1573
1575
1577
1578
1578
1579
1579
1580
1580
1581
1581
1582
1582
1583
1583
1584
1585
1586
1586
1586
1588
1589
1590
1590
1591
1591
1591
1593
1595
1595
1595
1598
1598
1599
1602
1604
1605
1606
1607
1609
1609
1610
1615
1615
1615
1616
1617
1617
1617
1618
1618
1619
1620
1622
1623
1624
1626
1626
1626
1627
1627
1628
1628
1628
1633
1633
1633
1634
1634
1634
1634
1636
1636
1637
1637
1638
1640
1642
1642
1642
1642
1643
1643
1643
1644
1644
1645
1645
1648
1650
1651
1651
1653
1653
1654
1655
1656
1657
1657
1658
1658
1659
1661
1661
1661
1662
1663
1664
1666
1667
1669
1673
1674
1674
1676
1678
1679
1680
1680
1682
1682
1683
1684
1684
1685
1686
1687
1687
1687
1690
1692
1692
1694
1695
1695
1696
1696
1697
1699
1699
1700
1701
1701
1702
1703
1704
1705
1707
1707
1707
1708
1709
1712
1712
1712
1713
1716
1719
1723
1723
1725
1725
1726
1727
1728
1728
1729
1729
1730
1730
1731
1731
1732
1735
1735
1735
1738
1738
1739
1740
1740
1744
1744
1744
1745
1746
1746
1748
1749
1749
1749
1750
1750
1751
1752
1753
1754
1755
1756
1756
1757
1757
1757
1758
1759
1760
1761
1761
1762
1762
1764
1764
1765
1768
1769
1769
1769
1770
1770
1772
1773
1775
1777
1779
1780
1781
1781
1782
1785
1786
1786
1787
1789
1790
1790
1790
1791
1791
1792
1793
1793
1793
1794
1794
1796
1798
1801
1802
1803
1808
1810
1810
1810
1811
1811
1812
1813
1813
1814
1815
1815
1815
1816
1816
1816
1817
1817
1818
1819
1820
1820
1821
1822
1823
1824
1825
1828
1828
1829
1829
1830
1830
1831
1831
1833
1834
1835
1835
1835
1835
1836
1837
1838
1838
1838
1840
1840
1840
1840
1841
1842
1843
1843
1845
1847
1847
1848
1848
1848
1850
1851
1852
1853
1853
1854
1856
1856
1858
1859
1859
1863
1864
1864
1866
1866
1866
1867
1867
1868
1869
1873
1876
1877
1879
1879
1879
1879
1880
1881
1881
1883
1883
1884
1885
1887
1887
1888
1888
1891
1892
1892
1893
1893
1893
1895
1895
1896
1897
1898
1900
1901
1902
1903
1906
1906
1907
1908
1908
1909
1910
1910
1910
1911
1917
1918
1918
1919
1921
1922
1923
1926
1926
1928
1928
1928
1930
1930
1933
1934
1935
1936
1937
1941
1942
1944
1944
1946
1947
1948
1949
1949
1951
1951
1952
1954
1955
1955
1956
1956
1956
1956
1957
1958
1960
1960
1961
1964
1964
1964
1966
1966
1966
1967
1968
1968
1969
1970
1970
1970
1971
1973
1974
1975
1975
1979
1981
1981
1983
1983
1984
1985
1988
1990
1994
1996
1996
1996
1997
1999
1999
2000
2000
2002
2003
2003
2004
2004
2005
2005
2006
2006
2009
2009
2016
2016
2017
2017
2018
2018
2018
2019
2019
2020
2023
2024
2027
2027
2028
2029
2030
2031
2034
2034
2036
2037
2041
2041
2042
2042
2043
2043
2044
2044
2045
2045
2046
2049
2051
2052
2055
2056
2057
2058
2058
2060
2060
2062
2063
2064
2065
2066
2066
2069
2069
2073
2073
2073
2074
2075
2076
2080
2084
2084
2090
2094
2095
2096
2097
2099
2099
2100
2104
2104
2105
2106
2106
2108
2109
2112
2113
2113
2114
2115
2115
2115
2118
2118
2119
2120
2121
2122
2123
2126
2128
2128
2128
2132
2132
2132
2132
2137
2139
2140
2140
2141
2141
2144
2144
2148
2148
2149
2149
2150
2150
2153
2155
2155
2156
2157
2159
2161
2161
2163
2166
2167
2167
2168
2168
2169
2171
2171
2172
2172
2173
2173
2173
2175
2175
2178
2179
2180
2181
2181
2183
2183
2183
2183
2185
2186
2188
2189
2190
2190
2190
2192
2193
2194
2194
2195
2196
2196
2196
2197
2198
2199
2199
2199
2199
2201
2203
2204
2205
2205
2206
2207
2207
2207
2209
2211
2211
2212
2214
2215
2216
2217
2218
2219
2221
2222
2222
2223
2223
2223
2224
2224
2224
2224
2224
2224
2225
2226
2226
2227
2227
2229
2230
2232
2232
2234
2235
2236
2237
2239
2239
2240
2244
2245
2245
2245
2246
2247
2247
2248
2251
2251
2254
2255
2255
2256
2256
2257
2261
2261
2261
2261
2261
2262
2263
2263
2264
2264
2265
2265
2266
2268
2269
2270
2271
2275
2276
2276
2276
2277
2277
2277
2281
2281
2281
2282
2285
2285
2285
2287
2290
2291
2293
2293
2295
2296
2297
2298
2299
2303
2303
2304
2306
2308
2308
2309
2309
2309
2310
2311
2311
2311
2314
2314
2314
2316
2316
2317
2317
2319
2319
2319
2319
2320
2321
2322
2323
2323
2324
2325
2326
2326
2329
2330
2330
2330
2331
2331
2332
2335
2335
2336
2336
2338
2340
2341
2341
2342
2342
2343
2344
2344
2345
2345
2348
2348
2349
2349
2349
2351
2351
2353
2353
2355
2355
2355
2356
2356
2360
2361
2363
2364
2364
2371
2372
2375
2375
2376
2377
2378
2378
2380
2380
2382
2384
2385
2386
2386
2387
2387
2388
2389
2391
2392
2392
2392
2394
2394
2396
2396
2396
2396
2397
2397
2399
2399
2400
2401
2401
2402
2403
2403
2403
2405
2405
2408
2408
2411
2411
2412
2412
2416
2416
2417
2418
2418
2418
2418
2419
2420
2420
2422
2422
2423
2424
2427
2427
2428
2428
2430
2431
2432
2433
2433
2433
2433
2433
2434
2434
2435
2435
2437
2438
2439
2439
2440
2441
2441
2443
2443
2444
2444
2445
2446
2447
2447
2447
2447
2449
2449
2450
2450
2450
2452
2453
2453
2455
2456
2456
2456
2457
2458
2458
2459
2459
2459
2459
2461
2464
2465
2468
2470
2470
2470
2472
2472
2472
2475
2475
2477
2477
2478
2478
2478
2479
2480
2482
2482
2484
2488
2489
2489
2491
2492
2492
2492
2493
2494
2494
2494
2495
2496
2497
2497
2498
2498
2498
2499
2500
2501
2502
2502
2503
2504
2504
2507
2508
2508
2508
2510
2510
2510
2510
2510
2514
2514
2515
2515
2516
2519
2522
2522
2526
2526
2527
2528
2530
2532
2534
2535
2535
2538
2541
2542
2543
2544
2545
2546
2548
2548
2549
2549
2549
2550
2551
2555
2555
2557
2559
2559
2560
2562
2563
2564
2566
2567
2569
2569
2570
2570
2571
2574
2575
2575
2575
2577
2577
2578
2579
2579
2579
2579
2580
2580
2584
2585
2587
2590
2593
2593
2594
2594
2594
2596
2597
2598
2603
2606
2606
2607
2608
2610
2613
2614
2614
2614
2615
2618
2618
2619
2621
2624
2626
2627
2628
2632
2635
2636
2639
2640
2640
2641
2641
2641
2642
2642
2644
2644
2644
2644
2645
2646
2649
2649
2650
2650
2651
2651
2654
2655
2656
2657
2657
2657
2660
2661
2662
2663
2665
2665
2669
2670
2671
2673
2674
2675
2675
2675
2678
2678
2678
2680
2681
2683
2683
2684
2686
2687
2688
2688
2688
2688
2689
2689
2690
2691
2692
2693
2695
2695
2696
2696
2696
2697
2697
2697
2700
2701
2702
2702
2702
2704
2704
2705
2705
2706
2707
2710
2710
2711
2712
2712
2712
2713
2713
2713
2714
2715
2715
2716
2716
2717
2717
2717
2718
2720
2721
2721
2722
2723
2724
2728
2731
2733
2734
2737
2737
2738
2739
2740
2741
2741
2741
2742
2742
2742
2742
2743
2744
2744
2745
2748
2748
2749
2750
2751
2753
2757
2758
2758
2759
2761
2761
2763
2763
2763
2763
2764
2764
2765
2767
2769
2770
2770
2774
2775
2775
2777
2783
2784
2784
2784
2785
2786
2786
2787
2790
2790
2791
2792
2792
2794
2794
2795
2795
2795
2795
2795
2796
2797
2798
2798
2798
2800
2800
2802
2802
2805
2806
2807
2809
2810
2812
2813
2814
2814
2814
2821
2822
2824
2825
2827
2827
2830
2833
2835
2838
2839
2840
2842
2842
2842
2845
2845
2845
2846
2847
2851
2853
2853
2853
2854
2856
2857
2858
2861
2864
2864
2865
2867
2870
2871
2872
2872
2874
2875
2877
2879
2879
2879
2880
2880
2881
2881
2881
2882
2883
2885
2887
2889
2889
2891
2893
2894
2895
2895
2897
2898
2898
2898
2899
2900
2902
2902
2902
2904
2904
2904
2905
2905
2906
2907
2908
2909
2909
2909
2909
2912
2913
2916
2917
2919
2921
2922
2922
2922
2922
2924
2924
2924
2926
2926
2927
2930
2930
2931
2932
2934
2935
2935
2936
2937
2937
2937
2939
2939
2940
2940
2940
2941
2944
2945
2947
2949
2949
2950
2951
2953
2954
2956
2956
2957
2957
2959
2960
2961
2962
2962
2962
2963
2965
2967
2968
2969
2970
2970
2971
2971
2971
2972
2972
2973
2974
2974
2976
2976
2976
2977
2980
2980
2981
2984
2984
2986
2987
2987
2987
2992
2993
2994
2995
2997
2998
2998
2998
2999
3000
3000
3002
3003
3004
3005
3007
3007
3008
3008
3008
3008
3009
3010
3014
3015
3017
3019
3020
3022
3022
3023
3024
3024
3026
3026
3028
3030
3030
3030
3030
3033
3035
3035
3036
3039
3040
3040
3044
3044
3045
3047
3047
3047
3047
3048
3051
3055
3056
3058
3058
3059
3060
3060
3060
3061
3064
3065
3066
3070
3071
3072
3073
3074
3074
3074
3075
3075
3075
3076
3077
3077
3079
3079
3079
3080
3080
3081
3082
3083
3083
3083
3083
3084
3086
3086
3086
3087
3087
3087
3088
3089
3092
3092
3093
3097
3097
3097
3098
3101
3102
3102
3102
3103
3105
3105
3106
3107
3107
3107
3109
3109
3110
3110
3112
3113
3113
3114
3114
3115
3115
3115
3117
3118
3118
3120
3121
3122
3124
3125
3125
3126
3127
3128
3129
3130
3130
3131
3132
3133
3133
3134
3134
3134
3135
3135
3136
3137
3137
3139
3142
3143
3144
3144
3145
3146
3147
3148
3149
3149
3150
3151
3152
3152
3152
3153
3156
3157
3157
3160
3161
3163
3164
3164
3167
3167
3168
3170
3170
3170
3173
3175
3176
3176
3177
3177
3178
3179
3179
3180
3181
3182
3184
3184
3186
3186
3188
3188
3189
3190
3190
3191
3191
3193
3193
3195
3196
3196
3199
3200
3201
3201
3203
3206
3207
3208
3209
3210
3212
3212
3214
3215
3216
3218
3219
3221
3221
3223
3224
3224
3224
3225
3226
3226
3227
3227
3227
3229
3230
3232
3232
3234
3234
3235
3235
3237
3238
3239
3239
3239
3240
3240
3241
3241
3241
3242
3245
3245
3246
3246
3251
3251
3253
3253
3253
3256
3257
3258
3258
3259
3259
3263
3263
3264
3264
3265
3265
3266
3267
3267
3271
3272
3277
3277
3278
3279
3281
3283
3283
3283
3283
3285
3288
3289
3291
3291
3292
3292
3298
3299
3302
3302
3302
3303
3303
3303
3303
3305
3309
3309
3310
3311
3312
3313
3313
3315
3315
3316
3318
3319
3319
3320
3320
3321
3321
3322
3324
3324
3325
3328
3328
3328
3328
3329
3329
3330
3330
3331
3332
3334
3335
3338
3338
3338
3339
3340
3341
3342
3343
3344
3344
3345
3345
3346
3346
3347
3347
3348
3350
3350
3352
3355
3355
3356
3356
3357
3358
3358
3358
3360
3362
3363
3364
3365
3367
3367
3368
3368
3370
3372
3372
3373
3375
3376
3378
3380
3384
3384
3385
3386
3386
3388
3390
3392
3394
3396
3397
3397
3398
3401
3401
3402
3403
3405
3408
3409
3409
3409
3409
3411
3411
3412
3412
3414
3414
3414
3416
3417
3417
3419
3419
3423
3423
3424
3425
3426
3427
3427
3427
3427
3427
3430
3431
3431
3432
3432
3433
3435
3435
3436
3436
3436
3436
3438
3439
3439
3440
3442
3447
3448
3448
3448
3450
3453
3453
3454
3455
3456
3457
3458
3459
3459
3460
3461
3462
3463
3464
3464
3464
3466
3466
3467
3467
3468
3468
3469
3471
3471
3472
3472
3473
3474
3474
3476
3477
3479
3480
3481
3482
3483
3483
3486
3486
3490
3490
3490
3491
3492
3493
3493
3494
3494
3494
3495
3495
3497
3498
3499
3499
3499
3501
3502
3503
3505
3505
3506
3508
3509
3510
3511
3511
3512
3514
3514
3515
3515
3516
3517
3517
3518
3520
3520
3521
3522
3522
3525
3526
3526
3526
3528
3529
3531
3531
3533
3533
3535
3535
3535
3536
3537
3538
3540
3544
3544
3544
3546
3547
3547
3552
3553
3553
3554
3555
3556
3558
3558
3558
3561
3562
3563
3563
3564
3564
3565
3565
3566
3567
3567
3569
3569
3570
3572
3574
3575
3576
3576
3578
3578
3578
3579
3580
3581
3582
3583
3585
3586
3589
3594
3594
3595
3595
3596
3596
3597
3599
3600
3600
3602
3602
3603
3603
3603
3605
3608
3610
3611
3616
3616
3617
3617
3617
3618
3619
3623
3623
3624
3624
3624
3624
3624
3625
3626
3626
3627
3628
3628
3631
3632
3633
3633
3634
3636
3637
3638
3639
3639
3641
3641
3642
3644
3644
3646
3646
3647
3649
3649
3650
3652
3652
3652
3653
3653
3658
3659
3661
3663
3664
3665
3665
3667
3668
3668
3668
3670
3671
3673
3676
3676
3676
3677
3678
3679
3680
3681
3681
3684
3686
3687
3687
3688
3689
3689
3689
3691
3691
3692
3692
3693
3695
3695
3696
3696
3698
3699
3699
3700
3701
3702
3703
3703
3703
3704
3706
3709
3710
3710
3711
3712
3714
3716
3720
3720
3721
3722
3726
3727
3727
3727
3727
3729
3730
3732
3732
3732
3733
3734
3734
3735
3736
3736
3736
3737
3738
3738
3739
3739
3742
3743
3743
3743
3743
3744
3745
3746
3747
3747
3747
3747
3747
3749
3752
3754
3755
3759
3760
3761
3761
3762
3762
3763
3767
3767
3767
3769
3769
3770
3770
3771
3773
3773
3775
3777
3780
3783
3784
3784
3788
3788
3788
3790
3794
3795
3796
3797
3798
3798
3799
3799
3800
3800
3801
3804
3806
3806
3809
3809
3811
3813
3819
3819
3819
3820
3822
3823
3823
3825
3826
3827
3828
3828
3828
3830
3831
3831
3832
3832
3834
3834
3836
3837
3839
3840
3842
3844
3846
3846
3846
3849
3849
3850
3850
3850
3853
3854
3855
3855
3856
3856
3856
3859
3860
3862
3862
3863
3863
3864
3864
3865
3866
3866
3866
3869
3869
3869
3870
3870
3871
3871
3872
3873
3873
3875
3875
3878
3882
3882
3883
3886
3886
3888
3889
3891
3893
3893
3894
3895
3897
3897
3898
3899
3902
3903
3904
3904
3904
3905
3905
3906
3909
3909
3909
3910
3911
3911
3912
3912
3913
3913
3914
3914
3915
3915
3916
3916
3916
3917
3917
3918
3918
3919
3920
3922
3924
3924
3925
3925
3925
3926
3927
3929
3929
3930
3930
3931
3932
3932
3933
3933
3935
3935
3936
3936
3936
3937
3938
3938
3939
3939
3939
3941
3941
3945
3945
3946
3946
3947
3948
3949
3950
3950
3951
3952
3956
3957
3958
3959
3960
3962
3963
3965
3965
3968
3970
3972
3974
3974
3976
3977
3977
3978
3978
3978
3979
3980
3981
3983
3985
3985
3985
3986
3986
3988
3989
3989
3990
3991
3993
3993
3996
3997
4000
4001
4001
4001
4002
4003
4004
4005
4007
4009
4012
4012
4013
4015
4017
4017
4017
4018
4018
4019
4020
4022
4025
4026
4027
4027
4028
4028
4029
4030
4032
4035
4035
4038
4039
4039
4039
4041
4041
4043
4043
4045
4046
4047
4047
4048
4049
4049
4049
4050
4052
4053
4053
4057
4058
4058
4059
4060
4061
4062
4062
4063
4064
4067
4068
4069
4069
4071
4071
4071
4073
4074
4075
4075
4075
4076
4077
4079
4080
4081
4084
4084
4084
4085
4086
4086
4086
4086
4088
4093
4096
4096
4096
4096
4097
4098
4100
4102
4103
4104
4105
4105
4107
4108
4109
4110
4111
4111
4112
4112
4113
4116
4116
4118
4120
4121
4125
4126
4128
4128
4128
4130
4131
4132
4132
4133
4134
4135
4137
4138
4139
4139
4139
4139
4141
4142
4144
4144
4145
4145
4145
4146
4148
4149
4149
4150
4151
4151
4151
4152
4153
4158
4158
4158
4159
4160
4160
4161
4162
4162
4163
4164
4165
4167
4168
4172
4175
4175
4175
4177
4178
4180
4180
4180
4180
4180
4181
4181
4182
4184
4185
4190
4194
4195
4195
4195
4196
4200
4201
4204
4207
4207
4210
4210
4211
4212
4214
4216
4217
4219
4220
4220
4220
4223
4224
4224
4224
4225
4226
4227
4228
4229
4229
4231
4232
4234
4235
4236
4236
4237
4239
4240
4240
4240
4242
4242
4243
4244
4245
4248
4248
4249
4250
4251
4254
4254
4255
4255
4255
4256
4256
4262
4262
4262
4263
4264
4265
4266
4267
4267
4268
4269
4269
4271
4271
4273
4275
4276
4278
4282
4282
4283
4286
4286
4286
4287
4287
4287
4288
4288
4288
4288
4289
4289
4290
4292
4292
4295
4295
4295
4298
4300
4300
4301
4303
4304
4306
4307
4307
4308
4308
4308
4310
4311
4312
4315
4318
4319
4319
4319
4322
4322
4323
4324
4325
4326
4327
4328
4329
4330
4330
4332
4333
4334
4334
4336
4338
4339
4339
4339
4341
4343
4343
4343
4344
4344
4346
4347
4348
4348
4349
4351
4351
4353
4353
4354
4355
4358
4359
4360
4360
4363
4363
4364
4365
4366
4367
4368
4374
4374
4375
4375
4376
4376
4378
4378
4379
4379
4382
4382
4384
4387
4387
4392
4393
4394
4395
4396
4398
4398
4399
4400
4400
4403
4403
4403
4403
4404
4404
4405
4405
4407
4410
4410
4412
4413
4413
4415
4417
4419
4420
4422
4422
4422
4422
4422
4423
4423
4425
4425
4427
4428
4428
4430
4430
4430
4432
4433
4433
4436
4438
4443
4445
4446
4446
4447
4449
4449
4450
4452
4453
4454
4454
4456
4458
4460
4460
4461
4462
4462
4463
4463
4463
4465
4466
4467
4467
4468
4470
4470
4470
4472
4473
4473
4474
4475
4475
4476
4476
4476
4477
4477
4477
4478
4478
4479
4480
4480
4481
4483
4483
4484
4484
4486
4486
4487
4487
4489
4490
4490
4491
4493
4494
4494
4495
4496
4496
4497
4497
4497
4498
4499
4500
4500
4500
4501
4501
4503
4503
4504
4506
4506
4506
4509
4513
4514
4514
4514
4515
4516
4519
4521
4521
4522
4522
4523
4523
4524
4526
4526
4527
4527
4529
4531
4532
4534
4536
4537
4537
4538
4539
4540
4540
4540
4541
4541
4542
4542
4542
4544
4546
4546
4546
4546
4548
4549
4549
4550
4550
4551
4552
4553
4553
4554
4555
4555
4556
4557
4557
4557
4558
4563
4563
4565
4569
4569
4573
4574
4575
4578
4579
4579
4579
4580
4581
4582
4582
4583
4583
4588
4588
4588
4591
4591
4592
4592
4594
4595
4595
4596
4597
4597
4599
4599
4599
4601
4601
4602
4602
4602
4602
4602
4603
4604
4607
4608
4609
4610
4611
4612
4612
4613
4614
4617
4617
4618
4618
4618
4619
4620
4622
4623
4625
4627
4627
4629
4629
4632
4632
4633
4633
4633
4633
4634
4635
4635
4636
4636
4637
4637
4638
4638
4638
4640
4641
4643
4644
4644
4644
4647
4649
4650
4652
4652
4653
4654
4654
4655
4656
4656
4657
4659
4659
4660
4661
4663
4664
4664
4664
4665
4667
4667
4667
4667
4668
4668
4669
4671
4672
4673
4675
4676
4679
4679
4680
4680
4680
4681
4681
4682
4682
4683
4683
4684
4687
4687
4688
4692
4694
4694
4694
4695
4695
4696
4697
4698
4698
4699
4699
4700
4700
4700
4701
4702
4704
4705
4705
4705
4707
4708
4709
4709
4709
4710
4714
4716
4717
4717
4718
4718
4719
4719
4719
4721
4721
4722
4722
4723
4724
4725
4726
4726
4727
4728
4728
4729
4730
4732
4733
4738
4741
4741
4742
4744
4748
4749
4749
4750
4751
4754
4755
4756
4756
4756
4757
4758
4759
4760
4762
4762
4762
4765
4765
4766
4766
4766
4767
4769
4770
4770
4771
4774
4777
4779
4780
4780
4781
4782
4783
4784
4785
4787
4789
4790
4792
4792
4794
4794
4795
4795
4795
4795
4795
4796
4798
4798
4799
4800
4800
4800
4801
4803
4804
4807
4807
4808
4808
4809
4809
4810
4811
4812
4812
4815
4817
4817
4818
4818
4819
4820
4822
4824
4827
4830
4830
4830
4830
4830
4837
4838
4838
4840
4840
4840
4840
4841
4841
4841
4842
4842
4845
4847
4849
4850
4850
4850
4850
4852
4853
4854
4856
4856
4857
4858
4858
4858
4858
4859
4859
4859
4860
4862
4863
4863
4864
4864
4866
4866
4867
4868
4870
4870
4871
4874
4874
4875
4875
4876
4877
4879
4879
4880
4880
4881
4883
4884
4885
4885
4885
4886
4886
4887
4889
4890
4891
4892
4893
4893
4893
4893
4895
4897
4897
4897
4902
4902
4904
4905
4905
4906
4907
4907
4908
4911
4912
4914
4914
4915
4915
4918
4921
4922
4922
4924
4926
4927
4930
4931
4933
4934
4935
4937
4938
4938
4938
4940
4941
4941
4943
4943
4943
4943
4944
4944
4946
4948
4949
4949
4951
4953
4953
4956
4956
4957
4958
4960
4960
4961
4961
4963
4963
4964
4965
4970
4970
4972
4974
4974
4975
4976
4977
4977
4977
4978
4978
4980
4981
4981
4982
4983
4984
4985
4986
4986
4987
4988
4988
4988
4989
4989
4990
4992
4994
4995
4996
4996
4999
4999
5000
5000
5001
5004
5004
5006
5010
5011
5012
5012
5014
5014
5015
5017
5017
5020
5020
5021
5023
5023
5023
5023
5023
5024
5024
5028
5028
5028
5028
5029
5031
5034
5035
5036
5036
5036
5037
5037
5039
5040
5040
5041
5041
5043
5045
5045
5048
5049
5050
5051
5052
5053
5056
5057
5058
5059
5060
5061
5062
5062
5062
5064
5064
5068
5068
5069
5069
5071
5072
5072
5072
5073
5074
5074
5074
5077
5079
5080
5080
5081
5081
5086
5087
5088
5088
5090
5091
5092
5092
5097
5099
5100
5101
5104
5104
5105
5106
5106
5106
5106
5107
5109
5109
5110
5110
5111
5111
5111
5111
5111
5113
5115
5117
5120
5121
5121
5122
5123
5125
5126
5127
5130
5130
5131
5132
5132
5133
5135
5135
5136
5136
5136
5140
5140
5142
5143
5143
5144
5144
5144
5144
5145
5145
5146
5148
5151
5151
5151
5152
5152
5154
5154
5154
5154
5156
5156
5157
5157
5160
5161
5161
5163
5165
5166
5172
5173
5173
5174
5174
5174
5174
5174
5175
5176
5177
5181
5182
5183
5184
5184
5185
5185
5186
5188
5189
5189
5192
5193
5193
5194
5194
5195
5196
5196
5197
5197
5200
5200
5200
5203
5203
5204
5205
5206
5207
5207
5208
5208
5209
5210
5212
5213
5213
5213
5213
5213
5214
5215
5216
5219
5220
5221
5221
5221
5222
5222
5222
5223
5224
5226
5226
5226
5227
5228
5228
5228
5229
5230
5230
5231
5231
5232
5232
5232
5233
5233
5234
5235
5235
5236
5236
5236
5236
5237
5237
5243
5244
5244
5245
5247
5247
5248
5248
5249
5249
5250
5253
5253
5253
5254
5254
5254
5256
5256
5257
5259
5262
5263
5263
5264
5265
5267
5268
5269
5270
5271
5273
5273
5275
5276
5278
5278
5278
5278
5280
5281
5284
5285
5285
5285
5286
5287
5288
5288
5288
5289
5291
5291
5293
5293
5295
5296
5296
5297
5297
5299
5300
5301
5301
5302
5304
5308
5308
5308
5308
5309
5310
5310
5310
5312
5312
5313
5313
5314
5315
5316
5318
5321
5323
5325
5325
5326
5326
5328
5329
5329
5333
5333
5335
5336
5337
5339
5339
5340
5341
5341
5343
5344
5344
5345
5347
5348
5349
5352
5353
5353
5353
5357
5357
5357
5358
5360
5363
5363
5363
5363
5363
5364
5364
5364
5364
5365
5367
5368
5370
5370
5371
5372
5373
5373
5374
5374
5375
5377
5377
5381
5382
5383
5383
5384
5384
5385
5387
5388
5388
5388
5391
5392
5392
5393
5394
5395
5397
5397
5400
5403
5403
5404
5406
5406
5408
5408
5409
5410
5410
5410
5413
5413
5413
5415
5415
5417
5418
5418
5419
5419
5420
5421
5421
5421
5423
5423
5424
5425
5426
5427
5428
5429
5429
5430
5430
5430
5432
5432
5433
5434
5434
5436
5437
5437
5437
5438
5438
5438
5440
5440
5441
5441
5442
5442
5442
5444
5446
5446
5447
5448
5448
5448
5452
5453
5453
5453
5454
5454
5457
5457
5458
5459
5459
5461
5461
5461
5461
5464
5467
5468
5468
5470
5471
5471
5472
5473
5476
5476
5476
5478
5478
5479
5480
5481
5481
5481
5484
5485
5486
5487
5488
5489
5492
5492
5492
5494
5495
5496
5496
5497
5497
5499
5500
5501
5502
5502
5502
5505
5506
5508
5511
5512
5512
5513
5513
5514
5515
5517
5517
5518
5518
5518
5519
5520
5520
5521
5521
5522
5523
5524
5525
5525
5526
5527
5527
5527
5528
5529
5532
5532
5533
5534
5534
5535
5536
5537
5537
5537
5537
5539
5539
5540
5540
5545
5545
5547
5548
5548
5550
5550
5550
5552
5552
5552
5558
5560
5562
5562
5565
5566
5566
5566
5569
5571
5571
5572
5572
5573
5574
5574
5580
5580
5581
5581
5582
5582
5583
5583
5583
5585
5587
5587
5590
5590
5590
5591
5592
5593
5593
5593
5595
5595
5596
5596
5598
5601
5602
5603
5606
5607
5607
5608
5611
5612
5613
5613
5615
5615
5615
5616
5616
5619
5619
5620
5620
5620
5621
5625
5626
5627
5629
5629
5629
5629
5631
5633
5634
5636
5636
5638
5639
5640
5641
5641
5643
5646
5648
5649
5650
5653
5653
5654
5655
5655
5656
5656
5657
5657
5657
5661
5662
5664
5664
5666
5669
5669
5670
5671
5671
5674
5677
5679
5679
5680
5681
5683
5683
5684
5685
5685
5687
5687
5688
5690
5690
5690
5692
5693
5693
5695
5697
5698
5698
5698
5700
5701
5702
5702
5702
5702
5702
5704
5707
5709
5710
5710
5714
5714
5714
5717
5720
5721
5729
5729
5730
5730
5730
5737
5738
5738
5739
5740
5742
5743
5744
5744
5746
5747
5750
5750
5750
5751
5752
5754
5755
5755
5757
5758
5759
5760
5761
5761
5762
5762
5763
5763
5763
5764
5765
5765
5767
5767
5768
5768
5770
5773
5776
5776
5779
5779
5780
5782
5784
5785
5787
5787
5787
5787
5788
5790
5790
5790
5794
5795
5797
5797
5797
5797
5798
5800
5801
5802
5802
5803
5806
5806
5806
5807
5807
5808
5811
5811
5812
5818
5819
5820
5820
5829
5831
5831
5832
5832
5834
5834
5834
5835
5836
5836
5838
5838
5839
5839
5840
5841
5842
5843
5843
5844
5844
5844
5844
5845
5845
5846
5847
5849
5850
5852
5852
5853
5854
5855
5856
5856
5856
5856
5857
5860
5861
5862
5862
5863
5863
5865
5866
5869
5870
5872
5872
5873
5874
5876
5876
5877
5880
5882
5883
5883
5883
5884
5887
5889
5889
5889
5890
5893
5895
5895
5896
5898
5900
5901
5902
5904
5904
5905
5906
5908
5909
5910
5911
5912
5912
5913
5915
5915
5917
5917
5918
5918
5918
5919
5919
5920
5922
5924
5925
5926
5928
5929
5929
5930
5931
5933
5933
5934
5934
5939
5940
5940
5940
5941
5942
5943
5943
5944
5947
5949
5950
5951
5953
5953
5953
5954
5956
5957
5958
5959
5960
5962
5962
5962
5963
5964
5965
5965
5966
5966
5966
5968
5969
5972
5972
5973
5975
5976
5976
5977
5977
5977
5978
5978
5980
5980
5980
5981
5982
5982
5985
5985
5989
5990
5990
5990
5991
5992
5992
5992
5995
5997
5998
6000
6000
6001
6003
6005
6006
6006
6007
6010
6010
6013
6016
6017
6018
6020
6021
6021
6021
6023
6025
6025
6025
6026
6031
6032
6032
6032
6033
6034
6035
6041
6041
6042
6042
6042
6043
6044
6045
6047
6048
6048
6048
6049
6050
6052
6052
6053
6054
6054
6057
6057
6058
6060
6061
6063
6064
6065
6067
6069
6069
6069
6069
6070
6073
6074
6074
6078
6079
6082
6082
6084
6084
6085
6085
6088
6088
6089
6091
6092
6092
6094
6096
6097
6099
6101
6101
6102
6103
6103
6105
6105
6108
6109
6110
6110
6112
6113
6113
6114
6114
6115
6116
6116
6117
6118
6119
6119
6120
6120
6122
6123
6126
6126
6129
6129
6130
6130
6130
6131
6131
6131
6132
6133
6136
6137
6138
6139
6139
6140
6140
6140
6142
6142
6142
6143
6144
6145
6148
6150
6151
6152
6152
6152
6153
6153
6154
6155
6157
6158
6159
6159
6160
6160
6160
6160
6162
6162
6163
6163
6164
6165
6165
6167
6167
6168
6168
6168
6169
6169
6169
6170
6170
6171
6178
6178
6182
6184
6187
6187
6188
6192
6192
6193
6193
6193
6194
6194
6194
6203
6204
6205
6206
6206
6208
6209
6210
6210
6211
6211
6213
6213
6214
6215
6217
6217
6218
6218
6219
6221
6221
6222
6223
6224
6224
6225
6226
6227
6229
6231
6233
6234
6234
6234
6234
6236
6237
6240
6240
6241
6241
6242
6242
6243
6244
6250
6251
6252
6252
6253
6253
6254
6255
6256
6256
6257
6258
6258
6258
6258
6262
6263
6263
6263
6263
6263
6264
6267
6267
6268
6268
6269
6270
6270
6273
6273
6273
6273
6273
6275
6276
6276
6277
6280
6282
6283
6285
6287
6289
6291
6292
6292
6293
6293
6294
6294
6296
6296
6297
6297
6299
6299
6299
6299
6300
6300
6301
6301
6301
6302
6302
6303
6304
6304
6305
6306
6308
6312
6313
6313
6313
6313
6314
6314
6314
6314
6319
6319
6323
6324
6324
6324
6324
6325
6327
6329
6330
6337
6341
6342
6343
6343
6343
6344
6344
6345
6346
6348
6349
6349
6351
6351
6352
6352
6354
6357
6357
6358
6359
6359
6360
6361
6362
6362
6363
6364
6368
6368
6370
6371
6373
6373
6374
6375
6376
6376
6377
6378
6378
6378
6379
6380
6381
6382
6385
6386
6386
6387
6390
6391
6391
6392
6392
6393
6393
6396
6397
6398
6400
6402
6402
6402
6402
6403
6403
6403
6404
6404
6405
6405
6406
6407
6408
6408
6410
6413
6413
6414
6414
6415
6417
6417
6417
6418
6419
6421
6421
6421
6421
6424
6427
6427
6428
6428
6429
6429
6429
6430
6432
6435
6436
6436
6436
6437
6437
6442
6446
6449
6450
6451
6452
6453
6456
6456
6456
6456
6459
6461
6463
6464
6465
6469
6469
6469
6469
6472
6472
6473
6473
6473
6474
6474
6474
6475
6475
6476
6477
6477
6479
6480
6480
6480
6482
6484
6484
6485
6486
6487
6489
6489
6491
6493
6495
6496
6497
6500
6500
6501
6501
6503
6504
6506
6508
6509
6511
6511
6512
6512
6512
6514
6514
6515
6518
6518
6519
6520
6521
6521
6521
6525
6525
6526
6527
6527
6528
6529
6529
6529
6531
6532
6532
6533
6534
6536
6536
6539
6540
6541
6544
6544
6544
6545
6545
6548
6551
6552
6555
6557
6557
6559
6559
6560
6560
6561
6562
6563
6563
6564
6564
6566
6567
6567
6568
6569
6570
6571
6571
6574
6574
6575
6575
6577
6578
6580
6581
6581
6582
6583
6583
6586
6586
6587
6588
6591
6592
6593
6594
6594
6594
6594
6595
6599
6600
6602
6602
6603
6603
6605
6606
6606
6606
6606
6608
6608
6609
6610
6612
6613
6614
6615
6616
6617
6618
6619
6620
6622
6624
6625
6626
6626
6626
6626
6626
6627
6627
6630
6631
6632
6632
6633
6633
6633
6634
6634
6634
6635
6636
6638
6640
6640
6641
6642
6642
6642
6643
6643
6644
6644
6645
6645
6646
6647
6647
6647
6647
6651
6652
6655
6655
6656
6657
6657
6657
6659
6661
6662
6663
6664
6664
6665
6665
6666
6667
6667
6667
6671
6672
6674
6674
6674
6674
6675
6676
6676
6676
6677
6677
6678
6679
6680
6680
6680
6681
6682
6684
6685
6685
6688
6689
6689
6689
6689
6689
6690
6691
6691
6692
6693
6693
6695
6697
6699
6700
6704
6705
6706
6709
6710
6710
6711
6713
6714
6715
6716
6717
6717
6720
6721
6723
6724
6725
6725
6727
6727
6728
6728
6729
6729
6731
6732
6733
6733
6733
6734
6735
6735
6735
6735
6737
6738
6740
6741
6741
6742
6743
6744
6746
6747
6747
6747
6748
6748
6748
6748
6752
6753
6753
6753
6755
6758
6758
6762
6763
6765
6768
6768
6769
6770
6771
6771
6774
6775
6775
6775
6776
6777
6778
6778
6779
6779
6779
6780
6781
6782
6782
6783
6784
6784
6785
6785
6788
6788
6788
6789
6789
6790
6790
6790
6791
6791
6791
6793
6793
6794
6794
6795
6795
6795
6796
6797
6797
6798
6798
6800
6800
6802
6803
6805
6809
6809
6809
6809
6811
6812
6812
6815
6815
6815
6816
6816
6818
6819
6819
6819
6820
6820
6821
6822
6825
6826
6828
6829
6832
6832
6832
6835
6837
6837
6837
6838
6838
6841
6843
6843
6845
6846
6847
6847
6849
6849
6850
6851
6853
6854
6855
6856
6858
6858
6858
6858
6859
6860
6861
6861
6863
6864
6865
6867
6868
6870
6872
6873
6874
6874
6875
6876
6876
6877
6878
6880
6880
6882
6883
6885
6885
6885
6886
6886
6887
6887
6889
6889
6889
6891
6892
6895
6896
6899
6900
6900
6901
6902
6902
6905
6906
6908
6908
6908
6908
6912
6912
6914
6914
6915
6915
6915
6917
6917
6918
6919
6919
6919
6923
6923
6924
6924
6926
6927
6928
6928
6932
6933
6935
6935
6935
6936
6941
6941
6942
6942
6943
6944
6945
6946
6948
6949
6949
6949
6950
6950
6951
6951
6952
6953
6954
6954
6955
6959
6959
6962
6963
6964
6965
6967
6967
6967
6968
6968
6969
6969
6970
6970
6970
6972
6972
6973
6974
6974
6975
6975
6976
6976
6977
6977
6978
6978
6978
6978
6979
6983
6983
6985
6987
6988
6988
6990
6992
6992
6992
6994
6994
6995
6995
6997
6998
6999
7001
7003
7005
7005
7005
7005
7006
7006
7006
7006
7006
7010
7010
7012
7014
7015
7015
7015
7015
7015
7015
7017
7017
7022
7023
7023
7025
7025
7027
7028
7029
7030
7031
7032
7033
7033
7033
7034
7034
7034
7037
7038
7039
7039
7039
7040
7040
7041
7042
7042
7044
7045
7046
7047
7048
7048
7050
7050
7051
7054
7056
7056
7057
7057
7057
7059
7061
7061
7061
7064
7065
7065
7065
7066
7067
7069
7072
7072
7074
7074
7076
7077
7078
7078
7079
7080
7080
7082
7083
7086
7087
7087
7088
7091
7091
7093
7097
7097
7098
7099
7099
7099
7099
7102
7104
7105
7108
7110
7111
7112
7112
7112
7113
7113
7115
7115
7117
7121
7121
7122
7122
7122
7127
7127
7129
7130
7131
7131
7132
7132
7132
7133
7133
7134
7135
7135
7137
7137
7139
7140
7140
7143
7144
7145
7145
7145
7146
7146
7147
7148
7148
7148
7149
7151
7152
7154
7155
7155
7157
7157
7157
7158
7158
7159
7160
7161
7161
7161
7161
7162
7162
7163
7164
7164
7166
7167
7167
7167
7169
7169
7170
7171
7171
7171
7172
7172
7173
7175
7180
7180
7181
7182
7183
7183
7184
7185
7186
7188
7188
7189
7190
7192
7192
7194
7194
7196
7197
7199
7200
7201
7202
7202
7202
7203
7205
7206
7206
7208
7212
7214
7215
7216
7216
7216
7217
7218
7219
7219
7219
7220
7221
7222
7224
7225
7225
7228
7230
7231
7232
7233
7233
7236
7237
7238
7239
7239
7239
7240
7242
7242
7244
7244
7245
7246
7249
7250
7252
7252
7253
7256
7257
7258
7259
7260
7260
7261
7261
7263
7263
7263
7265
7265
7266
7266
7266
7268
7269
7269
7270
7270
7270
7271
7272
7272
7274
7274
7274
7275
7276
7277
7277
7278
7278
7278
7279
7281
7283
7284
7284
7284
7284
7285
7286
7287
7288
7288
7289
7291
7294
7295
7295
7297
7298
7298
7301
7301
7303
7304
7308
7308
7310
7312
7315
7315
7315
7316
7318
7318
7318
7320
7322
7323
7323
7324
7324
7325
7325
7327
7328
7329
7332
7332
7333
7336
7336
7338
7338
7341
7342
7345
7346
7349
7353
7354
7354
7355
7355
7357
7359
7359
7359
7359
7359
7360
7362
7362
7362
7363
7364
7364
7365
7366
7367
7367
7367
7367
7367
7369
7370
7370
7372
7373
7374
7375
7376
7377
7380
7381
7381
7383
7383
7383
7384
7384
7385
7388
7388
7389
7390
7391
7392
7392
7393
7395
7395
7395
7397
7397
7398
7399
7399
7399
7399
7399
7400
7401
7402
7403
7406
7407
7407
7407
7410
7413
7413
7416
7416
7417
7417
7420
7420
7421
7421
7423
7426
7427
7428
7430
7431
7432
7435
7435
7435
7436
7436
7436
7437
7438
7438
7439
7439
7440
7440
7441
7443
7445
7446
7447
7448
7450
7450
7450
7452
7453
7454
7454
7454
7459
7460
7460
7461
7461
7463
7463
7463
7463
7464
7465
7466
7466
7466
7467
7468
7469
7470
7471
7472
7477
7479
7480
7482
7482
7484
7484
7485
7485
7488
7488
7489
7490
7490
7492
7493
7494
7494
7496
7499
7501
7501
7504
7504
7504
7505
7505
7505
7507
7510
7511
7511
7512
7514
7515
7515
7515
7519
7519
7519
7520
7521
7522
7526
7527
7530
7531
7531
7531
7536
7536
7536
7539
7541
7541
7542
7543
7543
7545
7547
7549
7552
7553
7556
7557
7561
7562
7563
7564
7566
7567
7567
7569
7570
7571
7572
7572
7573
7573
7574
7574
7575
7577
7577
7577
7578
7578
7579
7579
7582
7582
7582
7582
7583
7583
7584
7586
7586
7586
7587
7591
7592
7593
7593
7594
7594
7595
7595
7595
7597
7597
7597
7598
7600
7600
7601
7602
7603
7604
7605
7605
7607
7609
7610
7610
7611
7613
7615
7616
7617
7618
7620
7620
7621
7621
7621
7622
7623
7624
7625
7626
7627
7628
7629
7629
7630
7631
7631
7632
7633
7634
7635
7636
7637
7638
7639
7640
7641
7641
7642
7642
7642
7643
7644
7645
7645
7646
7648
7648
7648
7649
7649
7649
7650
7650
7652
7652
7653
7654
7654
7655
7663
7664
7664
7668
7668
7668
7669
7669
7670
7673
7674
7674
7674
7674
7674
7675
7675
7675
7677
7678
7679
7679
7680
7680
7683
7684
7684
7685
7686
7686
7686
7687
7687
7688
7688
7689
7690
7690
7692
7692
7694
7695
7697
7697
7699
7699
7700
7702
7704
7704
7705
7705
7705
7708
7709
7709
7711
7712
7713
7714
7714
7715
7715
7716
7717
7717
7719
7719
7720
7720
7721
7724
7725
7725
7726
7726
7727
7728
7728
7728
7728
7728
7729
7729
7730
7731
7731
7731
7732
7732
7732
7732
7733
7734
7735
7735
7736
7736
7736
7737
7738
7738
7739
7739
7741
7741
7742
7742
7742
7743
7743
7743
7743
7746
7746
7748
7750
7750
7751
7752
7753
7753
7753
7754
7756
7757
7758
7759
7759
7760
7761
7761
7762
7762
7764
7765
7766
7766
7769
7769
7770
7772
7772
7773
7773
7775
7775
7776
7777
7778
7780
7780
7781
7782
7783
7784
7785
7785
7786
7786
7786
7786
7788
7790
7790
7791
7792
7795
7795
7795
7797
7797
7798
7799
7803
7803
7804
7805
7805
7805
7805
7806
7806
7806
7806
7809
7809
7811
7811
7812
7812
7815
7815
7815
7815
7816
7816
7817
7818
7818
7819
7819
7819
7822
7822
7822
7823
7823
7823
7824
7825
7828
7829
7830
7831
7832
7833
7834
7834
7834
7834
7835
7836
7838
7838
7842
7844
7845
7847
7848
7848
7848
7849
7849
7849
7850
7852
7855
7855
7857
7857
7858
7862
7863
7863
7865
7866
7866
7867
7867
7869
7872
7872
7874
7875
7877
7881
7882
7882
7882
7882
7885
7885
7886
7887
7889
7890
7895
7896
7897
7897
7897
7898
7898
7900
7907
7909
7910
7911
7912
7912
7912
7912
7913
7913
7914
7915
7915
7916
7917
7918
7919
7921
7922
7925
7926
7926
7926
7926
7927
7931
7931
7932
7932
7932
7933
7933
7934
7936
7936
7936
7936
7936
7936
7937
7938
7940
7943
7945
7945
7946
7946
7946
7947
7948
7948
7952
7952
7952
7953
7953
7954
7954
7954
7955
7957
7958
7959
7960
7961
7962
7963
7963
7963
7963
7966
7966
7967
7969
7970
7971
7972
7973
7973
7975
7975
7976
7976
7979
7980
7980
7981
7982
7983
7983
7984
7984
7986
7987
7987
7988
7988
7988
7990
7990
7991
7992
7992
7993
7996
7996
7998
7998
7999
8001
8005
8005
8005
8006
8006
8007
8007
8008
8009
8009
8009
8009
8009
8010
8010
8014
8014
8020
8020
8021
8022
8023
8024
8025
8026
8026
8027
8029
8029
8030
8031
8031
8032
8036
8037
8038
8039
8040
8041
8041
8043
8045
8046
8046
8046
8048
8048
8049
8049
8049
8051
8052
8053
8053
8053
8053
8055
8058
8059
8060
8062
8064
8066
8066
8066
8068
8069
8071
8073
8074
8075
8075
8075
8075
8076
8076
8076
8079
8083
8085
8085
8085
8086
8086
8086
8087
8087
8090
8095
8096
8097
8098
8100
8100
8100
8102
8102
8102
8103
8103
8105
8106
8107
8107
8108
8109
8110
8110
8113
8114
8114
8115
8118
8118
8118
8119
8119
8120
8121
8123
8124
8124
8124
8126
8127
8128
8129
8130
8133
8134
8135
8135
8136
8137
8137
8138
8140
8141
8142
8144
8145
8146
8148
8149
8150
8150
8150
8153
8153
8153
8153
8154
8154
8155
8155
8158
8161
8166
8167
8168
8169
8170
8171
8171
8172
8172
8174
8175
8176
8176
8176
8178
8178
8179
8180
8181
8182
8182
8184
8184
8186
8186
8187
8188
8190
8191
8191
8192
8192
8195
8195
8197
8197
8201
8203
8203
8203
8204
8205
8206
8207
8208
8210
8211
8212
8213
8213
8214
8214
8215
8215
8216
8217
8218
8220
8220
8221
8224
8224
8225
8227
8231
8232
8235
8235
8236
8236
8239
8239
8240
8243
8244
8245
8245
8245
8246
8246
8246
8246
8247
8248
8248
8253
8253
8256
8256
8257
8259
8259
8260
8262
8262
8264
8264
8264
8265
8265
8266
8266
8267
8269
8269
8269
8269
8272
8276
8276
8278
8278
8280
8282
8282
8284
8286
8286
8286
8287
8287
8288
8288
8288
8289
8289
8290
8290
8292
8293
8293
8294
8296
8297
8299
8302
8303
8303
8305
8305
8305
8307
8307
8308
8308
8308
8310
8310
8311
8314
8316
8317
8317
8318
8320
8321
8322
8323
8323
8325
8326
8326
8326
8327
8329
8330
8333
8334
8337
8338
8339
8340
8340
8341
8342
8342
8344
8345
8346
8347
8349
8351
8352
8352
8352
8353
8355
8356
8358
8358
8360
8361
8361
8362
8363
8363
8364
8365
8365
8372
8373
8373
8373
8373
8374
8374
8375
8376
8377
8378
8379
8380
8380
8382
8382
8386
8387
8388
8395
8396
8396
8398
8399
8400
8401
8402
8404
8404
8406
8406
8406
8406
8407
8409
8412
8412
8413
8413
8413
8413
8415
8415
8415
8415
8415
8416
8418
8420
8421
8422
8423
8424
8424
8425
8427
8431
8431
8432
8433
8433
8436
8439
8441
8443
8443
8444
8445
8445
8447
8448
8449
8449
8452
8455
8456
8458
8458
8458
8460
8460
8460
8463
8467
8467
8468
8468
8472
8472
8472
8472
8472
8472
8473
8473
8473
8476
8476
8478
8478
8481
8484
8488
8489
8489
8490
8491
8492
8493
8495
8495
8497
8498
8499
8499
8500
8500
8502
8504
8506
8506
8506
8507
8507
8508
8508
8508
8509
8510
8510
8510
8510
8511
8512
8513
8515
8516
8519
8520
8520
8525
8525
8526
8526
8528
8529
8529
8530
8531
8532
8532
8533
8534
8536
8539
8540
8542
8544
8544
8544
8545
8545
8548
8550
8552
8553
8554
8555
8556
8558
8560
8561
8562
8563
8564
8566
8568
8569
8570
8571
8572
8576
8577
8577
8577
8577
8578
8579
8579
8579
8580
8581
8581
8582
8582
8583
8583
8584
8584
8589
8591
8591
8593
8594
8596
8596
8597
8597
8597
8598
8599
8599
8600
8601
8604
8606
8606
8607
8608
8610
8611
8613
8613
8614
8615
8616
8617
8618
8619
8620
8620
8620
8621
8621
8621
8622
8622
8625
8626
8626
8626
8626
8628
8630
8630
8630
8631
8631
8631
8632
8632
8634
8638
8639
8640
8641
8641
8642
8642
8642
8643
8648
8648
8649
8649
8652
8653
8654
8656
8658
8659
8660
8660
8661
8662
8663
8664
8664
8664
8665
8665
8669
8669
8669
8671
8675
8675
8675
8676
8676
8676
8677
8678
8679
8679
8681
8682
8683
8684
8684
8684
8687
8687
8688
8688
8688
8690
8691
8691
8691
8692
8693
8693
8693
8695
8695
8698
8700
8700
8701
8701
8702
8702
8703
8703
8705
8706
8708
8708
8710
8710
8711
8712
8712
8714
8715
8716
8717
8718
8721
8722
8722
8723
8724
8724
8726
8726
8729
8730
8732
8732
8733
8735
8735
8736
8736
8736
8737
8738
8738
8739
8739
8739
8741
8742
8743
8744
8745
8746
8748
8749
8750
8750
8750
8751
8752
8752
8753
8755
8755
8755
8757
8757
8758
8760
8763
8766
8766
8767
8769
8769
8774
8774
8779
8780
8780
8780
8781
8783
8783
8784
8784
8784
8785
8786
8786
8790
8791
8791
8792
8794
8795
8796
8796
8796
8797
8797
8798
8799
8799
8800
8803
8803
8804
8805
8806
8806
8807
8809
8810
8810
8810
8810
8811
8813
8816
8816
8817
8818
8819
8822
8823
8823
8824
8824
8824
8827
8828
8828
8828
8828
8829
8829
8831
8831
8832
8834
8836
8837
8837
8838
8838
8839
8841
8841
8841
8842
8843
8844
8845
8847
8847
8849
8850
8851
8852
8853
8854
8854
8859
8860
8860
8861
8861
8861
8863
8863
8864
8864
8865
8865
8867
8867
8868
8871
8872
8873
8874
8879
8879
8880
8882
8882
8883
8884
8884
8885
8886
8886
8887
8888
8889
8889
8889
8890
8891
8892
8895
8895
8897
8897
8897
8898
8898
8900
8900
8901
8904
8905
8907
8907
8908
8908
8909
8910
8911
8911
8912
8912
8913
8914
8919
8920
8920
8921
8922
8923
8923
8923
8926
8926
8927
8927
8928
8929
8932
8934
8935
8935
8935
8936
8938
8938
8938
8940
8942
8946
8946
8946
8948
8948
8949
8951
8952
8953
8954
8956
8957
8957
8957
8958
8959
8959
8961
8963
8965
8965
8967
8968
8968
8969
8971
8971
8972
8973
8974
8976
8977
8980
8982
8982
8983
8983
8986
8987
8988
8988
8989
8990
8991
8992
8992
8994
8995
8996
8996
8997
9000
9000
9001
9002
9002
9005
9006
9007
9008
9008
9009
9010
9010
9012
9013
9014
9015
9016
9017
9017
9020
9020
9021
9022
9029
9030
9031
9033
9034
9037
9038
9038
9039
9040
9040
9040
9042
9043
9043
9045
9047
9047
9047
9048
9048
9049
9049
9050
9051
9053
9053
9054
9055
9058
9059
9059
9060
9061
9062
9062
9062
9062
9062
9063
9064
9069
9069
9070
9071
9071
9073
9073
9073
9073
9074
9076
9080
9082
9082
9082
9083
9084
9084
9086
9089
9089
9091
9092
9092
9093
9095
9095
9095
9096
9097
9098
9105
9107
9108
9111
9111
9113
9115
9117
9117
9119
9120
9120
9120
9121
9121
9122
9122
9123
9123
9123
9126
9126
9128
9128
9129
9129
9132
9133
9136
9137
9137
9137
9137
9137
9138
9140
9141
9141
9142
9143
9145
9145
9146
9149
9150
9154
9154
9155
9155
9158
9159
9159
9160
9161
9161
9163
9166
9166
9167
9169
9171
9171
9172
9174
9174
9175
9177
9177
9178
9178
9180
9180
9180
9181
9183
9183
9185
9187
9187
9189
9189
9190
9190
9191
9196
9198
9199
9200
9201
9202
9204
9204
9205
9206
9206
9207
9208
9208
9209
9210
9211
9211
9212
9214
9215
9215
9215
9216
9216
9216
9218
9220
9222
9223
9224
9226
9227
9227
9227
9228
9231
9231
9232
9233
9234
9235
9236
9236
9237
9238
9239
9240
9240
9241
9241
9242
9243
9243
9244
9245
9247
9247
9249
9249
9250
9251
9252
9252
9253
9253
9255
9255
9256
9256
9256
9257
9257
9259
9260
9260
9261
9262
9263
9263
9265
9271
9272
9272
9274
9274
9276
9278
9279
9280
9281
9281
9284
9284
9286
9286
9288
9289
9289
9290
9290
9292
9293
9296
9297
9297
9297
9297
9299
9299
9304
9305
9306
9306
9310
9312
9313
9315
9315
9316
9317
9317
9317
9318
9319
9319
9322
9323
9323
9325
9326
9327
9327
9329
9330
9330
9333
9333
9336
9336
9339
9340
9340
9340
9341
9341
9342
9343
9343
9343
9343
9343
9345
9347
9348
9349
9350
9351
9353
9353
9353
9353
9355
9355
9355
9356
9358
9358
9359
9359
9360
9360
9364
9366
9366
9367
9367
9368
9369
9370
9370
9370
9371
9374
9375
9376
9377
9378
9379
9379
9381
9383
9384
9385
9386
9386
9388
9390
9390
9390
9392
9395
9395
9396
9398
9399
9399
9400
9401
9402
9403
9404
9406
9406
9406
9408
9408
9411
9414
9414
9415
9416
9417
9418
9419
9419
9420
9421
9421
9421
9422
9422
9423
9424
9425
9426
9427
9427
9428
9429
9430
9430
9430
9432
9432
9432
9433
9433
9434
9435
9437
9438
9441
9444
9446
9447
9447
9448
9448
9449
9450
9451
9452
9453
9457
9459
9460
9461
9462
9463
9463
9464
9466
9467
9467
9467
9468
9468
9469
9469
9469
9470
9474
9477
9477
9479
9479
9479
9480
9481
9483
9483
9485
9485
9486
9486
9487
9487
9487
9488
9490
9491
9493
9493
9493
9493
9494
9495
9496
9500
9500
9501
9502
9502
9503
9503
9504
9505
9506
9508
9509
9510
9513
9514
9514
9514
9515
9518
9518
9519
9519
9520
9521
9523
9523
9524
9524
9525
9526
9531
9533
9534
9535
9536
9537
9539
9539
9540
9540
9541
9541
9541
9543
9544
9547
9547
9549
9550
9553
9553
9554
9557
9557
9557
9557
9559
9560
9562
9562
9562
9563
9563
9565
9565
9565
9566
9567
9568
9569
9570
9570
9571
9573
9573
9574
9576
9576
9578
9580
9580
9581
9583
9585
9585
9585
9586
9587
9590
9591
9592
9596
9597
9599
9602
9603
9604
9604
9605
9605
9606
9606
9607
9607
9608
9609
9613
9613
9615
9616
9617
9618
9618
9619
9619
9621
9622
9622
9623
9625
9625
9625
9626
9628
9629
9630
9631
9633
9633
9633
9636
9638
9639
9639
9639
9640
9640
9640
9641
9643
9643
9645
9646
9646
9647
9647
9648
9649
9649
9652
9653
9654
9655
9656
9656
9657
9657
9657
9659
9659
9659
9659
9659
9660
9660
9662
9663
9663
9664
9664
9665
9665
9667
9668
9669
9670
9671
9671
9672
9672
9673
9675
9676
9676
9676
9681
9682
9682
9682
9682
9685
9685
9685
9686
9686
9686
9686
9687
9691
9691
9693
9693
9697
9697
9697
9700
9701
9702
9703
9703
9706
9713
9714
9716
9716
9717
9718
9722
9723
9724
9724
9725
9725
9726
9726
9729
9729
9730
9730
9730
9731
9732
9732
9732
9734
9734
9736
9736
9737
9738
9738
9738
9740
9743
9744
9745
9746
9751
9751
9751
9751
9753
9754
9755
9757
9757
9759
9760
9760
9760
9760
9761
9761
9762
9764
9765
9766
9768
9768
9769
9769
9770
9771
9772
9773
9773
9773
9774
9775
9776
9777
9777
9778
9780
9781
9783
9784
9785
9786
9786
9787
9789
9789
9792
9792
9793
9794
9796
9796
9796
9800
9800
9800
9802
9803
9803
9805
9806
9806
9807
9807
9807
9809
9810
9811
9812
9812
9812
9813
9816
9819
9819
9820
9821
9821
9821
9822
9822
9825
9826
9827
9827
9828
9828
9828
9829
9834
9834
9834
9834
9835
9839
9839
9839
9840
9841
9842
9844
9845
9846
9846
9848
9848
9849
9851
9854
9855
9856
9862
9863
9863
9863
9865
9865
9865
9866
9867
9868
9868
9870
9871
9873
9878
9878
9879
9884
9885
9885
9885
9886
9888
9890
9891
9891
9892
9895
9895
9896
9896
9896
9898
9898
9898
9900
9902
9903
9905
9907
9908
9910
9912
9913
9913
9913
9914
9914
9915
9922
9923
9923
9925
9927
9928
9929
9929
9932
9932
9936
9936
9937
9938
9938
9939
9940
9940
9941
9941
9947
9948
9948
9949
9951
9952
9953
9953
9954
9955
9955
9956
9956
9956
9960
9960
9961
9962
9963
9963
9964
9964
9965
9967
9967
9968
9969
9969
9970
9970
9971
9972
9974
9975
9976
9981
9986
9987
9988
9989
9989
9989
9990
9990
9991
9991
9992
9993
9994
9996
9997
9998
9999
