0
0
0
1
1
1
1
7
10
11
11
11
13
14
15
16
16
17
18
19
20
20
21
22
23
23
23
23
24
24
25
25
25
25
26
28
28
29
29
30
30
31
31
31
31
32
32
33
35
37
38
39
40
41
42
43
43
44
45
47
50
51
52
53
53
54
54
55
57
57
58
58
59
59
59
63
63
64
67
72
72
74
79
80
80
81
82
82
83
83
83
87
88
89
89
91
91
91
92
92
93
94
94
95
95
96
97
97
100
103
104
104
106
107
108
109
110
110
112
112
113
115
117
117
118
119
120
120
122
124
125
125
125
126
127
127
128
128
128
129
130
131
131
133
133
135
135
136
136
139
140
142
142
143
144
145
146
146
147
150
151
151
153
153
153
154
157
157
158
162
163
165
166
167
168
169
169
170
170
171
172
172
173
175
175
175
176
178
181
181
183
184
185
186
186
188
189
190
190
192
193
195
196
199
200
200
201
202
203
204
209
209
209
210
211
211
211
211
213
213
214
215
216
216
218
219
220
222
222
222
223
223
224
225
226
226
229
229
231
232
232
235
235
236
236
237
237
237
239
241
242
242
242
243
244
246
247
250
254
254
254
256
257
257
258
259
260
261
261
262
262
264
264
266
267
267
269
271
272
273
274
274
275
276
276
276
279
279
284
285
285
285
286
288
291
295
297
297
298
300
303
303
303
304
306
309
309
311
313
314
314
317
317
318
318
323
324
324
324
325
325
325
325
326
328
331
334
334
335
335
339
339
340
340
341
342
342
344
346
347
348
349
350
351
351
351
351
351
352
354
354
354
355
356
356
358
358
358
359
360
360
360
363
363
363
364
365
366
366
368
370
370
370
370
372
375
376
379
382
383
383
385
386
387
387
389
389
390
391
391
391
392
393
393
394
395
395
396
396
396
396
397
398
400
401
403
405
408
410
410
411
412
415
415
415
415
416
417
417
418
420
420
421
423
424
425
425
427
427
427
428
428
429
431
432
432
434
434
435
437
438
439
440
440
441
443
444
445
447
447
447
449
449
449
450
451
451
454
454
455
455
456
458
458
460
463
463
464
465
465
466
468
468
470
470
471
471
473
474
474
476
476
477
478
478
478
478
480
482
482
483
483
485
485
486
486
487
488
489
489
490
490
491
494
495
496
497
498
499
501
501
503
503
504
504
505
506
507
507
508
510
510
510
511
513
513
514
515
517
518
519
519
521
523
523
524
525
526
526
526
527
528
530
531
532
533
534
537
539
539
540
541
542
542
543
546
546
550
553
553
554
554
554
555
556
557
557
558
565
567
567
567
568
569
570
571
572
573
575
577
578
578
578
578
578
578
580
580
580
582
583
585
585
587
588
588
589
591
591
591
592
593
593
595
595
596
596
597
598
599
600
603
611
612
616
616
617
618
620
620
621
623
626
627
628
630
630
631
631
633
635
636
637
638
638
638
638
638
639
639
639
639
640
640
641
641
641
641
642
643
643
644
644
646
647
651
653
653
654
654
656
658
658
659
659
660
661
663
664
664
666
667
668
668
669
669
670
671
672
672
674
675
676
676
676
677
678
679
681
681
683
683
684
684
685
686
688
689
690
690
691
692
696
696
696
696
697
697
697
700
701
703
704
705
705
705
707
707
708
709
709
710
710
711
713
713
714
715
717
717
717
717
719
719
721
721
722
723
725
726
728
728
729
729
729
729
729
730
731
735
737
738
738
738
741
741
742
742
743
744
747
747
748
748
750
750
750
751
752
752
752
754
754
756
757
757
757
758
759
759
759
759
759
760
761
763
763
765
766
767
768
769
769
769
771
771
773
773
774
775
776
777
778
781
783
783
784
787
787
787
789
789
790
790
790
791
793
794
795
796
798
799
800
801
802
803
804
804
804
805
806
810
811
812
812
814
815
815
816
816
818
819
820
822
827
829
830
833
833
834
836
836
838
840
840
840
840
841
842
842
844
844
846
848
848
848
848
849
849
851
853
853
854
855
856
856
857
858
858
860
861
861
863
863
864
866
867
868
873
876
877
877
877
881
884
884
886
887
888
889
889
891
894
895
896
899
899
900
900
901
901
902
906
907
907
907
908
909
909
909
910
911
911
912
912
914
920
926
926
926
929
933
933
934
934
936
937
937
938
939
939
943
944
945
945
946
948
948
948
949
950
950
952
952
953
954
955
956
957
959
963
964
965
966
966
967
973
974
975
979
979
979
980
981
984
984
984
985
987
987
987
988
991
991
992
992
993
994
996
998
998
999
1001
1005
1006
1009
1010
1010
1011
1012
1013
1014
1015
1015
1016
1019
1019
1021
1022
1022
1022
1023
1024
1027
1029
1030
1033
1033
1033
1035
1036
1036
1037
1037
1040
1040
1044
1044
1044
1046
1046
1047
1051
1051
1053
1053
1054
1054
1055
1056
1056
1058
1059
1060
1062
1063
1065
1066
1068
1068
1069
1069
1069
1070
1073
1074
1075
1076
1077
1077
1077
1078
1078
1078
1082
1083
1083
1086
1087
1088
1089
1092
1093
1094
1096
1096
1101
1101
1102
1103
1103
1106
1107
1108
1108
1109
1111
1111
1113
1113
1115
1118
1119
1120
1122
1123
1126
1127
1128
1128
1131
1132
1133
1133
1134
1135
1136
1137
1138
1140
1141
1142
1143
1143
1144
1146
1146
1149
1150
1151
1153
1153
1155
1157
1159
1161
1161
1163
1164
1167
1168
1169
1171
1172
1175
1175
1181
1182
1183
1183
1186
1188
1190
1190
1194
1194
1195
1195
1196
1197
1199
1199
1199
1199
1200
1203
1204
1204
1207
1208
1209
1209
1210
1211
1213
1213
1213
1213
1214
1217
1217
1217
1217
1218
1220
1220
1220
1222
1225
1226
1226
1227
1230
1232
1233
1234
1235
1237
1237
1237
1238
1239
1240
1240
1240
1240
1242
1243
1251
1251
1253
1254
1256
1258
1258
1258
1261
1262
1262
1262
1263
1264
1264
1264
1265
1265
1265
1266
1266
1266
1268
1269
1271
1272
1272
1272
1273
1275
1277
1277
1278
1278
1279
1282
1282
1288
1288
1288
1290
1290
1290
1291
1291
1292
1293
1293
1294
1296
1297
1298
1299
1302
1304
1305
1306
1307
1308
1309
1310
1313
1313
1313
1314
1315
1316
1316
1319
1321
1323
1323
1325
1326
1327
1328
1330
1331
1335
1337
1338
1339
1340
1340
1340
1340
1341
1344
1344
1344
1345
1346
1349
1352
1353
1354
1354
1354
1355
1357
1357
1358
1358
1360
1362
1362
1362
1362
1362
1362
1363
1364
1366
1366
1367
1368
1368
1369
1371
1371
1374
1376
1376
1377
1383
1383
1383
1385
1386
1387
1387
1387
1388
1388
1392
1394
1397
1399
1400
1400
1400
1401
1403
1404
1404
1404
1406
1406
1407
1408
1410
1411
1413
1413
1414
1414
1416
1416
1416
1417
1418
1419
1420
1420
1421
1421
1421
1424
1427
1427
1428
1430
1430
1433
1433
1433
1434
1435
1436
1436
1436
1438
1438
1440
1442
1443
1445
1446
1446
1446
1448
1448
1449
1450
1451
1451
1451
1451
1452
1453
1455
1456
1457
1457
1458
1458
1459
1459
1462
1462
1462
1463
1465
1465
1466
1467
1467
1467
1467
1470
1472
1472
1473
1473
1475
1475
1477
1479
1479
1479
1480
1480
1481
1481
1481
1482
1482
1482
1483
1485
1487
1488
1490
1490
1491
1492
1493
1493
1494
1494
1495
1495
1498
1499
1501
1504
1505
1505
1507
1507
1508
1509
1509
1510
1510
1512
1512
1512
1513
1513
1515
1515
1517
1517
1519
1520
1520
1520
1521
1524
1524
1524
1524
1526
1526
1527
1528
1530
1530
1531
1537
1537
1538
1541
1543
1543
1543
1543
1544
1545
1546
1547
1547
1548
1548
1549
1550
1550
1552
1552
1553
1553
1554
1555
1555
1556
1557
1557
1557
1558
1559
1559
1562
1565
1566
1567
1568
1568
1569
1569
1571
1571
1573
1574
1575
1575
1577
1579
1579
1579
1581
1586
1586
1586
1588
1588
1591
1592
1592
1593
1594
1594
1595
1595
1596
1597
1598
1598
1598
1599
1599
1601
1601
1602
1602
1602
1606
1606
1607
1607
1607
1611
1614
1616
1617
1617
1618
1619
1619
1619
1624
1624
1625
1627
1628
1630
1630
1630
1634
1634
1634
1634
1634
1634
1636
1638
1639
1639
1644
1644
1645
1645
1645
1646
1650
1651
1655
1657
1658
1658
1661
1663
1664
1664
1667
1670
1670
1670
1671
1673
1674
1675
1675
1679
1680
1681
1681
1681
1681
1682
1684
1684
1685
1687
1688
1689
1690
1690
1690
1691
1692
1692
1694
1695
1695
1697
1698
1701
1701
1701
1703
1703
1704
1704
1706
1706
1706
1706
1709
1711
1712
1713
1714
1714
1715
1715
1716
1716
1717
1718
1719
1719
1724
1725
1732
1733
1733
1733
1733
1733
1734
1735
1737
1737
1738
1738
1739
1740
1740
1740
1741
1742
1743
1744
1745
1747
1749
1751
1752
1753
1753
1758
1759
1759
1761
1762
1765
1767
1768
1768
1769
1769
1771
1771
1774
1775
1777
1779
1779
1779
1780
1780
1780
1781
1781
1782
1782
1783
1785
1786
1788
1789
1790
1791
1792
1793
1793
1794
1794
1795
1797
1799
1800
1800
1800
1801
1803
1804
1805
1805
1806
1806
1807
1807
1808
1809
1809
1810
1811
1811
1811
1813
1813
1815
1817
1817
1818
1818
1818
1818
1819
1819
1819
1820
1820
1821
1822
1822
1822
1822
1823
1823
1826
1826
1826
1827
1830
1831
1832
1832
1832
1833
1834
1837
1837
1839
1840
1840
1841
1844
1845
1845
1847
1847
1847
1848
1849
1850
1851
1852
1853
1855
1856
1857
1857
1857
1859
1860
1861
1861
1862
1862
1864
1865
1865
1866
1868
1870
1871
1871
1875
1877
1878
1878
1878
1878
1879
1879
1879
1879
1881
1882
1882
1883
1884
1884
1885
1885
1886
1887
1890
1891
1891
1892
1893
1894
1896
1897
1897
1898
1898
1899
1899
1899
1899
1903
1903
1904
1904
1904
1905
1907
1907
1908
1908
1911
1911
1912
1912
1914
1915
1918
1920
1921
1921
1921
1921
1922
1924
1924
1926
1927
1930
1932
1932
1935
1936
1939
1941
1942
1943
1944
1944
1945
1945
1948
1948
1949
1950
1952
1952
1952
1955
1955
1955
1957
1957
1959
1960
1961
1962
1962
1962
1966
1967
1970
1972
1972
1972
1975
1976
1977
1977
1980
1981
1982
1982
1983
1987
1989
1989
1992
1994
1994
1994
1995
1996
1997
1997
1998
1999
1999
2000
2000
2000
2001
2001
2001
2003
2003
2004
2004
2005
2006
2006
2006
2010
2011
2011
2011
2012
2014
2014
2015
2017
2020
2023
2024
2025
2028
2029
2032
2032
2033
2033
2033
2034
2034
2035
2036
2037
2038
2039
2040
2042
2042
2042
2043
2045
2045
2047
2048
2048
2049
2049
2050
2050
2051
2051
2053
2054
2054
2055
2056
2059
2059
2061
2061
2063
2067
2068
2068
2069
2070
2070
2071
2072
2073
2073
2074
2075
2075
2076
2077
2079
2083
2084
2084
2084
2087
2088
2088
2088
2090
2092
2093
2094
2094
2094
2095
2095
2095
2102
2102
2103
2103
2103
2104
2105
2105
2105
2108
2110
2110
2110
2111
2113
2113
2113
2114
2115
2121
2122
2124
2124
2126
2126
2126
2129
2131
2131
2134
2134
2135
2136
2137
2139
2140
2143
2143
2145
2146
2147
2148
2148
2149
2149
2152
2153
2155
2157
2157
2157
2157
2157
2158
2160
2160
2161
2163
2163
2164
2167
2169
2169
2169
2170
2170
2171
2172
2174
2176
2179
2180
2181
2181
2182
2183
2183
2184
2186
2187
2187
2187
2192
2192
2193
2194
2194
2194
2194
2196
2197
2197
2197
2197
2197
2201
2201
2202
2204
2204
2206
2207
2207
2208
2208
2211
2213
2214
2214
2215
2216
2216
2217
2219
2219
2220
2222
2222
2223
2224
2224
2226
2227
2227
2227
2228
2231
2234
2237
2239
2239
2240
2240
2242
2242
2243
2243
2244
2245
2247
2249
2250
2250
2250
2252
2252
2253
2253
2253
2255
2255
2255
2256
2256
2259
2259
2259
2260
2260
2262
2262
2263
2263
2264
2264
2266
2268
2268
2269
2270
2270
2270
2271
2275
2275
2276
2277
2278
2279
2279
2281
2282
2284
2284
2285
2286
2286
2288
2288
2288
2289
2290
2291
2292
2294
2294
2295
2295
2296
2297
2300
2300
2302
2304
2304
2305
2306
2307
2309
2310
2314
2314
2314
2315
2318
2318
2319
2320
2321
2321
2321
2322
2323
2323
2324
2324
2326
2327
2328
2328
2329
2329
2329
2331
2333
2335
2335
2336
2337
2338
2339
2339
2341
2341
2342
2343
2344
2344
2348
2348
2348
2349
2350
2351
2353
2353
2353
2355
2356
2357
2358
2358
2360
2361
2361
2362
2363
2363
2363
2365
2366
2366
2369
2371
2372
2372
2373
2373
2375
2378
2379
2379
2382
2383
2383
2385
2386
2388
2388
2389
2390
2391
2391
2391
2392
2395
2399
2399
2401
2402
2403
2404
2408
2412
2413
2414
2414
2415
2416
2417
2417
2417
2418
2418
2418
2419
2419
2420
2422
2424
2424
2424
2426
2427
2427
2428
2429
2431
2431
2432
2433
2434
2435
2436
2438
2439
2443
2444
2446
2447
2450
2451
2451
2452
2452
2454
2454
2455
2455
2456
2457
2457
2457
2460
2460
2462
2464
2464
2464
2465
2466
2467
2467
2468
2469
2471
2472
2472
2474
2474
2474
2476
2476
2476
2478
2480
2484
2485
2486
2487
2487
2489
2490
2490
2490
2492
2493
2496
2497
2497
2498
2498
2500
2500
2501
2504
2505
2505
2506
2508
2509
2510
2511
2511
2511
2511
2512
2513
2514
2515
2515
2517
2518
2519
2519
2519
2520
2520
2520
2521
2522
2522
2523
2523
2524
2527
2527
2528
2529
2530
2532
2534
2535
2537
2541
2541
2542
2543
2544
2544
2544
2545
2545
2546
2546
2547
2547
2547
2549
2550
2551
2552
2553
2553
2556
2558
2559
2562
2562
2564
2564
2566
2566
2567
2567
2568
2570
2571
2571
2571
2574
2578
2579
2580
2581
2584
2584
2585
2585
2585
2587
2590
2590
2593
2595
2598
2599
2599
2599
2600
2601
2603
2604
2605
2605
2606
2609
2610
2610
2610
2610
2611
2612
2614
2614
2615
2616
2618
2618
2621
2621
2623
2624
2624
2624
2624
2624
2624
2624
2625
2625
2625
2626
2626
2627
2628
2629
2630
2632
2633
2634
2634
2637
2637
2639
2639
2639
2641
2642
2643
2643
2645
2645
2646
2648
2649
2650
2652
2652
2652
2654
2654
2654
2655
2655
2656
2656
2658
2658
2658
2661
2664
2664
2664
2665
2666
2668
2668
2668
2669
2670
2672
2672
2672
2673
2673
2673
2675
2677
2678
2682
2682
2682
2683
2683
2683
2683
2684
2685
2687
2688
2690
2690
2691
2692
2693
2696
2697
2697
2698
2698
2702
2702
2702
2703
2705
2706
2706
2707
2708
2709
2709
2710
2710
2711
2711
2712
2714
2714
2715
2716
2716
2719
2719
2719
2722
2727
2728
2729
2730
2730
2730
2730
2731
2733
2733
2734
2735
2737
2738
2738
2738
2738
2739
2739
2739
2742
2742
2742
2742
2743
2744
2744
2746
2746
2747
2747
2748
2748
2750
2751
2752
2754
2754
2755
2755
2758
2759
2765
2766
2767
2768
2771
2771
2773
2775
2776
2776
2778
2778
2778
2778
2780
2780
2781
2782
2783
2783
2784
2784
2784
2785
2786
2786
2788
2791
2791
2791
2793
2794
2796
2796
2797
2797
2799
2800
2801
2802
2802
2803
2803
2803
2804
2804
2805
2805
2805
2805
2806
2807
2807
2807
2809
2810
2810
2811
2812
2813
2814
2814
2814
2815
2815
2816
2817
2820
2820
2821
2823
2823
2824
2824
2825
2827
2829
2831
2831
2831
2831
2833
2834
2834
2834
2835
2837
2838
2838
2839
2839
2841
2841
2842
2843
2845
2847
2847
2847
2847
2848
2849
2849
2850
2851
2852
2852
2857
2857
2859
2859
2859
2859
2860
2860
2860
2861
2863
2863
2864
2867
2869
2870
2871
2872
2872
2873
2875
2876
2877
2877
2879
2879
2881
2888
2890
2890
2891
2892
2892
2892
2892
2894
2898
2898
2900
2900
2900
2901
2903
2903
2904
2905
2905
2905
2906
2906
2906
2907
2907
2907
2908
2908
2909
2910
2912
2914
2914
2914
2914
2918
2919
2920
2922
2924
2924
2924
2924
2925
2925
2927
2927
2928
2929
2929
2931
2932
2932
2933
2934
2939
2940
2940
2940
2941
2942
2943
2943
2943
2944
2947
2948
2948
2949
2949
2949
2951
2952
2952
2956
2959
2962
2963
2966
2967
2968
2970
2970
2970
2972
2973
2973
2974
2975
2976
2976
2976
2977
2978
2978
2980
2980
2982
2983
2984
2984
2985
2986
2987
2987
2988
2991
2992
2992
2992
2992
2993
2993
2993
2995
2996
2997
2997
2998
2999
3000
3000
3001
3002
3004
3005
3006
3006
3006
3010
3011
3013
3014
3014
3015
3015
3015
3016
3016
3017
3018
3020
3020
3021
3022
3022
3022
3023
3023
3027
3028
3028
3029
3029
3030
3032
3032
3033
3033
3033
3033
3037
3038
3039
3039
3040
3040
3042
3043
3044
3045
3045
3048
3049
3049
3050
3050
3052
3052
3053
3054
3055
3056
3056
3057
3058
3058
3059
3060
3060
3061
3061
3061
3063
3064
3069
3069
3074
3076
3078
3078
3079
3082
3082
3083
3083
3083
3087
3087
3089
3089
3090
3092
3093
3095
3098
3098
3100
3101
3101
3101
3103
3103
3104
3104
3106
3106
3107
3107
3108
3109
3110
3112
3112
3112
3113
3113
3113
3116
3116
3118
3119
3119
3119
3120
3121
3121
3121
3124
3124
3125
3126
3126
3128
3129
3129
3130
3130
3131
3132
3133
3134
3137
3139
3140
3141
3141
3142
3142
3142
3146
3148
3148
3150
3150
3152
3152
3153
3154
3154
3157
3158
3158
3158
3158
3160
3165
3165
3167
3168
3172
3174
3177
3177
3180
3182
3184
3185
3187
3188
3188
3188
3188
3190
3191
3192
3193
3194
3194
3194
3195
3195
3196
3196
3196
3197
3198
3199
3200
3201
3201
3201
3201
3202
3202
3204
3204
3205
3206
3206
3208
3210
3211
3211
3212
3212
3213
3213
3213
3213
3215
3215
3217
3218
3219
3219
3220
3220
3221
3221
3222
3228
3230
3230
3231
3233
3234
3234
3234
3240
3241
3243
3244
3244
3246
3247
3249
3249
3249
3251
3252
3255
3256
3256
3257
3257
3258
3259
3259
3259
3260
3260
3261
3263
3263
3263
3264
3265
3268
3268
3269
3270
3270
3271
3271
3276
3276
3276
3277
3278
3279
3279
3281
3281
3283
3283
3284
3284
3285
3285
3288
3288
3288
3289
3289
3289
3292
3293
3293
3295
3297
3298
3302
3304
3305
3306
3306
3306
3307
3307
3307
3309
3309
3309
3310
3311
3312
3313
3315
3316
3317
3317
3318
3319
3320
3320
3320
3320
3322
3323
3324
3325
3325
3326
3327
3327
3328
3328
3331
3332
3332
3332
3333
3333
3334
3334
3335
3335
3337
3337
3337
3338
3338
3339
3339
3342
3344
3344
3344
3346
3346
3348
3349
3349
3352
3353
3356
3357
3357
3357
3358
3358
3358
3360
3360
3361
3362
3362
3363
3363
3366
3367
3367
3368
3368
3369
3372
3374
3375
3376
3377
3379
3381
3381
3382
3382
3383
3385
3388
3388
3389
3393
3394
3394
3395
3396
3397
3398
3399
3399
3400
3400
3402
3402
3403
3404
3406
3409
3411
3412
3412
3415
3415
3417
3418
3419
3420
3420
3420
3421
3421
3421
3423
3423
3427
3428
3429
3430
3432
3432
3433
3434
3434
3435
3436
3441
3442
3443
3443
3444
3445
3446
3449
3450
3451
3452
3453
3453
3453
3454
3455
3455
3457
3457
3458
3460
3461
3462
3464
3464
3465
3467
3467
3471
3474
3476
3477
3477
3478
3479
3479
3481
3481
3482
3483
3483
3483
3485
3486
3486
3489
3491
3492
3492
3494
3494
3495
3495
3495
3496
3496
3497
3498
3500
3501
3501
3502
3503
3503
3504
3505
3506
3508
3510
3511
3516
3516
3517
3519
3519
3519
3522
3523
3523
3526
3528
3529
3529
3529
3530
3530
3531
3531
3531
3531
3532
3533
3533
3534
3534
3535
3536
3537
3539
3540
3542
3543
3544
3546
3547
3548
3548
3548
3548
3548
3549
3550
3551
3551
3553
3558
3559
3560
3560
3560
3561
3561
3562
3562
3563
3564
3566
3566
3567
3569
3571
3572
3572
3573
3576
3576
3579
3580
3580
3580
3580
3583
3583
3583
3585
3586
3586
3588
3591
3592
3593
3594
3595
3596
3596
3596
3597
3598
3598
3598
3601
3601
3602
3602
3602
3602
3603
3603
3604
3604
3605
3605
3605
3605
3607
3607
3608
3608
3609
3610
3611
3612
3613
3613
3614
3614
3614
3615
3617
3617
3618
3618
3620
3621
3621
3624
3624
3627
3627
3628
3628
3628
3630
3631
3632
3633
3634
3634
3635
3636
3636
3637
3637
3637
3638
3638
3639
3639
3642
3642
3643
3644
3647
3647
3649
3649
3649
3650
3653
3653
3655
3656
3656
3656
3657
3657
3661
3662
3663
3663
3663
3664
3664
3665
3667
3668
3668
3672
3672
3674
3674
3676
3676
3676
3677
3678
3678
3678
3680
3681
3682
3683
3684
3684
3685
3687
3688
3689
3690
3691
3694
3696
3696
3698
3698
3701
3703
3703
3704
3704
3704
3704
3705
3706
3707
3708
3709
3709
3711
3712
3715
3716
3719
3719
3720
3721
3721
3722
3725
3725
3726
3727
3728
3728
3730
3731
3732
3732
3732
3734
3734
3735
3736
3738
3739
3740
3741
3742
3743
3743
3745
3746
3747
3748
3749
3749
3750
3750
3751
3751
3752
3752
3753
3756
3757
3757
3759
3759
3761
3763
3763
3763
3764
3765
3765
3768
3769
3769
3772
3772
3775
3775
3777
3778
3781
3782
3784
3784
3785
3785
3785
3787
3787
3790
3792
3794
3795
3796
3798
3799
3800
3801
3802
3803
3804
3804
3805
3807
3807
3807
3811
3811
3812
3812
3813
3814
3815
3815
3815
3816
3817
3817
3818
3821
3822
3823
3823
3823
3823
3826
3827
3829
3830
3831
3832
3835
3835
3839
3840
3842
3842
3844
3845
3845
3846
3847
3847
3847
3848
3851
3854
3855
3856
3856
3856
3856
3857
3858
3858
3859
3859
3860
3860
3860
3861
3861
3862
3863
3863
3864
3864
3866
3868
3869
3873
3874
3874
3875
3876
3878
3878
3878
3878
3879
3879
3881
3881
3881
3885
3886
3886
3888
3888
3888
3889
3889
3889
3890
3891
3893
3895
3895
3896
3897
3898
3898
3898
3898
3899
3900
3902
3902
3903
3903
3904
3904
3904
3905
3905
3908
3908
3909
3910
3913
3915
3916
3916
3917
3918
3920
3923
3924
3925
3926
3926
3930
3931
3933
3937
3937
3939
3939
3939
3941
3943
3943
3944
3944
3946
3946
3946
3948
3948
3950
3950
3950
3952
3954
3954
3956
3956
3956
3957
3958
3959
3959
3960
3960
3960
3961
3963
3964
3964
3966
3967
3968
3968
3971
3973
3976
3978
3980
3981
3981
3982
3982
3984
3984
3986
3987
3988
3988
3991
3992
3993
3993
3996
3996
3997
3998
4002
4002
4002
4004
4008
4009
4009
4009
4010
4011
4012
4012
4013
4013
4013
4015
4015
4018
4018
4022
4022
4023
4024
4025
4025
4027
4027
4028
4029
4029
4031
4031
4035
4035
4035
4036
4040
4040
4042
4042
4043
4044
4045
4045
4048
4048
4049
4049
4049
4051
4055
4055
4056
4057
4058
4059
4059
4062
4065
4067
4069
4069
4070
4071
4071
4072
4074
4074
4075
4075
4076
4079
4080
4083
4085
4085
4086
4086
4086
4088
4088
4089
4090
4092
4094
4094
4095
4096
4097
4097
4097
4097
4098
4100
4103
4104
4105
4108
4110
4110
4111
4113
4114
4114
4115
4117
4117
4117
4117
4121
4122
4126
4127
4127
4128
4129
4130
4130
4132
4133
4133
4133
4133
4134
4135
4136
4139
4140
4142
4145
4146
4148
4148
4149
4150
4151
4151
4154
4154
4157
4157
4159
4160
4161
4162
4165
4166
4167
4168
4168
4168
4168
4168
4170
4171
4172
4175
4176
4177
4177
4178
4178
4178
4179
4180
4180
4182
4183
4187
4190
4190
4194
4195
4195
4198
4199
4199
4199
4199
4200
4200
4201
4201
4202
4203
4204
4205
4205
4206
4209
4211
4213
4213
4213
4215
4216
4217
4220
4220
4225
4225
4226
4227
4227
4228
4229
4230
4230
4231
4233
4233
4234
4234
4235
4235
4236
4239
4240
4242
4242
4243
4243
4243
4244
4244
4245
4246
4247
4247
4247
4247
4247
4248
4250
4250
4251
4252
4253
4253
4254
4255
4255
4256
4256
4256
4256
4256
4258
4262
4262
4264
4267
4269
4271
4272
4274
4274
4276
4277
4279
4280
4281
4281
4282
4284
4285
4287
4287
4287
4288
4289
4291
4293
4293
4295
4295
4296
4296
4297
4299
4299
4299
4300
4300
4302
4303
4303
4305
4305
4306
4306
4306
4307
4309
4311
4311
4312
4312
4312
4313
4317
4318
4318
4322
4324
4325
4326
4327
4328
4328
4329
4330
4331
4334
4337
4337
4338
4339
4340
4341
4343
4343
4344
4345
4345
4349
4349
4351
4351
4354
4354
4354
4356
4356
4358
4358
4360
4360
4363
4364
4364
4365
4366
4366
4367
4367
4368
4369
4369
4370
4372
4372
4373
4374
4375
4376
4377
4377
4377
4379
4381
4383
4384
4384
4384
4385
4385
4386
4386
4387
4387
4388
4388
4389
4390
4392
4394
4394
4395
4396
4399
4401
4403
4403
4403
4407
4407
4408
4408
4409
4410
4410
4410
4411
4411
4411
4413
4414
4414
4415
4415
4416
4416
4417
4418
4418
4419
4420
4422
4422
4423
4423
4423
4425
4428
4428
4430
4431
4432
4433
4433
4433
4434
4435
4437
4437
4438
4439
4442
4443
4443
4444
4449
4450
4450
4450
4451
4452
4452
4454
4454
4454
4454
4458
4458
4459
4460
4461
4463
4463
4463
4464
4466
4467
4467
4469
4470
4470
4470
4472
4473
4475
4475
4476
4482
4482
4484
4484
4485
4485
4486
4487
4488
4488
4490
4491
4492
4494
4495
4496
4497
4500
4504
4504
4505
4505
4505
4506
4507
4511
4511
4511
4511
4511
4511
4512
4512
4516
4518
4521
4522
4522
4523
4523
4523
4526
4526
4527
4527
4529
4530
4530
4531
4532
4533
4535
4536
4538
4539
4541
4543
4543
4544
4545
4546
4546
4549
4549
4550
4551
4552
4552
4553
4553
4555
4555
4560
4560
4560
4560
4561
4561
4561
4563
4563
4565
4567
4568
4568
4568
4570
4570
4573
4575
4576
4577
4578
4579
4581
4581
4581
4587
4587
4591
4591
4592
4593
4593
4594
4595
4595
4596
4597
4598
4599
4600
4601
4602
4602
4603
4604
4605
4606
4607
4608
4608
4610
4610
4610
4611
4612
4613
4615
4616
4616
4617
4618
4620
4620
4623
4623
4624
4625
4627
4627
4630
4630
4632
4633
4635
4636
4638
4640
4642
4642
4645
4645
4646
4647
4648
4649
4650
4652
4652
4652
4652
4654
4654
4655
4657
4658
4658
4658
4659
4661
4661
4662
4663
4664
4664
4664
4665
4668
4669
4669
4669
4669
4672
4672
4672
4673
4674
4676
4678
4678
4679
4679
4681
4682
4682
4683
4685
4685
4687
4687
4688
4688
4689
4689
4690
4691
4693
4694
4695
4697
4697
4698
4699
4700
4701
4702
4703
4703
4703
4703
4705
4706
4707
4709
4709
4710
4711
4711
4716
4716
4717
4718
4719
4720
4723
4724
4724
4726
4726
4726
4726
4727
4727
4728
4728
4729
4731
4734
4735
4736
4736
4736
4737
4738
4741
4742
4743
4744
4744
4744
4746
4748
4748
4749
4752
4756
4759
4759
4760
4763
4763
4763
4763
4768
4768
4769
4771
4771
4771
4773
4773
4774
4779
4781
4781
4781
4781
4782
4782
4782
4783
4787
4788
4788
4789
4791
4793
4793
4793
4794
4794
4795
4799
4801
4802
4805
4806
4806
4807
4807
4808
4810
4810
4811
4813
4814
4814
4814
4819
4823
4827
4827
4828
4828
4830
4832
4832
4836
4838
4839
4839
4839
4840
4841
4841
4843
4844
4845
4845
4845
4846
4847
4847
4848
4849
4850
4851
4853
4854
4855
4855
4858
4859
4859
4859
4860
4860
4860
4860
4861
4863
4866
4866
4870
4871
4873
4876
4876
4877
4878
4879
4880
4881
4884
4884
4885
4886
4886
4889
4890
4891
4892
4894
4894
4894
4895
4895
4896
4897
4898
4898
4899
4902
4902
4905
4905
4905
4906
4906
4906
4906
4906
4907
4907
4909
4910
4911
4911
4914
4914
4915
4915
4916
4916
4917
4917
4919
4921
4922
4923
4924
4925
4925
4925
4926
4927
4928
4928
4928
4928
4930
4931
4932
4933
4936
4937
4938
4939
4939
4939
4941
4941
4942
4942
4942
4943
4943
4943
4944
4944
4945
4946
4950
4950
4951
4953
4953
4954
4956
4957
4957
4959
4959
4960
4961
4961
4962
4962
4963
4965
4965
4966
4967
4967
4969
4969
4970
4970
4970
4970
4970
4970
4971
4971
4971
4972
4973
4974
4974
4975
4975
4977
4977
4978
4978
4979
4979
4984
4986
4986
4987
4991
4992
4992
4993
4994
4994
4995
4997
4997
4998
4999
5000
5000
5002
5003
5003
5005
5006
5007
5009
5009
5012
5014
5018
5018
5019
5019
5024
5025
5025
5026
5026
5026
5030
5032
5032
5033
5034
5035
5035
5036
5037
5039
5040
5042
5042
5042
5042
5043
5044
5046
5046
5047
5048
5049
5049
5050
5051
5051
5052
5055
5056
5056
5057
5057
5057
5060
5061
5062
5064
5065
5065
5066
5066
5068
5069
5069
5072
5072
5073
5075
5076
5077
5078
5079
5080
5080
5081
5082
5083
5084
5084
5085
5086
5087
5088
5089
5089
5091
5091
5092
5093
5094
5095
5095
5096
5099
5099
5099
5100
5101
5102
5102
5102
5103
5103
5104
5104
5106
5107
5107
5108
5109
5109
5110
5110
5114
5115
5115
5116
5119
5120
5120
5121
5121
5122
5122
5123
5123
5124
5125
5125
5126
5126
5127
5128
5129
5130
5130
5132
5132
5133
5133
5133
5134
5134
5135
5136
5139
5140
5140
5141
5141
5142
5143
5143
5143
5144
5144
5144
5145
5146
5146
5146
5146
5147
5150
5153
5154
5154
5154
5155
5157
5160
5160
5161
5162
5163
5164
5164
5168
5168
5168
5169
5170
5170
5171
5171
5173
5173
5173
5174
5175
5175
5177
5177
5178
5180
5183
5183
5183
5184
5187
5188
5189
5189
5191
5191
5192
5192
5193
5194
5195
5196
5196
5197
5198
5199
5200
5201
5201
5203
5205
5208
5210
5210
5211
5214
5215
5215
5217
5217
5217
5218
5218
5219
5219
5220
5221
5222
5222
5222
5222
5224
5224
5225
5225
5228
5229
5230
5234
5235
5235
5236
5236
5236
5237
5237
5237
5238
5238
5238
5239
5239
5240
5242
5242
5242
5243
5247
5247
5248
5248
5249
5250
5250
5250
5254
5257
5257
5259
5259
5259
5260
5260
5262
5263
5265
5265
5266
5266
5269
5270
5272
5272
5272
5272
5272
5273
5273
5273
5274
5274
5275
5278
5279
5281
5282
5282
5282
5283
5285
5285
5285
5285
5287
5287
5287
5287
5289
5289
5290
5291
5291
5296
5299
5299
5300
5300
5300
5301
5301
5302
5302
5303
5304
5306
5306
5307
5307
5308
5309
5310
5310
5315
5315
5317
5318
5318
5319
5320
5325
5326
5326
5329
5329
5329
5330
5331
5332
5336
5338
5338
5338
5340
5340
5341
5341
5342
5342
5343
5344
5345
5345
5347
5349
5349
5350
5350
5351
5351
5351
5352
5352
5353
5354
5354
5354
5355
5355
5357
5358
5359
5359
5362
5362
5363
5363
5364
5364
5365
5365
5366
5367
5367
5367
5369
5370
5372
5377
5378
5379
5379
5379
5380
5382
5382
5383
5383
5383
5384
5384
5385
5387
5387
5388
5394
5397
5401
5401
5402
5403
5403
5403
5405
5407
5408
5409
5409
5410
5410
5410
5413
5415
5418
5419
5420
5422
5422
5422
5423
5426
5426
5427
5428
5429
5431
5434
5437
5437
5438
5441
5442
5442
5446
5446
5447
5447
5448
5448
5450
5450
5450
5450
5451
5452
5453
5454
5454
5455
5455
5458
5458
5460
5460
5462
5463
5464
5465
5465
5466
5467
5470
5470
5471
5471
5471
5471
5473
5474
5474
5475
5475
5475
5476
5476
5480
5481
5482
5482
5484
5485
5486
5488
5490
5490
5491
5491
5492
5493
5493
5493
5493
5494
5495
5496
5496
5500
5503
5508
5508
5510
5512
5512
5512
5513
5513
5514
5515
5516
5520
5521
5522
5522
5522
5523
5525
5526
5526
5526
5528
5528
5532
5532
5533
5536
5536
5537
5539
5539
5540
5541
5541
5542
5542
5543
5543
5544
5544
5545
5545
5545
5546
5548
5551
5551
5553
5553
5555
5555
5557
5558
5560
5561
5562
5562
5562
5563
5563
5564
5564
5566
5566
5567
5567
5567
5568
5569
5572
5573
5573
5573
5574
5575
5575
5577
5578
5579
5580
5583
5583
5583
5584
5587
5588
5588
5589
5590
5590
5593
5593
5594
5594
5597
5597
5597
5597
5599
5599
5600
5600
5602
5602
5602
5605
5605
5607
5608
5610
5612
5613
5614
5615
5615
5618
5619
5620
5620
5621
5621
5621
5621
5622
5622
5623
5624
5624
5625
5626
5627
5629
5630
5633
5636
5636
5637
5638
5641
5642
5642
5643
5644
5644
5648
5648
5649
5649
5650
5651
5651
5654
5654
5655
5656
5656
5657
5657
5657
5658
5659
5660
5660
5662
5663
5664
5665
5669
5669
5673
5675
5676
5677
5678
5678
5679
5680
5681
5683
5684
5686
5686
5686
5686
5687
5687
5688
5688
5688
5689
5690
5691
5692
5692
5694
5695
5696
5698
5700
5702
5703
5704
5714
5718
5719
5721
5724
5724
5726
5726
5726
5727
5727
5729
5731
5731
5732
5732
5732
5733
5733
5733
5733
5734
5735
5735
5736
5737
5738
5739
5740
5742
5742
5742
5742
5742
5743
5745
5745
5746
5747
5749
5750
5751
5751
5752
5752
5753
5754
5756
5756
5758
5758
5759
5760
5761
5763
5764
5764
5765
5765
5765
5766
5767
5770
5772
5773
5773
5774
5777
5779
5780
5781
5782
5782
5784
5785
5786
5789
5789
5790
5791
5793
5793
5793
5794
5794
5795
5797
5798
5798
5799
5799
5804
5804
5807
5808
5808
5812
5813
5814
5814
5815
5819
5819
5819
5821
5822
5825
5825
5826
5829
5831
5832
5833
5833
5836
5836
5837
5838
5839
5839
5840
5842
5843
5845
5846
5846
5847
5847
5848
5849
5849
5849
5850
5850
5851
5853
5854
5854
5855
5855
5856
5858
5859
5860
5861
5865
5865
5866
5867
5870
5870
5870
5871
5873
5874
5874
5875
5876
5877
5877
5880
5881
5887
5887
5888
5891
5892
5893
5893
5893
5897
5897
5898
5900
5907
5908
5909
5911
5911
5911
5912
5916
5917
5917
5919
5919
5920
5922
5924
5926
5926
5927
5928
5928
5930
5931
5932
5935
5935
5936
5937
5937
5938
5939
5939
5941
5941
5941
5941
5943
5943
5944
5946
5947
5947
5947
5947
5949
5950
5951
5951
5952
5954
5954
5954
5954
5955
5956
5956
5957
5959
5959
5965
5966
5968
5969
5970
5971
5973
5973
5974
5975
5979
5980
5980
5981
5981
5983
5986
5987
5987
5988
5989
5989
5991
5992
5993
5994
5994
5995
5997
5997
5998
5998
5998
6000
6001
6002
6003
6005
6007
6009
6010
6010
6011
6013
6015
6016
6018
6019
6020
6021
6027
6029
6030
6033
6033
6034
6034
6035
6037
6039
6040
6040
6040
6042
6042
6045
6046
6047
6048
6049
6050
6053
6053
6053
6056
6056
6058
6058
6059
6059
6061
6063
6063
6064
6064
6065
6065
6066
6067
6068
6069
6070
6070
6073
6073
6074
6074
6078
6081
6082
6084
6085
6085
6087
6088
6089
6091
6091
6092
6092
6092
6094
6094
6094
6096
6097
6098
6102
6103
6103
6103
6105
6108
6109
6110
6111
6112
6113
6113
6114
6114
6114
6115
6116
6116
6116
6118
6119
6119
6119
6119
6119
6120
6121
6122
6122
6122
6122
6124
6124
6124
6124
6125
6126
6128
6130
6130
6131
6131
6134
6134
6135
6138
6138
6139
6140
6141
6142
6143
6143
6144
6145
6146
6146
6148
6149
6149
6150
6152
6152
6153
6153
6154
6155
6155
6156
6156
6158
6161
6162
6162
6164
6166
6168
6168
6169
6170
6170
6172
6172
6173
6173
6174
6175
6177
6177
6177
6178
6178
6178
6178
6179
6179
6181
6182
6182
6183
6183
6184
6185
6185
6185
6186
6187
6188
6189
6189
6189
6189
6190
6190
6191
6191
6192
6193
6195
6196
6196
6197
6199
6199
6204
6205
6207
6207
6209
6210
6213
6213
6213
6215
6215
6216
6217
6221
6222
6223
6224
6225
6225
6227
6231
6231
6231
6232
6236
6236
6237
6239
6239
6242
6242
6242
6243
6243
6244
6245
6245
6247
6247
6247
6248
6248
6250
6250
6251
6251
6251
6251
6254
6258
6258
6260
6261
6262
6262
6262
6263
6265
6266
6269
6270
6271
6271
6271
6272
6272
6272
6276
6277
6278
6280
6280
6280
6281
6282
6282
6283
6284
6284
6284
6285
6287
6287
6289
6290
6290
6291
6291
6291
6292
6293
6295
6297
6298
6301
6302
6303
6305
6306
6306
6308
6309
6309
6310
6312
6312
6312
6313
6313
6315
6315
6315
6316
6317
6317
6318
6319
6319
6321
6322
6322
6324
6324
6325
6325
6326
6327
6329
6330
6331
6331
6332
6332
6334
6335
6335
6336
6337
6338
6338
6338
6338
6339
6339
6340
6340
6341
6342
6343
6345
6345
6346
6346
6346
6347
6348
6349
6352
6354
6356
6357
6357
6358
6358
6358
6359
6361
6362
6363
6364
6364
6365
6368
6371
6371
6371
6371
6372
6373
6374
6375
6377
6377
6377
6379
6379
6379
6380
6382
6382
6382
6384
6388
6388
6389
6389
6391
6392
6394
6395
6396
6398
6398
6399
6399
6402
6402
6404
6404
6404
6405
6406
6407
6408
6408
6411
6412
6412
6412
6413
6413
6414
6416
6416
6417
6417
6417
6418
6419
6420
6420
6420
6421
6423
6424
6424
6425
6426
6428
6429
6430
6431
6431
6432
6433
6435
6435
6436
6436
6437
6439
6440
6440
6441
6443
6443
6444
6445
6446
6447
6449
6450
6451
6452
6455
6457
6458
6459
6460
6460
6462
6463
6464
6464
6465
6465
6465
6466
6467
6469
6470
6470
6470
6471
6472
6472
6473
6474
6475
6477
6478
6480
6481
6483
6483
6483
6484
6486
6487
6487
6488
6491
6492
6493
6493
6494
6496
6501
6502
6503
6503
6504
6504
6505
6506
6507
6509
6509
6510
6511
6512
6512
6513
6513
6513
6515
6517
6518
6519
6519
6519
6522
6522
6523
6524
6525
6527
6527
6527
6528
6530
6532
6534
6534
6535
6535
6535
6541
6541
6542
6544
6545
6546
6547
6548
6549
6550
6551
6551
6553
6553
6553
6554
6554
6554
6556
6557
6557
6560
6560
6562
6563
6564
6564
6565
6567
6569
6569
6570
6573
6573
6573
6574
6574
6575
6577
6577
6579
6580
6581
6582
6583
6583
6585
6586
6587
6589
6590
6591
6591
6592
6594
6596
6598
6600
6600
6601
6601
6602
6602
6602
6603
6603
6605
6606
6607
6607
6607
6608
6611
6611
6612
6613
6614
6614
6615
6616
6618
6618
6620
6620
6623
6624
6624
6624
6626
6629
6629
6629
6629
6630
6630
6632
6633
6633
6633
6635
6635
6637
6637
6639
6640
6640
6642
6642
6644
6646
6648
6649
6649
6652
6653
6654
6655
6658
6659
6659
6660
6661
6661
6662
6662
6663
6663
6663
6666
6667
6667
6668
6669
6669
6671
6671
6672
6672
6673
6673
6675
6676
6677
6677
6678
6679
6682
6682
6682
6683
6684
6687
6690
6692
6692
6693
6694
6694
6695
6695
6695
6696
6697
6697
6698
6699
6699
6701
6702
6704
6704
6706
6707
6709
6709
6709
6710
6710
6710
6710
6712
6712
6712
6715
6715
6715
6715
6717
6717
6717
6719
6719
6720
6720
6721
6721
6724
6724
6725
6726
6726
6728
6729
6730
6730
6731
6732
6734
6734
6734
6735
6738
6739
6742
6743
6744
6747
6748
6749
6750
6750
6751
6751
6754
6756
6758
6759
6759
6760
6765
6765
6766
6766
6770
6772
6772
6773
6773
6773
6775
6775
6775
6777
6779
6779
6780
6780
6781
6783
6783
6784
6784
6785
6786
6787
6788
6789
6790
6791
6792
6794
6797
6797
6798
6798
6799
6800
6801
6802
6802
6802
6804
6808
6809
6809
6810
6811
6811
6812
6812
6812
6816
6817
6817
6818
6819
6820
6821
6825
6826
6831
6831
6831
6833
6835
6836
6839
6840
6842
6843
6843
6845
6845
6845
6846
6846
6846
6846
6847
6849
6850
6850
6851
6852
6853
6853
6854
6854
6856
6856
6858
6861
6863
6864
6865
6867
6867
6868
6868
6870
6871
6872
6874
6875
6876
6877
6881
6881
6881
6884
6884
6884
6889
6889
6889
6889
6890
6890
6892
6892
6893
6893
6893
6894
6896
6896
6898
6899
6900
6900
6902
6902
6902
6903
6906
6908
6909
6909
6910
6911
6911
6911
6912
6915
6918
6918
6919
6919
6920
6921
6921
6922
6924
6924
6924
6926
6927
6927
6927
6928
6929
6929
6929
6930
6930
6931
6933
6934
6935
6937
6937
6937
6938
6938
6940
6941
6941
6942
6943
6944
6944
6945
6945
6946
6947
6947
6948
6948
6949
6949
6950
6952
6952
6953
6954
6956
6956
6957
6957
6958
6959
6959
6961
6961
6963
6965
6965
6965
6967
6968
6968
6969
6969
6969
6970
6970
6970
6974
6975
6975
6978
6979
6980
6981
6981
6984
6985
6985
6989
6989
6990
6990
6992
6993
6994
6995
6996
6997
6998
6998
6999
6999
7000
7001
7001
7001
7002
7002
7004
7004
7005
7005
7005
7006
7008
7009
7009
7011
7014
7016
7021
7022
7024
7025
7028
7031
7032
7032
7034
7036
7036
7038
7039
7043
7043
7043
7043
7045
7047
7048
7049
7051
7052
7055
7055
7057
7058
7060
7060
7061
7063
7064
7064
7064
7065
7066
7066
7067
7068
7069
7069
7070
7070
7072
7072
7073
7073
7075
7075
7076
7077
7078
7079
7080
7082
7085
7085
7091
7091
7092
7092
7093
7093
7095
7095
7095
7097
7097
7098
7098
7100
7101
7101
7101
7101
7102
7103
7103
7104
7105
7105
7105
7106
7106
7108
7108
7108
7108
7109
7110
7111
7111
7111
7112
7112
7112
7114
7116
7116
7117
7118
7121
7122
7124
7125
7125
7127
7127
7131
7133
7133
7135
7135
7136
7137
7140
7141
7144
7144
7145
7145
7145
7146
7147
7147
7148
7150
7152
7153
7153
7153
7153
7155
7155
7155
7156
7156
7157
7159
7159
7161
7161
7164
7164
7164
7165
7165
7166
7167
7168
7169
7170
7170
7172
7175
7176
7178
7182
7183
7183
7184
7184
7185
7185
7185
7187
7188
7189
7190
7191
7192
7194
7195
7196
7202
7202
7202
7203
7203
7207
7208
7209
7210
7211
7212
7212
7214
7215
7216
7217
7217
7218
7218
7218
7219
7220
7220
7220
7221
7221
7223
7224
7224
7224
7224
7225
7227
7228
7228
7229
7230
7232
7234
7234
7236
7236
7237
7237
7239
7239
7241
7242
7242
7243
7243
7246
7246
7246
7247
7248
7248
7248
7249
7250
7251
7252
7252
7255
7255
7255
7258
7259
7260
7260
7261
7264
7264
7267
7268
7269
7269
7270
7270
7271
7271
7272
7273
7274
7276
7276
7277
7278
7279
7279
7279
7280
7280
7281
7281
7281
7282
7284
7286
7286
7289
7290
7290
7291
7294
7295
7297
7297
7298
7298
7298
7299
7301
7301
7303
7303
7305
7306
7306
7307
7307
7308
7309
7309
7309
7310
7310
7311
7311
7312
7313
7313
7314
7314
7314
7315
7317
7318
7318
7321
7321
7322
7322
7322
7324
7325
7326
7326
7326
7327
7329
7331
7331
7336
7338
7338
7338
7340
7342
7343
7343
7344
7344
7345
7347
7351
7352
7353
7354
7354
7355
7357
7358
7358
7361
7361
7363
7363
7363
7364
7364
7365
7366
7367
7368
7368
7369
7369
7370
7371
7371
7372
7373
7375
7376
7376
7378
7378
7378
7379
7381
7382
7386
7387
7388
7389
7391
7391
7392
7392
7393
7394
7395
7398
7399
7400
7401
7402
7403
7403
7404
7405
7405
7406
7407
7407
7408
7409
7410
7410
7410
7411
7411
7411
7412
7412
7413
7416
7416
7418
7418
7419
7421
7422
7423
7423
7425
7425
7425
7426
7427
7427
7428
7429
7430
7431
7431
7434
7435
7435
7435
7437
7438
7438
7438
7439
7441
7442
7444
7445
7445
7448
7448
7451
7451
7451
7451
7453
7455
7455
7455
7456
7456
7460
7460
7460
7461
7462
7462
7463
7463
7463
7465
7466
7467
7467
7468
7469
7469
7469
7472
7476
7476
7477
7478
7479
7480
7481
7482
7483
7485
7486
7488
7489
7489
7489
7491
7491
7492
7493
7496
7496
7499
7500
7500
7500
7501
7501
7501
7503
7504
7504
7505
7505
7506
7507
7508
7508
7510
7511
7513
7514
7517
7518
7518
7518
7520
7522
7523
7526
7527
7527
7527
7530
7533
7533
7534
7534
7535
7537
7538
7541
7541
7541
7542
7542
7543
7544
7545
7546
7546
7546
7547
7547
7549
7549
7549
7550
7550
7551
7552
7552
7554
7555
7556
7557
7558
7562
7563
7565
7565
7566
7566
7568
7569
7569
7569
7570
7572
7572
7573
7573
7573
7574
7574
7575
7576
7576
7577
7579
7579
7582
7583
7583
7583
7583
7583
7584
7584
7586
7586
7589
7590
7591
7591
7592
7592
7593
7596
7598
7598
7599
7599
7601
7603
7604
7606
7606
7607
7607
7608
7609
7609
7609
7610
7612
7612
7613
7614
7615
7616
7619
7619
7624
7625
7626
7626
7628
7633
7633
7633
7633
7634
7634
7635
7635
7635
7637
7640
7640
7643
7643
7644
7646
7646
7647
7648
7648
7649
7650
7650
7650
7651
7652
7652
7652
7653
7653
7653
7654
7655
7659
7661
7661
7662
7663
7664
7666
7667
7667
7668
7670
7670
7670
7673
7674
7675
7676
7683
7683
7684
7687
7687
7688
7691
7692
7694
7696
7699
7699
7700
7700
7702
7703
7703
7705
7705
7705
7706
7707
7707
7708
7708
7711
7712
7712
7717
7719
7723
7723
7724
7725
7725
7726
7726
7727
7728
7728
7729
7730
7732
7733
7734
7734
7735
7737
7737
7745
7745
7746
7747
7747
7750
7751
7752
7753
7755
7756
7757
7758
7758
7760
7761
7761
7761
7763
7764
7766
7766
7766
7767
7767
7767
7768
7771
7772
7772
7772
7772
7774
7778
7779
7784
7784
7784
7785
7786
7789
7789
7790
7791
7792
7793
7794
7796
7798
7800
7800
7801
7801
7802
7802
7802
7803
7804
7804
7804
7804
7805
7805
7805
7805
7806
7807
7810
7810
7810
7810
7810
7812
7812
7814
7815
7816
7817
7820
7821
7821
7822
7824
7824
7826
7827
7828
7829
7829
7829
7829
7830
7831
7831
7831
7833
7834
7834
7835
7836
7836
7837
7839
7840
7842
7842
7843
7844
7845
7848
7849
7850
7852
7852
7853
7854
7856
7860
7861
7862
7863
7864
7866
7866
7867
7867
7867
7868
7869
7871
7872
7874
7876
7878
7878
7879
7879
7881
7884
7885
7886
7887
7888
7889
7890
7891
7893
7895
7895
7896
7896
7897
7897
7898
7898
7899
7902
7904
7905
7907
7907
7908
7909
7910
7910
7916
7916
7916
7917
7917
7919
7920
7922
7923
7924
7925
7925
7927
7928
7928
7932
7932
7933
7935
7937
7938
7940
7941
7941
7943
7944
7949
7950
7952
7952
7953
7953
7954
7957
7960
7960
7961
7962
7963
7964
7965
7968
7968
7969
7970
7970
7971
7971
7971
7971
7971
7972
7972
7973
7973
7974
7978
7978
7979
7981
7982
7984
7985
7987
7988
7988
7988
7988
7990
7990
7991
7992
7996
7997
7998
7998
8002
8004
8004
8004
8005
8005
8006
8007
8008
8010
8012
8014
8014
8015
8016
8017
8018
8018
8019
8021
8021
8022
8023
8025
8025
8027
8027
8028
8029
8030
8030
8031
8031
8034
8034
8034
8034
8036
8036
8036
8037
8038
8039
8042
8042
8045
8046
8046
8048
8048
8049
8051
8051
8051
8052
8052
8052
8053
8053
8053
8054
8054
8056
8056
8056
8056
8059
8060
8061
8061
8062
8062
8062
8063
8063
8064
8064
8067
8069
8069
8069
8071
8072
8072
8073
8074
8076
8078
8080
8080
8081
8082
8083
8084
8084
8084
8085
8085
8085
8087
8087
8087
8088
8088
8089
8089
8090
8091
8091
8091
8092
8093
8093
8094
8094
8095
8098
8099
8099
8100
8100
8106
8109
8110
8111
8112
8113
8115
8115
8116
8116
8118
8119
8119
8120
8123
8123
8124
8124
8125
8125
8127
8127
8127
8128
8129
8129
8130
8130
8130
8131
8132
8132
8134
8134
8138
8139
8140
8142
8143
8144
8144
8145
8147
8148
8150
8150
8152
8152
8155
8156
8156
8156
8157
8158
8158
8158
8159
8159
8160
8160
8161
8162
8163
8165
8166
8166
8166
8170
8171
8171
8173
8173
8174
8174
8176
8176
8178
8179
8179
8181
8183
8183
8184
8184
8184
8186
8186
8186
8188
8191
8192
8192
8193
8193
8193
8194
8194
8195
8197
8199
8200
8201
8201
8202
8202
8205
8205
8206
8206
8208
8210
8210
8210
8211
8212
8212
8214
8217
8220
8221
8222
8222
8222
8223
8227
8228
8229
8229
8229
8230
8230
8234
8236
8236
8239
8239
8240
8242
8242
8243
8244
8244
8245
8246
8248
8249
8251
8252
8252
8253
8254
8255
8256
8257
8258
8260
8261
8261
8264
8266
8267
8267
8269
8269
8271
8271
8272
8274
8275
8275
8275
8275
8277
8278
8279
8279
8279
8282
8282
8282
8284
8285
8285
8287
8288
8289
8290
8291
8291
8292
8296
8296
8298
8299
8299
8299
8304
8305
8306
8306
8307
8312
8312
8313
8314
8316
8318
8318
8319
8320
8325
8325
8325
8326
8328
8328
8328
8329
8332
8332
8333
8334
8335
8336
8337
8338
8338
8340
8340
8346
8346
8346
8347
8347
8351
8352
8352
8352
8353
8353
8354
8354
8355
8355
8357
8359
8359
8361
8362
8362
8362
8364
8365
8366
8366
8366
8367
8367
8367
8367
8369
8371
8372
8372
8374
8376
8376
8377
8379
8379
8382
8383
8384
8386
8386
8386
8387
8389
8390
8392
8392
8393
8394
8395
8395
8395
8395
8396
8396
8397
8398
8399
8400
8401
8402
8404
8405
8405
8405
8405
8406
8407
8407
8407
8409
8412
8413
8414
8415
8415
8419
8422
8423
8423
8424
8426
8427
8429
8429
8430
8432
8432
8433
8434
8435
8435
8438
8438
8438
8439
8440
8441
8441
8442
8444
8444
8447
8447
8451
8451
8452
8456
8456
8456
8457
8457
8468
8468
8470
8471
8472
8474
8475
8475
8475
8477
8477
8479
8480
8481
8482
8482
8483
8484
8486
8486
8488
8489
8490
8492
8493
8493
8494
8494
8495
8496
8496
8496
8496
8497
8498
8500
8501
8502
8502
8503
8505
8506
8507
8508
8509
8509
8510
8512
8512
8514
8514
8515
8515
8516
8516
8516
8517
8517
8518
8521
8522
8524
8525
8525
8526
8527
8528
8529
8530
8531
8532
8533
8535
8535
8536
8536
8537
8538
8539
8539
8539
8540
8540
8540
8541
8541
8542
8543
8544
8544
8544
8545
8546
8547
8548
8549
8549
8553
8556
8556
8558
8561
8561
8567
8570
8570
8571
8571
8572
8572
8573
8574
8574
8574
8574
8575
8575
8575
8575
8577
8584
8588
8589
8590
8596
8596
8596
8597
8598
8600
8600
8601
8601
8602
8602
8603
8604
8605
8606
8606
8607
8609
8609
8610
8610
8613
8615
8615
8615
8618
8618
8620
8620
8620
8620
8621
8621
8622
8622
8624
8625
8625
8626
8628
8628
8631
8632
8635
8635
8637
8641
8641
8642
8642
8643
8644
8645
8649
8649
8650
8650
8652
8653
8654
8654
8655
8655
8655
8655
8656
8657
8661
8662
8662
8662
8663
8664
8664
8666
8666
8667
8667
8668
8669
8671
8672
8673
8674
8675
8677
8677
8677
8680
8680
8683
8683
8684
8684
8688
8690
8691
8692
8692
8694
8694
8695
8696
8697
8698
8700
8700
8700
8701
8701
8706
8706
8707
8707
8708
8709
8709
8710
8711
8712
8712
8713
8713
8715
8715
8715
8716
8717
8721
8721
8722
8722
8723
8724
8724
8725
8726
8727
8729
8729
8729
8730
8730
8731
8731
8731
8732
8733
8733
8734
8734
8735
8736
8737
8740
8741
8742
8743
8743
8743
8744
8744
8747
8747
8748
8749
8751
8753
8754
8754
8756
8758
8759
8765
8765
8766
8766
8767
8768
8768
8769
8770
8772
8774
8775
8776
8777
8777
8778
8778
8778
8779
8780
8781
8782
8784
8784
8784
8785
8785
8789
8790
8792
8794
8794
8794
8795
8795
8797
8798
8798
8800
8803
8805
8806
8807
8807
8807
8807
8808
8809
8810
8812
8814
8816
8816
8819
8819
8819
8821
8821
8822
8824
8824
8826
8828
8828
8829
8829
8829
8831
8833
8835
8837
8837
8838
8841
8844
8844
8845
8845
8846
8849
8852
8852
8854
8859
8860
8862
8863
8863
8863
8866
8866
8868
8868
8870
8871
8874
8875
8877
8879
8879
8879
8880
8884
8886
8886
8887
8888
8888
8889
8889
8890
8891
8891
8891
8892
8893
8895
8897
8898
8899
8899
8899
8900
8900
8901
8903
8904
8904
8905
8906
8908
8911
8912
8912
8913
8914
8914
8916
8917
8917
8919
8919
8920
8920
8921
8921
8923
8925
8928
8928
8929
8930
8932
8932
8932
8934
8934
8934
8934
8935
8935
8936
8936
8937
8938
8939
8941
8942
8942
8943
8944
8944
8945
8946
8946
8946
8947
8949
8949
8950
8952
8954
8955
8955
8955
8956
8956
8957
8957
8957
8959
8960
8961
8961
8961
8965
8968
8969
8970
8971
8973
8974
8974
8975
8975
8975
8977
8978
8978
8978
8978
8978
8979
8979
8981
8983
8984
8985
8987
8987
8988
8988
8989
8989
8990
8990
8991
8992
8992
8995
8996
8997
8997
8999
8999
9000
9002
9002
9003
9003
9003
9005
9005
9005
9010
9011
9011
9014
9016
9016
9017
9017
9017
9017
9017
9019
9019
9021
9022
9025
9026
9027
9027
9027
9029
9030
9030
9031
9032
9033
9033
9034
9035
9036
9036
9036
9037
9038
9038
9038
9042
9042
9043
9044
9047
9048
9049
9050
9051
9052
9053
9055
9058
9059
9060
9062
9062
9062
9063
9065
9066
9067
9067
9067
9070
9071
9072
9075
9075
9075
9075
9076
9078
9080
9081
9082
9085
9085
9087
9087
9087
9087
9089
9089
9089
9090
9090
9091
9091
9092
9094
9094
9094
9095
9096
9097
9097
9097
9098
9098
9099
9100
9100
9100
9100
9100
9102
9103
9103
9104
9104
9105
9105
9106
9107
9107
9107
9107
9108
9109
9109
9109
9109
9110
9110
9111
9113
9116
9116
9117
9121
9121
9122
9123
9124
9124
9125
9128
9129
9129
9130
9130
9131
9133
9133
9134
9134
9135
9136
9136
9137
9138
9139
9143
9148
9149
9151
9151
9151
9152
9153
9154
9156
9156
9156
9156
9157
9158
9158
9159
9159
9159
9162
9162
9165
9166
9166
9166
9166
9166
9167
9167
9167
9168
9168
9168
9171
9171
9174
9174
9174
9174
9176
9176
9179
9179
9182
9182
9182
9184
9188
9189
9189
9190
9190
9191
9192
9192
9193
9193
9194
9194
9194
9195
9196
9196
9197
9197
9197
9197
9197
9198
9199
9200
9200
9202
9203
9204
9207
9208
9208
9214
9214
9214
9214
9215
9215
9216
9216
9220
9221
9223
9226
9229
9230
9231
9232
9234
9235
9236
9238
9238
9243
9244
9245
9246
9246
9247
9249
9252
9252
9254
9254
9254
9255
9256
9256
9257
9259
9260
9261
9261
9262
9263
9263
9263
9265
9265
9267
9268
9268
9269
9272
9273
9274
9275
9277
9279
9280
9282
9282
9283
9283
9284
9284
9285
9286
9287
9288
9289
9289
9290
9291
9292
9292
9292
9292
9293
9294
9294
9296
9297
9301
9301
9303
9303
9304
9305
9306
9306
9307
9307
9307
9307
9309
9309
9310
9311
9312
9314
9315
9316
9316
9317
9318
9319
9319
9319
9320
9321
9322
9323
9324
9325
9327
9327
9327
9329
9330
9330
9330
9332
9332
9333
9334
9335
9335
9338
9339
9339
9340
9342
9345
9345
9346
9348
9348
9349
9349
9349
9349
9349
9350
9351
9356
9356
9357
9357
9359
9360
9360
9360
9361
9363
9364
9364
9367
9368
9369
9370
9370
9374
9376
9376
9379
9380
9381
9381
9382
9384
9385
9385
9386
9387
9387
9388
9388
9388
9389
9390
9391
9391
9393
9393
9394
9394
9395
9400
9400
9401
9402
9402
9408
9409
9410
9411
9411
9412
9413
9414
9414
9414
9415
9415
9416
9416
9416
9417
9417
9417
9418
9420
9421
9421
9421
9423
9423
9425
9425
9426
9426
9427
9428
9429
9430
9430
9430
9431
9433
9433
9434
9435
9436
9436
9436
9437
9437
9438
9438
9442
9442
9443
9444
9444
9445
9445
9445
9446
9447
9449
9450
9450
9451
9451
9451
9451
9453
9455
9455
9455
9456
9457
9458
9459
9460
9460
9461
9462
9462
9464
9464
9464
9464
9466
9469
9469
9470
9471
9472
9472
9474
9476
9477
9478
9479
9483
9483
9487
9489
9489
9494
9494
9495
9495
9495
9497
9498
9498
9500
9501
9501
9505
9506
9506
9507
9510
9512
9513
9514
9515
9517
9518
9519
9520
9522
9525
9526
9528
9528
9529
9529
9529
9532
9535
9537
9537
9538
9540
9541
9541
9544
9544
9544
9545
9546
9546
9546
9546
9546
9547
9548
9548
9551
9552
9554
9555
9557
9557
9557
9557
9558
9558
9559
9559
9560
9562
9562
9562
9563
9567
9569
9572
9575
9577
9577
9578
9579
9583
9584
9584
9585
9586
9589
9589
9591
9591
9593
9593
9594
9595
9595
9596
9597
9597
9598
9599
9599
9606
9606
9606
9606
9606
9608
9610
9610
9611
9611
9612
9612
9613
9613
9615
9619
9619
9619
9620
9623
9624
9625
9626
9626
9628
9629
9629
9629
9629
9631
9633
9634
9635
9635
9636
9636
9636
9637
9638
9638
9638
9639
9640
9641
9642
9644
9646
9647
9648
9652
9653
9654
9655
9655
9655
9656
9657
9658
9659
9660
9663
9663
9663
9664
9665
9666
9666
9666
9667
9667
9668
9668
9669
9670
9670
9670
9671
9671
9672
9673
9673
9673
9674
9678
9678
9679
9680
9680
9683
9685
9689
9689
9690
9692
9692
9693
9694
9695
9697
9698
9698
9699
9699
9699
9699
9703
9704
9707
9707
9709
9710
9710
9710
9710
9711
9712
9713
9713
9715
9715
9717
9718
9719
9720
9720
9721
9721
9725
9726
9727
9727
9729
9729
9730
9730
9731
9731
9731
9732
9732
9732
9733
9734
9735
9735
9736
9736
9737
9737
9740
9740
9742
9743
9743
9745
9748
9749
9750
9751
9752
9753
9754
9757
9757
9757
9759
9759
9759
9760
9761
9761
9761
9762
9762
9764
9764
9767
9767
9767
9768
9770
9771
9772
9774
9777
9777
9777
9778
9779
9782
9782
9784
9786
9787
9795
9796
9796
9796
9798
9799
9802
9804
9804
9805
9806
9806
9807
9808
9811
9811
9811
9812
9813
9814
9816
9816
9817
9817
9821
9823
9823
9824
9824
9824
9825
9825
9826
9828
9830
9831
9833
9834
9834
9835
9836
9837
9837
9837
9838
9838
9839
9840
9840
9841
9842
9843
9843
9843
9844
9844
9844
9844
9845
9845
9846
9846
9847
9848
9849
9850
9850
9850
9852
9854
9855
9855
9856
9856
9857
9858
9861
9863
9864
9864
9864
9865
9865
9866
9868
9869
9870
9870
9870
9872
9878
9880
9880
9883
9884
9885
9885
9886
9887
9887
9888
9889
9890
9893
9893
9897
9898
9899
9899
9902
9902
9904
9904
9907
9908
9908
9909
9910
9911
9911
9912
9913
9913
9915
9917
9919
9922
9922
9923
9926
9927
9927
9927
9928
9929
9929
9930
9930
9931
9932
9932
9934
9935
9935
9935
9936
9940
9941
9942
9942
9945
9945
9946
9950
9950
9950
9951
9953
9954
9954
9955
9956
9957
9957
9957
9958
9958
9958
9958
9960
9960
9962
9962
9963
9970
9970
9971
9972
9973
9973
9977
9977
9978
9978
9979
9979
9980
9980
9982
9982
9982
9983
9983
9983
9984
9984
9984
9986
9987
9987
9988
9990
9991
9991
9994
9996
9998
9999
