0
2
4
6
7
7
8
9
13
14
15
16
17
18
19
20
21
21
21
21
22
23
24
25
26
26
26
27
29
30
33
34
35
35
36
37
37
37
39
42
47
47
47
47
49
49
50
50
52
53
54
56
57
59
59
61
61
66
66
66
67
69
70
72
73
73
73
73
80
82
85
86
86
88
89
89
91
94
94
95
97
102
103
105
106
107
111
111
113
117
119
119
119
120
121
121
123
123
124
125
127
130
131
131
135
135
135
137
139
140
141
141
141
142
142
144
144
144
146
146
146
147
147
148
148
148
149
150
152
153
153
154
154
156
156
158
158
158
158
159
159
160
162
164
164
166
168
168
168
169
169
172
175
177
177
178
178
180
180
181
183
185
186
186
187
187
188
188
189
190
191
191
192
195
196
196
196
198
198
198
198
198
201
206
208
209
210
211
213
214
215
215
216
217
220
222
223
225
226
229
229
229
229
230
231
232
232
233
235
235
236
237
238
239
240
240
241
241
242
243
244
246
246
248
248
248
248
250
250
250
250
250
252
253
254
255
255
255
256
258
259
260
262
263
263
266
267
267
268
268
269
269
270
272
272
273
274
275
275
275
277
278
279
281
287
287
289
289
291
291
294
294
297
297
299
299
301
301
303
303
304
306
306
308
309
310
312
312
313
318
318
320
321
321
323
323
325
326
326
326
327
328
329
330
330
331
331
331
335
337
337
337
339
342
342
347
347
348
348
349
350
353
353
355
355
356
356
356
357
358
359
363
366
367
370
372
372
373
374
374
375
375
376
376
379
379
380
382
383
383
385
385
385
386
386
387
388
388
388
389
390
390
391
394
394
394
394
394
395
396
396
399
399
399
399
400
400
404
405
405
405
406
406
409
409
409
411
412
413
413
414
419
420
422
422
423
424
424
424
425
429
433
436
436
436
438
438
439
441
441
442
443
445
445
446
448
448
451
451
452
453
454
454
455
456
458
459
460
462
464
465
466
466
470
472
473
475
476
476
478
478
478
479
479
480
481
482
484
484
485
485
487
487
489
490
490
490
493
493
496
496
497
499
502
503
503
505
505
506
506
506
507
508
508
509
509
509
509
510
510
515
516
516
518
519
520
520
521
523
524
524
526
529
529
529
530
531
534
538
541
541
543
544
544
545
546
546
547
548
550
550
550
550
551
552
558
559
559
561
561
561
563
564
564
565
566
566
567
568
569
569
571
572
573
577
578
578
579
579
582
584
584
585
585
586
591
592
592
593
595
595
595
596
597
597
598
599
599
599
600
601
602
602
603
603
610
611
611
612
613
614
614
614
615
616
616
617
617
617
620
621
621
622
625
625
626
627
629
630
633
633
634
635
635
635
635
635
640
641
642
642
643
644
645
645
647
648
649
652
653
654
655
655
655
657
660
661
661
662
662
663
666
666
667
668
668
669
670
673
673
675
677
677
678
678
680
681
681
681
682
682
682
683
683
683
684
687
688
689
691
693
694
694
695
695
696
697
697
698
698
698
699
699
701
702
703
703
706
706
706
708
709
712
713
713
715
715
717
718
719
720
720
722
722
722
723
725
725
727
728
729
730
732
735
736
736
738
739
740
740
740
743
746
748
750
750
750
751
751
752
752
755
755
755
757
757
757
758
758
758
759
759
763
763
764
764
766
767
767
767
768
768
768
769
770
771
772
772
773
774
774
776
777
778
778
780
780
781
783
783
784
784
786
786
789
789
790
791
792
795
797
799
800
800
800
801
802
803
805
806
806
807
808
809
809
809
810
810
810
811
812
813
815
818
818
818
819
822
823
827
829
829
830
831
832
833
833
834
834
836
836
838
839
839
840
840
841
841
842
843
844
845
846
846
847
847
848
851
851
854
855
855
856
857
857
857
859
859
859
860
864
865
865
865
865
866
866
867
867
869
872
874
876
878
880
880
881
881
882
883
883
883
883
883
885
888
890
892
895
895
897
897
899
900
902
902
902
903
904
904
904
905
905
905
906
909
910
911
912
912
913
914
916
917
917
917
918
918
919
920
921
922
923
923
927
928
930
930
931
931
933
934
935
936
937
937
937
937
937
939
941
941
942
942
942
943
944
946
951
951
952
952
953
953
953
953
954
954
955
955
955
957
958
958
960
962
963
963
963
963
964
964
964
965
965
965
966
967
972
973
975
977
978
979
986
986
987
987
987
988
988
989
989
992
994
996
996
997
997
998
998
999
1000
1001
1001
1001
1003
1004
1005
1005
1005
1005
1006
1007
1007
1009
1010
1011
1012
1013
1013
1013
1016
1025
1025
1026
1026
1027
1028
1029
1029
1030
1031
1031
1033
1033
1036
1036
1038
1040
1041
1041
1042
1042
1044
1044
1045
1049
1049
1049
1049
1049
1050
1050
1051
1052
1052
1053
1053
1054
1055
1056
1057
1058
1058
1058
1059
1060
1060
1060
1061
1064
1064
1065
1065
1065
1067
1068
1072
1072
1073
1075
1076
1079
1080
1083
1084
1085
1085
1086
1087
1088
1088
1089
1089
1090
1091
1092
1095
1096
1099
1100
1101
1101
1103
1104
1104
1105
1105
1105
1105
1106
1106
1107
1107
1108
1109
1110
1116
1119
1120
1120
1120
1121
1121
1122
1123
1123
1125
1126
1126
1129
1129
1130
1132
1134
1136
1139
1141
1142
1142
1143
1145
1145
1145
1146
1146
1152
1153
1157
1158
1158
1160
1165
1165
1167
1167
1169
1169
1170
1171
1172
1173
1173
1174
1174
1175
1177
1179
1179
1180
1181
1183
1185
1186
1187
1187
1188
1189
1189
1191
1193
1194
1195
1195
1199
1200
1200
1201
1201
1201
1202
1204
1205
1206
1207
1208
1209
1210
1210
1212
1215
1215
1218
1219
1219
1221
1221
1222
1224
1225
1227
1229
1230
1230
1230
1231
1231
1233
1234
1235
1235
1236
1236
1236
1236
1237
1238
1238
1239
1239
1240
1240
1242
1242
1243
1244
1244
1245
1246
1247
1248
1248
1249
1252
1252
1252
1254
1257
1257
1257
1259
1260
1263
1265
1265
1266
1267
1267
1268
1271
1271
1273
1273
1273
1275
1276
1277
1277
1279
1279
1281
1283
1284
1284
1284
1284
1285
1286
1286
1289
1290
1290
1291
1293
1293
1293
1293
1294
1296
1297
1298
1298
1298
1301
1302
1303
1303
1303
1303
1304
1305
1305
1306
1306
1306
1307
1309
1309
1311
1313
1313
1316
1316
1318
1318
1319
1320
1321
1322
1322
1324
1325
1326
1326
1328
1328
1330
1330
1332
1333
1335
1336
1338
1338
1339
1340
1341
1341
1342
1342
1342
1346
1346
1348
1349
1349
1349
1351
1352
1355
1357
1358
1359
1359
1359
1361
1362
1363
1364
1366
1367
1368
1368
1369
1370
1370
1371
1372
1372
1373
1373
1373
1376
1376
1377
1380
1383
1383
1386
1386
1386
1387
1388
1388
1389
1389
1389
1390
1391
1392
1393
1393
1395
1396
1399
1400
1400
1400
1400
1403
1403
1404
1404
1404
1404
1405
1405
1405
1406
1407
1408
1412
1413
1413
1413
1414
1414
1415
1416
1416
1419
1419
1419
1419
1421
1421
1424
1424
1425
1425
1426
1427
1427
1428
1428
1429
1429
1430
1430
1431
1431
1432
1432
1433
1434
1434
1435
1435
1435
1436
1436
1437
1437
1438
1438
1438
1439
1441
1442
1443
1444
1445
1445
1445
1448
1452
1454
1456
1456
1458
1458
1460
1462
1464
1464
1466
1467
1468
1469
1470
1471
1472
1473
1474
1475
1475
1475
1476
1476
1477
1482
1484
1484
1485
1486
1489
1489
1492
1493
1493
1493
1496
1497
1498
1499
1500
1500
1502
1502
1503
1503
1504
1504
1506
1507
1509
1509
1510
1510
1512
1512
1512
1513
1513
1513
1514
1514
1514
1514
1515
1516
1517
1518
1518
1519
1521
1522
1522
1523
1524
1524
1527
1530
1531
1531
1533
1538
1539
1539
1541
1542
1542
1545
1546
1546
1550
1550
1551
1551
1552
1552
1552
1553
1553
1555
1555
1555
1556
1556
1556
1557
1558
1558
1558
1559
1560
1561
1562
1564
1567
1571
1572
1573
1573
1573
1573
1575
1577
1579
1579
1579
1580
1581
1581
1584
1584
1585
1586
1586
1587
1587
1588
1588
1589
1589
1590
1592
1593
1594
1595
1597
1597
1597
1599
1601
1602
1602
1606
1607
1608
1608
1609
1611
1611
1615
1615
1615
1616
1617
1619
1620
1621
1621
1622
1622
1622
1625
1625
1627
1632
1632
1632
1633
1634
1635
1635
1638
1638
1639
1640
1640
1642
1643
1648
1648
1648
1648
1651
1651
1653
1656
1658
1659
1659
1660
1660
1661
1665
1665
1667
1667
1668
1668
1669
1670
1671
1671
1671
1671
1671
1672
1673
1674
1676
1677
1680
1680
1680
1681
1683
1685
1686
1686
1687
1688
1688
1689
1690
1690
1690
1693
1696
1698
1698
1700
1701
1702
1702
1704
1705
1705
1705
1706
1707
1710
1712
1712
1712
1714
1715
1717
1717
1719
1719
1720
1720
1721
1721
1721
1722
1722
1723
1723
1723
1725
1727
1727
1727
1729
1729
1730
1730
1733
1733
1734
1736
1736
1737
1737
1739
1740
1740
1741
1742
1743
1744
1745
1747
1748
1749
1750
1751
1752
1753
1753
1754
1754
1755
1756
1757
1758
1759
1759
1761
1763
1764
1764
1766
1766
1766
1776
1776
1777
1778
1778
1778
1780
1780
1781
1781
1783
1784
1785
1785
1787
1789
1789
1789
1789
1790
1791
1793
1794
1794
1795
1795
1797
1798
1798
1799
1800
1800
1802
1802
1805
1805
1806
1810
1811
1811
1812
1812
1813
1813
1814
1817
1818
1820
1821
1822
1825
1826
1826
1827
1827
1827
1828
1830
1831
1833
1834
1835
1839
1840
1841
1841
1842
1842
1842
1843
1843
1843
1844
1847
1847
1847
1848
1849
1849
1849
1850
1851
1853
1853
1853
1853
1858
1859
1860
1861
1861
1861
1862
1862
1863
1863
1866
1871
1871
1874
1875
1877
1879
1880
1882
1884
1885
1887
1887
1887
1888
1889
1891
1891
1891
1893
1895
1896
1896
1896
1897
1897
1899
1900
1900
1901
1901
1903
1903
1906
1908
1908
1909
1909
1910
1910
1910
1912
1912
1913
1914
1915
1916
1917
1918
1919
1919
1920
1921
1921
1922
1924
1924
1924
1926
1927
1928
1928
1930
1931
1931
1931
1931
1931
1932
1934
1934
1936
1936
1937
1937
1938
1939
1941
1941
1942
1944
1946
1947
1948
1948
1948
1949
1949
1950
1951
1951
1954
1954
1954
1954
1954
1954
1956
1956
1957
1959
1961
1962
1962
1966
1966
1966
1967
1967
1968
1969
1969
1969
1970
1970
1971
1973
1973
1974
1974
1978
1982
1984
1984
1986
1986
1989
1991
1993
1994
1996
1997
1997
1997
1998
1999
1999
2001
2001
2002
2003
2005
2005
2006
2008
2008
2008
2011
2014
2014
2014
2015
2015
2016
2016
2017
2017
2017
2018
2019
2020
2021
2021
2024
2024
2025
2025
2025
2026
2029
2030
2030
2030
2031
2032
2033
2035
2036
2037
2038
2040
2040
2040
2041
2042
2045
2045
2045
2047
2048
2049
2052
2054
2055
2055
2056
2057
2060
2061
2062
2063
2064
2065
2067
2067
2070
2072
2072
2072
2073
2074
2074
2075
2076
2076
2078
2078
2079
2080
2080
2081
2081
2082
2082
2083
2084
2084
2085
2085
2085
2086
2087
2089
2090
2090
2091
2092
2096
2096
2096
2097
2099
2099
2099
2100
2102
2102
2103
2105
2105
2107
2107
2108
2109
2110
2111
2113
2113
2114
2116
2117
2117
2119
2120
2121
2124
2126
2127
2127
2129
2129
2129
2131
2131
2134
2134
2136
2137
2137
2139
2139
2141
2141
2142
2144
2144
2144
2145
2145
2146
2146
2146
2147
2147
2148
2148
2149
2149
2150
2150
2151
2152
2152
2155
2156
2158
2159
2159
2159
2160
2161
2161
2163
2163
2163
2165
2166
2167
2167
2167
2170
2172
2173
2173
2173
2174
2175
2175
2175
2177
2177
2177
2178
2178
2178
2179
2179
2179
2181
2183
2183
2185
2185
2187
2191
2191
2191
2193
2193
2196
2196
2196
2197
2197
2198
2199
2200
2203
2204
2205
2206
2206
2207
2207
2208
2208
2209
2209
2210
2210
2211
2214
2214
2216
2217
2217
2218
2218
2220
2222
2224
2224
2226
2226
2227
2228
2229
2229
2229
2232
2233
2233
2235
2236
2236
2237
2238
2239
2240
2241
2241
2242
2243
2243
2243
2249
2250
2250
2252
2252
2255
2255
2256
2256
2258
2261
2261
2263
2263
2264
2265
2265
2266
2267
2267
2267
2267
2268
2268
2269
2269
2270
2270
2270
2270
2271
2271
2272
2274
2274
2275
2276
2276
2277
2277
2279
2279
2280
2280
2280
2280
2281
2281
2282
2282
2283
2283
2284
2285
2286
2287
2287
2288
2288
2290
2292
2292
2293
2294
2294
2295
2296
2296
2297
2298
2298
2298
2299
2299
2299
2301
2302
2304
2305
2305
2306
2307
2308
2310
2311
2312
2313
2314
2314
2315
2315
2317
2317
2317
2320
2320
2320
2321
2325
2325
2326
2327
2327
2329
2332
2333
2334
2339
2340
2341
2343
2343
2345
2347
2348
2349
2349
2350
2351
2354
2355
2357
2357
2358
2358
2358
2359
2359
2363
2366
2366
2367
2368
2371
2371
2372
2373
2373
2373
2374
2375
2375
2375
2376
2377
2377
2377
2377
2379
2379
2381
2382
2383
2387
2388
2388
2389
2391
2392
2393
2394
2395
2395
2396
2397
2397
2397
2397
2398
2400
2401
2402
2402
2403
2405
2405
2406
2409
2412
2413
2414
2414
2415
2415
2416
2417
2419
2421
2422
2423
2424
2425
2426
2427
2429
2430
2433
2435
2436
2437
2437
2438
2438
2438
2440
2440
2442
2444
2444
2444
2445
2446
2448
2449
2449
2450
2452
2452
2452
2452
2453
2455
2455
2455
2455
2456
2457
2458
2459
2461
2461
2462
2462
2462
2466
2467
2467
2469
2472
2472
2473
2474
2481
2482
2482
2482
2482
2483
2483
2483
2484
2486
2487
2488
2488
2490
2490
2491
2492
2493
2493
2493
2494
2495
2496
2497
2499
2500
2501
2504
2504
2505
2505
2507
2510
2511
2512
2512
2513
2514
2514
2515
2516
2517
2517
2520
2521
2521
2521
2522
2523
2523
2525
2525
2525
2526
2526
2528
2528
2529
2529
2530
2530
2534
2537
2538
2538
2539
2539
2539
2539
2540
2540
2542
2544
2544
2545
2545
2546
2546
2547
2547
2547
2548
2548
2549
2552
2553
2553
2555
2555
2558
2559
2562
2563
2563
2563
2563
2564
2564
2564
2565
2565
2566
2566
2566
2567
2568
2569
2570
2571
2572
2572
2575
2577
2578
2578
2579
2580
2581
2581
2581
2581
2582
2582
2586
2586
2586
2587
2588
2590
2591
2591
2592
2593
2596
2598
2599
2599
2600
2600
2601
2601
2602
2603
2605
2605
2605
2606
2606
2609
2610
2616
2616
2617
2617
2617
2618
2618
2618
2619
2621
2623
2624
2625
2625
2627
2633
2634
2635
2635
2635
2636
2636
2636
2636
2638
2638
2642
2643
2643
2643
2645
2646
2646
2647
2650
2652
2652
2653
2653
2655
2655
2656
2658
2660
2661
2661
2661
2664
2667
2668
2669
2669
2669
2670
2670
2673
2674
2676
2677
2677
2677
2679
2680
2681
2682
2683
2687
2688
2689
2689
2690
2690
2690
2691
2691
2693
2693
2693
2694
2694
2694
2694
2696
2697
2699
2700
2701
2702
2703
2703
2706
2707
2707
2709
2711
2712
2715
2716
2717
2719
2720
2721
2721
2722
2723
2725
2725
2726
2727
2729
2730
2731
2732
2732
2734
2735
2736
2737
2737
2737
2738
2739
2739
2742
2743
2743
2744
2745
2745
2746
2746
2748
2748
2748
2749
2751
2751
2751
2755
2755
2756
2756
2757
2757
2757
2758
2761
2762
2762
2764
2766
2767
2768
2769
2770
2770
2770
2772
2772
2773
2773
2773
2775
2775
2777
2778
2778
2778
2779
2779
2780
2781
2781
2782
2786
2786
2787
2788
2789
2791
2792
2795
2796
2796
2796
2797
2798
2798
2798
2800
2801
2803
2805
2806
2806
2806
2806
2807
2809
2809
2809
2809
2809
2811
2814
2814
2814
2815
2817
2817
2817
2821
2822
2823
2824
2824
2825
2826
2827
2828
2828
2829
2830
2830
2831
2831
2831
2832
2832
2833
2833
2833
2833
2834
2835
2837
2837
2841
2841
2841
2843
2846
2846
2847
2848
2849
2851
2852
2853
2857
2858
2866
2866
2867
2868
2868
2871
2874
2876
2878
2878
2879
2879
2881
2882
2885
2887
2887
2887
2887
2888
2891
2892
2893
2894
2895
2895
2897
2898
2899
2899
2900
2901
2902
2903
2903
2903
2905
2906
2907
2907
2909
2909
2910
2912
2912
2914
2915
2917
2918
2920
2920
2921
2922
2923
2923
2924
2925
2926
2926
2927
2930
2932
2932
2932
2933
2933
2934
2935
2935
2935
2935
2938
2938
2940
2940
2940
2941
2942
2946
2947
2947
2947
2948
2948
2948
2948
2948
2949
2949
2951
2952
2952
2953
2953
2954
2955
2957
2957
2959
2960
2960
2961
2963
2970
2973
2973
2974
2975
2975
2975
2975
2975
2978
2979
2982
2983
2984
2985
2985
2986
2986
2986
2987
2988
2989
2991
2993
2993
2995
2999
3000
3001
3002
3004
3004
3004
3005
3005
3008
3008
3010
3010
3012
3013
3014
3016
3018
3019
3020
3021
3021
3025
3026
3027
3027
3028
3029
3030
3030
3031
3031
3031
3033
3034
3034
3035
3036
3037
3038
3039
3039
3039
3040
3041
3041
3043
3043
3044
3044
3045
3045
3046
3046
3047
3047
3047
3048
3048
3049
3050
3051
3051
3052
3052
3054
3054
3055
3056
3057
3057
3058
3058
3059
3059
3062
3062
3062
3062
3063
3064
3065
3065
3065
3067
3067
3068
3070
3073
3075
3075
3079
3079
3080
3084
3084
3086
3088
3090
3092
3094
3097
3097
3097
3100
3102
3102
3103
3105
3106
3106
3106
3106
3107
3107
3107
3110
3110
3111
3111
3111
3114
3116
3117
3118
3118
3121
3122
3123
3126
3128
3128
3129
3129
3130
3130
3131
3132
3133
3133
3134
3134
3135
3138
3140
3141
3141
3142
3145
3147
3148
3149
3151
3152
3152
3152
3155
3156
3156
3157
3158
3159
3160
3161
3161
3164
3168
3168
3169
3169
3169
3169
3170
3170
3172
3173
3173
3177
3177
3179
3180
3180
3181
3181
3182
3183
3184
3185
3188
3189
3191
3192
3192
3193
3193
3196
3196
3198
3199
3200
3200
3202
3202
3203
3204
3207
3208
3210
3211
3211
3212
3216
3218
3220
3220
3223
3223
3224
3225
3228
3228
3229
3231
3231
3231
3232
3234
3234
3235
3235
3236
3237
3237
3237
3239
3239
3240
3242
3244
3246
3246
3248
3249
3250
3254
3255
3256
3256
3257
3258
3260
3262
3263
3263
3265
3269
3271
3271
3272
3272
3272
3272
3273
3273
3273
3273
3274
3275
3276
3276
3276
3277
3281
3281
3282
3282
3283
3285
3287
3288
3288
3289
3291
3291
3291
3296
3297
3298
3298
3299
3300
3301
3302
3305
3305
3310
3311
3312
3315
3317
3317
3323
3327
3328
3328
3328
3330
3332
3332
3332
3333
3333
3333
3333
3335
3335
3336
3338
3338
3338
3340
3340
3341
3341
3343
3343
3345
3346
3347
3349
3349
3350
3351
3352
3352
3352
3352
3352
3353
3353
3353
3353
3356
3356
3356
3357
3357
3358
3358
3360
3360
3365
3366
3368
3368
3370
3370
3374
3374
3375
3375
3375
3377
3379
3379
3381
3383
3383
3383
3385
3386
3387
3388
3388
3388
3389
3389
3392
3394
3394
3395
3395
3395
3396
3397
3398
3398
3399
3403
3404
3404
3405
3408
3408
3408
3409
3410
3411
3411
3411
3412
3412
3412
3412
3412
3416
3416
3416
3416
3417
3418
3421
3422
3423
3423
3423
3423
3424
3425
3426
3426
3427
3427
3427
3428
3428
3429
3432
3435
3435
3435
3436
3436
3436
3436
3439
3439
3440
3440
3443
3447
3449
3449
3450
3450
3451
3454
3457
3457
3459
3460
3460
3462
3463
3463
3463
3466
3470
3471
3471
3473
3474
3476
3476
3480
3481
3481
3483
3483
3488
3491
3491
3492
3492
3492
3492
3499
3499
3499
3500
3501
3502
3504
3505
3506
3507
3509
3510
3512
3513
3514
3514
3515
3516
3517
3518
3519
3520
3520
3521
3523
3524
3524
3527
3528
3529
3529
3530
3531
3532
3534
3534
3534
3535
3535
3537
3537
3538
3540
3543
3543
3544
3544
3545
3546
3546
3547
3547
3547
3548
3550
3551
3551
3555
3555
3555
3556
3557
3558
3561
3563
3566
3566
3568
3572
3573
3573
3573
3574
3577
3577
3578
3578
3579
3580
3582
3582
3585
3587
3587
3588
3589
3589
3590
3591
3594
3595
3595
3596
3596
3597
3599
3601
3602
3603
3603
3607
3608
3608
3608
3609
3613
3613
3613
3614
3614
3614
3614
3616
3617
3618
3618
3618
3618
3623
3623
3626
3626
3627
3627
3628
3629
3630
3631
3632
3633
3633
3634
3635
3636
3638
3638
3639
3641
3642
3643
3643
3644
3645
3645
3646
3648
3649
3651
3652
3652
3652
3652
3652
3653
3653
3656
3656
3656
3658
3659
3662
3668
3668
3669
3669
3669
3670
3670
3671
3671
3673
3674
3674
3674
3674
3676
3676
3678
3681
3683
3683
3684
3685
3685
3687
3687
3689
3689
3692
3693
3693
3695
3697
3697
3697
3698
3699
3699
3701
3702
3704
3709
3709
3709
3711
3711
3716
3717
3717
3717
3717
3717
3718
3719
3719
3719
3720
3721
3722
3722
3723
3724
3726
3726
3726
3726
3728
3729
3731
3731
3733
3734
3736
3737
3738
3738
3738
3738
3739
3740
3741
3741
3743
3743
3748
3749
3751
3752
3752
3755
3755
3757
3758
3759
3761
3762
3763
3765
3765
3765
3766
3767
3767
3768
3768
3769
3769
3770
3771
3771
3772
3772
3773
3773
3774
3775
3776
3776
3776
3777
3778
3781
3783
3784
3785
3785
3786
3786
3786
3787
3788
3788
3788
3789
3790
3792
3792
3793
3793
3794
3794
3794
3795
3796
3797
3798
3799
3799
3801
3801
3802
3802
3804
3806
3807
3808
3809
3809
3809
3812
3813
3814
3815
3815
3815
3816
3816
3818
3818
3818
3818
3819
3822
3825
3826
3827
3827
3828
3829
3829
3829
3830
3830
3831
3834
3834
3835
3835
3835
3837
3838
3842
3843
3845
3846
3847
3848
3851
3852
3858
3860
3860
3861
3862
3864
3864
3867
3867
3867
3869
3870
3872
3874
3874
3875
3876
3876
3877
3877
3877
3878
3878
3878
3878
3880
3881
3882
3884
3886
3888
3890
3890
3892
3892
3894
3894
3897
3897
3898
3899
3902
3903
3903
3904
3905
3906
3907
3908
3910
3911
3912
3913
3914
3916
3918
3919
3921
3924
3924
3925
3926
3930
3931
3932
3933
3935
3936
3938
3939
3939
3941
3942
3942
3942
3942
3943
3943
3945
3947
3950
3951
3951
3953
3953
3953
3954
3954
3955
3957
3957
3957
3957
3958
3959
3959
3962
3964
3964
3965
3968
3968
3969
3969
3971
3975
3975
3977
3977
3977
3977
3980
3981
3981
3981
3981
3982
3983
3983
3984
3985
3985
3987
3987
3987
3987
3988
3988
3989
3990
3992
3993
3995
3996
3998
3999
3999
4000
4001
4002
4003
4003
4003
4005
4006
4008
4008
4009
4010
4011
4013
4013
4015
4016
4016
4017
4017
4019
4019
4021
4021
4021
4022
4022
4022
4023
4023
4024
4025
4026
4026
4027
4028
4030
4030
4031
4032
4033
4033
4034
4036
4037
4037
4038
4041
4041
4042
4042
4042
4043
4043
4044
4045
4046
4047
4048
4050
4050
4050
4052
4052
4053
4054
4054
4056
4058
4058
4059
4062
4063
4063
4064
4068
4069
4069
4073
4074
4076
4076
4076
4079
4079
4080
4081
4081
4082
4083
4085
4085
4086
4089
4089
4089
4090
4091
4091
4092
4093
4093
4093
4094
4094
4097
4098
4099
4099
4099
4104
4106
4107
4107
4110
4110
4111
4113
4116
4117
4120
4120
4122
4123
4125
4125
4125
4126
4128
4129
4133
4133
4135
4136
4136
4137
4144
4145
4146
4147
4148
4148
4148
4149
4149
4149
4152
4153
4153
4154
4156
4156
4157
4160
4165
4167
4167
4168
4168
4168
4169
4171
4171
4172
4172
4173
4175
4175
4177
4178
4178
4180
4182
4182
4184
4184
4184
4185
4185
4187
4189
4190
4190
4191
4193
4195
4198
4199
4200
4200
4201
4202
4203
4208
4209
4209
4210
4210
4211
4215
4217
4219
4219
4222
4223
4223
4223
4225
4226
4230
4230
4231
4234
4234
4236
4237
4238
4239
4239
4239
4242
4243
4244
4246
4247
4249
4249
4249
4250
4250
4250
4252
4253
4253
4254
4255
4256
4256
4257
4258
4258
4259
4259
4259
4262
4264
4265
4266
4267
4267
4268
4270
4271
4272
4272
4273
4274
4275
4275
4275
4277
4279
4279
4279
4281
4284
4284
4287
4288
4288
4288
4289
4290
4291
4292
4293
4293
4294
4296
4296
4297
4298
4298
4299
4299
4300
4302
4307
4308
4308
4308
4310
4310
4312
4314
4315
4315
4316
4317
4319
4320
4320
4321
4321
4322
4323
4323
4326
4327
4327
4327
4328
4329
4329
4330
4332
4333
4333
4333
4334
4335
4337
4337
4339
4339
4340
4343
4344
4346
4350
4353
4353
4353
4354
4354
4355
4355
4355
4358
4358
4358
4359
4360
4362
4362
4362
4363
4364
4364
4365
4365
4365
4365
4366
4372
4372
4372
4374
4375
4376
4379
4381
4383
4383
4384
4384
4385
4386
4386
4389
4391
4391
4391
4395
4396
4399
4399
4399
4400
4405
4406
4407
4407
4409
4411
4412
4413
4414
4415
4415
4418
4418
4419
4419
4421
4422
4423
4425
4425
4426
4427
4428
4428
4429
4430
4433
4433
4434
4441
4442
4442
4443
4443
4444
4446
4446
4448
4448
4451
4454
4455
4457
4458
4458
4459
4460
4462
4463
4463
4465
4466
4467
4467
4467
4468
4470
4470
4473
4474
4475
4475
4475
4476
4477
4479
4480
4480
4482
4482
4483
4483
4483
4484
4484
4488
4489
4490
4490
4491
4492
4492
4493
4497
4497
4498
4498
4499
4499
4501
4501
4503
4503
4504
4505
4505
4508
4513
4514
4516
4517
4518
4521
4523
4523
4525
4526
4527
4529
4530
4531
4534
4534
4535
4535
4536
4536
4537
4541
4541
4541
4542
4542
4543
4544
4544
4546
4549
4552
4552
4552
4554
4556
4558
4560
4562
4563
4564
4565
4565
4566
4566
4569
4570
4572
4573
4577
4577
4577
4580
4580
4580
4581
4581
4582
4583
4584
4584
4584
4585
4586
4586
4586
4587
4590
4590
4590
4590
4592
4593
4596
4597
4597
4598
4598
4599
4600
4602
4602
4602
4602
4604
4605
4606
4608
4608
4609
4610
4611
4612
4612
4614
4614
4615
4616
4616
4616
4617
4617
4618
4618
4621
4622
4622
4624
4624
4628
4628
4629
4630
4631
4632
4633
4635
4635
4636
4637
4638
4638
4639
4639
4641
4642
4642
4643
4643
4644
4645
4645
4648
4651
4651
4653
4653
4654
4654
4657
4657
4657
4658
4660
4662
4663
4667
4667
4668
4669
4669
4670
4670
4670
4671
4671
4671
4672
4673
4674
4674
4675
4678
4680
4681
4681
4683
4684
4685
4685
4687
4689
4690
4692
4693
4694
4696
4700
4701
4703
4703
4705
4707
4707
4708
4709
4709
4710
4710
4713
4713
4714
4715
4715
4715
4716
4718
4720
4723
4723
4725
4725
4727
4727
4729
4730
4731
4732
4733
4735
4735
4737
4737
4738
4743
4744
4745
4745
4746
4746
4747
4749
4750
4752
4753
4753
4754
4754
4754
4755
4755
4756
4757
4757
4758
4758
4759
4759
4760
4761
4763
4765
4766
4768
4771
4772
4773
4775
4780
4780
4781
4781
4782
4782
4782
4784
4786
4786
4789
4791
4792
4794
4794
4796
4796
4796
4796
4796
4796
4798
4798
4798
4798
4798
4799
4800
4803
4803
4803
4804
4804
4808
4809
4810
4812
4813
4814
4814
4815
4816
4817
4818
4819
4819
4821
4822
4823
4823
4823
4824
4824
4825
4826
4827
4828
4828
4828
4829
4830
4831
4835
4835
4836
4836
4836
4839
4840
4840
4841
4844
4845
4846
4846
4848
4849
4849
4850
4851
4851
4853
4854
4854
4854
4855
4855
4855
4856
4856
4857
4857
4859
4859
4862
4863
4863
4863
4863
4864
4864
4865
4866
4866
4866
4869
4870
4870
4872
4873
4880
4880
4882
4886
4887
4888
4889
4889
4891
4891
4892
4892
4892
4893
4893
4893
4895
4895
4896
4897
4898
4899
4901
4901
4901
4902
4903
4904
4904
4906
4906
4908
4909
4911
4911
4913
4913
4914
4914
4915
4916
4916
4917
4918
4921
4921
4922
4925
4926
4926
4926
4927
4927
4928
4933
4933
4934
4934
4937
4937
4937
4937
4940
4940
4943
4943
4943
4945
4946
4948
4948
4949
4950
4950
4951
4953
4953
4953
4954
4954
4955
4956
4956
4957
4957
4958
4961
4962
4964
4964
4965
4965
4965
4966
4968
4969
4971
4972
4973
4974
4975
4978
4978
4978
4979
4979
4980
4981
4981
4981
4982
4982
4984
4985
4985
4987
4988
4989
4991
4992
4992
4993
4993
4995
4995
4997
4997
4998
4998
4999
4999
5000
5001
5003
5005
5006
5008
5010
5010
5010
5010
5011
5014
5016
5017
5018
5019
5019
5019
5019
5020
5020
5021
5022
5022
5023
5024
5024
5025
5025
5027
5028
5030
5030
5030
5031
5035
5035
5035
5036
5037
5037
5037
5041
5043
5043
5044
5044
5046
5048
5050
5052
5053
5053
5053
5055
5055
5060
5060
5061
5062
5063
5063
5064
5065
5065
5067
5069
5070
5071
5072
5074
5077
5078
5078
5080
5080
5081
5083
5084
5084
5086
5086
5087
5088
5090
5090
5090
5091
5091
5092
5092
5093
5093
5094
5095
5096
5096
5101
5101
5106
5106
5107
5107
5107
5109
5109
5110
5110
5110
5110
5111
5111
5112
5112
5113
5114
5118
5118
5119
5120
5121
5123
5125
5125
5125
5125
5126
5126
5127
5129
5129
5132
5133
5133
5133
5133
5135
5135
5138
5139
5139
5140
5140
5142
5143
5144
5145
5148
5148
5150
5151
5151
5154
5154
5154
5155
5163
5163
5164
5164
5165
5167
5168
5168
5168
5169
5170
5170
5171
5171
5171
5172
5172
5172
5174
5177
5177
5178
5178
5178
5179
5179
5181
5181
5182
5183
5183
5184
5184
5184
5185
5186
5188
5188
5190
5191
5192
5193
5193
5195
5195
5195
5196
5197
5197
5198
5198
5198
5199
5199
5201
5202
5203
5204
5208
5210
5213
5214
5215
5215
5217
5217
5218
5218
5220
5221
5221
5221
5222
5223
5225
5225
5225
5226
5228
5229
5231
5232
5233
5233
5234
5234
5234
5235
5235
5236
5239
5239
5240
5241
5241
5241
5243
5244
5244
5244
5244
5244
5245
5246
5246
5246
5247
5248
5249
5252
5252
5254
5254
5254
5256
5257
5258
5258
5259
5260
5260
5260
5262
5263
5265
5267
5270
5270
5271
5274
5275
5276
5277
5277
5277
5277
5279
5279
5281
5281
5281
5282
5282
5285
5286
5290
5290
5290
5291
5291
5291
5292
5293
5294
5294
5296
5299
5301
5302
5302
5303
5305
5306
5308
5309
5309
5309
5311
5312
5312
5312
5313
5314
5315
5315
5318
5318
5319
5319
5320
5321
5321
5322
5325
5328
5329
5330
5331
5331
5333
5333
5334
5335
5336
5339
5339
5339
5341
5342
5343
5343
5344
5346
5347
5347
5348
5348
5350
5350
5350
5352
5352
5353
5353
5354
5354
5355
5355
5356
5357
5358
5358
5359
5361
5362
5363
5364
5365
5366
5367
5368
5368
5370
5372
5375
5375
5376
5378
5378
5381
5382
5383
5385
5386
5388
5390
5391
5392
5393
5395
5396
5398
5399
5402
5403
5404
5407
5407
5407
5407
5408
5410
5410
5411
5412
5413
5414
5414
5414
5415
5415
5416
5417
5419
5420
5421
5422
5422
5425
5427
5428
5428
5428
5428
5429
5431
5432
5432
5432
5435
5435
5435
5435
5437
5437
5437
5438
5438
5439
5439
5439
5439
5440
5440
5441
5442
5442
5443
5443
5444
5444
5444
5446
5447
5449
5449
5453
5455
5457
5458
5459
5460
5460
5461
5462
5462
5464
5465
5465
5467
5468
5468
5468
5468
5469
5471
5471
5471
5473
5473
5473
5475
5476
5478
5479
5480
5480
5480
5480
5480
5481
5483
5485
5485
5487
5487
5487
5487
5488
5491
5492
5492
5493
5494
5494
5495
5495
5495
5496
5498
5498
5498
5499
5501
5501
5501
5501
5501
5504
5504
5504
5504
5504
5505
5506
5509
5510
5510
5513
5513
5513
5514
5517
5517
5517
5518
5518
5520
5521
5522
5523
5523
5524
5525
5525
5525
5525
5527
5528
5531
5533
5534
5534
5537
5537
5542
5543
5543
5543
5543
5545
5546
5550
5551
5552
5552
5552
5558
5559
5560
5560
5561
5561
5562
5562
5563
5563
5564
5565
5567
5567
5568
5568
5570
5571
5573
5574
5575
5577
5578
5578
5578
5579
5579
5579
5581
5582
5582
5583
5586
5587
5589
5590
5590
5591
5591
5593
5594
5594
5598
5599
5600
5601
5602
5602
5603
5604
5604
5605
5605
5605
5605
5606
5607
5609
5610
5611
5611
5613
5613
5614
5614
5614
5615
5616
5616
5616
5617
5617
5618
5618
5618
5620
5620
5622
5624
5625
5625
5625
5625
5626
5626
5626
5628
5633
5633
5635
5635
5637
5639
5640
5643
5644
5645
5648
5648
5648
5649
5655
5655
5656
5656
5656
5656
5659
5661
5661
5662
5663
5664
5665
5665
5666
5666
5666
5668
5669
5669
5670
5670
5675
5675
5676
5676
5676
5679
5679
5680
5681
5682
5687
5687
5687
5687
5688
5688
5688
5689
5690
5690
5692
5692
5694
5696
5697
5697
5697
5698
5699
5700
5700
5703
5704
5704
5705
5705
5706
5708
5708
5709
5710
5711
5712
5712
5712
5713
5714
5714
5715
5716
5717
5718
5718
5721
5723
5725
5727
5728
5729
5729
5731
5733
5735
5736
5737
5740
5744
5747
5748
5749
5753
5755
5756
5757
5759
5760
5760
5761
5761
5762
5763
5764
5767
5767
5768
5768
5769
5771
5774
5778
5779
5779
5780
5780
5780
5782
5784
5784
5785
5789
5790
5791
5793
5794
5794
5794
5794
5796
5798
5798
5798
5799
5801
5804
5805
5805
5806
5806
5806
5808
5809
5809
5809
5810
5812
5812
5813
5813
5814
5821
5823
5825
5825
5826
5828
5828
5830
5831
5833
5833
5835
5837
5838
5839
5841
5841
5842
5843
5845
5845
5847
5849
5849
5850
5851
5851
5852
5852
5853
5854
5854
5856
5856
5858
5859
5860
5861
5861
5861
5862
5864
5866
5867
5867
5867
5867
5869
5870
5872
5873
5873
5875
5876
5877
5878
5878
5879
5879
5880
5881
5882
5883
5883
5885
5889
5893
5894
5895
5898
5898
5898
5899
5899
5900
5901
5901
5902
5902
5902
5902
5906
5906
5907
5909
5909
5910
5911
5917
5917
5918
5919
5921
5921
5923
5924
5924
5928
5928
5928
5930
5930
5930
5930
5932
5933
5933
5934
5936
5937
5937
5941
5941
5941
5944
5945
5946
5947
5948
5948
5949
5953
5954
5956
5957
5959
5963
5965
5966
5968
5968
5969
5971
5973
5974
5974
5976
5978
5979
5979
5979
5980
5980
5980
5983
5984
5984
5985
5986
5986
5987
5987
5988
5988
5990
5992
5994
5995
5996
5997
5999
5999
5999
5999
6000
6000
6001
6002
6005
6006
6006
6008
6010
6010
6012
6014
6016
6017
6017
6018
6018
6023
6023
6024
6025
6025
6025
6027
6028
6029
6029
6033
6033
6033
6036
6038
6038
6041
6042
6042
6042
6043
6043
6045
6047
6047
6048
6049
6049
6050
6052
6054
6056
6056
6056
6057
6059
6059
6059
6061
6063
6064
6065
6065
6066
6068
6068
6069
6071
6072
6072
6073
6075
6077
6078
6079
6079
6079
6080
6081
6081
6082
6084
6085
6086
6086
6087
6087
6088
6090
6093
6093
6097
6098
6098
6101
6102
6102
6102
6103
6103
6104
6105
6105
6108
6108
6109
6110
6111
6112
6112
6112
6113
6121
6122
6123
6123
6126
6131
6133
6134
6134
6135
6136
6136
6137
6138
6139
6140
6141
6142
6142
6143
6146
6147
6147
6148
6148
6149
6150
6151
6152
6153
6155
6156
6156
6157
6159
6159
6160
6160
6160
6161
6164
6164
6165
6165
6168
6171
6171
6172
6172
6173
6174
6174
6174
6176
6178
6179
6179
6179
6180
6181
6182
6182
6182
6182
6184
6185
6186
6187
6187
6189
6190
6191
6191
6191
6196
6197
6200
6200
6201
6202
6203
6203
6204
6205
6205
6206
6209
6209
6210
6210
6211
6212
6214
6216
6217
6217
6220
6220
6220
6220
6220
6221
6221
6223
6223
6224
6224
6225
6225
6226
6226
6227
6228
6229
6230
6231
6232
6232
6232
6234
6235
6237
6238
6238
6238
6239
6241
6242
6243
6244
6247
6248
6248
6248
6248
6249
6252
6252
6252
6255
6255
6256
6257
6257
6259
6260
6260
6260
6262
6264
6266
6268
6269
6271
6273
6279
6280
6283
6284
6285
6287
6287
6289
6289
6289
6290
6291
6293
6293
6295
6295
6295
6295
6295
6296
6296
6297
6298
6298
6300
6301
6302
6302
6306
6308
6309
6311
6312
6312
6313
6313
6314
6315
6316
6317
6317
6317
6318
6320
6320
6320
6321
6321
6321
6322
6322
6322
6324
6324
6325
6325
6325
6326
6328
6328
6331
6331
6332
6332
6333
6336
6337
6338
6340
6341
6345
6347
6347
6348
6348
6348
6350
6350
6352
6352
6356
6358
6360
6360
6362
6362
6365
6365
6366
6366
6367
6367
6368
6368
6368
6369
6370
6370
6372
6372
6374
6375
6378
6379
6380
6381
6384
6385
6386
6386
6388
6389
6391
6393
6393
6393
6394
6395
6397
6400
6401
6403
6405
6405
6406
6407
6407
6408
6408
6408
6408
6410
6411
6413
6415
6416
6417
6419
6420
6421
6421
6422
6422
6424
6426
6426
6426
6429
6429
6431
6433
6435
6439
6443
6443
6443
6443
6444
6445
6446
6448
6448
6449
6449
6449
6450
6450
6451
6451
6452
6453
6453
6455
6455
6455
6456
6456
6456
6457
6457
6458
6459
6459
6461
6461
6461
6461
6462
6464
6466
6466
6466
6467
6468
6469
6469
6469
6470
6470
6473
6474
6474
6475
6476
6476
6476
6478
6478
6478
6480
6483
6486
6488
6490
6491
6491
6492
6494
6495
6495
6496
6498
6498
6498
6499
6500
6500
6501
6501
6501
6503
6503
6504
6505
6505
6506
6508
6508
6509
6509
6510
6511
6511
6512
6513
6513
6513
6516
6518
6524
6525
6525
6526
6529
6531
6531
6532
6532
6533
6533
6535
6536
6536
6536
6538
6538
6538
6538
6539
6540
6540
6541
6541
6542
6542
6543
6543
6543
6544
6544
6546
6547
6547
6549
6549
6549
6551
6551
6551
6552
6554
6555
6556
6557
6557
6558
6558
6559
6560
6561
6563
6563
6565
6566
6567
6568
6570
6571
6574
6574
6574
6577
6577
6578
6579
6580
6583
6584
6585
6585
6587
6587
6588
6589
6589
6589
6590
6590
6592
6593
6593
6594
6595
6597
6597
6598
6599
6600
6602
6603
6603
6603
6603
6604
6604
6604
6607
6607
6607
6608
6608
6610
6611
6611
6612
6620
6621
6624
6625
6626
6626
6626
6627
6627
6627
6628
6629
6630
6631
6631
6632
6632
6632
6633
6634
6636
6636
6638
6638
6639
6641
6642
6642
6642
6643
6643
6643
6643
6644
6644
6644
6646
6646
6648
6648
6651
6651
6653
6655
6656
6656
6658
6658
6658
6658
6660
6660
6660
6661
6661
6661
6664
6666
6666
6668
6669
6670
6670
6671
6672
6672
6675
6678
6678
6678
6678
6679
6681
6682
6683
6686
6687
6689
6690
6690
6691
6691
6693
6694
6694
6696
6696
6696
6698
6698
6700
6701
6702
6704
6705
6705
6706
6707
6708
6709
6710
6711
6711
6712
6714
6715
6716
6716
6719
6719
6720
6720
6721
6722
6722
6722
6723
6724
6724
6725
6725
6729
6730
6731
6733
6733
6733
6734
6735
6735
6739
6739
6740
6741
6742
6742
6743
6745
6746
6746
6746
6746
6747
6748
6749
6749
6749
6749
6753
6755
6756
6756
6757
6758
6761
6761
6764
6766
6766
6767
6768
6770
6770
6771
6771
6772
6772
6772
6774
6774
6775
6776
6778
6778
6779
6779
6780
6780
6780
6781
6782
6784
6785
6786
6787
6787
6788
6789
6789
6790
6790
6792
6792
6793
6797
6797
6797
6799
6801
6802
6803
6804
6805
6805
6806
6807
6807
6807
6809
6809
6809
6811
6812
6815
6816
6816
6817
6817
6821
6825
6826
6827
6828
6829
6830
6834
6835
6841
6841
6843
6845
6846
6847
6847
6848
6848
6848
6850
6851
6854
6856
6857
6859
6862
6862
6862
6865
6868
6869
6870
6871
6871
6876
6879
6880
6880
6880
6882
6883
6886
6888
6888
6889
6889
6891
6892
6893
6893
6894
6895
6896
6896
6900
6900
6900
6901
6901
6903
6905
6906
6908
6909
6909
6909
6911
6914
6915
6915
6915
6917
6918
6919
6919
6920
6920
6920
6921
6923
6924
6925
6926
6927
6928
6929
6931
6932
6933
6933
6934
6936
6937
6938
6939
6940
6943
6944
6945
6945
6951
6952
6953
6955
6956
6959
6960
6961
6961
6961
6963
6963
6964
6967
6968
6968
6970
6970
6971
6971
6972
6972
6972
6973
6974
6974
6975
6975
6975
6976
6976
6977
6979
6979
6982
6983
6986
6988
6991
6993
6993
6994
6996
6997
6997
7002
7002
7003
7003
7004
7005
7005
7005
7007
7007
7007
7010
7010
7011
7011
7011
7012
7015
7016
7017
7018
7020
7021
7023
7024
7025
7028
7030
7031
7032
7032
7033
7033
7034
7035
7036
7036
7036
7038
7038
7038
7043
7043
7043
7044
7045
7046
7049
7049
7049
7050
7051
7052
7057
7058
7062
7062
7063
7064
7064
7064
7066
7067
7067
7068
7068
7070
7070
7070
7070
7070
7070
7071
7072
7073
7074
7075
7078
7078
7078
7079
7080
7081
7081
7083
7085
7087
7088
7088
7089
7089
7089
7091
7092
7092
7093
7094
7095
7095
7095
7096
7097
7097
7097
7098
7098
7098
7099
7100
7100
7100
7101
7107
7107
7108
7108
7110
7110
7112
7113
7113
7114
7114
7116
7118
7118
7119
7119
7121
7122
7122
7122
7123
7123
7123
7123
7124
7126
7131
7131
7132
7133
7134
7136
7136
7136
7137
7138
7138
7139
7139
7141
7142
7143
7143
7143
7143
7144
7147
7149
7150
7150
7150
7150
7151
7151
7152
7152
7153
7154
7155
7155
7155
7156
7158
7159
7162
7162
7163
7165
7166
7167
7168
7168
7169
7169
7169
7169
7171
7171
7171
7172
7174
7175
7177
7178
7180
7180
7181
7183
7185
7185
7186
7186
7186
7187
7187
7187
7188
7190
7191
7191
7192
7193
7196
7197
7198
7198
7200
7200
7201
7202
7204
7204
7204
7204
7205
7205
7206
7208
7209
7211
7213
7216
7220
7222
7222
7222
7223
7224
7226
7226
7226
7227
7231
7231
7231
7233
7233
7233
7233
7234
7234
7236
7236
7236
7236
7241
7241
7241
7241
7244
7246
7247
7247
7247
7248
7249
7250
7251
7253
7253
7253
7254
7256
7257
7257
7258
7260
7261
7263
7267
7268
7268
7268
7270
7270
7271
7271
7272
7273
7274
7274
7275
7276
7278
7278
7280
7280
7282
7283
7285
7285
7288
7288
7288
7288
7290
7291
7292
7295
7296
7297
7297
7298
7303
7304
7304
7305
7307
7308
7309
7309
7309
7310
7310
7315
7316
7320
7321
7324
7324
7325
7325
7326
7326
7326
7326
7328
7328
7329
7329
7329
7329
7331
7331
7332
7334
7335
7335
7336
7337
7339
7341
7341
7341
7343
7344
7344
7345
7345
7345
7345
7345
7348
7348
7349
7350
7350
7352
7352
7353
7354
7354
7360
7361
7362
7362
7362
7364
7365
7365
7366
7366
7367
7368
7371
7371
7372
7372
7373
7374
7375
7375
7375
7376
7376
7376
7376
7378
7378
7379
7381
7382
7384
7385
7387
7387
7388
7392
7392
7392
7393
7393
7393
7395
7396
7399
7401
7402
7402
7403
7403
7404
7406
7408
7409
7409
7410
7411
7411
7413
7414
7415
7416
7417
7419
7420
7423
7423
7426
7426
7427
7427
7428
7433
7433
7434
7434
7436
7436
7437
7439
7439
7441
7444
7444
7444
7446
7446
7446
7447
7448
7449
7452
7453
7453
7456
7457
7458
7460
7461
7462
7462
7462
7464
7464
7464
7465
7466
7469
7471
7471
7472
7472
7475
7475
7476
7477
7478
7478
7479
7479
7479
7479
7480
7481
7481
7484
7486
7486
7487
7487
7488
7489
7491
7495
7496
7496
7497
7497
7499
7500
7502
7503
7505
7505
7506
7508
7509
7510
7510
7512
7513
7514
7515
7516
7518
7519
7520
7520
7522
7522
7524
7525
7525
7527
7527
7530
7530
7531
7533
7534
7534
7535
7537
7538
7539
7539
7540
7541
7541
7541
7543
7545
7545
7546
7547
7547
7548
7548
7552
7552
7553
7553
7554
7554
7554
7555
7556
7556
7557
7559
7561
7563
7564
7565
7566
7567
7567
7567
7568
7568
7571
7571
7572
7573
7574
7575
7577
7581
7581
7581
7582
7584
7585
7587
7587
7587
7588
7589
7589
7589
7590
7590
7590
7590
7591
7592
7592
7593
7595
7595
7598
7598
7599
7601
7602
7603
7603
7604
7607
7611
7612
7613
7614
7617
7619
7621
7622
7622
7622
7625
7626
7629
7629
7630
7631
7634
7634
7635
7639
7640
7641
7642
7643
7644
7645
7646
7648
7649
7650
7651
7652
7653
7653
7654
7654
7654
7655
7659
7659
7664
7666
7668
7670
7673
7673
7674
7675
7675
7677
7677
7678
7678
7678
7678
7679
7680
7682
7682
7682
7683
7683
7685
7687
7688
7692
7692
7693
7693
7694
7694
7697
7697
7698
7698
7698
7700
7701
7707
7710
7710
7712
7712
7713
7715
7715
7716
7719
7719
7720
7720
7721
7721
7722
7726
7727
7727
7729
7729
7730
7731
7731
7733
7733
7734
7736
7741
7741
7741
7741
7741
7743
7744
7744
7744
7744
7745
7745
7746
7746
7747
7747
7748
7752
7752
7752
7754
7756
7759
7760
7763
7764
7765
7767
7767
7768
7768
7769
7769
7770
7772
7773
7778
7778
7780
7781
7785
7785
7786
7787
7788
7789
7792
7792
7793
7793
7794
7794
7795
7795
7795
7795
7797
7798
7799
7801
7802
7802
7803
7805
7806
7808
7809
7811
7813
7813
7813
7815
7816
7817
7817
7818
7819
7819
7820
7820
7820
7820
7821
7822
7823
7824
7825
7826
7826
7826
7828
7828
7828
7830
7833
7834
7835
7838
7839
7841
7841
7842
7842
7844
7845
7845
7846
7847
7848
7848
7849
7849
7850
7851
7851
7852
7853
7853
7854
7854
7855
7857
7858
7859
7860
7861
7862
7863
7864
7866
7868
7869
7870
7871
7872
7872
7872
7872
7873
7873
7874
7876
7876
7878
7878
7879
7879
7881
7881
7883
7884
7885
7885
7885
7886
7886
7886
7888
7888
7888
7890
7891
7891
7892
7893
7894
7894
7898
7899
7899
7900
7900
7901
7901
7901
7902
7902
7903
7904
7904
7904
7906
7907
7907
7907
7907
7908
7909
7911
7912
7914
7914
7916
7917
7917
7917
7917
7922
7923
7923
7923
7924
7925
7926
7926
7927
7927
7928
7930
7933
7934
7934
7935
7936
7937
7938
7940
7940
7940
7941
7941
7942
7942
7942
7945
7945
7945
7945
7946
7948
7948
7949
7950
7950
7951
7956
7956
7959
7959
7960
7961
7962
7962
7963
7963
7963
7965
7967
7969
7969
7970
7971
7971
7974
7974
7977
7978
7978
7979
7980
7981
7982
7982
7987
7989
7990
7991
7992
7993
7994
7994
7995
7995
7995
7996
7997
8000
8000
8001
8004
8004
8004
8006
8012
8012
8012
8013
8014
8014
8015
8017
8020
8020
8021
8022
8024
8024
8026
8026
8026
8028
8028
8029
8030
8030
8031
8031
8031
8031
8033
8033
8034
8034
8036
8037
8038
8039
8040
8041
8043
8044
8047
8050
8050
8052
8053
8054
8055
8055
8056
8056
8056
8057
8058
8062
8067
8069
8069
8070
8075
8075
8076
8076
8077
8080
8080
8080
8083
8083
8086
8088
8092
8096
8096
8098
8099
8099
8100
8100
8100
8102
8102
8103
8104
8104
8104
8105
8105
8105
8106
8107
8107
8107
8108
8109
8110
8110
8111
8111
8111
8112
8113
8116
8116
8116
8120
8121
8121
8125
8125
8125
8126
8126
8128
8128
8129
8129
8130
8131
8132
8133
8133
8134
8134
8136
8136
8136
8137
8137
8138
8139
8140
8140
8142
8144
8145
8147
8147
8147
8148
8150
8152
8153
8155
8156
8156
8158
8158
8161
8163
8164
8164
8166
8167
8167
8167
8168
8168
8169
8169
8170
8176
8177
8178
8178
8179
8181
8182
8185
8186
8186
8186
8187
8187
8187
8188
8189
8189
8190
8190
8190
8192
8192
8193
8196
8196
8196
8196
8197
8198
8198
8199
8199
8200
8200
8200
8203
8203
8204
8206
8207
8208
8208
8208
8210
8211
8213
8215
8215
8218
8218
8220
8221
8223
8224
8230
8230
8231
8232
8233
8235
8235
8235
8236
8239
8239
8240
8240
8240
8241
8241
8244
8244
8246
8247
8248
8250
8250
8250
8250
8253
8254
8254
8255
8256
8257
8257
8257
8260
8261
8261
8263
8264
8265
8266
8267
8270
8271
8272
8273
8273
8276
8277
8277
8278
8280
8281
8282
8282
8282
8284
8284
8285
8285
8292
8292
8293
8295
8295
8296
8298
8298
8300
8300
8303
8304
8306
8306
8307
8307
8309
8313
8314
8317
8318
8320
8322
8323
8326
8328
8328
8330
8330
8332
8332
8333
8334
8335
8335
8336
8338
8338
8340
8341
8343
8343
8343
8344
8344
8344
8345
8348
8348
8348
8349
8349
8351
8352
8352
8353
8353
8355
8357
8357
8359
8359
8360
8361
8362
8365
8365
8366
8368
8368
8369
8370
8373
8373
8373
8373
8373
8374
8377
8378
8379
8379
8381
8382
8384
8385
8387
8390
8391
8391
8393
8395
8395
8396
8397
8398
8400
8400
8400
8401
8401
8403
8404
8406
8407
8409
8411
8412
8413
8413
8413
8414
8414
8417
8418
8419
8423
8425
8426
8427
8427
8430
8431
8432
8432
8433
8435
8436
8437
8439
8439
8440
8441
8442
8442
8442
8443
8443
8444
8444
8444
8446
8448
8448
8449
8451
8451
8454
8455
8455
8457
8457
8457
8457
8459
8459
8459
8460
8461
8462
8462
8465
8466
8467
8469
8469
8471
8471
8472
8472
8476
8477
8478
8479
8480
8480
8482
8483
8483
8484
8485
8488
8488
8488
8489
8489
8489
8491
8492
8492
8492
8496
8498
8500
8500
8500
8501
8501
8502
8502
8502
8503
8504
8504
8505
8506
8507
8511
8511
8512
8513
8515
8516
8516
8516
8517
8517
8519
8519
8519
8520
8521
8521
8525
8525
8525
8528
8529
8535
8536
8537
8537
8537
8537
8541
8541
8542
8544
8546
8548
8548
8549
8549
8550
8551
8551
8554
8555
8556
8556
8557
8559
8560
8560
8560
8562
8562
8562
8563
8563
8564
8564
8565
8566
8567
8568
8569
8570
8570
8573
8574
8575
8575
8576
8576
8578
8579
8579
8581
8581
8581
8582
8584
8584
8586
8586
8586
8587
8587
8587
8587
8588
8589
8589
8589
8590
8591
8591
8593
8594
8594
8595
8596
8596
8597
8597
8599
8599
8600
8600
8602
8603
8605
8605
8606
8606
8606
8607
8608
8610
8610
8613
8614
8616
8616
8616
8616
8617
8619
8619
8619
8620
8621
8621
8622
8622
8623
8623
8623
8625
8626
8627
8628
8629
8630
8631
8633
8634
8635
8635
8638
8638
8638
8640
8640
8641
8644
8645
8645
8646
8646
8647
8648
8648
8649
8652
8652
8653
8654
8654
8656
8656
8658
8658
8662
8663
8663
8663
8665
8665
8666
8669
8672
8675
8676
8676
8677
8678
8680
8680
8682
8682
8684
8684
8684
8686
8688
8690
8694
8694
8694
8695
8696
8697
8697
8697
8697
8701
8702
8703
8703
8705
8705
8705
8706
8708
8708
8708
8709
8710
8712
8712
8713
8714
8715
8716
8719
8720
8721
8722
8727
8730
8730
8730
8732
8732
8733
8733
8735
8736
8736
8737
8737
8739
8739
8740
8740
8740
8741
8742
8742
8742
8745
8746
8747
8748
8749
8749
8750
8751
8754
8755
8755
8755
8757
8758
8758
8758
8759
8759
8759
8761
8761
8762
8762
8763
8763
8764
8765
8766
8766
8766
8767
8769
8771
8772
8774
8775
8775
8776
8779
8779
8780
8781
8781
8782
8783
8785
8786
8786
8788
8789
8789
8789
8790
8792
8793
8794
8794
8794
8796
8796
8797
8799
8800
8800
8800
8800
8800
8801
8802
8802
8802
8803
8804
8806
8806
8806
8806
8808
8810
8810
8810
8811
8811
8814
8814
8814
8817
8820
8822
8823
8824
8824
8824
8826
8828
8829
8829
8830
8830
8833
8834
8834
8835
8835
8836
8838
8839
8840
8842
8844
8846
8848
8848
8848
8849
8850
8850
8850
8851
8852
8853
8854
8854
8854
8854
8855
8856
8856
8857
8857
8858
8859
8859
8859
8861
8862
8863
8864
8864
8864
8865
8865
8866
8866
8867
8867
8867
8869
8870
8871
8872
8872
8872
8873
8873
8873
8873
8874
8875
8875
8877
8878
8879
8879
8880
8882
8882
8882
8882
8883
8884
8884
8884
8886
8886
8886
8887
8887
8888
8888
8889
8892
8892
8893
8894
8895
8895
8895
8896
8897
8897
8899
8900
8901
8901
8905
8906
8906
8908
8909
8910
8910
8910
8913
8914
8914
8915
8916
8917
8917
8917
8918
8918
8919
8921
8921
8923
8923
8925
8925
8925
8929
8930
8932
8933
8933
8934
8934
8934
8934
8935
8937
8937
8939
8940
8941
8942
8944
8945
8946
8947
8947
8949
8950
8950
8951
8951
8953
8953
8958
8960
8960
8960
8963
8963
8965
8967
8970
8971
8971
8971
8972
8973
8974
8975
8975
8975
8979
8981
8981
8981
8982
8982
8982
8983
8984
8984
8985
8985
8986
8986
8988
8989
8990
8991
8992
8993
8993
8993
8993
8994
8996
8996
8996
8998
8998
9000
9002
9003
9003
9004
9004
9004
9004
9004
9006
9009
9010
9012
9012
9014
9014
9016
9017
9017
9018
9021
9022
9022
9024
9025
9027
9027
9028
9029
9031
9031
9033
9033
9033
9034
9035
9035
9035
9037
9037
9038
9038
9039
9039
9040
9041
9044
9045
9046
9050
9050
9050
9053
9054
9055
9057
9057
9059
9060
9060
9061
9063
9064
9065
9065
9066
9067
9067
9067
9067
9067
9068
9068
9071
9072
9073
9075
9075
9076
9079
9080
9082
9082
9083
9083
9084
9085
9087
9088
9090
9090
9092
9092
9092
9093
9094
9094
9096
9098
9098
9098
9100
9102
9102
9103
9104
9104
9105
9107
9108
9109
9111
9111
9114
9118
9118
9120
9121
9122
9122
9123
9123
9124
9126
9126
9126
9126
9128
9128
9130
9130
9131
9131
9132
9132
9135
9136
9137
9139
9140
9140
9141
9141
9142
9142
9143
9144
9144
9145
9147
9147
9149
9149
9149
9150
9150
9151
9152
9156
9156
9158
9158
9159
9159
9160
9161
9161
9164
9165
9166
9167
9168
9171
9171
9173
9175
9176
9176
9177
9177
9177
9178
9180
9180
9180
9181
9182
9182
9182
9182
9182
9183
9183
9185
9188
9189
9190
9194
9194
9197
9197
9197
9198
9199
9200
9203
9204
9205
9205
9205
9207
9209
9211
9214
9215
9218
9218
9220
9221
9221
9221
9222
9223
9224
9226
9226
9229
9230
9230
9231
9233
9233
9234
9235
9236
9236
9238
9239
9242
9242
9242
9243
9246
9246
9248
9248
9249
9250
9250
9251
9254
9254
9255
9256
9258
9259
9259
9259
9260
9260
9260
9261
9261
9261
9262
9262
9266
9270
9270
9270
9271
9274
9276
9276
9277
9277
9278
9279
9281
9281
9283
9284
9284
9284
9285
9287
9287
9287
9288
9289
9290
9291
9292
9294
9296
9297
9297
9298
9299
9302
9303
9304
9304
9305
9307
9308
9308
9309
9309
9311
9311
9312
9313
9314
9314
9315
9317
9318
9318
9319
9320
9320
9320
9321
9321
9323
9323
9324
9325
9325
9326
9328
9328
9328
9328
9330
9331
9332
9332
9332
9335
9335
9337
9337
9337
9338
9340
9341
9342
9345
9345
9345
9345
9345
9346
9348
9351
9351
9352
9352
9352
9357
9357
9358
9359
9359
9359
9360
9360
9361
9361
9362
9362
9364
9364
9368
9368
9369
9369
9369
9369
9370
9371
9371
9372
9374
9374
9375
9375
9376
9376
9376
9377
9378
9378
9378
9380
9382
9385
9385
9389
9390
9390
9390
9390
9391
9392
9393
9393
9393
9396
9396
9398
9399
9400
9400
9403
9405
9407
9409
9409
9409
9410
9411
9415
9415
9416
9416
9416
9416
9418
9418
9420
9421
9421
9422
9422
9424
9425
9426
9426
9429
9430
9433
9434
9434
9434
9434
9435
9436
9436
9437
9438
9440
9440
9441
9442
9444
9444
9445
9447
9447
9448
9448
9448
9448
9449
9449
9449
9450
9451
9451
9452
9453
9454
9455
9457
9459
9459
9459
9460
9462
9463
9467
9467
9468
9469
9471
9471
9472
9473
9474
9475
9476
9477
9477
9478
9479
9479
9480
9481
9481
9482
9483
9483
9484
9484
9484
9485
9485
9486
9486
9487
9487
9487
9489
9489
9493
9494
9497
9498
9499
9499
9500
9501
9502
9503
9505
9505
9505
9505
9505
9506
9506
9507
9507
9508
9508
9509
9509
9511
9512
9514
9517
9518
9518
9518
9520
9520
9521
9523
9530
9532
9534
9534
9536
9537
9538
9539
9540
9540
9542
9544
9545
9546
9548
9548
9549
9550
9551
9551
9552
9552
9555
9556
9556
9556
9556
9557
9557
9558
9561
9561
9561
9563
9563
9563
9563
9565
9566
9567
9568
9568
9568
9569
9569
9570
9570
9571
9573
9573
9573
9576
9577
9580
9582
9582
9583
9583
9586
9587
9589
9589
9589
9589
9589
9589
9590
9590
9591
9591
9592
9592
9592
9592
9594
9594
9595
9599
9599
9600
9600
9602
9602
9602
9603
9606
9607
9607
9609
9610
9611
9611
9614
9618
9618
9618
9619
9620
9620
9620
9621
9622
9626
9627
9627
9634
9634
9635
9636
9637
9637
9638
9638
9638
9639
9639
9640
9642
9643
9643
9644
9646
9647
9648
9649
9650
9651
9652
9653
9655
9658
9658
9658
9660
9660
9665
9666
9666
9666
9667
9667
9668
9670
9671
9671
9673
9676
9676
9676
9677
9677
9679
9680
9680
9680
9681
9684
9684
9685
9685
9688
9688
9689
9690
9690
9691
9691
9694
9694
9695
9695
9696
9697
9698
9698
9698
9699
9700
9701
9703
9705
9706
9707
9707
9707
9708
9709
9710
9712
9713
9713
9716
9717
9717
9718
9718
9719
9719
9720
9722
9722
9723
9725
9726
9730
9731
9731
9732
9737
9737
9738
9739
9739
9739
9739
9742
9742
9742
9742
9742
9743
9744
9744
9747
9748
9750
9750
9753
9753
9753
9754
9754
9755
9756
9756
9757
9757
9757
9757
9759
9759
9760
9761
9761
9762
9763
9764
9764
9764
9764
9765
9765
9766
9766
9766
9767
9769
9770
9773
9774
9775
9776
9777
9777
9777
9778
9784
9785
9786
9787
9787
9787
9788
9790
9790
9792
9792
9792
9793
9793
9795
9796
9798
9799
9801
9802
9803
9803
9805
9805
9806
9806
9808
9808
9809
9809
9809
9809
9810
9811
9812
9812
9813
9815
9815
9816
9818
9819
9819
9819
9819
9820
9820
9820
9823
9823
9827
9828
9829
9830
9831
9831
9831
9832
9832
9833
9835
9836
9837
9837
9838
9839
9841
9841
9841
9841
9845
9845
9847
9847
9847
9849
9851
9852
9853
9857
9860
9860
9862
9863
9865
9865
9866
9866
9867
9869
9869
9873
9873
9875
9876
9879
9881
9882
9882
9884
9885
9887
9887
9889
9889
9889
9891
9892
9893
9894
9897
9897
9897
9898
9902
9903
9904
9905
9906
9907
9907
9908
9909
9909
9909
9909
9911
9912
9913
9914
9915
9915
9915
9918
9919
9923
9923
9925
9926
9927
9927
9928
9929
9931
9931
9931
9932
9933
9935
9940
9941
9941
9942
9945
9948
9949
9950
9950
9954
9954
9954
9955
9956
9957
9958
9959
9960
9961
9961
9961
9963
9967
9968
9968
9970
9970
9970
9971
9972
9974
9974
9975
9975
9980
9980
9981
9982
9982
9983
9983
9984
9984
9984
9984
9985
9986
9988
9988
9989
9990
9992
9992
9992
9993
9996
9996
9996
9996
9997
9998
9999
