0
1
2
3
3
3
4
4
5
6
6
10
10
10
10
13
13
13
16
17
19
20
20
22
22
23
24
24
25
25
26
26
28
28
29
29
30
31
32
32
33
34
34
35
36
38
39
39
40
41
42
42
43
43
44
45
47
48
49
49
49
49
50
51
51
52
53
53
54
55
56
57
58
59
59
59
60
60
61
66
67
67
68
68
68
68
69
70
70
70
72
72
73
74
74
75
76
76
76
82
82
83
83
84
85
85
86
86
87
87
89
89
91
92
94
95
95
96
98
98
98
98
102
103
104
104
104
105
105
105
106
108
108
110
110
111
111
113
113
114
120
121
122
124
127
128
128
129
131
131
131
132
137
137
137
139
139
139
142
143
145
145
146
146
146
147
148
148
149
150
150
151
152
152
152
152
153
154
155
155
156
157
158
158
159
159
160
161
162
164
165
169
169
172
173
176
178
179
179
180
180
180
181
183
187
188
188
190
190
190
190
190
191
194
194
196
197
198
198
198
199
200
200
201
203
204
204
205
205
206
207
209
209
210
210
210
212
217
218
219
219
220
220
220
222
222
223
224
225
225
228
228
228
229
232
233
234
235
235
236
237
240
240
241
243
246
248
249
253
253
254
258
261
268
270
271
271
271
274
275
277
278
280
282
282
282
283
283
283
283
284
285
287
288
289
289
290
291
292
292
294
295
295
296
298
298
298
299
299
300
301
302
304
305
305
306
307
308
309
309
310
310
311
312
314
314
316
318
318
320
320
323
324
327
328
329
330
336
336
337
338
339
340
340
341
343
344
346
347
347
348
348
349
349
349
351
351
352
352
352
356
359
361
362
363
363
364
364
365
365
366
370
371
371
372
372
373
374
376
376
378
378
378
378
380
382
385
385
387
387
388
390
391
391
392
392
392
392
393
400
401
401
402
402
403
403
404
405
407
408
409
409
409
409
410
411
412
413
413
415
415
416
419
419
419
419
419
420
420
421
422
423
423
425
425
426
427
428
429
429
430
430
430
431
432
433
435
435
435
437
437
439
439
440
440
441
442
442
445
447
451
452
453
455
456
458
458
458
459
460
460
462
462
462
464
465
466
466
467
469
469
472
472
473
476
479
481
481
482
482
486
486
486
487
490
492
494
495
496
496
496
497
497
499
502
503
504
504
506
507
508
508
508
511
512
515
518
518
519
520
520
521
521
521
522
522
524
527
527
528
529
529
532
532
533
533
534
535
536
536
536
536
538
542
542
543
544
546
549
552
552
554
554
555
556
556
559
560
565
565
565
566
567
570
572
572
575
575
577
578
581
582
582
583
584
585
586
587
587
587
588
589
590
590
591
591
592
594
598
598
600
602
604
605
606
607
607
607
607
608
608
610
611
611
612
614
615
616
616
617
618
618
621
625
626
627
630
631
632
633
634
637
639
639
644
644
646
647
649
651
652
653
653
653
655
656
656
656
657
658
658
659
660
662
662
664
665
665
666
666
667
668
671
671
673
673
677
677
677
677
678
679
680
682
684
686
687
688
689
691
692
693
693
694
694
694
696
696
699
700
700
701
704
705
706
706
707
707
707
708
708
709
709
709
711
712
713
714
714
717
718
719
721
721
723
723
724
726
726
726
728
728
728
729
729
729
730
730
731
734
735
735
736
736
739
739
739
741
742
745
745
745
746
746
747
748
748
749
752
752
752
753
756
757
757
758
758
759
759
760
761
762
764
764
767
767
768
769
769
771
771
772
772
773
774
775
775
775
777
777
777
779
780
780
780
781
783
784
784
784
785
785
786
787
787
787
787
788
789
790
790
790
790
791
792
793
793
794
794
795
796
798
801
801
801
804
805
806
806
807
809
809
810
810
814
814
814
815
816
818
818
818
818
820
820
822
822
822
823
825
825
826
829
829
829
829
829
832
833
834
835
836
839
840
843
843
845
845
846
846
848
848
849
849
850
851
851
851
852
856
856
857
857
857
858
860
861
864
866
866
868
868
871
872
873
873
873
875
876
876
877
879
880
880
882
883
883
883
886
887
889
890
890
890
891
892
894
895
895
896
897
899
900
902
904
904
905
907
907
908
909
909
911
912
912
913
916
919
921
931
933
933
934
935
936
936
937
938
938
940
940
941
941
941
941
943
944
945
946
947
949
950
950
951
952
952
953
953
954
954
955
955
956
957
957
962
962
964
966
968
969
971
971
972
974
974
975
975
977
977
977
978
978
978
978
981
981
983
985
985
987
987
988
988
990
992
993
994
994
995
995
996
997
1000
1000
1001
1002
1004
1005
1006
1009
1009
1009
1009
1010
1011
1011
1013
1013
1014
1014
1015
1016
1016
1017
1018
1019
1019
1020
1020
1020
1021
1021
1022
1022
1024
1025
1027
1028
1030
1031
1032
1033
1034
1034
1035
1036
1037
1038
1039
1041
1041
1043
1046
1047
1047
1047
1047
1050
1050
1050
1050
1050
1050
1051
1053
1053
1053
1053
1054
1054
1054
1055
1055
1058
1059
1060
1062
1062
1062
1063
1064
1064
1064
1064
1065
1066
1068
1069
1069
1070
1070
1071
1073
1075
1075
1076
1076
1078
1078
1079
1080
1080
1080
1081
1081
1082
1083
1085
1087
1088
1088
1089
1091
1092
1092
1093
1094
1094
1095
1096
1096
1098
1099
1102
1103
1105
1105
1110
1111
1112
1113
1113
1114
1114
1115
1115
1115
1116
1117
1118
1119
1119
1122
1123
1124
1125
1126
1128
1128
1131
1131
1131
1133
1133
1134
1135
1135
1136
1138
1139
1140
1142
1144
1144
1144
1146
1146
1147
1147
1148
1150
1151
1151
1152
1152
1152
1152
1153
1155
1156
1156
1162
1163
1166
1166
1167
1167
1167
1169
1170
1170
1171
1175
1175
1176
1176
1177
1177
1177
1178
1178
1178
1178
1178
1179
1180
1182
1182
1183
1183
1183
1183
1183
1187
1188
1189
1189
1190
1191
1192
1195
1199
1202
1202
1203
1203
1203
1204
1204
1206
1207
1209
1209
1209
1210
1212
1213
1214
1215
1216
1217
1218
1219
1223
1223
1223
1224
1226
1226
1228
1229
1231
1232
1233
1234
1235
1236
1236
1236
1237
1238
1238
1238
1239
1239
1240
1241
1242
1244
1244
1245
1246
1246
1247
1247
1248
1248
1248
1249
1251
1251
1253
1255
1256
1257
1257
1259
1259
1259
1260
1261
1261
1264
1265
1266
1268
1268
1269
1270
1271
1271
1272
1272
1274
1276
1276
1278
1278
1278
1280
1281
1282
1283
1283
1283
1283
1284
1284
1286
1288
1288
1290
1290
1291
1292
1292
1292
1293
1293
1294
1296
1296
1296
1298
1298
1300
1301
1301
1301
1302
1302
1303
1304
1304
1306
1306
1306
1307
1308
1308
1308
1310
1310
1311
1312
1313
1314
1316
1317
1317
1317
1318
1320
1320
1320
1321
1321
1321
1323
1324
1326
1327
1327
1328
1328
1328
1329
1329
1330
1331
1331
1332
1333
1334
1335
1335
1336
1336
1338
1339
1339
1341
1341
1343
1343
1344
1346
1347
1349
1350
1351
1353
1354
1356
1356
1357
1357
1357
1361
1362
1364
1366
1366
1370
1370
1370
1371
1371
1372
1372
1376
1376
1377
1377
1378
1380
1383
1383
1384
1385
1386
1386
1386
1387
1390
1390
1390
1393
1395
1398
1398
1399
1399
1401
1401
1401
1402
1404
1404
1404
1406
1408
1408
1411
1412
1413
1413
1413
1414
1414
1414
1415
1419
1421
1421
1422
1423
1423
1423
1424
1425
1425
1428
1428
1430
1430
1433
1435
1436
1436
1437
1438
1440
1442
1443
1443
1444
1444
1446
1447
1447
1448
1449
1449
1449
1451
1452
1455
1455
1456
1457
1457
1457
1459
1459
1459
1461
1463
1463
1466
1466
1468
1469
1469
1471
1473
1474
1474
1475
1477
1479
1479
1479
1480
1481
1481
1483
1487
1488
1489
1489
1489
1493
1495
1496
1498
1498
1499
1499
1500
1501
1501
1502
1502
1502
1504
1505
1505
1506
1507
1507
1507
1509
1510
1511
1511
1512
1514
1514
1515
1515
1515
1515
1517
1519
1520
1524
1525
1526
1526
1527
1527
1530
1530
1533
1533
1533
1534
1534
1534
1535
1536
1540
1540
1540
1541
1541
1542
1545
1547
1548
1549
1550
1550
1551
1552
1553
1554
1555
1558
1559
1559
1560
1560
1561
1562
1562
1563
1564
1565
1567
1568
1568
1570
1571
1572
1576
1577
1577
1580
1581
1582
1583
1585
1585
1585
1585
1586
1586
1586
1586
1588
1588
1589
1589
1589
1591
1594
1594
1595
1596
1598
1598
1599
1599
1599
1599
1601
1601
1605
1606
1607
1608
1609
1609
1610
1610
1611
1612
1613
1615
1615
1618
1618
1619
1620
1623
1623
1623
1623
1623
1624
1626
1627
1627
1628
1628
1628
1628
1629
1629
1630
1630
1631
1633
1633
1634
1636
1636
1636
1637
1637
1637
1638
1639
1640
1640
1640
1641
1642
1642
1643
1643
1644
1644
1645
1645
1647
1648
1648
1649
1650
1650
1651
1653
1653
1654
1655
1655
1655
1656
1658
1660
1660
1661
1662
1663
1664
1664
1665
1666
1668
1668
1669
1669
1670
1671
1671
1673
1673
1673
1675
1681
1682
1684
1685
1687
1687
1692
1692
1693
1693
1693
1694
1696
1697
1699
1700
1701
1702
1702
1702
1702
1702
1703
1704
1705
1705
1706
1707
1708
1708
1710
1712
1712
1713
1716
1717
1719
1721
1721
1722
1724
1725
1725
1726
1726
1728
1729
1729
1730
1731
1731
1732
1732
1733
1736
1736
1737
1737
1739
1740
1742
1742
1743
1743
1745
1745
1747
1748
1753
1753
1757
1757
1762
1764
1764
1765
1766
1766
1770
1772
1773
1773
1774
1774
1775
1776
1776
1776
1777
1777
1777
1778
1779
1780
1781
1783
1783
1783
1783
1784
1785
1785
1785
1786
1789
1789
1791
1791
1791
1792
1793
1794
1795
1795
1796
1797
1800
1803
1803
1804
1806
1808
1808
1808
1810
1810
1810
1811
1812
1813
1813
1814
1814
1814
1819
1820
1820
1820
1821
1821
1822
1824
1824
1825
1826
1827
1828
1828
1830
1830
1830
1831
1831
1832
1832
1832
1833
1833
1834
1835
1835
1836
1836
1837
1837
1838
1838
1839
1840
1840
1842
1844
1844
1846
1846
1847
1849
1850
1850
1853
1854
1855
1857
1858
1859
1860
1861
1863
1863
1863
1865
1866
1868
1869
1870
1871
1872
1873
1875
1875
1875
1878
1878
1879
1879
1880
1880
1884
1884
1885
1887
1888
1888
1888
1889
1889
1889
1891
1892
1893
1898
1898
1899
1900
1900
1900
1901
1902
1904
1905
1905
1906
1906
1908
1908
1908
1909
1909
1913
1914
1914
1917
1917
1917
1918
1918
1919
1923
1923
1925
1928
1930
1932
1936
1937
1938
1938
1939
1941
1945
1946
1947
1949
1950
1950
1950
1952
1953
1953
1955
1956
1956
1956
1957
1958
1958
1959
1959
1959
1961
1961
1961
1963
1963
1963
1964
1966
1968
1972
1972
1973
1973
1974
1975
1975
1975
1976
1976
1979
1979
1979
1980
1980
1982
1985
1985
1986
1986
1987
1987
1990
1991
1991
1991
1993
1994
1994
1999
2001
2001
2001
2002
2002
2003
2003
2003
2004
2006
2007
2009
2011
2011
2012
2013
2015
2015
2016
2016
2018
2018
2021
2024
2024
2024
2025
2026
2028
2028
2028
2029
2029
2030
2032
2033
2033
2036
2036
2037
2040
2041
2041
2042
2042
2043
2043
2043
2044
2045
2047
2048
2048
2050
2053
2054
2054
2054
2058
2061
2061
2062
2062
2065
2065
2066
2066
2067
2069
2072
2073
2074
2074
2074
2076
2078
2079
2079
2079
2081
2081
2082
2083
2085
2086
2087
2087
2089
2090
2091
2091
2094
2094
2094
2094
2095
2096
2097
2098
2099
2099
2099
2100
2101
2101
2104
2104
2105
2105
2106
2106
2107
2107
2107
2109
2109
2111
2113
2114
2116
2117
2117
2117
2117
2119
2122
2124
2128
2130
2130
2131
2131
2132
2132
2134
2135
2137
2138
2140
2141
2142
2143
2144
2144
2146
2147
2147
2148
2149
2149
2149
2151
2151
2151
2152
2152
2152
2152
2155
2157
2157
2157
2159
2159
2162
2163
2163
2163
2164
2164
2165
2168
2169
2169
2169
2170
2171
2171
2172
2173
2177
2177
2177
2177
2179
2179
2181
2181
2182
2182
2185
2185
2188
2189
2190
2194
2194
2195
2195
2197
2198
2200
2200
2201
2201
2202
2202
2205
2205
2205
2207
2209
2209
2210
2211
2211
2212
2212
2213
2213
2213
2215
2217
2219
2219
2219
2220
2221
2222
2223
2225
2225
2226
2226
2227
2227
2228
2229
2231
2232
2233
2233
2235
2237
2240
2242
2243
2245
2251
2251
2255
2255
2256
2256
2258
2258
2262
2262
2263
2263
2264
2264
2265
2265
2266
2266
2266
2267
2269
2271
2271
2271
2275
2276
2278
2278
2278
2279
2281
2281
2283
2283
2286
2288
2290
2292
2293
2294
2295
2295
2298
2299
2299
2301
2301
2301
2302
2302
2303
2305
2307
2307
2307
2309
2309
2311
2313
2314
2314
2314
2315
2316
2316
2316
2317
2318
2320
2320
2322
2324
2326
2326
2327
2327
2327
2329
2330
2332
2332
2333
2333
2335
2335
2336
2336
2339
2339
2340
2341
2341
2341
2343
2343
2345
2348
2348
2349
2349
2351
2352
2352
2352
2355
2356
2357
2358
2358
2361
2361
2365
2366
2368
2369
2370
2371
2374
2376
2377
2378
2378
2378
2384
2385
2386
2386
2387
2387
2387
2388
2389
2390
2393
2395
2396
2396
2397
2397
2398
2398
2400
2405
2407
2407
2408
2409
2409
2410
2413
2413
2413
2414
2414
2417
2419
2420
2420
2424
2424
2430
2430
2431
2432
2432
2433
2435
2440
2440
2442
2443
2444
2444
2445
2446
2448
2449
2450
2450
2451
2451
2452
2452
2453
2453
2455
2455
2456
2456
2456
2457
2463
2463
2465
2465
2466
2466
2468
2469
2477
2479
2480
2481
2481
2485
2485
2485
2486
2487
2488
2489
2489
2490
2494
2495
2495
2495
2495
2496
2499
2501
2501
2503
2505
2505
2505
2508
2508
2509
2510
2510
2510
2513
2514
2516
2519
2521
2522
2524
2524
2525
2526
2526
2528
2529
2530
2532
2532
2533
2535
2535
2535
2536
2536
2538
2539
2540
2541
2542
2543
2543
2543
2544
2544
2546
2549
2550
2551
2552
2554
2555
2556
2556
2556
2556
2558
2558
2559
2559
2560
2563
2565
2566
2566
2566
2568
2570
2571
2572
2572
2573
2573
2574
2574
2576
2577
2578
2578
2579
2579
2579
2581
2581
2582
2582
2582
2582
2582
2584
2584
2584
2588
2590
2591
2592
2593
2593
2594
2594
2596
2596
2597
2598
2598
2600
2601
2603
2606
2607
2609
2610
2611
2612
2614
2615
2617
2617
2620
2624
2624
2625
2625
2628
2630
2631
2632
2634
2634
2634
2634
2637
2638
2638
2642
2645
2645
2645
2646
2649
2650
2651
2651
2653
2653
2654
2656
2658
2658
2660
2661
2662
2663
2663
2664
2664
2666
2669
2671
2672
2672
2673
2674
2674
2675
2677
2679
2680
2680
2680
2681
2681
2681
2682
2683
2685
2685
2686
2687
2688
2688
2688
2689
2690
2690
2691
2691
2692
2693
2694
2694
2695
2695
2696
2698
2698
2699
2701
2702
2704
2706
2708
2708
2711
2711
2712
2713
2713
2713
2713
2714
2714
2715
2715
2715
2716
2717
2717
2718
2719
2720
2721
2722
2722
2724
2725
2726
2726
2727
2729
2729
2729
2730
2732
2734
2734
2737
2738
2738
2739
2739
2740
2741
2743
2745
2747
2748
2750
2751
2752
2753
2753
2753
2755
2756
2759
2759
2759
2760
2760
2761
2761
2762
2762
2763
2767
2768
2771
2771
2771
2772
2772
2773
2774
2775
2776
2776
2777
2777
2778
2778
2779
2780
2781
2781
2781
2783
2783
2783
2784
2786
2789
2790
2790
2791
2792
2793
2793
2794
2796
2797
2798
2801
2803
2803
2806
2806
2807
2808
2808
2809
2810
2812
2813
2813
2814
2815
2815
2817
2817
2817
2817
2818
2819
2822
2825
2827
2827
2827
2827
2827
2828
2830
2832
2833
2833
2833
2835
2836
2836
2837
2838
2838
2842
2844
2844
2846
2847
2848
2848
2850
2851
2853
2855
2856
2858
2861
2868
2868
2869
2870
2871
2871
2873
2873
2874
2875
2875
2876
2879
2880
2880
2882
2882
2882
2883
2884
2884
2885
2886
2887
2887
2888
2889
2890
2892
2892
2893
2894
2895
2896
2897
2897
2898
2899
2899
2901
2902
2903
2903
2904
2904
2904
2908
2908
2911
2912
2913
2913
2913
2916
2919
2923
2925
2926
2927
2927
2927
2927
2929
2930
2932
2932
2934
2935
2935
2935
2936
2937
2939
2940
2942
2943
2944
2944
2945
2946
2946
2947
2947
2948
2948
2949
2950
2952
2955
2956
2957
2957
2958
2959
2960
2961
2963
2964
2964
2966
2966
2969
2970
2971
2971
2972
2974
2975
2976
2976
2976
2979
2981
2982
2982
2982
2984
2986
2987
2987
2988
2988
2989
2990
2990
2990
2991
2992
2993
2993
2993
2996
2996
2999
3000
3000
3001
3001
3002
3003
3003
3003
3003
3004
3005
3005
3006
3006
3010
3010
3011
3011
3012
3012
3014
3015
3015
3016
3016
3017
3020
3020
3021
3022
3022
3025
3026
3027
3028
3028
3030
3030
3031
3031
3032
3033
3036
3036
3036
3037
3038
3038
3039
3042
3042
3043
3044
3044
3045
3045
3045
3046
3046
3047
3047
3048
3049
3050
3051
3051
3052
3053
3053
3053
3054
3055
3057
3057
3059
3061
3064
3064
3066
3068
3069
3069
3069
3071
3072
3072
3073
3073
3073
3075
3076
3076
3077
3078
3079
3080
3080
3083
3084
3085
3085
3086
3088
3089
3093
3096
3099
3099
3099
3100
3101
3101
3101
3103
3103
3103
3105
3105
3106
3106
3107
3108
3110
3110
3111
3111
3111
3112
3113
3114
3116
3116
3118
3120
3120
3120
3120
3121
3121
3126
3129
3130
3130
3130
3131
3135
3135
3136
3137
3137
3137
3138
3141
3141
3143
3143
3146
3147
3147
3147
3148
3149
3149
3150
3151
3154
3159
3160
3163
3164
3165
3167
3168
3170
3171
3174
3174
3175
3177
3177
3177
3177
3180
3180
3181
3183
3184
3185
3186
3186
3187
3188
3188
3188
3190
3190
3191
3193
3195
3196
3196
3196
3196
3197
3197
3200
3201
3201
3201
3204
3204
3205
3209
3216
3219
3220
3222
3222
3224
3224
3225
3225
3225
3226
3226
3227
3227
3228
3228
3228
3228
3229
3229
3230
3231
3231
3232
3233
3233
3234
3235
3235
3236
3236
3236
3237
3237
3237
3238
3241
3242
3243
3243
3244
3245
3245
3246
3246
3246
3247
3248
3248
3248
3249
3249
3250
3251
3252
3255
3258
3259
3260
3260
3260
3262
3262
3266
3268
3268
3268
3270
3272
3272
3274
3274
3275
3277
3278
3279
3279
3280
3281
3282
3283
3284
3284
3284
3286
3286
3289
3289
3290
3291
3291
3291
3291
3291
3293
3294
3295
3295
3296
3297
3297
3299
3301
3302
3302
3306
3306
3306
3306
3306
3309
3310
3312
3312
3312
3312
3315
3316
3316
3316
3317
3319
3319
3319
3322
3323
3326
3327
3327
3329
3330
3330
3331
3334
3334
3334
3334
3335
3338
3340
3342
3342
3342
3342
3343
3344
3344
3345
3346
3346
3347
3347
3348
3349
3352
3353
3353
3354
3354
3355
3355
3355
3355
3355
3357
3358
3358
3359
3359
3365
3367
3369
3370
3370
3371
3372
3372
3373
3374
3375
3375
3378
3380
3381
3382
3382
3383
3385
3386
3387
3387
3388
3390
3391
3392
3392
3393
3394
3395
3395
3396
3396
3396
3397
3397
3399
3399
3400
3401
3401
3402
3403
3403
3408
3408
3408
3410
3410
3412
3412
3413
3413
3415
3419
3420
3424
3424
3424
3424
3425
3426
3428
3428
3429
3429
3432
3434
3435
3437
3438
3439
3440
3440
3440
3441
3442
3443
3445
3446
3447
3447
3449
3449
3449
3453
3456
3456
3457
3462
3463
3467
3467
3470
3471
3473
3473
3473
3475
3476
3477
3478
3478
3479
3479
3479
3479
3481
3481
3481
3484
3485
3485
3487
3488
3491
3492
3492
3496
3496
3497
3498
3499
3500
3501
3502
3502
3504
3505
3506
3506
3506
3508
3508
3509
3510
3512
3512
3513
3513
3514
3514
3515
3516
3518
3519
3519
3520
3521
3523
3525
3526
3528
3529
3529
3531
3532
3533
3534
3534
3536
3536
3538
3540
3546
3546
3547
3548
3548
3549
3550
3553
3556
3557
3557
3558
3558
3559
3562
3563
3564
3565
3565
3567
3567
3569
3569
3573
3573
3577
3580
3581
3581
3581
3583
3584
3586
3587
3591
3591
3593
3594
3595
3596
3596
3597
3597
3597
3599
3600
3600
3602
3603
3604
3604
3605
3606
3607
3608
3608
3608
3609
3611
3612
3613
3613
3614
3615
3615
3616
3616
3617
3617
3618
3618
3619
3620
3621
3622
3623
3623
3623
3624
3626
3627
3630
3630
3632
3632
3633
3636
3636
3637
3638
3640
3641
3642
3642
3643
3643
3645
3645
3647
3649
3649
3649
3650
3651
3652
3654
3654
3655
3657
3657
3658
3658
3661
3662
3662
3663
3663
3664
3664
3664
3665
3666
3666
3666
3668
3672
3673
3675
3675
3676
3677
3677
3677
3678
3678
3678
3679
3680
3680
3680
3682
3682
3683
3686
3687
3688
3689
3689
3689
3689
3690
3692
3693
3693
3695
3695
3695
3695
3696
3696
3697
3698
3700
3701
3703
3703
3704
3705
3707
3708
3710
3711
3713
3713
3713
3715
3715
3717
3718
3719
3719
3721
3722
3722
3723
3723
3723
3724
3725
3725
3725
3726
3726
3729
3729
3729
3730
3732
3732
3733
3734
3734
3736
3736
3737
3742
3742
3743
3743
3745
3745
3745
3745
3745
3747
3747
3748
3748
3750
3751
3752
3753
3753
3753
3755
3755
3758
3758
3759
3760
3760
3761
3761
3761
3762
3763
3764
3768
3769
3770
3772
3772
3772
3773
3774
3774
3774
3776
3776
3777
3777
3778
3779
3780
3780
3781
3782
3784
3785
3786
3788
3789
3790
3794
3795
3795
3796
3797
3798
3798
3798
3800
3802
3804
3805
3805
3805
3807
3807
3808
3809
3811
3811
3812
3813
3816
3818
3818
3818
3819
3821
3823
3823
3823
3825
3829
3830
3831
3832
3832
3837
3837
3838
3838
3840
3840
3841
3842
3843
3845
3845
3845
3846
3848
3850
3850
3856
3856
3856
3858
3859
3860
3860
3862
3863
3864
3864
3864
3865
3865
3865
3866
3867
3867
3869
3869
3870
3871
3872
3873
3875
3875
3877
3877
3878
3878
3883
3883
3884
3885
3886
3886
3887
3887
3887
3890
3890
3891
3893
3894
3895
3895
3896
3897
3897
3897
3897
3899
3902
3904
3904
3906
3906
3907
3908
3908
3908
3909
3910
3911
3911
3913
3913
3915
3919
3925
3926
3926
3928
3928
3930
3931
3932
3932
3933
3938
3938
3939
3940
3941
3941
3942
3943
3944
3948
3948
3948
3949
3949
3950
3951
3951
3951
3952
3955
3957
3958
3960
3960
3960
3960
3960
3961
3961
3961
3961
3964
3964
3965
3967
3968
3968
3969
3969
3970
3970
3971
3971
3971
3972
3973
3975
3975
3976
3977
3978
3979
3980
3980
3981
3982
3982
3983
3984
3986
3986
3987
3989
3990
3990
3991
3993
3995
3995
3998
3998
4001
4002
4004
4005
4006
4009
4010
4010
4012
4015
4016
4017
4017
4018
4018
4019
4021
4022
4025
4025
4026
4026
4027
4030
4031
4031
4032
4034
4034
4035
4035
4036
4038
4039
4040
4040
4042
4043
4043
4043
4044
4044
4044
4045
4045
4046
4046
4048
4052
4053
4054
4056
4059
4061
4063
4065
4065
4066
4068
4068
4068
4069
4072
4072
4073
4073
4074
4074
4075
4075
4076
4076
4077
4080
4080
4081
4082
4082
4083
4083
4084
4085
4085
4086
4089
4092
4092
4093
4095
4096
4098
4101
4102
4105
4106
4107
4109
4109
4109
4110
4111
4113
4113
4114
4115
4115
4116
4119
4120
4125
4126
4126
4127
4129
4129
4131
4131
4132
4132
4135
4137
4137
4137
4138
4139
4141
4141
4142
4142
4143
4143
4146
4146
4148
4148
4148
4148
4149
4150
4150
4152
4157
4157
4157
4157
4159
4160
4161
4163
4164
4164
4164
4164
4166
4167
4167
4167
4168
4169
4171
4171
4171
4171
4171
4172
4172
4172
4174
4174
4175
4176
4176
4176
4177
4180
4181
4182
4186
4186
4187
4188
4188
4188
4189
4190
4190
4193
4197
4198
4199
4200
4200
4200
4203
4203
4204
4205
4205
4206
4206
4210
4210
4211
4212
4212
4213
4216
4218
4220
4221
4223
4223
4224
4226
4226
4227
4229
4231
4231
4231
4231
4233
4233
4233
4234
4234
4234
4235
4238
4239
4239
4239
4240
4241
4241
4243
4244
4245
4245
4246
4246
4249
4250
4251
4252
4254
4254
4254
4254
4255
4255
4258
4261
4261
4262
4263
4265
4265
4265
4266
4266
4267
4268
4268
4268
4269
4271
4271
4271
4272
4273
4273
4276
4276
4276
4277
4277
4278
4279
4280
4281
4282
4284
4286
4288
4288
4289
4289
4290
4292
4294
4297
4298
4299
4299
4300
4301
4302
4304
4306
4308
4309
4309
4310
4311
4311
4315
4316
4316
4317
4318
4318
4319
4319
4322
4322
4323
4323
4324
4326
4327
4329
4332
4333
4333
4335
4336
4336
4336
4338
4339
4340
4340
4342
4344
4345
4347
4350
4352
4353
4354
4354
4355
4356
4359
4359
4360
4361
4362
4362
4363
4364
4365
4366
4367
4367
4367
4368
4368
4369
4369
4370
4371
4372
4373
4373
4373
4374
4374
4376
4377
4377
4377
4378
4378
4380
4381
4382
4385
4385
4386
4389
4389
4390
4393
4393
4394
4394
4394
4395
4397
4397
4398
4398
4399
4400
4400
4400
4401
4402
4403
4403
4404
4404
4405
4406
4406
4410
4410
4410
4410
4412
4412
4413
4413
4413
4414
4415
4415
4416
4417
4417
4418
4418
4419
4419
4419
4420
4420
4420
4422
4425
4427
4428
4432
4432
4432
4432
4432
4433
4434
4435
4435
4436
4437
4438
4438
4439
4439
4439
4441
4442
4442
4442
4443
4444
4444
4445
4446
4446
4447
4447
4448
4449
4450
4451
4452
4452
4453
4453
4453
4455
4456
4459
4459
4462
4465
4468
4469
4469
4470
4470
4470
4472
4473
4473
4474
4476
4476
4477
4478
4480
4480
4484
4485
4487
4488
4488
4490
4490
4490
4494
4494
4495
4496
4497
4498
4498
4499
4500
4501
4502
4504
4506
4507
4508
4508
4509
4510
4513
4513
4513
4513
4513
4514
4514
4519
4520
4520
4521
4521
4523
4523
4523
4523
4524
4524
4525
4525
4527
4528
4529
4529
4529
4530
4531
4532
4533
4535
4537
4537
4539
4541
4541
4541
4542
4542
4543
4545
4545
4546
4548
4548
4550
4550
4552
4552
4552
4553
4554
4555
4555
4557
4557
4557
4558
4558
4560
4562
4562
4562
4563
4565
4566
4566
4567
4567
4574
4575
4576
4576
4576
4577
4579
4583
4585
4585
4585
4585
4586
4586
4587
4588
4589
4589
4590
4590
4591
4591
4593
4594
4594
4594
4596
4598
4599
4599
4599
4600
4600
4601
4601
4601
4602
4602
4603
4605
4605
4605
4605
4606
4606
4606
4608
4610
4611
4616
4617
4620
4622
4622
4625
4626
4626
4626
4628
4628
4628
4628
4632
4632
4632
4632
4633
4633
4636
4636
4637
4637
4637
4638
4639
4639
4641
4641
4641
4642
4642
4644
4648
4650
4652
4653
4655
4658
4661
4661
4661
4663
4666
4668
4668
4672
4672
4674
4674
4675
4677
4677
4678
4678
4678
4681
4681
4682
4684
4684
4686
4687
4693
4693
4694
4696
4696
4696
4697
4698
4699
4700
4701
4701
4701
4702
4702
4702
4705
4705
4705
4709
4710
4711
4711
4711
4711
4712
4714
4715
4715
4715
4716
4716
4717
4718
4720
4721
4724
4724
4725
4725
4726
4727
4727
4730
4730
4734
4735
4737
4740
4741
4741
4741
4742
4743
4745
4747
4747
4748
4752
4752
4753
4753
4755
4755
4758
4758
4760
4762
4762
4762
4766
4767
4768
4770
4772
4772
4773
4773
4776
4776
4780
4783
4783
4783
4784
4784
4785
4786
4786
4787
4788
4788
4788
4789
4790
4793
4793
4795
4796
4798
4798
4800
4801
4802
4802
4804
4805
4807
4807
4809
4815
4815
4815
4816
4818
4818
4819
4822
4823
4826
4827
4828
4828
4829
4834
4834
4835
4836
4838
4840
4841
4841
4842
4843
4843
4846
4847
4848
4850
4850
4851
4852
4854
4856
4857
4857
4857
4858
4859
4860
4860
4861
4862
4863
4864
4864
4864
4865
4867
4868
4869
4870
4871
4873
4875
4875
4876
4878
4878
4880
4882
4882
4883
4883
4885
4885
4887
4888
4888
4890
4893
4893
4893
4894
4895
4895
4896
4900
4902
4902
4904
4907
4908
4909
4909
4911
4912
4912
4912
4913
4914
4914
4915
4920
4921
4922
4924
4926
4926
4927
4927
4928
4928
4928
4929
4929
4930
4931
4931
4931
4932
4933
4933
4935
4936
4937
4938
4938
4938
4942
4942
4945
4946
4951
4953
4953
4956
4958
4958
4958
4959
4959
4959
4961
4964
4966
4971
4973
4974
4974
4975
4975
4975
4976
4977
4980
4980
4985
4986
4987
4987
4991
4992
4992
4993
4993
4995
4995
4995
4995
4996
4996
4997
4997
4997
4998
4999
4999
4999
4999
4999
5000
5000
5000
5001
5003
5003
5004
5005
5005
5006
5006
5007
5008
5009
5009
5010
5010
5011
5013
5013
5016
5016
5017
5019
5021
5022
5022
5023
5023
5024
5028
5029
5030
5031
5032
5033
5033
5034
5035
5036
5038
5039
5040
5040
5041
5042
5043
5045
5045
5046
5046
5047
5047
5047
5048
5049
5051
5051
5053
5053
5057
5057
5057
5057
5058
5058
5058
5060
5061
5061
5062
5063
5063
5063
5064
5065
5070
5071
5071
5071
5071
5071
5071
5073
5073
5073
5075
5076
5077
5077
5077
5078
5078
5078
5078
5078
5079
5079
5080
5081
5082
5083
5083
5084
5084
5084
5085
5086
5086
5087
5088
5088
5089
5090
5093
5093
5094
5094
5094
5096
5098
5099
5100
5100
5101
5101
5101
5105
5105
5105
5110
5110
5111
5111
5111
5116
5116
5117
5118
5119
5120
5121
5122
5123
5123
5126
5130
5131
5132
5132
5133
5136
5136
5138
5138
5138
5140
5140
5140
5142
5143
5146
5148
5148
5149
5149
5149
5151
5151
5153
5154
5156
5158
5160
5163
5164
5165
5165
5166
5167
5167
5168
5168
5169
5169
5171
5171
5171
5172
5172
5173
5173
5175
5177
5178
5178
5178
5178
5179
5180
5181
5181
5182
5182
5183
5183
5185
5186
5187
5187
5187
5188
5189
5189
5190
5190
5190
5191
5191
5191
5191
5192
5192
5192
5193
5197
5198
5199
5200
5202
5202
5203
5204
5205
5205
5206
5206
5206
5207
5207
5208
5208
5211
5211
5212
5212
5213
5213
5213
5214
5215
5216
5218
5219
5219
5220
5222
5223
5223
5226
5226
5227
5228
5228
5231
5231
5232
5232
5232
5233
5233
5234
5234
5235
5238
5239
5239
5240
5241
5241
5241
5241
5242
5243
5244
5244
5244
5245
5246
5246
5247
5247
5248
5248
5250
5251
5253
5253
5255
5257
5257
5258
5258
5259
5260
5261
5262
5262
5266
5267
5267
5269
5271
5271
5272
5274
5277
5278
5278
5279
5280
5280
5282
5283
5284
5285
5285
5286
5286
5287
5290
5291
5291
5297
5298
5301
5301
5301
5302
5303
5304
5304
5305
5307
5309
5313
5315
5315
5316
5316
5318
5319
5320
5323
5323
5324
5324
5325
5325
5326
5326
5329
5330
5331
5331
5331
5333
5336
5337
5337
5338
5342
5343
5344
5345
5347
5350
5351
5352
5352
5352
5353
5353
5353
5353
5355
5357
5357
5357
5358
5362
5362
5364
5367
5368
5369
5369
5370
5370
5371
5373
5375
5375
5375
5379
5379
5379
5380
5380
5381
5381
5382
5383
5384
5385
5385
5386
5386
5386
5390
5390
5391
5391
5393
5394
5395
5396
5396
5396
5399
5401
5401
5401
5404
5404
5404
5405
5405
5405
5409
5412
5412
5413
5413
5415
5417
5417
5417
5419
5420
5422
5423
5423
5423
5424
5424
5424
5425
5425
5426
5426
5426
5426
5426
5427
5428
5428
5429
5430
5431
5432
5433
5438
5438
5443
5444
5445
5447
5447
5450
5451
5453
5455
5455
5455
5456
5456
5457
5458
5459
5459
5460
5463
5463
5463
5464
5469
5469
5472
5474
5477
5477
5479
5480
5480
5480
5482
5482
5485
5485
5486
5487
5489
5489
5490
5492
5493
5494
5495
5497
5499
5499
5500
5501
5502
5502
5503
5503
5503
5504
5504
5507
5508
5509
5510
5510
5511
5512
5513
5513
5514
5517
5517
5517
5518
5518
5518
5518
5518
5520
5520
5521
5522
5523
5523
5523
5526
5526
5526
5527
5528
5529
5530
5534
5535
5537
5538
5540
5541
5543
5544
5547
5547
5550
5551
5551
5554
5554
5556
5556
5559
5560
5561
5561
5561
5562
5563
5563
5564
5566
5567
5569
5569
5570
5571
5573
5574
5575
5576
5576
5577
5578
5582
5583
5584
5590
5592
5592
5593
5596
5596
5603
5604
5605
5607
5610
5610
5611
5612
5616
5619
5620
5621
5622
5627
5628
5628
5629
5630
5631
5631
5633
5633
5633
5635
5635
5635
5636
5637
5637
5637
5638
5639
5640
5642
5642
5642
5643
5644
5646
5648
5648
5649
5649
5651
5651
5653
5655
5655
5655
5657
5657
5658
5658
5660
5660
5661
5662
5663
5664
5664
5666
5667
5667
5669
5669
5670
5670
5673
5675
5677
5678
5678
5679
5680
5680
5683
5684
5685
5687
5688
5690
5692
5696
5697
5698
5700
5700
5702
5702
5703
5704
5705
5706
5706
5706
5708
5709
5710
5710
5711
5711
5711
5713
5713
5716
5716
5720
5721
5723
5723
5724
5724
5727
5728
5729
5732
5733
5735
5737
5737
5737
5738
5739
5740
5740
5741
5742
5743
5746
5747
5748
5748
5750
5750
5750
5754
5755
5756
5758
5760
5760
5761
5762
5766
5768
5769
5769
5771
5774
5776
5777
5779
5779
5780
5780
5781
5782
5782
5784
5785
5786
5788
5789
5791
5792
5793
5793
5794
5794
5794
5796
5798
5798
5799
5803
5803
5804
5804
5805
5806
5807
5809
5809
5812
5813
5814
5814
5816
5817
5818
5818
5818
5820
5820
5820
5821
5821
5821
5822
5822
5823
5823
5823
5824
5825
5826
5828
5829
5830
5830
5831
5833
5835
5836
5837
5837
5838
5840
5841
5841
5841
5843
5846
5846
5847
5848
5848
5849
5849
5850
5850
5852
5852
5857
5858
5858
5859
5861
5861
5862
5862
5862
5862
5863
5863
5864
5864
5867
5867
5868
5869
5870
5870
5872
5872
5872
5872
5874
5875
5876
5876
5877
5881
5881
5881
5881
5881
5882
5885
5886
5887
5888
5889
5889
5891
5892
5893
5894
5894
5895
5895
5896
5896
5897
5897
5898
5898
5898
5900
5900
5902
5903
5903
5903
5905
5906
5907
5907
5909
5910
5910
5911
5911
5911
5913
5914
5914
5915
5915
5917
5919
5921
5922
5923
5924
5926
5926
5926
5928
5928
5929
5929
5929
5929
5932
5933
5933
5933
5935
5935
5936
5936
5937
5937
5941
5941
5943
5945
5945
5946
5946
5947
5948
5949
5949
5950
5950
5951
5951
5951
5951
5951
5952
5952
5953
5954
5955
5956
5956
5959
5960
5961
5962
5963
5964
5965
5965
5966
5966
5967
5969
5970
5970
5972
5974
5974
5974
5975
5975
5980
5981
5983
5986
5986
5987
5987
5988
5990
5990
5991
5991
5992
5994
5995
5995
5995
5995
5997
5998
5998
5998
5998
6000
6001
6001
6002
6002
6005
6008
6008
6009
6016
6017
6018
6019
6020
6022
6023
6025
6025
6026
6026
6026
6028
6029
6029
6030
6031
6032
6032
6032
6032
6034
6036
6037
6038
6039
6039
6042
6042
6043
6043
6044
6044
6045
6045
6045
6046
6047
6048
6048
6050
6051
6051
6052
6053
6060
6061
6061
6061
6062
6063
6064
6064
6067
6068
6068
6069
6070
6071
6072
6072
6072
6073
6074
6074
6076
6077
6078
6081
6082
6084
6084
6084
6085
6086
6087
6088
6089
6089
6090
6092
6092
6094
6094
6095
6098
6098
6100
6101
6105
6105
6107
6108
6109
6111
6112
6113
6113
6114
6115
6116
6119
6119
6120
6122
6122
6123
6124
6124
6124
6126
6126
6126
6128
6128
6129
6129
6130
6131
6133
6134
6134
6135
6137
6137
6140
6144
6144
6144
6149
6152
6154
6155
6155
6156
6157
6157
6157
6158
6159
6159
6159
6162
6163
6164
6164
6165
6166
6166
6167
6168
6168
6169
6170
6170
6170
6171
6171
6173
6174
6174
6175
6176
6178
6178
6181
6182
6182
6183
6184
6184
6185
6185
6186
6187
6190
6192
6193
6194
6195
6197
6197
6199
6201
6206
6206
6206
6208
6208
6208
6210
6215
6216
6217
6217
6217
6218
6219
6219
6221
6221
6222
6222
6223
6223
6224
6225
6226
6226
6232
6232
6233
6233
6234
6235
6235
6236
6237
6237
6239
6241
6242
6243
6243
6244
6251
6252
6253
6253
6254
6255
6256
6256
6257
6259
6259
6260
6263
6263
6264
6264
6264
6265
6265
6265
6266
6266
6267
6269
6269
6269
6270
6270
6270
6271
6271
6272
6273
6274
6277
6280
6281
6282
6282
6283
6284
6285
6285
6286
6286
6286
6296
6297
6298
6298
6300
6301
6302
6303
6306
6308
6309
6310
6310
6310
6310
6311
6312
6312
6315
6317
6318
6319
6320
6321
6322
6322
6323
6327
6328
6332
6333
6334
6334
6335
6336
6336
6337
6337
6337
6338
6338
6341
6341
6347
6348
6348
6349
6349
6349
6350
6351
6351
6351
6351
6352
6352
6353
6354
6354
6355
6355
6356
6357
6360
6363
6364
6366
6367
6368
6368
6369
6371
6371
6371
6372
6373
6374
6374
6374
6375
6377
6377
6377
6378
6380
6382
6383
6385
6386
6386
6387
6387
6388
6389
6390
6392
6392
6392
6393
6397
6398
6400
6400
6400
6401
6402
6402
6403
6403
6405
6405
6406
6409
6410
6410
6411
6411
6412
6412
6414
6414
6415
6416
6416
6418
6420
6422
6423
6425
6427
6427
6428
6429
6430
6430
6431
6431
6432
6434
6434
6434
6435
6437
6437
6438
6438
6440
6444
6444
6444
6446
6447
6448
6450
6452
6454
6455
6455
6455
6457
6458
6458
6460
6460
6460
6460
6462
6462
6463
6464
6466
6466
6468
6469
6470
6470
6471
6471
6472
6472
6473
6475
6478
6480
6482
6483
6485
6485
6485
6487
6488
6490
6491
6492
6496
6500
6501
6503
6503
6504
6504
6505
6505
6505
6505
6506
6507
6507
6508
6509
6510
6512
6513
6514
6515
6515
6516
6517
6518
6518
6518
6519
6519
6519
6520
6520
6522
6522
6523
6525
6526
6527
6529
6529
6530
6531
6533
6537
6537
6538
6539
6545
6547
6547
6547
6551
6551
6553
6553
6553
6554
6554
6555
6559
6559
6559
6561
6562
6562
6564
6564
6565
6566
6566
6566
6567
6567
6567
6567
6570
6571
6571
6572
6574
6575
6575
6577
6577
6577
6578
6579
6581
6583
6584
6585
6585
6588
6592
6592
6596
6597
6598
6598
6598
6598
6600
6600
6600
6601
6602
6602
6603
6604
6604
6605
6608
6611
6612
6612
6614
6617
6619
6619
6620
6620
6621
6621
6622
6622
6622
6622
6623
6624
6625
6627
6627
6627
6628
6628
6630
6633
6634
6635
6635
6637
6637
6644
6645
6646
6646
6646
6648
6650
6650
6652
6653
6653
6655
6656
6660
6660
6661
6663
6664
6665
6665
6668
6669
6670
6672
6673
6674
6676
6676
6678
6678
6678
6679
6683
6684
6684
6685
6686
6686
6687
6692
6692
6693
6693
6695
6695
6697
6700
6700
6702
6702
6703
6703
6706
6707
6709
6709
6710
6710
6711
6711
6713
6714
6715
6715
6715
6716
6716
6716
6717
6719
6720
6721
6722
6722
6722
6722
6723
6725
6727
6727
6728
6729
6730
6732
6733
6734
6735
6737
6738
6738
6739
6739
6739
6739
6740
6743
6744
6745
6745
6747
6747
6749
6749
6749
6749
6750
6755
6756
6757
6757
6758
6759
6762
6763
6763
6763
6764
6765
6766
6768
6768
6768
6771
6772
6773
6773
6775
6776
6777
6779
6780
6780
6781
6783
6785
6785
6785
6786
6786
6786
6788
6788
6792
6793
6796
6797
6797
6798
6798
6799
6799
6800
6802
6803
6803
6806
6806
6806
6807
6808
6809
6809
6810
6811
6812
6815
6815
6816
6816
6817
6817
6817
6818
6820
6822
6823
6824
6824
6825
6825
6826
6827
6828
6828
6828
6829
6831
6831
6833
6833
6833
6834
6838
6840
6840
6841
6841
6841
6844
6844
6844
6846
6847
6847
6847
6848
6850
6850
6850
6852
6857
6857
6859
6859
6859
6859
6859
6860
6860
6860
6861
6861
6863
6864
6868
6868
6868
6869
6874
6875
6876
6878
6878
6878
6880
6882
6882
6883
6885
6885
6887
6888
6888
6889
6889
6890
6890
6892
6892
6892
6892
6895
6895
6896
6898
6899
6899
6900
6900
6902
6905
6905
6905
6907
6907
6908
6909
6910
6911
6911
6913
6913
6913
6916
6916
6917
6920
6924
6925
6926
6927
6928
6928
6930
6930
6930
6931
6931
6932
6932
6934
6935
6938
6938
6938
6939
6941
6942
6942
6943
6945
6945
6945
6946
6947
6951
6952
6953
6953
6954
6954
6958
6959
6960
6961
6962
6963
6963
6964
6966
6966
6967
6967
6969
6970
6970
6970
6971
6973
6973
6974
6977
6979
6979
6980
6980
6982
6985
6985
6988
6989
6990
6990
6990
6992
6992
6992
6995
6997
6999
7000
7001
7001
7002
7002
7003
7005
7007
7007
7008
7008
7009
7012
7014
7015
7016
7017
7020
7021
7024
7024
7027
7028
7028
7029
7029
7030
7030
7030
7034
7035
7036
7036
7037
7037
7041
7041
7042
7045
7045
7046
7046
7047
7048
7048
7050
7051
7053
7053
7055
7055
7056
7056
7057
7057
7058
7058
7058
7059
7059
7059
7061
7061
7064
7065
7065
7066
7070
7072
7072
7074
7074
7075
7076
7076
7077
7077
7078
7079
7081
7082
7085
7085
7085
7089
7090
7091
7091
7091
7096
7097
7097
7102
7102
7104
7104
7105
7105
7105
7105
7106
7106
7108
7109
7110
7110
7111
7112
7113
7113
7113
7114
7114
7115
7117
7118
7118
7120
7121
7122
7123
7124
7124
7125
7128
7128
7129
7130
7130
7130
7131
7131
7132
7132
7133
7133
7135
7136
7136
7139
7141
7143
7145
7145
7146
7146
7146
7146
7151
7153
7153
7154
7155
7155
7155
7156
7156
7156
7157
7157
7157
7160
7161
7161
7161
7162
7162
7163
7163
7164
7166
7166
7166
7167
7167
7167
7170
7171
7171
7173
7176
7178
7179
7180
7180
7181
7181
7182
7182
7183
7186
7186
7188
7188
7189
7194
7194
7195
7196
7197
7197
7198
7199
7199
7201
7202
7202
7204
7204
7205
7205
7206
7206
7207
7208
7209
7210
7211
7211
7212
7212
7214
7215
7216
7216
7216
7217
7218
7218
7220
7223
7223
7225
7227
7228
7228
7228
7231
7231
7234
7237
7237
7238
7238
7239
7239
7239
7239
7239
7239
7240
7242
7242
7243
7244
7244
7245
7245
7245
7246
7246
7246
7247
7248
7249
7250
7252
7252
7253
7254
7256
7256
7256
7257
7257
7257
7257
7258
7258
7262
7264
7264
7264
7266
7266
7266
7267
7269
7271
7271
7272
7272
7273
7274
7274
7274
7275
7276
7276
7276
7278
7279
7279
7280
7281
7281
7283
7284
7285
7285
7286
7287
7287
7287
7288
7288
7288
7289
7289
7289
7291
7292
7295
7296
7297
7298
7299
7299
7302
7302
7302
7302
7303
7306
7306
7308
7308
7308
7308
7309
7309
7309
7311
7313
7314
7314
7314
7314
7315
7315
7317
7318
7320
7322
7323
7324
7325
7325
7326
7329
7332
7332
7332
7334
7334
7335
7336
7337
7338
7338
7338
7339
7339
7339
7342
7342
7342
7344
7344
7349
7351
7353
7356
7356
7356
7356
7357
7357
7358
7358
7359
7359
7360
7360
7360
7363
7364
7366
7371
7371
7372
7373
7373
7375
7376
7376
7377
7378
7380
7383
7383
7383
7384
7385
7385
7385
7387
7387
7387
7390
7391
7391
7393
7394
7396
7397
7397
7399
7399
7401
7403
7403
7406
7407
7409
7409
7410
7411
7412
7414
7415
7417
7418
7420
7421
7421
7425
7426
7427
7427
7429
7430
7431
7431
7433
7433
7433
7434
7434
7436
7438
7442
7442
7442
7444
7445
7445
7447
7447
7448
7450
7451
7453
7454
7454
7454
7455
7455
7457
7458
7459
7461
7461
7461
7461
7463
7464
7464
7465
7467
7467
7467
7470
7471
7471
7472
7472
7475
7475
7475
7476
7478
7481
7481
7486
7487
7488
7489
7490
7492
7492
7493
7495
7496
7496
7496
7497
7497
7498
7500
7501
7501
7501
7502
7503
7504
7505
7506
7507
7507
7508
7510
7512
7514
7514
7514
7516
7516
7518
7518
7519
7522
7522
7524
7524
7527
7529
7531
7533
7535
7537
7537
7539
7541
7541
7542
7542
7543
7544
7544
7544
7546
7547
7548
7548
7548
7548
7549
7550
7551
7552
7552
7556
7556
7557
7558
7560
7562
7564
7566
7567
7567
7567
7568
7569
7570
7571
7572
7572
7575
7580
7580
7586
7586
7587
7587
7588
7588
7588
7591
7592
7592
7592
7593
7595
7596
7596
7596
7598
7601
7602
7602
7602
7603
7603
7606
7607
7607
7607
7607
7609
7609
7610
7611
7612
7615
7615
7616
7616
7617
7617
7620
7620
7621
7621
7622
7623
7624
7624
7625
7625
7625
7626
7626
7627
7629
7629
7632
7632
7632
7633
7636
7636
7638
7640
7641
7642
7643
7643
7646
7646
7646
7648
7648
7649
7650
7650
7651
7652
7654
7654
7656
7656
7657
7658
7659
7660
7661
7663
7664
7664
7664
7665
7665
7665
7666
7667
7669
7669
7670
7670
7670
7671
7672
7673
7673
7674
7677
7677
7679
7679
7681
7681
7681
7682
7683
7683
7684
7685
7686
7686
7687
7687
7688
7688
7690
7690
7693
7694
7696
7697
7697
7698
7698
7699
7700
7700
7700
7701
7702
7702
7703
7703
7703
7704
7707
7707
7707
7707
7710
7710
7710
7713
7714
7715
7716
7717
7717
7721
7721
7722
7723
7723
7725
7725
7726
7728
7728
7729
7729
7731
7733
7733
7735
7736
7736
7740
7742
7743
7744
7745
7748
7750
7750
7753
7754
7754
7755
7757
7757
7758
7760
7760
7760
7761
7762
7764
7765
7765
7766
7767
7771
7772
7772
7773
7774
7774
7775
7776
7776
7779
7780
7782
7786
7786
7787
7788
7788
7790
7791
7791
7791
7793
7794
7794
7794
7794
7797
7798
7798
7798
7799
7799
7802
7802
7802
7803
7805
7807
7807
7807
7808
7809
7810
7810
7810
7815
7815
7816
7819
7819
7819
7820
7820
7821
7824
7829
7829
7830
7831
7832
7832
7833
7834
7834
7836
7837
7839
7839
7841
7841
7842
7842
7844
7844
7844
7845
7845
7846
7846
7848
7849
7850
7851
7852
7852
7853
7853
7853
7855
7855
7856
7857
7858
7863
7864
7866
7867
7867
7867
7867
7871
7875
7875
7876
7876
7878
7879
7879
7884
7885
7885
7886
7888
7889
7890
7891
7892
7894
7895
7895
7895
7898
7898
7898
7899
7900
7905
7905
7905
7905
7906
7906
7908
7909
7910
7912
7913
7915
7915
7917
7919
7919
7919
7920
7920
7920
7924
7924
7927
7927
7928
7928
7928
7929
7930
7932
7932
7932
7933
7934
7934
7935
7936
7937
7937
7939
7939
7940
7941
7941
7942
7942
7943
7944
7946
7946
7948
7949
7949
7950
7950
7950
7951
7953
7953
7955
7956
7957
7957
7958
7959
7959
7959
7959
7960
7962
7963
7964
7967
7968
7971
7971
7972
7975
7975
7975
7977
7978
7978
7978
7979
7980
7981
7981
7982
7983
7984
7984
7984
7985
7985
7985
7986
7987
7988
7989
7993
7994
7994
7995
7995
7997
7997
7998
7998
7999
8002
8005
8006
8007
8008
8010
8011
8013
8016
8016
8016
8018
8019
8019
8020
8020
8021
8022
8022
8023
8023
8026
8026
8026
8027
8027
8027
8029
8032
8032
8032
8032
8033
8035
8035
8037
8039
8042
8044
8046
8048
8049
8051
8051
8053
8053
8053
8053
8054
8055
8055
8055
8057
8057
8057
8058
8058
8058
8061
8062
8063
8064
8065
8065
8070
8071
8072
8072
8074
8077
8078
8079
8080
8081
8082
8083
8087
8088
8089
8091
8092
8093
8093
8094
8101
8104
8106
8106
8107
8107
8107
8108
8108
8112
8113
8113
8114
8115
8116
8117
8117
8122
8123
8123
8123
8124
8124
8125
8127
8128
8129
8129
8130
8131
8132
8132
8133
8133
8133
8133
8135
8136
8136
8137
8137
8138
8138
8139
8139
8139
8140
8141
8141
8142
8143
8143
8144
8144
8149
8149
8154
8154
8156
8156
8157
8158
8159
8159
8159
8161
8161
8165
8165
8168
8169
8169
8169
8170
8171
8172
8172
8177
8178
8179
8179
8181
8183
8183
8184
8184
8186
8187
8188
8189
8189
8191
8191
8192
8192
8192
8192
8193
8193
8194
8195
8197
8197
8199
8199
8199
8199
8202
8203
8204
8204
8205
8205
8206
8206
8208
8208
8209
8212
8214
8215
8215
8215
8216
8218
8219
8221
8222
8225
8226
8227
8229
8229
8230
8231
8232
8232
8236
8236
8238
8238
8238
8240
8242
8248
8251
8252
8252
8254
8255
8255
8259
8261
8261
8262
8262
8263
8265
8270
8270
8272
8272
8274
8274
8276
8276
8276
8277
8277
8278
8279
8282
8283
8285
8285
8287
8288
8289
8291
8295
8296
8298
8298
8301
8303
8304
8304
8305
8308
8309
8309
8310
8310
8310
8314
8315
8316
8316
8316
8316
8317
8317
8317
8320
8322
8324
8325
8328
8331
8333
8335
8335
8336
8337
8337
8337
8338
8338
8340
8340
8341
8342
8343
8344
8344
8345
8345
8347
8349
8349
8350
8350
8351
8353
8353
8354
8356
8356
8359
8360
8361
8361
8362
8363
8363
8364
8364
8365
8366
8367
8368
8369
8369
8369
8370
8375
8376
8376
8377
8380
8381
8382
8382
8383
8383
8383
8383
8384
8384
8385
8385
8386
8387
8389
8389
8391
8391
8391
8393
8393
8394
8395
8398
8399
8400
8400
8401
8401
8402
8405
8406
8407
8408
8409
8409
8410
8414
8414
8414
8414
8414
8421
8421
8421
8421
8422
8423
8425
8425
8425
8426
8427
8428
8430
8431
8431
8432
8432
8433
8433
8433
8434
8436
8438
8439
8439
8440
8441
8441
8442
8442
8446
8449
8451
8452
8452
8452
8452
8453
8455
8459
8461
8461
8462
8463
8463
8464
8464
8466
8466
8467
8468
8469
8470
8471
8471
8472
8472
8474
8477
8481
8482
8482
8483
8486
8487
8488
8490
8494
8494
8495
8496
8496
8496
8497
8497
8497
8497
8499
8501
8502
8503
8503
8504
8505
8505
8506
8506
8509
8510
8510
8510
8511
8513
8514
8515
8515
8515
8516
8516
8518
8519
8520
8521
8521
8521
8523
8523
8524
8524
8529
8530
8531
8532
8533
8535
8535
8538
8538
8538
8539
8539
8540
8542
8543
8543
8544
8544
8545
8545
8546
8547
8547
8548
8548
8549
8550
8550
8551
8551
8553
8554
8554
8554
8554
8555
8555
8555
8558
8558
8562
8563
8564
8564
8565
8565
8566
8566
8570
8570
8577
8577
8577
8578
8579
8582
8582
8582
8582
8587
8587
8588
8589
8590
8593
8594
8595
8596
8596
8597
8597
8598
8599
8602
8602
8603
8605
8610
8612
8613
8614
8615
8615
8616
8617
8617
8618
8618
8619
8623
8623
8623
8626
8627
8627
8629
8632
8632
8633
8633
8633
8634
8635
8637
8637
8639
8639
8639
8641
8645
8646
8646
8647
8647
8648
8649
8650
8651
8651
8652
8654
8656
8656
8657
8659
8660
8661
8661
8661
8662
8663
8664
8665
8666
8667
8669
8670
8670
8670
8673
8673
8676
8677
8678
8679
8681
8683
8683
8684
8685
8685
8688
8689
8691
8692
8692
8693
8693
8694
8696
8697
8698
8699
8701
8702
8702
8702
8704
8704
8705
8705
8706
8708
8711
8711
8713
8713
8714
8714
8714
8714
8716
8722
8722
8723
8724
8724
8725
8726
8727
8727
8730
8731
8732
8732
8733
8733
8733
8733
8734
8734
8734
8735
8737
8738
8738
8739
8739
8742
8743
8745
8745
8746
8747
8748
8748
8751
8751
8751
8752
8752
8753
8753
8754
8756
8757
8758
8758
8762
8762
8764
8764
8765
8768
8769
8769
8770
8770
8771
8773
8775
8775
8777
8777
8777
8778
8778
8781
8781
8782
8782
8782
8783
8786
8787
8787
8788
8788
8789
8790
8790
8791
8791
8794
8797
8797
8804
8805
8806
8806
8808
8810
8811
8816
8816
8816
8817
8817
8817
8821
8821
8823
8823
8824
8828
8828
8832
8832
8832
8832
8833
8833
8834
8836
8837
8838
8838
8838
8839
8839
8840
8840
8841
8843
8843
8843
8844
8844
8844
8846
8850
8850
8854
8854
8854
8855
8855
8857
8858
8859
8860
8862
8863
8863
8864
8865
8869
8869
8870
8871
8871
8871
8871
8872
8875
8877
8879
8879
8880
8880
8883
8884
8885
8886
8886
8887
8887
8888
8889
8890
8891
8891
8891
8894
8895
8895
8895
8895
8898
8899
8899
8899
8899
8900
8904
8905
8905
8906
8906
8909
8909
8910
8913
8914
8914
8917
8917
8917
8920
8921
8921
8922
8922
8924
8924
8926
8926
8926
8927
8927
8928
8928
8929
8930
8931
8931
8933
8933
8935
8936
8938
8940
8941
8942
8942
8943
8943
8944
8944
8945
8945
8947
8948
8948
8948
8950
8952
8953
8953
8958
8958
8958
8960
8961
8961
8961
8962
8962
8963
8963
8964
8966
8968
8969
8969
8969
8970
8970
8971
8972
8973
8976
8978
8978
8981
8982
8983
8986
8986
8986
8987
8987
8987
8989
8989
8990
8990
8991
8992
8994
8997
8997
8998
8998
8999
9001
9001
9002
9004
9010
9010
9011
9011
9011
9011
9012
9013
9013
9013
9013
9014
9014
9016
9017
9017
9018
9018
9021
9021
9021
9021
9022
9023
9023
9026
9029
9030
9031
9032
9032
9032
9033
9033
9033
9033
9034
9034
9035
9036
9036
9040
9041
9041
9042
9043
9044
9045
9045
9045
9047
9047
9049
9049
9050
9051
9051
9052
9052
9052
9053
9054
9054
9054
9058
9059
9059
9060
9062
9062
9062
9062
9063
9063
9063
9064
9066
9068
9068
9068
9069
9069
9069
9070
9073
9073
9074
9074
9075
9075
9076
9077
9077
9077
9078
9078
9079
9080
9080
9081
9081
9081
9082
9084
9084
9084
9085
9085
9085
9086
9086
9086
9087
9087
9087
9088
9090
9091
9092
9093
9095
9095
9096
9097
9098
9099
9104
9105
9106
9106
9106
9107
9108
9109
9109
9109
9109
9110
9110
9112
9116
9117
9118
9118
9118
9120
9121
9122
9122
9123
9124
9128
9129
9130
9132
9132
9134
9134
9135
9136
9136
9137
9138
9138
9139
9139
9140
9140
9140
9142
9143
9143
9143
9144
9146
9147
9148
9149
9149
9150
9151
9155
9155
9156
9156
9156
9158
9159
9159
9162
9162
9164
9165
9166
9166
9167
9170
9172
9172
9173
9174
9177
9178
9178
9179
9180
9182
9186
9187
9188
9190
9191
9192
9192
9192
9193
9193
9194
9194
9194
9195
9196
9196
9197
9198
9200
9200
9200
9201
9202
9203
9204
9205
9206
9207
9208
9209
9211
9211
9212
9214
9214
9214
9215
9215
9216
9217
9217
9218
9220
9220
9220
9220
9220
9221
9223
9223
9225
9225
9226
9226
9226
9227
9230
9230
9231
9233
9234
9234
9234
9236
9236
9239
9239
9239
9240
9242
9246
9246
9246
9247
9249
9251
9254
9255
9256
9258
9258
9259
9261
9262
9262
9263
9263
9264
9264
9265
9265
9267
9267
9268
9269
9269
9270
9270
9270
9270
9272
9272
9273
9276
9279
9281
9281
9282
9282
9283
9283
9284
9284
9285
9286
9286
9287
9288
9288
9290
9291
9294
9296
9296
9297
9297
9298
9298
9298
9299
9299
9299
9302
9302
9304
9308
9310
9311
9312
9314
9314
9314
9316
9316
9318
9319
9319
9323
9323
9323
9324
9325
9325
9327
9328
9330
9330
9331
9333
9334
9337
9338
9338
9339
9340
9344
9349
9350
9350
9352
9353
9354
9355
9355
9355
9356
9357
9357
9358
9359
9360
9363
9364
9366
9366
9366
9368
9370
9371
9371
9375
9376
9378
9378
9379
9380
9381
9382
9384
9384
9384
9387
9388
9388
9389
9390
9391
9391
9392
9392
9393
9393
9394
9394
9395
9396
9398
9399
9399
9401
9401
9404
9405
9405
9408
9408
9411
9411
9412
9414
9415
9416
9419
9420
9420
9420
9421
9422
9423
9424
9424
9424
9427
9429
9431
9431
9432
9432
9433
9434
9435
9436
9437
9438
9439
9440
9440
9440
9441
9441
9443
9444
9445
9445
9447
9448
9449
9449
9449
9451
9451
9451
9452
9454
9455
9455
9457
9457
9457
9457
9457
9458
9459
9461
9461
9461
9462
9464
9464
9466
9466
9467
9468
9469
9470
9471
9472
9473
9475
9477
9479
9479
9480
9481
9484
9485
9486
9489
9489
9490
9492
9492
9493
9494
9497
9500
9505
9506
9508
9509
9509
9510
9510
9510
9510
9511
9512
9513
9515
9516
9517
9517
9520
9520
9521
9521
9521
9522
9523
9524
9524
9525
9525
9525
9528
9528
9531
9531
9533
9534
9534
9536
9537
9538
9538
9538
9540
9541
9542
9543
9544
9545
9547
9548
9549
9550
9551
9552
9552
9554
9556
9557
9559
9559
9559
9559
9562
9565
9566
9566
9568
9570
9573
9574
9575
9576
9577
9577
9578
9578
9580
9581
9584
9587
9587
9587
9587
9589
9591
9591
9592
9593
9593
9594
9594
9596
9597
9597
9598
9599
9600
9601
9601
9602
9603
9604
9605
9607
9608
9609
9609
9610
9613
9614
9614
9615
9616
9616
9616
9616
9617
9617
9618
9621
9622
9622
9625
9626
9626
9629
9630
9630
9631
9634
9636
9637
9638
9640
9641
9643
9644
9645
9647
9649
9649
9649
9650
9651
9651
9652
9652
9652
9652
9652
9653
9653
9653
9654
9654
9655
9657
9657
9657
9658
9659
9659
9664
9665
9665
9666
9666
9667
9668
9668
9669
9672
9672
9673
9673
9674
9674
9675
9675
9676
9678
9678
9679
9679
9679
9681
9681
9682
9682
9683
9683
9684
9684
9684
9685
9686
9686
9689
9689
9690
9694
9695
9700
9700
9701
9702
9703
9704
9704
9705
9706
9706
9707
9709
9709
9709
9709
9711
9711
9713
9713
9714
9714
9715
9717
9718
9720
9721
9722
9722
9724
9724
9725
9727
9727
9728
9728
9728
9728
9729
9730
9731
9732
9732
9732
9733
9733
9733
9734
9735
9735
9735
9737
9738
9739
9740
9743
9744
9744
9744
9745
9745
9746
9746
9748
9748
9749
9751
9752
9753
9753
9753
9754
9754
9755
9755
9756
9756
9757
9757
9757
9758
9758
9759
9759
9761
9761
9762
9763
9763
9763
9764
9764
9764
9766
9767
9767
9769
9770
9770
9772
9773
9775
9775
9776
9776
9776
9777
9780
9781
9782
9783
9786
9786
9788
9789
9790
9790
9791
9792
9792
9792
9793
9793
9794
9798
9799
9799
9799
9801
9801
9802
9804
9804
9805
9805
9805
9806
9807
9808
9809
9810
9810
9810
9813
9814
9814
9815
9815
9816
9821
9821
9822
9827
9827
9827
9828
9829
9830
9832
9833
9834
9834
9834
9835
9835
9839
9841
9841
9842
9846
9847
9847
9847
9850
9851
9852
9852
9852
9853
9857
9859
9859
9859
9860
9862
9862
9865
9866
9866
9867
9868
9868
9869
9870
9871
9872
9873
9876
9876
9876
9877
9879
9880
9880
9882
9886
9886
9889
9889
9890
9891
9891
9892
9893
9895
9895
9896
9897
9898
9899
9903
9903
9906
9907
9908
9910
9911
9911
9911
9913
9913
9918
9918
9919
9923
9926
9926
9926
9926
9927
9930
9932
9933
9936
9936
9937
9937
9937
9937
9938
9939
9940
9940
9941
9943
9943
9944
9945
9945
9945
9947
9948
9951
9951
9951
9957
9961
9963
9966
9966
9968
9968
9969
9969
9970
9971
9971
9971
9972
9973
9974
9974
9975
9977
9977
9977
9978
9978
9979
9979
9979
9980
9981
9981
9982
9983
9987
9987
9987
9987
9987
9987
9988
9990
9990
9992
9995
9998
