0
0
4
6
6
7
9
9
10
11
12
13
14
15
15
18
18
18
20
21
21
22
23
23
25
25
26
27
28
28
28
28
29
29
31
34
34
35
36
38
38
39
39
44
45
45
46
46
47
47
49
49
51
51
53
53
54
54
55
55
55
55
56
58
58
62
62
65
66
67
69
74
74
79
81
81
82
83
85
85
85
86
87
87
88
93
93
95
96
98
99
100
103
104
104
105
107
108
109
110
110
111
111
111
111
112
112
113
115
116
117
118
119
119
119
120
120
120
125
126
127
127
128
130
131
132
133
134
135
136
136
138
139
140
140
141
142
146
149
150
151
151
152
153
153
153
155
155
155
155
156
157
157
161
162
162
163
163
164
164
165
165
167
168
174
175
175
177
178
179
185
185
186
187
194
195
195
196
198
200
200
202
203
205
205
206
206
207
209
209
211
211
213
213
213
214
215
215
216
217
220
222
224
225
225
225
227
228
229
229
232
232
233
234
235
235
236
236
238
238
240
240
241
242
244
245
247
247
250
252
252
253
253
254
254
254
255
256
258
259
260
260
260
261
262
263
263
265
267
268
269
269
269
269
270
271
272
276
276
277
278
279
279
280
281
281
282
283
287
287
288
288
288
290
291
291
292
293
296
297
297
299
300
301
303
303
303
303
304
305
305
306
308
308
310
310
311
311
312
312
312
312
314
315
316
317
317
321
321
322
323
323
324
325
325
325
326
327
328
328
329
331
331
332
332
332
333
335
337
337
337
338
339
345
345
345
345
346
346
347
348
348
350
353
354
354
354
355
356
358
359
360
361
361
362
363
363
363
364
364
364
365
366
366
366
367
369
370
373
373
374
376
379
379
380
381
384
385
386
386
387
388
388
389
390
390
393
396
396
398
399
401
401
401
402
402
403
405
406
411
412
413
413
414
421
422
423
423
424
425
425
426
428
429
431
433
434
435
435
435
437
437
438
439
442
445
446
447
448
449
449
450
450
450
451
453
455
455
457
460
460
461
462
462
462
462
463
465
469
469
470
470
470
470
470
471
472
474
475
477
477
478
478
480
480
481
481
482
483
484
484
485
488
488
489
489
491
492
493
493
494
495
495
495
497
499
500
500
502
504
504
505
505
505
507
508
509
509
509
510
510
511
511
511
512
513
514
514
514
514
515
517
517
518
518
519
519
522
523
524
524
526
526
527
528
528
528
528
528
530
530
531
531
531
532
532
533
533
533
534
536
537
539
540
540
540
542
542
543
543
543
543
544
544
547
547
547
547
548
550
553
554
557
559
559
560
561
562
563
563
563
564
565
567
569
570
573
573
574
575
576
577
578
578
580
582
583
586
586
587
587
587
588
588
589
590
591
592
593
594
594
600
600
600
601
602
602
603
604
604
605
608
609
610
612
614
615
615
619
621
622
622
622
625
626
626
626
627
628
628
629
629
629
629
630
632
633
633
636
636
638
639
640
642
643
643
645
646
647
648
649
651
652
653
655
655
656
656
657
658
659
660
661
662
662
662
664
665
667
671
672
674
675
675
675
675
676
678
679
680
681
681
683
684
685
686
686
686
686
688
688
689
690
690
691
691
694
697
697
697
699
699
700
700
704
706
707
708
708
711
714
714
714
715
715
715
718
719
719
719
720
721
722
726
728
729
729
729
730
731
732
732
734
734
734
734
735
736
739
739
742
743
744
745
745
745
745
746
746
747
748
749
754
755
756
756
758
759
759
761
761
761
761
762
763
764
764
765
765
765
768
769
770
772
772
773
774
776
776
777
779
779
781
781
781
781
782
784
785
787
787
787
788
788
789
789
790
791
791
792
793
793
794
794
795
796
796
796
796
798
799
800
800
804
804
805
805
806
807
807
807
808
808
809
809
810
810
810
811
813
813
813
814
815
815
816
816
819
819
821
821
822
822
823
824
829
829
829
830
832
832
833
836
836
838
839
840
847
848
851
851
852
853
855
855
856
857
860
860
860
861
861
862
864
865
865
865
866
867
867
867
867
870
871
871
872
872
877
879
882
882
883
883
883
884
885
886
886
887
887
890
890
891
891
891
892
895
896
897
897
899
900
901
902
904
905
905
905
906
908
909
912
912
913
914
914
914
916
916
916
916
918
918
920
921
922
923
925
926
926
927
928
931
931
931
933
933
936
939
940
941
941
943
944
945
945
948
948
952
952
952
952
954
956
956
956
957
959
959
960
960
960
961
962
962
963
965
967
967
967
968
968
968
969
970
972
972
972
972
975
976
976
979
979
980
980
980
981
981
984
984
984
984
985
986
986
986
989
990
991
993
994
995
995
996
996
996
998
1000
1001
1001
1002
1003
1004
1005
1005
1008
1009
1009
1009
1009
1010
1010
1010
1011
1011
1012
1014
1016
1019
1019
1020
1020
1021
1021
1024
1025
1025
1026
1027
1028
1028
1028
1028
1029
1029
1030
1030
1030
1034
1035
1036
1036
1037
1042
1044
1045
1045
1046
1050
1050
1050
1051
1052
1053
1054
1054
1055
1056
1057
1057
1058
1059
1059
1060
1060
1060
1061
1062
1063
1063
1064
1065
1065
1065
1065
1069
1069
1071
1071
1072
1073
1074
1075
1075
1075
1075
1076
1076
1076
1083
1084
1084
1087
1087
1087
1089
1090
1091
1091
1092
1092
1095
1098
1098
1099
1103
1104
1105
1105
1107
1107
1108
1109
1109
1111
1111
1113
1113
1114
1115
1116
1117
1119
1119
1119
1119
1120
1120
1122
1123
1124
1126
1127
1127
1129
1130
1131
1133
1134
1136
1136
1137
1138
1139
1139
1140
1141
1147
1148
1149
1150
1150
1151
1152
1152
1154
1154
1155
1155
1156
1156
1157
1159
1161
1162
1163
1163
1164
1165
1165
1166
1167
1167
1168
1169
1169
1170
1170
1173
1174
1175
1175
1176
1180
1180
1182
1182
1183
1183
1184
1184
1185
1186
1188
1189
1189
1189
1190
1190
1191
1192
1193
1195
1197
1199
1199
1199
1201
1201
1202
1202
1212
1212
1212
1213
1214
1214
1219
1220
1220
1221
1221
1222
1222
1223
1224
1224
1225
1230
1230
1230
1233
1234
1235
1239
1240
1240
1241
1241
1241
1243
1245
1246
1246
1246
1246
1247
1248
1250
1250
1250
1252
1252
1253
1253
1254
1255
1258
1259
1260
1262
1262
1262
1264
1264
1265
1265
1265
1266
1266
1267
1267
1268
1269
1269
1271
1274
1275
1276
1277
1277
1277
1278
1279
1279
1279
1281
1281
1282
1283
1284
1285
1287
1287
1289
1289
1291
1291
1293
1296
1297
1299
1299
1301
1301
1303
1304
1304
1305
1307
1307
1307
1307
1311
1311
1311
1314
1315
1315
1317
1322
1323
1324
1330
1330
1330
1331
1331
1333
1334
1335
1335
1336
1337
1338
1338
1340
1342
1345
1348
1348
1352
1352
1353
1353
1354
1354
1355
1355
1355
1355
1357
1358
1358
1358
1359
1359
1363
1364
1365
1365
1365
1368
1368
1369
1369
1370
1371
1371
1371
1372
1373
1374
1374
1374
1376
1377
1379
1379
1381
1381
1382
1382
1385
1386
1387
1388
1388
1390
1390
1393
1395
1395
1395
1395
1397
1397
1398
1399
1400
1400
1400
1400
1401
1405
1407
1409
1410
1411
1415
1418
1421
1424
1424
1426
1427
1428
1428
1429
1431
1431
1431
1432
1432
1434
1434
1435
1437
1438
1440
1441
1442
1443
1443
1444
1444
1446
1447
1448
1448
1448
1448
1450
1450
1450
1451
1453
1455
1457
1457
1458
1458
1459
1461
1465
1467
1468
1469
1469
1470
1472
1474
1477
1477
1477
1479
1480
1482
1482
1484
1484
1484
1487
1488
1488
1489
1489
1489
1490
1495
1496
1497
1498
1498
1500
1500
1501
1501
1501
1501
1502
1504
1506
1506
1508
1508
1508
1509
1509
1509
1510
1510
1511
1512
1512
1513
1513
1514
1514
1515
1515
1515
1515
1515
1516
1516
1517
1518
1520
1520
1521
1524
1524
1524
1525
1525
1526
1526
1526
1527
1528
1529
1534
1534
1534
1535
1535
1536
1537
1538
1540
1542
1543
1544
1545
1547
1548
1549
1549
1549
1550
1551
1551
1551
1552
1552
1552
1553
1554
1555
1555
1556
1556
1557
1558
1559
1559
1559
1560
1561
1562
1563
1563
1564
1564
1565
1567
1569
1570
1570
1571
1572
1572
1573
1573
1575
1576
1577
1577
1578
1578
1579
1579
1581
1583
1583
1584
1585
1588
1589
1589
1589
1589
1590
1591
1591
1594
1594
1598
1598
1599
1600
1602
1603
1604
1604
1605
1606
1606
1608
1608
1608
1609
1612
1613
1614
1616
1617
1617
1620
1621
1625
1625
1626
1626
1627
1635
1636
1639
1640
1640
1640
1641
1642
1643
1644
1645
1645
1645
1647
1649
1651
1651
1652
1652
1653
1655
1656
1657
1659
1664
1664
1665
1665
1667
1667
1669
1670
1671
1671
1672
1673
1674
1676
1676
1677
1678
1680
1680
1680
1682
1684
1685
1685
1685
1686
1686
1687
1688
1688
1689
1690
1690
1692
1693
1693
1693
1694
1694
1696
1697
1698
1698
1700
1700
1701
1701
1702
1705
1706
1707
1709
1709
1709
1711
1712
1713
1714
1715
1716
1718
1719
1719
1719
1721
1723
1723
1724
1724
1725
1727
1730
1730
1731
1732
1732
1732
1736
1736
1736
1737
1737
1737
1738
1739
1739
1740
1740
1741
1742
1747
1747
1748
1749
1749
1749
1750
1751
1751
1756
1757
1757
1758
1761
1763
1763
1765
1765
1766
1768
1770
1773
1773
1774
1775
1776
1776
1777
1778
1780
1781
1781
1782
1783
1783
1783
1785
1785
1787
1787
1788
1789
1790
1791
1791
1791
1791
1794
1795
1796
1797
1797
1797
1797
1799
1799
1801
1804
1805
1805
1805
1805
1805
1808
1808
1808
1809
1809
1810
1811
1813
1814
1814
1815
1816
1816
1817
1818
1818
1819
1820
1821
1821
1821
1827
1827
1829
1830
1830
1833
1833
1833
1835
1837
1841
1843
1844
1844
1847
1847
1848
1848
1849
1850
1851
1851
1851
1852
1853
1853
1854
1854
1855
1855
1856
1856
1856
1856
1856
1858
1859
1859
1859
1859
1859
1860
1862
1862
1863
1864
1865
1868
1870
1871
1873
1876
1878
1880
1881
1881
1882
1883
1884
1884
1886
1888
1889
1890
1890
1892
1892
1893
1895
1896
1898
1898
1899
1900
1900
1902
1902
1903
1903
1903
1904
1907
1907
1908
1908
1909
1909
1910
1912
1914
1914
1915
1915
1916
1916
1918
1918
1921
1921
1921
1922
1926
1928
1929
1932
1933
1933
1933
1934
1935
1935
1936
1938
1938
1938
1939
1939
1939
1945
1945
1945
1947
1947
1947
1948
1948
1948
1949
1951
1952
1956
1957
1957
1957
1957
1957
1958
1959
1959
1960
1960
1961
1961
1962
1962
1963
1964
1964
1964
1964
1965
1966
1968
1968
1969
1970
1971
1971
1971
1972
1974
1976
1977
1977
1978
1980
1980
1981
1982
1983
1984
1985
1987
1991
1992
1992
1993
1999
1999
2000
2002
2002
2003
2006
2006
2007
2009
2010
2010
2013
2015
2015
2018
2020
2020
2020
2020
2022
2023
2031
2032
2033
2035
2035
2038
2039
2040
2042
2043
2044
2045
2047
2049
2049
2050
2050
2053
2055
2056
2056
2056
2057
2058
2059
2059
2059
2060
2064
2066
2067
2067
2068
2068
2069
2071
2076
2077
2078
2079
2080
2081
2081
2082
2083
2084
2084
2085
2085
2087
2087
2090
2090
2091
2092
2092
2094
2094
2094
2096
2096
2096
2098
2099
2100
2101
2102
2103
2105
2108
2108
2109
2110
2110
2111
2112
2112
2112
2114
2116
2118
2119
2119
2123
2124
2127
2127
2127
2127
2127
2128
2128
2128
2130
2130
2131
2132
2132
2134
2135
2135
2135
2137
2139
2141
2142
2142
2142
2142
2142
2144
2145
2145
2149
2149
2149
2149
2151
2151
2152
2153
2154
2155
2158
2163
2163
2164
2164
2166
2166
2170
2172
2173
2173
2174
2174
2176
2177
2178
2178
2181
2181
2181
2182
2185
2189
2190
2190
2191
2191
2193
2194
2195
2195
2196
2196
2197
2197
2199
2201
2203
2204
2205
2205
2206
2206
2206
2207
2208
2209
2210
2210
2211
2212
2214
2215
2216
2218
2219
2219
2220
2220
2221
2221
2222
2222
2224
2224
2224
2224
2225
2225
2233
2233
2233
2233
2234
2235
2236
2237
2237
2237
2237
2237
2239
2239
2241
2242
2243
2243
2244
2246
2247
2247
2247
2249
2250
2252
2252
2252
2253
2253
2254
2255
2255
2256
2256
2258
2259
2259
2259
2259
2264
2264
2264
2265
2265
2266
2267
2269
2269
2269
2271
2271
2271
2272
2274
2276
2277
2278
2278
2280
2281
2282
2283
2284
2286
2286
2287
2287
2290
2291
2293
2294
2295
2296
2297
2298
2299
2300
2301
2301
2302
2303
2303
2304
2305
2307
2308
2309
2311
2313
2314
2321
2322
2322
2323
2325
2325
2326
2331
2331
2334
2336
2336
2337
2337
2341
2342
2343
2344
2344
2345
2346
2346
2346
2347
2349
2351
2352
2352
2353
2353
2354
2356
2357
2358
2362
2362
2362
2362
2363
2363
2364
2365
2365
2366
2367
2368
2370
2370
2370
2370
2371
2372
2373
2373
2374
2375
2375
2376
2376
2376
2376
2376
2376
2376
2377
2378
2378
2378
2385
2385
2386
2386
2386
2387
2388
2388
2388
2388
2388
2391
2392
2393
2394
2397
2399
2400
2403
2403
2403
2406
2406
2407
2407
2408
2409
2410
2416
2419
2420
2420
2422
2424
2425
2425
2426
2427
2428
2429
2429
2430
2430
2431
2434
2435
2437
2442
2446
2448
2448
2453
2453
2454
2456
2457
2458
2458
2458
2459
2460
2460
2463
2466
2467
2467
2470
2474
2474
2475
2475
2475
2476
2476
2476
2477
2477
2478
2478
2479
2480
2481
2481
2482
2483
2483
2484
2485
2486
2488
2488
2488
2489
2489
2489
2491
2491
2492
2494
2496
2496
2497
2500
2503
2504
2506
2506
2506
2507
2508
2509
2511
2511
2513
2517
2517
2517
2518
2523
2528
2528
2530
2532
2534
2534
2535
2535
2536
2537
2537
2537
2538
2538
2538
2539
2541
2541
2542
2542
2542
2542
2542
2543
2543
2543
2544
2544
2545
2546
2547
2547
2548
2548
2550
2552
2556
2558
2559
2560
2560
2561
2562
2562
2564
2564
2565
2566
2569
2570
2571
2571
2572
2573
2573
2575
2576
2579
2582
2583
2584
2584
2584
2585
2586
2587
2588
2588
2589
2589
2589
2589
2589
2590
2590
2592
2593
2595
2595
2595
2597
2599
2599
2599
2601
2602
2603
2603
2604
2604
2605
2605
2606
2607
2607
2607
2608
2608
2608
2609
2610
2611
2611
2612
2613
2614
2614
2614
2614
2618
2618
2620
2620
2620
2620
2621
2622
2622
2622
2623
2625
2625
2627
2628
2628
2630
2630
2634
2634
2634
2637
2637
2638
2642
2642
2646
2646
2648
2650
2652
2652
2652
2652
2652
2653
2653
2654
2654
2654
2655
2657
2657
2657
2658
2663
2663
2663
2664
2664
2665
2665
2665
2667
2667
2668
2668
2669
2671
2671
2674
2674
2677
2678
2679
2679
2680
2681
2681
2681
2682
2683
2683
2684
2688
2690
2692
2693
2694
2698
2698
2699
2699
2700
2700
2700
2701
2702
2704
2706
2707
2709
2709
2709
2711
2711
2713
2715
2715
2715
2716
2717
2719
2721
2722
2722
2722
2724
2726
2726
2726
2727
2728
2729
2729
2733
2734
2735
2736
2736
2736
2736
2738
2742
2743
2743
2744
2745
2747
2747
2748
2751
2751
2751
2752
2755
2755
2755
2757
2757
2758
2759
2760
2762
2763
2764
2765
2765
2765
2765
2765
2768
2768
2769
2770
2771
2772
2772
2773
2773
2776
2777
2777
2777
2778
2778
2779
2780
2780
2785
2785
2785
2786
2788
2789
2790
2792
2793
2795
2795
2798
2799
2801
2802
2802
2802
2802
2803
2803
2803
2806
2807
2808
2808
2810
2810
2811
2811
2812
2813
2813
2815
2815
2816
2816
2817
2819
2819
2820
2820
2824
2824
2824
2827
2827
2827
2827
2829
2830
2830
2831
2831
2831
2832
2834
2834
2836
2837
2837
2838
2839
2839
2840
2840
2840
2840
2841
2842
2842
2843
2845
2848
2850
2851
2852
2852
2854
2854
2854
2857
2859
2860
2861
2861
2862
2863
2864
2865
2866
2866
2868
2869
2870
2871
2871
2874
2875
2876
2877
2882
2883
2884
2885
2888
2888
2889
2889
2890
2890
2892
2892
2893
2894
2894
2895
2896
2896
2897
2898
2898
2899
2899
2900
2901
2902
2902
2903
2904
2905
2905
2905
2909
2910
2910
2910
2910
2911
2911
2912
2912
2913
2913
2916
2916
2916
2919
2919
2920
2920
2921
2922
2923
2923
2923
2924
2925
2925
2926
2927
2929
2929
2929
2931
2931
2931
2932
2933
2935
2935
2936
2938
2940
2940
2941
2941
2942
2942
2943
2945
2946
2946
2947
2948
2949
2950
2951
2951
2954
2955
2957
2958
2958
2959
2960
2961
2962
2962
2963
2964
2964
2965
2965
2968
2970
2971
2971
2973
2973
2974
2975
2975
2975
2975
2977
2977
2978
2979
2982
2983
2985
2985
2986
2988
2989
2992
2992
2992
2992
2993
2993
2993
2993
2994
2994
2994
2994
2995
2995
2996
2997
2997
2997
3000
3004
3004
3008
3008
3008
3009
3009
3010
3011
3012
3014
3016
3016
3016
3017
3017
3021
3022
3023
3025
3026
3027
3029
3029
3029
3032
3032
3034
3035
3038
3038
3039
3039
3039
3040
3041
3042
3043
3043
3043
3044
3044
3047
3049
3054
3055
3055
3055
3056
3058
3062
3063
3065
3065
3066
3068
3069
3071
3072
3075
3076
3080
3080
3081
3082
3084
3086
3089
3090
3091
3092
3092
3092
3094
3095
3095
3095
3097
3098
3098
3100
3100
3100
3102
3102
3102
3105
3106
3106
3110
3110
3110
3110
3111
3111
3112
3112
3112
3112
3113
3113
3114
3115
3116
3116
3118
3121
3123
3124
3125
3126
3128
3130
3130
3131
3132
3136
3136
3137
3137
3137
3138
3138
3141
3141
3141
3142
3143
3144
3145
3145
3145
3146
3146
3149
3151
3153
3153
3154
3155
3157
3157
3158
3165
3166
3169
3170
3170
3171
3171
3171
3172
3172
3175
3178
3179
3180
3180
3180
3181
3181
3182
3182
3185
3186
3186
3187
3188
3188
3188
3189
3192
3193
3193
3193
3194
3196
3197
3197
3197
3200
3201
3203
3204
3205
3206
3208
3208
3208
3209
3209
3212
3213
3214
3214
3214
3215
3221
3222
3222
3222
3223
3224
3225
3226
3226
3227
3227
3229
3229
3229
3234
3234
3234
3235
3236
3238
3242
3242
3244
3245
3249
3249
3250
3251
3253
3255
3256
3256
3257
3258
3259
3260
3262
3263
3263
3264
3264
3264
3264
3267
3268
3269
3269
3270
3271
3272
3275
3275
3276
3277
3278
3278
3280
3280
3281
3281
3281
3284
3285
3286
3287
3288
3288
3290
3290
3290
3292
3292
3293
3293
3294
3296
3298
3300
3301
3304
3305
3306
3306
3306
3306
3308
3308
3311
3312
3312
3313
3313
3313
3319
3319
3321
3322
3325
3325
3326
3327
3328
3330
3330
3331
3333
3334
3335
3336
3336
3338
3340
3340
3340
3340
3340
3343
3343
3344
3347
3348
3348
3349
3355
3356
3356
3356
3358
3358
3361
3362
3362
3363
3363
3364
3364
3364
3365
3366
3367
3369
3372
3373
3375
3375
3376
3376
3378
3380
3380
3382
3382
3382
3383
3383
3384
3388
3388
3388
3389
3390
3390
3390
3391
3391
3392
3394
3395
3395
3396
3397
3399
3399
3399
3401
3403
3403
3404
3404
3404
3405
3405
3405
3406
3406
3410
3410
3410
3419
3419
3419
3419
3420
3421
3421
3424
3425
3426
3427
3428
3428
3431
3432
3437
3438
3440
3444
3444
3444
3446
3446
3447
3450
3450
3451
3452
3452
3452
3453
3453
3455
3455
3455
3456
3457
3458
3459
3461
3461
3461
3462
3464
3465
3467
3468
3469
3471
3472
3473
3474
3474
3476
3476
3476
3476
3476
3478
3478
3481
3481
3482
3482
3482
3483
3488
3489
3490
3493
3493
3494
3497
3498
3498
3500
3500
3505
3505
3506
3510
3511
3512
3512
3512
3512
3513
3516
3517
3518
3519
3521
3522
3523
3524
3525
3525
3525
3525
3527
3528
3529
3530
3532
3537
3538
3541
3541
3541
3541
3543
3543
3543
3544
3545
3547
3547
3547
3549
3550
3551
3553
3554
3554
3555
3555
3555
3556
3557
3558
3558
3560
3560
3560
3561
3561
3562
3562
3563
3563
3565
3566
3567
3568
3570
3571
3572
3574
3574
3574
3575
3578
3578
3579
3579
3579
3580
3580
3580
3581
3582
3582
3585
3585
3586
3589
3589
3590
3594
3594
3595
3596
3596
3597
3601
3601
3602
3603
3603
3604
3604
3608
3610
3612
3612
3612
3613
3614
3614
3615
3616
3618
3618
3618
3618
3619
3619
3619
3620
3620
3620
3620
3620
3620
3620
3621
3622
3623
3623
3624
3624
3625
3626
3627
3628
3628
3628
3629
3629
3629
3629
3629
3631
3632
3632
3632
3632
3633
3633
3636
3636
3636
3638
3638
3639
3639
3640
3644
3644
3646
3648
3648
3649
3650
3651
3652
3654
3654
3654
3654
3655
3655
3656
3656
3658
3658
3658
3660
3661
3662
3663
3667
3667
3668
3672
3672
3673
3677
3678
3679
3679
3680
3680
3680
3681
3681
3682
3683
3683
3684
3684
3686
3686
3686
3687
3689
3690
3692
3692
3693
3693
3694
3696
3696
3698
3698
3699
3699
3701
3703
3706
3707
3709
3709
3711
3712
3713
3714
3716
3719
3720
3720
3720
3720
3722
3722
3722
3722
3725
3725
3726
3726
3726
3727
3727
3727
3728
3731
3732
3733
3733
3734
3734
3736
3738
3739
3741
3741
3742
3742
3744
3745
3746
3746
3749
3750
3752
3752
3753
3753
3755
3755
3755
3755
3756
3756
3757
3758
3759
3759
3760
3761
3761
3762
3763
3764
3764
3767
3767
3768
3768
3770
3772
3772
3772
3773
3774
3774
3774
3775
3775
3776
3777
3777
3777
3777
3778
3780
3781
3782
3782
3784
3786
3789
3789
3789
3790
3791
3793
3794
3794
3794
3795
3797
3798
3799
3800
3801
3806
3807
3810
3813
3814
3814
3814
3815
3817
3818
3820
3821
3822
3824
3825
3826
3826
3829
3829
3830
3830
3831
3832
3835
3835
3835
3836
3837
3837
3838
3839
3839
3840
3841
3841
3842
3842
3842
3842
3844
3844
3845
3846
3847
3848
3850
3850
3850
3852
3852
3853
3854
3854
3855
3855
3855
3856
3857
3859
3860
3862
3862
3863
3865
3865
3866
3867
3868
3868
3868
3869
3872
3872
3873
3874
3874
3874
3874
3874
3874
3878
3878
3879
3880
3884
3885
3887
3888
3889
3889
3889
3891
3892
3893
3894
3896
3897
3902
3904
3904
3905
3907
3907
3908
3908
3908
3909
3911
3911
3912
3914
3914
3918
3918
3920
3924
3925
3927
3928
3929
3929
3930
3931
3931
3932
3934
3935
3936
3936
3939
3941
3942
3942
3943
3943
3944
3945
3945
3946
3946
3947
3948
3948
3948
3954
3955
3956
3957
3957
3958
3959
3961
3963
3965
3967
3967
3967
3968
3970
3971
3971
3972
3976
3976
3977
3977
3979
3979
3980
3981
3982
3982
3984
3985
3988
3989
3989
3989
3990
3990
3990
3990
3992
3994
3998
3998
4000
4002
4002
4002
4003
4003
4006
4007
4008
4009
4009
4012
4013
4013
4013
4015
4015
4016
4017
4019
4020
4020
4021
4021
4021
4022
4023
4025
4025
4025
4025
4026
4026
4026
4028
4029
4030
4030
4032
4032
4033
4033
4034
4037
4037
4037
4039
4039
4043
4043
4045
4046
4048
4048
4048
4049
4049
4051
4051
4052
4054
4054
4054
4055
4057
4059
4059
4059
4060
4061
4062
4062
4062
4063
4064
4065
4066
4066
4066
4067
4068
4070
4074
4075
4077
4078
4078
4080
4081
4082
4082
4083
4083
4083
4085
4086
4086
4086
4087
4088
4089
4091
4091
4094
4095
4096
4097
4097
4098
4100
4100
4101
4102
4102
4102
4105
4107
4107
4107
4108
4108
4108
4108
4109
4110
4110
4111
4111
4112
4114
4114
4115
4115
4117
4117
4118
4118
4119
4119
4119
4119
4120
4121
4122
4122
4122
4123
4125
4126
4128
4128
4129
4130
4130
4131
4134
4136
4136
4136
4137
4137
4137
4138
4139
4142
4143
4144
4144
4145
4145
4146
4147
4147
4148
4149
4150
4151
4151
4153
4155
4155
4155
4157
4158
4158
4160
4160
4164
4165
4165
4166
4167
4171
4171
4172
4172
4173
4175
4175
4177
4178
4179
4180
4181
4181
4182
4187
4192
4193
4193
4193
4194
4194
4194
4195
4198
4200
4204
4204
4204
4205
4205
4207
4207
4209
4209
4210
4215
4215
4217
4218
4218
4219
4220
4220
4221
4222
4223
4223
4224
4224
4226
4226
4227
4227
4228
4232
4232
4233
4233
4233
4234
4234
4234
4240
4244
4244
4245
4247
4248
4249
4250
4253
4253
4253
4253
4254
4255
4257
4258
4258
4259
4259
4259
4261
4261
4262
4263
4263
4264
4264
4265
4268
4270
4273
4274
4275
4275
4277
4277
4281
4282
4282
4282
4284
4285
4286
4286
4290
4291
4291
4291
4291
4291
4292
4293
4293
4294
4296
4297
4297
4298
4298
4301
4301
4301
4301
4301
4301
4302
4303
4303
4304
4304
4306
4307
4308
4309
4311
4313
4315
4315
4316
4318
4318
4319
4321
4321
4322
4325
4326
4326
4329
4329
4331
4332
4332
4334
4336
4338
4338
4339
4340
4341
4342
4345
4347
4353
4354
4359
4360
4361
4362
4362
4362
4363
4364
4367
4367
4368
4371
4372
4374
4375
4378
4379
4380
4381
4383
4383
4384
4384
4385
4386
4387
4388
4390
4391
4392
4396
4400
4400
4401
4402
4405
4406
4407
4407
4408
4409
4409
4410
4410
4412
4412
4414
4414
4415
4419
4419
4421
4424
4424
4424
4426
4427
4428
4428
4429
4429
4430
4430
4431
4432
4432
4435
4435
4436
4436
4437
4439
4439
4439
4442
4444
4446
4448
4450
4455
4457
4460
4460
4460
4461
4462
4462
4462
4463
4463
4464
4464
4465
4466
4466
4467
4469
4469
4471
4471
4471
4471
4472
4476
4477
4478
4480
4482
4483
4483
4484
4488
4492
4492
4493
4497
4500
4505
4506
4506
4507
4508
4508
4509
4512
4515
4516
4517
4517
4519
4520
4520
4520
4521
4521
4522
4522
4522
4525
4525
4526
4527
4528
4530
4531
4531
4531
4532
4533
4534
4534
4535
4535
4535
4539
4541
4543
4543
4544
4544
4545
4546
4546
4546
4546
4547
4547
4547
4547
4548
4548
4548
4549
4549
4551
4551
4551
4551
4552
4552
4552
4554
4558
4559
4564
4565
4565
4566
4566
4569
4573
4573
4573
4574
4574
4575
4576
4577
4579
4579
4581
4583
4584
4586
4587
4587
4588
4588
4588
4589
4589
4590
4591
4591
4593
4594
4594
4594
4596
4597
4598
4598
4600
4603
4603
4603
4606
4609
4610
4610
4611
4612
4612
4613
4613
4614
4617
4621
4622
4622
4623
4623
4624
4624
4625
4626
4627
4627
4627
4628
4628
4629
4631
4631
4632
4633
4634
4634
4635
4636
4637
4638
4640
4642
4643
4646
4647
4647
4648
4650
4653
4655
4655
4655
4658
4658
4661
4661
4664
4664
4665
4667
4667
4668
4669
4669
4670
4670
4670
4670
4671
4672
4673
4674
4674
4675
4676
4677
4677
4678
4680
4681
4682
4682
4684
4684
4684
4685
4685
4686
4688
4689
4689
4689
4690
4691
4692
4692
4692
4693
4693
4695
4696
4696
4698
4699
4700
4703
4705
4705
4710
4710
4711
4714
4715
4715
4716
4718
4719
4722
4722
4723
4724
4725
4725
4725
4728
4728
4729
4730
4730
4731
4732
4732
4734
4736
4737
4738
4739
4742
4743
4744
4748
4749
4750
4751
4752
4754
4755
4757
4757
4757
4760
4761
4761
4764
4765
4765
4765
4766
4767
4767
4768
4769
4769
4771
4772
4772
4773
4775
4776
4777
4781
4781
4782
4785
4786
4786
4787
4788
4789
4789
4789
4790
4791
4791
4791
4794
4798
4799
4801
4802
4802
4803
4805
4807
4807
4810
4813
4813
4813
4814
4814
4815
4816
4817
4818
4818
4820
4820
4821
4821
4822
4822
4823
4823
4823
4823
4823
4826
4827
4827
4830
4831
4833
4833
4834
4838
4839
4841
4842
4843
4844
4848
4849
4850
4850
4851
4852
4856
4858
4860
4861
4862
4863
4864
4864
4865
4865
4866
4866
4868
4869
4870
4872
4873
4873
4874
4874
4877
4879
4879
4880
4882
4885
4886
4886
4889
4889
4890
4892
4892
4892
4893
4894
4899
4899
4900
4901
4902
4903
4903
4906
4906
4906
4907
4910
4910
4913
4914
4914
4915
4916
4916
4916
4916
4917
4918
4918
4919
4920
4920
4920
4922
4922
4924
4928
4931
4932
4933
4934
4935
4935
4936
4936
4936
4942
4946
4947
4950
4952
4954
4956
4957
4958
4958
4958
4959
4965
4965
4965
4966
4971
4972
4972
4974
4976
4976
4976
4977
4978
4978
4979
4979
4981
4982
4982
4983
4984
4988
4990
4990
4991
4991
4993
4995
4996
4997
4998
4998
5001
5004
5005
5006
5007
5007
5008
5010
5010
5011
5012
5013
5013
5014
5014
5015
5015
5016
5020
5020
5023
5023
5025
5025
5026
5028
5028
5028
5031
5032
5032
5035
5035
5035
5038
5039
5040
5040
5041
5041
5041
5042
5043
5044
5045
5046
5047
5047
5047
5048
5048
5049
5051
5051
5052
5052
5053
5056
5056
5057
5057
5058
5060
5060
5060
5060
5060
5061
5062
5062
5063
5063
5066
5066
5067
5067
5070
5071
5072
5074
5074
5075
5075
5076
5076
5077
5078
5078
5084
5084
5084
5085
5085
5085
5085
5089
5089
5090
5093
5096
5097
5099
5100
5101
5101
5102
5103
5104
5108
5110
5110
5111
5111
5111
5112
5113
5114
5115
5115
5116
5116
5116
5118
5119
5121
5121
5122
5123
5123
5123
5123
5124
5124
5124
5125
5127
5128
5130
5130
5131
5131
5131
5131
5133
5136
5137
5137
5138
5140
5141
5141
5142
5142
5142
5142
5143
5143
5149
5149
5150
5151
5154
5154
5155
5155
5157
5157
5162
5162
5163
5164
5165
5165
5166
5167
5167
5167
5168
5168
5168
5169
5169
5170
5170
5170
5171
5171
5171
5172
5173
5175
5175
5176
5177
5178
5179
5182
5183
5184
5184
5185
5186
5188
5188
5188
5188
5190
5191
5192
5192
5193
5193
5194
5196
5196
5197
5198
5200
5200
5200
5201
5202
5203
5207
5209
5211
5216
5217
5217
5218
5218
5219
5219
5219
5219
5219
5220
5220
5224
5225
5226
5227
5229
5229
5230
5230
5231
5233
5234
5234
5235
5236
5236
5237
5239
5243
5243
5246
5247
5247
5248
5250
5250
5250
5252
5253
5255
5259
5259
5259
5259
5260
5260
5261
5264
5265
5265
5267
5268
5268
5269
5270
5271
5271
5271
5272
5273
5273
5275
5281
5281
5282
5283
5284
5286
5286
5292
5292
5293
5294
5294
5295
5299
5299
5299
5299
5301
5301
5301
5303
5303
5304
5307
5309
5309
5311
5316
5318
5319
5323
5323
5323
5328
5328
5329
5331
5331
5333
5336
5339
5340
5342
5342
5343
5346
5347
5349
5352
5353
5353
5356
5356
5356
5358
5358
5358
5359
5360
5361
5362
5363
5365
5366
5367
5367
5367
5368
5369
5369
5370
5370
5373
5374
5377
5378
5379
5380
5380
5381
5381
5383
5384
5385
5385
5386
5388
5388
5389
5389
5390
5390
5390
5390
5391
5392
5393
5394
5395
5396
5397
5397
5402
5403
5403
5403
5404
5409
5411
5413
5415
5415
5415
5417
5417
5422
5422
5425
5426
5428
5431
5431
5431
5432
5433
5433
5436
5437
5438
5438
5441
5441
5442
5444
5444
5445
5445
5447
5448
5448
5449
5451
5452
5452
5453
5454
5454
5455
5455
5455
5456
5458
5458
5460
5461
5462
5462
5465
5467
5467
5468
5468
5469
5469
5469
5469
5470
5471
5473
5474
5476
5482
5483
5483
5485
5487
5487
5488
5488
5490
5490
5492
5493
5494
5494
5494
5495
5496
5497
5498
5498
5498
5503
5503
5505
5508
5510
5510
5511
5512
5513
5515
5515
5516
5516
5517
5517
5518
5518
5519
5520
5520
5522
5522
5522
5522
5523
5524
5525
5525
5526
5527
5528
5528
5528
5529
5529
5530
5532
5533
5533
5533
5533
5533
5535
5535
5536
5537
5537
5539
5541
5541
5541
5543
5543
5544
5544
5545
5546
5551
5552
5553
5553
5554
5556
5556
5562
5564
5565
5566
5566
5567
5567
5568
5569
5570
5572
5573
5574
5575
5575
5576
5576
5576
5578
5578
5580
5581
5582
5583
5586
5586
5586
5587
5587
5588
5589
5589
5594
5594
5594
5596
5597
5597
5598
5598
5598
5599
5601
5601
5602
5604
5605
5607
5607
5607
5607
5608
5611
5611
5612
5612
5612
5614
5615
5615
5615
5616
5616
5617
5617
5617
5618
5619
5624
5625
5626
5628
5630
5630
5631
5631
5633
5634
5634
5634
5634
5634
5634
5635
5635
5636
5636
5639
5639
5639
5640
5640
5641
5641
5642
5642
5642
5643
5644
5647
5648
5650
5651
5653
5654
5655
5656
5656
5657
5658
5658
5659
5659
5661
5662
5664
5666
5667
5668
5671
5671
5671
5671
5671
5672
5674
5675
5676
5677
5679
5682
5683
5685
5685
5687
5687
5688
5688
5689
5689
5689
5689
5690
5692
5693
5693
5696
5696
5696
5698
5699
5700
5700
5701
5705
5709
5710
5713
5713
5715
5715
5715
5716
5721
5721
5723
5724
5725
5726
5726
5728
5731
5731
5732
5734
5735
5735
5736
5736
5736
5737
5737
5737
5738
5738
5740
5741
5742
5743
5744
5744
5745
5745
5746
5747
5748
5751
5752
5754
5755
5756
5759
5759
5759
5761
5764
5765
5765
5768
5768
5769
5770
5770
5771
5771
5772
5773
5773
5774
5777
5777
5780
5780
5781
5783
5783
5783
5784
5786
5787
5787
5787
5788
5793
5795
5796
5796
5797
5798
5798
5799
5805
5806
5806
5807
5808
5813
5815
5816
5816
5816
5816
5816
5818
5820
5820
5820
5820
5823
5823
5823
5824
5825
5828
5829
5832
5832
5833
5833
5833
5834
5835
5836
5837
5837
5838
5839
5841
5841
5841
5841
5842
5846
5848
5849
5850
5850
5850
5855
5856
5856
5858
5858
5860
5860
5860
5860
5861
5861
5862
5862
5862
5863
5863
5863
5863
5865
5866
5866
5866
5868
5871
5872
5875
5875
5875
5877
5878
5878
5878
5879
5879
5880
5880
5887
5888
5889
5889
5889
5891
5891
5891
5893
5893
5893
5894
5895
5896
5896
5898
5898
5900
5900
5902
5904
5904
5905
5905
5906
5907
5909
5909
5910
5912
5913
5915
5916
5917
5917
5918
5919
5921
5922
5923
5923
5924
5924
5925
5927
5930
5931
5932
5934
5940
5942
5943
5947
5948
5948
5949
5950
5952
5953
5953
5954
5954
5957
5960
5961
5961
5964
5967
5968
5969
5970
5971
5971
5972
5972
5972
5975
5975
5977
5977
5978
5979
5980
5981
5981
5982
5982
5982
5983
5985
5985
5986
5987
5988
5988
5988
5989
5990
5990
5991
5992
5993
5995
5995
5995
5995
5996
5997
5997
5997
5998
5998
5998
5999
5999
5999
6000
6000
6001
6002
6002
6003
6004
6004
6004
6005
6006
6008
6009
6009
6010
6011
6015
6015
6016
6019
6019
6020
6020
6021
6022
6022
6023
6024
6024
6025
6026
6026
6027
6028
6029
6029
6030
6031
6032
6035
6035
6036
6037
6037
6038
6038
6042
6042
6043
6044
6044
6045
6045
6046
6046
6047
6048
6049
6050
6052
6052
6054
6057
6057
6058
6059
6059
6060
6060
6060
6060
6061
6061
6061
6062
6063
6066
6066
6067
6070
6070
6071
6071
6073
6075
6075
6077
6078
6079
6080
6081
6082
6083
6084
6085
6086
6087
6087
6087
6088
6090
6090
6092
6092
6094
6096
6097
6098
6099
6099
6102
6107
6107
6107
6108
6108
6109
6112
6113
6115
6115
6115
6116
6117
6117
6117
6117
6119
6120
6120
6121
6121
6121
6121
6123
6125
6127
6128
6128
6128
6129
6130
6130
6132
6132
6133
6133
6136
6137
6139
6139
6140
6141
6143
6144
6144
6145
6146
6148
6148
6149
6150
6150
6151
6151
6151
6156
6157
6157
6157
6158
6160
6162
6162
6162
6162
6163
6164
6166
6167
6168
6169
6171
6171
6172
6172
6174
6175
6177
6178
6179
6181
6181
6183
6183
6187
6188
6188
6190
6193
6196
6196
6197
6197
6198
6200
6201
6201
6204
6204
6205
6206
6209
6209
6209
6209
6209
6210
6210
6211
6216
6216
6216
6218
6219
6220
6222
6222
6223
6223
6223
6225
6226
6226
6228
6229
6229
6229
6230
6231
6232
6232
6233
6233
6236
6236
6237
6239
6242
6242
6242
6243
6244
6245
6245
6246
6247
6249
6249
6251
6253
6253
6253
6253
6255
6255
6260
6260
6262
6265
6265
6267
6267
6268
6268
6271
6271
6272
6275
6276
6277
6277
6277
6279
6280
6280
6282
6282
6283
6283
6285
6285
6286
6288
6292
6292
6294
6296
6298
6298
6298
6299
6302
6305
6308
6309
6309
6310
6311
6311
6313
6314
6315
6316
6317
6319
6319
6322
6322
6323
6323
6325
6329
6329
6330
6330
6332
6333
6333
6334
6336
6336
6339
6339
6341
6341
6341
6342
6343
6343
6344
6344
6345
6347
6347
6349
6350
6351
6351
6352
6354
6355
6355
6359
6359
6361
6364
6365
6366
6366
6369
6370
6370
6371
6371
6371
6371
6372
6372
6374
6376
6377
6377
6377
6378
6378
6378
6378
6380
6381
6388
6389
6390
6391
6392
6392
6392
6395
6395
6395
6396
6397
6397
6397
6398
6398
6399
6400
6401
6402
6402
6403
6404
6405
6405
6405
6406
6406
6406
6406
6407
6407
6409
6410
6410
6412
6415
6416
6417
6417
6419
6420
6420
6421
6422
6422
6422
6423
6424
6425
6425
6426
6428
6429
6430
6432
6433
6433
6434
6435
6436
6436
6437
6438
6439
6440
6440
6442
6442
6444
6444
6444
6444
6445
6446
6447
6448
6449
6449
6450
6450
6453
6453
6454
6454
6454
6455
6456
6461
6464
6464
6465
6465
6466
6467
6467
6467
6467
6467
6468
6468
6470
6473
6473
6473
6473
6473
6475
6477
6477
6479
6479
6481
6481
6481
6483
6483
6484
6485
6486
6486
6487
6489
6491
6492
6492
6494
6495
6496
6497
6499
6501
6501
6502
6502
6505
6505
6506
6509
6512
6513
6513
6514
6516
6517
6517
6518
6518
6518
6519
6522
6525
6526
6526
6527
6532
6533
6534
6536
6537
6538
6540
6540
6541
6543
6543
6543
6544
6545
6545
6546
6548
6548
6549
6550
6551
6551
6553
6553
6555
6555
6555
6555
6557
6558
6558
6558
6560
6561
6564
6565
6565
6566
6568
6568
6569
6571
6574
6574
6575
6575
6576
6577
6580
6580
6580
6582
6582
6585
6587
6588
6590
6591
6591
6592
6592
6592
6592
6596
6597
6597
6598
6599
6599
6601
6602
6602
6602
6604
6606
6609
6609
6609
6610
6611
6612
6613
6616
6618
6618
6620
6622
6625
6625
6625
6626
6627
6628
6629
6629
6629
6630
6631
6631
6636
6637
6637
6637
6637
6640
6640
6641
6641
6642
6642
6642
6643
6645
6646
6648
6648
6648
6649
6649
6650
6652
6653
6654
6656
6656
6657
6657
6658
6658
6659
6659
6660
6660
6662
6662
6663
6664
6667
6668
6668
6670
6673
6673
6675
6675
6676
6676
6677
6678
6679
6679
6679
6679
6681
6682
6682
6685
6686
6686
6687
6688
6689
6690
6690
6690
6693
6694
6696
6696
6697
6697
6700
6700
6701
6702
6705
6706
6706
6709
6711
6711
6714
6714
6715
6715
6717
6717
6719
6719
6720
6721
6723
6725
6725
6725
6725
6726
6726
6727
6727
6730
6732
6733
6733
6733
6734
6735
6736
6736
6738
6740
6740
6740
6741
6743
6745
6749
6750
6751
6752
6752
6752
6753
6753
6755
6756
6756
6757
6757
6758
6758
6761
6762
6764
6765
6767
6770
6770
6770
6772
6773
6773
6773
6774
6774
6776
6776
6776
6776
6777
6777
6778
6778
6780
6783
6783
6784
6784
6785
6786
6789
6790
6790
6791
6792
6792
6793
6795
6796
6796
6796
6797
6801
6802
6802
6802
6803
6803
6803
6805
6806
6806
6806
6807
6807
6808
6809
6810
6810
6811
6813
6813
6816
6817
6817
6818
6821
6822
6825
6826
6826
6827
6827
6829
6829
6830
6831
6831
6832
6834
6834
6836
6837
6837
6837
6838
6839
6839
6841
6841
6845
6845
6847
6847
6849
6850
6850
6851
6851
6852
6852
6854
6854
6855
6856
6858
6858
6858
6858
6862
6864
6864
6866
6869
6869
6869
6871
6874
6874
6875
6876
6880
6882
6883
6884
6884
6885
6885
6885
6886
6891
6892
6893
6893
6893
6893
6895
6896
6897
6898
6898
6899
6899
6901
6903
6903
6908
6911
6911
6911
6913
6914
6915
6915
6916
6917
6918
6918
6918
6919
6919
6919
6924
6928
6930
6931
6932
6934
6935
6936
6937
6937
6939
6939
6939
6942
6944
6946
6948
6948
6950
6950
6951
6951
6953
6954
6955
6955
6955
6956
6956
6956
6959
6959
6960
6961
6962
6964
6966
6967
6967
6969
6970
6970
6971
6972
6972
6973
6974
6976
6976
6979
6983
6984
6984
6985
6987
6987
6990
6991
6991
6991
6991
6992
6992
6992
6993
6994
6995
6995
6995
6998
6998
7001
7002
7002
7012
7014
7015
7017
7018
7020
7021
7021
7021
7024
7024
7024
7027
7028
7028
7029
7030
7030
7032
7034
7037
7038
7038
7040
7041
7041
7042
7042
7042
7043
7045
7046
7047
7047
7048
7048
7049
7049
7050
7052
7053
7053
7053
7053
7054
7055
7057
7058
7059
7063
7065
7066
7068
7072
7073
7073
7074
7075
7076
7076
7076
7077
7078
7080
7081
7082
7083
7084
7084
7084
7086
7087
7087
7088
7090
7090
7092
7092
7092
7093
7093
7095
7099
7100
7100
7104
7105
7105
7106
7107
7109
7109
7111
7112
7114
7116
7116
7118
7119
7119
7121
7122
7123
7123
7123
7124
7124
7125
7125
7126
7126
7128
7128
7130
7130
7132
7132
7133
7137
7138
7138
7138
7139
7139
7140
7140
7140
7141
7142
7143
7144
7144
7144
7144
7145
7145
7145
7146
7146
7147
7148
7149
7149
7149
7150
7151
7151
7151
7151
7155
7157
7157
7159
7160
7162
7162
7163
7164
7164
7165
7166
7167
7167
7168
7171
7171
7172
7173
7173
7174
7175
7175
7175
7178
7178
7179
7179
7179
7179
7180
7180
7181
7181
7183
7183
7183
7184
7186
7188
7189
7189
7190
7191
7191
7193
7194
7196
7196
7196
7197
7198
7199
7199
7199
7202
7202
7202
7203
7203
7204
7204
7206
7206
7206
7207
7208
7209
7210
7210
7212
7213
7214
7215
7215
7215
7216
7217
7217
7217
7220
7223
7225
7226
7226
7230
7232
7233
7234
7234
7234
7234
7236
7238
7240
7243
7243
7245
7247
7248
7248
7249
7249
7256
7259
7260
7260
7262
7263
7263
7265
7265
7266
7267
7268
7269
7269
7271
7273
7273
7274
7275
7275
7276
7277
7278
7279
7280
7281
7282
7282
7284
7291
7291
7291
7293
7294
7294
7295
7296
7297
7298
7298
7299
7300
7300
7302
7304
7306
7308
7308
7309
7309
7310
7310
7310
7312
7313
7315
7317
7319
7319
7320
7322
7322
7323
7324
7326
7326
7328
7328
7329
7330
7331
7332
7332
7335
7336
7337
7338
7339
7339
7339
7342
7343
7346
7346
7347
7348
7349
7349
7350
7350
7350
7351
7352
7354
7354
7354
7357
7359
7359
7359
7360
7361
7362
7362
7365
7366
7366
7366
7366
7366
7366
7367
7368
7370
7370
7371
7372
7373
7373
7373
7374
7375
7376
7377
7378
7379
7380
7382
7383
7384
7384
7385
7385
7388
7392
7392
7393
7394
7395
7397
7403
7404
7404
7406
7407
7407
7408
7408
7409
7411
7411
7414
7414
7415
7416
7417
7417
7417
7418
7418
7419
7420
7420
7421
7422
7422
7424
7424
7425
7425
7428
7431
7432
7432
7432
7432
7433
7433
7435
7436
7436
7436
7437
7439
7441
7441
7442
7442
7443
7443
7443
7445
7447
7448
7448
7449
7450
7450
7450
7450
7455
7457
7459
7461
7461
7462
7466
7466
7467
7467
7467
7468
7468
7470
7470
7471
7472
7473
7473
7474
7475
7476
7476
7477
7480
7482
7482
7482
7483
7483
7484
7485
7487
7488
7488
7489
7489
7489
7492
7493
7494
7494
7495
7498
7499
7501
7502
7502
7503
7503
7505
7506
7508
7508
7508
7509
7509
7509
7509
7515
7515
7517
7517
7520
7521
7523
7524
7525
7526
7527
7527
7528
7529
7530
7531
7531
7531
7531
7535
7535
7536
7536
7538
7541
7542
7543
7543
7544
7544
7545
7545
7546
7546
7546
7549
7550
7551
7551
7551
7552
7552
7553
7554
7555
7555
7556
7559
7561
7561
7562
7562
7562
7563
7566
7568
7569
7569
7570
7571
7571
7572
7573
7575
7576
7576
7576
7578
7580
7582
7585
7587
7587
7588
7588
7588
7589
7590
7590
7591
7593
7594
7596
7596
7597
7598
7600
7600
7600
7600
7601
7604
7605
7605
7605
7606
7606
7607
7607
7607
7608
7610
7611
7612
7612
7614
7614
7614
7614
7615
7615
7617
7617
7617
7617
7618
7618
7619
7619
7620
7620
7621
7622
7622
7622
7624
7624
7624
7625
7625
7625
7626
7626
7628
7628
7631
7631
7632
7632
7633
7634
7636
7636
7636
7637
7637
7638
7639
7640
7640
7641
7643
7647
7647
7647
7648
7648
7649
7651
7651
7651
7654
7655
7656
7656
7656
7657
7659
7660
7660
7661
7663
7663
7663
7664
7664
7665
7666
7666
7667
7672
7674
7675
7677
7680
7680
7680
7680
7682
7683
7683
7684
7684
7685
7685
7687
7688
7688
7688
7689
7691
7692
7692
7694
7695
7695
7696
7697
7697
7700
7704
7705
7706
7706
7707
7708
7708
7709
7712
7712
7712
7713
7713
7714
7715
7715
7715
7715
7718
7721
7723
7723
7723
7724
7725
7725
7726
7727
7728
7728
7730
7730
7730
7732
7733
7734
7735
7736
7737
7737
7738
7739
7741
7741
7742
7743
7743
7743
7744
7745
7746
7749
7750
7750
7751
7752
7754
7755
7755
7756
7758
7758
7759
7760
7760
7764
7764
7765
7765
7766
7768
7769
7769
7769
7769
7770
7770
7775
7778
7779
7779
7780
7783
7785
7786
7787
7787
7788
7788
7789
7790
7790
7790
7790
7791
7792
7792
7794
7795
7799
7802
7802
7803
7803
7804
7807
7811
7813
7813
7813
7813
7814
7817
7820
7825
7826
7827
7827
7828
7829
7830
7832
7832
7832
7833
7833
7834
7838
7838
7839
7839
7839
7840
7841
7842
7842
7843
7843
7845
7848
7849
7850
7853
7853
7853
7854
7854
7855
7856
7857
7857
7858
7860
7862
7863
7865
7865
7868
7870
7871
7872
7873
7874
7875
7876
7877
7878
7879
7880
7883
7883
7884
7884
7885
7886
7890
7891
7891
7891
7891
7892
7892
7892
7894
7894
7895
7896
7897
7898
7898
7899
7900
7900
7901
7903
7909
7909
7910
7910
7910
7910
7911
7911
7913
7913
7916
7919
7920
7921
7921
7922
7923
7924
7924
7924
7926
7927
7929
7931
7931
7931
7933
7934
7934
7935
7940
7940
7941
7941
7942
7942
7943
7944
7944
7945
7946
7947
7949
7949
7950
7952
7953
7955
7956
7957
7957
7961
7961
7961
7962
7965
7966
7966
7967
7967
7967
7970
7971
7971
7971
7974
7976
7976
7977
7978
7978
7979
7979
7979
7981
7982
7985
7986
7989
7989
7990
7990
7990
7991
7992
7993
7995
7995
7996
7998
7999
8000
8000
8000
8002
8003
8005
8006
8006
8007
8008
8009
8009
8011
8011
8012
8013
8013
8013
8016
8017
8018
8020
8021
8023
8024
8027
8027
8029
8030
8031
8032
8033
8033
8033
8038
8038
8040
8040
8042
8044
8044
8044
8047
8048
8048
8049
8049
8050
8050
8051
8051
8051
8051
8052
8052
8054
8054
8054
8058
8058
8059
8059
8061
8062
8063
8064
8066
8066
8067
8067
8068
8069
8070
8072
8074
8074
8075
8075
8075
8075
8076
8077
8077
8077
8078
8079
8079
8083
8083
8083
8083
8085
8085
8086
8088
8090
8090
8091
8091
8092
8095
8095
8096
8098
8098
8101
8101
8102
8103
8104
8104
8106
8109
8109
8110
8110
8112
8112
8113
8113
8114
8115
8116
8116
8117
8117
8118
8118
8120
8122
8122
8122
8123
8125
8126
8126
8127
8128
8129
8129
8130
8131
8132
8133
8133
8133
8134
8135
8135
8135
8137
8137
8138
8139
8141
8141
8143
8145
8146
8147
8147
8147
8147
8148
8148
8152
8152
8152
8153
8153
8153
8154
8155
8156
8156
8157
8157
8158
8160
8162
8163
8164
8165
8167
8167
8167
8168
8168
8170
8170
8170
8170
8171
8173
8174
8175
8175
8177
8177
8181
8182
8182
8182
8183
8184
8184
8185
8186
8187
8188
8190
8191
8191
8194
8195
8195
8198
8199
8200
8201
8202
8202
8204
8206
8208
8208
8209
8211
8211
8214
8215
8215
8216
8216
8220
8220
8220
8220
8221
8221
8221
8222
8223
8223
8224
8224
8224
8225
8226
8227
8227
8227
8228
8228
8230
8233
8234
8236
8236
8240
8240
8242
8244
8244
8245
8245
8246
8247
8248
8249
8249
8249
8250
8252
8253
8255
8255
8257
8258
8259
8259
8262
8262
8263
8263
8265
8267
8267
8271
8273
8274
8276
8277
8277
8279
8281
8281
8282
8286
8287
8287
8288
8288
8288
8290
8290
8292
8293
8293
8294
8295
8295
8295
8296
8297
8298
8299
8299
8301
8302
8302
8303
8303
8303
8305
8306
8307
8307
8307
8310
8310
8311
8312
8312
8312
8315
8317
8319
8319
8320
8322
8323
8325
8326
8326
8327
8327
8327
8331
8331
8331
8332
8332
8336
8338
8344
8344
8344
8345
8345
8345
8346
8346
8346
8348
8349
8350
8351
8351
8352
8353
8355
8357
8357
8358
8358
8359
8359
8359
8360
8361
8361
8363
8363
8365
8366
8368
8368
8370
8370
8370
8370
8370
8371
8373
8375
8377
8377
8377
8378
8380
8380
8382
8383
8385
8386
8386
8387
8388
8389
8390
8390
8390
8393
8394
8394
8395
8396
8396
8397
8397
8397
8398
8399
8399
8400
8402
8402
8402
8403
8406
8406
8408
8410
8411
8413
8414
8416
8417
8417
8419
8420
8420
8421
8422
8423
8424
8424
8428
8428
8429
8429
8430
8432
8435
8436
8436
8436
8438
8439
8439
8441
8441
8441
8444
8445
8446
8447
8447
8449
8450
8452
8452
8454
8454
8455
8457
8458
8464
8464
8464
8464
8465
8466
8467
8467
8467
8469
8469
8470
8470
8470
8471
8472
8472
8473
8474
8474
8477
8478
8479
8479
8480
8482
8483
8483
8483
8483
8485
8485
8486
8486
8486
8487
8488
8488
8488
8490
8494
8496
8496
8499
8501
8502
8503
8504
8506
8506
8507
8508
8508
8510
8512
8515
8519
8519
8522
8522
8523
8524
8527
8527
8528
8528
8529
8529
8530
8533
8535
8536
8536
8538
8541
8541
8543
8544
8545
8546
8550
8550
8552
8552
8553
8554
8555
8555
8555
8555
8559
8560
8560
8560
8562
8562
8564
8566
8567
8568
8569
8570
8571
8571
8571
8571
8572
8573
8574
8576
8578
8580
8580
8581
8582
8582
8583
8586
8587
8588
8588
8589
8590
8591
8591
8591
8593
8595
8596
8596
8597
8599
8602
8604
8605
8606
8607
8608
8610
8612
8613
8613
8613
8614
8614
8615
8615
8615
8616
8616
8617
8617
8619
8619
8623
8623
8624
8626
8627
8627
8628
8628
8628
8629
8629
8630
8633
8633
8634
8635
8635
8636
8637
8638
8639
8639
8640
8641
8641
8643
8643
8644
8646
8648
8650
8650
8650
8650
8652
8654
8656
8657
8657
8657
8657
8661
8664
8664
8664
8666
8667
8667
8667
8668
8668
8668
8669
8669
8669
8671
8671
8674
8675
8675
8676
8678
8678
8679
8679
8680
8680
8681
8682
8685
8685
8686
8687
8688
8689
8690
8691
8692
8693
8694
8696
8698
8698
8702
8703
8703
8704
8706
8706
8707
8709
8710
8711
8711
8712
8712
8712
8713
8714
8714
8716
8717
8719
8719
8720
8728
8728
8733
8734
8736
8738
8739
8739
8742
8743
8743
8744
8744
8745
8745
8745
8748
8748
8748
8749
8749
8751
8753
8753
8755
8756
8756
8757
8758
8758
8758
8758
8762
8763
8763
8763
8764
8764
8764
8765
8765
8770
8772
8773
8773
8773
8774
8775
8775
8776
8777
8778
8779
8779
8780
8780
8781
8783
8784
8784
8784
8785
8786
8787
8788
8789
8790
8790
8791
8791
8791
8792
8792
8793
8793
8794
8794
8799
8799
8803
8803
8805
8805
8805
8806
8806
8809
8810
8810
8811
8812
8813
8813
8813
8814
8814
8815
8816
8816
8817
8817
8817
8818
8818
8818
8819
8820
8820
8820
8822
8823
8824
8825
8825
8826
8827
8829
8829
8832
8832
8833
8837
8838
8842
8843
8843
8843
8844
8844
8845
8846
8846
8847
8848
8848
8849
8849
8850
8851
8852
8853
8855
8855
8857
8858
8859
8860
8861
8861
8866
8867
8868
8869
8870
8870
8871
8873
8875
8875
8877
8877
8878
8879
8879
8879
8880
8882
8883
8885
8886
8888
8889
8889
8889
8891
8891
8892
8893
8894
8898
8901
8901
8902
8903
8904
8905
8905
8906
8907
8908
8908
8911
8911
8912
8913
8913
8913
8916
8917
8918
8918
8919
8919
8919
8920
8921
8921
8922
8922
8926
8926
8926
8927
8928
8931
8935
8935
8935
8935
8935
8938
8938
8938
8940
8940
8941
8941
8943
8945
8945
8946
8946
8946
8947
8948
8951
8951
8951
8954
8956
8957
8958
8959
8960
8960
8963
8966
8966
8968
8970
8971
8971
8971
8972
8972
8972
8974
8974
8977
8978
8980
8981
8982
8982
8982
8984
8984
8984
8985
8985
8985
8985
8986
8988
8988
8989
8990
8991
8997
8998
8998
9001
9002
9002
9004
9004
9005
9005
9006
9006
9007
9007
9007
9009
9009
9011
9011
9011
9012
9013
9013
9013
9014
9016
9016
9018
9018
9019
9019
9021
9026
9026
9029
9029
9030
9033
9034
9034
9038
9038
9040
9040
9040
9041
9041
9042
9043
9045
9046
9046
9048
9051
9051
9052
9052
9053
9055
9055
9056
9056
9057
9060
9060
9061
9061
9062
9062
9062
9063
9064
9065
9065
9066
9068
9069
9069
9069
9070
9070
9070
9070
9071
9071
9071
9073
9073
9074
9078
9079
9080
9083
9083
9085
9086
9087
9087
9088
9088
9089
9089
9091
9093
9095
9096
9097
9097
9098
9098
9099
9099
9099
9100
9101
9102
9102
9102
9104
9106
9107
9108
9109
9111
9113
9113
9114
9115
9117
9117
9117
9118
9118
9118
9119
9120
9121
9122
9122
9123
9123
9123
9124
9127
9127
9128
9129
9130
9130
9132
9132
9133
9133
9134
9135
9136
9138
9138
9138
9139
9140
9141
9141
9141
9141
9141
9142
9142
9143
9146
9147
9147
9149
9150
9151
9152
9153
9155
9155
9155
9157
9157
9157
9158
9158
9159
9159
9160
9163
9164
9164
9164
9166
9167
9168
9168
9169
9169
9170
9171
9173
9173
9174
9174
9175
9175
9178
9180
9181
9181
9182
9183
9186
9186
9187
9187
9188
9189
9190
9192
9194
9195
9195
9195
9196
9197
9199
9202
9202
9202
9202
9203
9203
9204
9205
9205
9206
9206
9208
9209
9209
9209
9210
9213
9216
9217
9217
9219
9219
9219
9219
9221
9221
9222
9222
9222
9223
9224
9228
9228
9228
9229
9230
9231
9232
9232
9234
9235
9235
9236
9236
9236
9236
9236
9238
9238
9238
9238
9239
9239
9241
9242
9242
9243
9245
9246
9247
9247
9247
9248
9249
9249
9250
9251
9252
9253
9255
9255
9256
9256
9257
9258
9259
9259
9260
9260
9260
9261
9261
9263
9264
9265
9265
9265
9266
9268
9269
9269
9270
9271
9271
9275
9278
9278
9279
9280
9282
9283
9283
9287
9287
9287
9289
9289
9289
9289
9289
9290
9291
9292
9293
9293
9293
9295
9296
9296
9297
9298
9299
9299
9300
9302
9304
9305
9305
9305
9309
9309
9309
9309
9312
9312
9314
9316
9316
9319
9323
9324
9324
9326
9327
9327
9329
9330
9331
9331
9332
9335
9336
9337
9337
9339
9339
9340
9340
9340
9340
9341
9343
9343
9345
9346
9346
9347
9347
9348
9348
9349
9353
9354
9355
9356
9356
9359
9359
9360
9360
9360
9362
9364
9364
9364
9365
9366
9367
9367
9367
9369
9371
9371
9371
9372
9373
9375
9375
9377
9379
9380
9381
9381
9382
9382
9383
9383
9383
9385
9386
9387
9387
9387
9388
9389
9390
9391
9392
9392
9392
9393
9394
9395
9395
9396
9396
9397
9400
9403
9404
9405
9405
9406
9407
9408
9408
9410
9417
9418
9418
9419
9420
9421
9421
9424
9425
9425
9426
9429
9430
9430
9430
9433
9434
9434
9435
9436
9437
9439
9441
9444
9445
9447
9447
9451
9455
9456
9456
9460
9460
9461
9461
9461
9462
9462
9462
9462
9463
9463
9464
9466
9466
9471
9472
9472
9474
9475
9478
9478
9479
9479
9480
9482
9482
9482
9483
9485
9485
9485
9486
9486
9487
9488
9488
9489
9490
9490
9492
9492
9497
9499
9499
9499
9502
9503
9505
9506
9506
9508
9511
9511
9511
9512
9512
9513
9513
9513
9517
9518
9518
9520
9521
9521
9522
9523
9524
9524
9525
9526
9527
9527
9527
9531
9531
9533
9533
9533
9534
9535
9536
9536
9538
9539
9540
9541
9541
9541
9543
9543
9543
9544
9545
9545
9545
9547
9548
9550
9551
9554
9555
9558
9558
9558
9560
9562
9564
9565
9567
9568
9569
9569
9571
9572
9574
9575
9578
9579
9580
9580
9580
9581
9581
9584
9585
9586
9590
9590
9591
9591
9592
9596
9596
9600
9601
9602
9603
9604
9604
9604
9605
9606
9607
9607
9608
9608
9610
9610
9611
9612
9613
9614
9614
9616
9616
9617
9618
9618
9619
9623
9625
9627
9629
9630
9631
9631
9632
9634
9636
9637
9637
9638
9639
9639
9640
9641
9643
9644
9645
9646
9646
9648
9649
9653
9654
9654
9656
9657
9658
9659
9660
9661
9661
9662
9662
9663
9663
9664
9664
9665
9667
9669
9671
9672
9673
9675
9675
9676
9679
9679
9679
9679
9680
9681
9681
9682
9682
9683
9686
9690
9691
9692
9692
9693
9694
9694
9696
9696
9697
9699
9699
9700
9701
9703
9704
9705
9707
9709
9710
9713
9713
9714
9715
9716
9716
9717
9718
9718
9719
9720
9720
9721
9721
9724
9724
9724
9726
9728
9728
9729
9732
9733
9733
9735
9736
9736
9736
9737
9739
9740
9740
9741
9743
9743
9744
9744
9745
9746
9747
9747
9748
9749
9749
9750
9752
9752
9753
9753
9755
9756
9757
9760
9763
9763
9764
9766
9766
9766
9767
9768
9768
9768
9769
9769
9771
9773
9773
9775
9777
9778
9778
9778
9780
9781
9783
9784
9784
9786
9786
9786
9787
9787
9790
9792
9793
9793
9794
9796
9796
9796
9799
9801
9802
9803
9803
9804
9805
9805
9806
9806
9810
9810
9811
9812
9813
9813
9814
9814
9814
9815
9816
9816
9818
9818
9821
9821
9822
9822
9822
9824
9825
9826
9827
9828
9828
9829
9830
9831
9831
9831
9832
9832
9832
9833
9834
9834
9835
9836
9836
9836
9837
9837
9837
9838
9839
9839
9841
9841
9841
9841
9841
9842
9843
9843
9844
9844
9844
9845
9845
9845
9846
9848
9849
9849
9850
9850
9851
9851
9853
9853
9854
9855
9857
9858
9859
9860
9862
9862
9863
9863
9865
9866
9867
9868
9868
9870
9874
9875
9877
9879
9881
9884
9885
9887
9888
9890
9891
9891
9892
9893
9896
9896
9897
9898
9899
9899
9900
9902
9902
9904
9904
9905
9906
9907
9907
9908
9908
9909
9910
9911
9915
9915
9916
9917
9917
9917
9918
9919
9919
9920
9920
9921
9923
9924
9925
9926
9929
9930
9931
9932
9934
9935
9939
9941
9942
9943
9944
9945
9945
9947
9948
9949
9950
9952
9953
9954
9954
9957
9958
9958
9959
9960
9961
9961
9961
9962
9963
9964
9965
9965
9966
9967
9972
9975
9975
9976
9978
9978
9980
9986
9986
9987
9990
9993
9993
9997
9997
9998
9998
9998
9999
9999
