0
0
1
1
1
2
3
3
9
9
12
17
17
18
18
19
20
24
24
25
26
30
30
31
31
31
32
33
33
34
34
34
38
38
39
41
42
43
43
43
44
45
47
49
50
50
50
50
50
51
53
53
55
56
58
59
61
63
63
65
66
69
70
74
74
76
78
78
79
79
80
81
81
81
88
88
91
92
92
93
93
95
95
96
96
98
99
99
100
101
103
105
106
107
108
110
112
112
113
113
113
116
117
117
118
119
121
122
123
123
124
125
125
127
129
131
132
132
135
135
135
135
135
136
136
136
139
139
140
140
140
141
141
142
143
143
144
146
146
149
150
152
152
152
153
155
157
158
161
162
164
165
165
167
168
172
175
175
176
176
179
184
185
185
186
186
187
189
190
190
190
192
193
194
196
196
196
197
198
198
199
200
201
202
203
203
205
205
205
206
208
211
211
212
214
215
216
216
219
220
221
222
223
225
227
229
232
234
236
237
239
239
242
242
244
245
246
247
248
248
250
251
251
252
252
253
255
257
261
261
263
263
263
265
266
268
272
272
273
273
274
274
275
276
278
279
279
280
283
284
284
285
286
288
288
291
291
292
293
294
294
295
295
296
297
297
299
299
300
301
302
303
303
304
304
306
308
309
310
310
312
312
312
313
316
316
317
318
319
320
320
322
322
324
325
328
328
328
328
328
330
331
331
332
333
334
334
335
337
341
342
343
345
346
347
347
349
350
350
350
352
353
354
358
358
360
360
361
362
363
365
366
367
367
367
368
369
370
373
374
374
374
376
379
380
380
382
382
384
384
385
385
386
386
386
389
389
390
391
392
392
395
395
395
396
397
399
400
401
402
405
405
405
406
407
408
408
409
409
410
410
411
412
412
413
413
415
417
419
420
421
421
421
422
423
423
424
424
425
427
427
429
430
431
431
433
434
434
435
436
437
438
438
438
439
439
442
444
444
447
448
450
451
451
451
453
453
453
453
454
456
456
457
458
459
460
461
462
462
463
463
463
465
466
468
470
470
471
472
472
476
476
477
477
480
481
482
482
483
484
484
485
487
487
488
491
492
493
494
496
496
497
497
497
497
499
500
500
502
503
504
504
505
506
507
508
508
509
509
509
510
511
511
513
514
516
516
516
517
520
521
522
523
524
525
526
527
528
528
529
530
531
531
533
534
534
536
537
537
537
538
538
539
540
541
541
543
543
544
546
547
548
549
549
549
550
550
551
552
553
555
556
558
560
562
563
564
564
566
566
567
569
570
570
571
571
571
572
572
574
575
576
579
581
582
582
583
583
586
588
590
591
591
592
593
593
595
595
595
597
598
598
598
599
599
600
600
600
602
602
605
606
607
608
608
608
609
609
609
611
613
614
614
616
618
619
620
621
621
622
623
623
623
623
626
626
627
628
628
630
631
633
634
634
635
637
640
640
641
642
643
643
644
644
646
647
648
650
651
652
653
653
655
655
656
656
659
659
659
659
660
661
662
662
663
663
665
666
666
666
669
669
670
674
675
675
676
676
679
680
680
685
685
685
686
686
686
687
687
688
688
688
689
690
690
694
695
696
698
699
699
701
701
701
703
704
705
705
706
707
707
708
709
710
710
711
711
712
712
713
714
715
716
719
719
719
719
720
720
721
721
723
723
724
727
727
727
729
729
731
731
735
736
736
737
738
738
738
739
740
741
742
742
742
745
746
746
746
748
748
749
750
750
750
754
754
754
755
756
756
759
760
760
762
763
765
769
770
773
774
775
776
778
778
779
781
781
782
785
785
786
786
787
787
787
789
791
791
792
794
794
794
794
796
796
796
799
799
799
799
802
802
803
804
807
809
810
810
811
812
812
813
813
813
813
814
815
815
815
815
817
818
819
820
820
820
821
822
823
825
825
828
828
830
831
832
833
834
834
835
836
836
838
838
840
840
841
842
843
843
844
844
845
847
847
848
848
849
849
851
852
852
853
853
853
853
854
855
855
857
858
860
860
863
863
864
868
869
870
871
872
875
876
877
877
878
880
882
883
883
884
884
884
885
885
887
888
890
891
892
894
895
896
897
900
900
901
903
904
905
906
908
908
910
910
911
911
911
912
913
913
914
914
915
916
916
918
918
918
919
920
920
923
924
928
928
929
929
930
932
932
933
933
933
934
934
938
939
941
941
942
943
944
944
945
945
948
949
949
949
950
952
955
956
958
959
959
960
961
962
964
965
965
965
965
966
967
969
971
973
973
975
976
976
977
977
977
978
978
981
982
982
983
984
987
987
988
988
989
990
990
991
991
992
993
996
998
999
999
1002
1002
1002
1002
1003
1004
1004
1006
1006
1007
1007
1008
1008
1008
1010
1010
1010
1011
1011
1015
1016
1017
1019
1020
1024
1025
1026
1031
1032
1032
1035
1035
1035
1038
1038
1040
1041
1041
1041
1044
1044
1046
1047
1047
1047
1048
1049
1050
1051
1052
1052
1052
1052
1054
1054
1057
1058
1059
1060
1060
1060
1062
1064
1066
1068
1069
1069
1070
1071
1071
1072
1073
1074
1075
1076
1077
1080
1082
1082
1084
1085
1086
1088
1088
1088
1089
1089
1090
1091
1092
1093
1093
1095
1096
1096
1097
1098
1099
1099
1100
1100
1101
1101
1101
1102
1104
1104
1105
1106
1110
1113
1114
1118
1118
1119
1120
1122
1122
1123
1124
1126
1127
1127
1130
1130
1131
1131
1133
1133
1134
1135
1136
1139
1140
1141
1142
1144
1146
1147
1149
1149
1149
1150
1151
1152
1159
1161
1161
1162
1162
1163
1163
1163
1167
1167
1169
1169
1173
1174
1175
1176
1177
1178
1179
1179
1179
1182
1182
1182
1184
1184
1189
1192
1193
1194
1195
1195
1196
1197
1197
1198
1199
1199
1201
1202
1203
1203
1203
1204
1205
1208
1208
1209
1212
1213
1215
1215
1215
1215
1218
1221
1222
1223
1223
1229
1229
1231
1232
1236
1236
1238
1239
1240
1240
1240
1241
1243
1244
1244
1244
1245
1245
1246
1247
1248
1248
1249
1250
1251
1251
1252
1253
1253
1254
1256
1257
1262
1263
1263
1263
1266
1267
1268
1268
1269
1270
1270
1271
1271
1273
1274
1275
1275
1276
1277
1279
1279
1280
1282
1282
1282
1284
1285
1286
1287
1287
1288
1289
1289
1289
1290
1290
1290
1291
1293
1293
1294
1295
1295
1295
1295
1297
1301
1306
1308
1312
1313
1313
1314
1314
1315
1315
1316
1318
1318
1319
1325
1327
1327
1327
1328
1328
1329
1330
1331
1333
1334
1334
1336
1338
1338
1340
1340
1340
1341
1341
1342
1342
1344
1345
1345
1346
1347
1349
1350
1351
1351
1355
1356
1357
1358
1359
1359
1360
1361
1362
1362
1363
1364
1364
1365
1367
1368
1368
1368
1370
1370
1370
1372
1372
1372
1373
1374
1374
1375
1376
1377
1378
1378
1379
1379
1380
1380
1383
1383
1383
1386
1389
1390
1392
1392
1393
1393
1393
1394
1395
1395
1396
1396
1396
1396
1396
1397
1397
1400
1401
1402
1404
1404
1404
1406
1406
1408
1408
1410
1413
1414
1414
1415
1416
1417
1418
1418
1419
1420
1422
1423
1424
1426
1427
1430
1431
1431
1432
1432
1434
1435
1435
1436
1437
1438
1438
1439
1439
1440
1441
1443
1446
1448
1449
1449
1450
1453
1454
1456
1457
1460
1462
1464
1465
1465
1465
1466
1466
1467
1467
1469
1469
1470
1470
1472
1472
1472
1472
1473
1474
1474
1476
1477
1477
1478
1478
1478
1478
1478
1480
1481
1481
1483
1486
1488
1488
1488
1489
1491
1491
1492
1492
1494
1496
1497
1497
1497
1499
1499
1501
1501
1501
1501
1504
1505
1507
1509
1509
1510
1510
1510
1513
1516
1517
1523
1524
1524
1525
1525
1527
1527
1530
1532
1533
1534
1535
1536
1538
1539
1541
1542
1542
1543
1543
1543
1543
1544
1546
1548
1548
1548
1548
1549
1550
1551
1552
1553
1554
1554
1554
1555
1555
1558
1559
1559
1561
1561
1563
1564
1565
1566
1567
1569
1571
1571
1574
1574
1575
1576
1576
1579
1584
1585
1585
1585
1586
1587
1587
1587
1588
1588
1588
1589
1589
1591
1591
1594
1594
1595
1595
1598
1598
1599
1601
1602
1602
1603
1603
1604
1605
1605
1606
1606
1608
1609
1609
1610
1613
1619
1619
1619
1620
1620
1620
1620
1620
1620
1620
1622
1622
1623
1624
1624
1625
1626
1626
1627
1627
1628
1629
1630
1631
1632
1632
1634
1634
1634
1639
1644
1645
1646
1647
1651
1651
1652
1652
1654
1654
1654
1655
1656
1656
1657
1657
1659
1659
1659
1660
1663
1664
1665
1665
1668
1669
1669
1669
1670
1671
1671
1672
1674
1675
1677
1677
1678
1679
1679
1680
1684
1686
1686
1687
1687
1689
1689
1689
1690
1690
1691
1692
1694
1695
1696
1696
1697
1698
1698
1701
1702
1703
1704
1705
1705
1705
1706
1708
1710
1711
1715
1716
1717
1718
1719
1719
1719
1721
1722
1723
1724
1726
1727
1729
1731
1731
1731
1733
1734
1737
1739
1740
1741
1742
1742
1743
1744
1744
1744
1744
1745
1747
1749
1750
1750
1751
1752
1753
1753
1754
1757
1757
1758
1758
1762
1762
1762
1762
1763
1768
1769
1770
1770
1772
1774
1775
1776
1776
1777
1779
1779
1782
1782
1782
1782
1783
1784
1787
1787
1787
1788
1788
1789
1790
1790
1790
1790
1790
1790
1790
1791
1791
1792
1794
1794
1794
1794
1795
1795
1796
1796
1796
1798
1799
1800
1802
1805
1805
1807
1808
1809
1810
1811
1811
1812
1812
1814
1815
1816
1816
1816
1816
1817
1818
1818
1818
1819
1820
1821
1823
1823
1824
1824
1824
1825
1825
1825
1826
1827
1829
1829
1830
1831
1831
1832
1833
1834
1836
1837
1838
1839
1839
1839
1840
1840
1840
1841
1841
1841
1843
1844
1845
1845
1848
1848
1851
1853
1854
1855
1856
1857
1857
1859
1860
1861
1862
1862
1863
1864
1865
1866
1867
1870
1873
1873
1874
1874
1874
1877
1878
1879
1879
1880
1881
1882
1882
1883
1884
1884
1884
1889
1889
1889
1890
1891
1892
1893
1893
1896
1896
1897
1898
1898
1898
1899
1900
1902
1904
1905
1905
1907
1909
1911
1911
1911
1913
1914
1915
1915
1916
1917
1918
1918
1920
1921
1921
1922
1923
1925
1925
1925
1925
1928
1928
1929
1931
1933
1934
1934
1934
1936
1937
1940
1941
1941
1942
1942
1942
1946
1946
1947
1947
1949
1949
1949
1950
1952
1952
1954
1955
1955
1956
1956
1956
1956
1957
1958
1959
1960
1961
1961
1962
1963
1963
1963
1967
1968
1968
1968
1969
1969
1970
1970
1971
1972
1974
1974
1975
1975
1976
1977
1978
1978
1978
1981
1981
1982
1983
1984
1985
1985
1985
1985
1987
1990
1993
1993
1994
1995
1996
1996
1997
2001
2001
2004
2004
2005
2007
2007
2011
2012
2012
2014
2015
2017
2017
2018
2019
2019
2019
2020
2020
2021
2022
2024
2025
2025
2025
2026
2026
2026
2026
2026
2029
2030
2030
2036
2036
2036
2038
2038
2040
2040
2040
2040
2043
2043
2044
2045
2046
2048
2049
2053
2053
2053
2055
2056
2058
2059
2059
2059
2059
2060
2060
2060
2061
2063
2063
2063
2065
2066
2066
2068
2071
2071
2072
2077
2078
2078
2078
2078
2080
2080
2082
2082
2082
2086
2086
2088
2088
2089
2089
2089
2090
2092
2093
2094
2094
2095
2097
2098
2098
2099
2099
2099
2101
2102
2104
2106
2107
2107
2107
2108
2108
2110
2110
2110
2111
2112
2115
2117
2120
2120
2121
2121
2121
2122
2122
2123
2126
2127
2127
2128
2130
2131
2132
2133
2133
2133
2134
2135
2135
2137
2138
2138
2140
2140
2140
2140
2141
2142
2142
2143
2143
2144
2144
2145
2145
2145
2147
2149
2151
2151
2152
2152
2154
2156
2156
2157
2157
2160
2161
2162
2164
2165
2169
2170
2171
2171
2171
2173
2174
2174
2175
2175
2175
2175
2176
2176
2177
2177
2180
2180
2181
2182
2183
2185
2187
2188
2189
2191
2192
2193
2194
2195
2198
2199
2199
2202
2202
2203
2203
2204
2205
2205
2206
2207
2207
2208
2211
2211
2212
2213
2213
2214
2216
2218
2218
2218
2219
2221
2223
2223
2223
2224
2224
2225
2226
2227
2230
2233
2235
2239
2240
2243
2243
2244
2245
2246
2247
2247
2247
2247
2247
2248
2248
2249
2250
2252
2254
2258
2258
2261
2262
2263
2265
2266
2268
2268
2269
2273
2273
2274
2274
2274
2278
2280
2280
2282
2288
2290
2294
2294
2296
2298
2298
2299
2299
2301
2302
2302
2302
2303
2303
2304
2304
2305
2305
2306
2306
2307
2308
2308
2311
2312
2313
2316
2317
2317
2320
2320
2321
2321
2324
2325
2326
2327
2328
2330
2333
2333
2334
2335
2335
2335
2336
2336
2337
2338
2338
2340
2340
2340
2342
2343
2346
2346
2347
2348
2350
2353
2353
2354
2355
2356
2356
2357
2357
2358
2358
2359
2361
2361
2361
2366
2366
2366
2368
2368
2369
2370
2372
2373
2373
2373
2374
2374
2375
2375
2379
2381
2384
2386
2386
2386
2387
2388
2390
2391
2391
2393
2396
2397
2397
2397
2397
2398
2398
2398
2398
2403
2406
2406
2407
2408
2410
2411
2411
2415
2416
2418
2419
2420
2421
2421
2422
2425
2426
2427
2429
2429
2431
2431
2432
2433
2433
2433
2434
2435
2436
2438
2438
2439
2440
2442
2442
2446
2446
2447
2448
2449
2449
2449
2450
2451
2452
2453
2454
2454
2454
2455
2458
2459
2459
2459
2461
2462
2462
2464
2464
2465
2466
2467
2468
2469
2470
2470
2470
2473
2476
2477
2479
2481
2481
2481
2483
2483
2483
2485
2486
2486
2487
2489
2490
2490
2491
2491
2492
2493
2493
2494
2496
2497
2497
2500
2500
2503
2504
2506
2506
2507
2507
2507
2508
2509
2510
2510
2513
2514
2515
2515
2516
2520
2521
2521
2521
2521
2521
2522
2522
2523
2525
2526
2527
2527
2528
2530
2530
2530
2532
2532
2535
2536
2537
2540
2542
2542
2544
2544
2544
2546
2546
2548
2551
2551
2552
2554
2555
2555
2555
2558
2563
2565
2566
2566
2569
2569
2570
2571
2571
2572
2574
2574
2575
2575
2576
2576
2577
2577
2580
2582
2583
2583
2585
2585
2586
2587
2589
2590
2590
2591
2592
2592
2592
2593
2594
2595
2595
2597
2597
2599
2600
2600
2600
2601
2601
2601
2602
2602
2603
2604
2605
2607
2607
2608
2608
2610
2610
2611
2611
2613
2614
2616
2617
2617
2617
2617
2618
2619
2620
2622
2622
2623
2627
2627
2627
2629
2629
2630
2630
2630
2631
2634
2634
2635
2635
2638
2640
2642
2643
2643
2646
2646
2647
2647
2647
2647
2649
2650
2650
2652
2654
2655
2656
2656
2656
2657
2657
2657
2657
2658
2658
2659
2661
2662
2662
2663
2664
2664
2665
2665
2667
2669
2671
2671
2674
2674
2677
2677
2677
2680
2680
2683
2686
2686
2686
2686
2688
2690
2694
2698
2698
2698
2698
2699
2700
2701
2701
2702
2702
2704
2705
2707
2707
2707
2708
2708
2708
2710
2711
2711
2712
2713
2713
2713
2714
2716
2716
2717
2718
2719
2721
2722
2723
2725
2725
2726
2727
2728
2728
2729
2731
2732
2734
2734
2735
2735
2736
2737
2737
2739
2740
2741
2742
2744
2744
2746
2746
2747
2747
2747
2748
2749
2749
2751
2751
2752
2752
2754
2755
2756
2757
2761
2762
2763
2765
2767
2767
2769
2769
2770
2770
2771
2772
2772
2772
2772
2773
2774
2776
2778
2780
2781
2782
2782
2783
2783
2783
2783
2784
2785
2785
2787
2793
2794
2794
2795
2797
2798
2799
2800
2801
2803
2806
2807
2808
2809
2809
2809
2812
2814
2814
2815
2815
2815
2816
2817
2819
2822
2823
2824
2824
2825
2826
2829
2830
2833
2833
2835
2836
2836
2840
2841
2841
2843
2843
2844
2844
2844
2845
2845
2848
2848
2849
2850
2852
2852
2853
2853
2853
2854
2855
2855
2856
2856
2858
2858
2859
2862
2863
2863
2864
2865
2865
2865
2866
2869
2870
2870
2870
2871
2872
2873
2874
2874
2874
2875
2875
2876
2876
2877
2878
2878
2879
2879
2885
2885
2886
2886
2886
2890
2890
2890
2892
2894
2896
2896
2898
2898
2901
2902
2903
2904
2905
2905
2907
2910
2910
2912
2913
2915
2916
2916
2917
2918
2919
2920
2921
2922
2922
2923
2923
2924
2925
2926
2926
2930
2932
2934
2934
2935
2937
2937
2938
2948
2948
2949
2949
2950
2951
2951
2952
2953
2953
2954
2957
2958
2959
2961
2961
2962
2963
2964
2964
2964
2966
2967
2967
2968
2969
2972
2972
2972
2973
2973
2974
2975
2977
2977
2979
2979
2979
2981
2981
2981
2982
2983
2984
2984
2985
2987
2989
2990
2991
2992
2994
2996
2997
2999
3002
3005
3006
3007
3008
3008
3010
3011
3013
3014
3014
3015
3016
3016
3016
3018
3020
3020
3020
3021
3021
3023
3023
3023
3023
3024
3025
3027
3027
3029
3029
3030
3031
3035
3035
3035
3035
3036
3037
3037
3038
3038
3039
3039
3043
3044
3045
3046
3046
3046
3047
3048
3049
3049
3049
3051
3052
3052
3054
3054
3054
3055
3057
3059
3061
3061
3063
3065
3067
3068
3071
3074
3077
3077
3079
3080
3083
3083
3084
3085
3086
3088
3088
3090
3091
3092
3093
3097
3098
3098
3098
3098
3099
3100
3100
3102
3104
3104
3104
3106
3107
3110
3110
3111
3112
3112
3112
3113
3113
3114
3115
3118
3122
3122
3123
3124
3125
3126
3127
3127
3128
3128
3129
3129
3131
3132
3132
3132
3133
3137
3137
3137
3138
3138
3138
3139
3139
3140
3140
3141
3143
3143
3146
3147
3147
3148
3151
3155
3156
3158
3158
3161
3161
3162
3162
3162
3163
3165
3166
3167
3169
3173
3173
3175
3175
3175
3176
3176
3177
3178
3179
3180
3180
3181
3182
3182
3183
3184
3185
3187
3188
3191
3198
3198
3198
3198
3200
3200
3205
3206
3206
3207
3209
3209
3211
3212
3214
3214
3215
3216
3218
3219
3220
3221
3221
3222
3223
3224
3228
3229
3229
3230
3234
3235
3237
3240
3241
3242
3244
3245
3245
3245
3246
3248
3249
3249
3252
3252
3253
3253
3254
3255
3256
3257
3257
3257
3260
3261
3262
3262
3264
3265
3267
3267
3269
3269
3270
3272
3273
3273
3273
3275
3275
3276
3277
3277
3279
3279
3284
3284
3284
3284
3285
3287
3288
3289
3290
3291
3291
3291
3291
3291
3292
3293
3296
3296
3296
3297
3297
3299
3301
3301
3303
3304
3306
3306
3309
3311
3312
3312
3312
3313
3315
3315
3316
3319
3322
3322
3324
3324
3325
3325
3326
3327
3327
3327
3328
3329
3330
3332
3332
3333
3334
3334
3336
3336
3337
3337
3339
3341
3342
3344
3345
3347
3351
3351
3352
3352
3353
3353
3354
3354
3355
3355
3357
3357
3357
3357
3358
3358
3360
3360
3361
3364
3365
3365
3365
3365
3366
3366
3367
3369
3369
3369
3373
3373
3374
3375
3377
3377
3379
3380
3380
3380
3380
3380
3381
3381
3387
3388
3389
3390
3391
3392
3393
3393
3393
3394
3395
3396
3396
3397
3399
3400
3401
3406
3406
3406
3407
3407
3408
3408
3408
3409
3410
3410
3410
3410
3410
3411
3411
3412
3413
3413
3414
3414
3414
3414
3415
3416
3417
3418
3419
3420
3420
3421
3426
3426
3428
3428
3429
3429
3431
3431
3433
3433
3433
3434
3436
3436
3437
3437
3438
3438
3439
3441
3443
3444
3444
3446
3446
3446
3448
3449
3450
3450
3451
3451
3453
3455
3455
3456
3456
3457
3457
3459
3462
3463
3463
3466
3469
3470
3471
3472
3473
3473
3475
3476
3476
3477
3477
3478
3478
3478
3481
3483
3484
3484
3486
3488
3489
3491
3491
3491
3492
3492
3493
3496
3496
3497
3498
3498
3498
3498
3500
3503
3503
3504
3504
3508
3509
3510
3512
3513
3514
3515
3516
3516
3516
3518
3518
3519
3520
3520
3520
3520
3521
3521
3522
3523
3525
3526
3526
3527
3530
3535
3536
3536
3536
3538
3539
3542
3542
3543
3543
3545
3549
3549
3549
3550
3553
3553
3554
3555
3555
3556
3557
3557
3557
3558
3562
3562
3562
3563
3563
3565
3565
3566
3567
3568
3570
3570
3571
3573
3573
3573
3577
3577
3580
3581
3581
3581
3581
3583
3583
3583
3583
3584
3584
3587
3588
3590
3591
3591
3593
3595
3596
3596
3597
3597
3599
3599
3600
3600
3601
3602
3603
3604
3606
3606
3606
3607
3608
3609
3611
3614
3617
3618
3619
3619
3621
3623
3623
3624
3624
3624
3626
3628
3630
3630
3633
3633
3635
3635
3637
3638
3638
3639
3641
3642
3644
3646
3647
3647
3649
3650
3651
3651
3651
3652
3652
3653
3654
3654
3655
3655
3656
3656
3657
3661
3661
3661
3662
3663
3664
3665
3665
3666
3667
3668
3669
3670
3670
3671
3673
3674
3675
3675
3676
3676
3678
3679
3679
3680
3682
3682
3684
3685
3685
3686
3688
3688
3688
3689
3689
3689
3690
3691
3691
3691
3691
3692
3692
3692
3692
3693
3693
3693
3693
3693
3696
3697
3699
3699
3701
3701
3702
3702
3703
3706
3707
3707
3707
3708
3708
3709
3712
3714
3714
3715
3716
3718
3718
3720
3721
3721
3721
3722
3724
3724
3724
3725
3726
3726
3726
3727
3728
3729
3730
3730
3731
3732
3732
3733
3733
3734
3734
3734
3734
3735
3735
3736
3737
3738
3738
3739
3740
3743
3743
3745
3745
3746
3746
3747
3749
3751
3752
3753
3753
3756
3756
3756
3757
3758
3761
3761
3761
3766
3767
3767
3768
3769
3770
3770
3771
3773
3774
3774
3775
3777
3779
3781
3781
3781
3782
3782
3783
3784
3785
3785
3786
3787
3787
3789
3790
3790
3790
3791
3791
3791
3792
3794
3794
3795
3796
3798
3800
3800
3800
3801
3801
3801
3801
3801
3802
3804
3806
3807
3808
3808
3809
3809
3811
3812
3813
3814
3814
3819
3820
3820
3821
3821
3822
3823
3824
3825
3828
3828
3829
3831
3831
3831
3832
3832
3832
3833
3834
3835
3835
3835
3835
3837
3838
3840
3840
3841
3843
3844
3844
3845
3846
3846
3847
3848
3848
3849
3849
3850
3850
3851
3851
3851
3853
3854
3854
3854
3855
3855
3855
3856
3856
3856
3859
3859
3860
3861
3863
3863
3863
3864
3867
3867
3868
3871
3871
3872
3872
3876
3876
3876
3878
3879
3881
3881
3882
3882
3884
3884
3885
3886
3887
3887
3888
3888
3889
3891
3891
3892
3894
3894
3895
3895
3895
3896
3898
3901
3902
3902
3903
3905
3906
3907
3907
3910
3911
3911
3912
3914
3914
3914
3916
3917
3918
3920
3920
3921
3922
3924
3925
3926
3926
3926
3926
3927
3928
3928
3928
3932
3932
3933
3934
3935
3935
3937
3939
3940
3940
3945
3947
3947
3949
3949
3950
3950
3951
3951
3952
3952
3954
3957
3957
3958
3960
3960
3961
3962
3963
3967
3967
3967
3969
3970
3970
3971
3971
3972
3972
3973
3973
3976
3977
3977
3979
3980
3980
3983
3983
3983
3983
3983
3985
3985
3986
3986
3987
3987
3989
3989
3990
3990
3990
3991
3992
3992
3993
3993
3994
3995
3995
3996
3996
3998
3998
3999
4000
4000
4001
4002
4006
4007
4008
4009
4011
4011
4012
4013
4014
4014
4015
4016
4020
4021
4021
4022
4022
4023
4023
4025
4025
4025
4026
4027
4029
4030
4034
4034
4036
4036
4038
4040
4040
4043
4044
4045
4046
4047
4047
4048
4049
4049
4049
4050
4051
4052
4052
4055
4055
4056
4058
4059
4060
4060
4061
4061
4061
4061
4063
4064
4064
4065
4065
4068
4068
4069
4069
4070
4072
4074
4074
4075
4076
4078
4078
4079
4081
4083
4083
4083
4084
4085
4087
4088
4089
4089
4090
4090
4091
4091
4092
4092
4098
4098
4099
4099
4101
4104
4105
4107
4107
4107
4107
4108
4108
4109
4110
4110
4111
4111
4112
4112
4113
4113
4116
4116
4117
4118
4118
4118
4119
4119
4122
4125
4126
4127
4130
4131
4132
4133
4134
4134
4135
4137
4137
4137
4140
4144
4144
4145
4145
4146
4146
4147
4148
4150
4153
4154
4155
4156
4156
4156
4157
4159
4160
4160
4160
4163
4164
4164
4167
4167
4168
4168
4170
4171
4171
4172
4172
4173
4175
4175
4177
4178
4178
4179
4180
4182
4183
4183
4185
4188
4188
4189
4194
4194
4195
4195
4195
4196
4196
4200
4201
4203
4205
4205
4205
4205
4207
4209
4210
4210
4210
4211
4212
4212
4213
4213
4213
4213
4215
4215
4216
4218
4218
4218
4218
4218
4221
4224
4224
4225
4225
4227
4230
4230
4230
4235
4235
4235
4235
4235
4238
4239
4240
4241
4242
4243
4244
4244
4245
4248
4249
4249
4249
4249
4250
4251
4252
4254
4256
4258
4259
4260
4261
4262
4262
4264
4265
4265
4265
4266
4267
4268
4268
4268
4269
4269
4269
4270
4270
4271
4273
4273
4274
4275
4276
4280
4281
4282
4283
4283
4284
4284
4284
4285
4287
4288
4288
4290
4291
4292
4293
4293
4293
4294
4295
4298
4298
4300
4302
4303
4304
4305
4305
4307
4307
4308
4308
4311
4311
4312
4312
4315
4315
4316
4317
4317
4318
4319
4319
4322
4322
4323
4324
4324
4326
4326
4327
4331
4332
4332
4333
4336
4339
4340
4345
4345
4346
4347
4347
4348
4350
4352
4354
4354
4354
4355
4356
4356
4356
4356
4356
4358
4359
4360
4360
4361
4363
4364
4367
4368
4369
4370
4373
4373
4378
4379
4384
4385
4386
4387
4388
4389
4392
4393
4394
4395
4395
4397
4398
4398
4399
4400
4402
4403
4404
4404
4405
4409
4409
4410
4412
4412
4414
4414
4417
4417
4417
4418
4420
4422
4422
4423
4423
4425
4425
4426
4428
4429
4433
4433
4433
4433
4434
4435
4436
4437
4438
4438
4439
4439
4440
4441
4443
4444
4449
4449
4450
4451
4452
4453
4454
4457
4457
4458
4458
4459
4460
4460
4461
4462
4462
4462
4466
4467
4468
4468
4468
4469
4469
4470
4471
4471
4472
4472
4472
4472
4472
4473
4473
4473
4474
4474
4475
4475
4475
4476
4476
4476
4477
4479
4481
4482
4483
4483
4483
4483
4484
4484
4485
4485
4486
4487
4488
4489
4491
4492
4492
4493
4495
4495
4495
4495
4498
4498
4498
4500
4503
4503
4504
4504
4505
4506
4507
4510
4511
4511
4511
4515
4516
4516
4517
4517
4518
4518
4518
4519
4520
4521
4521
4521
4521
4522
4523
4524
4524
4524
4524
4524
4525
4527
4528
4529
4529
4531
4531
4531
4533
4534
4536
4539
4540
4542
4543
4543
4543
4546
4546
4546
4548
4548
4549
4549
4549
4550
4551
4552
4553
4554
4557
4558
4558
4558
4560
4560
4561
4562
4562
4564
4564
4565
4566
4566
4566
4568
4568
4572
4572
4579
4579
4580
4582
4582
4583
4583
4585
4585
4585
4588
4590
4591
4591
4592
4592
4593
4599
4599
4601
4603
4605
4605
4606
4609
4609
4610
4613
4614
4614
4617
4617
4618
4619
4621
4621
4624
4629
4629
4630
4630
4630
4632
4632
4633
4633
4634
4634
4634
4635
4638
4639
4640
4640
4641
4641
4641
4642
4642
4643
4643
4645
4647
4648
4648
4648
4650
4654
4654
4654
4656
4656
4656
4657
4657
4658
4659
4659
4660
4661
4661
4663
4665
4667
4669
4669
4671
4672
4672
4675
4675
4675
4676
4676
4676
4676
4678
4679
4679
4680
4680
4681
4684
4690
4693
4693
4696
4696
4697
4698
4698
4698
4698
4700
4701
4704
4708
4709
4709
4710
4712
4712
4714
4714
4716
4717
4717
4718
4719
4720
4721
4722
4723
4723
4723
4723
4724
4727
4727
4728
4729
4729
4731
4731
4732
4734
4734
4735
4739
4739
4739
4740
4741
4741
4744
4745
4745
4746
4748
4751
4752
4753
4754
4758
4758
4758
4758
4758
4760
4761
4763
4764
4768
4769
4769
4772
4774
4775
4775
4776
4777
4779
4780
4781
4781
4782
4783
4784
4785
4785
4786
4787
4787
4788
4788
4791
4792
4794
4794
4794
4794
4797
4798
4798
4800
4802
4804
4804
4805
4806
4807
4808
4808
4808
4808
4809
4814
4815
4817
4818
4818
4819
4819
4819
4820
4820
4820
4822
4822
4824
4825
4826
4826
4827
4827
4829
4831
4831
4832
4835
4839
4840
4840
4840
4841
4841
4841
4842
4842
4843
4843
4844
4847
4850
4854
4855
4855
4856
4858
4858
4858
4859
4860
4862
4863
4864
4864
4865
4866
4866
4866
4867
4867
4867
4867
4868
4868
4868
4869
4869
4871
4871
4872
4876
4877
4878
4878
4878
4879
4879
4880
4882
4883
4885
4886
4886
4886
4886
4888
4889
4891
4891
4892
4893
4893
4893
4894
4894
4896
4896
4897
4897
4899
4899
4900
4900
4901
4902
4902
4903
4904
4908
4909
4910
4911
4911
4913
4914
4915
4916
4916
4916
4918
4919
4919
4919
4919
4921
4922
4922
4922
4923
4926
4926
4927
4929
4930
4932
4932
4932
4933
4935
4936
4937
4939
4941
4942
4943
4945
4945
4945
4946
4951
4952
4953
4954
4955
4955
4955
4955
4955
4956
4957
4957
4957
4959
4962
4964
4964
4964
4965
4965
4968
4968
4969
4969
4972
4975
4976
4976
4976
4978
4979
4981
4982
4982
4983
4985
4987
4989
4991
4991
4992
4992
4992
4993
4993
4995
4995
4996
4996
4998
5000
5001
5001
5003
5003
5003
5005
5005
5006
5006
5007
5009
5009
5012
5012
5012
5013
5014
5014
5015
5016
5017
5018
5019
5020
5020
5021
5022
5022
5023
5023
5024
5024
5029
5030
5030
5031
5033
5035
5036
5037
5037
5038
5039
5039
5039
5040
5041
5042
5042
5043
5044
5046
5047
5048
5048
5050
5050
5052
5053
5053
5055
5056
5057
5058
5059
5060
5061
5062
5062
5064
5065
5068
5068
5068
5068
5069
5069
5069
5071
5072
5073
5074
5074
5074
5078
5078
5080
5081
5083
5084
5084
5086
5088
5088
5089
5091
5092
5093
5094
5095
5096
5096
5097
5097
5097
5099
5100
5101
5104
5104
5104
5105
5105
5107
5107
5110
5110
5111
5111
5116
5118
5119
5119
5120
5126
5126
5126
5126
5127
5130
5130
5131
5132
5133
5134
5135
5136
5137
5139
5140
5140
5140
5141
5141
5143
5143
5144
5145
5147
5148
5148
5150
5151
5151
5151
5152
5153
5153
5155
5158
5158
5159
5160
5161
5162
5162
5165
5168
5168
5168
5173
5174
5175
5175
5176
5176
5177
5177
5179
5180
5180
5182
5183
5184
5184
5185
5186
5189
5194
5195
5196
5197
5197
5199
5202
5202
5203
5203
5205
5206
5207
5208
5209
5212
5213
5213
5219
5219
5220
5223
5224
5225
5225
5226
5229
5230
5232
5233
5233
5236
5236
5237
5237
5239
5240
5241
5243
5243
5243
5243
5245
5245
5245
5246
5246
5248
5252
5255
5255
5257
5257
5258
5258
5261
5261
5263
5263
5263
5264
5264
5266
5266
5266
5267
5267
5268
5268
5269
5270
5271
5272
5272
5273
5275
5276
5276
5276
5277
5279
5279
5279
5280
5281
5283
5283
5283
5285
5285
5287
5287
5288
5288
5289
5289
5290
5291
5293
5293
5293
5293
5296
5296
5297
5297
5298
5298
5299
5300
5300
5300
5301
5302
5302
5303
5303
5304
5307
5308
5309
5309
5309
5310
5310
5310
5310
5311
5312
5312
5312
5312
5315
5317
5318
5320
5323
5323
5323
5324
5327
5328
5328
5330
5330
5331
5333
5335
5337
5338
5338
5342
5342
5343
5343
5343
5343
5344
5344
5346
5347
5348
5349
5349
5350
5352
5352
5353
5354
5355
5355
5355
5358
5359
5359
5359
5360
5361
5362
5362
5365
5365
5366
5367
5367
5369
5369
5369
5369
5369
5369
5372
5372
5372
5374
5375
5376
5377
5378
5378
5380
5380
5380
5382
5383
5383
5384
5386
5387
5387
5389
5389
5390
5391
5392
5393
5394
5395
5396
5397
5397
5397
5397
5398
5398
5398
5399
5402
5402
5402
5408
5410
5411
5411
5414
5415
5416
5416
5416
5417
5417
5417
5419
5421
5421
5421
5421
5423
5423
5425
5427
5428
5429
5432
5432
5432
5434
5434
5437
5439
5439
5442
5443
5446
5446
5449
5449
5450
5450
5450
5451
5453
5453
5456
5456
5456
5458
5458
5462
5462
5464
5465
5465
5468
5468
5473
5474
5475
5477
5477
5481
5481
5482
5483
5484
5485
5490
5491
5494
5497
5498
5500
5500
5501
5502
5502
5502
5503
5507
5508
5508
5508
5509
5510
5511
5512
5512
5512
5514
5517
5517
5518
5519
5520
5522
5523
5524
5524
5524
5524
5525
5525
5526
5526
5526
5527
5528
5529
5529
5529
5529
5535
5538
5539
5540
5540
5540
5541
5542
5543
5543
5543
5545
5545
5548
5549
5549
5551
5552
5553
5554
5555
5555
5557
5557
5558
5558
5559
5559
5560
5562
5563
5563
5564
5565
5565
5565
5567
5568
5569
5570
5570
5570
5573
5574
5575
5575
5575
5576
5576
5577
5578
5578
5579
5583
5583
5585
5586
5588
5589
5589
5591
5593
5593
5594
5595
5596
5597
5598
5598
5599
5599
5600
5601
5601
5604
5604
5605
5605
5605
5608
5609
5609
5612
5613
5614
5614
5614
5617
5618
5619
5620
5621
5623
5625
5625
5626
5630
5631
5631
5631
5631
5633
5636
5636
5637
5637
5638
5638
5640
5641
5641
5642
5642
5643
5647
5648
5650
5650
5652
5654
5656
5656
5656
5657
5658
5660
5662
5664
5671
5671
5671
5672
5673
5673
5674
5675
5675
5678
5678
5678
5681
5681
5682
5685
5686
5687
5689
5689
5689
5690
5691
5693
5696
5696
5696
5696
5697
5699
5700
5700
5700
5701
5701
5703
5703
5704
5704
5705
5705
5707
5708
5710
5710
5711
5712
5712
5713
5714
5720
5721
5722
5724
5725
5725
5726
5726
5727
5729
5731
5732
5733
5733
5736
5736
5736
5738
5739
5740
5740
5740
5741
5741
5742
5742
5742
5744
5744
5744
5746
5748
5750
5751
5752
5753
5753
5754
5754
5757
5760
5761
5762
5765
5765
5765
5767
5768
5770
5770
5772
5772
5772
5772
5776
5778
5779
5780
5780
5781
5782
5786
5786
5787
5789
5789
5790
5790
5792
5793
5794
5794
5794
5795
5796
5798
5798
5798
5801
5801
5803
5804
5804
5805
5806
5806
5807
5807
5808
5808
5810
5811
5812
5812
5812
5813
5813
5814
5815
5815
5816
5816
5819
5823
5825
5826
5827
5829
5830
5831
5832
5832
5834
5835
5837
5837
5839
5843
5843
5844
5845
5845
5847
5847
5847
5848
5848
5849
5850
5851
5851
5853
5856
5858
5858
5858
5860
5860
5862
5865
5865
5867
5867
5867
5867
5869
5871
5872
5876
5876
5878
5878
5878
5878
5881
5881
5882
5883
5887
5889
5889
5890
5891
5892
5893
5893
5894
5896
5896
5896
5897
5903
5904
5906
5908
5911
5911
5914
5914
5915
5916
5917
5917
5918
5919
5922
5922
5923
5924
5925
5925
5926
5926
5930
5931
5931
5932
5934
5935
5935
5937
5937
5940
5940
5941
5941
5941
5941
5946
5948
5948
5949
5950
5950
5951
5952
5953
5954
5954
5955
5956
5957
5958
5958
5958
5961
5962
5962
5963
5963
5964
5965
5966
5966
5967
5968
5968
5970
5971
5971
5973
5975
5976
5978
5978
5979
5980
5982
5983
5983
5985
5987
5988
5989
5989
5990
5991
5991
5991
5991
5992
5993
5994
5994
5995
5996
5998
5998
5998
5999
6000
6003
6005
6006
6006
6007
6007
6011
6011
6014
6018
6021
6021
6022
6026
6027
6027
6028
6029
6030
6031
6034
6034
6034
6036
6036
6037
6038
6042
6043
6043
6043
6044
6044
6044
6045
6047
6047
6048
6049
6051
6051
6052
6052
6053
6054
6055
6056
6059
6061
6062
6062
6066
6067
6070
6071
6071
6071
6072
6073
6073
6073
6075
6077
6078
6079
6083
6086
6086
6086
6087
6087
6087
6088
6089
6090
6090
6091
6095
6096
6096
6096
6096
6097
6098
6100
6102
6105
6108
6108
6109
6109
6110
6111
6112
6113
6113
6115
6115
6117
6118
6119
6119
6121
6121
6123
6125
6129
6130
6130
6130
6132
6132
6134
6134
6137
6139
6139
6140
6140
6142
6143
6143
6144
6145
6145
6148
6149
6150
6152
6156
6156
6157
6159
6159
6161
6162
6162
6163
6163
6166
6166
6167
6167
6167
6167
6171
6171
6173
6174
6174
6175
6177
6177
6178
6178
6179
6180
6181
6182
6184
6185
6185
6186
6186
6186
6187
6188
6189
6189
6190
6191
6195
6196
6196
6197
6198
6204
6204
6205
6205
6208
6208
6209
6209
6210
6210
6210
6211
6212
6213
6217
6217
6217
6218
6218
6219
6219
6219
6221
6221
6221
6222
6222
6223
6224
6226
6227
6227
6228
6230
6230
6231
6232
6232
6233
6233
6234
6234
6235
6235
6237
6237
6237
6238
6238
6239
6241
6242
6242
6242
6242
6244
6245
6250
6251
6252
6252
6252
6255
6255
6255
6263
6263
6265
6265
6267
6268
6268
6271
6271
6271
6275
6278
6282
6283
6284
6285
6285
6286
6287
6288
6288
6289
6290
6290
6292
6293
6293
6295
6296
6296
6296
6298
6299
6300
6301
6303
6303
6305
6305
6306
6308
6308
6310
6311
6312
6313
6316
6316
6322
6323
6324
6324
6324
6325
6326
6328
6328
6328
6328
6331
6331
6331
6332
6332
6333
6334
6334
6335
6336
6336
6337
6337
6340
6340
6342
6343
6345
6345
6345
6346
6346
6346
6350
6350
6350
6352
6354
6355
6356
6357
6359
6361
6365
6365
6366
6367
6368
6368
6369
6370
6371
6372
6374
6375
6375
6376
6377
6379
6381
6382
6382
6385
6390
6391
6391
6392
6392
6393
6394
6394
6395
6395
6397
6397
6399
6399
6400
6400
6401
6401
6402
6403
6404
6406
6406
6407
6407
6409
6410
6415
6415
6417
6417
6417
6418
6419
6419
6419
6422
6422
6423
6424
6424
6428
6428
6430
6431
6432
6434
6435
6435
6436
6436
6436
6437
6437
6439
6440
6440
6441
6441
6444
6445
6445
6446
6448
6449
6450
6451
6452
6453
6453
6454
6454
6457
6457
6459
6459
6460
6461
6463
6463
6464
6464
6464
6464
6467
6469
6469
6469
6471
6473
6474
6475
6475
6475
6475
6476
6476
6477
6478
6478
6478
6479
6479
6481
6481
6481
6483
6485
6487
6491
6491
6492
6494
6495
6495
6497
6497
6498
6500
6501
6501
6502
6503
6508
6508
6509
6510
6510
6511
6511
6513
6514
6515
6515
6516
6516
6517
6520
6521
6524
6524
6525
6525
6525
6528
6529
6529
6531
6534
6535
6536
6537
6538
6538
6539
6542
6542
6544
6547
6547
6549
6551
6552
6554
6556
6556
6557
6559
6559
6564
6564
6564
6567
6567
6567
6568
6569
6571
6571
6573
6575
6576
6577
6579
6579
6580
6581
6581
6581
6582
6582
6584
6587
6588
6589
6590
6591
6593
6593
6594
6594
6594
6595
6596
6598
6598
6599
6599
6602
6603
6605
6605
6606
6608
6608
6609
6610
6610
6611
6612
6612
6613
6613
6615
6615
6616
6617
6617
6619
6621
6621
6622
6623
6623
6625
6625
6626
6626
6627
6627
6627
6629
6629
6631
6631
6634
6634
6636
6637
6637
6638
6638
6639
6639
6641
6641
6641
6641
6642
6642
6643
6643
6644
6644
6646
6649
6651
6652
6652
6652
6653
6654
6655
6656
6659
6661
6661
6661
6661
6662
6662
6663
6664
6664
6664
6664
6668
6668
6669
6669
6673
6675
6675
6675
6675
6677
6677
6678
6678
6678
6680
6680
6681
6681
6681
6685
6685
6686
6688
6689
6690
6690
6691
6691
6692
6693
6694
6695
6695
6696
6697
6697
6698
6698
6699
6700
6700
6701
6701
6702
6702
6702
6703
6703
6704
6704
6705
6706
6707
6711
6711
6712
6712
6712
6715
6715
6716
6717
6717
6718
6719
6720
6721
6721
6721
6723
6724
6724
6724
6725
6725
6726
6726
6726
6727
6728
6730
6731
6732
6733
6735
6738
6738
6738
6740
6741
6741
6742
6742
6744
6744
6744
6744
6745
6746
6746
6746
6749
6749
6750
6750
6751
6751
6752
6752
6753
6754
6755
6755
6756
6757
6757
6757
6758
6759
6759
6759
6762
6762
6763
6763
6764
6766
6767
6767
6769
6770
6770
6770
6771
6772
6773
6773
6775
6777
6777
6779
6779
6779
6779
6779
6781
6782
6782
6783
6785
6786
6787
6789
6789
6789
6790
6790
6791
6791
6792
6792
6793
6793
6794
6794
6796
6796
6797
6798
6799
6800
6800
6801
6802
6802
6803
6804
6804
6806
6806
6809
6810
6812
6812
6813
6813
6814
6814
6815
6816
6818
6820
6820
6823
6823
6823
6829
6829
6831
6833
6834
6834
6835
6835
6835
6836
6836
6838
6841
6841
6842
6842
6843
6844
6845
6845
6847
6850
6852
6853
6854
6855
6855
6856
6856
6856
6858
6859
6860
6860
6860
6864
6865
6867
6867
6870
6870
6871
6872
6873
6873
6874
6875
6875
6875
6876
6879
6879
6882
6883
6884
6885
6886
6889
6891
6891
6891
6893
6895
6897
6898
6899
6899
6899
6900
6900
6900
6901
6902
6902
6904
6909
6910
6916
6918
6918
6919
6919
6922
6922
6922
6927
6928
6928
6928
6928
6928
6929
6929
6930
6931
6934
6936
6937
6937
6939
6939
6940
6941
6946
6947
6948
6948
6950
6950
6950
6951
6951
6951
6951
6952
6954
6954
6954
6954
6956
6956
6956
6959
6961
6961
6961
6963
6963
6964
6965
6967
6968
6969
6969
6973
6974
6975
6976
6977
6981
6982
6984
6984
6985
6987
6987
6989
6992
6994
6995
6996
6996
6997
6998
7001
7001
7001
7002
7004
7005
7006
7006
7007
7008
7008
7008
7008
7009
7009
7011
7012
7014
7015
7015
7016
7017
7018
7020
7021
7023
7023
7024
7024
7025
7025
7025
7025
7026
7028
7029
7030
7030
7030
7031
7032
7036
7036
7036
7037
7038
7039
7040
7041
7044
7045
7047
7048
7048
7048
7048
7049
7049
7050
7051
7054
7058
7059
7059
7065
7068
7068
7069
7069
7071
7076
7077
7077
7078
7079
7079
7079
7084
7084
7084
7086
7087
7087
7088
7088
7090
7090
7091
7094
7095
7096
7096
7102
7104
7104
7104
7105
7106
7106
7109
7110
7110
7110
7112
7112
7113
7114
7115
7116
7117
7121
7122
7124
7124
7126
7127
7129
7130
7131
7131
7132
7133
7136
7137
7137
7137
7138
7139
7139
7140
7140
7142
7143
7149
7150
7151
7152
7154
7154
7155
7156
7157
7157
7159
7160
7163
7163
7165
7165
7166
7168
7169
7169
7169
7170
7171
7171
7173
7174
7174
7175
7176
7176
7177
7177
7178
7178
7178
7179
7179
7179
7180
7181
7182
7187
7188
7189
7192
7194
7198
7198
7199
7200
7201
7201
7202
7202
7205
7206
7208
7209
7209
7211
7212
7213
7213
7214
7215
7215
7216
7216
7217
7217
7217
7217
7218
7219
7221
7225
7225
7225
7227
7228
7228
7229
7230
7230
7232
7232
7233
7233
7234
7235
7236
7237
7237
7240
7242
7242
7243
7244
7244
7245
7246
7247
7248
7248
7248
7248
7249
7250
7251
7251
7253
7255
7255
7256
7257
7260
7262
7268
7268
7268
7269
7270
7270
7271
7272
7274
7274
7276
7277
7277
7278
7279
7279
7279
7281
7282
7286
7286
7286
7286
7292
7292
7294
7295
7297
7297
7298
7299
7300
7302
7303
7305
7305
7305
7306
7307
7308
7309
7309
7310
7310
7315
7315
7315
7315
7316
7317
7318
7319
7325
7328
7329
7329
7330
7331
7335
7336
7336
7337
7338
7338
7339
7339
7339
7341
7345
7348
7349
7349
7349
7350
7351
7352
7352
7353
7355
7357
7358
7358
7359
7359
7360
7360
7361
7362
7362
7363
7363
7364
7366
7368
7372
7372
7373
7376
7376
7376
7378
7379
7379
7380
7381
7383
7385
7386
7386
7386
7386
7388
7390
7391
7392
7393
7393
7394
7396
7397
7398
7401
7401
7403
7403
7405
7406
7410
7411
7411
7411
7411
7413
7413
7414
7415
7415
7416
7417
7418
7420
7420
7421
7424
7424
7424
7426
7426
7426
7427
7428
7428
7429
7430
7430
7431
7431
7431
7432
7433
7433
7434
7435
7439
7439
7440
7442
7442
7443
7444
7445
7445
7446
7446
7446
7447
7447
7450
7451
7451
7452
7453
7456
7458
7458
7459
7460
7461
7462
7462
7462
7462
7463
7464
7465
7466
7467
7467
7467
7467
7468
7468
7469
7473
7474
7474
7475
7476
7476
7477
7478
7478
7479
7482
7483
7483
7484
7485
7486
7486
7487
7488
7489
7490
7492
7492
7493
7493
7496
7496
7498
7499
7499
7501
7501
7502
7502
7504
7504
7504
7505
7506
7507
7507
7507
7508
7508
7509
7510
7511
7513
7514
7514
7514
7514
7514
7515
7515
7515
7516
7516
7519
7520
7521
7522
7523
7526
7527
7529
7529
7529
7530
7531
7531
7532
7533
7535
7536
7537
7537
7538
7538
7538
7539
7540
7541
7542
7543
7543
7544
7545
7548
7549
7549
7556
7556
7558
7561
7565
7565
7565
7565
7567
7568
7568
7568
7569
7569
7569
7571
7571
7572
7572
7572
7574
7579
7579
7580
7581
7582
7585
7585
7586
7586
7586
7587
7589
7590
7590
7590
7591
7591
7594
7595
7597
7598
7598
7598
7598
7599
7600
7602
7602
7604
7604
7605
7605
7607
7609
7609
7611
7613
7616
7617
7618
7618
7619
7621
7622
7622
7622
7622
7622
7623
7625
7626
7626
7628
7628
7629
7629
7629
7630
7630
7632
7633
7634
7635
7636
7636
7637
7640
7640
7641
7641
7641
7642
7642
7644
7644
7645
7649
7652
7653
7654
7656
7659
7660
7662
7663
7664
7665
7666
7666
7666
7667
7670
7671
7672
7673
7675
7678
7679
7679
7681
7681
7681
7682
7682
7685
7685
7687
7687
7688
7688
7689
7689
7689
7690
7691
7692
7692
7694
7694
7694
7695
7696
7697
7698
7698
7699
7700
7703
7705
7707
7708
7709
7710
7711
7711
7712
7712
7714
7715
7716
7717
7717
7719
7721
7721
7721
7722
7722
7727
7727
7727
7729
7729
7729
7731
7732
7732
7734
7735
7736
7737
7741
7742
7742
7742
7743
7743
7743
7744
7746
7747
7747
7748
7750
7750
7751
7752
7753
7756
7756
7758
7759
7760
7761
7762
7764
7765
7765
7765
7768
7769
7770
7770
7771
7772
7773
7778
7779
7786
7787
7788
7789
7791
7792
7794
7795
7796
7797
7797
7799
7800
7800
7801
7801
7802
7803
7803
7804
7806
7806
7806
7807
7808
7810
7813
7814
7815
7815
7816
7816
7817
7817
7818
7818
7820
7821
7822
7822
7822
7823
7825
7826
7828
7829
7829
7830
7831
7831
7832
7835
7836
7836
7837
7841
7841
7843
7844
7844
7844
7844
7845
7848
7849
7851
7854
7855
7856
7857
7857
7858
7858
7862
7862
7863
7863
7864
7866
7866
7866
7868
7870
7871
7873
7873
7874
7874
7875
7876
7876
7877
7878
7879
7880
7880
7881
7882
7885
7885
7887
7888
7891
7891
7894
7897
7897
7897
7899
7900
7900
7902
7902
7903
7903
7905
7906
7906
7907
7907
7909
7909
7910
7913
7914
7915
7916
7916
7916
7918
7919
7920
7922
7923
7923
7924
7925
7925
7925
7928
7929
7930
7931
7934
7934
7935
7936
7938
7938
7941
7942
7942
7945
7945
7946
7948
7949
7949
7950
7951
7952
7952
7954
7954
7956
7956
7957
7957
7958
7960
7961
7962
7963
7964
7965
7965
7966
7967
7967
7968
7968
7970
7971
7972
7973
7973
7975
7975
7975
7977
7977
7977
7979
7979
7981
7981
7981
7982
7982
7992
7992
7993
7994
7994
7994
7995
7995
7996
7998
7999
7999
7999
8000
8002
8004
8004
8005
8005
8006
8006
8006
8011
8011
8014
8014
8015
8015
8015
8016
8016
8017
8017
8018
8020
8021
8023
8024
8024
8025
8026
8026
8027
8028
8029
8029
8032
8032
8034
8034
8034
8034
8035
8037
8037
8038
8038
8038
8042
8043
8043
8044
8044
8045
8047
8048
8050
8052
8052
8053
8055
8058
8058
8059
8060
8064
8065
8065
8065
8066
8069
8071
8073
8074
8074
8074
8074
8075
8075
8075
8076
8076
8076
8081
8081
8083
8086
8087
8087
8088
8090
8091
8091
8091
8093
8093
8094
8095
8096
8098
8100
8100
8101
8101
8103
8104
8104
8105
8106
8106
8106
8108
8109
8109
8112
8113
8113
8114
8114
8114
8114
8118
8119
8120
8121
8122
8122
8123
8124
8124
8125
8126
8128
8129
8130
8130
8131
8132
8132
8136
8137
8138
8138
8139
8141
8143
8144
8146
8147
8148
8149
8149
8149
8151
8152
8152
8152
8153
8154
8155
8155
8156
8156
8156
8156
8156
8157
8157
8157
8158
8158
8161
8161
8162
8163
8169
8169
8169
8170
8171
8171
8173
8173
8175
8178
8179
8179
8180
8180
8181
8181
8182
8186
8187
8187
8187
8188
8190
8190
8191
8191
8191
8191
8192
8193
8195
8196
8197
8197
8198
8198
8198
8198
8198
8199
8200
8202
8203
8204
8206
8206
8207
8209
8210
8211
8211
8213
8213
8214
8215
8216
8218
8219
8221
8222
8222
8223
8225
8226
8226
8226
8227
8228
8228
8230
8230
8232
8232
8234
8235
8238
8239
8242
8250
8251
8251
8253
8253
8254
8254
8254
8256
8257
8259
8259
8260
8263
8263
8263
8264
8266
8266
8267
8267
8267
8271
8272
8276
8277
8279
8281
8281
8282
8283
8284
8284
8285
8286
8286
8287
8288
8291
8291
8291
8292
8292
8293
8295
8296
8299
8300
8301
8301
8301
8302
8303
8304
8304
8305
8306
8307
8309
8310
8312
8313
8315
8317
8318
8319
8319
8320
8321
8322
8323
8323
8324
8326
8328
8329
8329
8331
8331
8331
8331
8331
8332
8332
8333
8334
8334
8335
8335
8336
8336
8336
8337
8338
8338
8343
8343
8344
8344
8345
8347
8350
8351
8351
8352
8353
8353
8356
8356
8359
8360
8361
8362
8363
8363
8364
8364
8365
8366
8366
8367
8368
8368
8369
8370
8371
8371
8372
8374
8374
8375
8376
8377
8378
8378
8379
8380
8380
8380
8384
8385
8385
8386
8387
8389
8390
8391
8393
8393
8395
8397
8398
8398
8400
8400
8401
8401
8402
8402
8402
8404
8404
8405
8405
8405
8406
8407
8408
8408
8409
8409
8409
8411
8412
8412
8412
8413
8413
8414
8415
8415
8418
8418
8418
8420
8423
8423
8423
8425
8426
8426
8428
8429
8430
8431
8431
8431
8431
8432
8434
8434
8435
8436
8437
8437
8438
8439
8439
8439
8439
8441
8441
8442
8442
8443
8443
8443
8443
8444
8444
8445
8448
8449
8450
8452
8452
8456
8457
8458
8458
8459
8459
8460
8460
8460
8462
8463
8463
8464
8464
8468
8468
8470
8476
8478
8480
8480
8480
8481
8481
8485
8485
8487
8487
8490
8490
8490
8492
8493
8493
8493
8494
8495
8495
8496
8496
8497
8497
8497
8498
8498
8499
8500
8500
8502
8503
8504
8505
8505
8505
8506
8507
8508
8510
8510
8512
8515
8517
8517
8517
8521
8522
8525
8527
8527
8528
8529
8529
8529
8530
8530
8533
8534
8537
8538
8540
8540
8540
8541
8541
8543
8544
8545
8546
8546
8547
8547
8550
8551
8551
8552
8554
8554
8555
8558
8559
8560
8562
8562
8562
8563
8563
8565
8565
8566
8567
8569
8570
8571
8571
8571
8572
8574
8574
8575
8575
8578
8581
8582
8583
8583
8586
8586
8588
8589
8590
8591
8591
8592
8592
8593
8593
8594
8594
8594
8595
8595
8595
8596
8596
8597
8597
8597
8598
8598
8599
8599
8600
8600
8601
8604
8604
8604
8605
8605
8605
8607
8607
8607
8607
8608
8610
8610
8613
8613
8613
8614
8614
8615
8618
8619
8621
8622
8622
8623
8627
8628
8628
8630
8632
8632
8632
8633
8633
8635
8636
8638
8639
8641
8641
8641
8642
8642
8642
8643
8643
8644
8647
8647
8648
8648
8651
8652
8652
8652
8655
8656
8658
8659
8660
8661
8663
8664
8664
8665
8665
8668
8670
8671
8672
8673
8675
8676
8681
8681
8681
8681
8681
8681
8681
8681
8681
8682
8682
8683
8684
8685
8685
8687
8688
8688
8690
8690
8690
8692
8694
8699
8699
8700
8702
8702
8705
8707
8710
8711
8712
8712
8713
8713
8716
8716
8718
8718
8719
8719
8722
8723
8723
8723
8724
8727
8727
8727
8728
8728
8729
8731
8732
8732
8733
8734
8734
8734
8735
8738
8738
8741
8743
8745
8748
8748
8752
8754
8754
8756
8756
8757
8757
8758
8759
8760
8761
8764
8766
8767
8768
8768
8769
8769
8771
8775
8776
8783
8785
8786
8787
8787
8790
8790
8793
8793
8795
8797
8798
8799
8799
8800
8800
8800
8801
8802
8802
8803
8803
8803
8804
8804
8805
8806
8807
8807
8808
8808
8808
8811
8815
8815
8816
8817
8821
8822
8822
8823
8823
8825
8827
8828
8830
8831
8831
8831
8832
8833
8834
8834
8834
8835
8836
8836
8836
8838
8839
8841
8842
8842
8843
8845
8850
8850
8851
8852
8852
8853
8854
8854
8856
8857
8859
8859
8865
8865
8869
8870
8871
8873
8875
8876
8876
8876
8877
8877
8880
8881
8881
8881
8881
8884
8885
8885
8885
8885
8887
8889
8890
8894
8896
8897
8897
8900
8901
8901
8901
8902
8904
8908
8910
8911
8911
8912
8913
8913
8914
8917
8917
8917
8917
8917
8918
8920
8926
8926
8927
8929
8929
8931
8932
8936
8937
8937
8938
8938
8939
8942
8945
8947
8948
8948
8948
8948
8949
8949
8950
8950
8950
8951
8951
8956
8956
8956
8956
8957
8958
8959
8960
8961
8961
8961
8963
8965
8965
8967
8969
8969
8970
8974
8978
8979
8980
8980
8980
8981
8981
8982
8982
8982
8982
8984
8986
8987
8987
8988
8989
8991
8992
8992
8992
8993
8994
8994
8994
8995
8995
8996
8997
8998
8998
8998
8999
9000
9001
9002
9002
9004
9004
9005
9005
9005
9006
9006
9011
9012
9012
9013
9013
9013
9014
9014
9016
9017
9018
9020
9021
9022
9023
9024
9027
9029
9030
9031
9031
9032
9033
9033
9035
9036
9036
9037
9039
9039
9039
9040
9043
9044
9045
9052
9053
9054
9056
9058
9058
9059
9059
9059
9061
9063
9063
9064
9064
9067
9068
9069
9072
9072
9074
9074
9074
9075
9076
9076
9077
9078
9078
9078
9079
9079
9079
9080
9080
9083
9084
9085
9087
9087
9088
9089
9089
9090
9091
9091
9091
9091
9092
9093
9097
9100
9100
9100
9105
9106
9106
9112
9112
9112
9114
9115
9116
9117
9117
9118
9120
9120
9122
9124
9124
9125
9126
9127
9127
9128
9128
9129
9130
9132
9132
9133
9134
9138
9138
9142
9142
9142
9143
9146
9146
9147
9148
9149
9150
9152
9155
9156
9156
9158
9159
9159
9159
9159
9160
9160
9160
9160
9165
9166
9167
9168
9170
9171
9171
9172
9172
9173
9174
9175
9178
9179
9179
9180
9180
9181
9183
9183
9185
9185
9186
9186
9187
9189
9190
9191
9195
9195
9195
9197
9197
9200
9200
9201
9202
9202
9204
9205
9205
9205
9205
9206
9208
9209
9210
9210
9211
9211
9211
9213
9214
9215
9215
9217
9217
9219
9221
9221
9223
9223
9223
9224
9224
9225
9225
9226
9227
9228
9229
9231
9231
9231
9232
9232
9233
9234
9234
9236
9236
9237
9239
9239
9240
9242
9242
9243
9243
9243
9244
9246
9250
9252
9252
9252
9253
9253
9254
9256
9258
9258
9259
9260
9260
9262
9263
9263
9265
9265
9265
9266
9267
9268
9268
9268
9269
9269
9269
9271
9273
9274
9275
9275
9276
9276
9278
9279
9280
9280
9283
9283
9283
9285
9285
9285
9286
9287
9287
9288
9289
9290
9290
9291
9292
9293
9295
9296
9297
9297
9297
9298
9299
9300
9301
9302
9302
9303
9304
9310
9311
9311
9313
9315
9315
9315
9316
9317
9318
9318
9319
9319
9320
9320
9320
9321
9323
9324
9325
9325
9328
9328
9329
9329
9330
9331
9331
9331
9331
9332
9333
9334
9334
9334
9334
9335
9335
9335
9335
9335
9336
9336
9336
9338
9340
9340
9340
9341
9341
9342
9342
9343
9343
9344
9344
9346
9348
9349
9351
9353
9355
9355
9355
9357
9358
9358
9359
9359
9359
9359
9361
9362
9362
9363
9363
9363
9364
9365
9366
9367
9367
9368
9368
9368
9370
9371
9372
9373
9373
9374
9374
9376
9378
9379
9379
9379
9379
9380
9381
9382
9382
9382
9383
9383
9384
9386
9388
9389
9390
9390
9390
9390
9391
9392
9393
9393
9395
9396
9397
9398
9400
9401
9401
9402
9403
9403
9404
9405
9406
9406
9408
9412
9413
9414
9414
9416
9417
9417
9419
9420
9420
9420
9421
9422
9422
9423
9424
9424
9425
9425
9428
9428
9429
9432
9433
9433
9435
9436
9436
9437
9438
9439
9441
9443
9445
9446
9446
9448
9451
9454
9455
9456
9456
9456
9462
9462
9463
9463
9463
9464
9464
9464
9467
9467
9468
9468
9469
9469
9470
9470
9470
9471
9472
9475
9475
9478
9478
9482
9482
9482
9483
9483
9484
9485
9485
9485
9485
9486
9486
9487
9487
9488
9490
9491
9492
9492
9493
9494
9495
9495
9499
9500
9502
9502
9503
9503
9504
9505
9507
9508
9510
9510
9511
9512
9514
9514
9515
9515
9517
9518
9518
9519
9520
9521
9522
9523
9528
9528
9529
9530
9531
9531
9531
9532
9535
9535
9536
9536
9538
9538
9539
9541
9542
9543
9544
9545
9545
9546
9546
9547
9548
9550
9550
9550
9551
9554
9555
9557
9558
9561
9563
9564
9565
9565
9565
9566
9566
9568
9568
9569
9570
9571
9571
9571
9571
9572
9572
9573
9576
9577
9577
9579
9580
9581
9582
9583
9584
9584
9586
9586
9587
9588
9588
9589
9589
9590
9590
9590
9591
9594
9596
9598
9599
9600
9600
9601
9601
9608
9608
9608
9610
9611
9611
9612
9616
9616
9616
9618
9620
9622
9623
9624
9624
9629
9632
9632
9632
9633
9636
9636
9637
9637
9638
9638
9639
9639
9639
9640
9641
9642
9642
9644
9644
9645
9652
9653
9654
9655
9655
9656
9657
9657
9660
9661
9661
9661
9661
9662
9663
9664
9666
9667
9669
9670
9673
9673
9674
9675
9678
9680
9682
9683
9685
9685
9689
9691
9692
9694
9695
9695
9696
9697
9698
9699
9701
9702
9702
9703
9703
9705
9706
9707
9708
9709
9710
9711
9714
9715
9718
9718
9720
9720
9721
9723
9723
9725
9725
9725
9726
9728
9730
9731
9731
9737
9738
9738
9739
9739
9740
9743
9744
9744
9744
9746
9747
9748
9750
9750
9751
9753
9753
9755
9755
9755
9756
9756
9756
9759
9761
9761
9762
9762
9763
9763
9764
9764
9766
9767
9768
9770
9771
9771
9772
9774
9774
9774
9775
9778
9778
9780
9780
9782
9783
9783
9783
9784
9788
9788
9788
9791
9794
9794
9794
9795
9796
9796
9796
9797
9799
9799
9802
9802
9803
9804
9806
9808
9811
9813
9813
9814
9814
9814
9814
9816
9816
9816
9816
9817
9817
9817
9817
9818
9818
9823
9825
9828
9828
9829
9830
9831
9833
9833
9833
9834
9837
9837
9838
9838
9839
9839
9840
9840
9841
9841
9842
9842
9843
9843
9844
9846
9848
9848
9849
9850
9851
9854
9854
9856
9857
9857
9858
9860
9861
9861
9863
9863
9864
9865
9868
9869
9869
9870
9871
9872
9872
9872
9872
9872
9873
9873
9873
9874
9874
9877
9878
9878
9879
9881
9881
9882
9882
9883
9883
9885
9886
9887
9887
9889
9892
9893
9893
9895
9896
9896
9896
9899
9902
9902
9904
9905
9906
9906
9907
9909
9909
9910
9910
9912
9915
9916
9916
9916
9916
9916
9916
9917
9917
9917
9918
9918
9919
9922
9923
9924
9925
9925
9925
9927
9929
9930
9932
9932
9933
9934
9934
9935
9936
9936
9937
9937
9940
9940
9940
9940
9941
9943
9944
9945
9945
9946
9947
9947
9947
9948
9950
9950
9950
9950
9952
9954
9955
9956
9958
9958
9961
9961
9961
9962
9965
9966
9966
9968
9970
9971
9971
9972
9973
9973
9977
9979
9979
9979
9980
9980
9982
9983
9985
9986
9986
9986
9986
9988
9991
9992
9992
9992
9992
9994
9995
9996
9997
9997
9998
9999
9999
