0
1
2
2
5
6
7
9
9
10
13
13
14
16
18
18
22
23
24
25
28
29
29
31
32
33
34
36
37
38
38
40
41
42
45
46
47
47
48
48
48
50
50
52
53
53
54
55
56
57
58
59
59
62
64
65
65
65
66
66
68
69
72
72
75
75
75
75
77
77
78
78
82
82
83
85
87
89
89
91
91
92
92
95
96
98
99
101
101
101
102
103
104
104
105
105
106
106
107
109
109
109
113
114
116
117
117
119
120
120
121
121
122
122
124
124
127
129
129
130
130
133
134
134
135
136
136
137
137
137
138
139
142
142
146
146
147
150
150
153
154
155
155
156
157
157
161
162
163
164
164
164
165
165
165
166
166
169
169
171
172
172
172
173
173
174
175
175
175
176
178
181
182
182
183
184
187
189
190
190
190
191
193
196
199
199
199
201
205
206
210
215
215
216
216
217
220
220
222
224
227
228
228
229
229
230
231
232
236
236
237
237
238
238
238
240
240
240
241
242
243
245
246
247
250
251
253
254
255
256
257
258
259
259
259
260
261
263
266
267
270
270
270
270
271
273
274
274
274
275
275
276
277
279
279
284
284
287
291
292
293
297
298
299
299
301
302
304
307
308
308
309
309
310
311
311
311
312
314
315
316
317
321
322
323
325
328
331
332
333
335
336
339
339
339
340
341
344
346
347
347
347
347
348
348
350
353
354
355
355
355
356
357
357
357
357
358
358
361
361
362
362
362
363
363
364
366
367
367
369
370
370
370
371
372
372
374
375
376
377
378
379
380
382
382
382
383
384
385
385
389
390
392
392
392
394
396
397
397
399
399
399
400
401
403
405
405
407
408
409
410
412
413
414
414
415
416
417
418
421
423
424
427
427
428
429
431
431
434
434
435
436
437
439
441
442
444
444
446
448
448
452
454
455
455
456
456
459
459
462
463
463
463
464
464
465
466
472
473
475
476
476
478
480
480
480
481
482
482
483
484
484
485
487
490
491
491
493
493
493
495
495
496
496
497
498
501
501
501
503
503
503
504
505
507
509
509
510
511
512
514
514
514
516
517
518
518
518
518
519
521
521
522
522
523
523
524
524
525
526
528
528
528
529
533
533
534
535
536
536
537
538
539
539
540
541
543
543
545
547
549
550
551
551
551
552
552
552
553
553
557
557
558
559
560
560
561
562
562
564
564
565
568
568
569
571
572
574
574
574
575
575
575
576
577
577
579
579
580
580
580
582
583
583
584
586
588
588
588
588
589
590
591
592
593
593
593
593
596
596
596
597
598
598
604
606
607
608
608
609
609
610
611
611
612
612
614
614
615
615
615
615
615
618
621
622
625
625
626
627
628
628
629
629
630
631
632
633
633
634
637
642
643
644
644
646
646
646
646
648
648
649
649
650
652
652
653
654
654
658
658
660
660
661
662
662
666
667
668
671
674
675
678
681
681
682
684
684
689
690
691
691
695
696
697
698
698
698
698
699
700
701
701
702
703
704
704
706
708
708
709
710
712
713
713
713
716
716
717
717
718
718
719
720
721
723
723
723
724
725
725
726
726
727
728
731
732
732
732
732
732
733
733
734
734
734
737
737
737
738
738
740
741
741
743
744
744
744
744
747
748
750
751
751
752
753
755
757
757
757
758
763
768
768
768
769
771
773
773
775
776
777
779
780
780
781
781
783
783
784
787
787
790
790
790
794
794
795
797
797
797
798
799
799
800
800
802
803
803
803
803
804
808
809
810
810
810
810
811
811
811
813
813
815
815
816
818
818
819
820
821
821
823
824
826
827
828
828
828
829
831
831
832
833
834
837
837
837
840
841
842
843
843
845
846
847
850
850
851
852
853
854
854
855
857
857
858
860
860
861
861
862
862
863
864
867
867
870
870
870
871
872
873
873
874
876
878
879
882
882
882
884
886
887
888
888
889
889
891
892
893
893
894
894
894
897
899
899
899
900
900
901
902
902
902
904
904
904
908
911
914
914
915
916
916
916
917
918
918
919
920
920
921
921
924
924
925
926
927
928
928
929
929
930
931
933
933
937
938
939
939
942
942
943
943
946
947
947
947
948
948
953
953
954
955
956
957
957
964
965
966
966
967
967
967
968
968
970
970
971
973
974
974
975
975
976
976
977
977
978
978
978
978
985
985
987
987
989
989
991
993
994
995
998
999
999
999
999
1001
1001
1002
1003
1004
1007
1007
1008
1008
1009
1010
1011
1011
1016
1019
1019
1021
1021
1021
1023
1024
1025
1026
1026
1029
1029
1029
1033
1033
1033
1034
1034
1034
1036
1037
1038
1038
1041
1043
1044
1044
1045
1046
1047
1051
1053
1054
1057
1057
1058
1058
1058
1059
1060
1060
1060
1062
1064
1066
1066
1069
1071
1072
1074
1075
1075
1078
1079
1081
1082
1083
1084
1085
1085
1086
1088
1088
1093
1093
1093
1094
1099
1101
1101
1102
1102
1106
1107
1107
1107
1107
1108
1109
1114
1116
1116
1116
1119
1121
1123
1124
1127
1128
1130
1130
1133
1133
1134
1134
1134
1135
1135
1136
1136
1137
1138
1139
1140
1140
1141
1143
1146
1146
1148
1149
1149
1149
1149
1152
1154
1156
1156
1159
1160
1161
1161
1162
1164
1164
1165
1165
1166
1166
1166
1167
1168
1169
1169
1170
1170
1171
1174
1174
1175
1176
1176
1180
1183
1184
1185
1185
1188
1190
1190
1191
1192
1192
1192
1194
1196
1196
1197
1198
1199
1201
1201
1204
1205
1206
1206
1206
1208
1210
1210
1215
1217
1218
1219
1221
1222
1223
1224
1226
1230
1231
1232
1233
1233
1234
1234
1235
1235
1235
1236
1238
1239
1239
1239
1240
1241
1242
1243
1246
1247
1247
1247
1248
1252
1254
1254
1255
1256
1256
1258
1259
1260
1262
1262
1263
1265
1266
1266
1267
1267
1268
1268
1271
1273
1274
1275
1275
1275
1276
1277
1277
1277
1278
1280
1281
1281
1281
1281
1282
1282
1282
1282
1283
1283
1285
1285
1287
1290
1291
1292
1292
1294
1294
1294
1295
1296
1299
1299
1300
1301
1303
1304
1309
1309
1310
1310
1311
1314
1316
1319
1320
1322
1323
1324
1324
1325
1327
1328
1328
1330
1331
1332
1332
1333
1334
1335
1335
1336
1336
1339
1340
1342
1342
1344
1346
1347
1348
1348
1350
1353
1354
1355
1355
1360
1361
1363
1363
1363
1364
1364
1366
1366
1367
1367
1368
1369
1370
1370
1371
1374
1376
1377
1378
1378
1379
1382
1382
1382
1383
1384
1385
1387
1388
1388
1388
1390
1391
1395
1396
1398
1398
1399
1400
1400
1400
1401
1401
1402
1404
1406
1406
1406
1407
1407
1407
1408
1408
1408
1411
1413
1413
1413
1414
1415
1416
1417
1418
1419
1419
1420
1420
1422
1423
1424
1425
1426
1426
1428
1431
1432
1434
1434
1434
1435
1437
1437
1440
1443
1444
1445
1445
1447
1447
1452
1452
1453
1455
1456
1457
1458
1461
1462
1462
1462
1464
1467
1468
1469
1469
1470
1471
1472
1473
1473
1474
1474
1475
1475
1477
1480
1483
1484
1485
1485
1486
1487
1487
1488
1489
1489
1490
1491
1491
1492
1493
1493
1494
1494
1495
1495
1497
1497
1498
1498
1498
1498
1500
1502
1502
1504
1504
1505
1510
1510
1510
1511
1513
1514
1515
1515
1515
1516
1516
1516
1518
1519
1520
1520
1521
1522
1525
1525
1525
1526
1526
1529
1529
1533
1535
1536
1536
1536
1537
1539
1540
1542
1545
1545
1546
1549
1550
1550
1550
1550
1551
1551
1555
1556
1557
1559
1559
1559
1559
1560
1560
1561
1561
1561
1563
1563
1564
1565
1565
1565
1567
1568
1569
1570
1571
1572
1574
1574
1575
1576
1582
1582
1583
1584
1585
1586
1586
1587
1587
1588
1588
1589
1592
1593
1594
1595
1595
1595
1595
1597
1598
1599
1599
1601
1601
1602
1602
1602
1608
1608
1608
1610
1611
1611
1612
1612
1614
1615
1616
1616
1616
1617
1618
1620
1622
1622
1623
1624
1625
1626
1629
1634
1635
1635
1636
1636
1637
1638
1639
1639
1641
1642
1642
1642
1643
1647
1648
1649
1649
1650
1650
1651
1653
1654
1654
1654
1656
1657
1657
1658
1659
1659
1660
1661
1662
1664
1664
1664
1666
1667
1670
1671
1671
1672
1673
1674
1675
1677
1680
1681
1684
1685
1686
1686
1687
1688
1689
1690
1694
1695
1697
1698
1699
1699
1700
1701
1702
1703
1704
1704
1704
1706
1707
1708
1709
1711
1712
1712
1712
1714
1714
1715
1715
1716
1716
1718
1721
1721
1722
1722
1722
1723
1725
1726
1727
1727
1729
1729
1730
1731
1732
1733
1733
1734
1735
1735
1736
1736
1736
1737
1737
1739
1739
1740
1740
1744
1745
1746
1746
1747
1747
1747
1748
1748
1749
1749
1749
1750
1753
1754
1755
1755
1755
1758
1759
1759
1760
1760
1761
1761
1762
1763
1765
1765
1767
1768
1769
1769
1771
1772
1775
1777
1778
1778
1779
1781
1781
1783
1783
1784
1784
1790
1792
1792
1792
1793
1793
1793
1794
1794
1796
1797
1801
1801
1802
1803
1803
1803
1804
1804
1804
1805
1805
1806
1807
1807
1808
1809
1809
1809
1810
1811
1813
1816
1817
1817
1818
1818
1820
1821
1821
1823
1823
1825
1826
1827
1828
1828
1828
1830
1830
1831
1832
1832
1833
1835
1837
1839
1839
1840
1841
1842
1844
1844
1844
1845
1847
1847
1855
1857
1858
1859
1859
1860
1860
1860
1861
1864
1864
1867
1868
1868
1870
1870
1870
1870
1871
1872
1873
1873
1874
1875
1875
1876
1876
1876
1878
1878
1878
1879
1879
1881
1881
1883
1883
1883
1883
1883
1885
1885
1885
1886
1887
1887
1888
1891
1891
1891
1893
1894
1895
1897
1898
1898
1899
1901
1903
1905
1907
1907
1907
1908
1913
1914
1915
1915
1917
1919
1920
1921
1924
1929
1929
1931
1931
1933
1934
1934
1934
1935
1936
1937
1940
1941
1942
1944
1946
1946
1946
1947
1947
1949
1949
1951
1955
1956
1957
1959
1960
1963
1965
1966
1966
1967
1968
1969
1970
1970
1972
1972
1975
1975
1976
1978
1979
1979
1979
1979
1979
1980
1981
1982
1982
1983
1983
1984
1984
1984
1985
1985
1986
1989
1990
1993
1994
1995
1996
1996
1998
1999
1999
2001
2002
2002
2002
2005
2005
2005
2007
2008
2008
2010
2013
2016
2017
2018
2021
2024
2026
2026
2026
2026
2028
2029
2030
2031
2031
2034
2035
2036
2038
2038
2038
2038
2039
2039
2039
2040
2040
2041
2041
2044
2044
2045
2045
2045
2046
2046
2047
2048
2048
2050
2050
2051
2052
2053
2054
2054
2055
2055
2056
2058
2061
2062
2062
2063
2064
2065
2067
2068
2068
2071
2073
2073
2074
2076
2076
2076
2079
2082
2082
2084
2084
2084
2086
2087
2087
2087
2087
2090
2091
2092
2093
2094
2095
2096
2097
2098
2098
2099
2102
2103
2103
2104
2104
2104
2105
2107
2107
2107
2110
2111
2113
2113
2114
2114
2114
2114
2115
2116
2119
2120
2121
2122
2124
2124
2126
2126
2127
2127
2127
2128
2129
2130
2131
2134
2135
2136
2137
2138
2139
2139
2139
2140
2141
2141
2141
2141
2141
2142
2145
2146
2147
2150
2152
2152
2153
2154
2156
2158
2160
2160
2161
2162
2164
2167
2168
2168
2168
2168
2168
2169
2169
2170
2172
2174
2175
2175
2176
2177
2177
2177
2178
2178
2180
2180
2182
2183
2187
2189
2189
2192
2193
2194
2195
2198
2198
2200
2201
2201
2202
2202
2202
2202
2205
2205
2205
2206
2206
2208
2208
2209
2209
2209
2216
2220
2220
2221
2222
2224
2226
2227
2227
2228
2228
2229
2231
2232
2232
2234
2235
2236
2237
2237
2237
2237
2238
2240
2240
2241
2243
2244
2246
2247
2247
2248
2249
2250
2250
2253
2253
2255
2259
2260
2260
2261
2262
2263
2265
2266
2268
2269
2270
2270
2270
2270
2271
2274
2274
2275
2276
2278
2278
2279
2279
2280
2280
2280
2286
2287
2287
2289
2289
2291
2291
2292
2292
2293
2294
2295
2296
2298
2299
2299
2301
2302
2302
2302
2302
2305
2306
2306
2308
2310
2310
2311
2311
2312
2312
2314
2316
2318
2319
2320
2320
2321
2323
2324
2324
2325
2325
2326
2326
2326
2327
2327
2328
2328
2329
2329
2331
2331
2331
2333
2333
2334
2334
2336
2337
2337
2337
2337
2341
2344
2345
2346
2346
2347
2347
2349
2351
2351
2354
2354
2355
2355
2355
2356
2357
2357
2359
2359
2360
2362
2362
2362
2363
2363
2364
2364
2365
2365
2367
2368
2368
2369
2370
2371
2373
2374
2375
2375
2376
2376
2377
2377
2377
2378
2378
2378
2381
2381
2383
2388
2390
2392
2393
2394
2394
2394
2396
2397
2398
2398
2399
2401
2402
2402
2404
2404
2405
2406
2406
2407
2407
2409
2410
2410
2411
2412
2412
2412
2414
2415
2416
2417
2417
2418
2418
2419
2420
2420
2421
2421
2422
2424
2425
2425
2425
2425
2426
2427
2427
2429
2430
2432
2432
2432
2434
2435
2436
2436
2437
2437
2439
2440
2440
2443
2446
2448
2448
2450
2450
2452
2453
2455
2455
2456
2456
2459
2461
2461
2461
2463
2465
2466
2466
2467
2467
2468
2470
2471
2472
2475
2476
2476
2477
2477
2477
2480
2480
2481
2481
2483
2484
2484
2485
2487
2489
2490
2490
2491
2491
2492
2493
2494
2494
2495
2495
2496
2496
2499
2500
2501
2502
2503
2503
2503
2505
2508
2509
2510
2511
2512
2512
2513
2517
2518
2519
2519
2520
2520
2521
2524
2525
2526
2526
2527
2528
2530
2531
2531
2532
2532
2532
2533
2533
2533
2533
2535
2535
2536
2537
2538
2539
2539
2539
2539
2540
2541
2542
2543
2544
2545
2547
2547
2548
2550
2553
2553
2555
2557
2557
2559
2559
2559
2560
2560
2561
2563
2568
2568
2569
2570
2571
2572
2573
2574
2575
2575
2575
2575
2575
2575
2580
2581
2582
2584
2587
2588
2589
2590
2590
2591
2591
2592
2592
2592
2593
2594
2595
2595
2595
2595
2596
2597
2598
2599
2602
2603
2603
2604
2604
2605
2606
2607
2607
2607
2608
2609
2609
2609
2611
2616
2618
2619
2619
2620
2620
2620
2621
2622
2624
2624
2624
2626
2627
2627
2629
2630
2630
2632
2632
2634
2634
2635
2635
2636
2636
2637
2638
2641
2642
2644
2644
2644
2646
2647
2650
2652
2653
2654
2654
2655
2655
2656
2657
2658
2659
2665
2665
2666
2668
2669
2670
2670
2671
2671
2672
2673
2674
2675
2678
2679
2680
2680
2681
2681
2682
2684
2684
2684
2685
2687
2688
2690
2691
2693
2693
2694
2695
2698
2698
2699
2700
2700
2701
2701
2701
2701
2701
2701
2702
2705
2706
2707
2710
2711
2713
2714
2714
2716
2717
2717
2717
2718
2722
2724
2725
2726
2726
2727
2728
2729
2730
2734
2734
2737
2739
2742
2742
2743
2744
2744
2745
2745
2748
2748
2751
2755
2756
2757
2757
2760
2760
2762
2762
2764
2764
2764
2764
2765
2765
2765
2765
2766
2768
2768
2770
2771
2774
2774
2778
2778
2779
2779
2782
2782
2783
2783
2786
2787
2787
2788
2789
2789
2791
2792
2793
2794
2794
2795
2796
2799
2800
2800
2802
2803
2805
2806
2806
2807
2807
2808
2808
2808
2808
2810
2812
2813
2814
2814
2816
2818
2819
2819
2821
2822
2822
2822
2824
2826
2827
2828
2828
2829
2829
2831
2831
2832
2833
2833
2833
2834
2836
2836
2837
2838
2841
2841
2842
2843
2844
2847
2848
2848
2849
2850
2850
2851
2852
2853
2854
2854
2855
2856
2857
2860
2861
2862
2863
2863
2864
2865
2867
2869
2869
2870
2871
2872
2872
2872
2874
2877
2877
2877
2877
2878
2880
2882
2882
2885
2885
2886
2886
2886
2888
2888
2889
2889
2889
2889
2891
2891
2897
2897
2899
2900
2903
2907
2907
2907
2909
2909
2912
2912
2912
2913
2914
2914
2915
2915
2917
2917
2918
2919
2919
2919
2920
2921
2922
2923
2923
2924
2925
2925
2925
2927
2929
2929
2930
2931
2931
2934
2936
2936
2936
2937
2938
2939
2940
2942
2942
2943
2943
2944
2945
2947
2947
2951
2951
2952
2952
2953
2954
2954
2954
2954
2955
2955
2956
2957
2957
2958
2961
2962
2965
2966
2968
2969
2970
2970
2972
2973
2975
2978
2979
2981
2983
2983
2983
2984
2984
2984
2985
2985
2985
2989
2991
2992
2993
2995
2998
3000
3001
3001
3002
3003
3006
3006
3007
3007
3012
3012
3013
3014
3016
3017
3019
3020
3022
3024
3026
3028
3030
3033
3035
3036
3039
3040
3040
3040
3042
3043
3043
3045
3047
3049
3049
3050
3051
3052
3053
3053
3053
3055
3056
3057
3058
3058
3059
3060
3061
3061
3061
3064
3065
3066
3066
3066
3067
3069
3070
3070
3070
3072
3073
3073
3073
3075
3076
3077
3077
3077
3077
3079
3079
3080
3081
3081
3083
3083
3084
3085
3086
3086
3087
3087
3088
3093
3094
3097
3098
3098
3101
3105
3106
3107
3107
3107
3108
3108
3111
3111
3112
3115
3115
3116
3117
3118
3119
3120
3120
3121
3121
3121
3121
3122
3124
3125
3125
3127
3127
3127
3129
3132
3133
3137
3138
3138
3140
3141
3141
3142
3143
3145
3145
3146
3147
3147
3147
3147
3148
3148
3148
3149
3149
3150
3153
3153
3154
3155
3159
3160
3161
3163
3163
3164
3165
3165
3165
3167
3167
3170
3170
3173
3174
3175
3175
3175
3175
3175
3175
3176
3177
3177
3177
3178
3178
3179
3179
3179
3181
3181
3183
3184
3184
3186
3186
3187
3188
3189
3189
3191
3194
3195
3195
3195
3196
3196
3200
3202
3203
3203
3205
3206
3207
3208
3210
3211
3212
3212
3213
3214
3215
3216
3216
3217
3218
3219
3222
3222
3223
3224
3225
3225
3226
3227
3227
3228
3228
3229
3232
3233
3234
3236
3237
3239
3239
3241
3241
3242
3243
3243
3244
3248
3250
3251
3253
3254
3257
3257
3258
3261
3261
3262
3262
3264
3265
3266
3268
3269
3270
3270
3271
3273
3275
3277
3278
3279
3279
3279
3281
3282
3283
3283
3283
3285
3285
3289
3290
3291
3291
3292
3292
3293
3294
3295
3295
3296
3296
3298
3299
3299
3299
3299
3304
3305
3306
3306
3306
3308
3308
3309
3311
3312
3312
3314
3314
3320
3322
3322
3324
3324
3325
3327
3328
3328
3330
3331
3331
3331
3333
3334
3334
3334
3335
3335
3336
3337
3339
3340
3340
3343
3343
3343
3344
3345
3345
3346
3346
3348
3348
3348
3350
3351
3351
3352
3353
3354
3354
3355
3355
3356
3356
3359
3360
3360
3361
3361
3362
3362
3362
3363
3364
3364
3366
3367
3367
3368
3368
3369
3372
3374
3375
3376
3376
3377
3379
3380
3380
3384
3386
3386
3387
3387
3388
3388
3388
3389
3389
3390
3391
3392
3392
3393
3394
3395
3396
3398
3399
3400
3401
3406
3408
3410
3412
3412
3412
3412
3413
3413
3414
3415
3415
3418
3419
3421
3421
3421
3421
3421
3422
3425
3425
3427
3427
3428
3428
3429
3431
3431
3435
3435
3436
3436
3437
3437
3438
3438
3440
3441
3442
3443
3444
3445
3445
3447
3448
3448
3451
3451
3452
3453
3453
3455
3456
3457
3459
3459
3459
3461
3461
3461
3462
3462
3463
3464
3464
3465
3466
3466
3468
3468
3468
3469
3469
3470
3470
3471
3472
3472
3472
3473
3474
3475
3475
3476
3476
3477
3478
3481
3481
3483
3485
3486
3487
3487
3491
3493
3494
3494
3497
3497
3500
3504
3507
3508
3508
3509
3509
3511
3514
3515
3515
3515
3516
3517
3519
3522
3523
3523
3523
3524
3525
3526
3527
3528
3528
3528
3530
3531
3531
3532
3533
3533
3536
3536
3537
3537
3539
3541
3542
3542
3542
3542
3543
3544
3546
3547
3548
3548
3552
3553
3553
3553
3553
3555
3556
3556
3556
3556
3557
3558
3559
3561
3562
3562
3566
3567
3567
3568
3569
3570
3572
3573
3573
3574
3575
3577
3577
3577
3579
3580
3582
3583
3583
3583
3583
3584
3586
3586
3588
3589
3591
3591
3592
3595
3595
3595
3597
3598
3602
3603
3605
3605
3606
3606
3607
3608
3608
3609
3609
3610
3612
3613
3614
3615
3615
3618
3619
3620
3621
3621
3622
3624
3625
3625
3625
3627
3628
3628
3628
3628
3629
3633
3633
3634
3635
3635
3636
3636
3637
3638
3639
3641
3642
3643
3643
3645
3645
3646
3646
3646
3647
3648
3651
3653
3654
3655
3655
3656
3657
3658
3659
3662
3662
3662
3664
3664
3664
3665
3665
3666
3666
3668
3668
3670
3671
3672
3673
3674
3674
3675
3675
3675
3678
3680
3680
3680
3681
3681
3683
3683
3685
3686
3687
3687
3687
3688
3690
3690
3692
3693
3695
3695
3697
3697
3698
3701
3703
3703
3703
3705
3706
3706
3707
3707
3708
3708
3710
3710
3714
3714
3715
3715
3717
3717
3717
3720
3720
3724
3724
3725
3725
3726
3728
3728
3729
3729
3729
3731
3732
3733
3738
3739
3741
3741
3742
3743
3743
3744
3744
3746
3747
3747
3748
3748
3748
3749
3751
3752
3752
3753
3753
3754
3755
3756
3758
3760
3761
3762
3762
3763
3764
3764
3768
3769
3771
3772
3772
3773
3774
3774
3775
3778
3778
3780
3782
3784
3784
3784
3785
3785
3788
3789
3789
3790
3792
3792
3793
3795
3796
3796
3797
3798
3800
3801
3802
3804
3806
3807
3809
3809
3812
3813
3815
3816
3817
3819
3820
3825
3826
3827
3828
3828
3829
3831
3832
3832
3832
3833
3834
3834
3834
3834
3836
3837
3837
3838
3839
3840
3840
3844
3844
3844
3845
3847
3848
3848
3848
3850
3850
3851
3851
3852
3852
3853
3854
3856
3856
3857
3857
3858
3859
3860
3861
3861
3862
3863
3865
3865
3865
3865
3867
3867
3868
3869
3869
3870
3871
3871
3871
3872
3872
3873
3873
3873
3874
3874
3874
3874
3876
3878
3879
3880
3880
3882
3882
3882
3883
3884
3885
3885
3886
3887
3887
3888
3890
3890
3891
3892
3892
3892
3897
3902
3903
3904
3904
3905
3906
3906
3907
3909
3909
3910
3910
3911
3913
3914
3914
3916
3916
3918
3919
3920
3923
3923
3924
3924
3924
3924
3925
3925
3926
3929
3929
3931
3933
3933
3936
3938
3938
3940
3941
3941
3942
3942
3944
3945
3947
3949
3949
3951
3952
3952
3954
3956
3957
3959
3959
3962
3962
3962
3964
3964
3964
3965
3966
3966
3968
3969
3971
3974
3974
3975
3975
3976
3977
3977
3978
3979
3982
3982
3984
3985
3987
3987
3991
3992
3992
3992
3993
3996
3997
3998
3998
3998
4003
4003
4005
4005
4006
4008
4009
4009
4013
4013
4015
4016
4016
4016
4017
4018
4018
4019
4023
4023
4023
4024
4026
4027
4028
4030
4031
4031
4031
4031
4033
4033
4034
4035
4035
4036
4038
4040
4040
4042
4042
4043
4045
4046
4047
4047
4049
4050
4051
4052
4052
4053
4055
4055
4056
4057
4058
4058
4059
4059
4061
4062
4062
4062
4064
4064
4065
4067
4067
4068
4069
4069
4070
4070
4071
4072
4072
4073
4076
4076
4077
4080
4080
4080
4080
4082
4083
4084
4086
4090
4091
4092
4092
4093
4095
4095
4095
4096
4096
4097
4097
4097
4099
4100
4100
4103
4103
4103
4107
4108
4109
4109
4111
4111
4112
4113
4114
4114
4115
4115
4117
4118
4120
4122
4122
4123
4125
4125
4128
4131
4132
4133
4135
4135
4136
4137
4138
4140
4140
4141
4142
4144
4144
4145
4146
4146
4147
4151
4151
4152
4152
4153
4153
4153
4154
4155
4156
4156
4157
4158
4158
4160
4161
4162
4165
4166
4166
4168
4171
4171
4171
4172
4172
4173
4175
4177
4180
4181
4182
4183
4184
4186
4187
4188
4189
4190
4190
4193
4193
4195
4195
4195
4196
4197
4197
4197
4197
4200
4201
4201
4201
4202
4204
4206
4206
4207
4209
4210
4211
4211
4211
4212
4212
4213
4213
4213
4214
4215
4216
4217
4219
4219
4221
4222
4222
4227
4228
4229
4230
4230
4231
4232
4233
4233
4234
4235
4236
4238
4239
4240
4243
4244
4245
4245
4248
4248
4249
4251
4252
4252
4253
4253
4254
4261
4263
4264
4265
4268
4269
4270
4270
4272
4274
4276
4278
4278
4278
4279
4279
4279
4279
4287
4287
4287
4288
4288
4293
4296
4296
4297
4298
4298
4298
4299
4299
4301
4303
4303
4303
4303
4304
4304
4305
4307
4307
4307
4310
4310
4313
4313
4313
4313
4319
4319
4319
4321
4321
4321
4321
4322
4323
4323
4324
4325
4325
4326
4328
4328
4328
4328
4331
4332
4334
4335
4336
4336
4338
4339
4340
4340
4340
4340
4341
4342
4342
4342
4342
4343
4343
4343
4343
4343
4344
4345
4346
4347
4347
4348
4349
4349
4352
4356
4356
4357
4358
4358
4359
4360
4361
4362
4363
4364
4364
4364
4366
4366
4367
4369
4372
4374
4374
4374
4374
4375
4375
4376
4376
4377
4377
4379
4380
4380
4380
4381
4381
4381
4382
4382
4385
4386
4386
4387
4389
4389
4389
4392
4393
4393
4395
4396
4396
4397
4398
4398
4398
4398
4398
4398
4399
4400
4402
4403
4403
4403
4404
4405
4405
4406
4409
4410
4412
4412
4412
4414
4415
4415
4416
4417
4419
4419
4421
4422
4425
4426
4427
4428
4428
4429
4430
4431
4432
4433
4433
4433
4433
4435
4436
4436
4437
4438
4440
4442
4443
4444
4444
4445
4447
4448
4448
4451
4451
4451
4451
4452
4452
4454
4454
4454
4456
4457
4458
4458
4459
4459
4459
4460
4461
4463
4463
4463
4465
4465
4465
4466
4466
4466
4466
4467
4468
4469
4474
4475
4476
4477
4477
4480
4481
4482
4482
4483
4484
4484
4485
4485
4485
4485
4486
4487
4487
4489
4490
4491
4491
4491
4491
4492
4493
4495
4495
4498
4498
4498
4499
4499
4500
4502
4504
4506
4506
4507
4509
4509
4512
4514
4516
4517
4518
4519
4519
4519
4519
4527
4527
4528
4530
4531
4531
4533
4533
4533
4534
4539
4542
4543
4544
4546
4546
4546
4548
4549
4549
4550
4551
4551
4551
4552
4552
4554
4555
4555
4556
4556
4556
4557
4557
4557
4558
4558
4558
4560
4560
4561
4562
4564
4565
4566
4566
4567
4569
4570
4572
4573
4574
4575
4575
4576
4577
4578
4578
4578
4580
4580
4581
4581
4581
4581
4585
4586
4587
4589
4590
4590
4591
4592
4592
4593
4595
4595
4596
4596
4598
4598
4599
4600
4601
4602
4603
4603
4604
4605
4605
4607
4609
4609
4609
4611
4612
4612
4612
4614
4614
4615
4615
4617
4619
4620
4621
4621
4621
4622
4623
4626
4626
4627
4628
4629
4633
4633
4634
4635
4635
4635
4635
4635
4635
4636
4637
4638
4638
4640
4640
4644
4645
4645
4645
4646
4647
4654
4655
4656
4656
4656
4657
4657
4658
4659
4663
4665
4665
4666
4666
4667
4667
4669
4669
4669
4669
4671
4672
4673
4674
4678
4678
4678
4678
4679
4679
4679
4679
4679
4680
4680
4680
4680
4681
4681
4685
4689
4690
4691
4691
4691
4692
4693
4693
4694
4694
4695
4695
4695
4696
4696
4696
4696
4697
4698
4700
4701
4701
4702
4704
4705
4705
4706
4707
4707
4707
4710
4710
4712
4712
4715
4717
4718
4719
4719
4720
4722
4723
4723
4724
4727
4728
4729
4734
4735
4735
4737
4739
4739
4740
4740
4741
4741
4741
4742
4742
4742
4744
4748
4750
4750
4750
4753
4753
4753
4753
4754
4754
4755
4756
4758
4760
4761
4762
4762
4762
4764
4766
4768
4769
4770
4773
4773
4775
4775
4777
4777
4777
4778
4779
4779
4780
4780
4781
4783
4784
4785
4785
4785
4786
4786
4787
4788
4789
4793
4794
4794
4798
4798
4798
4800
4800
4801
4801
4802
4804
4804
4807
4807
4810
4810
4811
4813
4813
4813
4813
4815
4815
4815
4815
4816
4817
4817
4818
4819
4819
4819
4819
4821
4825
4826
4827
4827
4828
4829
4831
4831
4832
4835
4835
4838
4838
4839
4841
4841
4841
4842
4843
4844
4845
4845
4845
4845
4846
4846
4847
4848
4849
4850
4851
4852
4852
4853
4857
4858
4859
4859
4859
4859
4862
4863
4863
4864
4864
4865
4865
4866
4866
4868
4869
4870
4871
4872
4872
4872
4873
4873
4873
4874
4876
4878
4879
4881
4881
4885
4887
4887
4888
4888
4889
4889
4890
4891
4891
4894
4895
4895
4898
4898
4899
4899
4899
4899
4901
4903
4903
4903
4904
4904
4905
4906
4908
4909
4910
4911
4913
4913
4913
4914
4914
4915
4916
4919
4921
4921
4924
4926
4926
4927
4927
4928
4929
4930
4932
4932
4933
4934
4934
4939
4940
4940
4942
4944
4945
4947
4947
4948
4948
4948
4949
4949
4949
4954
4957
4957
4961
4962
4962
4963
4964
4964
4964
4965
4966
4966
4967
4967
4967
4968
4968
4969
4971
4973
4973
4975
4975
4975
4977
4980
4981
4982
4985
4985
4987
4988
4988
4989
4989
4990
4990
4990
4990
4991
4991
4996
4997
4997
4999
4999
5002
5003
5004
5004
5006
5007
5008
5008
5008
5009
5009
5009
5011
5012
5013
5013
5014
5015
5015
5017
5017
5018
5019
5021
5023
5024
5025
5026
5027
5027
5029
5029
5030
5032
5032
5032
5033
5033
5034
5035
5036
5036
5037
5039
5040
5041
5042
5043
5044
5044
5044
5046
5047
5049
5051
5051
5052
5053
5053
5054
5055
5057
5057
5058
5058
5058
5058
5061
5062
5062
5064
5064
5066
5066
5068
5069
5070
5071
5071
5071
5071
5071
5071
5072
5072
5074
5075
5076
5077
5077
5078
5079
5079
5079
5080
5080
5081
5081
5083
5085
5086
5086
5087
5087
5088
5090
5093
5093
5094
5095
5097
5097
5100
5105
5105
5109
5109
5110
5110
5111
5114
5114
5115
5115
5116
5117
5117
5119
5119
5121
5121
5122
5122
5123
5124
5124
5124
5124
5125
5127
5128
5129
5129
5129
5130
5131
5131
5134
5134
5135
5137
5137
5138
5139
5140
5140
5140
5140
5141
5141
5141
5142
5143
5143
5145
5145
5148
5149
5149
5150
5150
5152
5153
5153
5154
5156
5156
5157
5158
5159
5161
5162
5162
5164
5164
5165
5166
5167
5168
5169
5170
5170
5173
5173
5174
5175
5176
5176
5177
5178
5179
5180
5180
5181
5181
5182
5183
5184
5184
5185
5186
5186
5186
5190
5191
5192
5193
5194
5195
5195
5196
5197
5198
5198
5199
5201
5203
5204
5208
5208
5211
5211
5212
5212
5213
5213
5213
5214
5214
5214
5216
5217
5218
5219
5220
5220
5221
5221
5225
5227
5228
5229
5230
5230
5231
5234
5234
5234
5235
5235
5236
5238
5239
5240
5242
5242
5243
5243
5244
5244
5244
5246
5246
5247
5248
5248
5248
5248
5251
5252
5252
5253
5254
5254
5255
5255
5256
5257
5258
5259
5259
5261
5261
5261
5261
5265
5266
5266
5268
5269
5269
5269
5272
5272
5272
5275
5276
5277
5277
5277
5279
5280
5283
5285
5291
5291
5291
5292
5294
5295
5296
5296
5297
5305
5307
5308
5310
5311
5311
5313
5314
5314
5315
5316
5318
5319
5319
5319
5320
5320
5321
5322
5327
5328
5328
5329
5330
5332
5332
5334
5334
5334
5335
5338
5340
5340
5340
5340
5341
5343
5344
5344
5346
5346
5346
5347
5349
5349
5349
5350
5351
5351
5352
5352
5354
5355
5355
5356
5357
5357
5358
5359
5360
5360
5361
5362
5364
5364
5366
5367
5367
5368
5369
5369
5370
5371
5371
5371
5372
5372
5373
5375
5376
5376
5376
5377
5379
5382
5382
5386
5390
5390
5390
5392
5392
5392
5393
5393
5393
5393
5394
5394
5395
5395
5396
5397
5398
5399
5400
5400
5402
5402
5404
5406
5408
5411
5411
5414
5414
5414
5415
5415
5416
5418
5419
5421
5424
5425
5425
5426
5426
5429
5429
5431
5433
5433
5439
5441
5441
5444
5444
5444
5446
5447
5449
5450
5451
5452
5452
5453
5453
5454
5457
5457
5459
5459
5460
5461
5461
5461
5461
5462
5462
5462
5462
5463
5463
5464
5467
5468
5469
5470
5471
5473
5477
5478
5480
5480
5481
5482
5483
5484
5484
5485
5486
5486
5487
5487
5487
5489
5489
5491
5491
5492
5493
5494
5496
5496
5497
5498
5498
5499
5500
5501
5501
5504
5506
5507
5508
5511
5514
5517
5517
5518
5520
5520
5522
5522
5523
5523
5524
5525
5525
5526
5527
5527
5527
5527
5528
5534
5534
5537
5539
5539
5539
5540
5540
5541
5544
5545
5548
5549
5549
5549
5549
5550
5550
5551
5552
5552
5553
5553
5553
5554
5554
5554
5555
5555
5555
5557
5557
5558
5558
5560
5560
5564
5565
5566
5566
5567
5567
5568
5569
5571
5575
5575
5575
5576
5577
5577
5579
5579
5581
5583
5584
5585
5586
5586
5586
5588
5591
5592
5595
5595
5596
5598
5598
5599
5601
5602
5602
5604
5605
5606
5606
5608
5609
5610
5611
5612
5612
5616
5617
5618
5620
5620
5621
5622
5623
5624
5624
5631
5634
5634
5635
5636
5636
5637
5638
5639
5639
5640
5642
5642
5645
5645
5646
5646
5647
5647
5649
5649
5650
5650
5650
5651
5651
5652
5652
5652
5654
5655
5655
5656
5657
5658
5660
5661
5662
5664
5665
5666
5667
5671
5671
5673
5675
5675
5675
5675
5676
5677
5678
5681
5683
5684
5684
5684
5685
5686
5686
5687
5687
5689
5689
5690
5690
5692
5694
5694
5696
5697
5698
5699
5699
5700
5701
5704
5704
5704
5705
5705
5705
5705
5705
5706
5708
5709
5710
5711
5712
5716
5716
5716
5718
5719
5719
5722
5723
5724
5725
5727
5727
5728
5728
5728
5729
5730
5732
5732
5734
5736
5737
5737
5738
5739
5740
5741
5741
5742
5742
5743
5750
5751
5751
5754
5755
5755
5757
5757
5758
5758
5759
5761
5765
5766
5766
5766
5767
5769
5769
5771
5771
5771
5774
5774
5774
5777
5778
5779
5779
5780
5780
5781
5782
5782
5783
5785
5786
5786
5788
5789
5789
5789
5791
5791
5793
5796
5799
5800
5801
5802
5805
5806
5806
5806
5807
5807
5808
5810
5810
5811
5811
5811
5813
5814
5815
5815
5816
5817
5820
5821
5822
5823
5823
5825
5825
5827
5827
5827
5828
5828
5829
5829
5829
5830
5832
5835
5836
5837
5837
5837
5839
5841
5842
5842
5843
5849
5849
5852
5852
5853
5855
5856
5856
5857
5858
5859
5859
5860
5863
5863
5863
5866
5867
5867
5868
5869
5869
5870
5870
5871
5871
5872
5874
5874
5875
5875
5878
5888
5888
5890
5891
5892
5893
5894
5896
5896
5897
5897
5898
5898
5899
5900
5900
5901
5901
5903
5903
5904
5905
5906
5906
5908
5909
5910
5910
5910
5911
5912
5912
5915
5917
5918
5920
5921
5921
5922
5922
5922
5922
5923
5924
5924
5926
5926
5927
5929
5930
5930
5931
5931
5933
5934
5935
5935
5936
5937
5938
5939
5940
5940
5941
5942
5942
5942
5944
5944
5945
5945
5945
5946
5947
5947
5948
5948
5949
5953
5954
5955
5956
5956
5957
5957
5957
5958
5958
5960
5961
5964
5965
5966
5967
5969
5970
5970
5971
5974
5975
5976
5976
5978
5981
5981
5981
5982
5983
5984
5984
5984
5985
5986
5987
5988
5990
5991
5992
5992
5993
5994
5994
5995
5995
5995
5996
5999
6001
6006
6007
6007
6007
6009
6010
6011
6011
6011
6012
6012
6013
6013
6014
6017
6017
6017
6018
6018
6022
6023
6028
6028
6029
6030
6031
6032
6033
6034
6037
6037
6037
6038
6039
6040
6042
6045
6046
6046
6048
6048
6049
6050
6051
6051
6052
6057
6058
6061
6061
6063
6064
6065
6065
6067
6067
6067
6070
6071
6071
6072
6073
6073
6073
6074
6074
6075
6076
6076
6077
6080
6086
6086
6088
6090
6090
6091
6092
6093
6095
6095
6099
6099
6101
6102
6104
6107
6107
6107
6108
6108
6109
6110
6110
6111
6112
6113
6113
6113
6115
6118
6118
6118
6119
6121
6121
6122
6123
6123
6125
6126
6129
6129
6129
6130
6131
6131
6132
6132
6133
6133
6137
6137
6139
6139
6140
6140
6145
6146
6146
6146
6147
6148
6149
6150
6151
6152
6152
6152
6155
6155
6157
6159
6160
6160
6161
6162
6164
6168
6168
6170
6170
6171
6174
6175
6176
6178
6179
6180
6181
6182
6184
6185
6186
6187
6188
6188
6189
6189
6190
6191
6191
6192
6193
6193
6194
6195
6195
6196
6196
6198
6198
6198
6198
6199
6199
6201
6202
6202
6203
6203
6204
6204
6206
6208
6209
6211
6212
6213
6213
6214
6215
6216
6221
6222
6222
6223
6223
6224
6224
6226
6227
6228
6229
6229
6230
6230
6232
6232
6233
6233
6236
6237
6238
6239
6239
6241
6241
6241
6243
6244
6245
6246
6248
6249
6249
6250
6250
6251
6253
6253
6254
6254
6255
6255
6255
6255
6256
6257
6257
6263
6264
6264
6265
6266
6267
6267
6267
6269
6269
6270
6270
6271
6272
6272
6274
6274
6275
6278
6278
6279
6280
6282
6284
6284
6284
6286
6286
6286
6286
6288
6290
6290
6290
6292
6293
6294
6295
6295
6295
6295
6298
6299
6299
6300
6301
6301
6303
6304
6304
6306
6306
6306
6309
6309
6310
6311
6312
6314
6314
6316
6317
6320
6320
6320
6321
6322
6323
6325
6325
6325
6325
6326
6330
6330
6333
6333
6334
6334
6336
6338
6339
6339
6340
6343
6343
6344
6347
6347
6348
6349
6349
6349
6351
6351
6351
6354
6354
6355
6355
6356
6357
6357
6357
6358
6359
6360
6360
6362
6362
6365
6366
6366
6366
6367
6367
6367
6368
6370
6371
6371
6372
6374
6376
6376
6377
6377
6377
6378
6378
6380
6380
6385
6388
6389
6391
6391
6392
6392
6393
6394
6395
6396
6397
6399
6399
6399
6400
6400
6401
6401
6401
6402
6403
6403
6404
6404
6404
6405
6406
6408
6410
6410
6410
6411
6411
6412
6413
6414
6416
6417
6419
6421
6422
6423
6423
6423
6424
6424
6425
6425
6426
6427
6428
6430
6431
6431
6431
6432
6433
6437
6438
6438
6440
6440
6441
6445
6445
6446
6447
6448
6448
6448
6450
6450
6453
6454
6454
6455
6457
6459
6462
6463
6467
6469
6471
6473
6474
6475
6475
6476
6476
6477
6478
6479
6479
6480
6480
6480
6481
6482
6483
6483
6484
6486
6486
6488
6490
6491
6491
6491
6491
6492
6492
6493
6494
6496
6497
6499
6500
6501
6502
6503
6504
6505
6505
6507
6509
6510
6511
6512
6513
6513
6514
6514
6515
6515
6516
6516
6516
6517
6518
6520
6520
6521
6521
6521
6522
6524
6524
6524
6524
6528
6528
6528
6530
6530
6535
6535
6537
6538
6538
6539
6539
6541
6541
6542
6543
6543
6544
6545
6546
6546
6547
6547
6548
6549
6551
6551
6552
6552
6556
6556
6560
6560
6561
6562
6563
6564
6565
6568
6568
6569
6570
6573
6574
6575
6576
6578
6580
6581
6581
6583
6586
6589
6590
6590
6591
6592
6593
6594
6595
6595
6599
6600
6602
6602
6604
6607
6608
6609
6610
6611
6615
6616
6616
6620
6620
6621
6623
6623
6624
6625
6625
6625
6626
6626
6626
6627
6628
6630
6631
6633
6635
6637
6639
6640
6642
6642
6643
6643
6645
6645
6646
6647
6649
6649
6651
6651
6652
6652
6652
6653
6655
6657
6659
6659
6660
6660
6661
6662
6664
6666
6666
6667
6667
6668
6669
6670
6670
6671
6673
6673
6673
6675
6677
6678
6678
6679
6679
6681
6681
6682
6682
6683
6685
6686
6688
6690
6691
6694
6695
6695
6696
6698
6698
6698
6701
6701
6702
6703
6707
6707
6709
6709
6709
6710
6710
6713
6714
6716
6716
6718
6719
6719
6720
6720
6722
6722
6723
6723
6723
6723
6724
6724
6724
6725
6725
6726
6726
6728
6729
6731
6731
6732
6732
6732
6733
6734
6735
6735
6737
6738
6738
6739
6742
6743
6746
6747
6748
6748
6752
6752
6754
6754
6755
6756
6756
6757
6757
6759
6760
6760
6760
6760
6761
6763
6763
6765
6766
6766
6767
6770
6771
6772
6774
6774
6777
6779
6779
6781
6782
6783
6783
6784
6784
6784
6785
6786
6788
6789
6790
6790
6791
6791
6794
6794
6795
6796
6797
6797
6798
6798
6800
6800
6802
6802
6803
6805
6805
6807
6808
6808
6808
6810
6811
6811
6814
6814
6817
6818
6819
6825
6825
6827
6828
6828
6830
6833
6834
6835
6837
6839
6840
6841
6841
6842
6843
6843
6844
6844
6846
6846
6847
6847
6848
6849
6849
6850
6850
6851
6851
6852
6853
6853
6855
6855
6856
6857
6857
6860
6861
6861
6861
6862
6863
6864
6864
6864
6865
6866
6867
6869
6870
6872
6874
6874
6874
6874
6874
6874
6877
6878
6879
6880
6880
6880
6881
6882
6883
6883
6884
6885
6885
6887
6887
6887
6888
6890
6892
6892
6893
6894
6901
6902
6902
6903
6903
6905
6905
6907
6907
6907
6908
6910
6911
6912
6914
6915
6916
6917
6919
6919
6920
6921
6921
6924
6924
6925
6925
6926
6927
6927
6927
6928
6929
6932
6933
6935
6936
6941
6941
6941
6943
6943
6946
6947
6948
6948
6950
6951
6953
6954
6956
6959
6959
6959
6960
6960
6960
6961
6961
6962
6964
6965
6966
6966
6966
6969
6973
6975
6977
6978
6978
6979
6980
6981
6981
6982
6982
6982
6982
6984
6985
6986
6986
6988
6990
6990
6992
6993
6993
6994
6996
6996
6998
7001
7002
7003
7004
7005
7005
7007
7009
7009
7011
7011
7012
7013
7013
7014
7015
7016
7017
7020
7020
7021
7022
7022
7023
7024
7024
7025
7027
7027
7028
7030
7030
7031
7033
7033
7034
7035
7036
7036
7036
7038
7038
7039
7039
7040
7042
7042
7044
7045
7046
7046
7048
7048
7048
7050
7050
7050
7052
7052
7052
7053
7053
7054
7055
7055
7057
7060
7060
7061
7061
7064
7064
7065
7066
7066
7068
7069
7070
7070
7070
7070
7071
7071
7071
7072
7073
7074
7076
7077
7077
7077
7078
7078
7079
7080
7080
7081
7083
7084
7084
7085
7085
7085
7085
7085
7086
7087
7093
7093
7095
7097
7097
7097
7097
7097
7099
7099
7100
7103
7103
7104
7106
7106
7106
7111
7112
7112
7113
7115
7117
7118
7118
7119
7126
7127
7127
7129
7129
7129
7131
7133
7133
7134
7134
7134
7135
7136
7138
7139
7139
7140
7141
7142
7142
7146
7146
7148
7149
7150
7150
7155
7156
7157
7160
7161
7161
7161
7162
7162
7164
7165
7165
7165
7166
7166
7166
7167
7168
7169
7171
7174
7174
7174
7177
7177
7179
7180
7182
7182
7183
7184
7185
7186
7191
7191
7192
7195
7196
7196
7196
7197
7200
7200
7201
7201
7202
7203
7203
7204
7204
7206
7207
7208
7208
7209
7210
7211
7211
7211
7212
7217
7218
7221
7221
7222
7225
7228
7228
7229
7229
7230
7230
7233
7234
7234
7238
7238
7239
7239
7240
7241
7242
7242
7243
7245
7250
7250
7252
7252
7253
7253
7254
7256
7257
7257
7259
7262
7263
7265
7266
7266
7267
7267
7269
7269
7271
7271
7272
7272
7272
7273
7274
7274
7274
7274
7274
7276
7277
7278
7278
7278
7278
7279
7280
7282
7283
7283
7283
7284
7285
7285
7291
7291
7292
7292
7293
7293
7294
7294
7295
7295
7296
7297
7300
7300
7301
7302
7302
7302
7304
7305
7305
7306
7307
7309
7309
7309
7310
7313
7314
7314
7314
7315
7317
7318
7319
7320
7321
7321
7323
7325
7327
7329
7333
7336
7338
7338
7338
7340
7340
7340
7341
7342
7343
7344
7344
7344
7345
7345
7347
7347
7347
7348
7351
7352
7353
7354
7358
7359
7360
7361
7362
7362
7364
7366
7366
7366
7367
7367
7368
7370
7371
7371
7371
7371
7374
7376
7376
7378
7378
7378
7380
7382
7385
7385
7386
7388
7389
7391
7392
7392
7395
7395
7397
7399
7399
7399
7400
7402
7402
7404
7404
7405
7406
7407
7407
7411
7412
7413
7414
7415
7420
7421
7421
7422
7423
7423
7423
7424
7424
7425
7426
7428
7429
7434
7434
7435
7439
7439
7440
7443
7445
7445
7446
7446
7448
7449
7449
7452
7452
7453
7456
7456
7456
7458
7460
7461
7462
7463
7463
7464
7465
7466
7467
7468
7469
7469
7469
7470
7470
7470
7470
7471
7472
7473
7473
7473
7474
7475
7479
7480
7482
7482
7483
7483
7485
7487
7487
7487
7488
7489
7490
7491
7491
7493
7495
7498
7501
7501
7502
7502
7503
7503
7503
7504
7506
7506
7507
7508
7508
7509
7509
7510
7510
7514
7514
7515
7516
7517
7517
7519
7519
7520
7521
7521
7522
7524
7524
7525
7526
7526
7528
7529
7530
7532
7533
7539
7539
7540
7543
7545
7546
7547
7550
7550
7552
7555
7556
7557
7559
7559
7560
7560
7561
7563
7565
7566
7566
7566
7568
7568
7570
7572
7573
7574
7574
7577
7578
7580
7581
7584
7586
7587
7587
7587
7587
7590
7594
7595
7596
7598
7599
7600
7600
7601
7602
7603
7605
7605
7606
7607
7612
7612
7613
7614
7621
7622
7622
7624
7626
7627
7627
7628
7631
7634
7636
7636
7638
7638
7639
7641
7643
7646
7646
7648
7648
7649
7649
7650
7650
7650
7651
7652
7654
7654
7654
7655
7656
7656
7657
7657
7657
7657
7661
7662
7663
7663
7665
7668
7669
7670
7670
7671
7672
7673
7673
7674
7674
7674
7674
7676
7681
7681
7683
7685
7686
7686
7687
7687
7689
7689
7689
7689
7692
7692
7693
7693
7694
7695
7699
7699
7700
7704
7708
7708
7709
7710
7710
7712
7714
7714
7714
7714
7715
7717
7721
7722
7722
7722
7722
7724
7724
7725
7726
7727
7728
7728
7729
7730
7730
7730
7732
7732
7735
7735
7737
7739
7741
7741
7744
7744
7745
7745
7745
7746
7747
7747
7749
7749
7749
7750
7750
7751
7751
7752
7752
7754
7754
7757
7758
7760
7760
7761
7762
7762
7764
7765
7765
7767
7767
7767
7768
7770
7771
7771
7772
7772
7772
7775
7776
7776
7778
7779
7780
7783
7783
7784
7785
7785
7785
7786
7787
7787
7787
7789
7790
7791
7792
7793
7794
7794
7797
7797
7799
7799
7803
7804
7805
7808
7809
7811
7811
7811
7811
7812
7813
7814
7815
7815
7815
7817
7817
7827
7827
7828
7828
7829
7829
7831
7832
7835
7836
7836
7836
7837
7837
7838
7839
7839
7841
7844
7846
7846
7846
7847
7849
7849
7850
7850
7850
7851
7851
7851
7852
7852
7853
7853
7853
7855
7856
7856
7857
7858
7858
7859
7861
7862
7863
7865
7865
7865
7866
7867
7867
7869
7869
7871
7872
7872
7873
7875
7876
7877
7877
7878
7878
7879
7880
7881
7883
7884
7885
7885
7888
7889
7889
7890
7891
7892
7896
7897
7897
7899
7900
7900
7901
7901
7902
7903
7903
7904
7906
7907
7907
7910
7910
7913
7914
7918
7919
7919
7920
7920
7925
7925
7925
7925
7927
7930
7930
7933
7933
7934
7935
7937
7937
7939
7940
7941
7941
7942
7943
7948
7948
7948
7948
7948
7949
7949
7950
7951
7951
7951
7951
7951
7953
7955
7957
7959
7960
7960
7960
7961
7961
7962
7962
7964
7964
7965
7965
7966
7966
7966
7967
7968
7968
7969
7970
7971
7972
7972
7972
7972
7973
7976
7977
7978
7979
7979
7985
7985
7987
7987
7990
7991
7991
7992
7996
7996
7996
7997
7998
8000
8001
8001
8004
8005
8006
8008
8013
8015
8016
8017
8018
8019
8023
8024
8025
8025
8026
8026
8028
8030
8030
8032
8032
8033
8034
8035
8037
8037
8038
8040
8040
8042
8042
8043
8044
8046
8047
8047
8048
8049
8049
8055
8056
8058
8059
8059
8059
8064
8067
8068
8068
8068
8068
8068
8069
8069
8069
8071
8071
8072
8072
8073
8074
8075
8076
8077
8077
8079
8079
8080
8081
8081
8081
8082
8082
8082
8082
8083
8084
8085
8085
8087
8087
8088
8089
8089
8090
8091
8091
8091
8092
8094
8096
8097
8098
8098
8099
8099
8102
8103
8105
8106
8108
8108
8109
8110
8111
8111
8112
8112
8113
8113
8114
8116
8116
8116
8117
8120
8123
8124
8124
8124
8125
8125
8126
8126
8126
8126
8129
8130
8132
8132
8133
8133
8133
8134
8134
8135
8136
8138
8139
8140
8140
8143
8143
8147
8148
8148
8148
8152
8153
8153
8154
8156
8157
8157
8158
8159
8162
8165
8165
8166
8170
8171
8171
8172
8172
8172
8173
8174
8174
8175
8176
8180
8181
8183
8183
8183
8184
8189
8189
8190
8190
8191
8191
8192
8192
8193
8195
8195
8197
8199
8200
8202
8203
8207
8207
8208
8208
8209
8210
8210
8212
8213
8213
8215
8216
8221
8225
8226
8228
8229
8229
8230
8230
8231
8231
8232
8233
8233
8234
8234
8237
8239
8240
8241
8241
8242
8244
8244
8246
8246
8248
8248
8248
8248
8249
8250
8251
8252
8252
8253
8255
8255
8257
8257
8258
8260
8261
8262
8263
8263
8263
8264
8264
8264
8266
8266
8268
8268
8268
8269
8269
8270
8270
8272
8273
8273
8274
8275
8277
8277
8280
8280
8280
8281
8282
8282
8283
8287
8288
8288
8288
8290
8291
8293
8293
8294
8295
8296
8298
8301
8301
8302
8302
8303
8304
8304
8306
8306
8306
8306
8308
8308
8309
8311
8311
8311
8311
8313
8313
8313
8313
8313
8313
8316
8316
8316
8316
8316
8318
8320
8320
8321
8325
8325
8325
8326
8326
8328
8330
8330
8331
8331
8332
8332
8333
8335
8335
8335
8336
8337
8338
8338
8340
8341
8343
8344
8344
8345
8346
8346
8346
8346
8347
8347
8348
8348
8351
8353
8353
8354
8354
8355
8358
8359
8359
8361
8362
8362
8364
8366
8366
8368
8368
8373
8374
8374
8375
8375
8376
8377
8379
8379
8381
8384
8386
8389
8391
8393
8393
8394
8394
8395
8395
8395
8397
8398
8399
8399
8401
8401
8402
8404
8405
8406
8407
8407
8407
8408
8410
8410
8411
8412
8412
8412
8414
8414
8416
8417
8417
8418
8420
8420
8421
8421
8423
8424
8424
8426
8426
8427
8428
8430
8430
8430
8431
8432
8432
8433
8434
8435
8436
8436
8439
8440
8440
8442
8444
8445
8445
8446
8447
8449
8454
8454
8454
8457
8457
8457
8458
8458
8458
8459
8459
8460
8460
8461
8464
8465
8465
8465
8466
8467
8467
8468
8470
8470
8477
8477
8479
8479
8480
8481
8481
8483
8484
8484
8484
8485
8486
8486
8487
8491
8493
8494
8494
8496
8496
8496
8497
8502
8504
8505
8507
8507
8509
8509
8509
8510
8511
8512
8513
8514
8515
8515
8515
8516
8516
8516
8517
8518
8520
8520
8520
8521
8521
8523
8524
8524
8524
8528
8528
8529
8531
8532
8533
8535
8538
8539
8539
8539
8541
8543
8544
8545
8545
8546
8546
8546
8548
8548
8548
8549
8549
8549
8550
8551
8553
8553
8554
8555
8557
8558
8560
8561
8562
8563
8563
8563
8564
8564
8567
8568
8570
8570
8572
8573
8574
8574
8574
8575
8575
8576
8578
8579
8581
8581
8582
8582
8585
8585
8587
8588
8590
8590
8591
8591
8591
8592
8592
8592
8593
8593
8593
8594
8595
8595
8596
8597
8598
8598
8600
8600
8600
8602
8602
8603
8604
8604
8608
8612
8612
8614
8615
8616
8617
8619
8620
8621
8622
8623
8623
8624
8625
8625
8626
8631
8633
8634
8635
8636
8637
8639
8640
8641
8641
8642
8646
8646
8647
8647
8648
8650
8650
8656
8660
8660
8660
8661
8661
8661
8661
8662
8662
8662
8664
8665
8666
8666
8667
8667
8668
8669
8669
8670
8670
8670
8672
8672
8674
8675
8677
8677
8677
8679
8680
8680
8680
8682
8683
8683
8684
8684
8685
8688
8689
8689
8690
8691
8692
8692
8693
8693
8694
8694
8695
8697
8697
8699
8700
8701
8703
8704
8707
8707
8713
8714
8716
8717
8718
8718
8720
8721
8722
8722
8722
8723
8725
8728
8728
8729
8730
8730
8731
8733
8734
8734
8738
8739
8739
8739
8740
8741
8742
8742
8743
8743
8745
8746
8746
8746
8747
8747
8747
8748
8748
8750
8750
8750
8752
8752
8752
8762
8763
8765
8765
8768
8769
8770
8771
8772
8773
8774
8774
8774
8775
8775
8776
8777
8778
8779
8781
8784
8784
8786
8786
8786
8787
8788
8789
8789
8790
8792
8793
8793
8794
8795
8795
8795
8797
8798
8799
8801
8802
8804
8805
8805
8805
8805
8806
8806
8807
8813
8813
8813
8814
8814
8814
8815
8815
8816
8816
8817
8818
8819
8819
8819
8820
8822
8822
8823
8824
8825
8825
8827
8828
8828
8830
8830
8832
8833
8834
8834
8835
8837
8838
8838
8839
8839
8841
8843
8844
8844
8845
8846
8848
8849
8850
8852
8853
8854
8856
8857
8858
8860
8861
8863
8863
8864
8866
8867
8867
8868
8869
8869
8870
8872
8873
8873
8874
8875
8875
8875
8877
8879
8882
8882
8887
8887
8889
8891
8894
8895
8896
8896
8897
8897
8898
8900
8900
8901
8901
8902
8902
8903
8905
8907
8908
8909
8910
8910
8913
8913
8913
8914
8915
8916
8918
8918
8920
8921
8921
8922
8923
8923
8923
8924
8925
8925
8926
8927
8927
8928
8928
8930
8931
8931
8932
8933
8933
8933
8934
8937
8937
8937
8938
8939
8939
8940
8940
8940
8941
8941
8944
8946
8947
8949
8949
8949
8951
8952
8952
8953
8953
8955
8956
8957
8957
8958
8959
8959
8960
8960
8960
8961
8962
8963
8965
8966
8967
8967
8970
8970
8971
8972
8973
8976
8977
8978
8979
8979
8984
8984
8985
8985
8986
8989
8989
8989
8991
8991
8992
8992
8992
8993
8995
8996
8996
8997
8997
8998
8998
8999
9000
9000
9002
9006
9007
9007
9007
9008
9008
9009
9009
9009
9009
9011
9016
9018
9018
9020
9021
9022
9022
9024
9024
9025
9026
9027
9027
9030
9030
9032
9035
9037
9037
9037
9038
9038
9039
9039
9040
9040
9041
9042
9042
9042
9045
9046
9049
9050
9052
9053
9055
9056
9059
9061
9062
9063
9063
9064
9065
9066
9066
9068
9068
9068
9070
9070
9072
9072
9073
9073
9073
9074
9074
9075
9076
9078
9078
9078
9080
9081
9081
9082
9083
9083
9084
9084
9085
9085
9085
9086
9090
9091
9092
9093
9093
9096
9097
9100
9101
9102
9107
9110
9110
9113
9113
9113
9115
9116
9118
9118
9119
9119
9120
9120
9121
9121
9121
9122
9122
9123
9123
9124
9124
9124
9126
9127
9128
9130
9132
9134
9134
9135
9135
9136
9136
9137
9137
9138
9139
9139
9139
9139
9140
9141
9144
9145
9145
9146
9149
9150
9150
9151
9152
9153
9153
9153
9153
9155
9155
9158
9159
9159
9160
9161
9161
9162
9162
9165
9165
9165
9166
9166
9167
9168
9168
9168
9168
9169
9169
9169
9171
9173
9174
9174
9175
9176
9178
9178
9179
9180
9180
9181
9181
9182
9182
9183
9184
9185
9185
9185
9186
9188
9190
9191
9192
9192
9192
9194
9198
9199
9199
9200
9201
9202
9202
9203
9204
9204
9206
9206
9208
9208
9209
9210
9212
9212
9215
9216
9216
9218
9219
9220
9220
9222
9226
9227
9228
9229
9229
9229
9230
9230
9230
9231
9232
9233
9233
9235
9235
9236
9241
9241
9242
9242
9242
9243
9244
9244
9245
9248
9250
9250
9252
9252
9252
9252
9252
9253
9254
9257
9259
9260
9261
9261
9262
9262
9263
9263
9264
9264
9265
9265
9265
9265
9266
9267
9267
9268
9268
9269
9269
9270
9271
9272
9272
9274
9274
9277
9277
9278
9284
9286
9286
9286
9289
9289
9292
9294
9294
9295
9296
9296
9296
9300
9302
9302
9302
9303
9303
9304
9306
9308
9309
9309
9309
9309
9310
9311
9311
9311
9312
9312
9313
9314
9317
9318
9319
9321
9321
9323
9323
9325
9325
9326
9329
9329
9330
9330
9330
9333
9334
9334
9334
9335
9336
9337
9337
9338
9338
9339
9340
9342
9342
9343
9343
9344
9345
9345
9348
9348
9348
9349
9349
9350
9351
9351
9352
9352
9353
9354
9355
9355
9356
9357
9358
9358
9358
9358
9359
9360
9361
9364
9364
9365
9366
9367
9367
9368
9369
9369
9369
9371
9373
9374
9374
9374
9375
9375
9376
9376
9376
9377
9379
9379
9381
9383
9383
9384
9386
9389
9389
9390
9391
9392
9395
9395
9396
9396
9397
9402
9403
9403
9404
9406
9406
9406
9407
9407
9407
9408
9411
9411
9412
9412
9415
9416
9416
9417
9417
9417
9418
9419
9419
9424
9426
9426
9426
9428
9429
9432
9433
9435
9436
9436
9438
9439
9439
9440
9441
9442
9442
9443
9444
9446
9446
9448
9448
9449
9449
9452
9453
9455
9455
9455
9455
9457
9457
9457
9458
9459
9459
9461
9461
9462
9462
9462
9463
9465
9465
9465
9465
9465
9465
9467
9467
9468
9469
9471
9471
9472
9473
9474
9475
9475
9477
9479
9479
9480
9481
9481
9481
9481
9483
9483
9484
9485
9487
9487
9488
9488
9488
9489
9491
9492
9492
9493
9493
9494
9495
9497
9498
9498
9498
9500
9500
9500
9501
9502
9503
9505
9509
9511
9511
9511
9515
9517
9519
9519
9519
9520
9523
9524
9525
9526
9526
9529
9529
9531
9532
9533
9534
9534
9535
9536
9536
9536
9537
9537
9538
9538
9539
9539
9542
9545
9547
9548
9548
9550
9550
9551
9551
9552
9552
9554
9554
9554
9554
9555
9555
9555
9557
9557
9558
9558
9561
9563
9563
9564
9565
9565
9565
9566
9567
9568
9569
9571
9572
9574
9575
9576
9577
9580
9580
9582
9583
9583
9585
9585
9588
9588
9588
9588
9591
9591
9592
9592
9592
9592
9592
9593
9596
9597
9597
9598
9601
9601
9602
9603
9603
9604
9604
9606
9606
9606
9607
9607
9608
9609
9610
9611
9612
9613
9614
9615
9615
9616
9616
9617
9617
9618
9620
9621
9622
9623
9623
9627
9627
9628
9629
9629
9630
9631
9632
9633
9634
9634
9634
9634
9635
9636
9638
9639
9640
9641
9641
9643
9643
9644
9644
9646
9646
9646
9649
9650
9652
9653
9653
9653
9653
9655
9655
9655
9655
9658
9660
9662
9663
9664
9664
9666
9667
9668
9668
9669
9669
9670
9671
9672
9675
9679
9679
9681
9681
9684
9685
9685
9685
9687
9688
9688
9688
9689
9691
9691
9696
9696
9698
9699
9701
9701
9706
9707
9708
9708
9709
9711
9711
9711
9711
9712
9712
9713
9714
9714
9716
9716
9717
9718
9719
9719
9719
9720
9724
9725
9725
9727
9727
9727
9727
9729
9729
9732
9733
9735
9735
9736
9737
9739
9740
9740
9741
9744
9744
9746
9747
9747
9748
9750
9750
9751
9751
9752
9753
9754
9756
9759
9760
9762
9762
9765
9766
9766
9767
9768
9768
9769
9769
9771
9773
9775
9775
9778
9778
9780
9780
9780
9781
9783
9785
9786
9787
9787
9790
9791
9791
9792
9792
9793
9793
9793
9794
9795
9796
9798
9799
9799
9799
9799
9800
9800
9800
9801
9802
9803
9804
9805
9807
9807
9808
9812
9814
9815
9815
9817
9817
9818
9820
9822
9822
9823
9823
9823
9824
9825
9826
9826
9827
9828
9829
9829
9829
9829
9830
9830
9831
9831
9831
9832
9833
9833
9833
9834
9836
9838
9838
9841
9841
9841
9842
9844
9845
9846
9847
9848
9848
9848
9850
9850
9854
9857
9857
9857
9859
9859
9862
9863
9865
9865
9866
9866
9867
9867
9870
9871
9872
9873
9873
9873
9875
9876
9878
9878
9878
9881
9881
9882
9882
9883
9884
9884
9884
9885
9885
9885
9885
9885
9887
9888
9890
9891
9892
9892
9894
9895
9898
9900
9900
9901
9902
9903
9904
9906
9910
9911
9911
9913
9914
9915
9916
9917
9918
9919
9921
9921
9924
9925
9927
9927
9928
9928
9928
9930
9930
9931
9931
9932
9932
9932
9933
9934
9935
9936
9936
9938
9938
9940
9940
9941
9942
9943
9943
9944
9944
9946
9946
9946
9948
9949
9951
9951
9953
9956
9958
9958
9958
9960
9963
9964
9967
9970
9970
9970
9970
9972
9973
9974
9975
9976
9976
9976
9977
9978
9979
9979
9979
9980
9983
9984
9985
9987
9987
9987
9989
9991
9991
9991
9992
9992
9992
9992
9993
9993
9994
9995
9997
9998
