0
2
5
8
9
10
12
12
14
14
14
14
14
16
17
17
18
21
23
25
25
25
26
27
30
35
35
35
36
37
39
40
41
42
43
43
45
46
48
51
51
51
51
53
53
54
56
59
65
65
66
67
69
69
69
72
72
72
73
79
79
82
82
83
84
84
88
88
88
89
90
92
93
93
93
95
96
96
98
99
100
101
101
105
105
105
106
106
106
108
108
111
111
112
112
113
113
114
114
115
115
116
116
116
117
118
118
119
119
122
123
124
124
125
126
126
128
128
131
132
133
133
134
135
136
136
136
137
137
140
141
143
144
145
145
145
147
152
153
153
154
154
155
155
156
158
159
160
160
162
163
165
166
167
167
168
169
170
170
170
171
172
174
176
176
178
180
181
183
184
185
186
188
190
192
195
195
195
197
198
199
200
201
202
204
204
206
206
209
209
210
210
210
210
212
213
214
215
216
216
217
219
220
221
223
224
224
224
227
229
229
229
230
231
232
233
234
234
235
235
235
238
239
239
239
239
240
243
244
244
245
245
246
247
251
252
255
257
259
263
265
265
266
270
271
272
272
273
273
275
275
278
280
280
280
281
282
283
283
287
288
289
289
289
289
289
290
294
294
295
295
298
298
299
300
301
301
303
304
306
306
316
319
319
322
322
324
324
327
328
328
329
330
332
333
336
339
339
340
340
341
342
344
344
345
345
348
350
354
354
355
355
357
357
357
359
360
360
362
362
364
364
366
367
367
368
368
369
371
372
374
375
375
375
380
381
382
384
384
385
388
390
391
391
392
392
395
398
400
400
401
403
404
405
405
406
406
406
408
412
412
412
412
415
417
419
420
422
422
423
423
426
427
429
429
430
430
432
432
434
434
437
437
438
438
439
441
441
443
443
444
444
445
446
446
446
447
447
450
451
453
455
455
457
459
460
460
461
462
462
462
462
464
465
465
465
466
466
467
469
469
470
470
470
472
475
478
478
479
480
481
482
483
484
484
485
486
487
488
490
490
492
493
494
495
498
498
499
500
500
500
502
502
504
507
507
508
509
509
512
513
514
515
515
518
518
521
521
522
522
523
523
524
525
526
526
528
528
529
536
536
537
538
540
542
543
543
544
544
545
546
546
549
549
550
551
551
552
552
554
554
554
554
554
555
555
557
557
559
560
563
564
564
564
565
567
568
570
575
575
577
578
579
579
579
580
585
585
588
590
590
590
593
594
594
595
596
597
598
602
602
604
604
606
608
609
609
610
611
614
616
618
618
619
619
619
620
622
623
623
624
624
624
625
626
628
629
629
629
631
631
633
636
637
638
639
639
639
640
640
641
643
643
644
644
644
645
645
648
649
650
651
653
653
653
657
658
662
663
663
664
665
666
666
668
669
669
669
670
672
672
672
673
673
675
676
678
678
680
681
682
683
685
687
687
688
690
690
694
694
694
698
699
700
700
700
700
701
702
702
703
704
705
707
707
708
708
708
710
710
711
712
713
720
722
725
727
727
730
731
732
733
734
735
735
736
737
738
738
739
739
740
741
741
744
745
746
747
748
748
748
751
752
752
752
753
756
757
757
757
759
760
760
761
762
764
764
767
768
769
770
770
772
774
775
776
776
776
776
778
779
779
779
780
784
785
786
788
789
789
790
790
790
791
792
793
794
796
797
797
798
799
800
801
803
803
803
804
805
806
807
807
808
809
811
811
812
813
814
815
815
816
817
817
818
819
819
820
820
820
823
824
824
827
828
828
828
828
830
830
832
834
834
835
836
836
837
838
838
838
839
839
841
843
843
845
846
848
848
848
848
851
852
853
854
855
857
857
858
859
859
861
862
864
864
864
865
866
866
867
868
869
869
870
870
871
873
874
875
875
878
880
880
881
882
882
883
884
885
886
887
887
888
890
890
891
893
894
894
895
895
897
897
897
899
899
899
900
901
901
902
903
905
905
906
907
907
909
910
910
910
911
912
913
913
914
915
915
916
917
918
918
919
920
921
921
921
922
922
924
924
924
924
927
927
928
931
931
931
933
933
933
934
935
935
936
938
939
942
943
944
946
946
947
947
947
948
950
950
951
952
953
953
958
959
960
961
962
964
965
967
967
968
969
970
971
971
973
975
975
977
978
978
979
980
981
981
982
982
983
984
987
988
990
990
992
992
994
996
996
997
997
998
998
999
1000
1002
1002
1003
1004
1005
1006
1006
1006
1007
1008
1008
1009
1010
1010
1010
1011
1013
1014
1015
1016
1019
1019
1021
1021
1022
1022
1025
1027
1028
1030
1030
1031
1031
1032
1033
1034
1034
1034
1034
1036
1036
1036
1037
1038
1038
1038
1039
1039
1041
1042
1043
1044
1045
1046
1049
1051
1051
1052
1053
1054
1054
1055
1056
1057
1058
1059
1060
1060
1060
1060
1061
1061
1061
1063
1065
1065
1066
1066
1070
1070
1071
1071
1073
1074
1076
1076
1076
1077
1078
1079
1080
1080
1080
1081
1082
1082
1084
1085
1086
1087
1088
1088
1089
1089
1089
1089
1089
1091
1093
1093
1094
1095
1096
1096
1097
1099
1100
1100
1102
1107
1108
1108
1109
1110
1110
1111
1114
1116
1116
1116
1117
1117
1118
1118
1119
1119
1119
1120
1120
1120
1120
1121
1125
1126
1127
1127
1128
1128
1129
1134
1136
1137
1139
1139
1140
1141
1144
1144
1144
1145
1147
1149
1149
1149
1150
1151
1151
1152
1152
1153
1154
1155
1156
1157
1158
1158
1160
1161
1161
1161
1162
1162
1162
1162
1165
1166
1168
1169
1170
1172
1174
1175
1178
1179
1179
1180
1180
1180
1181
1181
1181
1181
1182
1182
1183
1187
1189
1190
1191
1192
1194
1194
1194
1195
1195
1196
1197
1198
1199
1201
1205
1205
1207
1207
1207
1208
1208
1209
1211
1211
1212
1212
1213
1214
1216
1217
1219
1219
1219
1220
1221
1221
1221
1222
1224
1225
1225
1226
1227
1227
1228
1228
1228
1229
1229
1229
1230
1230
1232
1232
1233
1235
1235
1236
1236
1236
1236
1236
1239
1240
1242
1245
1246
1247
1248
1248
1250
1254
1255
1256
1256
1258
1258
1259
1259
1260
1261
1264
1265
1265
1266
1267
1269
1270
1272
1272
1274
1274
1276
1280
1281
1283
1283
1283
1284
1285
1286
1287
1287
1288
1289
1290
1290
1291
1293
1293
1294
1300
1301
1302
1304
1305
1306
1307
1307
1310
1311
1314
1316
1316
1319
1320
1320
1320
1321
1322
1322
1322
1323
1323
1326
1328
1328
1329
1332
1337
1338
1338
1339
1339
1339
1341
1341
1343
1343
1344
1344
1344
1344
1348
1348
1348
1349
1350
1350
1350
1350
1356
1358
1360
1361
1362
1362
1366
1369
1369
1371
1371
1374
1374
1374
1375
1375
1376
1376
1376
1378
1379
1379
1380
1381
1381
1383
1383
1384
1386
1387
1392
1393
1393
1394
1394
1397
1397
1397
1398
1398
1399
1399
1399
1401
1403
1403
1403
1405
1405
1406
1406
1406
1408
1409
1410
1412
1413
1414
1415
1416
1416
1416
1417
1421
1421
1423
1424
1424
1424
1424
1425
1425
1427
1429
1429
1429
1429
1429
1430
1434
1434
1435
1435
1435
1435
1437
1437
1438
1438
1439
1439
1440
1441
1444
1445
1445
1445
1446
1447
1447
1449
1449
1450
1451
1452
1452
1455
1456
1457
1458
1459
1460
1460
1461
1463
1463
1464
1465
1466
1468
1468
1471
1472
1473
1473
1473
1476
1476
1477
1479
1479
1479
1480
1481
1482
1483
1483
1486
1487
1487
1487
1488
1488
1493
1493
1498
1498
1504
1505
1506
1509
1510
1510
1512
1517
1517
1518
1519
1519
1519
1519
1520
1521
1522
1524
1526
1527
1528
1529
1530
1530
1535
1536
1537
1537
1537
1537
1541
1541
1541
1542
1543
1545
1545
1547
1547
1547
1547
1549
1550
1550
1551
1552
1553
1558
1561
1561
1564
1566
1568
1569
1570
1571
1571
1572
1573
1573
1573
1574
1575
1575
1576
1576
1577
1579
1580
1580
1580
1581
1583
1584
1584
1585
1587
1588
1588
1589
1591
1592
1593
1594
1594
1596
1597
1598
1599
1602
1602
1602
1602
1606
1607
1608
1608
1609
1609
1610
1610
1611
1612
1613
1613
1613
1614
1615
1615
1617
1617
1621
1621
1622
1624
1625
1625
1626
1628
1629
1633
1634
1636
1636
1638
1639
1640
1640
1641
1641
1643
1645
1645
1647
1647
1649
1649
1649
1650
1655
1655
1656
1657
1657
1661
1662
1663
1663
1663
1664
1665
1666
1668
1668
1668
1668
1668
1669
1669
1670
1670
1670
1670
1673
1674
1675
1677
1679
1680
1683
1683
1685
1686
1687
1688
1689
1690
1694
1694
1694
1694
1695
1696
1698
1700
1701
1704
1705
1706
1707
1709
1709
1711
1714
1714
1715
1716
1718
1718
1718
1718
1719
1719
1719
1721
1722
1724
1724
1724
1725
1725
1725
1725
1726
1729
1730
1731
1731
1731
1732
1733
1734
1737
1738
1740
1740
1742
1743
1744
1744
1745
1747
1748
1749
1749
1751
1751
1753
1754
1755
1756
1758
1759
1759
1760
1760
1761
1761
1763
1763
1764
1764
1766
1767
1769
1770
1772
1773
1775
1776
1779
1780
1780
1781
1782
1782
1782
1783
1785
1786
1786
1787
1787
1787
1791
1791
1792
1792
1794
1794
1796
1798
1798
1800
1801
1802
1802
1802
1804
1806
1808
1809
1809
1809
1810
1811
1812
1813
1813
1814
1815
1816
1817
1818
1819
1820
1820
1820
1821
1821
1822
1823
1823
1823
1825
1825
1825
1826
1826
1829
1830
1830
1830
1830
1831
1831
1833
1836
1836
1837
1837
1838
1842
1842
1842
1844
1845
1845
1848
1849
1852
1853
1856
1856
1857
1857
1858
1859
1859
1859
1860
1860
1862
1866
1866
1866
1867
1867
1871
1871
1872
1873
1874
1875
1876
1877
1877
1878
1879
1880
1881
1881
1881
1882
1882
1883
1883
1884
1884
1887
1887
1888
1890
1890
1894
1896
1897
1898
1900
1901
1901
1903
1904
1905
1907
1908
1909
1909
1910
1910
1911
1912
1912
1912
1913
1913
1913
1913
1914
1915
1916
1916
1917
1918
1918
1919
1919
1921
1922
1923
1926
1928
1928
1929
1929
1930
1931
1933
1933
1937
1938
1938
1939
1939
1940
1941
1942
1943
1943
1945
1945
1946
1946
1947
1948
1948
1952
1952
1954
1955
1957
1957
1960
1960
1962
1963
1963
1963
1965
1965
1966
1966
1967
1968
1969
1969
1969
1970
1971
1971
1972
1972
1973
1973
1974
1975
1977
1979
1981
1982
1982
1982
1983
1984
1984
1985
1986
1986
1987
1988
1988
1989
1990
1990
1991
1992
1992
1992
1995
1995
1995
1997
1997
2001
2002
2005
2006
2009
2009
2010
2011
2013
2014
2015
2016
2017
2017
2018
2018
2019
2020
2021
2021
2022
2023
2024
2026
2026
2026
2028
2029
2030
2030
2030
2031
2033
2033
2035
2036
2037
2037
2041
2043
2045
2049
2051
2052
2053
2054
2054
2056
2057
2059
2059
2059
2060
2061
2061
2061
2062
2062
2063
2063
2064
2064
2064
2065
2065
2066
2066
2067
2068
2069
2070
2071
2072
2073
2074
2075
2077
2078
2079
2080
2084
2085
2085
2087
2087
2088
2089
2089
2090
2090
2090
2090
2092
2092
2093
2094
2094
2095
2097
2098
2098
2099
2100
2101
2102
2103
2104
2105
2105
2106
2106
2109
2109
2109
2110
2110
2110
2112
2112
2113
2114
2114
2116
2116
2118
2118
2119
2119
2119
2120
2121
2123
2124
2125
2125
2126
2127
2127
2127
2129
2131
2132
2132
2134
2134
2134
2135
2135
2138
2139
2141
2143
2144
2145
2145
2146
2147
2149
2151
2152
2152
2153
2154
2155
2155
2158
2159
2160
2160
2161
2162
2163
2163
2165
2167
2169
2169
2170
2170
2171
2172
2172
2172
2173
2174
2174
2177
2177
2179
2181
2183
2183
2184
2184
2184
2186
2187
2188
2189
2189
2189
2190
2190
2193
2194
2195
2195
2196
2196
2197
2201
2203
2204
2205
2206
2206
2206
2207
2208
2209
2209
2210
2211
2213
2214
2215
2215
2217
2217
2217
2218
2218
2218
2219
2219
2220
2220
2220
2221
2229
2229
2230
2230
2231
2231
2233
2233
2234
2234
2236
2237
2238
2238
2239
2240
2240
2240
2241
2242
2242
2243
2245
2246
2251
2251
2252
2252
2253
2253
2253
2254
2255
2256
2256
2257
2259
2263
2263
2264
2265
2266
2267
2267
2267
2268
2269
2269
2269
2270
2272
2278
2278
2278
2280
2283
2287
2287
2288
2290
2292
2295
2296
2296
2297
2297
2297
2299
2299
2300
2302
2303
2303
2304
2304
2304
2305
2312
2312
2312
2313
2313
2313
2313
2314
2314
2315
2316
2317
2318
2318
2318
2319
2319
2320
2321
2321
2321
2321
2323
2324
2326
2326
2327
2328
2329
2329
2329
2329
2336
2337
2338
2338
2339
2340
2341
2342
2342
2342
2343
2343
2343
2345
2347
2347
2348
2348
2350
2352
2352
2354
2355
2356
2358
2358
2361
2362
2364
2364
2365
2365
2367
2367
2368
2368
2369
2370
2370
2371
2372
2372
2373
2374
2374
2375
2375
2375
2375
2376
2377
2377
2379
2379
2381
2382
2383
2386
2386
2387
2387
2387
2390
2390
2391
2391
2391
2391
2391
2392
2393
2395
2397
2397
2399
2400
2402
2402
2403
2404
2404
2404
2405
2407
2407
2409
2410
2413
2417
2419
2421
2421
2422
2423
2424
2425
2426
2427
2428
2430
2430
2432
2435
2436
2439
2440
2440
2440
2443
2443
2444
2445
2446
2447
2448
2449
2449
2449
2449
2451
2451
2452
2452
2455
2456
2457
2458
2459
2461
2465
2465
2466
2466
2467
2467
2467
2468
2470
2473
2474
2475
2475
2477
2479
2480
2481
2483
2485
2485
2486
2487
2487
2488
2490
2490
2491
2492
2492
2493
2496
2497
2497
2498
2500
2500
2501
2503
2504
2504
2505
2506
2506
2507
2508
2508
2510
2513
2516
2516
2517
2518
2519
2519
2519
2520
2521
2522
2522
2523
2525
2528
2528
2529
2530
2531
2535
2535
2536
2537
2538
2538
2538
2539
2539
2541
2544
2544
2545
2545
2548
2549
2551
2551
2553
2554
2557
2557
2558
2559
2559
2559
2560
2561
2561
2563
2563
2565
2565
2566
2566
2568
2570
2573
2573
2574
2575
2577
2578
2579
2580
2581
2584
2584
2585
2586
2586
2588
2588
2589
2590
2590
2591
2592
2592
2594
2595
2596
2597
2597
2600
2601
2602
2603
2603
2604
2604
2605
2606
2607
2609
2610
2610
2610
2611
2611
2612
2613
2614
2614
2616
2617
2617
2617
2617
2617
2618
2622
2625
2626
2626
2626
2627
2628
2629
2631
2631
2632
2632
2633
2633
2633
2634
2635
2636
2636
2637
2637
2637
2638
2639
2640
2640
2641
2641
2643
2643
2646
2647
2647
2648
2649
2649
2650
2650
2651
2651
2652
2654
2654
2657
2657
2658
2658
2660
2660
2661
2661
2664
2666
2667
2670
2671
2672
2672
2672
2674
2674
2674
2674
2676
2676
2678
2678
2678
2678
2679
2679
2683
2683
2685
2687
2690
2692
2692
2692
2694
2694
2696
2696
2697
2698
2698
2699
2699
2699
2699
2700
2703
2703
2706
2707
2707
2709
2709
2710
2711
2711
2712
2712
2713
2717
2717
2717
2718
2719
2721
2726
2726
2726
2727
2727
2729
2729
2729
2730
2730
2730
2731
2731
2732
2733
2734
2735
2735
2735
2736
2737
2739
2739
2743
2744
2744
2745
2746
2748
2748
2750
2751
2752
2752
2752
2753
2753
2756
2756
2757
2757
2758
2758
2759
2759
2759
2760
2760
2762
2762
2762
2763
2763
2764
2764
2765
2766
2767
2770
2772
2772
2774
2775
2775
2776
2776
2776
2777
2778
2779
2779
2779
2780
2782
2784
2785
2785
2785
2787
2788
2788
2788
2790
2792
2793
2793
2794
2798
2799
2800
2801
2802
2803
2803
2804
2804
2804
2804
2805
2806
2806
2808
2808
2808
2808
2810
2812
2812
2814
2814
2814
2815
2819
2821
2822
2824
2827
2828
2830
2830
2830
2831
2832
2832
2834
2835
2836
2836
2839
2840
2841
2843
2843
2844
2844
2846
2848
2850
2853
2855
2856
2856
2857
2857
2858
2858
2860
2860
2860
2860
2861
2862
2862
2863
2863
2863
2864
2865
2865
2865
2865
2866
2868
2868
2872
2873
2874
2874
2877
2878
2879
2879
2880
2881
2885
2889
2890
2891
2891
2892
2893
2894
2895
2895
2895
2895
2897
2898
2898
2898
2902
2903
2903
2904
2904
2905
2906
2906
2907
2909
2909
2910
2911
2913
2916
2916
2917
2918
2919
2919
2921
2921
2923
2923
2923
2924
2924
2924
2924
2924
2926
2926
2927
2930
2930
2932
2934
2936
2936
2936
2937
2938
2938
2939
2939
2940
2942
2942
2943
2944
2945
2945
2949
2950
2952
2953
2954
2956
2956
2957
2957
2959
2959
2960
2962
2962
2963
2963
2964
2965
2966
2966
2967
2967
2967
2968
2971
2971
2972
2972
2974
2975
2976
2976
2977
2979
2981
2982
2984
2984
2986
2986
2986
2987
2988
2989
2989
2991
2992
2994
2996
2997
2998
2999
2999
3001
3002
3003
3004
3005
3006
3009
3010
3011
3012
3012
3012
3012
3013
3014
3015
3015
3019
3019
3019
3021
3021
3021
3022
3023
3025
3025
3026
3028
3029
3029
3030
3031
3031
3033
3033
3033
3034
3037
3038
3038
3039
3041
3042
3042
3043
3044
3044
3045
3046
3046
3048
3052
3053
3055
3056
3056
3058
3059
3060
3061
3061
3064
3065
3066
3067
3067
3068
3068
3068
3069
3069
3071
3072
3073
3074
3075
3075
3076
3077
3078
3079
3080
3081
3081
3082
3083
3086
3086
3087
3088
3088
3088
3089
3089
3091
3092
3093
3093
3094
3094
3096
3096
3096
3097
3097
3097
3099
3101
3101
3102
3103
3103
3106
3107
3107
3108
3112
3113
3113
3115
3117
3117
3118
3120
3120
3120
3121
3123
3124
3125
3127
3127
3127
3128
3129
3129
3130
3131
3133
3134
3135
3136
3136
3137
3137
3138
3139
3141
3141
3143
3144
3144
3145
3145
3145
3146
3146
3148
3148
3149
3150
3153
3153
3153
3155
3156
3157
3157
3158
3160
3160
3160
3161
3161
3162
3163
3164
3165
3166
3167
3167
3169
3170
3171
3172
3174
3175
3176
3177
3177
3179
3180
3180
3180
3181
3184
3187
3188
3189
3191
3191
3192
3192
3192
3194
3194
3195
3196
3197
3198
3198
3199
3200
3201
3201
3204
3205
3205
3206
3208
3209
3211
3211
3212
3212
3214
3215
3215
3216
3216
3217
3219
3219
3220
3221
3225
3225
3225
3225
3228
3229
3230
3231
3232
3234
3235
3237
3239
3240
3242
3246
3248
3248
3249
3250
3250
3250
3251
3252
3253
3254
3254
3255
3255
3255
3255
3256
3256
3256
3258
3259
3260
3260
3261
3262
3263
3263
3264
3265
3266
3266
3268
3268
3270
3272
3272
3272
3272
3275
3278
3279
3280
3281
3284
3284
3288
3289
3289
3290
3290
3291
3293
3295
3295
3296
3297
3299
3300
3300
3301
3303
3304
3304
3305
3307
3308
3309
3309
3310
3312
3312
3312
3312
3312
3315
3317
3317
3317
3318
3318
3318
3319
3319
3320
3321
3321
3322
3323
3324
3326
3326
3329
3331
3332
3332
3333
3333
3335
3335
3335
3336
3336
3338
3338
3338
3341
3342
3343
3343
3343
3344
3345
3346
3347
3349
3350
3350
3350
3351
3351
3352
3353
3353
3354
3354
3354
3360
3361
3361
3365
3366
3367
3367
3368
3368
3368
3368
3369
3370
3370
3370
3371
3372
3373
3379
3379
3380
3381
3384
3384
3384
3388
3388
3388
3389
3389
3391
3391
3395
3395
3396
3396
3396
3397
3400
3400
3402
3406
3409
3409
3410
3411
3412
3413
3414
3415
3415
3417
3417
3417
3419
3420
3423
3424
3424
3425
3425
3425
3427
3427
3428
3428
3429
3430
3431
3432
3433
3437
3438
3438
3438
3438
3442
3442
3443
3446
3447
3447
3448
3449
3450
3450
3451
3452
3453
3453
3455
3456
3456
3457
3458
3458
3459
3461
3461
3462
3463
3463
3463
3464
3464
3466
3468
3468
3469
3469
3469
3470
3470
3472
3473
3475
3475
3475
3475
3476
3476
3477
3478
3478
3479
3479
3480
3480
3481
3481
3485
3487
3488
3490
3490
3490
3491
3493
3495
3496
3497
3497
3500
3502
3503
3504
3505
3510
3511
3511
3511
3511
3511
3512
3515
3515
3517
3523
3524
3524
3524
3525
3525
3525
3527
3527
3527
3527
3527
3528
3529
3529
3530
3532
3532
3532
3532
3536
3537
3540
3540
3541
3541
3543
3550
3550
3551
3552
3552
3553
3553
3554
3554
3555
3555
3556
3557
3558
3558
3559
3560
3564
3564
3566
3567
3567
3568
3568
3570
3575
3575
3578
3579
3580
3581
3583
3585
3585
3586
3586
3586
3587
3588
3589
3589
3589
3592
3592
3595
3596
3597
3598
3600
3600
3602
3604
3605
3607
3607
3607
3608
3609
3609
3612
3613
3614
3614
3616
3616
3617
3617
3617
3618
3618
3619
3620
3622
3623
3623
3625
3625
3626
3627
3628
3630
3631
3632
3633
3633
3634
3634
3635
3636
3638
3638
3638
3639
3641
3642
3644
3644
3645
3647
3651
3653
3654
3654
3654
3656
3657
3657
3657
3658
3658
3659
3659
3660
3660
3660
3662
3663
3663
3664
3665
3665
3667
3668
3669
3671
3671
3672
3678
3680
3680
3682
3684
3685
3686
3686
3687
3687
3687
3689
3689
3690
3691
3692
3693
3693
3695
3697
3698
3700
3700
3700
3701
3703
3704
3705
3706
3707
3707
3709
3710
3712
3714
3715
3715
3716
3716
3718
3718
3718
3720
3720
3721
3723
3723
3724
3724
3724
3724
3726
3726
3729
3729
3729
3731
3732
3735
3737
3741
3742
3742
3743
3745
3746
3746
3746
3747
3747
3748
3749
3749
3749
3751
3752
3755
3755
3757
3757
3758
3760
3763
3765
3766
3767
3767
3773
3773
3774
3775
3775
3776
3776
3777
3777
3778
3779
3779
3780
3781
3781
3782
3785
3787
3787
3788
3788
3790
3793
3793
3794
3795
3795
3795
3796
3797
3797
3799
3799
3801
3801
3802
3803
3805
3806
3806
3806
3807
3808
3808
3808
3812
3814
3816
3819
3819
3819
3820
3820
3821
3824
3826
3830
3830
3831
3832
3832
3833
3833
3833
3837
3837
3839
3840
3840
3841
3842
3843
3844
3844
3844
3845
3846
3847
3848
3851
3853
3853
3857
3857
3858
3860
3863
3863
3863
3864
3865
3865
3866
3866
3867
3871
3871
3873
3874
3877
3880
3881
3881
3882
3882
3883
3884
3884
3885
3886
3887
3887
3888
3890
3893
3893
3894
3895
3895
3897
3900
3901
3902
3903
3904
3904
3906
3906
3906
3907
3907
3909
3909
3909
3910
3910
3912
3913
3918
3920
3920
3920
3922
3922
3923
3924
3924
3926
3926
3929
3929
3930
3932
3934
3934
3935
3937
3938
3940
3941
3941
3944
3944
3946
3949
3951
3951
3951
3952
3952
3953
3953
3954
3956
3956
3956
3957
3958
3959
3961
3964
3966
3966
3967
3967
3967
3968
3969
3970
3970
3970
3971
3973
3975
3977
3977
3978
3978
3979
3979
3980
3981
3981
3981
3982
3983
3983
3984
3984
3985
3985
3985
3986
3986
3988
3988
3989
3990
3990
3991
3992
3992
3995
3996
3998
3998
4000
4001
4001
4001
4003
4003
4004
4007
4008
4008
4010
4012
4012
4012
4015
4016
4018
4019
4019
4020
4020
4020
4021
4022
4022
4023
4023
4023
4026
4026
4029
4029
4029
4030
4032
4032
4033
4033
4033
4033
4037
4038
4039
4039
4039
4039
4040
4041
4041
4041
4042
4044
4047
4048
4048
4049
4052
4052
4053
4054
4054
4058
4059
4059
4062
4062
4063
4063
4063
4066
4067
4067
4069
4069
4070
4070
4070
4071
4071
4075
4077
4080
4081
4082
4082
4083
4086
4086
4086
4088
4091
4093
4094
4094
4094
4094
4095
4096
4097
4097
4098
4099
4100
4100
4102
4102
4103
4104
4107
4107
4107
4108
4110
4111
4113
4113
4113
4114
4114
4116
4116
4117
4118
4120
4120
4123
4128
4129
4130
4131
4131
4132
4133
4134
4136
4137
4138
4138
4138
4141
4141
4142
4145
4147
4147
4147
4147
4148
4152
4153
4154
4156
4156
4156
4158
4160
4163
4166
4166
4167
4167
4171
4171
4171
4171
4172
4173
4173
4176
4176
4176
4176
4176
4176
4177
4178
4179
4180
4180
4182
4182
4183
4185
4188
4189
4190
4190
4191
4192
4192
4193
4193
4194
4196
4198
4200
4200
4201
4202
4202
4203
4203
4203
4205
4206
4206
4208
4209
4209
4210
4212
4213
4213
4214
4214
4214
4216
4220
4220
4221
4221
4222
4222
4224
4226
4227
4228
4228
4229
4230
4230
4231
4232
4235
4236
4236
4238
4238
4240
4242
4243
4244
4244
4245
4245
4246
4248
4250
4251
4251
4253
4253
4254
4254
4255
4256
4257
4261
4264
4265
4265
4266
4266
4268
4268
4269
4269
4270
4271
4271
4274
4276
4279
4279
4280
4282
4283
4284
4285
4285
4287
4288
4291
4292
4293
4294
4294
4296
4297
4298
4305
4307
4308
4309
4311
4313
4314
4316
4317
4317
4317
4318
4319
4319
4320
4321
4321
4321
4322
4322
4323
4323
4323
4324
4324
4325
4327
4327
4328
4328
4330
4331
4333
4334
4335
4335
4336
4337
4337
4341
4343
4344
4347
4347
4348
4348
4348
4350
4350
4353
4355
4355
4356
4357
4357
4363
4364
4364
4364
4365
4365
4368
4369
4369
4369
4372
4373
4374
4376
4379
4382
4382
4383
4384
4385
4385
4385
4386
4386
4386
4388
4388
4389
4390
4395
4396
4397
4397
4398
4400
4400
4401
4406
4406
4407
4408
4409
4409
4411
4411
4411
4413
4413
4414
4414
4416
4417
4417
4418
4419
4419
4420
4421
4421
4423
4425
4429
4429
4430
4432
4432
4432
4432
4433
4433
4435
4435
4436
4438
4439
4439
4440
4441
4441
4442
4443
4444
4445
4445
4446
4447
4448
4449
4449
4451
4451
4452
4453
4454
4454
4456
4457
4458
4459
4461
4461
4465
4465
4468
4469
4469
4470
4470
4472
4472
4474
4475
4475
4477
4480
4481
4481
4482
4482
4484
4484
4485
4485
4486
4486
4487
4491
4491
4491
4492
4494
4494
4495
4496
4496
4497
4499
4507
4507
4509
4512
4513
4514
4516
4517
4520
4520
4522
4524
4524
4526
4528
4530
4530
4531
4533
4533
4535
4536
4538
4540
4542
4542
4542
4543
4544
4547
4550
4550
4551
4552
4553
4554
4554
4555
4557
4558
4559
4560
4563
4566
4566
4566
4568
4569
4571
4574
4574
4574
4576
4577
4580
4580
4581
4582
4582
4584
4584
4586
4586
4590
4590
4593
4594
4595
4595
4597
4597
4599
4600
4601
4602
4602
4602
4602
4603
4607
4607
4609
4610
4611
4612
4612
4612
4612
4614
4614
4615
4615
4617
4617
4618
4618
4620
4622
4622
4623
4624
4624
4624
4626
4626
4628
4628
4628
4629
4630
4631
4631
4632
4632
4636
4638
4638
4639
4640
4642
4645
4646
4647
4647
4648
4648
4649
4649
4650
4651
4652
4653
4656
4658
4659
4659
4661
4661
4661
4662
4665
4665
4667
4669
4669
4672
4672
4677
4682
4683
4684
4685
4685
4685
4685
4686
4687
4691
4692
4694
4694
4697
4697
4699
4699
4702
4703
4704
4706
4708
4710
4711
4711
4712
4712
4713
4713
4715
4715
4717
4717
4718
4719
4720
4723
4724
4726
4728
4729
4730
4731
4732
4734
4734
4736
4736
4737
4738
4739
4741
4742
4742
4742
4743
4743
4744
4744
4744
4745
4745
4747
4747
4748
4750
4751
4752
4753
4757
4758
4759
4760
4762
4762
4763
4764
4765
4766
4767
4767
4769
4770
4770
4770
4770
4771
4771
4772
4777
4777
4777
4778
4779
4780
4782
4783
4783
4784
4785
4785
4785
4786
4790
4791
4791
4792
4792
4792
4793
4794
4795
4795
4796
4796
4797
4798
4800
4802
4802
4806
4806
4807
4807
4807
4808
4808
4809
4809
4810
4810
4814
4814
4814
4814
4814
4814
4815
4816
4816
4819
4820
4821
4821
4821
4822
4823
4824
4825
4826
4826
4827
4827
4827
4828
4828
4829
4832
4833
4834
4834
4835
4837
4838
4839
4845
4848
4848
4849
4849
4850
4852
4852
4852
4853
4854
4855
4856
4857
4857
4860
4864
4865
4865
4865
4866
4867
4870
4871
4874
4874
4875
4876
4876
4877
4878
4880
4881
4882
4882
4884
4885
4887
4889
4890
4890
4892
4893
4893
4894
4894
4895
4896
4896
4896
4897
4897
4898
4900
4900
4902
4902
4902
4902
4902
4904
4905
4906
4908
4909
4909
4909
4911
4913
4913
4914
4914
4915
4916
4918
4918
4919
4920
4922
4922
4923
4924
4924
4927
4927
4928
4929
4929
4929
4930
4931
4931
4931
4933
4935
4937
4938
4938
4939
4943
4943
4944
4947
4948
4949
4950
4950
4951
4951
4954
4956
4957
4961
4962
4963
4964
4968
4969
4969
4971
4972
4973
4975
4976
4979
4981
4981
4981
4981
4981
4982
4983
4983
4983
4984
4984
4985
4987
4988
4988
4989
4990
4990
4991
4993
4993
4994
4994
4997
4998
4999
4999
5001
5003
5004
5007
5007
5008
5009
5010
5011
5012
5013
5016
5016
5018
5019
5020
5023
5024
5027
5028
5028
5029
5029
5031
5033
5034
5034
5035
5036
5037
5037
5038
5042
5044
5045
5045
5047
5048
5050
5053
5053
5054
5055
5056
5057
5057
5059
5060
5062
5062
5063
5063
5064
5064
5064
5064
5065
5066
5068
5069
5071
5072
5073
5073
5073
5074
5075
5075
5077
5077
5078
5080
5080
5080
5081
5082
5083
5084
5086
5087
5087
5091
5092
5092
5093
5094
5100
5101
5103
5103
5104
5104
5106
5108
5108
5111
5111
5111
5112
5112
5113
5114
5115
5115
5116
5119
5119
5119
5120
5121
5122
5122
5122
5122
5126
5126
5127
5127
5130
5131
5131
5132
5132
5134
5138
5138
5141
5141
5141
5141
5141
5142
5142
5142
5143
5143
5144
5144
5144
5149
5150
5151
5152
5154
5155
5157
5158
5158
5160
5161
5162
5164
5165
5166
5167
5169
5170
5172
5172
5173
5174
5175
5178
5179
5180
5183
5183
5184
5184
5186
5187
5187
5189
5189
5193
5195
5195
5195
5197
5201
5201
5202
5204
5204
5205
5206
5206
5206
5207
5207
5208
5210
5211
5212
5213
5213
5214
5215
5215
5217
5217
5217
5217
5217
5218
5219
5220
5220
5220
5222
5222
5223
5224
5224
5226
5226
5227
5227
5228
5229
5230
5230
5230
5231
5233
5233
5233
5233
5234
5235
5235
5236
5236
5237
5238
5239
5240
5240
5240
5241
5242
5243
5244
5245
5247
5247
5247
5247
5248
5249
5250
5251
5251
5252
5254
5254
5255
5257
5257
5258
5258
5261
5261
5262
5262
5263
5264
5264
5265
5265
5265
5267
5268
5269
5270
5270
5271
5272
5273
5276
5276
5276
5276
5278
5278
5281
5284
5286
5286
5286
5286
5287
5288
5290
5290
5291
5291
5294
5294
5294
5294
5295
5300
5300
5302
5303
5303
5306
5306
5309
5310
5311
5312
5313
5313
5313
5315
5316
5319
5320
5320
5321
5321
5326
5328
5328
5328
5328
5329
5330
5331
5332
5336
5336
5337
5338
5339
5339
5341
5341
5342
5342
5344
5344
5345
5345
5347
5347
5349
5349
5349
5350
5351
5352
5354
5354
5355
5355
5355
5356
5356
5358
5358
5359
5359
5360
5361
5363
5363
5363
5366
5367
5370
5370
5373
5375
5375
5376
5381
5381
5382
5384
5387
5388
5388
5390
5391
5399
5400
5400
5401
5401
5402
5404
5406
5407
5409
5409
5411
5411
5412
5413
5413
5414
5415
5416
5418
5418
5418
5419
5419
5419
5420
5421
5421
5424
5427
5428
5430
5430
5430
5431
5431
5432
5432
5432
5433
5434
5434
5435
5435
5435
5436
5437
5439
5441
5441
5442
5442
5443
5444
5445
5446
5448
5448
5449
5450
5451
5453
5454
5455
5456
5458
5459
5460
5461
5461
5461
5462
5463
5463
5464
5465
5467
5468
5471
5471
5474
5475
5475
5475
5476
5477
5477
5478
5478
5478
5479
5479
5480
5480
5480
5483
5484
5484
5485
5487
5488
5490
5492
5492
5495
5495
5496
5496
5496
5497
5498
5500
5500
5501
5502
5503
5504
5505
5507
5508
5508
5508
5509
5510
5512
5514
5514
5515
5515
5516
5517
5517
5517
5517
5520
5520
5520
5520
5521
5521
5524
5525
5525
5525
5527
5527
5527
5528
5528
5529
5530
5531
5532
5532
5535
5535
5535
5536
5536
5537
5537
5537
5538
5539
5540
5541
5541
5541
5541
5542
5543
5544
5544
5546
5547
5547
5549
5550
5552
5552
5554
5555
5556
5556
5558
5558
5560
5564
5564
5564
5564
5565
5566
5568
5568
5572
5573
5574
5576
5577
5577
5578
5580
5580
5581
5581
5583
5583
5583
5584
5584
5585
5588
5588
5589
5589
5589
5590
5590
5590
5591
5593
5595
5599
5599
5602
5602
5604
5604
5605
5606
5607
5608
5612
5613
5615
5617
5619
5621
5623
5624
5625
5625
5626
5627
5627
5627
5627
5629
5629
5630
5631
5632
5633
5634
5634
5635
5637
5638
5638
5639
5641
5642
5643
5646
5646
5647
5650
5650
5652
5653
5654
5656
5657
5658
5661
5661
5662
5664
5667
5670
5672
5673
5674
5674
5674
5674
5674
5675
5675
5675
5676
5677
5677
5677
5678
5681
5681
5682
5683
5683
5684
5687
5688
5689
5691
5691
5691
5691
5694
5694
5694
5697
5697
5698
5699
5700
5700
5701
5702
5703
5703
5704
5706
5706
5708
5709
5709
5709
5712
5713
5713
5714
5714
5714
5714
5715
5719
5719
5719
5720
5724
5728
5728
5728
5731
5731
5734
5736
5736
5739
5740
5740
5741
5745
5745
5746
5746
5747
5748
5748
5750
5751
5751
5754
5754
5754
5755
5756
5756
5757
5758
5759
5760
5761
5764
5765
5765
5766
5767
5768
5769
5771
5772
5772
5775
5780
5780
5782
5782
5782
5784
5785
5786
5789
5791
5793
5794
5794
5794
5797
5800
5803
5803
5803
5807
5810
5810
5810
5811
5811
5812
5817
5822
5822
5824
5824
5826
5826
5830
5830
5831
5835
5840
5841
5842
5843
5844
5845
5846
5848
5850
5850
5850
5854
5855
5855
5855
5856
5859
5860
5863
5863
5864
5864
5865
5866
5867
5870
5871
5873
5875
5875
5876
5878
5878
5880
5882
5883
5884
5884
5886
5886
5887
5887
5887
5889
5890
5890
5891
5891
5891
5893
5896
5897
5898
5898
5900
5900
5901
5901
5902
5902
5903
5903
5903
5904
5905
5905
5905
5905
5906
5906
5906
5906
5906
5906
5907
5907
5907
5908
5909
5913
5914
5918
5920
5922
5924
5924
5925
5925
5927
5927
5928
5929
5929
5933
5933
5933
5934
5934
5934
5935
5935
5937
5938
5938
5940
5940
5941
5942
5942
5943
5944
5945
5945
5946
5946
5948
5951
5952
5953
5953
5953
5953
5956
5956
5957
5957
5959
5960
5960
5960
5962
5964
5965
5965
5966
5967
5969
5971
5973
5974
5974
5975
5976
5976
5977
5979
5980
5981
5981
5984
5986
5987
5988
5989
5990
5992
5993
5995
5996
5996
5998
5999
6001
6001
6001
6002
6004
6004
6005
6007
6010
6013
6014
6015
6015
6015
6016
6016
6017
6017
6017
6018
6018
6018
6019
6020
6021
6022
6022
6024
6024
6024
6027
6028
6029
6030
6035
6036
6040
6040
6041
6042
6044
6049
6049
6049
6052
6055
6055
6056
6056
6056
6056
6056
6057
6058
6058
6058
6059
6062
6063
6065
6066
6067
6068
6068
6071
6071
6074
6075
6075
6077
6077
6079
6079
6080
6082
6083
6087
6087
6087
6088
6088
6089
6091
6094
6096
6097
6097
6099
6104
6105
6105
6105
6105
6108
6112
6112
6114
6114
6115
6116
6117
6118
6120
6120
6120
6122
6123
6124
6124
6124
6127
6128
6129
6129
6130
6133
6136
6137
6137
6139
6140
6140
6140
6143
6143
6143
6146
6147
6148
6151
6152
6152
6153
6154
6156
6156
6157
6157
6157
6158
6159
6160
6160
6161
6162
6163
6167
6169
6169
6170
6171
6171
6172
6173
6174
6174
6174
6175
6178
6180
6181
6181
6182
6183
6185
6185
6185
6186
6192
6193
6195
6197
6197
6197
6198
6199
6202
6202
6205
6205
6205
6208
6208
6209
6209
6210
6211
6213
6213
6213
6214
6215
6215
6215
6216
6217
6219
6221
6221
6222
6222
6223
6223
6223
6225
6226
6227
6230
6231
6232
6232
6233
6235
6236
6237
6238
6239
6239
6239
6239
6239
6240
6240
6241
6241
6243
6245
6246
6246
6247
6247
6249
6252
6253
6253
6257
6258
6258
6259
6260
6260
6262
6262
6264
6264
6265
6265
6266
6266
6267
6267
6267
6268
6268
6271
6272
6275
6280
6280
6282
6282
6282
6282
6284
6286
6286
6287
6288
6288
6288
6291
6292
6292
6295
6295
6296
6296
6296
6297
6298
6298
6298
6298
6298
6300
6301
6301
6303
6303
6304
6304
6305
6305
6305
6306
6307
6307
6309
6309
6313
6314
6314
6316
6316
6318
6318
6318
6319
6319
6319
6322
6322
6323
6323
6324
6328
6328
6329
6329
6329
6329
6330
6331
6332
6332
6334
6334
6336
6337
6339
6341
6341
6341
6341
6342
6345
6345
6349
6352
6352
6353
6354
6355
6355
6357
6358
6358
6359
6361
6361
6364
6364
6364
6364
6365
6366
6368
6370
6371
6371
6371
6372
6372
6372
6373
6374
6375
6376
6380
6380
6380
6381
6382
6382
6383
6383
6384
6385
6385
6386
6386
6387
6389
6389
6390
6391
6394
6395
6395
6396
6397
6401
6403
6404
6404
6405
6405
6408
6410
6412
6413
6414
6414
6415
6415
6415
6417
6417
6417
6418
6420
6421
6424
6425
6425
6426
6427
6430
6431
6432
6432
6432
6434
6435
6437
6439
6440
6441
6442
6442
6444
6445
6446
6446
6446
6446
6447
6447
6449
6449
6449
6450
6450
6450
6451
6451
6452
6454
6454
6454
6454
6454
6455
6455
6455
6456
6457
6458
6459
6459
6460
6460
6461
6463
6463
6467
6470
6471
6475
6476
6476
6477
6478
6479
6480
6481
6481
6481
6481
6481
6482
6484
6484
6485
6485
6485
6485
6485
6485
6485
6486
6487
6488
6489
6489
6489
6490
6491
6491
6492
6493
6494
6495
6497
6499
6502
6503
6505
6507
6508
6510
6510
6511
6511
6512
6512
6512
6514
6514
6515
6515
6516
6517
6517
6517
6525
6525
6527
6527
6528
6528
6529
6529
6532
6532
6533
6534
6534
6535
6536
6540
6541
6542
6542
6543
6544
6545
6547
6547
6547
6550
6551
6551
6554
6554
6554
6556
6557
6558
6559
6560
6560
6560
6561
6563
6565
6565
6566
6568
6569
6570
6572
6572
6573
6575
6575
6576
6576
6577
6578
6579
6579
6581
6585
6586
6587
6588
6590
6591
6593
6594
6594
6594
6596
6599
6602
6602
6602
6603
6604
6604
6604
6604
6606
6607
6607
6609
6610
6611
6612
6613
6614
6614
6615
6616
6618
6618
6619
6619
6622
6622
6622
6623
6623
6624
6625
6628
6629
6629
6629
6634
6634
6635
6643
6643
6644
6644
6646
6647
6648
6648
6650
6653
6654
6654
6654
6656
6658
6658
6659
6659
6661
6661
6662
6662
6663
6664
6665
6666
6666
6667
6668
6670
6670
6671
6673
6676
6678
6682
6683
6684
6684
6684
6686
6686
6687
6687
6690
6693
6699
6700
6700
6700
6701
6703
6703
6704
6704
6705
6705
6705
6706
6707
6709
6709
6709
6711
6712
6714
6715
6715
6716
6716
6717
6720
6721
6722
6722
6722
6724
6725
6727
6728
6729
6730
6731
6731
6731
6734
6734
6735
6735
6736
6737
6737
6737
6743
6745
6745
6745
6748
6749
6749
6749
6750
6750
6753
6755
6755
6756
6757
6757
6758
6761
6762
6762
6764
6766
6772
6773
6773
6774
6774
6774
6775
6775
6776
6776
6776
6777
6778
6781
6782
6782
6782
6783
6784
6785
6786
6787
6788
6789
6789
6789
6790
6791
6794
6798
6799
6800
6800
6801
6803
6804
6804
6805
6805
6808
6809
6809
6809
6809
6813
6813
6813
6814
6817
6818
6819
6819
6820
6821
6823
6824
6824
6827
6828
6828
6828
6832
6834
6835
6835
6835
6837
6837
6838
6839
6840
6841
6841
6842
6843
6845
6846
6847
6849
6852
6853
6854
6856
6857
6857
6857
6857
6858
6859
6861
6863
6864
6864
6866
6866
6866
6867
6867
6872
6872
6872
6873
6873
6873
6874
6874
6874
6876
6877
6877
6879
6881
6885
6886
6886
6886
6886
6887
6887
6887
6889
6893
6893
6894
6894
6897
6897
6900
6901
6901
6901
6902
6903
6904
6905
6905
6906
6909
6913
6915
6916
6916
6916
6917
6920
6921
6922
6922
6923
6924
6925
6925
6928
6928
6930
6931
6931
6933
6933
6934
6935
6935
6935
6935
6936
6937
6938
6939
6939
6940
6942
6945
6946
6946
6947
6948
6950
6951
6951
6951
6951
6952
6952
6953
6955
6956
6957
6958
6960
6961
6964
6965
6965
6965
6966
6967
6967
6968
6969
6969
6970
6970
6971
6971
6972
6974
6974
6974
6975
6977
6977
6978
6981
6982
6982
6984
6985
6985
6988
6989
6989
6989
6989
6990
6991
6992
6993
6994
6994
6997
6998
6998
6998
6999
7001
7001
7002
7004
7005
7006
7006
7010
7011
7011
7012
7016
7016
7017
7017
7018
7019
7021
7022
7022
7023
7026
7026
7026
7027
7028
7028
7032
7033
7033
7035
7036
7036
7038
7040
7043
7043
7043
7044
7045
7047
7048
7048
7049
7051
7052
7052
7054
7054
7056
7057
7058
7060
7060
7060
7060
7062
7063
7063
7064
7065
7065
7067
7069
7071
7074
7075
7079
7079
7079
7079
7079
7081
7083
7084
7085
7086
7086
7086
7086
7087
7087
7088
7088
7090
7091
7096
7097
7097
7097
7099
7099
7099
7099
7100
7100
7100
7100
7103
7104
7104
7105
7106
7106
7111
7112
7112
7112
7113
7115
7116
7119
7120
7120
7120
7122
7123
7124
7125
7126
7127
7127
7128
7128
7128
7129
7130
7131
7132
7133
7133
7134
7135
7138
7139
7139
7140
7141
7141
7142
7142
7145
7145
7147
7148
7148
7149
7149
7149
7151
7151
7152
7153
7153
7154
7155
7155
7155
7156
7156
7161
7162
7162
7163
7163
7163
7164
7164
7166
7166
7167
7168
7169
7169
7169
7170
7173
7174
7175
7175
7176
7177
7178
7179
7180
7181
7181
7181
7182
7185
7186
7190
7190
7190
7190
7192
7194
7195
7195
7196
7196
7196
7197
7198
7200
7200
7202
7203
7204
7205
7205
7206
7207
7207
7207
7210
7210
7212
7213
7213
7213
7213
7214
7215
7217
7219
7220
7223
7223
7224
7225
7225
7228
7228
7229
7230
7230
7231
7233
7237
7239
7239
7240
7241
7242
7245
7245
7246
7246
7248
7249
7249
7251
7252
7253
7253
7253
7254
7255
7256
7256
7258
7258
7260
7260
7265
7266
7266
7266
7266
7267
7268
7268
7269
7269
7270
7270
7271
7271
7271
7272
7272
7273
7273
7273
7274
7275
7276
7276
7277
7278
7279
7280
7283
7283
7283
7284
7285
7287
7288
7290
7290
7290
7291
7292
7295
7296
7298
7298
7299
7300
7300
7300
7302
7305
7305
7305
7308
7309
7309
7310
7310
7311
7312
7314
7314
7314
7314
7314
7315
7315
7316
7317
7317
7318
7318
7319
7319
7319
7320
7321
7322
7323
7323
7324
7325
7326
7326
7327
7327
7327
7330
7330
7330
7331
7331
7331
7332
7334
7335
7335
7337
7339
7340
7343
7343
7344
7346
7347
7348
7349
7349
7349
7349
7351
7354
7355
7356
7356
7356
7358
7358
7359
7359
7362
7362
7362
7362
7363
7363
7363
7363
7363
7363
7364
7367
7367
7368
7368
7368
7370
7371
7373
7374
7375
7375
7379
7380
7381
7381
7382
7384
7384
7390
7390
7391
7391
7391
7392
7393
7396
7399
7400
7403
7403
7404
7404
7406
7406
7407
7407
7408
7408
7409
7409
7412
7412
7413
7413
7413
7415
7415
7419
7419
7419
7420
7421
7421
7421
7422
7422
7423
7423
7424
7425
7425
7428
7429
7429
7429
7430
7430
7431
7431
7436
7436
7436
7437
7437
7437
7438
7439
7440
7440
7441
7442
7444
7444
7445
7445
7448
7448
7448
7448
7449
7450
7450
7450
7450
7453
7453
7454
7454
7455
7456
7457
7458
7459
7459
7461
7464
7464
7465
7465
7470
7474
7475
7475
7479
7479
7482
7482
7483
7483
7483
7483
7485
7486
7488
7490
7491
7491
7492
7492
7493
7495
7497
7498
7500
7501
7501
7502
7503
7504
7505
7506
7506
7507
7508
7508
7510
7510
7512
7514
7514
7515
7516
7516
7516
7517
7518
7518
7519
7520
7520
7521
7522
7523
7523
7523
7523
7523
7524
7524
7524
7524
7527
7527
7528
7529
7529
7529
7530
7532
7532
7534
7536
7537
7537
7537
7538
7539
7539
7541
7542
7542
7542
7544
7545
7545
7546
7549
7549
7549
7550
7551
7552
7553
7553
7556
7557
7557
7558
7558
7558
7560
7561
7561
7564
7565
7565
7565
7566
7567
7569
7571
7571
7572
7573
7574
7575
7575
7576
7576
7577
7578
7578
7578
7579
7579
7582
7582
7583
7584
7586
7587
7588
7589
7589
7589
7590
7591
7591
7593
7594
7594
7595
7595
7595
7595
7595
7596
7597
7598
7599
7602
7602
7603
7603
7603
7604
7604
7605
7610
7611
7611
7611
7611
7613
7613
7614
7615
7616
7617
7617
7617
7618
7618
7618
7622
7622
7624
7625
7628
7628
7629
7629
7632
7633
7635
7636
7638
7638
7638
7638
7639
7639
7640
7641
7641
7642
7642
7642
7643
7644
7646
7648
7648
7648
7649
7650
7651
7653
7654
7657
7659
7659
7660
7662
7662
7665
7665
7666
7667
7668
7669
7670
7671
7673
7676
7677
7679
7679
7679
7681
7681
7682
7682
7685
7687
7687
7688
7690
7690
7691
7692
7693
7694
7697
7697
7698
7701
7702
7702
7704
7705
7706
7708
7709
7709
7712
7712
7712
7713
7715
7715
7716
7716
7717
7718
7718
7720
7722
7722
7723
7724
7726
7728
7728
7730
7732
7732
7733
7733
7733
7735
7735
7737
7737
7737
7737
7739
7741
7742
7744
7745
7745
7745
7746
7746
7748
7748
7749
7749
7749
7749
7752
7752
7754
7754
7754
7755
7756
7756
7757
7760
7760
7760
7760
7761
7764
7765
7766
7767
7767
7768
7768
7768
7770
7771
7772
7772
7773
7773
7773
7774
7776
7778
7778
7780
7780
7781
7781
7782
7782
7783
7783
7784
7784
7785
7785
7786
7787
7787
7789
7791
7792
7792
7792
7793
7793
7794
7798
7800
7802
7803
7804
7804
7804
7804
7806
7807
7807
7809
7810
7813
7813
7813
7813
7814
7815
7816
7817
7817
7817
7817
7819
7819
7821
7822
7823
7824
7824
7825
7825
7825
7825
7825
7826
7826
7828
7828
7830
7830
7832
7834
7837
7838
7838
7838
7839
7840
7840
7842
7843
7846
7846
7846
7847
7847
7848
7849
7849
7850
7850
7852
7854
7856
7859
7860
7861
7862
7864
7865
7866
7867
7867
7868
7869
7869
7870
7870
7870
7872
7873
7876
7876
7876
7878
7879
7879
7879
7879
7880
7881
7883
7883
7883
7884
7885
7886
7887
7887
7888
7888
7888
7889
7889
7891
7893
7893
7897
7899
7900
7901
7902
7903
7903
7905
7907
7908
7908
7908
7910
7913
7913
7913
7913
7916
7916
7919
7920
7922
7923
7924
7925
7926
7930
7931
7935
7935
7935
7938
7939
7939
7940
7941
7942
7944
7946
7948
7949
7950
7951
7951
7951
7956
7956
7956
7957
7958
7958
7961
7965
7966
7967
7969
7973
7974
7976
7977
7979
7980
7980
7983
7985
7985
7985
7986
7989
7990
7993
7993
7994
7995
7996
7999
7999
8001
8001
8002
8003
8003
8003
8003
8004
8004
8004
8008
8008
8010
8013
8013
8013
8014
8016
8017
8017
8019
8019
8020
8020
8020
8020
8022
8023
8025
8025
8027
8027
8028
8028
8028
8028
8029
8030
8032
8033
8033
8035
8039
8044
8044
8045
8045
8045
8045
8046
8046
8049
8053
8053
8053
8053
8054
8054
8055
8058
8059
8059
8061
8063
8064
8065
8069
8069
8069
8072
8072
8072
8074
8075
8076
8077
8078
8078
8080
8081
8082
8085
8085
8085
8086
8086
8087
8087
8088
8088
8091
8091
8092
8093
8094
8096
8097
8097
8098
8098
8098
8099
8101
8102
8103
8103
8103
8103
8104
8105
8105
8107
8107
8107
8107
8109
8110
8111
8112
8113
8113
8114
8116
8117
8118
8119
8119
8120
8123
8124
8124
8125
8128
8128
8129
8134
8134
8136
8136
8137
8139
8140
8140
8143
8146
8146
8147
8148
8149
8149
8150
8151
8152
8152
8154
8155
8155
8155
8156
8158
8158
8158
8160
8161
8164
8165
8165
8166
8168
8169
8169
8170
8170
8171
8172
8172
8172
8174
8174
8174
8175
8176
8177
8178
8178
8179
8179
8180
8183
8184
8185
8185
8185
8186
8186
8187
8187
8188
8188
8189
8191
8191
8193
8195
8195
8195
8196
8196
8197
8203
8205
8206
8206
8208
8209
8209
8212
8212
8215
8217
8218
8220
8220
8221
8222
8223
8224
8228
8228
8229
8229
8230
8234
8234
8236
8237
8237
8238
8238
8238
8238
8238
8239
8239
8240
8240
8241
8241
8241
8242
8242
8242
8243
8243
8245
8245
8245
8248
8248
8249
8249
8250
8252
8254
8255
8255
8256
8257
8257
8261
8261
8265
8265
8266
8266
8266
8267
8267
8272
8274
8275
8277
8279
8280
8282
8282
8283
8283
8283
8284
8285
8286
8288
8288
8289
8289
8290
8290
8291
8291
8292
8293
8293
8293
8294
8296
8301
8301
8301
8302
8302
8303
8303
8304
8305
8305
8306
8306
8307
8307
8308
8309
8311
8312
8313
8313
8316
8317
8318
8321
8321
8323
8324
8326
8326
8327
8331
8332
8332
8333
8334
8336
8336
8337
8338
8343
8344
8345
8345
8345
8348
8350
8353
8354
8354
8354
8356
8356
8358
8360
8361
8362
8362
8364
8365
8367
8367
8368
8369
8371
8371
8372
8373
8373
8374
8376
8377
8377
8378
8379
8379
8379
8380
8380
8381
8383
8384
8385
8385
8385
8385
8386
8391
8392
8393
8394
8394
8395
8395
8396
8398
8398
8400
8400
8402
8402
8406
8406
8407
8407
8407
8409
8412
8412
8413
8414
8415
8416
8416
8417
8417
8418
8418
8420
8420
8422
8424
8427
8428
8428
8429
8429
8429
8431
8432
8433
8435
8436
8439
8440
8441
8444
8445
8445
8446
8446
8450
8452
8453
8453
8455
8455
8457
8459
8460
8462
8463
8464
8465
8466
8467
8470
8470
8471
8471
8472
8475
8475
8475
8475
8475
8476
8477
8478
8478
8478
8479
8480
8481
8482
8482
8482
8483
8485
8485
8486
8491
8491
8492
8492
8493
8493
8494
8495
8496
8496
8498
8498
8499
8499
8499
8500
8500
8500
8501
8501
8503
8503
8503
8505
8508
8509
8509
8510
8511
8512
8512
8512
8514
8514
8515
8516
8516
8516
8522
8523
8524
8526
8526
8527
8527
8528
8529
8529
8530
8531
8531
8532
8532
8535
8536
8536
8538
8538
8540
8540
8541
8541
8541
8541
8541
8542
8543
8543
8544
8544
8547
8548
8548
8548
8549
8551
8553
8555
8556
8556
8557
8558
8558
8559
8560
8564
8565
8567
8567
8568
8569
8569
8570
8570
8570
8571
8571
8575
8576
8578
8578
8578
8579
8580
8580
8581
8581
8581
8581
8582
8586
8587
8587
8592
8592
8595
8596
8596
8597
8597
8598
8599
8599
8599
8599
8600
8600
8602
8602
8605
8606
8607
8607
8608
8609
8610
8610
8611
8612
8614
8614
8616
8616
8617
8617
8618
8621
8622
8622
8623
8624
8624
8624
8624
8626
8630
8631
8633
8634
8634
8634
8635
8635
8635
8637
8637
8639
8639
8642
8643
8643
8644
8645
8647
8648
8649
8651
8652
8653
8653
8654
8656
8656
8656
8658
8661
8662
8663
8664
8664
8665
8666
8668
8668
8669
8670
8673
8674
8674
8675
8675
8675
8676
8676
8677
8677
8678
8680
8681
8682
8684
8685
8685
8689
8690
8691
8695
8695
8696
8696
8697
8698
8698
8701
8701
8704
8704
8705
8705
8706
8707
8707
8709
8710
8711
8711
8712
8713
8714
8714
8714
8714
8715
8715
8715
8719
8722
8724
8724
8724
8724
8726
8729
8732
8732
8732
8732
8733
8733
8735
8736
8737
8737
8737
8740
8740
8740
8741
8743
8744
8744
8746
8747
8747
8748
8748
8749
8749
8749
8750
8751
8751
8752
8753
8753
8753
8754
8754
8757
8757
8758
8758
8761
8762
8762
8763
8764
8765
8765
8766
8766
8767
8767
8767
8768
8768
8768
8769
8769
8770
8770
8771
8771
8773
8773
8773
8774
8774
8776
8777
8778
8779
8781
8781
8781
8782
8782
8784
8784
8785
8785
8785
8786
8787
8788
8792
8793
8795
8795
8796
8797
8799
8800
8800
8805
8805
8810
8811
8812
8814
8814
8815
8815
8815
8815
8816
8816
8816
8817
8819
8819
8820
8820
8821
8822
8823
8825
8826
8827
8828
8828
8829
8829
8830
8832
8833
8833
8833
8835
8836
8837
8837
8837
8838
8840
8841
8845
8847
8848
8849
8850
8852
8853
8854
8855
8856
8856
8856
8856
8857
8857
8858
8858
8858
8859
8859
8859
8862
8862
8863
8865
8865
8866
8867
8869
8869
8871
8871
8871
8871
8874
8875
8875
8875
8878
8878
8878
8878
8879
8880
8882
8882
8883
8886
8887
8887
8888
8889
8889
8889
8891
8891
8892
8893
8894
8894
8895
8896
8897
8900
8900
8901
8902
8902
8903
8904
8904
8905
8905
8906
8908
8908
8908
8909
8910
8914
8915
8915
8916
8916
8917
8917
8918
8918
8918
8918
8919
8919
8920
8921
8921
8922
8922
8922
8922
8922
8923
8923
8927
8928
8928
8928
8929
8931
8932
8932
8933
8933
8935
8936
8937
8937
8940
8940
8940
8942
8943
8945
8945
8946
8947
8948
8950
8952
8952
8953
8956
8957
8958
8959
8960
8960
8961
8962
8963
8964
8966
8967
8967
8968
8968
8969
8969
8970
8971
8972
8975
8977
8978
8979
8979
8980
8981
8982
8983
8984
8985
8987
8988
8991
8993
8993
8997
8998
8999
8999
9000
9001
9002
9004
9006
9008
9009
9010
9011
9011
9011
9011
9013
9013
9014
9015
9015
9016
9016
9017
9017
9019
9019
9019
9020
9024
9024
9025
9025
9025
9026
9027
9027
9029
9030
9030
9030
9031
9032
9032
9032
9033
9034
9034
9034
9034
9035
9036
9036
9037
9037
9037
9038
9038
9038
9039
9040
9041
9043
9043
9044
9044
9044
9044
9047
9048
9048
9048
9049
9049
9050
9050
9052
9053
9054
9054
9054
9055
9057
9058
9059
9059
9059
9061
9063
9065
9068
9068
9069
9070
9072
9072
9073
9074
9074
9076
9079
9083
9083
9085
9085
9087
9088
9089
9091
9092
9092
9093
9095
9095
9097
9097
9100
9101
9101
9103
9103
9105
9106
9106
9106
9106
9106
9108
9108
9111
9112
9112
9112
9114
9114
9115
9115
9115
9117
9118
9118
9119
9120
9123
9123
9124
9125
9125
9127
9128
9128
9130
9130
9133
9135
9136
9137
9138
9138
9139
9141
9141
9141
9141
9141
9142
9143
9145
9147
9148
9149
9150
9150
9151
9152
9154
9155
9158
9158
9159
9159
9160
9162
9162
9162
9162
9165
9169
9174
9177
9177
9178
9178
9181
9182
9182
9186
9188
9190
9190
9190
9191
9191
9192
9192
9192
9193
9194
9195
9197
9197
9199
9200
9200
9201
9201
9203
9203
9204
9207
9208
9208
9208
9208
9210
9211
9214
9214
9216
9216
9216
9219
9219
9222
9223
9225
9225
9226
9226
9228
9228
9229
9231
9232
9233
9233
9233
9234
9234
9235
9239
9240
9241
9243
9243
9244
9244
9246
9247
9250
9250
9253
9253
9255
9257
9259
9259
9261
9262
9262
9263
9264
9264
9265
9266
9267
9267
9269
9269
9270
9271
9273
9273
9273
9273
9275
9275
9276
9277
9277
9279
9280
9280
9281
9281
9282
9283
9287
9288
9289
9290
9292
9292
9296
9296
9297
9300
9301
9301
9302
9303
9303
9304
9305
9307
9310
9310
9311
9311
9314
9315
9316
9317
9317
9317
9318
9318
9318
9319
9319
9319
9319
9320
9320
9320
9321
9321
9321
9322
9322
9323
9323
9324
9325
9326
9327
9327
9329
9329
9329
9330
9330
9330
9331
9333
9335
9336
9337
9339
9342
9343
9345
9345
9347
9348
9348
9351
9354
9356
9357
9357
9359
9360
9361
9362
9362
9362
9364
9364
9366
9367
9367
9369
9373
9373
9374
9375
9376
9377
9377
9377
9380
9383
9385
9386
9389
9389
9392
9395
9395
9398
9399
9400
9400
9403
9404
9406
9407
9407
9407
9408
9408
9409
9410
9412
9413
9415
9416
9416
9416
9417
9419
9420
9420
9420
9420
9422
9424
9425
9425
9426
9426
9427
9429
9429
9430
9434
9435
9435
9436
9436
9440
9443
9443
9443
9444
9445
9445
9446
9446
9449
9450
9450
9452
9452
9453
9455
9455
9459
9459
9460
9462
9463
9464
9465
9466
9466
9467
9468
9468
9469
9469
9469
9471
9474
9474
9475
9475
9475
9476
9477
9479
9480
9481
9481
9484
9485
9486
9486
9487
9487
9488
9489
9490
9490
9490
9491
9491
9493
9493
9493
9498
9500
9500
9500
9501
9503
9503
9504
9504
9505
9506
9507
9507
9507
9511
9511
9511
9512
9513
9513
9513
9515
9516
9516
9517
9517
9518
9519
9519
9520
9520
9521
9522
9528
9528
9529
9530
9530
9530
9531
9533
9534
9535
9537
9537
9537
9538
9540
9541
9542
9545
9546
9547
9548
9549
9549
9551
9553
9554
9555
9555
9556
9558
9559
9562
9562
9563
9564
9566
9567
9567
9570
9571
9571
9573
9573
9574
9574
9575
9575
9575
9575
9575
9580
9583
9583
9583
9583
9584
9587
9588
9590
9592
9593
9596
9596
9597
9597
9597
9597
9598
9598
9599
9599
9600
9601
9603
9605
9607
9611
9612
9612
9614
9614
9615
9616
9617
9617
9617
9617
9617
9618
9620
9622
9622
9624
9626
9626
9628
9631
9631
9633
9638
9638
9639
9639
9640
9640
9641
9645
9646
9648
9651
9651
9653
9653
9653
9654
9654
9655
9658
9658
9658
9659
9660
9661
9661
9662
9663
9663
9664
9665
9665
9665
9668
9668
9669
9669
9669
9670
9670
9672
9673
9673
9673
9673
9675
9677
9678
9678
9678
9680
9682
9683
9683
9684
9685
9687
9688
9688
9689
9689
9690
9690
9690
9690
9690
9692
9692
9694
9694
9696
9696
9696
9697
9698
9699
9700
9702
9702
9702
9702
9705
9705
9706
9707
9707
9707
9708
9709
9710
9710
9710
9711
9713
9713
9716
9717
9718
9720
9720
9721
9721
9722
9723
9723
9724
9726
9728
9728
9728
9729
9730
9730
9730
9730
9731
9731
9733
9734
9734
9735
9736
9737
9738
9740
9740
9741
9741
9742
9742
9744
9744
9746
9748
9750
9753
9753
9755
9755
9756
9757
9759
9759
9761
9761
9762
9762
9764
9764
9764
9765
9765
9770
9770
9772
9772
9776
9778
9779
9780
9783
9783
9785
9785
9787
9787
9788
9788
9791
9792
9792
9792
9793
9793
9795
9795
9797
9797
9798
9799
9802
9802
9803
9806
9807
9807
9808
9808
9810
9810
9810
9811
9811
9812
9817
9817
9817
9817
9818
9819
9819
9820
9820
9820
9823
9823
9824
9825
9826
9828
9829
9829
9832
9832
9832
9834
9834
9834
9835
9835
9836
9836
9840
9840
9841
9843
9846
9849
9850
9850
9851
9853
9854
9855
9855
9857
9859
9859
9861
9863
9863
9865
9865
9867
9872
9872
9873
9873
9874
9874
9876
9876
9877
9877
9878
9878
9878
9879
9883
9884
9885
9886
9887
9888
9890
9890
9891
9894
9896
9896
9897
9898
9898
9899
9901
9902
9903
9905
9906
9907
9907
9907
9910
9911
9912
9913
9913
9913
9914
9915
9919
9920
9921
9922
9923
9923
9925
9925
9928
9928
9929
9937
9937
9938
9939
9939
9939
9940
9940
9940
9941
9941
9942
9946
9949
9949
9949
9951
9955
9955
9955
9956
9957
9957
9957
9958
9958
9959
9959
9960
9961
9963
9964
9966
9967
9969
9970
9972
9974
9976
9976
9978
9979
9979
9980
9981
9981
9982
9983
9983
9983
9986
9987
9987
9987
9987
9988
9988
9989
9990
9991
9992
9993
9995
9996
9996
9996
9998
