0
4
7
7
8
9
9
11
12
13
15
16
17
18
19
20
20
21
24
24
25
25
26
26
28
28
30
31
31
33
33
34
34
35
36
38
38
39
40
40
41
42
44
45
45
46
46
49
49
51
52
55
55
56
58
60
60
61
65
67
71
72
73
74
75
76
77
79
80
81
81
82
82
82
84
84
85
86
87
87
87
88
88
89
90
91
91
93
93
94
94
95
95
96
97
98
100
100
101
103
103
103
104
108
108
109
110
112
114
116
116
117
117
117
118
118
119
121
122
123
124
125
128
129
130
130
131
132
132
133
134
134
135
136
137
137
140
141
143
144
145
145
146
146
146
151
153
155
155
156
158
160
161
162
162
164
164
164
165
165
166
166
167
167
173
176
176
177
177
178
178
181
182
182
182
183
184
185
187
188
191
192
193
194
194
195
198
199
199
200
200
202
202
203
204
204
204
208
208
209
209
210
210
212
213
214
217
218
218
218
219
220
221
221
222
222
222
223
224
225
228
229
229
229
230
230
232
232
232
234
234
235
236
237
240
241
245
247
247
250
250
252
253
253
254
254
259
259
259
261
261
264
264
264
264
265
271
273
275
276
276
278
279
279
279
280
281
283
284
285
289
291
291
292
294
295
297
297
299
299
299
300
303
303
305
306
307
308
308
310
311
312
313
317
317
317
318
319
320
320
320
320
322
323
323
327
327
328
328
329
330
330
331
332
332
333
333
334
337
338
339
344
345
347
347
350
351
352
353
354
355
357
357
358
358
360
361
361
362
362
362
362
364
366
366
366
368
368
370
370
371
373
374
376
377
377
378
379
379
380
380
381
381
382
382
382
383
384
385
385
386
386
386
388
390
390
390
390
391
391
393
393
393
393
393
393
394
396
396
397
397
397
401
401
404
407
409
410
410
413
414
414
414
414
415
418
419
420
420
420
422
422
424
424
425
428
428
429
429
430
431
432
433
433
434
434
436
438
443
444
445
446
447
447
448
448
448
449
450
451
451
451
451
454
455
455
456
456
457
458
459
460
461
464
465
465
466
466
467
468
470
471
472
472
473
474
475
476
476
477
478
479
479
480
480
482
482
486
488
488
489
489
492
494
495
496
496
496
497
497
497
498
499
500
500
501
501
501
501
501
501
502
503
503
504
504
504
507
509
509
511
514
514
515
516
518
519
520
522
522
526
529
531
533
535
535
536
536
536
536
536
537
538
538
539
542
544
547
553
554
554
558
559
559
559
559
561
561
561
563
565
566
567
567
567
568
569
569
571
572
576
579
580
582
583
584
584
587
590
590
591
592
592
592
593
593
594
595
597
598
601
603
603
605
606
606
607
608
608
608
608
610
611
613
616
616
616
618
618
619
623
624
626
626
626
629
630
634
634
635
636
640
641
643
643
645
646
647
649
651
651
651
653
654
654
655
658
659
661
662
662
663
664
664
665
665
666
667
669
669
670
670
671
672
674
675
676
677
677
677
677
677
678
679
680
680
681
681
682
683
683
684
684
686
687
688
688
689
691
691
694
695
695
695
695
695
698
699
702
702
705
710
711
711
711
712
713
713
715
717
718
719
720
721
724
725
725
728
729
730
731
733
734
736
736
737
737
738
739
740
742
743
743
744
744
745
746
747
749
751
751
751
752
752
753
753
754
754
756
758
759
759
760
761
761
762
764
766
766
771
771
773
773
775
776
777
778
779
783
785
787
787
787
787
788
790
791
792
793
796
797
799
800
801
802
804
804
804
806
806
807
807
809
810
812
814
815
815
816
816
816
818
818
818
819
821
821
822
823
825
825
830
831
832
834
837
838
841
842
843
844
846
846
847
847
848
848
848
848
849
850
850
852
853
853
855
855
855
855
856
856
857
857
858
859
859
860
860
861
861
862
862
862
866
867
867
869
870
870
871
874
876
876
877
877
877
878
878
879
879
880
881
881
881
882
883
884
886
886
889
892
892
893
895
895
895
899
900
905
906
907
907
908
908
908
909
910
910
911
912
915
916
916
916
917
918
919
920
921
922
923
923
927
927
927
928
928
928
929
930
930
930
931
931
931
932
933
934
934
934
934
935
935
936
936
936
936
943
944
944
946
946
949
955
955
956
958
958
960
960
960
963
964
965
965
967
968
971
973
975
975
975
976
977
978
978
979
980
980
980
981
981
982
982
983
987
989
990
990
991
991
991
992
993
994
995
996
1000
1000
1002
1004
1004
1005
1006
1007
1010
1010
1010
1011
1013
1013
1013
1014
1016
1017
1017
1018
1019
1019
1020
1021
1022
1023
1024
1024
1025
1025
1026
1026
1030
1031
1031
1032
1034
1034
1034
1034
1037
1037
1042
1043
1045
1046
1046
1048
1048
1051
1052
1052
1053
1054
1055
1055
1057
1063
1063
1064
1065
1065
1065
1065
1066
1067
1068
1069
1070
1071
1071
1071
1072
1074
1074
1080
1082
1083
1084
1084
1085
1086
1087
1088
1089
1090
1091
1092
1093
1093
1093
1094
1095
1098
1098
1099
1100
1100
1100
1101
1102
1107
1107
1109
1112
1113
1113
1114
1114
1116
1116
1119
1119
1119
1120
1122
1123
1125
1127
1127
1129
1130
1131
1131
1132
1132
1133
1133
1134
1135
1135
1137
1137
1138
1139
1140
1141
1143
1145
1145
1145
1148
1149
1152
1152
1152
1152
1155
1155
1155
1155
1158
1159
1159
1160
1161
1162
1162
1162
1162
1164
1164
1166
1170
1172
1172
1175
1175
1176
1179
1184
1184
1186
1187
1187
1187
1189
1189
1189
1190
1191
1192
1193
1193
1193
1194
1195
1196
1197
1197
1197
1198
1198
1198
1199
1200
1201
1202
1202
1205
1205
1206
1206
1207
1208
1208
1208
1209
1210
1210
1211
1213
1213
1216
1217
1219
1219
1219
1221
1222
1222
1223
1223
1224
1226
1228
1228
1228
1229
1230
1230
1231
1232
1232
1234
1236
1239
1239
1239
1240
1241
1241
1244
1245
1246
1247
1248
1249
1250
1250
1250
1250
1250
1250
1251
1253
1253
1254
1256
1256
1256
1258
1258
1258
1258
1260
1260
1263
1263
1263
1264
1265
1265
1266
1267
1269
1269
1271
1272
1274
1274
1277
1278
1278
1279
1279
1280
1281
1282
1283
1284
1284
1286
1287
1287
1289
1289
1289
1289
1289
1290
1290
1290
1291
1292
1293
1296
1296
1296
1297
1301
1301
1302
1302
1303
1303
1305
1306
1307
1307
1307
1308
1309
1309
1309
1310
1310
1311
1312
1314
1314
1316
1317
1317
1319
1319
1320
1321
1321
1323
1324
1324
1325
1326
1328
1329
1329
1330
1330
1332
1332
1333
1337
1338
1338
1339
1341
1344
1345
1346
1346
1348
1348
1348
1348
1349
1350
1350
1353
1354
1355
1360
1360
1361
1363
1364
1367
1368
1372
1372
1373
1377
1380
1381
1382
1385
1385
1385
1386
1387
1388
1390
1392
1392
1394
1394
1395
1396
1398
1398
1400
1400
1402
1403
1405
1405
1406
1406
1406
1407
1408
1409
1410
1411
1412
1417
1418
1420
1420
1421
1423
1423
1423
1424
1424
1425
1425
1427
1428
1429
1431
1431
1432
1432
1434
1435
1435
1439
1439
1440
1441
1443
1444
1445
1445
1445
1447
1448
1449
1450
1450
1450
1451
1452
1453
1453
1454
1454
1455
1456
1457
1457
1458
1460
1460
1460
1461
1461
1462
1462
1464
1465
1467
1467
1468
1470
1471
1471
1474
1474
1475
1475
1476
1476
1476
1476
1477
1481
1481
1482
1482
1483
1484
1486
1486
1486
1486
1490
1491
1492
1493
1496
1496
1498
1499
1502
1503
1504
1504
1505
1506
1508
1508
1512
1512
1512
1516
1517
1517
1518
1519
1521
1521
1523
1524
1525
1526
1526
1526
1527
1528
1530
1531
1532
1532
1533
1534
1535
1536
1538
1541
1543
1544
1545
1545
1545
1545
1546
1547
1548
1549
1554
1555
1555
1555
1556
1557
1560
1560
1561
1562
1562
1564
1564
1565
1566
1568
1568
1568
1570
1570
1571
1571
1573
1573
1576
1577
1578
1580
1582
1582
1584
1585
1587
1589
1590
1591
1591
1591
1592
1593
1594
1595
1596
1599
1612
1613
1613
1614
1616
1616
1617
1617
1618
1619
1619
1620
1623
1623
1627
1628
1629
1629
1630
1630
1630
1631
1633
1633
1634
1634
1634
1634
1636
1636
1637
1637
1638
1638
1640
1642
1642
1642
1643
1643
1644
1644
1645
1646
1646
1646
1649
1649
1649
1649
1650
1651
1653
1653
1655
1655
1656
1657
1658
1658
1659
1661
1661
1661
1662
1664
1664
1669
1670
1670
1670
1672
1673
1673
1673
1674
1675
1676
1676
1676
1678
1680
1680
1682
1683
1684
1684
1686
1689
1689
1690
1691
1691
1694
1694
1694
1694
1695
1697
1697
1699
1699
1699
1701
1703
1703
1703
1704
1704
1704
1705
1706
1706
1709
1710
1711
1712
1712
1713
1713
1714
1715
1716
1718
1718
1718
1720
1720
1722
1723
1723
1724
1725
1727
1728
1728
1729
1729
1730
1731
1733
1735
1739
1739
1740
1742
1742
1743
1744
1746
1746
1747
1748
1748
1749
1751
1754
1754
1755
1756
1758
1759
1759
1759
1761
1763
1764
1764
1765
1766
1770
1770
1771
1771
1771
1772
1773
1774
1774
1774
1777
1778
1778
1779
1780
1780
1783
1783
1785
1786
1786
1787
1787
1788
1790
1791
1792
1793
1793
1794
1795
1797
1798
1799
1800
1800
1802
1803
1803
1804
1804
1805
1806
1807
1807
1807
1807
1807
1808
1808
1810
1811
1812
1812
1812
1813
1813
1813
1814
1817
1817
1818
1818
1819
1819
1820
1822
1822
1823
1824
1824
1824
1825
1828
1828
1832
1832
1833
1834
1834
1834
1834
1835
1835
1836
1836
1836
1839
1839
1840
1841
1841
1842
1843
1843
1845
1845
1846
1848
1850
1850
1850
1850
1851
1852
1855
1855
1856
1856
1856
1858
1861
1861
1861
1864
1864
1865
1868
1869
1869
1875
1875
1875
1875
1876
1877
1877
1878
1878
1881
1881
1884
1886
1886
1888
1889
1890
1890
1891
1891
1892
1892
1892
1895
1896
1896
1896
1897
1897
1898
1899
1899
1900
1900
1901
1902
1903
1903
1906
1907
1909
1909
1909
1909
1912
1912
1914
1916
1917
1918
1918
1918
1920
1922
1922
1923
1923
1925
1925
1927
1927
1929
1930
1931
1932
1932
1932
1937
1938
1938
1938
1939
1942
1942
1946
1947
1948
1948
1948
1949
1949
1949
1953
1953
1953
1953
1953
1954
1954
1956
1956
1957
1957
1960
1960
1960
1961
1965
1965
1966
1966
1967
1970
1970
1971
1976
1976
1978
1980
1981
1983
1985
1986
1986
1986
1986
1987
1988
1989
1990
1990
1991
1992
1992
1994
1995
1995
1996
1997
1998
1998
1999
2000
2000
2001
2001
2002
2004
2005
2010
2010
2010
2011
2011
2013
2013
2014
2015
2015
2017
2018
2021
2021
2023
2023
2024
2024
2025
2025
2029
2030
2030
2033
2034
2035
2036
2036
2037
2038
2039
2042
2045
2047
2049
2051
2053
2055
2055
2055
2057
2058
2059
2060
2064
2065
2065
2068
2068
2068
2070
2071
2071
2071
2074
2075
2075
2077
2077
2078
2080
2082
2085
2087
2089
2089
2091
2092
2094
2095
2097
2097
2099
2099
2100
2101
2102
2102
2102
2103
2103
2104
2105
2106
2106
2108
2108
2111
2112
2112
2114
2115
2116
2116
2117
2118
2118
2119
2120
2120
2122
2122
2123
2123
2125
2128
2128
2128
2128
2128
2129
2130
2130
2131
2131
2133
2134
2135
2136
2137
2137
2139
2139
2141
2143
2145
2145
2146
2147
2148
2148
2149
2150
2152
2152
2152
2152
2153
2153
2154
2155
2155
2156
2157
2157
2160
2160
2162
2164
2166
2166
2166
2167
2168
2169
2176
2177
2179
2180
2181
2182
2182
2183
2183
2183
2184
2184
2185
2185
2186
2187
2189
2190
2192
2194
2194
2195
2198
2199
2200
2200
2201
2202
2203
2203
2203
2205
2206
2207
2208
2209
2210
2212
2213
2213
2215
2216
2220
2220
2222
2222
2222
2224
2224
2227
2227
2230
2231
2232
2235
2235
2235
2236
2237
2238
2238
2238
2238
2239
2241
2242
2243
2243
2244
2245
2248
2249
2250
2250
2251
2252
2252
2257
2259
2259
2259
2259
2260
2261
2261
2263
2263
2267
2268
2270
2272
2272
2273
2274
2275
2275
2276
2277
2277
2277
2277
2279
2280
2280
2280
2282
2282
2282
2283
2284
2286
2287
2288
2289
2290
2291
2291
2292
2294
2294
2294
2295
2296
2297
2298
2299
2300
2301
2302
2303
2304
2305
2306
2306
2309
2310
2312
2313
2316
2317
2318
2321
2322
2325
2327
2327
2329
2329
2329
2329
2330
2331
2331
2331
2333
2333
2335
2335
2335
2337
2339
2340
2341
2343
2344
2344
2347
2350
2350
2350
2352
2352
2352
2353
2353
2354
2354
2356
2357
2357
2358
2359
2360
2360
2360
2362
2363
2363
2363
2368
2368
2368
2368
2370
2373
2374
2374
2375
2376
2376
2377
2378
2379
2382
2382
2384
2385
2385
2385
2386
2386
2387
2389
2390
2390
2391
2392
2393
2394
2394
2394
2394
2394
2397
2398
2400
2400
2401
2402
2404
2405
2405
2405
2405
2405
2410
2410
2410
2412
2413
2416
2418
2421
2421
2421
2421
2423
2423
2423
2424
2426
2427
2427
2430
2430
2431
2435
2435
2435
2436
2437
2437
2438
2438
2440
2441
2441
2441
2442
2443
2443
2444
2444
2444
2445
2445
2447
2447
2447
2447
2448
2449
2450
2451
2455
2456
2456
2456
2457
2457
2458
2463
2465
2466
2469
2469
2471
2475
2476
2476
2478
2478
2480
2483
2484
2485
2485
2486
2487
2488
2490
2492
2493
2495
2495
2495
2496
2496
2496
2497
2498
2499
2500
2500
2501
2501
2501
2503
2503
2503
2505
2506
2507
2507
2508
2510
2511
2511
2512
2514
2515
2515
2516
2516
2518
2518
2518
2520
2521
2521
2523
2524
2525
2525
2525
2525
2526
2527
2529
2529
2530
2530
2531
2532
2534
2534
2535
2535
2536
2537
2537
2538
2539
2541
2541
2542
2545
2546
2548
2549
2551
2551
2554
2554
2554
2556
2557
2558
2561
2561
2561
2561
2562
2562
2562
2563
2564
2566
2567
2570
2575
2575
2576
2576
2580
2580
2582
2583
2583
2585
2587
2587
2588
2588
2588
2589
2589
2591
2591
2591
2591
2596
2596
2596
2596
2597
2599
2599
2599
2599
2601
2601
2602
2603
2604
2609
2609
2613
2613
2613
2616
2616
2618
2619
2619
2620
2621
2621
2623
2624
2625
2626
2628
2632
2634
2635
2635
2636
2637
2637
2637
2638
2638
2638
2639
2639
2641
2642
2642
2644
2647
2648
2649
2652
2652
2654
2654
2655
2657
2659
2659
2659
2661
2662
2662
2662
2663
2663
2664
2664
2664
2664
2665
2665
2666
2666
2668
2670
2673
2675
2676
2678
2679
2683
2683
2685
2686
2686
2689
2690
2691
2692
2693
2693
2693
2693
2694
2694
2695
2696
2697
2698
2698
2700
2700
2702
2702
2704
2704
2705
2706
2708
2709
2713
2713
2714
2714
2717
2717
2717
2717
2718
2719
2726
2727
2727
2728
2728
2728
2731
2731
2734
2734
2734
2735
2736
2737
2737
2737
2738
2738
2739
2739
2739
2740
2741
2742
2742
2742
2742
2745
2745
2746
2747
2752
2753
2753
2755
2756
2757
2757
2757
2758
2758
2759
2760
2762
2763
2763
2765
2766
2766
2766
2766
2767
2769
2769
2769
2770
2771
2771
2772
2775
2776
2776
2783
2784
2786
2786
2787
2790
2790
2790
2791
2791
2795
2796
2798
2798
2799
2800
2802
2803
2804
2804
2805
2807
2808
2810
2814
2814
2814
2815
2815
2817
2819
2821
2823
2827
2831
2832
2834
2835
2836
2837
2838
2841
2842
2842
2843
2843
2844
2844
2845
2845
2846
2846
2846
2847
2847
2848
2849
2849
2850
2850
2853
2853
2853
2853
2854
2854
2854
2854
2855
2856
2857
2858
2859
2860
2862
2863
2863
2864
2865
2866
2868
2869
2869
2870
2870
2872
2876
2877
2879
2879
2879
2881
2882
2882
2884
2885
2885
2885
2889
2890
2890
2891
2891
2892
2892
2892
2894
2894
2895
2895
2896
2896
2896
2899
2900
2900
2900
2901
2902
2905
2907
2910
2911
2912
2913
2913
2913
2914
2916
2917
2918
2919
2920
2920
2921
2922
2922
2924
2924
2925
2925
2926
2927
2927
2927
2927
2928
2932
2933
2934
2936
2937
2938
2938
2939
2940
2940
2942
2944
2945
2946
2948
2948
2948
2949
2949
2951
2951
2952
2954
2955
2956
2956
2957
2958
2958
2958
2959
2960
2960
2962
2964
2964
2965
2965
2965
2966
2967
2970
2970
2971
2972
2975
2976
2976
2977
2977
2979
2980
2980
2982
2983
2983
2984
2984
2987
2989
2990
2992
2994
2994
2997
2997
3000
3000
3000
3001
3005
3005
3007
3009
3011
3013
3013
3014
3014
3017
3017
3019
3019
3020
3020
3022
3022
3022
3022
3025
3027
3033
3033
3035
3036
3037
3037
3038
3042
3043
3047
3048
3050
3051
3052
3053
3053
3054
3056
3059
3059
3060
3060
3062
3062
3065
3065
3065
3065
3065
3067
3067
3071
3072
3074
3077
3077
3077
3079
3081
3085
3086
3086
3086
3087
3087
3087
3088
3088
3089
3090
3090
3091
3092
3093
3093
3094
3094
3095
3097
3097
3097
3097
3097
3098
3098
3098
3099
3101
3102
3103
3103
3103
3103
3104
3106
3108
3108
3111
3111
3113
3113
3116
3119
3120
3121
3122
3124
3125
3125
3125
3126
3126
3126
3129
3129
3129
3130
3131
3132
3134
3134
3134
3135
3136
3136
3136
3137
3140
3143
3144
3145
3145
3147
3148
3150
3150
3150
3151
3154
3156
3160
3161
3162
3164
3170
3170
3173
3174
3174
3174
3174
3175
3176
3179
3180
3180
3183
3183
3183
3183
3184
3185
3185
3186
3187
3187
3188
3188
3189
3190
3192
3192
3195
3195
3196
3196
3197
3201
3202
3202
3203
3204
3204
3204
3207
3207
3209
3210
3213
3214
3216
3216
3216
3218
3218
3220
3221
3223
3225
3226
3227
3229
3230
3231
3231
3231
3232
3232
3233
3234
3234
3234
3235
3235
3236
3238
3239
3241
3241
3242
3243
3244
3246
3248
3248
3249
3253
3254
3256
3257
3257
3260
3260
3261
3261
3261
3262
3263
3264
3264
3266
3267
3270
3270
3270
3270
3271
3272
3273
3273
3274
3276
3277
3278
3278
3280
3282
3282
3284
3284
3286
3287
3290
3290
3290
3291
3292
3292
3292
3292
3294
3294
3296
3297
3298
3298
3299
3300
3301
3303
3303
3303
3303
3304
3304
3306
3306
3306
3307
3309
3310
3311
3311
3311
3313
3319
3320
3320
3320
3321
3321
3322
3323
3326
3326
3326
3326
3327
3327
3327
3327
3328
3329
3330
3332
3333
3334
3337
3339
3340
3340
3341
3341
3342
3344
3344
3345
3346
3346
3347
3347
3347
3348
3348
3348
3351
3353
3353
3353
3353
3354
3356
3356
3357
3358
3359
3359
3360
3360
3362
3363
3364
3364
3364
3365
3366
3366
3371
3372
3373
3377
3377
3379
3379
3379
3380
3380
3382
3383
3384
3386
3388
3389
3391
3391
3391
3391
3392
3392
3393
3395
3396
3397
3397
3398
3399
3399
3399
3399
3402
3403
3403
3403
3405
3405
3406
3407
3407
3408
3408
3409
3410
3411
3411
3412
3412
3414
3414
3415
3417
3418
3419
3419
3420
3420
3420
3420
3421
3423
3425
3425
3428
3428
3430
3432
3433
3435
3438
3438
3439
3440
3440
3441
3442
3442
3442
3443
3443
3444
3446
3447
3448
3448
3448
3448
3450
3450
3450
3452
3453
3454
3455
3458
3459
3464
3464
3466
3466
3469
3470
3473
3473
3474
3474
3475
3475
3476
3476
3477
3477
3479
3479
3479
3479
3480
3482
3483
3484
3486
3486
3489
3489
3489
3490
3491
3491
3492
3493
3494
3495
3497
3497
3497
3499
3500
3501
3503
3504
3504
3505
3506
3507
3508
3509
3510
3510
3511
3513
3517
3520
3520
3522
3524
3525
3527
3528
3530
3531
3531
3533
3534
3535
3535
3537
3537
3537
3538
3539
3539
3540
3542
3544
3544
3546
3548
3550
3550
3550
3551
3552
3552
3553
3557
3558
3560
3562
3564
3564
3565
3567
3569
3569
3572
3572
3574
3576
3576
3578
3578
3581
3581
3581
3582
3583
3584
3585
3585
3586
3588
3590
3590
3590
3594
3597
3597
3601
3605
3607
3609
3610
3610
3611
3611
3611
3612
3613
3613
3614
3615
3617
3618
3619
3619
3620
3621
3622
3622
3623
3624
3624
3625
3626
3628
3629
3629
3634
3634
3635
3636
3637
3638
3638
3638
3639
3640
3641
3641
3641
3641
3641
3642
3643
3644
3644
3644
3646
3646
3646
3647
3649
3650
3651
3651
3652
3652
3652
3652
3654
3654
3654
3656
3657
3659
3660
3662
3663
3664
3665
3666
3667
3667
3669
3671
3671
3672
3673
3673
3677
3678
3679
3681
3681
3681
3682
3682
3686
3686
3687
3688
3689
3689
3690
3690
3690
3693
3694
3696
3698
3698
3698
3699
3700
3702
3702
3704
3705
3705
3707
3712
3716
3716
3716
3718
3718
3719
3719
3720
3720
3721
3721
3725
3725
3728
3729
3729
3729
3729
3730
3730
3732
3733
3735
3735
3736
3737
3737
3737
3738
3738
3739
3739
3739
3741
3745
3746
3746
3746
3747
3749
3750
3751
3752
3753
3753
3754
3755
3756
3756
3756
3756
3758
3759
3760
3761
3764
3765
3767
3769
3770
3771
3771
3772
3773
3774
3774
3774
3775
3776
3778
3779
3780
3782
3782
3785
3785
3786
3790
3790
3790
3791
3792
3793
3794
3795
3795
3796
3799
3799
3800
3802
3803
3803
3803
3804
3806
3806
3807
3808
3809
3809
3811
3814
3814
3815
3815
3815
3818
3819
3819
3819
3820
3822
3822
3823
3823
3824
3826
3826
3826
3828
3831
3832
3834
3834
3834
3836
3838
3838
3838
3838
3839
3839
3839
3840
3843
3844
3845
3847
3848
3848
3849
3852
3858
3859
3861
3861
3862
3862
3863
3865
3865
3867
3869
3871
3871
3872
3875
3875
3876
3877
3878
3878
3879
3880
3880
3883
3884
3887
3887
3887
3888
3890
3891
3893
3895
3896
3896
3897
3897
3897
3898
3898
3900
3901
3901
3903
3903
3904
3906
3907
3908
3909
3909
3909
3910
3910
3911
3912
3913
3914
3914
3914
3915
3915
3915
3918
3919
3920
3920
3921
3921
3922
3924
3925
3925
3925
3925
3926
3927
3928
3929
3932
3934
3935
3936
3938
3938
3939
3939
3939
3941
3945
3947
3947
3948
3949
3949
3949
3951
3952
3956
3958
3962
3963
3963
3964
3965
3969
3970
3970
3971
3971
3974
3976
3976
3976
3980
3981
3983
3983
3983
3987
3989
3989
3993
3994
3995
3995
3995
3996
3996
3998
3998
3999
4001
4003
4004
4004
4005
4007
4007
4009
4010
4011
4013
4016
4018
4018
4018
4018
4020
4020
4021
4023
4023
4025
4025
4027
4028
4029
4029
4030
4031
4032
4035
4035
4036
4037
4039
4041
4041
4042
4043
4044
4047
4047
4049
4049
4049
4050
4051
4053
4053
4054
4056
4057
4058
4059
4059
4059
4059
4059
4061
4062
4062
4062
4063
4064
4064
4066
4066
4067
4067
4068
4069
4070
4070
4071
4072
4072
4072
4072
4073
4076
4077
4077
4081
4081
4083
4084
4084
4085
4085
4086
4087
4087
4087
4089
4090
4091
4092
4094
4095
4097
4098
4098
4098
4100
4100
4100
4100
4101
4101
4102
4102
4103
4103
4104
4104
4104
4104
4107
4110
4110
4111
4114
4114
4114
4116
4117
4117
4117
4119
4119
4119
4122
4123
4124
4125
4126
4128
4128
4130
4130
4132
4132
4133
4134
4134
4137
4138
4138
4139
4140
4140
4140
4141
4141
4145
4146
4149
4149
4149
4150
4150
4151
4151
4151
4153
4154
4154
4156
4156
4156
4156
4156
4157
4159
4159
4162
4165
4165
4166
4166
4166
4167
4167
4167
4167
4169
4170
4174
4175
4176
4177
4178
4179
4179
4181
4182
4184
4185
4186
4186
4187
4188
4190
4190
4190
4191
4191
4191
4194
4194
4197
4198
4199
4201
4201
4201
4202
4205
4207
4208
4209
4212
4212
4213
4214
4214
4214
4215
4215
4217
4217
4218
4219
4219
4219
4220
4221
4221
4221
4222
4222
4222
4223
4225
4225
4229
4230
4230
4238
4238
4239
4239
4240
4240
4241
4242
4244
4244
4246
4246
4246
4246
4247
4250
4252
4253
4254
4257
4257
4259
4260
4260
4260
4264
4266
4266
4267
4269
4270
4275
4275
4275
4277
4279
4283
4283
4283
4284
4285
4291
4291
4292
4293
4294
4298
4302
4304
4305
4306
4306
4307
4307
4308
4310
4310
4311
4315
4316
4316
4316
4317
4317
4318
4318
4318
4318
4319
4320
4320
4322
4322
4322
4322
4323
4325
4325
4327
4328
4330
4330
4331
4332
4336
4336
4336
4336
4339
4340
4341
4342
4342
4342
4342
4343
4343
4343
4344
4344
4346
4346
4348
4348
4349
4351
4352
4355
4356
4356
4357
4357
4357
4358
4359
4359
4359
4360
4360
4362
4362
4364
4365
4367
4367
4367
4369
4369
4370
4370
4370
4370
4371
4372
4376
4377
4377
4377
4377
4379
4379
4380
4380
4381
4381
4382
4384
4384
4385
4385
4387
4388
4390
4390
4392
4392
4392
4393
4394
4396
4398
4399
4399
4401
4403
4405
4405
4405
4406
4408
4412
4413
4414
4416
4417
4417
4419
4420
4420
4421
4422
4424
4425
4427
4427
4428
4428
4431
4435
4441
4442
4442
4442
4442
4443
4443
4444
4444
4445
4447
4450
4450
4452
4453
4453
4453
4454
4457
4458
4460
4461
4461
4462
4462
4463
4464
4464
4466
4467
4467
4467
4470
4471
4472
4472
4474
4477
4477
4477
4479
4479
4480
4480
4480
4480
4481
4483
4484
4484
4487
4489
4490
4491
4491
4491
4493
4494
4495
4498
4499
4500
4501
4502
4502
4503
4503
4506
4506
4507
4508
4509
4509
4509
4509
4512
4517
4519
4520
4520
4520
4521
4522
4524
4524
4524
4525
4526
4526
4528
4530
4531
4531
4532
4533
4533
4533
4535
4535
4535
4536
4537
4539
4541
4543
4544
4545
4547
4548
4550
4552
4552
4557
4559
4561
4561
4562
4565
4565
4566
4566
4567
4570
4570
4574
4576
4576
4576
4577
4577
4579
4579
4582
4582
4585
4586
4589
4589
4590
4591
4592
4592
4595
4599
4603
4605
4606
4606
4609
4609
4611
4613
4613
4614
4614
4619
4619
4619
4620
4620
4621
4623
4624
4624
4627
4628
4629
4631
4631
4632
4633
4634
4635
4637
4637
4638
4639
4640
4640
4642
4642
4644
4645
4646
4647
4648
4649
4650
4651
4651
4652
4653
4655
4657
4657
4659
4662
4665
4665
4666
4669
4669
4672
4673
4674
4675
4676
4676
4678
4679
4679
4680
4681
4682
4683
4683
4683
4684
4684
4685
4688
4688
4688
4688
4689
4692
4692
4693
4693
4694
4694
4694
4694
4696
4696
4698
4698
4699
4700
4703
4705
4706
4707
4708
4711
4712
4712
4712
4713
4713
4713
4713
4714
4715
4715
4715
4716
4717
4717
4718
4721
4722
4723
4723
4725
4726
4727
4727
4727
4728
4729
4729
4729
4731
4732
4732
4732
4732
4733
4734
4734
4735
4736
4737
4737
4738
4738
4738
4739
4739
4739
4739
4742
4743
4744
4745
4745
4747
4747
4748
4748
4749
4749
4750
4753
4756
4758
4758
4760
4763
4765
4767
4767
4768
4768
4769
4770
4774
4775
4775
4775
4779
4780
4781
4782
4783
4783
4783
4784
4784
4786
4786
4787
4789
4789
4789
4790
4790
4791
4792
4793
4793
4793
4796
4797
4797
4798
4802
4803
4803
4806
4811
4812
4812
4812
4812
4812
4814
4814
4816
4816
4817
4818
4819
4819
4822
4823
4824
4824
4824
4826
4828
4830
4830
4830
4831
4831
4832
4832
4833
4834
4834
4835
4835
4836
4837
4837
4837
4838
4839
4840
4843
4843
4843
4844
4845
4847
4848
4850
4850
4854
4856
4857
4858
4860
4861
4862
4862
4866
4867
4868
4868
4868
4868
4872
4873
4875
4877
4878
4878
4880
4880
4880
4881
4882
4884
4884
4885
4885
4888
4893
4893
4895
4895
4900
4900
4903
4903
4903
4905
4905
4905
4906
4908
4910
4910
4911
4912
4919
4919
4919
4919
4919
4920
4923
4923
4927
4928
4929
4929
4930
4931
4931
4932
4933
4933
4934
4935
4936
4938
4940
4940
4941
4942
4942
4942
4947
4947
4948
4948
4949
4949
4950
4951
4952
4953
4954
4955
4955
4956
4957
4958
4958
4959
4959
4961
4961
4962
4963
4964
4965
4967
4967
4967
4968
4968
4968
4973
4974
4977
4978
4978
4979
4980
4980
4985
4986
4986
4987
4987
4988
4990
4992
4992
4996
4997
4997
4997
4998
4998
4998
5000
5002
5003
5003
5004
5004
5005
5005
5009
5010
5013
5015
5016
5016
5016
5017
5019
5020
5020
5020
5022
5022
5024
5024
5025
5026
5027
5028
5029
5030
5030
5032
5032
5033
5034
5034
5035
5038
5039
5040
5040
5042
5044
5044
5045
5045
5046
5046
5046
5047
5047
5047
5048
5048
5050
5053
5053
5053
5054
5056
5057
5057
5059
5060
5064
5065
5068
5068
5068
5070
5071
5071
5072
5074
5074
5075
5077
5077
5078
5078
5080
5084
5084
5086
5087
5088
5088
5089
5091
5092
5097
5097
5101
5101
5101
5104
5104
5104
5104
5105
5106
5106
5107
5109
5110
5110
5112
5115
5115
5116
5116
5116
5116
5118
5119
5119
5120
5123
5125
5126
5127
5127
5128
5128
5129
5131
5131
5132
5132
5133
5133
5133
5134
5134
5136
5136
5136
5137
5142
5143
5143
5143
5144
5145
5145
5145
5146
5147
5148
5149
5149
5150
5150
5150
5150
5150
5151
5155
5156
5159
5160
5160
5161
5162
5163
5163
5164
5164
5164
5164
5165
5165
5167
5168
5168
5169
5169
5169
5169
5170
5172
5174
5178
5178
5181
5185
5185
5186
5187
5189
5191
5193
5193
5195
5195
5196
5196
5198
5199
5201
5202
5203
5205
5208
5208
5212
5212
5215
5215
5215
5216
5217
5217
5218
5221
5221
5222
5225
5225
5226
5226
5227
5228
5229
5229
5229
5230
5230
5230
5231
5232
5233
5233
5233
5235
5236
5236
5237
5237
5237
5238
5238
5239
5239
5240
5243
5244
5245
5246
5247
5250
5250
5252
5252
5254
5254
5255
5255
5256
5261
5261
5262
5262
5262
5263
5263
5266
5267
5267
5270
5270
5271
5271
5272
5273
5275
5275
5276
5276
5276
5278
5278
5278
5279
5279
5280
5282
5282
5283
5283
5283
5285
5291
5296
5296
5297
5303
5304
5305
5307
5308
5309
5310
5311
5312
5313
5313
5315
5315
5317
5322
5322
5323
5324
5324
5325
5326
5327
5328
5329
5330
5330
5330
5334
5334
5335
5335
5340
5343
5345
5345
5346
5346
5346
5347
5347
5348
5348
5349
5350
5350
5351
5351
5352
5353
5354
5354
5354
5354
5356
5356
5356
5357
5358
5362
5362
5364
5365
5366
5366
5366
5367
5367
5368
5369
5369
5370
5370
5371
5373
5374
5375
5376
5377
5378
5379
5380
5382
5382
5382
5383
5384
5385
5386
5386
5386
5387
5388
5389
5389
5390
5391
5392
5392
5393
5393
5394
5395
5396
5396
5397
5398
5399
5400
5403
5404
5406
5406
5407
5407
5410
5410
5412
5412
5413
5414
5416
5417
5417
5417
5418
5418
5421
5421
5422
5423
5426
5426
5427
5428
5429
5430
5430
5431
5431
5432
5433
5435
5437
5438
5439
5444
5444
5444
5445
5446
5447
5449
5450
5450
5453
5453
5454
5455
5455
5456
5458
5458
5459
5459
5460
5460
5461
5462
5462
5464
5465
5465
5465
5466
5467
5467
5473
5474
5474
5474
5475
5475
5476
5477
5478
5479
5479
5480
5481
5482
5482
5482
5482
5484
5484
5485
5485
5486
5486
5487
5487
5488
5488
5490
5490
5490
5491
5492
5492
5492
5493
5493
5494
5494
5495
5496
5496
5497
5497
5500
5501
5501
5501
5502
5504
5505
5505
5506
5507
5507
5509
5510
5511
5512
5514
5516
5517
5519
5521
5521
5521
5522
5522
5524
5525
5527
5528
5529
5529
5529
5530
5530
5531
5532
5532
5532
5534
5537
5537
5538
5540
5541
5541
5541
5541
5543
5544
5544
5546
5553
5554
5557
5559
5561
5561
5562
5563
5565
5568
5570
5571
5572
5573
5573
5573
5574
5574
5575
5577
5577
5579
5579
5580
5581
5584
5584
5585
5587
5590
5592
5592
5592
5593
5594
5594
5596
5597
5598
5600
5601
5603
5604
5605
5606
5607
5607
5608
5609
5609
5610
5611
5611
5613
5614
5614
5615
5616
5618
5618
5618
5618
5619
5619
5620
5621
5623
5625
5625
5626
5627
5628
5629
5629
5631
5632
5633
5634
5634
5635
5641
5641
5641
5641
5642
5644
5646
5649
5651
5652
5652
5654
5656
5658
5659
5659
5660
5661
5662
5662
5663
5663
5665
5666
5667
5668
5669
5669
5671
5671
5671
5672
5675
5675
5676
5677
5677
5677
5677
5678
5679
5679
5680
5683
5683
5683
5689
5690
5690
5692
5692
5693
5695
5695
5696
5697
5697
5698
5699
5699
5700
5700
5703
5704
5704
5704
5705
5705
5706
5706
5707
5707
5708
5711
5713
5713
5716
5717
5718
5718
5719
5719
5720
5720
5721
5721
5723
5725
5727
5728
5729
5730
5732
5732
5733
5733
5735
5735
5736
5738
5738
5738
5739
5740
5741
5742
5742
5743
5743
5744
5746
5747
5750
5752
5752
5753
5754
5754
5756
5762
5763
5768
5768
5768
5768
5769
5770
5771
5772
5774
5775
5775
5776
5778
5778
5779
5780
5782
5783
5783
5783
5783
5783
5787
5787
5788
5790
5791
5793
5794
5795
5796
5798
5799
5799
5800
5800
5801
5802
5803
5803
5803
5804
5805
5808
5808
5809
5809
5810
5810
5811
5811
5812
5812
5813
5814
5814
5816
5819
5822
5824
5825
5826
5827
5828
5829
5830
5830
5831
5832
5832
5832
5834
5834
5836
5837
5837
5838
5839
5839
5840
5840
5842
5843
5845
5846
5847
5849
5850
5850
5853
5853
5853
5854
5854
5856
5856
5856
5857
5857
5859
5860
5861
5862
5863
5865
5867
5869
5870
5871
5871
5871
5871
5872
5872
5873
5873
5875
5877
5879
5886
5888
5888
5888
5889
5889
5891
5891
5891
5893
5893
5893
5895
5895
5898
5899
5901
5902
5903
5907
5907
5910
5910
5910
5911
5914
5914
5915
5915
5915
5915
5916
5917
5918
5918
5920
5920
5921
5924
5924
5925
5929
5930
5931
5931
5933
5934
5935
5937
5937
5938
5941
5942
5943
5943
5943
5944
5945
5948
5949
5950
5952
5952
5953
5956
5956
5957
5958
5958
5961
5962
5962
5963
5964
5966
5966
5967
5969
5970
5970
5971
5971
5971
5971
5971
5972
5973
5973
5975
5977
5977
5978
5979
5980
5981
5982
5982
5982
5983
5983
5984
5986
5986
5987
5987
5988
5989
5990
5991
5991
5992
5993
5993
5994
5994
5995
5998
5999
5999
5999
6000
6000
6000
6000
6002
6002
6004
6004
6007
6007
6008
6009
6010
6011
6013
6013
6014
6014
6015
6016
6016
6016
6016
6017
6018
6018
6020
6022
6022
6023
6023
6024
6026
6027
6028
6029
6029
6030
6031
6032
6034
6035
6035
6035
6036
6040
6042
6042
6042
6044
6045
6047
6049
6050
6050
6051
6051
6051
6051
6052
6052
6053
6054
6055
6055
6056
6056
6056
6057
6057
6058
6059
6060
6060
6060
6061
6062
6062
6062
6062
6062
6063
6064
6064
6066
6068
6069
6069
6072
6073
6073
6075
6075
6076
6078
6081
6081
6082
6083
6083
6084
6085
6086
6087
6088
6089
6090
6090
6090
6091
6093
6094
6094
6095
6098
6098
6098
6099
6099
6100
6101
6102
6102
6103
6105
6108
6108
6108
6109
6110
6111
6111
6113
6113
6113
6114
6115
6116
6117
6117
6117
6120
6121
6122
6122
6123
6124
6125
6125
6126
6127
6127
6127
6128
6128
6128
6129
6129
6130
6132
6132
6132
6133
6133
6134
6134
6135
6138
6140
6140
6141
6144
6144
6145
6145
6147
6147
6148
6149
6151
6152
6153
6154
6155
6155
6156
6160
6160
6161
6162
6163
6165
6165
6165
6165
6168
6169
6169
6169
6170
6171
6171
6171
6172
6172
6173
6175
6178
6179
6181
6185
6186
6186
6186
6187
6188
6189
6189
6190
6190
6191
6191
6191
6192
6193
6194
6195
6196
6196
6197
6198
6198
6198
6198
6202
6203
6206
6206
6210
6212
6212
6212
6213
6214
6214
6214
6214
6215
6215
6216
6217
6217
6217
6218
6218
6219
6220
6221
6222
6222
6223
6226
6227
6228
6229
6229
6230
6230
6230
6231
6231
6232
6233
6234
6235
6235
6237
6238
6239
6243
6243
6244
6244
6244
6246
6246
6246
6246
6248
6250
6252
6255
6255
6255
6256
6256
6256
6256
6256
6257
6259
6260
6260
6262
6263
6264
6264
6265
6266
6267
6267
6268
6269
6269
6271
6272
6273
6273
6273
6274
6274
6275
6275
6277
6277
6279
6280
6281
6282
6284
6284
6285
6285
6287
6287
6287
6288
6288
6288
6290
6291
6292
6292
6295
6297
6300
6300
6300
6301
6301
6302
6302
6304
6304
6304
6304
6305
6305
6306
6306
6307
6307
6308
6308
6309
6309
6310
6310
6312
6313
6314
6315
6315
6316
6317
6317
6317
6320
6321
6322
6323
6324
6324
6325
6326
6327
6328
6328
6332
6334
6334
6335
6335
6335
6335
6337
6337
6338
6339
6340
6340
6340
6340
6342
6344
6345
6346
6346
6346
6346
6346
6349
6353
6353
6355
6356
6358
6359
6359
6359
6361
6363
6364
6365
6365
6366
6366
6368
6372
6374
6376
6376
6377
6378
6379
6381
6382
6390
6392
6392
6392
6393
6394
6395
6397
6398
6399
6400
6401
6403
6403
6405
6405
6405
6410
6410
6412
6414
6414
6415
6415
6416
6417
6418
6418
6420
6421
6424
6425
6425
6425
6425
6426
6429
6431
6431
6431
6433
6435
6435
6437
6437
6441
6443
6445
6445
6445
6446
6447
6449
6450
6451
6452
6452
6454
6454
6455
6455
6456
6457
6462
6462
6462
6463
6464
6464
6465
6466
6466
6468
6469
6472
6472
6474
6476
6476
6476
6477
6478
6478
6478
6482
6482
6483
6484
6485
6485
6485
6487
6488
6489
6490
6490
6490
6490
6492
6493
6495
6496
6497
6498
6498
6499
6499
6500
6500
6506
6507
6507
6507
6509
6509
6511
6511
6512
6513
6516
6517
6517
6518
6519
6521
6522
6525
6527
6529
6529
6532
6533
6534
6534
6536
6537
6538
6540
6541
6543
6544
6544
6544
6544
6545
6545
6547
6550
6550
6551
6551
6551
6553
6553
6556
6556
6557
6557
6558
6558
6558
6558
6558
6559
6560
6561
6563
6564
6564
6565
6565
6565
6565
6566
6567
6567
6569
6570
6572
6573
6573
6577
6577
6578
6578
6579
6579
6581
6581
6582
6583
6584
6585
6585
6586
6586
6588
6592
6593
6593
6594
6595
6596
6597
6598
6599
6601
6601
6603
6603
6604
6606
6612
6615
6616
6616
6616
6617
6618
6619
6619
6619
6619
6620
6620
6620
6621
6621
6623
6623
6624
6624
6625
6625
6625
6626
6628
6628
6628
6628
6629
6629
6630
6632
6633
6634
6634
6634
6634
6637
6637
6637
6637
6638
6639
6640
6641
6644
6644
6644
6644
6647
6647
6648
6649
6649
6649
6650
6651
6652
6654
6654
6655
6655
6655
6657
6658
6660
6662
6663
6664
6665
6666
6666
6666
6666
6667
6667
6668
6669
6669
6671
6671
6672
6673
6674
6675
6676
6676
6676
6677
6677
6677
6678
6679
6680
6681
6682
6683
6683
6684
6684
6684
6685
6685
6686
6686
6689
6690
6691
6691
6693
6693
6694
6697
6697
6698
6699
6699
6702
6702
6702
6702
6703
6704
6706
6706
6706
6709
6710
6710
6711
6711
6712
6712
6713
6714
6715
6716
6720
6721
6721
6722
6722
6728
6729
6729
6732
6733
6734
6735
6735
6736
6736
6737
6737
6737
6737
6737
6740
6740
6741
6743
6745
6746
6747
6747
6752
6753
6754
6756
6757
6758
6759
6759
6760
6761
6761
6761
6761
6764
6765
6767
6768
6769
6771
6772
6772
6774
6777
6780
6781
6782
6783
6784
6786
6787
6787
6788
6790
6790
6791
6792
6793
6793
6798
6799
6803
6803
6804
6805
6806
6807
6807
6807
6808
6813
6815
6815
6817
6819
6819
6822
6822
6824
6824
6825
6825
6825
6826
6827
6827
6827
6828
6829
6829
6829
6837
6838
6841
6842
6842
6845
6845
6846
6846
6846
6848
6851
6853
6853
6854
6854
6854
6855
6855
6857
6857
6858
6858
6860
6860
6862
6863
6864
6865
6867
6868
6868
6869
6870
6871
6872
6873
6876
6877
6877
6879
6881
6881
6881
6882
6882
6882
6884
6885
6885
6885
6886
6888
6890
6890
6892
6894
6894
6894
6896
6897
6897
6897
6897
6898
6900
6902
6902
6903
6903
6904
6904
6905
6906
6906
6906
6907
6907
6908
6909
6909
6910
6910
6911
6912
6913
6914
6918
6918
6920
6920
6920
6921
6922
6923
6924
6925
6926
6927
6928
6929
6932
6932
6933
6933
6934
6934
6935
6936
6936
6937
6937
6940
6941
6941
6941
6942
6942
6943
6943
6944
6945
6945
6945
6946
6947
6948
6948
6948
6948
6948
6950
6950
6951
6951
6952
6953
6953
6955
6956
6956
6956
6956
6957
6957
6958
6958
6959
6960
6961
6961
6962
6963
6963
6964
6965
6966
6966
6968
6968
6969
6970
6971
6972
6972
6972
6974
6975
6976
6977
6977
6979
6979
6980
6982
6982
6982
6983
6983
6983
6985
6986
6987
6988
6990
6991
6991
6991
6993
6994
6995
6995
6999
6999
7000
7000
7001
7002
7002
7002
7002
7003
7004
7004
7006
7006
7008
7009
7010
7011
7012
7012
7016
7016
7016
7016
7017
7019
7020
7021
7022
7022
7023
7023
7025
7027
7028
7028
7028
7029
7029
7030
7032
7035
7035
7035
7037
7037
7037
7042
7042
7043
7044
7045
7045
7046
7046
7047
7047
7048
7048
7048
7049
7050
7051
7051
7052
7053
7054
7055
7057
7057
7059
7060
7062
7062
7064
7065
7066
7067
7068
7071
7075
7075
7076
7079
7079
7079
7080
7080
7085
7086
7089
7090
7091
7092
7093
7093
7093
7095
7096
7101
7101
7102
7103
7104
7104
7104
7105
7105
7106
7107
7107
7107
7108
7108
7108
7109
7109
7112
7113
7114
7114
7114
7114
7115
7115
7116
7116
7118
7119
7119
7120
7124
7125
7125
7126
7128
7128
7129
7130
7131
7133
7136
7138
7138
7139
7140
7140
7142
7142
7144
7145
7145
7146
7148
7148
7149
7150
7152
7152
7152
7153
7155
7155
7157
7157
7159
7160
7161
7161
7162
7163
7164
7166
7168
7169
7172
7174
7174
7174
7175
7175
7176
7176
7177
7177
7179
7179
7181
7185
7187
7189
7189
7189
7190
7192
7192
7193
7193
7193
7194
7194
7195
7196
7196
7198
7200
7201
7201
7201
7202
7204
7207
7207
7209
7209
7209
7209
7210
7210
7213
7213
7214
7216
7216
7217
7222
7223
7224
7224
7225
7225
7227
7227
7229
7231
7231
7231
7231
7232
7233
7233
7234
7235
7235
7236
7237
7238
7242
7242
7242
7242
7243
7246
7246
7248
7248
7249
7250
7250
7250
7251
7253
7254
7255
7256
7256
7256
7257
7257
7257
7258
7260
7261
7262
7262
7263
7264
7264
7264
7266
7266
7267
7267
7268
7269
7269
7270
7270
7272
7272
7272
7273
7273
7273
7275
7276
7277
7277
7278
7278
7279
7279
7280
7280
7281
7283
7283
7285
7287
7290
7290
7292
7293
7295
7296
7296
7297
7297
7297
7301
7301
7302
7304
7304
7306
7308
7308
7309
7312
7314
7314
7316
7318
7320
7321
7322
7322
7323
7323
7325
7325
7328
7328
7329
7331
7332
7336
7336
7339
7340
7340
7341
7343
7344
7345
7349
7350
7350
7353
7353
7354
7355
7355
7357
7357
7358
7359
7359
7360
7361
7362
7363
7365
7365
7365
7365
7367
7369
7369
7370
7371
7371
7372
7374
7376
7376
7376
7379
7381
7382
7382
7383
7384
7384
7384
7385
7385
7386
7386
7386
7386
7388
7388
7389
7391
7392
7392
7393
7394
7394
7394
7395
7395
7395
7395
7395
7396
7396
7397
7397
7398
7401
7402
7403
7403
7404
7404
7405
7406
7407
7408
7409
7409
7409
7412
7412
7413
7413
7414
7414
7415
7416
7417
7418
7418
7418
7419
7420
7420
7421
7423
7424
7424
7426
7426
7430
7431
7431
7431
7432
7432
7433
7433
7434
7435
7437
7440
7441
7441
7442
7442
7442
7443
7443
7445
7447
7449
7452
7453
7455
7455
7456
7456
7456
7458
7458
7458
7458
7458
7459
7461
7461
7462
7462
7462
7464
7464
7464
7464
7465
7465
7466
7467
7467
7468
7469
7470
7472
7474
7474
7475
7475
7476
7477
7477
7477
7478
7479
7480
7482
7483
7483
7485
7485
7486
7486
7488
7489
7490
7490
7491
7492
7495
7495
7497
7498
7498
7500
7501
7501
7502
7503
7503
7505
7505
7508
7514
7516
7516
7516
7517
7517
7517
7519
7522
7522
7523
7523
7524
7524
7524
7524
7524
7525
7528
7529
7530
7533
7533
7533
7533
7534
7535
7536
7538
7538
7539
7540
7541
7541
7545
7545
7546
7549
7550
7550
7551
7551
7552
7552
7553
7554
7558
7558
7561
7561
7563
7566
7568
7568
7568
7569
7569
7570
7571
7576
7576
7576
7578
7578
7579
7579
7579
7581
7583
7583
7584
7585
7586
7589
7589
7590
7591
7591
7592
7595
7595
7595
7596
7597
7597
7598
7599
7599
7599
7601
7603
7605
7605
7605
7608
7609
7609
7610
7610
7610
7611
7611
7611
7612
7612
7613
7614
7619
7620
7621
7621
7621
7622
7623
7624
7624
7625
7626
7626
7627
7627
7628
7629
7631
7631
7632
7632
7632
7635
7635
7636
7636
7637
7637
7638
7638
7639
7640
7640
7641
7641
7642
7642
7642
7644
7644
7645
7645
7645
7645
7645
7646
7648
7651
7652
7653
7653
7654
7655
7656
7657
7658
7659
7660
7662
7663
7665
7665
7667
7668
7670
7671
7673
7674
7674
7677
7677
7678
7678
7679
7679
7679
7679
7681
7682
7682
7684
7684
7684
7685
7685
7687
7691
7691
7692
7692
7692
7692
7692
7693
7694
7694
7694
7696
7696
7697
7697
7698
7699
7699
7699
7700
7701
7701
7701
7702
7703
7703
7705
7705
7706
7707
7707
7707
7709
7709
7710
7712
7713
7713
7713
7714
7716
7717
7720
7721
7721
7721
7725
7727
7731
7733
7733
7733
7735
7735
7737
7737
7739
7739
7740
7740
7740
7741
7741
7741
7741
7742
7742
7742
7744
7745
7747
7750
7751
7752
7753
7754
7757
7758
7759
7760
7760
7760
7761
7764
7773
7773
7773
7776
7777
7778
7779
7780
7780
7781
7783
7785
7786
7788
7788
7790
7794
7795
7795
7797
7798
7799
7801
7802
7804
7804
7805
7805
7806
7806
7807
7808
7808
7815
7816
7817
7817
7820
7824
7824
7825
7826
7829
7830
7830
7831
7831
7832
7832
7836
7836
7836
7836
7838
7838
7841
7841
7841
7843
7843
7844
7844
7846
7848
7848
7849
7850
7851
7852
7853
7853
7853
7854
7854
7860
7861
7862
7862
7864
7864
7866
7869
7871
7871
7872
7873
7875
7877
7878
7879
7879
7881
7884
7887
7887
7888
7891
7891
7892
7892
7893
7894
7895
7895
7895
7900
7900
7901
7902
7903
7903
7904
7905
7908
7910
7910
7912
7916
7919
7920
7922
7925
7925
7926
7927
7927
7930
7930
7931
7932
7933
7934
7935
7936
7936
7936
7938
7939
7940
7940
7943
7943
7944
7944
7946
7947
7948
7949
7950
7951
7955
7957
7959
7960
7960
7960
7966
7968
7968
7969
7970
7971
7971
7972
7973
7975
7975
7975
7975
7975
7979
7980
7980
7981
7981
7981
7984
7985
7988
7991
7992
7992
7993
7996
7996
8002
8002
8003
8005
8009
8009
8010
8011
8011
8013
8013
8013
8014
8016
8018
8018
8018
8018
8021
8023
8024
8024
8024
8028
8032
8033
8033
8033
8034
8035
8035
8037
8038
8038
8038
8039
8040
8041
8043
8044
8045
8046
8046
8046
8047
8048
8048
8048
8049
8049
8052
8052
8052
8053
8054
8054
8055
8055
8056
8056
8056
8060
8062
8063
8063
8064
8064
8064
8066
8066
8067
8068
8068
8070
8071
8072
8073
8074
8077
8078
8079
8080
8083
8085
8085
8085
8087
8090
8093
8095
8096
8097
8098
8098
8098
8099
8102
8107
8108
8110
8111
8112
8113
8115
8115
8116
8117
8118
8119
8121
8122
8122
8122
8123
8124
8124
8124
8124
8127
8128
8129
8129
8129
8130
8130
8130
8131
8131
8131
8132
8132
8133
8134
8135
8135
8137
8138
8138
8139
8140
8141
8143
8143
8144
8144
8144
8145
8147
8147
8148
8148
8148
8149
8150
8150
8150
8151
8152
8152
8152
8154
8156
8156
8157
8158
8161
8162
8162
8163
8164
8170
8171
8171
8172
8172
8172
8172
8174
8174
8175
8177
8179
8179
8180
8180
8181
8182
8183
8186
8186
8187
8187
8188
8188
8188
8191
8191
8192
8192
8193
8193
8194
8194
8197
8202
8202
8203
8205
8207
8209
8211
8211
8214
8215
8216
8216
8217
8218
8218
8218
8218
8219
8219
8220
8220
8221
8222
8224
8225
8226
8226
8229
8230
8231
8231
8231
8231
8231
8234
8234
8235
8236
8237
8238
8239
8239
8239
8240
8241
8241
8242
8242
8244
8245
8246
8246
8246
8248
8249
8250
8250
8250
8251
8251
8252
8252
8253
8254
8255
8255
8256
8257
8257
8257
8258
8258
8261
8262
8263
8263
8264
8265
8265
8266
8267
8267
8267
8268
8270
8272
8273
8273
8275
8278
8279
8282
8284
8284
8285
8286
8286
8287
8289
8289
8289
8289
8290
8290
8291
8291
8294
8294
8295
8295
8299
8300
8300
8301
8301
8302
8302
8302
8303
8303
8303
8304
8305
8305
8306
8306
8307
8308
8309
8313
8313
8314
8315
8316
8318
8319
8319
8320
8321
8321
8322
8322
8323
8324
8324
8326
8328
8329
8330
8332
8332
8333
8334
8334
8334
8335
8336
8336
8337
8338
8339
8339
8342
8342
8342
8344
8344
8345
8347
8348
8348
8350
8350
8351
8351
8352
8352
8352
8354
8354
8359
8360
8362
8362
8363
8364
8364
8365
8365
8366
8366
8367
8367
8368
8369
8369
8369
8371
8372
8374
8374
8375
8377
8378
8379
8379
8379
8382
8386
8386
8387
8388
8388
8389
8390
8392
8393
8395
8397
8399
8399
8400
8400
8401
8402
8404
8405
8406
8407
8410
8411
8411
8414
8414
8415
8415
8415
8415
8420
8424
8424
8424
8427
8427
8429
8429
8430
8430
8433
8433
8433
8436
8437
8438
8440
8442
8443
8444
8444
8444
8444
8446
8446
8447
8448
8448
8448
8449
8449
8449
8450
8450
8450
8456
8456
8457
8457
8458
8461
8462
8467
8467
8467
8469
8470
8471
8473
8473
8473
8476
8477
8479
8482
8485
8485
8485
8486
8488
8490
8491
8492
8492
8493
8497
8499
8500
8501
8503
8504
8506
8506
8506
8506
8508
8509
8511
8511
8514
8514
8515
8516
8516
8519
8519
8520
8520
8521
8522
8522
8522
8524
8525
8526
8526
8526
8531
8533
8534
8535
8535
8535
8536
8536
8537
8537
8537
8539
8542
8542
8544
8545
8545
8546
8546
8547
8547
8548
8548
8549
8549
8551
8551
8553
8554
8555
8556
8556
8556
8557
8557
8558
8558
8560
8561
8563
8563
8563
8563
8565
8567
8569
8571
8571
8572
8574
8577
8580
8580
8581
8582
8582
8583
8583
8583
8583
8584
8584
8584
8584
8585
8587
8589
8593
8595
8596
8599
8599
8600
8600
8601
8601
8602
8603
8603
8603
8603
8604
8604
8604
8605
8605
8605
8605
8607
8607
8609
8611
8611
8613
8614
8615
8618
8619
8619
8623
8624
8625
8625
8628
8630
8630
8630
8632
8633
8633
8633
8636
8636
8639
8640
8641
8642
8644
8646
8647
8648
8649
8649
8652
8652
8652
8653
8654
8654
8655
8655
8655
8656
8657
8658
8660
8660
8662
8662
8663
8663
8664
8664
8664
8666
8666
8666
8667
8668
8670
8671
8672
8673
8673
8674
8676
8676
8676
8677
8678
8679
8682
8684
8688
8688
8690
8692
8692
8692
8693
8694
8694
8695
8695
8696
8696
8697
8702
8702
8702
8702
8703
8703
8703
8709
8711
8711
8713
8714
8717
8720
8721
8721
8721
8722
8727
8727
8727
8729
8730
8730
8731
8735
8735
8735
8736
8737
8739
8740
8740
8740
8741
8743
8744
8744
8745
8745
8745
8746
8747
8749
8751
8751
8753
8754
8755
8756
8758
8758
8762
8762
8763
8763
8763
8763
8764
8766
8767
8768
8769
8773
8773
8775
8776
8778
8781
8781
8782
8783
8783
8784
8785
8785
8786
8787
8788
8789
8789
8790
8790
8791
8791
8792
8792
8793
8794
8794
8794
8796
8799
8799
8803
8804
8804
8805
8805
8806
8808
8808
8808
8808
8809
8809
8810
8810
8812
8814
8817
8820
8821
8823
8824
8826
8826
8826
8828
8829
8830
8831
8831
8834
8835
8836
8836
8837
8838
8838
8838
8839
8840
8841
8841
8843
8844
8844
8844
8844
8845
8845
8846
8846
8846
8846
8847
8847
8847
8847
8850
8850
8850
8852
8852
8853
8854
8855
8855
8856
8857
8857
8857
8858
8861
8862
8862
8863
8864
8865
8865
8865
8866
8868
8870
8875
8877
8877
8878
8879
8880
8884
8888
8888
8889
8890
8891
8891
8896
8897
8898
8898
8899
8900
8900
8900
8901
8902
8902
8903
8903
8905
8907
8907
8910
8913
8913
8915
8916
8919
8920
8921
8923
8924
8924
8924
8925
8925
8925
8926
8927
8927
8927
8929
8929
8930
8930
8932
8933
8934
8938
8939
8941
8941
8941
8942
8943
8943
8944
8944
8946
8946
8947
8947
8948
8950
8951
8953
8953
8954
8955
8956
8957
8958
8958
8958
8958
8959
8959
8959
8959
8959
8961
8961
8962
8963
8964
8965
8965
8965
8965
8968
8968
8969
8970
8970
8971
8971
8973
8976
8976
8976
8976
8977
8977
8977
8979
8980
8981
8982
8985
8985
8985
8988
8988
8989
8990
8991
8991
8992
8992
8993
8995
8996
8999
9002
9002
9004
9004
9005
9008
9010
9011
9011
9014
9015
9015
9017
9017
9018
9019
9019
9020
9021
9023
9025
9027
9027
9028
9034
9034
9034
9035
9036
9036
9037
9037
9038
9038
9040
9040
9041
9044
9046
9046
9046
9047
9047
9047
9049
9049
9050
9050
9050
9051
9051
9051
9053
9054
9054
9055
9055
9058
9059
9063
9063
9066
9066
9067
9068
9068
9068
9069
9069
9070
9071
9071
9072
9074
9075
9076
9076
9076
9079
9079
9080
9082
9084
9084
9085
9088
9088
9089
9091
9092
9092
9093
9093
9095
9096
9098
9099
9100
9101
9102
9102
9103
9103
9104
9105
9105
9106
9106
9108
9108
9109
9109
9109
9111
9111
9112
9113
9116
9116
9117
9117
9119
9119
9121
9121
9121
9122
9123
9124
9125
9126
9127
9130
9130
9130
9130
9131
9132
9137
9137
9138
9140
9141
9141
9141
9141
9144
9144
9145
9145
9146
9147
9148
9151
9152
9153
9153
9153
9153
9153
9153
9154
9155
9156
9157
9160
9161
9162
9166
9166
9167
9168
9169
9169
9170
9171
9171
9173
9175
9177
9179
9182
9182
9182
9183
9184
9184
9185
9185
9188
9188
9188
9189
9191
9191
9194
9195
9197
9200
9200
9205
9205
9205
9206
9208
9214
9214
9214
9216
9217
9217
9218
9220
9221
9221
9221
9222
9224
9224
9226
9227
9227
9227
9230
9230
9233
9235
9236
9238
9239
9239
9239
9240
9240
9240
9242
9242
9244
9244
9245
9246
9246
9248
9250
9250
9251
9251
9252
9255
9257
9257
9258
9259
9260
9260
9261
9262
9263
9265
9265
9266
9267
9267
9267
9270
9271
9271
9272
9274
9275
9277
9278
9279
9280
9282
9288
9289
9290
9291
9292
9294
9295
9296
9297
9297
9297
9297
9298
9299
9302
9302
9303
9303
9304
9304
9305
9305
9307
9308
9309
9311
9311
9312
9313
9313
9314
9314
9316
9317
9319
9324
9324
9324
9324
9326
9327
9327
9327
9327
9328
9329
9332
9332
9333
9333
9334
9334
9335
9335
9336
9337
9338
9339
9339
9341
9341
9341
9342
9346
9349
9349
9351
9351
9352
9354
9355
9359
9359
9360
9360
9362
9363
9368
9369
9369
9370
9370
9371
9374
9376
9376
9376
9376
9376
9379
9380
9382
9383
9384
9384
9385
9385
9386
9387
9388
9388
9388
9390
9391
9391
9392
9392
9392
9393
9393
9394
9395
9395
9395
9396
9397
9398
9399
9401
9401
9401
9401
9402
9403
9403
9404
9406
9406
9408
9408
9410
9411
9413
9415
9416
9417
9418
9418
9419
9419
9420
9420
9421
9425
9427
9427
9428
9428
9428
9432
9432
9433
9433
9438
9439
9441
9443
9447
9447
9448
9449
9451
9453
9453
9454
9455
9457
9458
9461
9461
9461
9462
9462
9463
9464
9464
9465
9465
9466
9469
9469
9469
9469
9469
9471
9472
9472
9473
9473
9476
9476
9477
9477
9477
9478
9478
9479
9482
9483
9484
9484
9487
9488
9488
9490
9490
9491
9491
9492
9492
9492
9494
9496
9497
9498
9498
9499
9500
9500
9501
9503
9505
9508
9509
9510
9510
9510
9514
9515
9516
9517
9518
9522
9523
9523
9524
9525
9527
9531
9531
9534
9534
9535
9536
9537
9537
9539
9540
9541
9541
9541
9542
9546
9546
9547
9547
9547
9547
9548
9549
9549
9551
9552
9558
9560
9560
9562
9562
9564
9564
9565
9566
9567
9567
9569
9569
9569
9570
9570
9571
9572
9573
9573
9573
9573
9574
9575
9575
9575
9576
9576
9577
9579
9580
9580
9581
9582
9584
9585
9585
9586
9586
9586
9587
9589
9591
9594
9597
9598
9600
9603
9603
9604
9604
9605
9606
9607
9607
9608
9609
9609
9610
9610
9611
9612
9614
9615
9615
9616
9617
9618
9618
9618
9623
9624
9624
9624
9625
9625
9626
9628
9628
9629
9630
9630
9631
9631
9636
9636
9636
9637
9637
9638
9638
9639
9640
9640
9641
9641
9644
9645
9646
9646
9646
9647
9647
9647
9648
9649
9650
9650
9651
9653
9655
9655
9655
9656
9656
9659
9659
9660
9661
9661
9662
9665
9665
9666
9666
9668
9668
9668
9669
9669
9669
9670
9670
9671
9671
9671
9672
9674
9678
9680
9681
9683
9683
9684
9684
9684
9686
9686
9687
9688
9688
9689
9691
9693
9693
9694
9696
9697
9698
9699
9700
9703
9704
9704
9704
9705
9706
9706
9706
9707
9709
9709
9713
9713
9714
9714
9715
9715
9717
9719
9721
9721
9726
9727
9729
9730
9731
9733
9735
9736
9736
9737
9738
9738
9739
9740
9740
9741
9742
9743
9743
9743
9744
9748
9748
9749
9753
9753
9754
9754
9756
9758
9759
9760
9760
9760
9760
9760
9761
9761
9761
9762
9763
9764
9765
9765
9766
9767
9767
9769
9769
9770
9772
9775
9776
9777
9778
9781
9784
9784
9785
9785
9786
9786
9786
9787
9788
9789
9789
9790
9790
9791
9793
9795
9795
9797
9798
9800
9800
9800
9801
9801
9801
9803
9803
9803
9804
9804
9805
9805
9806
9806
9806
9807
9808
9812
9813
9813
9814
9814
9817
9817
9817
9817
9819
9819
9821
9823
9824
9824
9826
9826
9827
9828
9828
9828
9830
9830
9831
9832
9832
9833
9833
9834
9835
9835
9836
9837
9837
9839
9839
9839
9850
9851
9851
9851
9854
9854
9856
9857
9857
9858
9860
9861
9861
9862
9862
9863
9863
9864
9865
9865
9867
9868
9869
9869
9869
9870
9870
9871
9873
9873
9875
9875
9876
9878
9878
9880
9881
9881
9882
9883
9883
9883
9883
9883
9884
9884
9885
9886
9887
9889
9897
9897
9899
9900
9900
9901
9904
9906
9907
9908
9908
9909
9910
9915
9916
9917
9918
9918
9918
9919
9920
9921
9921
9922
9924
9925
9925
9925
9926
9926
9930
9931
9932
9932
9933
9933
9934
9934
9938
9938
9939
9939
9941
9942
9942
9947
9947
9948
9949
9950
9951
9953
9957
9957
9960
9962
9963
9967
9970
9970
9972
9973
9974
9974
9974
9975
9975
9975
9976
9977
9979
9980
9982
9985
9985
9985
9986
9987
9987
9987
9990
9991
9994
9996
9996
9997
9997
9999
9999
9999
