1
1
3
4
5
5
6
6
7
11
12
12
13
15
16
16
17
17
19
20
23
23
23
24
24
25
26
26
26
27
28
32
33
35
36
36
39
41
42
44
44
47
47
49
50
51
52
52
53
53
57
57
57
58
59
59
62
63
65
65
65
66
66
66
68
70
70
70
70
71
71
72
74
74
74
75
76
77
77
78
79
79
80
80
83
84
84
85
85
87
89
90
92
93
94
95
95
96
98
99
99
99
100
102
103
103
107
108
111
112
114
116
117
117
117
118
118
118
120
122
122
122
124
125
126
127
128
128
130
130
131
132
133
135
137
137
138
139
139
139
140
142
143
145
145
148
148
148
149
150
152
152
152
152
153
162
162
164
165
166
168
169
169
170
172
173
175
175
178
178
179
180
181
182
184
184
185
185
185
188
188
191
191
192
194
195
195
196
197
198
199
200
200
201
201
203
205
205
206
206
206
208
211
212
213
214
216
217
218
218
220
221
223
227
227
228
229
229
229
231
231
233
233
234
235
237
238
240
242
242
243
243
243
244
244
244
244
245
247
249
250
251
253
253
254
254
255
261
262
263
264
264
265
266
266
267
267
267
269
272
273
273
273
274
274
277
278
280
281
281
286
289
293
293
294
295
295
295
296
298
298
301
301
304
304
306
306
306
306
309
309
310
311
311
313
314
314
315
315
317
317
318
319
319
320
323
324
325
326
328
329
330
330
332
333
333
334
334
336
337
337
337
338
341
342
344
344
345
346
347
348
349
349
352
353
355
357
358
358
359
362
363
364
365
366
368
368
369
369
369
374
376
376
377
378
383
384
385
387
387
388
388
389
389
390
391
392
393
394
397
397
397
398
400
400
402
404
405
405
406
406
407
408
409
409
411
413
413
415
417
418
418
420
421
421
424
424
425
426
426
427
427
428
429
430
430
431
433
433
435
435
436
437
441
441
442
443
444
444
446
447
448
450
452
454
458
458
458
460
463
464
464
466
468
471
472
476
479
481
482
482
485
487
487
488
493
493
494
496
496
496
498
499
499
501
501
504
504
507
510
511
512
512
513
513
514
514
515
517
518
519
520
520
523
523
523
523
524
525
527
528
528
529
529
530
530
531
532
532
532
533
534
534
536
537
538
538
539
541
541
541
541
543
543
545
546
547
553
554
556
557
557
559
561
562
562
563
564
564
567
569
572
574
574
575
575
576
576
577
578
578
581
582
584
587
589
589
590
592
593
595
597
601
602
602
602
610
610
610
611
612
612
614
615
616
617
619
620
623
625
626
627
630
632
633
633
633
635
635
636
636
641
642
642
643
645
645
645
646
646
647
647
647
647
648
649
650
650
651
651
652
655
655
657
658
658
659
659
662
663
663
663
664
664
666
666
667
668
668
668
674
675
676
676
677
677
680
680
682
682
687
687
688
688
689
689
690
691
691
691
691
691
691
692
692
692
693
693
694
694
694
695
695
697
698
699
700
702
704
707
708
708
710
711
713
714
716
716
722
722
723
724
727
730
731
732
734
735
735
739
739
740
740
741
742
742
743
743
743
743
744
745
745
746
746
747
748
750
750
751
752
752
752
752
752
753
754
754
754
755
756
757
757
760
761
763
764
764
765
766
768
769
770
770
770
772
772
774
774
775
777
778
779
780
780
781
783
783
785
786
788
788
789
789
789
796
797
797
798
798
799
799
799
801
802
802
802
802
803
806
807
808
808
810
810
811
811
812
813
815
815
816
817
818
818
818
819
821
821
821
822
823
825
829
829
833
834
835
835
836
836
837
838
839
840
841
843
843
844
844
844
844
845
846
846
847
849
850
850
851
852
852
854
854
854
854
854
854
855
856
856
857
860
860
862
862
865
865
867
867
870
872
873
873
874
874
874
875
876
876
879
880
880
881
881
883
884
885
886
887
887
887
888
893
893
894
894
894
895
897
898
899
899
899
900
900
900
901
901
902
903
904
904
904
907
912
914
915
916
918
918
919
920
920
923
924
924
927
928
928
928
928
928
928
930
930
931
933
934
936
937
937
938
941
941
942
945
945
945
946
947
947
948
948
948
949
950
950
951
951
952
952
952
953
955
956
956
956
956
957
958
959
959
962
962
963
963
964
964
965
965
966
967
968
968
969
969
969
972
973
974
976
977
979
981
981
982
983
984
984
984
985
986
986
987
988
989
989
989
990
990
992
993
997
997
999
1000
1001
1002
1003
1006
1007
1008
1008
1009
1009
1010
1012
1015
1018
1019
1020
1023
1024
1025
1025
1025
1027
1027
1028
1029
1030
1031
1031
1032
1033
1033
1033
1035
1036
1036
1037
1037
1039
1041
1042
1043
1046
1049
1049
1051
1052
1054
1054
1057
1058
1059
1059
1062
1063
1064
1066
1067
1067
1067
1069
1069
1070
1071
1073
1074
1076
1078
1079
1081
1082
1082
1082
1083
1083
1083
1084
1084
1087
1087
1092
1093
1095
1096
1098
1098
1099
1100
1100
1100
1101
1102
1103
1104
1104
1107
1109
1110
1111
1111
1112
1114
1114
1115
1117
1117
1120
1121
1121
1121
1123
1123
1124
1126
1126
1126
1128
1128
1128
1129
1130
1130
1131
1131
1132
1134
1140
1140
1140
1141
1141
1143
1143
1145
1145
1147
1148
1149
1149
1150
1150
1151
1152
1153
1154
1155
1156
1156
1156
1157
1158
1158
1158
1160
1162
1164
1164
1165
1166
1166
1167
1167
1169
1170
1171
1174
1175
1175
1176
1178
1179
1180
1181
1183
1183
1183
1186
1186
1187
1189
1190
1192
1192
1194
1195
1196
1197
1198
1199
1201
1202
1203
1204
1204
1205
1205
1205
1205
1208
1208
1210
1210
1211
1216
1218
1219
1221
1222
1224
1224
1225
1227
1229
1230
1230
1230
1232
1233
1234
1234
1234
1234
1235
1236
1236
1236
1237
1240
1240
1240
1241
1241
1242
1244
1244
1247
1247
1247
1247
1248
1248
1249
1249
1249
1250
1251
1255
1255
1257
1259
1259
1263
1264
1265
1265
1265
1267
1270
1270
1271
1274
1274
1274
1274
1276
1279
1279
1279
1281
1281
1282
1283
1283
1284
1285
1285
1286
1287
1287
1287
1290
1291
1292
1295
1295
1295
1295
1296
1297
1300
1302
1303
1304
1304
1305
1305
1305
1305
1306
1309
1310
1312
1313
1314
1315
1316
1317
1318
1318
1319
1319
1320
1320
1320
1321
1321
1322
1323
1323
1326
1326
1326
1326
1326
1327
1327
1328
1329
1330
1331
1332
1333
1333
1334
1334
1335
1336
1336
1339
1340
1343
1345
1346
1346
1347
1347
1347
1348
1349
1349
1352
1352
1354
1354
1354
1359
1359
1359
1361
1362
1363
1363
1367
1368
1371
1373
1374
1375
1377
1378
1379
1381
1381
1382
1383
1385
1386
1387
1388
1389
1389
1390
1393
1393
1394
1395
1397
1398
1398
1401
1401
1402
1402
1403
1404
1407
1410
1411
1411
1413
1413
1414
1415
1418
1423
1425
1425
1428
1428
1429
1433
1435
1435
1436
1437
1437
1438
1439
1440
1441
1442
1442
1443
1443
1445
1446
1447
1448
1448
1448
1449
1449
1449
1449
1449
1451
1453
1454
1456
1458
1459
1462
1465
1467
1468
1470
1475
1475
1476
1476
1479
1480
1486
1489
1489
1490
1490
1490
1490
1492
1493
1494
1496
1497
1497
1498
1500
1500
1503
1503
1504
1504
1511
1511
1511
1511
1512
1513
1513
1514
1515
1515
1515
1516
1516
1519
1521
1522
1522
1522
1523
1523
1524
1524
1524
1525
1528
1531
1531
1531
1533
1534
1541
1541
1542
1543
1544
1545
1545
1546
1546
1546
1546
1547
1547
1549
1549
1551
1552
1554
1555
1558
1558
1559
1560
1560
1563
1563
1563
1564
1565
1565
1566
1566
1566
1566
1570
1573
1573
1573
1575
1577
1578
1579
1582
1582
1585
1585
1586
1586
1586
1587
1588
1588
1591
1592
1592
1593
1593
1594
1596
1597
1598
1599
1604
1604
1605
1605
1607
1608
1608
1610
1613
1614
1616
1618
1618
1619
1619
1619
1620
1623
1623
1624
1625
1626
1626
1626
1627
1628
1628
1629
1629
1629
1630
1630
1630
1630
1631
1632
1632
1635
1636
1637
1641
1641
1642
1644
1645
1646
1648
1649
1649
1650
1651
1652
1655
1658
1658
1658
1658
1659
1661
1662
1663
1664
1664
1665
1665
1666
1666
1667
1670
1671
1675
1675
1676
1676
1677
1678
1678
1679
1679
1680
1682
1684
1684
1685
1690
1691
1692
1692
1692
1693
1698
1699
1699
1699
1701
1702
1703
1705
1705
1706
1707
1708
1709
1709
1711
1713
1713
1714
1714
1718
1718
1718
1721
1721
1722
1722
1723
1723
1725
1727
1728
1729
1730
1732
1732
1734
1734
1735
1736
1736
1737
1740
1742
1742
1742
1743
1744
1750
1753
1753
1755
1755
1756
1756
1757
1758
1758
1759
1759
1760
1761
1762
1763
1763
1763
1764
1764
1765
1766
1766
1767
1767
1767
1768
1770
1771
1772
1773
1774
1775
1777
1780
1780
1781
1781
1781
1784
1785
1788
1788
1789
1789
1791
1793
1797
1799
1800
1800
1803
1806
1808
1810
1812
1813
1813
1815
1817
1819
1819
1819
1819
1820
1820
1820
1821
1821
1822
1822
1823
1823
1824
1825
1826
1826
1828
1829
1829
1830
1830
1835
1836
1836
1838
1838
1839
1839
1840
1844
1845
1848
1849
1849
1849
1850
1851
1852
1852
1852
1852
1853
1853
1853
1854
1854
1854
1854
1857
1857
1858
1859
1860
1861
1862
1862
1868
1872
1873
1873
1874
1874
1874
1874
1878
1879
1880
1880
1880
1881
1881
1882
1883
1883
1885
1885
1886
1887
1887
1887
1888
1890
1893
1893
1894
1894
1894
1894
1895
1895
1897
1899
1900
1902
1902
1903
1904
1910
1910
1912
1913
1920
1920
1921
1921
1922
1923
1924
1925
1926
1928
1929
1930
1931
1933
1934
1935
1935
1935
1935
1936
1940
1942
1945
1946
1947
1947
1948
1948
1949
1949
1951
1951
1952
1953
1954
1954
1955
1956
1956
1957
1959
1960
1960
1960
1961
1962
1962
1964
1964
1965
1967
1967
1968
1969
1971
1971
1975
1976
1976
1976
1977
1977
1977
1978
1979
1979
1979
1980
1980
1981
1982
1983
1983
1984
1985
1985
1985
1986
1986
1986
1987
1987
1989
1989
1990
1990
1992
1993
1995
1996
1996
1996
1997
1997
1998
1999
1999
2000
2005
2006
2006
2009
2009
2010
2013
2013
2014
2016
2016
2016
2019
2021
2021
2024
2025
2026
2026
2027
2028
2028
2028
2029
2029
2030
2030
2030
2031
2032
2033
2033
2034
2035
2035
2036
2036
2036
2036
2037
2038
2039
2039
2040
2040
2042
2042
2043
2047
2051
2052
2055
2056
2056
2057
2057
2058
2058
2060
2060
2061
2062
2063
2063
2065
2065
2066
2066
2068
2069
2069
2069
2070
2071
2072
2072
2072
2074
2074
2074
2074
2074
2078
2078
2078
2078
2082
2083
2083
2084
2085
2087
2088
2088
2090
2091
2093
2096
2097
2099
2099
2100
2102
2103
2104
2105
2105
2105
2106
2107
2107
2108
2109
2110
2112
2112
2115
2115
2116
2116
2117
2117
2117
2118
2119
2120
2122
2123
2123
2123
2123
2126
2126
2126
2129
2131
2131
2132
2132
2133
2134
2136
2137
2140
2140
2141
2144
2144
2144
2146
2146
2147
2148
2149
2150
2150
2150
2150
2151
2151
2152
2152
2154
2154
2154
2155
2156
2157
2158
2158
2160
2160
2160
2161
2161
2162
2163
2165
2169
2170
2171
2171
2172
2173
2175
2176
2177
2177
2177
2179
2180
2181
2181
2182
2182
2182
2183
2184
2185
2185
2187
2188
2194
2194
2194
2196
2196
2197
2200
2201
2202
2202
2203
2203
2204
2204
2204
2207
2209
2209
2210
2210
2210
2211
2211
2212
2212
2212
2214
2214
2215
2216
2217
2217
2218
2219
2219
2219
2222
2225
2227
2228
2229
2231
2232
2233
2236
2237
2237
2238
2238
2239
2239
2241
2242
2242
2243
2244
2246
2246
2248
2250
2250
2250
2250
2251
2251
2253
2255
2255
2255
2255
2256
2256
2257
2257
2257
2258
2261
2261
2262
2262
2264
2265
2269
2270
2271
2271
2271
2271
2274
2274
2275
2277
2278
2280
2281
2285
2286
2286
2288
2289
2290
2290
2290
2291
2291
2292
2292
2292
2292
2294
2294
2294
2295
2298
2299
2300
2301
2302
2302
2303
2303
2305
2306
2307
2307
2308
2308
2308
2309
2310
2311
2312
2313
2313
2314
2314
2315
2315
2316
2317
2317
2319
2324
2325
2326
2327
2327
2328
2329
2330
2330
2331
2332
2332
2332
2335
2336
2337
2337
2338
2338
2340
2340
2341
2341
2341
2342
2343
2344
2344
2345
2345
2345
2347
2347
2350
2350
2352
2352
2354
2354
2355
2355
2356
2356
2358
2359
2361
2362
2363
2364
2366
2366
2368
2369
2369
2370
2371
2372
2374
2375
2377
2379
2384
2384
2387
2388
2388
2388
2389
2390
2392
2392
2392
2392
2392
2392
2393
2393
2393
2397
2397
2398
2400
2400
2403
2403
2404
2404
2405
2407
2407
2409
2411
2411
2411
2413
2413
2416
2417
2419
2421
2422
2422
2423
2423
2424
2424
2426
2427
2429
2429
2431
2432
2433
2435
2439
2440
2440
2440
2441
2442
2443
2445
2445
2445
2447
2448
2449
2449
2452
2454
2455
2456
2456
2456
2457
2458
2458
2458
2458
2459
2462
2464
2465
2465
2467
2467
2469
2470
2470
2471
2472
2472
2473
2474
2474
2475
2475
2475
2476
2476
2477
2477
2479
2479
2480
2481
2484
2484
2484
2485
2485
2485
2486
2486
2487
2488
2488
2488
2489
2491
2491
2493
2493
2494
2494
2494
2495
2495
2497
2497
2502
2502
2502
2503
2504
2504
2505
2507
2507
2507
2507
2510
2516
2516
2517
2517
2518
2519
2520
2523
2524
2524
2524
2525
2525
2527
2528
2528
2529
2531
2535
2536
2537
2538
2538
2538
2540
2540
2540
2542
2542
2543
2546
2546
2547
2547
2547
2547
2548
2551
2551
2552
2552
2553
2554
2555
2556
2556
2557
2561
2563
2563
2563
2563
2564
2565
2566
2567
2567
2568
2568
2569
2573
2575
2575
2576
2578
2582
2582
2583
2583
2583
2585
2585
2585
2586
2586
2586
2586
2587
2589
2590
2591
2591
2593
2594
2594
2601
2601
2602
2602
2602
2603
2603
2606
2606
2606
2606
2609
2609
2610
2610
2610
2610
2611
2613
2615
2615
2616
2617
2622
2624
2624
2627
2628
2628
2628
2629
2629
2630
2630
2631
2635
2636
2637
2639
2641
2643
2647
2648
2649
2649
2651
2651
2653
2653
2653
2654
2655
2657
2657
2658
2659
2659
2661
2661
2661
2664
2664
2665
2665
2666
2669
2670
2670
2672
2675
2677
2677
2678
2678
2679
2680
2681
2683
2683
2684
2685
2686
2687
2688
2688
2689
2692
2692
2693
2693
2695
2695
2695
2696
2696
2697
2698
2698
2698
2698
2700
2700
2701
2702
2702
2703
2703
2703
2706
2706
2710
2711
2711
2711
2711
2713
2716
2716
2716
2718
2719
2719
2720
2720
2721
2721
2724
2725
2725
2726
2727
2728
2728
2729
2730
2732
2732
2733
2737
2738
2739
2739
2739
2741
2741
2742
2744
2744
2746
2748
2748
2750
2751
2752
2753
2754
2755
2756
2757
2759
2759
2759
2761
2762
2762
2763
2763
2765
2765
2766
2766
2768
2770
2770
2770
2772
2772
2775
2775
2775
2775
2776
2778
2779
2779
2781
2781
2782
2782
2785
2785
2785
2786
2786
2787
2788
2788
2794
2794
2795
2795
2798
2798
2798
2799
2800
2801
2802
2803
2804
2805
2805
2805
2806
2806
2809
2810
2810
2811
2814
2814
2815
2820
2820
2823
2824
2826
2827
2832
2833
2837
2837
2837
2838
2839
2840
2840
2840
2840
2843
2844
2844
2845
2846
2846
2848
2848
2850
2850
2853
2853
2854
2854
2855
2856
2856
2856
2856
2858
2860
2860
2860
2861
2861
2861
2866
2866
2867
2869
2869
2870
2870
2871
2873
2874
2874
2875
2875
2875
2877
2877
2877
2879
2879
2879
2883
2884
2885
2886
2886
2886
2887
2887
2888
2888
2890
2892
2894
2894
2898
2899
2899
2900
2901
2901
2901
2903
2903
2903
2905
2907
2908
2910
2910
2912
2913
2915
2917
2918
2920
2921
2922
2923
2924
2925
2926
2927
2927
2927
2928
2928
2928
2931
2931
2933
2933
2934
2935
2935
2935
2936
2940
2940
2941
2941
2943
2944
2945
2948
2949
2949
2950
2950
2950
2950
2951
2954
2955
2955
2956
2958
2958
2958
2958
2959
2959
2959
2959
2961
2962
2963
2964
2968
2969
2969
2970
2970
2973
2975
2975
2975
2977
2977
2977
2980
2981
2983
2984
2985
2985
2987
2988
2989
2990
2994
2996
2996
2996
2997
2999
2999
2999
2999
3000
3002
3002
3003
3004
3005
3005
3005
3006
3006
3006
3007
3007
3007
3008
3009
3010
3011
3011
3013
3013
3016
3021
3023
3023
3023
3024
3024
3026
3027
3027
3027
3028
3029
3031
3032
3033
3033
3036
3036
3037
3037
3038
3038
3038
3039
3041
3043
3045
3045
3048
3049
3050
3051
3051
3053
3054
3058
3058
3059
3062
3063
3063
3063
3063
3065
3068
3068
3069
3069
3070
3071
3071
3073
3075
3076
3077
3077
3077
3080
3082
3083
3084
3084
3086
3089
3090
3091
3092
3092
3094
3094
3095
3096
3096
3096
3098
3100
3101
3101
3101
3102
3104
3105
3107
3110
3111
3112
3115
3116
3117
3119
3121
3122
3122
3122
3122
3125
3126
3126
3126
3127
3127
3127
3127
3127
3127
3127
3127
3128
3129
3131
3132
3136
3136
3136
3138
3139
3141
3142
3142
3143
3147
3148
3149
3150
3153
3154
3156
3158
3162
3163
3164
3165
3165
3167
3167
3167
3168
3169
3169
3169
3171
3171
3172
3172
3175
3178
3180
3180
3180
3181
3181
3181
3182
3183
3183
3187
3187
3188
3189
3190
3190
3191
3192
3192
3192
3195
3198
3201
3203
3203
3204
3204
3205
3205
3206
3209
3210
3210
3211
3211
3213
3213
3214
3214
3215
3216
3216
3217
3217
3217
3218
3219
3220
3221
3221
3223
3224
3227
3229
3230
3230
3230
3231
3232
3233
3234
3234
3236
3237
3237
3237
3238
3238
3240
3241
3241
3244
3244
3245
3246
3247
3249
3252
3254
3254
3257
3260
3260
3261
3261
3262
3262
3263
3263
3265
3265
3265
3266
3267
3267
3267
3267
3269
3270
3271
3271
3272
3272
3273
3273
3273
3273
3273
3274
3274
3274
3275
3276
3277
3277
3279
3280
3281
3282
3282
3286
3286
3287
3289
3290
3291
3292
3293
3296
3299
3299
3299
3300
3300
3301
3301
3301
3301
3302
3303
3303
3304
3304
3305
3305
3305
3305
3309
3309
3309
3310
3311
3312
3313
3314
3316
3317
3318
3320
3321
3322
3323
3323
3324
3325
3326
3328
3329
3329
3330
3330
3331
3332
3332
3333
3333
3339
3340
3340
3340
3340
3341
3342
3342
3346
3346
3347
3347
3347
3348
3349
3350
3351
3351
3352
3355
3357
3358
3359
3360
3361
3362
3365
3366
3366
3368
3368
3369
3369
3370
3375
3375
3375
3375
3376
3376
3377
3379
3380
3382
3387
3388
3390
3390
3390
3390
3390
3393
3393
3395
3395
3396
3397
3399
3400
3401
3401
3403
3404
3404
3405
3406
3406
3408
3409
3410
3411
3412
3412
3412
3414
3414
3415
3416
3416
3419
3419
3421
3422
3422
3422
3423
3424
3426
3426
3428
3429
3429
3430
3431
3433
3433
3434
3435
3435
3436
3437
3438
3438
3438
3439
3440
3441
3441
3442
3442
3442
3443
3444
3445
3445
3447
3447
3447
3448
3449
3450
3450
3450
3451
3452
3453
3454
3455
3456
3456
3457
3457
3460
3462
3463
3463
3464
3464
3465
3467
3469
3469
3470
3471
3473
3477
3479
3480
3480
3482
3483
3484
3484
3484
3484
3485
3486
3487
3488
3488
3489
3489
3489
3492
3493
3493
3496
3497
3499
3499
3500
3502
3505
3506
3507
3507
3508
3509
3510
3512
3513
3514
3515
3516
3517
3517
3517
3518
3519
3521
3522
3526
3526
3527
3527
3528
3528
3529
3530
3531
3532
3532
3533
3534
3536
3538
3539
3539
3541
3541
3545
3545
3547
3548
3549
3550
3550
3550
3551
3552
3553
3553
3556
3556
3556
3557
3558
3559
3559
3562
3562
3563
3563
3563
3566
3567
3567
3567
3568
3568
3569
3573
3575
3576
3576
3577
3577
3577
3579
3579
3579
3580
3581
3582
3583
3583
3585
3586
3587
3587
3587
3587
3587
3588
3588
3589
3590
3593
3593
3593
3593
3593
3594
3595
3596
3600
3601
3602
3602
3603
3604
3606
3606
3607
3608
3609
3611
3612
3615
3618
3618
3620
3625
3625
3627
3627
3628
3630
3630
3631
3631
3632
3633
3635
3636
3636
3636
3637
3637
3637
3638
3639
3640
3640
3640
3641
3641
3642
3645
3645
3646
3646
3646
3647
3647
3648
3648
3650
3651
3652
3655
3657
3658
3660
3660
3661
3662
3663
3663
3663
3665
3665
3671
3671
3672
3674
3675
3675
3676
3676
3676
3676
3677
3677
3678
3680
3684
3684
3684
3685
3685
3686
3686
3686
3687
3689
3689
3690
3690
3690
3694
3694
3695
3696
3696
3696
3696
3700
3700
3701
3702
3703
3703
3703
3704
3704
3706
3706
3708
3708
3708
3710
3713
3720
3721
3722
3723
3724
3724
3725
3725
3726
3726
3728
3731
3734
3735
3736
3737
3738
3739
3741
3741
3742
3742
3746
3747
3751
3751
3752
3752
3753
3753
3753
3756
3756
3758
3758
3760
3766
3766
3767
3767
3768
3768
3769
3769
3770
3770
3771
3771
3771
3772
3774
3775
3777
3777
3778
3779
3780
3781
3782
3782
3782
3784
3785
3786
3788
3788
3791
3791
3791
3792
3792
3793
3794
3797
3798
3798
3798
3799
3799
3799
3800
3800
3801
3802
3804
3804
3805
3805
3807
3807
3809
3811
3813
3813
3813
3814
3814
3815
3816
3820
3823
3823
3826
3826
3827
3828
3829
3829
3829
3830
3830
3831
3834
3834
3839
3840
3840
3840
3843
3844
3845
3845
3845
3845
3846
3847
3847
3848
3848
3849
3851
3854
3855
3856
3857
3858
3859
3860
3862
3863
3863
3863
3864
3865
3865
3865
3870
3870
3870
3870
3872
3872
3873
3876
3879
3879
3880
3882
3882
3887
3888
3889
3890
3891
3891
3891
3892
3892
3892
3893
3893
3893
3895
3896
3897
3898
3900
3902
3902
3902
3903
3903
3903
3903
3906
3906
3906
3906
3907
3908
3910
3911
3912
3913
3915
3916
3916
3917
3918
3919
3921
3922
3922
3923
3924
3925
3925
3926
3929
3929
3930
3931
3932
3934
3935
3937
3937
3937
3938
3940
3940
3941
3943
3944
3946
3947
3950
3951
3953
3953
3954
3955
3956
3957
3957
3957
3959
3960
3960
3961
3961
3962
3962
3962
3963
3963
3964
3964
3964
3965
3968
3969
3969
3969
3970
3971
3971
3972
3974
3976
3976
3977
3977
3978
3978
3979
3979
3980
3980
3980
3981
3981
3981
3982
3982
3984
3985
3985
3985
3986
3987
3987
3990
3993
3995
3995
3996
3996
3998
3998
4001
4002
4003
4003
4003
4005
4007
4007
4008
4008
4008
4008
4009
4010
4011
4011
4012
4014
4014
4017
4018
4018
4021
4022
4025
4025
4025
4026
4026
4027
4027
4027
4027
4028
4029
4030
4031
4031
4032
4032
4032
4033
4034
4034
4034
4036
4039
4039
4040
4041
4041
4042
4043
4043
4044
4046
4046
4046
4047
4049
4049
4050
4050
4051
4051
4054
4054
4055
4055
4055
4056
4058
4061
4062
4063
4064
4064
4065
4071
4071
4072
4072
4073
4073
4073
4074
4074
4074
4075
4075
4076
4077
4078
4078
4078
4079
4080
4080
4081
4082
4085
4086
4087
4088
4089
4089
4089
4090
4091
4091
4091
4091
4091
4093
4093
4094
4094
4095
4095
4096
4100
4100
4100
4102
4102
4104
4104
4107
4108
4109
4109
4110
4110
4111
4112
4112
4113
4114
4114
4115
4115
4116
4117
4117
4117
4117
4119
4119
4124
4124
4125
4126
4127
4127
4128
4128
4128
4129
4130
4130
4131
4131
4132
4133
4134
4135
4135
4138
4139
4140
4141
4141
4141
4142
4142
4143
4144
4145
4145
4147
4148
4149
4150
4152
4153
4153
4155
4155
4155
4156
4157
4158
4158
4159
4159
4160
4160
4163
4164
4165
4165
4166
4169
4169
4170
4171
4171
4173
4175
4178
4179
4180
4183
4184
4185
4185
4186
4187
4187
4188
4189
4190
4190
4193
4193
4193
4193
4193
4196
4197
4198
4199
4199
4200
4200
4201
4201
4205
4206
4206
4208
4208
4210
4211
4211
4212
4213
4214
4215
4220
4220
4221
4221
4221
4222
4223
4223
4223
4225
4226
4226
4226
4227
4227
4230
4232
4232
4232
4234
4234
4236
4236
4237
4240
4242
4242
4244
4245
4247
4248
4248
4249
4249
4249
4249
4249
4250
4250
4253
4254
4254
4255
4256
4260
4261
4262
4262
4265
4265
4265
4265
4265
4267
4268
4268
4269
4269
4270
4270
4270
4271
4271
4272
4272
4274
4277
4279
4279
4280
4281
4282
4283
4284
4290
4290
4291
4292
4293
4293
4294
4294
4294
4296
4296
4296
4297
4297
4298
4299
4299
4300
4300
4301
4302
4302
4303
4303
4306
4306
4307
4307
4307
4307
4308
4309
4310
4310
4310
4310
4313
4314
4314
4315
4315
4317
4317
4319
4319
4320
4320
4321
4322
4322
4323
4323
4324
4326
4326
4327
4327
4328
4331
4332
4333
4334
4335
4337
4339
4340
4340
4341
4343
4345
4345
4347
4348
4352
4352
4353
4355
4355
4355
4355
4356
4357
4358
4358
4358
4364
4365
4365
4365
4366
4368
4370
4370
4374
4380
4381
4382
4382
4383
4387
4388
4388
4389
4390
4390
4391
4391
4391
4391
4395
4397
4398
4400
4401
4401
4402
4403
4403
4405
4405
4406
4407
4408
4408
4408
4408
4409
4409
4411
4412
4413
4413
4414
4414
4415
4415
4415
4417
4418
4418
4419
4420
4420
4422
4422
4422
4422
4424
4424
4424
4425
4425
4425
4426
4426
4427
4429
4429
4429
4429
4430
4431
4431
4432
4433
4436
4437
4438
4440
4440
4443
4444
4444
4445
4446
4447
4448
4449
4449
4451
4451
4452
4453
4454
4454
4454
4454
4456
4459
4463
4465
4466
4467
4468
4468
4469
4469
4470
4472
4473
4475
4476
4477
4477
4478
4479
4480
4481
4481
4481
4485
4485
4486
4487
4489
4489
4490
4490
4490
4490
4491
4493
4494
4494
4495
4498
4499
4499
4501
4501
4502
4502
4503
4508
4510
4511
4513
4513
4515
4515
4520
4520
4520
4520
4521
4521
4523
4524
4525
4525
4526
4526
4527
4530
4531
4532
4533
4535
4535
4536
4536
4537
4538
4539
4540
4540
4541
4541
4542
4542
4543
4543
4544
4544
4546
4547
4548
4549
4551
4551
4552
4553
4554
4555
4555
4557
4557
4559
4559
4559
4559
4559
4561
4562
4565
4565
4566
4568
4569
4570
4570
4570
4570
4571
4571
4573
4574
4576
4576
4578
4580
4581
4581
4581
4582
4582
4586
4587
4587
4588
4590
4590
4590
4592
4592
4592
4593
4593
4595
4600
4600
4600
4601
4601
4602
4602
4604
4604
4606
4609
4609
4609
4610
4610
4610
4612
4612
4613
4615
4618
4622
4627
4627
4628
4628
4635
4637
4640
4640
4642
4644
4644
4646
4646
4648
4649
4651
4651
4651
4652
4653
4653
4654
4654
4655
4655
4655
4655
4657
4657
4657
4657
4657
4658
4659
4659
4661
4662
4665
4666
4668
4669
4670
4671
4672
4672
4673
4673
4675
4675
4677
4677
4677
4678
4678
4680
4680
4680
4681
4681
4682
4684
4685
4686
4686
4687
4688
4688
4691
4691
4692
4692
4693
4693
4694
4694
4695
4696
4697
4697
4698
4702
4704
4704
4705
4706
4708
4708
4710
4710
4711
4712
4713
4713
4714
4715
4715
4716
4716
4717
4718
4720
4723
4724
4725
4726
4726
4727
4727
4728
4729
4730
4731
4731
4731
4732
4732
4733
4733
4734
4737
4737
4738
4738
4738
4738
4739
4741
4742
4742
4744
4748
4749
4749
4751
4752
4752
4756
4760
4761
4765
4765
4765
4765
4766
4766
4767
4767
4768
4768
4769
4769
4769
4770
4771
4772
4773
4773
4774
4774
4775
4776
4780
4781
4781
4781
4782
4782
4785
4785
4785
4786
4786
4787
4787
4790
4791
4793
4794
4794
4794
4796
4796
4797
4798
4799
4802
4803
4803
4805
4806
4807
4807
4807
4807
4807
4807
4811
4812
4812
4814
4814
4814
4814
4818
4818
4819
4821
4823
4824
4825
4826
4826
4826
4827
4828
4828
4830
4830
4832
4833
4833
4833
4835
4836
4837
4838
4838
4838
4840
4840
4840
4841
4841
4842
4842
4843
4843
4845
4850
4850
4854
4855
4855
4858
4858
4859
4859
4862
4862
4867
4870
4870
4877
4878
4878
4880
4880
4880
4880
4883
4890
4891
4893
4895
4895
4898
4898
4899
4900
4901
4902
4904
4905
4905
4905
4907
4908
4908
4909
4910
4912
4913
4914
4915
4916
4916
4918
4919
4921
4922
4922
4923
4924
4924
4925
4925
4926
4926
4926
4928
4928
4933
4937
4938
4939
4944
4946
4946
4948
4949
4950
4950
4951
4951
4952
4953
4953
4954
4954
4954
4955
4956
4956
4957
4958
4960
4960
4961
4962
4962
4964
4965
4966
4969
4969
4969
4972
4973
4973
4976
4976
4978
4980
4981
4984
4986
4986
4987
4989
4989
4992
4993
4996
4996
4998
4998
4998
5000
5000
5000
5001
5001
5006
5006
5007
5010
5010
5011
5011
5012
5013
5013
5014
5014
5014
5014
5015
5016
5017
5018
5018
5022
5022
5022
5022
5024
5024
5025
5025
5025
5027
5027
5028
5029
5029
5030
5031
5031
5032
5032
5034
5036
5036
5037
5041
5042
5042
5045
5046
5047
5047
5049
5050
5050
5051
5054
5054
5055
5058
5058
5059
5059
5060
5061
5061
5061
5062
5063
5063
5063
5063
5064
5066
5069
5069
5070
5070
5071
5071
5074
5074
5074
5074
5074
5075
5075
5076
5078
5079
5079
5081
5082
5082
5083
5083
5085
5086
5086
5088
5090
5092
5094
5095
5097
5097
5098
5098
5099
5100
5101
5101
5101
5102
5102
5103
5105
5105
5106
5106
5106
5108
5108
5110
5111
5112
5112
5113
5113
5113
5114
5114
5114
5115
5116
5119
5119
5119
5119
5120
5120
5121
5125
5125
5129
5129
5130
5130
5132
5132
5132
5136
5136
5137
5138
5138
5139
5140
5140
5140
5141
5144
5146
5146
5148
5149
5149
5150
5151
5151
5155
5156
5158
5158
5158
5161
5162
5163
5163
5164
5165
5165
5168
5168
5169
5170
5171
5171
5171
5173
5174
5175
5177
5181
5181
5181
5184
5185
5189
5190
5190
5192
5192
5193
5195
5197
5197
5198
5198
5200
5200
5201
5201
5203
5204
5205
5205
5207
5208
5208
5210
5211
5212
5212
5212
5213
5214
5215
5216
5217
5219
5219
5220
5224
5225
5225
5226
5226
5230
5230
5230
5231
5231
5234
5235
5235
5235
5238
5239
5239
5241
5241
5241
5242
5242
5243
5244
5245
5246
5247
5248
5248
5249
5249
5249
5249
5249
5252
5252
5254
5254
5256
5257
5258
5260
5261
5261
5265
5265
5268
5268
5271
5274
5279
5281
5282
5282
5283
5283
5284
5284
5284
5284
5285
5286
5286
5287
5288
5288
5289
5289
5289
5290
5290
5291
5291
5293
5294
5296
5296
5297
5298
5298
5298
5299
5301
5301
5302
5303
5303
5303
5304
5305
5305
5307
5307
5307
5307
5310
5310
5310
5311
5311
5311
5312
5312
5313
5314
5314
5315
5316
5318
5318
5318
5318
5321
5321
5321
5322
5322
5322
5322
5325
5325
5328
5329
5329
5330
5331
5332
5333
5335
5336
5337
5337
5337
5337
5337
5340
5341
5341
5344
5344
5344
5344
5346
5346
5348
5348
5349
5349
5349
5350
5352
5353
5355
5355
5357
5357
5357
5359
5359
5359
5360
5361
5363
5364
5366
5368
5368
5369
5370
5370
5371
5371
5371
5372
5372
5372
5373
5373
5373
5374
5375
5375
5376
5377
5377
5378
5380
5380
5381
5382
5382
5383
5383
5383
5386
5387
5387
5388
5389
5390
5390
5393
5393
5393
5394
5396
5396
5396
5398
5399
5399
5399
5400
5400
5401
5401
5402
5403
5404
5405
5406
5406
5409
5409
5409
5409
5412
5412
5413
5417
5417
5417
5418
5418
5420
5420
5420
5420
5421
5422
5422
5423
5425
5428
5429
5429
5429
5430
5431
5431
5431
5431
5431
5433
5434
5435
5436
5438
5439
5441
5441
5443
5443
5445
5446
5447
5448
5448
5450
5451
5453
5453
5454
5455
5455
5456
5456
5456
5457
5457
5457
5458
5458
5458
5459
5460
5461
5463
5463
5464
5465
5466
5467
5468
5468
5468
5470
5470
5470
5472
5472
5472
5474
5475
5475
5475
5478
5479
5479
5479
5480
5481
5482
5482
5483
5484
5484
5485
5486
5489
5490
5490
5492
5493
5493
5495
5496
5496
5496
5496
5497
5497
5498
5499
5500
5502
5502
5502
5503
5505
5505
5506
5507
5507
5508
5509
5509
5510
5511
5511
5512
5512
5512
5513
5516
5516
5518
5519
5519
5519
5520
5520
5521
5522
5525
5526
5528
5529
5529
5529
5530
5530
5532
5532
5532
5532
5534
5534
5537
5538
5538
5539
5540
5540
5540
5540
5541
5543
5544
5544
5545
5545
5547
5547
5547
5548
5550
5550
5551
5552
5553
5553
5554
5555
5555
5556
5558
5558
5559
5560
5561
5563
5563
5564
5564
5566
5567
5568
5568
5571
5575
5576
5579
5580
5583
5584
5584
5586
5586
5587
5589
5589
5589
5590
5591
5593
5595
5595
5596
5597
5598
5600
5603
5604
5605
5605
5605
5606
5606
5606
5607
5607
5608
5610
5610
5612
5613
5614
5616
5617
5618
5619
5619
5619
5621
5622
5622
5623
5624
5624
5625
5627
5627
5628
5630
5631
5631
5632
5632
5633
5633
5638
5639
5639
5640
5641
5641
5641
5642
5642
5642
5643
5644
5649
5650
5651
5652
5652
5654
5654
5655
5656
5656
5657
5658
5658
5659
5659
5660
5660
5662
5662
5662
5662
5663
5663
5665
5666
5668
5669
5670
5670
5671
5672
5672
5673
5674
5676
5677
5678
5680
5682
5683
5683
5684
5686
5687
5688
5688
5689
5689
5690
5691
5693
5694
5694
5694
5696
5696
5697
5699
5699
5699
5699
5702
5703
5704
5705
5705
5706
5707
5707
5707
5708
5709
5709
5709
5710
5711
5711
5712
5712
5715
5716
5716
5716
5717
5718
5722
5723
5724
5725
5726
5727
5728
5729
5730
5733
5734
5736
5739
5739
5740
5741
5741
5741
5741
5742
5744
5744
5744
5744
5745
5749
5751
5752
5752
5754
5754
5754
5755
5756
5758
5759
5759
5762
5762
5763
5764
5765
5767
5767
5767
5768
5770
5772
5773
5774
5776
5776
5776
5777
5777
5778
5778
5779
5780
5781
5781
5782
5782
5783
5785
5785
5789
5789
5791
5792
5792
5792
5792
5793
5796
5797
5797
5797
5797
5798
5802
5803
5803
5804
5804
5805
5806
5806
5807
5807
5807
5808
5809
5809
5810
5816
5817
5818
5819
5821
5824
5824
5826
5827
5828
5828
5829
5830
5831
5831
5831
5834
5836
5839
5839
5841
5842
5842
5844
5844
5846
5848
5850
5851
5852
5852
5854
5854
5855
5857
5857
5858
5858
5860
5864
5865
5865
5866
5866
5868
5869
5870
5873
5873
5873
5873
5874
5874
5874
5874
5875
5876
5876
5877
5877
5878
5882
5883
5884
5884
5884
5885
5885
5886
5887
5888
5890
5891
5895
5895
5898
5898
5901
5904
5906
5907
5908
5908
5909
5910
5910
5910
5910
5911
5913
5915
5918
5919
5920
5921
5922
5922
5922
5922
5922
5922
5922
5923
5925
5926
5929
5929
5930
5932
5935
5940
5941
5941
5942
5943
5944
5944
5947
5949
5952
5952
5953
5954
5959
5959
5961
5961
5963
5964
5965
5965
5965
5967
5967
5967
5969
5969
5969
5970
5971
5971
5972
5973
5973
5974
5975
5976
5977
5977
5980
5980
5980
5982
5982
5983
5984
5985
5985
5987
5988
5990
5990
5992
5993
5994
5994
5996
5997
5999
6001
6003
6005
6006
6006
6006
6006
6007
6007
6008
6008
6008
6008
6009
6009
6011
6011
6012
6014
6015
6016
6018
6020
6020
6021
6022
6022
6023
6023
6023
6024
6024
6026
6028
6029
6030
6030
6031
6031
6033
6034
6036
6036
6037
6037
6037
6038
6040
6041
6041
6044
6045
6046
6047
6051
6053
6054
6054
6056
6056
6057
6058
6061
6065
6068
6069
6070
6071
6073
6075
6076
6076
6077
6077
6078
6079
6079
6080
6081
6084
6084
6084
6085
6085
6087
6087
6087
6089
6089
6089
6091
6092
6093
6093
6094
6094
6095
6097
6098
6098
6098
6099
6101
6101
6103
6104
6106
6106
6108
6111
6113
6114
6114
6115
6115
6115
6116
6118
6118
6118
6121
6123
6124
6124
6127
6128
6128
6130
6132
6133
6133
6134
6135
6138
6139
6140
6140
6141
6142
6145
6147
6148
6149
6150
6151
6152
6152
6154
6154
6154
6156
6157
6158
6160
6162
6164
6164
6165
6166
6166
6168
6169
6175
6177
6179
6181
6181
6182
6182
6183
6185
6186
6186
6187
6189
6189
6190
6190
6193
6195
6196
6199
6200
6201
6203
6204
6205
6205
6208
6208
6208
6209
6209
6210
6210
6210
6211
6211
6213
6214
6215
6215
6216
6217
6217
6218
6221
6222
6222
6223
6227
6228
6228
6229
6230
6230
6230
6232
6233
6235
6236
6236
6237
6237
6238
6239
6240
6241
6242
6243
6244
6244
6245
6245
6246
6246
6247
6249
6249
6249
6252
6253
6255
6259
6259
6262
6263
6264
6265
6265
6266
6266
6268
6268
6269
6269
6269
6271
6273
6275
6276
6277
6279
6280
6280
6280
6280
6282
6283
6284
6284
6284
6286
6286
6288
6289
6289
6289
6293
6293
6294
6296
6296
6298
6300
6301
6301
6306
6306
6308
6308
6308
6309
6309
6309
6311
6312
6312
6314
6314
6315
6317
6319
6321
6321
6321
6322
6322
6322
6322
6323
6323
6326
6327
6328
6329
6330
6331
6332
6332
6333
6333
6334
6334
6335
6335
6336
6336
6336
6337
6341
6343
6343
6347
6347
6349
6349
6351
6351
6352
6352
6355
6355
6358
6359
6360
6362
6363
6363
6363
6364
6365
6365
6367
6368
6369
6370
6370
6370
6370
6371
6372
6373
6373
6374
6375
6376
6377
6377
6379
6379
6379
6380
6381
6382
6384
6384
6385
6386
6388
6388
6388
6390
6390
6390
6391
6391
6393
6393
6394
6394
6395
6395
6396
6398
6399
6399
6400
6401
6401
6405
6405
6406
6407
6408
6410
6411
6412
6413
6416
6416
6417
6417
6417
6418
6419
6419
6419
6420
6420
6423
6423
6425
6427
6427
6428
6429
6430
6431
6432
6432
6433
6433
6433
6433
6433
6433
6433
6434
6434
6435
6436
6436
6437
6437
6437
6439
6439
6441
6443
6443
6443
6444
6445
6446
6446
6448
6449
6449
6449
6449
6450
6451
6451
6451
6452
6453
6454
6456
6456
6458
6458
6458
6459
6459
6460
6461
6462
6463
6463
6464
6464
6466
6469
6470
6470
6470
6470
6472
6473
6475
6475
6475
6476
6477
6478
6479
6480
6480
6483
6483
6484
6485
6486
6487
6489
6490
6492
6492
6492
6496
6497
6498
6500
6501
6501
6502
6504
6504
6504
6504
6505
6505
6506
6506
6507
6508
6509
6509
6510
6513
6513
6513
6514
6515
6515
6516
6516
6519
6520
6521
6522
6522
6525
6525
6525
6526
6529
6530
6533
6533
6535
6535
6536
6538
6539
6539
6540
6540
6541
6541
6542
6542
6543
6545
6545
6546
6548
6548
6551
6552
6554
6555
6555
6556
6558
6560
6560
6561
6563
6563
6564
6564
6569
6570
6570
6571
6572
6573
6573
6575
6576
6578
6578
6578
6581
6581
6582
6582
6583
6584
6584
6585
6588
6589
6590
6592
6592
6593
6594
6595
6597
6597
6597
6599
6600
6603
6603
6604
6604
6605
6605
6606
6607
6608
6608
6612
6612
6612
6612
6615
6615
6615
6615
6616
6616
6618
6619
6620
6620
6620
6622
6624
6624
6629
6629
6632
6633
6635
6638
6638
6639
6640
6642
6642
6642
6643
6646
6647
6652
6654
6655
6656
6659
6663
6669
6669
6670
6670
6671
6672
6674
6674
6674
6675
6677
6678
6678
6679
6682
6682
6682
6683
6683
6683
6684
6684
6684
6686
6686
6687
6689
6695
6695
6695
6696
6697
6698
6699
6700
6702
6703
6703
6703
6704
6706
6707
6709
6709
6710
6710
6711
6712
6712
6713
6713
6713
6714
6716
6716
6716
6717
6718
6720
6720
6721
6721
6721
6721
6721
6722
6726
6726
6726
6727
6728
6729
6729
6730
6731
6731
6733
6733
6733
6733
6733
6733
6736
6736
6737
6739
6740
6741
6742
6743
6744
6745
6745
6747
6747
6749
6749
6750
6750
6752
6754
6754
6754
6755
6755
6756
6756
6757
6758
6758
6758
6760
6760
6762
6762
6762
6763
6765
6766
6767
6769
6770
6772
6773
6774
6774
6775
6776
6776
6778
6779
6780
6780
6780
6781
6781
6783
6783
6783
6785
6790
6791
6791
6791
6793
6794
6795
6796
6798
6798
6800
6806
6808
6810
6812
6813
6814
6814
6816
6818
6818
6819
6822
6824
6827
6828
6829
6831
6831
6832
6833
6834
6835
6836
6836
6837
6839
6840
6840
6841
6843
6843
6844
6845
6845
6847
6848
6851
6852
6853
6855
6858
6858
6858
6859
6859
6860
6861
6863
6863
6864
6868
6868
6869
6869
6871
6871
6872
6875
6876
6876
6877
6878
6880
6880
6881
6881
6882
6884
6884
6885
6886
6887
6887
6887
6888
6890
6891
6892
6892
6892
6892
6894
6894
6894
6895
6896
6896
6897
6898
6901
6903
6904
6904
6904
6907
6907
6908
6908
6909
6910
6910
6910
6912
6913
6916
6917
6917
6918
6921
6922
6923
6924
6924
6925
6925
6925
6926
6926
6926
6927
6927
6928
6928
6930
6930
6931
6932
6933
6933
6934
6935
6937
6938
6941
6942
6943
6943
6944
6945
6946
6947
6947
6948
6949
6950
6950
6953
6953
6953
6954
6954
6954
6955
6956
6956
6957
6960
6961
6962
6962
6963
6964
6964
6968
6968
6969
6972
6972
6973
6973
6973
6974
6975
6977
6978
6978
6979
6981
6981
6982
6985
6986
6987
6988
6990
6990
6990
6990
6992
6993
6994
6994
6994
6998
6999
7001
7001
7002
7003
7005
7005
7008
7009
7009
7010
7010
7010
7010
7011
7011
7015
7016
7017
7018
7018
7019
7020
7021
7021
7022
7024
7025
7025
7026
7028
7029
7031
7032
7032
7033
7034
7035
7036
7037
7039
7039
7042
7043
7043
7043
7044
7045
7045
7047
7047
7048
7049
7050
7050
7051
7053
7055
7056
7058
7059
7060
7062
7062
7062
7065
7068
7069
7071
7073
7073
7073
7075
7076
7077
7077
7079
7080
7081
7082
7083
7084
7084
7088
7088
7088
7091
7092
7092
7093
7095
7095
7096
7098
7100
7102
7103
7103
7103
7104
7105
7106
7108
7109
7110
7110
7111
7113
7113
7113
7117
7119
7119
7120
7120
7121
7121
7121
7122
7123
7126
7129
7130
7130
7130
7131
7132
7133
7133
7136
7136
7138
7138
7138
7141
7143
7144
7144
7146
7147
7148
7148
7150
7150
7150
7150
7152
7152
7153
7156
7156
7157
7157
7157
7158
7158
7167
7168
7168
7170
7170
7170
7172
7176
7176
7178
7179
7180
7181
7181
7181
7182
7184
7185
7186
7187
7187
7187
7189
7193
7194
7195
7196
7197
7198
7200
7203
7204
7204
7205
7206
7206
7207
7208
7209
7210
7211
7213
7214
7215
7215
7217
7218
7219
7219
7219
7219
7220
7221
7221
7222
7223
7223
7224
7224
7225
7225
7227
7227
7227
7227
7228
7228
7228
7229
7229
7232
7233
7233
7233
7235
7237
7238
7240
7241
7242
7245
7246
7246
7248
7250
7250
7251
7253
7255
7255
7259
7261
7261
7262
7262
7264
7264
7265
7266
7268
7271
7272
7273
7273
7274
7276
7276
7277
7278
7278
7281
7283
7283
7283
7285
7285
7286
7286
7287
7287
7289
7292
7294
7295
7295
7296
7296
7297
7297
7297
7299
7300
7300
7301
7303
7306
7307
7307
7307
7308
7308
7309
7310
7311
7312
7312
7314
7314
7314
7315
7317
7317
7319
7321
7321
7322
7322
7324
7324
7326
7326
7328
7328
7328
7329
7329
7331
7331
7332
7333
7334
7334
7335
7337
7338
7339
7339
7340
7340
7340
7341
7341
7342
7343
7343
7344
7345
7345
7346
7347
7354
7354
7355
7355
7356
7358
7358
7358
7358
7360
7361
7361
7362
7363
7363
7364
7365
7365
7366
7370
7370
7370
7370
7371
7371
7372
7372
7373
7374
7375
7375
7376
7382
7384
7384
7384
7388
7391
7394
7394
7395
7398
7398
7399
7400
7401
7402
7402
7403
7405
7406
7407
7408
7410
7410
7412
7412
7413
7414
7415
7416
7417
7419
7421
7421
7421
7422
7423
7423
7425
7425
7425
7425
7425
7426
7426
7426
7427
7427
7430
7430
7431
7432
7433
7435
7436
7436
7436
7437
7437
7439
7439
7439
7440
7441
7441
7443
7444
7445
7445
7445
7446
7446
7447
7452
7454
7454
7455
7456
7457
7458
7458
7458
7460
7460
7460
7461
7461
7462
7462
7466
7466
7466
7467
7468
7468
7472
7473
7474
7476
7477
7478
7478
7479
7479
7480
7480
7481
7483
7484
7486
7487
7488
7490
7490
7491
7494
7494
7494
7494
7496
7496
7498
7498
7500
7500
7502
7503
7504
7504
7505
7507
7508
7508
7509
7509
7509
7510
7512
7512
7512
7515
7516
7517
7517
7517
7517
7517
7519
7519
7520
7521
7522
7524
7528
7529
7529
7531
7532
7533
7533
7534
7535
7536
7538
7539
7542
7547
7549
7550
7552
7553
7553
7553
7554
7556
7556
7559
7560
7560
7561
7562
7562
7564
7564
7564
7564
7565
7565
7566
7567
7570
7570
7571
7571
7573
7574
7575
7575
7576
7576
7577
7577
7579
7581
7581
7581
7581
7584
7584
7584
7584
7586
7588
7591
7591
7591
7591
7594
7595
7600
7601
7603
7609
7609
7609
7610
7613
7613
7614
7615
7619
7620
7621
7622
7622
7623
7623
7623
7625
7626
7626
7626
7626
7627
7628
7628
7630
7631
7632
7633
7633
7634
7637
7637
7638
7638
7639
7640
7641
7641
7642
7642
7643
7644
7644
7645
7647
7647
7648
7648
7649
7649
7653
7654
7656
7656
7657
7658
7658
7659
7660
7660
7661
7662
7663
7663
7664
7666
7667
7667
7670
7671
7672
7675
7678
7678
7678
7679
7680
7682
7682
7684
7684
7685
7685
7687
7687
7687
7688
7689
7690
7690
7692
7694
7695
7699
7701
7701
7701
7701
7702
7703
7707
7707
7708
7709
7709
7710
7711
7711
7713
7714
7715
7718
7718
7720
7720
7723
7725
7726
7727
7728
7729
7732
7732
7732
7733
7734
7736
7736
7738
7738
7738
7739
7739
7740
7740
7741
7741
7742
7742
7743
7743
7744
7747
7747
7748
7748
7749
7750
7751
7751
7752
7753
7754
7754
7755
7757
7757
7758
7759
7760
7761
7762
7763
7765
7765
7767
7769
7769
7770
7775
7776
7777
7778
7778
7780
7781
7781
7782
7782
7783
7783
7784
7786
7787
7787
7789
7789
7792
7793
7793
7794
7794
7794
7796
7796
7796
7799
7800
7800
7801
7802
7802
7804
7805
7805
7807
7808
7808
7809
7812
7813
7815
7816
7816
7817
7817
7817
7817
7818
7819
7821
7821
7821
7825
7826
7827
7827
7828
7829
7832
7832
7833
7833
7833
7833
7835
7835
7837
7840
7841
7843
7843
7844
7847
7847
7847
7848
7848
7849
7850
7850
7850
7852
7855
7857
7858
7858
7859
7859
7860
7861
7861
7863
7864
7865
7865
7867
7867
7868
7868
7872
7873
7873
7874
7874
7875
7875
7876
7877
7879
7879
7880
7881
7881
7883
7886
7889
7889
7891
7894
7894
7895
7896
7897
7897
7898
7899
7899
7899
7901
7902
7902
7904
7904
7904
7904
7906
7909
7909
7910
7911
7912
7913
7914
7918
7920
7920
7920
7922
7923
7925
7925
7926
7926
7926
7929
7930
7931
7931
7934
7934
7934
7935
7936
7937
7938
7938
7938
7941
7943
7944
7944
7945
7945
7946
7946
7947
7949
7949
7949
7950
7952
7953
7954
7955
7956
7958
7958
7958
7959
7959
7961
7963
7964
7964
7965
7968
7970
7972
7973
7973
7974
7975
7975
7976
7976
7979
7980
7980
7980
7981
7981
7982
7982
7983
7983
7984
7986
7986
7988
7988
7989
7991
7993
7994
7994
7996
7998
7998
7999
7999
8000
8001
8001
8004
8004
8007
8008
8008
8009
8009
8013
8015
8015
8016
8017
8017
8017
8019
8022
8023
8027
8028
8028
8030
8030
8032
8033
8034
8035
8035
8036
8036
8037
8037
8037
8038
8039
8043
8044
8044
8044
8044
8045
8045
8048
8048
8052
8053
8054
8056
8057
8059
8060
8061
8061
8062
8066
8068
8068
8071
8071
8071
8072
8073
8073
8073
8073
8076
8076
8078
8078
8080
8083
8084
8084
8086
8087
8087
8089
8090
8091
8091
8092
8092
8093
8095
8095
8095
8096
8096
8096
8098
8100
8100
8101
8101
8103
8103
8105
8106
8107
8109
8109
8110
8113
8114
8115
8116
8118
8118
8118
8121
8124
8125
8127
8127
8127
8131
8133
8133
8134
8134
8135
8135
8136
8137
8138
8138
8139
8140
8140
8140
8142
8142
8144
8146
8147
8149
8149
8150
8150
8151
8154
8154
8155
8156
8157
8160
8161
8162
8163
8165
8167
8167
8168
8170
8170
8172
8173
8174
8174
8177
8177
8177
8178
8180
8180
8183
8185
8186
8189
8190
8191
8191
8192
8193
8193
8193
8195
8195
8196
8197
8198
8199
8199
8203
8203
8204
8206
8206
8209
8209
8210
8211
8213
8217
8218
8219
8224
8224
8224
8227
8230
8230
8230
8230
8231
8231
8232
8235
8235
8236
8238
8240
8241
8241
8241
8242
8244
8247
8249
8249
8250
8250
8251
8252
8252
8252
8255
8259
8260
8262
8263
8264
8266
8267
8267
8267
8269
8269
8269
8271
8272
8274
8274
8274
8274
8277
8277
8279
8280
8281
8283
8285
8285
8286
8287
8288
8289
8289
8290
8291
8291
8291
8293
8293
8293
8294
8294
8294
8295
8296
8296
8300
8300
8301
8301
8301
8301
8302
8302
8302
8303
8304
8307
8310
8310
8311
8312
8312
8314
8315
8315
8316
8316
8317
8319
8321
8321
8322
8325
8327
8331
8338
8338
8339
8339
8343
8345
8347
8349
8351
8351
8353
8353
8353
8354
8354
8354
8355
8355
8356
8357
8357
8358
8358
8359
8364
8367
8368
8370
8371
8371
8373
8377
8379
8379
8380
8381
8383
8384
8385
8386
8386
8387
8387
8388
8388
8388
8389
8389
8391
8393
8393
8394
8394
8398
8399
8399
8400
8400
8400
8403
8404
8404
8404
8407
8411
8412
8413
8413
8417
8418
8418
8420
8423
8424
8424
8424
8424
8426
8426
8429
8431
8432
8433
8433
8433
8434
8436
8437
8438
8438
8440
8440
8440
8442
8442
8443
8445
8446
8446
8447
8449
8450
8451
8452
8452
8453
8456
8456
8457
8458
8461
8462
8464
8464
8465
8465
8466
8467
8468
8468
8470
8470
8470
8471
8472
8472
8473
8474
8474
8475
8476
8477
8478
8479
8479
8479
8480
8481
8483
8484
8485
8487
8487
8487
8489
8491
8492
8492
8493
8494
8495
8496
8496
8498
8498
8498
8502
8504
8506
8507
8507
8508
8509
8510
8513
8513
8516
8516
8517
8518
8521
8521
8521
8522
8522
8522
8523
8523
8523
8525
8527
8530
8531
8531
8533
8533
8535
8536
8539
8540
8541
8543
8545
8545
8546
8549
8549
8550
8553
8556
8558
8558
8558
8559
8559
8560
8561
8562
8562
8563
8565
8565
8566
8567
8568
8568
8568
8569
8570
8572
8574
8574
8575
8575
8576
8577
8578
8578
8579
8579
8580
8582
8584
8584
8587
8590
8590
8592
8592
8595
8596
8597
8598
8599
8600
8601
8602
8603
8604
8608
8610
8611
8611
8615
8616
8616
8618
8619
8620
8621
8622
8622
8623
8623
8624
8625
8627
8627
8628
8629
8630
8631
8634
8634
8635
8636
8637
8637
8638
8638
8639
8642
8643
8644
8644
8647
8653
8655
8655
8657
8658
8659
8659
8661
8661
8661
8661
8663
8664
8664
8667
8668
8668
8669
8670
8671
8671
8673
8674
8675
8676
8677
8678
8680
8681
8682
8683
8683
8684
8684
8684
8687
8688
8690
8691
8692
8692
8692
8693
8693
8694
8695
8696
8697
8698
8698
8699
8699
8699
8700
8700
8701
8702
8703
8705
8705
8710
8710
8712
8713
8713
8714
8714
8715
8715
8715
8717
8717
8719
8720
8720
8721
8721
8721
8723
8725
8726
8727
8727
8727
8728
8729
8729
8732
8734
8734
8735
8736
8736
8738
8740
8740
8745
8745
8746
8746
8748
8748
8748
8751
8751
8752
8754
8755
8755
8757
8757
8757
8761
8762
8762
8762
8764
8765
8765
8766
8766
8766
8767
8768
8770
8771
8771
8773
8774
8774
8776
8777
8777
8778
8778
8780
8781
8782
8782
8783
8784
8784
8784
8785
8787
8787
8788
8788
8790
8790
8791
8793
8798
8800
8803
8804
8804
8804
8805
8806
8808
8810
8810
8810
8811
8812
8812
8815
8820
8820
8820
8821
8821
8822
8822
8823
8825
8826
8827
8830
8831
8831
8831
8832
8832
8834
8836
8838
8839
8839
8839
8843
8843
8845
8846
8846
8847
8849
8851
8851
8854
8854
8855
8855
8856
8857
8858
8860
8862
8862
8863
8865
8867
8869
8869
8871
8871
8871
8874
8874
8874
8875
8878
8879
8879
8880
8881
8882
8882
8884
8887
8888
8889
8890
8890
8891
8891
8892
8894
8894
8895
8896
8899
8900
8901
8902
8902
8902
8903
8905
8906
8907
8907
8908
8909
8909
8910
8910
8910
8912
8913
8913
8913
8914
8914
8915
8916
8917
8919
8920
8920
8920
8920
8920
8920
8920
8921
8922
8923
8924
8924
8926
8926
8929
8930
8931
8931
8932
8933
8934
8935
8936
8937
8938
8938
8939
8939
8939
8939
8943
8946
8946
8946
8946
8947
8947
8948
8948
8948
8948
8949
8950
8951
8951
8953
8953
8954
8955
8955
8956
8957
8957
8958
8958
8960
8960
8961
8963
8964
8964
8965
8969
8970
8970
8970
8971
8972
8974
8975
8979
8979
8980
8983
8984
8986
8987
8988
8993
8993
8994
8994
8995
8995
8996
8996
8996
8998
8999
8999
9000
9001
9002
9002
9002
9005
9006
9006
9009
9011
9011
9011
9012
9015
9020
9021
9022
9023
9023
9027
9028
9029
9029
9030
9031
9033
9033
9033
9033
9033
9035
9035
9036
9036
9037
9037
9037
9038
9039
9040
9041
9043
9044
9045
9046
9047
9053
9054
9056
9057
9058
9058
9060
9060
9062
9062
9063
9063
9064
9068
9069
9072
9073
9074
9076
9077
9078
9079
9080
9080
9081
9081
9082
9082
9083
9088
9089
9091
9093
9093
9096
9097
9098
9101
9101
9104
9106
9108
9108
9109
9110
9111
9113
9113
9114
9115
9115
9115
9115
9116
9118
9119
9121
9122
9125
9125
9126
9126
9128
9129
9129
9131
9131
9132
9132
9134
9135
9135
9138
9138
9140
9141
9142
9142
9143
9143
9143
9144
9146
9146
9147
9147
9148
9148
9149
9149
9151
9151
9151
9151
9152
9152
9152
9155
9155
9156
9156
9156
9160
9164
9165
9165
9166
9169
9169
9169
9172
9172
9172
9172
9172
9173
9175
9178
9178
9179
9181
9182
9183
9184
9185
9187
9188
9188
9189
9190
9190
9190
9191
9192
9192
9192
9193
9194
9194
9196
9197
9198
9199
9201
9202
9203
9204
9204
9204
9205
9205
9206
9206
9208
9210
9210
9212
9214
9214
9215
9215
9216
9216
9217
9218
9218
9218
9221
9224
9224
9224
9227
9229
9229
9230
9230
9231
9235
9235
9236
9237
9242
9242
9244
9246
9247
9247
9250
9250
9251
9251
9252
9252
9253
9253
9253
9253
9253
9254
9254
9255
9256
9256
9256
9256
9258
9259
9259
9261
9262
9271
9272
9272
9272
9273
9274
9276
9277
9278
9282
9283
9283
9284
9285
9286
9286
9287
9287
9292
9292
9294
9294
9295
9295
9297
9297
9301
9301
9301
9304
9306
9306
9306
9308
9313
9314
9314
9315
9315
9317
9318
9319
9319
9322
9322
9323
9324
9325
9326
9327
9329
9330
9333
9334
9334
9337
9337
9339
9342
9343
9344
9344
9345
9345
9347
9351
9354
9355
9355
9355
9356
9356
9357
9358
9359
9360
9361
9363
9365
9365
9366
9368
9374
9376
9377
9377
9379
9379
9380
9381
9382
9382
9383
9383
9385
9386
9386
9386
9386
9386
9386
9387
9387
9388
9388
9388
9392
9394
9394
9394
9396
9396
9397
9401
9401
9402
9403
9404
9404
9406
9406
9407
9407
9409
9410
9410
9412
9412
9414
9419
9420
9421
9429
9429
9430
9431
9432
9434
9435
9437
9437
9438
9439
9441
9445
9445
9446
9446
9448
9449
9450
9451
9451
9452
9452
9452
9453
9455
9456
9456
9457
9464
9465
9467
9468
9468
9469
9470
9471
9472
9472
9475
9476
9476
9478
9480
9480
9481
9482
9483
9483
9485
9486
9488
9488
9490
9491
9494
9495
9495
9496
9497
9498
9498
9498
9499
9500
9500
9500
9505
9506
9507
9507
9508
9509
9510
9512
9512
9513
9514
9515
9516
9516
9516
9520
9521
9522
9522
9523
9523
9524
9524
9525
9525
9526
9526
9527
9528
9529
9531
9531
9532
9532
9535
9536
9539
9540
9540
9540
9541
9541
9549
9549
9549
9550
9550
9552
9555
9555
9556
9557
9557
9557
9557
9559
9559
9559
9559
9560
9564
9565
9566
9566
9566
9569
9571
9571
9571
9572
9572
9573
9575
9576
9578
9579
9579
9579
9580
9582
9582
9585
9588
9590
9590
9590
9590
9590
9590
9592
9593
9594
9595
9596
9596
9596
9597
9598
9601
9603
9603
9604
9605
9606
9607
9607
9609
9613
9615
9615
9616
9617
9618
9618
9618
9618
9618
9620
9625
9626
9626
9627
9630
9630
9634
9635
9636
9636
9637
9637
9638
9638
9639
9640
9641
9642
9643
9644
9645
9646
9646
9646
9646
9646
9648
9648
9649
9650
9652
9652
9653
9653
9655
9657
9657
9660
9662
9662
9662
9663
9664
9665
9665
9665
9666
9666
9666
9667
9667
9668
9668
9668
9670
9670
9671
9672
9672
9672
9674
9675
9675
9675
9676
9676
9676
9677
9677
9678
9678
9682
9684
9684
9685
9686
9688
9690
9690
9690
9692
9692
9695
9695
9696
9697
9698
9698
9698
9699
9699
9699
9700
9700
9701
9705
9705
9706
9709
9710
9712
9714
9716
9716
9717
9717
9718
9718
9719
9720
9721
9721
9721
9722
9725
9727
9730
9730
9732
9732
9733
9734
9736
9736
9739
9740
9743
9745
9745
9746
9749
9749
9750
9750
9751
9752
9752
9753
9754
9754
9755
9756
9757
9757
9759
9761
9761
9763
9764
9765
9766
9768
9768
9769
9771
9771
9771
9772
9776
9778
9779
9779
9785
9785
9785
9785
9786
9787
9788
9789
9790
9791
9791
9792
9792
9792
9793
9794
9795
9795
9796
9796
9797
9797
9797
9798
9798
9800
9801
9801
9804
9807
9808
9809
9810
9811
9812
9813
9813
9814
9818
9819
9821
9822
9822
9822
9822
9823
9823
9824
9824
9824
9825
9827
9827
9828
9828
9828
9831
9832
9833
9836
9837
9837
9837
9838
9838
9842
9842
9842
9844
9845
9846
9846
9848
9850
9853
9853
9855
9858
9858
9858
9859
9860
9861
9861
9861
9861
9864
9865
9866
9867
9867
9867
9868
9871
9872
9873
9874
9876
9878
9878
9880
9880
9883
9884
9888
9890
9893
9894
9894
9896
9898
9898
9900
9902
9905
9905
9906
9908
9908
9908
9909
9909
9909
9910
9912
9913
9915
9916
9916
9917
9918
9918
9918
9918
9923
9923
9924
9926
9926
9926
9928
9928
9928
9929
9930
9933
9934
9934
9935
9935
9935
9936
9937
9941
9942
9945
9945
9946
9946
9946
9947
9948
9949
9951
9953
9954
9955
9956
9956
9958
9958
9961
9962
9963
9964
9967
9967
9969
9969
9969
9969
9971
9971
9972
9972
9973
9973
9974
9975
9977
9978
9978
9980
9980
9984
9985
9985
9985
9985
9986
9986
9988
9990
9992
9992
9992
9993
9994
9994
9994
9995
9996
9999
