0
2
2
2
3
3
3
5
6
9
9
11
12
12
12
13
14
14
15
16
16
17
17
18
18
19
22
23
24
25
25
27
29
30
31
31
32
33
33
33
34
35
38
39
39
40
40
43
43
45
45
45
45
45
47
47
47
48
48
50
51
51
51
54
54
54
55
57
57
57
60
61
64
65
65
65
66
66
67
67
70
72
72
75
75
75
75
76
79
81
82
85
86
86
87
87
89
89
89
89
90
91
93
96
97
100
102
103
103
104
105
106
106
108
108
109
109
112
112
112
114
115
116
117
117
119
120
123
124
125
127
129
131
131
132
134
134
134
135
136
137
137
137
139
139
139
140
141
143
144
144
146
146
147
149
150
150
150
151
151
155
156
156
156
156
156
156
157
158
159
161
161
161
162
163
163
164
167
171
172
172
174
175
176
176
177
177
177
178
179
180
181
181
182
183
183
184
184
185
186
187
188
190
192
193
193
194
194
196
196
196
197
197
198
199
199
201
204
204
205
205
206
206
208
211
213
214
215
216
220
221
223
224
226
227
228
230
231
232
232
234
234
238
238
238
242
243
244
245
246
248
250
252
255
255
255
255
256
256
256
259
259
259
260
261
262
262
263
264
264
265
266
268
268
269
270
270
271
271
271
273
274
275
276
281
281
282
282
284
285
285
286
286
287
287
288
289
292
294
294
294
295
296
298
301
302
302
304
304
305
305
305
307
307
307
307
308
308
309
309
310
310
310
311
312
312
315
316
316
317
318
323
323
325
325
325
327
327
329
330
331
331
331
333
333
334
335
335
336
337
337
337
338
339
339
339
341
342
342
343
343
344
344
344
346
346
346
347
347
351
353
353
354
356
357
357
359
360
361
361
362
362
362
363
364
367
368
368
369
372
373
374
377
379
380
381
383
385
385
386
386
387
387
388
391
391
391
391
392
392
393
393
394
394
397
398
399
400
401
401
404
405
405
405
406
407
407
408
408
408
408
409
414
415
416
416
416
416
416
417
420
421
421
422
423
423
423
424
425
425
426
426
430
431
432
433
433
434
436
439
441
441
441
441
445
447
448
448
448
449
451
452
453
453
454
454
455
456
457
458
459
459
461
462
464
466
468
468
469
469
470
470
471
474
474
474
475
477
478
478
479
479
480
481
482
482
483
485
485
486
486
487
487
488
489
490
490
491
492
494
496
497
498
498
498
499
501
502
503
504
505
507
507
508
509
512
515
517
517
519
520
520
521
521
522
522
523
524
524
525
526
527
529
530
534
534
534
534
535
540
542
544
547
548
549
550
554
554
554
555
556
558
560
561
561
562
565
566
566
567
570
570
574
574
574
575
575
575
576
576
576
577
580
581
582
586
586
587
587
587
588
590
591
592
593
595
596
596
597
599
599
599
599
600
601
601
601
602
602
603
604
605
606
606
606
607
609
610
610
612
614
615
617
617
618
619
619
620
621
622
623
623
624
624
625
628
629
630
631
631
631
633
634
635
638
639
641
641
642
644
646
648
649
649
649
649
651
652
653
653
654
658
658
661
661
661
661
662
663
665
665
665
666
666
668
668
668
669
669
669
670
670
670
672
675
675
676
676
677
678
680
681
682
682
683
683
683
684
685
686
686
686
687
688
688
690
690
690
691
691
692
693
696
696
697
697
699
699
700
700
702
703
704
707
707
708
710
710
710
711
712
713
714
715
716
719
722
724
726
726
728
728
730
730
731
732
733
734
736
736
739
742
742
743
743
745
746
746
746
748
749
749
751
751
751
751
752
752
754
755
755
755
756
756
756
757
757
759
760
761
762
763
764
767
767
769
769
769
770
770
773
775
776
777
778
780
783
785
788
788
792
798
799
799
801
801
803
804
807
807
809
809
810
812
817
818
821
821
827
827
827
827
829
829
829
830
832
832
833
833
834
834
835
836
838
840
841
842
842
846
846
848
849
849
849
851
851
852
852
854
854
855
855
855
856
857
858
858
858
860
860
860
862
863
865
866
867
868
870
871
871
871
873
873
874
875
875
876
877
878
880
880
880
881
884
887
889
890
891
894
894
897
897
902
902
903
906
908
908
908
910
910
911
912
912
914
914
915
916
917
917
918
920
920
921
924
929
930
931
931
933
934
936
937
938
940
940
940
941
941
942
942
944
947
948
948
950
951
953
954
955
956
956
956
960
962
965
966
967
969
970
973
974
978
980
981
982
982
983
984
986
987
990
991
992
992
994
995
996
997
998
999
1000
1001
1002
1002
1003
1004
1005
1006
1007
1007
1007
1007
1008
1008
1008
1013
1015
1015
1016
1018
1019
1019
1020
1022
1023
1023
1023
1023
1024
1025
1027
1028
1030
1030
1030
1032
1032
1033
1034
1036
1037
1038
1039
1041
1041
1042
1042
1043
1046
1050
1053
1054
1054
1055
1055
1056
1056
1057
1058
1058
1059
1062
1062
1063
1064
1064
1065
1066
1067
1068
1068
1069
1069
1073
1073
1074
1074
1075
1077
1078
1078
1079
1079
1080
1084
1084
1084
1084
1084
1084
1085
1085
1087
1090
1090
1091
1092
1094
1095
1095
1096
1096
1097
1097
1097
1098
1099
1099
1099
1099
1100
1102
1102
1103
1104
1105
1106
1106
1106
1107
1107
1107
1112
1112
1112
1112
1114
1114
1118
1119
1119
1120
1121
1122
1123
1124
1124
1124
1126
1126
1127
1129
1131
1131
1131
1133
1135
1137
1137
1140
1140
1140
1140
1141
1142
1144
1147
1147
1147
1149
1150
1151
1151
1154
1154
1156
1156
1157
1157
1158
1160
1162
1162
1164
1164
1165
1166
1167
1169
1170
1170
1171
1171
1173
1173
1178
1180
1183
1183
1187
1187
1187
1188
1189
1190
1191
1191
1191
1192
1192
1193
1193
1194
1195
1195
1196
1197
1198
1198
1198
1198
1199
1201
1204
1204
1206
1207
1207
1210
1210
1211
1217
1218
1219
1220
1221
1222
1224
1224
1225
1225
1226
1227
1228
1232
1232
1233
1234
1235
1236
1238
1239
1239
1241
1241
1244
1245
1248
1250
1251
1251
1251
1252
1253
1254
1255
1257
1257
1257
1258
1258
1258
1258
1260
1260
1264
1264
1266
1267
1268
1269
1272
1273
1273
1273
1274
1275
1275
1277
1278
1278
1280
1280
1281
1281
1282
1284
1285
1286
1287
1288
1289
1289
1291
1292
1293
1294
1296
1297
1298
1299
1300
1301
1302
1302
1303
1304
1304
1305
1305
1305
1306
1307
1308
1308
1309
1311
1313
1313
1314
1314
1317
1318
1319
1319
1320
1320
1320
1322
1323
1323
1323
1325
1326
1327
1329
1330
1330
1331
1334
1335
1336
1337
1338
1340
1342
1346
1347
1347
1350
1350
1350
1351
1351
1351
1351
1352
1352
1353
1357
1358
1361
1362
1363
1364
1365
1365
1366
1367
1367
1369
1370
1371
1371
1372
1372
1372
1373
1375
1375
1376
1376
1377
1378
1378
1382
1384
1384
1384
1385
1387
1388
1393
1393
1394
1395
1396
1396
1397
1397
1397
1397
1398
1398
1398
1399
1399
1400
1403
1404
1405
1407
1407
1408
1409
1411
1411
1412
1414
1414
1415
1416
1417
1421
1421
1422
1422
1423
1423
1424
1425
1425
1426
1427
1432
1432
1435
1436
1436
1436
1436
1438
1438
1438
1439
1442
1442
1442
1442
1443
1444
1445
1446
1446
1447
1447
1448
1450
1450
1451
1452
1452
1454
1454
1455
1456
1456
1457
1457
1458
1459
1460
1462
1464
1466
1468
1469
1469
1470
1470
1471
1472
1473
1473
1474
1475
1475
1475
1476
1476
1478
1479
1480
1480
1480
1481
1483
1483
1483
1484
1485
1485
1486
1486
1487
1489
1490
1491
1492
1492
1493
1493
1493
1494
1495
1495
1495
1496
1496
1497
1497
1498
1499
1500
1505
1505
1509
1509
1509
1509
1511
1513
1513
1515
1515
1516
1517
1519
1519
1520
1521
1523
1524
1526
1526
1527
1528
1528
1528
1529
1529
1531
1531
1531
1531
1532
1535
1536
1536
1537
1537
1537
1540
1541
1541
1543
1543
1544
1544
1548
1548
1549
1552
1554
1555
1555
1555
1558
1558
1558
1560
1562
1564
1565
1565
1567
1567
1569
1570
1570
1571
1571
1572
1572
1573
1575
1578
1579
1580
1580
1580
1581
1581
1581
1582
1583
1584
1588
1588
1590
1590
1590
1592
1592
1593
1593
1593
1593
1594
1596
1597
1600
1600
1603
1604
1606
1606
1606
1609
1611
1611
1613
1614
1621
1622
1622
1625
1626
1627
1627
1627
1628
1629
1630
1631
1634
1636
1637
1638
1639
1641
1641
1642
1643
1645
1646
1647
1649
1652
1653
1656
1657
1657
1657
1659
1660
1661
1661
1662
1665
1668
1668
1669
1669
1669
1669
1671
1672
1673
1673
1673
1674
1675
1676
1678
1679
1679
1681
1684
1686
1689
1690
1692
1693
1695
1695
1696
1698
1698
1699
1700
1701
1701
1702
1702
1703
1703
1708
1709
1709
1709
1709
1711
1713
1713
1714
1714
1715
1715
1716
1716
1717
1717
1719
1721
1721
1722
1723
1726
1727
1728
1728
1728
1728
1729
1729
1730
1730
1731
1732
1733
1734
1735
1737
1737
1738
1741
1741
1749
1749
1750
1753
1753
1755
1760
1761
1762
1762
1763
1764
1764
1765
1766
1767
1768
1770
1772
1772
1773
1773
1773
1774
1775
1777
1777
1778
1778
1778
1779
1779
1780
1780
1781
1782
1782
1783
1783
1784
1785
1785
1786
1787
1787
1788
1789
1792
1793
1793
1794
1794
1796
1798
1800
1803
1804
1804
1805
1805
1806
1807
1810
1810
1811
1811
1813
1813
1815
1816
1816
1817
1817
1820
1820
1820
1821
1830
1831
1833
1833
1835
1840
1840
1841
1841
1842
1843
1843
1844
1845
1845
1846
1847
1850
1852
1852
1853
1853
1854
1855
1855
1855
1856
1859
1859
1860
1860
1861
1861
1862
1863
1864
1864
1867
1868
1870
1872
1873
1873
1874
1875
1876
1877
1877
1878
1878
1879
1879
1880
1880
1880
1881
1883
1883
1886
1886
1886
1887
1888
1888
1890
1890
1890
1891
1892
1893
1895
1896
1896
1897
1897
1898
1898
1899
1899
1899
1904
1904
1906
1908
1909
1910
1911
1911
1913
1913
1915
1915
1917
1917
1918
1918
1919
1921
1922
1923
1923
1924
1924
1925
1926
1928
1928
1929
1930
1931
1932
1933
1934
1935
1935
1936
1936
1937
1940
1941
1941
1943
1943
1943
1943
1943
1943
1944
1945
1951
1951
1953
1955
1956
1957
1959
1962
1963
1963
1963
1965
1965
1966
1967
1969
1969
1969
1970
1970
1971
1971
1971
1972
1972
1972
1973
1973
1974
1974
1974
1975
1975
1975
1978
1979
1980
1982
1982
1983
1984
1984
1984
1985
1986
1987
1988
1988
1989
1993
1994
1994
1999
1999
2000
2001
2004
2005
2006
2009
2009
2010
2011
2012
2012
2014
2015
2016
2016
2017
2018
2018
2019
2021
2022
2022
2024
2024
2025
2026
2028
2029
2029
2030
2031
2031
2031
2035
2037
2038
2041
2041
2042
2042
2045
2047
2051
2051
2052
2052
2054
2054
2058
2059
2059
2060
2061
2064
2065
2067
2069
2069
2072
2073
2075
2077
2077
2079
2079
2080
2080
2081
2081
2083
2087
2087
2089
2091
2092
2093
2095
2096
2096
2096
2097
2097
2098
2099
2100
2100
2100
2101
2102
2103
2104
2104
2104
2109
2110
2111
2113
2114
2115
2119
2119
2121
2121
2122
2124
2125
2125
2126
2126
2127
2127
2128
2130
2131
2131
2131
2131
2133
2133
2135
2136
2136
2136
2136
2140
2140
2141
2142
2142
2144
2147
2150
2151
2155
2155
2156
2159
2159
2160
2162
2163
2164
2164
2165
2166
2168
2168
2169
2170
2171
2173
2176
2177
2179
2180
2180
2182
2182
2184
2185
2185
2185
2186
2187
2187
2187
2188
2190
2191
2191
2192
2193
2193
2194
2194
2195
2196
2196
2197
2199
2200
2201
2202
2202
2202
2205
2205
2205
2206
2206
2207
2208
2208
2211
2211
2212
2213
2214
2214
2215
2215
2215
2218
2218
2221
2221
2222
2223
2225
2226
2230
2233
2234
2236
2237
2237
2237
2237
2238
2242
2242
2243
2243
2243
2244
2245
2245
2247
2248
2250
2250
2253
2253
2254
2256
2257
2258
2258
2259
2259
2259
2259
2260
2260
2261
2262
2262
2264
2265
2265
2265
2266
2267
2269
2269
2271
2272
2274
2277
2277
2279
2279
2279
2280
2282
2283
2283
2285
2285
2287
2288
2289
2291
2291
2291
2292
2293
2293
2294
2297
2298
2298
2298
2300
2301
2306
2306
2309
2311
2312
2313
2313
2314
2314
2316
2316
2317
2318
2320
2322
2322
2323
2323
2324
2324
2325
2325
2326
2326
2326
2327
2328
2330
2333
2333
2334
2334
2335
2336
2338
2338
2339
2340
2340
2341
2341
2341
2343
2346
2346
2349
2351
2351
2352
2353
2353
2355
2359
2361
2362
2362
2362
2363
2364
2364
2365
2365
2366
2366
2366
2368
2369
2371
2371
2372
2373
2377
2380
2382
2382
2382
2384
2385
2385
2386
2386
2387
2388
2388
2388
2389
2390
2390
2390
2391
2392
2392
2392
2393
2394
2394
2397
2397
2399
2399
2402
2402
2403
2403
2404
2405
2406
2410
2410
2411
2413
2414
2415
2417
2418
2419
2419
2419
2419
2419
2420
2420
2421
2422
2422
2422
2423
2423
2423
2424
2424
2424
2424
2426
2426
2426
2428
2429
2430
2430
2433
2433
2434
2436
2437
2437
2438
2439
2439
2441
2441
2443
2443
2443
2444
2444
2448
2449
2450
2451
2451
2452
2452
2453
2453
2455
2455
2456
2457
2458
2458
2460
2461
2462
2463
2463
2464
2466
2466
2466
2467
2467
2467
2468
2468
2469
2469
2470
2471
2471
2472
2473
2475
2475
2476
2478
2478
2478
2478
2479
2485
2485
2486
2486
2486
2486
2487
2490
2490
2494
2494
2495
2497
2499
2502
2502
2502
2503
2503
2504
2504
2504
2506
2506
2507
2508
2508
2510
2510
2511
2511
2512
2512
2513
2515
2515
2517
2519
2520
2521
2521
2522
2522
2522
2523
2526
2527
2530
2531
2532
2533
2535
2536
2538
2538
2539
2540
2540
2542
2543
2545
2545
2545
2545
2545
2545
2547
2548
2551
2552
2552
2552
2553
2555
2556
2557
2559
2559
2559
2562
2565
2566
2566
2567
2568
2570
2570
2572
2573
2574
2575
2576
2577
2579
2580
2581
2583
2583
2583
2583
2585
2586
2587
2587
2588
2588
2589
2590
2591
2597
2598
2598
2601
2602
2603
2603
2604
2605
2605
2606
2607
2613
2613
2614
2614
2616
2617
2617
2618
2618
2620
2620
2621
2622
2622
2625
2625
2627
2628
2628
2628
2629
2629
2630
2637
2637
2637
2637
2641
2641
2642
2642
2646
2647
2649
2650
2650
2650
2651
2653
2654
2655
2655
2656
2656
2658
2658
2659
2660
2661
2661
2662
2663
2664
2667
2667
2669
2672
2672
2673
2673
2673
2673
2673
2675
2675
2676
2676
2677
2678
2678
2679
2680
2681
2681
2681
2682
2682
2685
2685
2686
2687
2688
2689
2690
2690
2691
2691
2691
2691
2691
2693
2694
2695
2696
2697
2698
2702
2703
2703
2703
2704
2705
2705
2705
2708
2708
2710
2712
2713
2714
2714
2715
2716
2718
2719
2719
2719
2720
2720
2720
2721
2721
2722
2726
2728
2729
2730
2730
2733
2734
2734
2736
2739
2739
2739
2739
2740
2743
2744
2745
2748
2749
2751
2751
2751
2751
2752
2753
2753
2756
2757
2758
2758
2759
2761
2762
2763
2765
2765
2766
2766
2766
2768
2769
2770
2771
2777
2778
2779
2779
2780
2780
2781
2782
2783
2783
2784
2784
2784
2787
2787
2787
2791
2792
2792
2793
2793
2793
2795
2796
2797
2797
2797
2797
2798
2798
2800
2800
2801
2803
2804
2804
2805
2805
2805
2805
2808
2808
2809
2810
2813
2815
2816
2817
2818
2818
2818
2819
2819
2820
2823
2825
2826
2827
2827
2828
2829
2830
2831
2832
2832
2834
2834
2835
2835
2837
2837
2837
2838
2838
2839
2840
2842
2844
2845
2846
2846
2849
2849
2853
2853
2853
2853
2854
2854
2855
2857
2857
2857
2859
2859
2859
2860
2860
2861
2861
2861
2862
2862
2864
2865
2868
2868
2869
2870
2871
2871
2872
2872
2872
2872
2873
2874
2875
2875
2876
2880
2880
2880
2882
2882
2882
2883
2884
2885
2885
2885
2889
2889
2890
2892
2893
2894
2895
2895
2897
2898
2899
2900
2901
2903
2903
2903
2904
2905
2906
2906
2908
2910
2912
2912
2916
2918
2918
2920
2921
2924
2924
2926
2926
2927
2927
2929
2932
2933
2934
2937
2938
2938
2939
2939
2939
2940
2940
2941
2941
2941
2944
2947
2947
2949
2949
2949
2951
2951
2952
2955
2955
2957
2959
2960
2961
2962
2962
2963
2963
2963
2964
2964
2964
2966
2968
2969
2969
2970
2970
2971
2971
2973
2974
2975
2975
2976
2976
2976
2977
2977
2977
2978
2978
2980
2984
2984
2985
2988
2988
2989
2992
2995
2997
2998
2999
3002
3004
3006
3007
3007
3007
3008
3008
3009
3011
3011
3011
3012
3012
3012
3017
3017
3017
3019
3019
3020
3022
3024
3027
3028
3028
3028
3028
3028
3029
3032
3032
3033
3033
3033
3035
3036
3037
3037
3037
3038
3039
3041
3043
3044
3045
3047
3047
3049
3051
3052
3053
3054
3055
3055
3055
3056
3057
3058
3058
3058
3059
3059
3060
3060
3061
3062
3064
3065
3069
3069
3071
3073
3078
3078
3078
3080
3081
3081
3083
3083
3084
3085
3087
3089
3092
3092
3092
3093
3093
3093
3093
3093
3094
3099
3100
3101
3102
3103
3106
3107
3108
3108
3108
3111
3111
3112
3112
3112
3112
3113
3113
3113
3115
3115
3116
3118
3120
3123
3126
3126
3126
3126
3127
3129
3129
3130
3131
3131
3131
3131
3132
3133
3136
3143
3143
3146
3147
3149
3150
3150
3150
3150
3151
3151
3152
3154
3156
3156
3156
3156
3157
3157
3158
3159
3160
3162
3165
3165
3166
3166
3167
3169
3169
3170
3170
3173
3175
3176
3176
3177
3177
3177
3177
3177
3178
3179
3180
3181
3181
3181
3182
3184
3184
3184
3185
3185
3188
3192
3192
3192
3193
3196
3198
3198
3199
3200
3202
3205
3206
3208
3209
3210
3211
3211
3211
3211
3213
3213
3213
3215
3216
3216
3220
3221
3222
3223
3226
3228
3229
3232
3233
3234
3235
3235
3235
3236
3237
3239
3240
3240
3241
3244
3245
3245
3245
3247
3248
3248
3248
3249
3250
3250
3250
3251
3251
3252
3254
3254
3254
3257
3257
3257
3257
3258
3259
3260
3262
3262
3262
3262
3264
3265
3266
3266
3267
3267
3269
3269
3271
3271
3271
3271
3274
3276
3277
3277
3277
3278
3278
3280
3281
3282
3282
3282
3284
3285
3286
3288
3289
3290
3291
3292
3292
3293
3295
3298
3298
3298
3298
3301
3304
3305
3308
3308
3309
3310
3310
3311
3313
3314
3315
3317
3318
3319
3320
3321
3322
3323
3324
3325
3325
3327
3328
3329
3329
3330
3331
3331
3332
3332
3334
3334
3335
3335
3337
3337
3338
3338
3339
3339
3339
3340
3340
3341
3343
3343
3343
3346
3346
3347
3347
3347
3347
3348
3348
3349
3350
3350
3351
3351
3352
3353
3354
3356
3357
3357
3358
3358
3359
3362
3366
3367
3367
3371
3373
3373
3375
3380
3381
3382
3382
3382
3382
3383
3384
3385
3386
3387
3388
3389
3391
3392
3392
3393
3393
3394
3394
3397
3397
3399
3399
3401
3404
3404
3405
3405
3407
3407
3408
3409
3410
3411
3411
3413
3413
3414
3414
3416
3416
3417
3418
3423
3424
3424
3425
3427
3428
3428
3429
3429
3430
3430
3431
3431
3431
3435
3437
3438
3440
3440
3440
3441
3441
3441
3441
3442
3444
3447
3448
3448
3448
3449
3453
3453
3454
3456
3456
3459
3460
3461
3462
3462
3463
3463
3464
3465
3467
3468
3469
3470
3470
3471
3473
3474
3475
3475
3477
3479
3481
3482
3484
3485
3487
3487
3489
3490
3490
3491
3491
3493
3496
3496
3497
3498
3502
3503
3503
3505
3505
3506
3510
3513
3513
3513
3514
3514
3517
3517
3519
3519
3519
3519
3520
3521
3523
3523
3524
3524
3524
3524
3525
3525
3527
3527
3529
3529
3531
3531
3531
3533
3535
3537
3538
3538
3538
3538
3540
3541
3541
3541
3542
3543
3544
3546
3547
3548
3549
3550
3551
3554
3554
3554
3555
3556
3557
3557
3558
3558
3561
3561
3564
3565
3567
3567
3569
3570
3570
3571
3572
3574
3575
3576
3576
3576
3577
3577
3581
3582
3582
3583
3583
3584
3586
3586
3587
3587
3588
3590
3590
3591
3592
3594
3596
3596
3598
3599
3599
3600
3600
3601
3601
3601
3601
3602
3602
3603
3607
3607
3609
3610
3610
3610
3612
3614
3614
3615
3615
3615
3615
3619
3621
3622
3623
3626
3627
3627
3629
3630
3631
3632
3632
3633
3634
3634
3634
3634
3634
3634
3635
3636
3639
3639
3640
3640
3642
3644
3646
3646
3648
3649
3653
3659
3659
3659
3659
3660
3661
3661
3662
3662
3662
3662
3663
3663
3663
3664
3664
3664
3665
3665
3666
3666
3668
3672
3672
3674
3675
3677
3678
3679
3681
3681
3681
3682
3683
3683
3684
3686
3688
3689
3692
3694
3698
3699
3701
3704
3707
3709
3709
3709
3710
3711
3713
3713
3714
3714
3717
3719
3719
3722
3723
3726
3728
3728
3730
3732
3732
3732
3733
3734
3734
3735
3735
3737
3737
3742
3742
3743
3744
3744
3745
3747
3747
3750
3752
3753
3754
3754
3754
3755
3755
3756
3756
3757
3757
3758
3758
3759
3760
3761
3762
3762
3763
3763
3763
3764
3764
3764
3765
3766
3766
3766
3766
3768
3769
3769
3770
3773
3775
3776
3776
3776
3776
3777
3780
3780
3782
3784
3785
3786
3787
3787
3788
3789
3790
3790
3790
3793
3793
3795
3797
3799
3799
3800
3801
3803
3803
3807
3812
3812
3813
3816
3816
3822
3825
3825
3825
3826
3826
3827
3827
3828
3829
3829
3830
3830
3830
3832
3834
3834
3836
3837
3837
3838
3842
3842
3843
3844
3847
3847
3848
3848
3850
3850
3852
3853
3853
3855
3855
3855
3856
3856
3857
3857
3858
3858
3859
3860
3861
3862
3864
3866
3866
3869
3869
3869
3870
3870
3871
3871
3872
3873
3874
3874
3875
3875
3876
3876
3876
3878
3879
3879
3881
3882
3882
3883
3883
3885
3888
3888
3888
3889
3891
3892
3892
3894
3901
3901
3902
3905
3906
3907
3908
3909
3910
3910
3910
3911
3912
3912
3912
3913
3914
3915
3915
3918
3919
3920
3921
3923
3923
3924
3927
3927
3927
3929
3932
3935
3937
3937
3937
3937
3938
3939
3939
3940
3940
3941
3947
3948
3948
3949
3950
3950
3953
3953
3955
3955
3956
3956
3957
3958
3959
3959
3961
3961
3962
3964
3964
3964
3968
3969
3969
3970
3970
3971
3972
3972
3973
3974
3975
3976
3976
3977
3979
3979
3979
3979
3980
3980
3981
3981
3981
3982
3983
3984
3986
3987
3988
3990
3990
3991
3991
3992
3994
3995
3995
3996
3998
3998
3999
3999
4001
4001
4001
4002
4002
4003
4004
4005
4006
4007
4008
4009
4010
4012
4012
4013
4016
4018
4019
4020
4022
4022
4023
4023
4023
4024
4027
4027
4027
4032
4033
4035
4038
4040
4042
4043
4045
4046
4047
4048
4048
4048
4048
4048
4050
4051
4052
4053
4054
4054
4054
4055
4055
4056
4057
4057
4057
4057
4059
4059
4059
4060
4061
4062
4062
4063
4063
4063
4064
4065
4067
4067
4068
4068
4069
4072
4073
4073
4074
4076
4078
4083
4088
4088
4088
4089
4089
4090
4091
4091
4092
4093
4094
4095
4095
4097
4100
4101
4102
4102
4104
4105
4106
4107
4108
4108
4108
4108
4110
4110
4111
4111
4111
4112
4114
4114
4114
4114
4115
4115
4117
4117
4118
4120
4122
4122
4123
4124
4125
4127
4128
4128
4131
4135
4135
4135
4136
4137
4138
4139
4139
4139
4139
4140
4141
4141
4141
4142
4142
4143
4144
4144
4144
4145
4146
4146
4146
4146
4150
4151
4151
4151
4152
4154
4154
4156
4158
4159
4159
4159
4162
4167
4167
4167
4168
4169
4169
4170
4173
4173
4173
4173
4174
4174
4174
4176
4179
4179
4179
4180
4180
4189
4189
4189
4189
4190
4191
4191
4192
4194
4197
4198
4200
4201
4202
4203
4204
4204
4205
4206
4206
4207
4207
4208
4208
4210
4213
4214
4216
4217
4218
4221
4223
4223
4225
4226
4226
4227
4227
4228
4228
4229
4231
4233
4233
4233
4234
4234
4234
4235
4236
4237
4238
4240
4240
4240
4241
4241
4241
4243
4246
4246
4247
4247
4247
4248
4248
4249
4249
4249
4249
4249
4249
4250
4250
4251
4251
4254
4255
4256
4256
4256
4257
4261
4261
4262
4266
4267
4267
4269
4269
4270
4271
4273
4274
4277
4277
4279
4279
4279
4280
4284
4284
4284
4285
4285
4286
4287
4287
4288
4292
4293
4293
4293
4294
4295
4296
4296
4297
4298
4298
4299
4300
4300
4301
4302
4302
4303
4303
4305
4305
4305
4305
4305
4307
4307
4308
4308
4308
4308
4309
4312
4313
4313
4314
4315
4316
4316
4320
4321
4322
4323
4324
4326
4326
4326
4327
4328
4328
4329
4330
4330
4332
4333
4335
4336
4336
4337
4337
4341
4343
4344
4345
4345
4347
4349
4350
4353
4354
4355
4356
4358
4361
4362
4364
4365
4367
4367
4368
4368
4369
4371
4374
4375
4375
4376
4377
4378
4379
4379
4380
4381
4382
4382
4383
4383
4384
4385
4386
4388
4388
4388
4389
4390
4391
4391
4392
4394
4396
4397
4397
4398
4398
4401
4402
4403
4403
4403
4404
4405
4405
4405
4407
4408
4408
4408
4409
4409
4410
4414
4415
4416
4416
4417
4417
4417
4417
4418
4420
4421
4421
4422
4422
4422
4423
4425
4426
4427
4427
4427
4428
4429
4430
4430
4430
4431
4431
4433
4435
4437
4438
4438
4438
4438
4439
4441
4443
4443
4444
4446
4447
4448
4449
4449
4449
4449
4450
4452
4456
4457
4458
4458
4459
4460
4461
4461
4461
4461
4461
4461
4461
4464
4465
4467
4469
4470
4471
4471
4473
4473
4473
4473
4478
4479
4479
4479
4480
4483
4483
4483
4484
4486
4486
4486
4487
4488
4489
4489
4490
4491
4492
4493
4494
4495
4495
4496
4497
4498
4499
4499
4499
4500
4501
4501
4501
4502
4503
4504
4505
4506
4509
4510
4511
4511
4512
4514
4514
4514
4514
4515
4516
4516
4517
4518
4518
4519
4519
4520
4522
4522
4523
4525
4526
4528
4531
4531
4532
4534
4534
4535
4535
4536
4536
4537
4538
4538
4539
4541
4542
4543
4546
4547
4548
4548
4550
4551
4552
4553
4554
4554
4554
4555
4556
4556
4559
4560
4561
4562
4563
4565
4566
4567
4568
4568
4569
4569
4570
4570
4573
4573
4573
4573
4574
4574
4574
4575
4579
4580
4580
4581
4581
4582
4584
4586
4589
4589
4590
4590
4590
4591
4591
4592
4592
4592
4593
4594
4595
4596
4596
4598
4599
4600
4600
4600
4601
4601
4601
4602
4604
4606
4608
4609
4612
4613
4614
4614
4614
4616
4620
4621
4621
4621
4623
4623
4624
4626
4626
4627
4627
4628
4630
4631
4631
4631
4632
4632
4633
4633
4633
4633
4633
4634
4636
4636
4638
4638
4640
4641
4642
4643
4645
4645
4648
4648
4648
4648
4649
4649
4651
4651
4653
4655
4656
4656
4659
4660
4662
4662
4662
4663
4668
4668
4672
4675
4675
4675
4676
4678
4679
4679
4679
4679
4679
4680
4682
4683
4683
4686
4687
4688
4692
4693
4693
4694
4694
4694
4694
4694
4697
4699
4699
4701
4701
4701
4702
4703
4706
4707
4708
4708
4708
4709
4709
4710
4710
4711
4711
4711
4713
4716
4717
4719
4721
4721
4723
4723
4723
4725
4726
4728
4729
4731
4732
4734
4739
4739
4740
4740
4741
4744
4745
4747
4747
4748
4749
4750
4750
4750
4751
4752
4752
4754
4754
4754
4756
4756
4758
4760
4761
4761
4761
4761
4762
4763
4764
4766
4767
4768
4769
4772
4772
4774
4775
4778
4778
4778
4780
4781
4781
4781
4782
4783
4786
4786
4788
4789
4791
4791
4791
4791
4792
4793
4794
4795
4795
4796
4796
4796
4796
4798
4798
4799
4800
4801
4801
4804
4804
4806
4808
4808
4810
4810
4812
4813
4813
4815
4817
4817
4817
4818
4821
4821
4823
4823
4825
4828
4828
4829
4830
4830
4834
4835
4836
4837
4837
4838
4838
4839
4839
4841
4844
4845
4846
4847
4848
4849
4851
4852
4854
4854
4855
4857
4858
4859
4866
4870
4872
4872
4872
4874
4874
4875
4875
4879
4880
4881
4882
4885
4886
4886
4890
4892
4894
4894
4896
4897
4897
4897
4899
4899
4900
4900
4901
4904
4905
4905
4907
4907
4908
4909
4910
4912
4912
4914
4914
4914
4918
4919
4920
4920
4922
4922
4922
4922
4924
4925
4925
4926
4927
4927
4928
4929
4929
4930
4934
4936
4936
4936
4938
4939
4939
4942
4943
4944
4945
4946
4948
4949
4950
4950
4952
4954
4954
4956
4957
4957
4958
4958
4959
4959
4961
4962
4963
4964
4965
4965
4965
4967
4967
4969
4969
4970
4970
4970
4971
4971
4971
4974
4976
4976
4978
4979
4979
4979
4979
4986
4987
4988
4988
4989
4990
4991
4991
4992
4993
4994
4996
4997
4997
4997
4998
4999
5000
5000
5000
5001
5002
5002
5004
5004
5005
5011
5012
5012
5013
5016
5016
5017
5018
5019
5020
5020
5021
5022
5024
5024
5026
5027
5028
5030
5030
5031
5032
5032
5033
5033
5034
5035
5035
5040
5042
5042
5044
5045
5048
5048
5050
5051
5052
5053
5054
5054
5056
5057
5058
5059
5060
5062
5062
5063
5063
5064
5066
5067
5069
5070
5072
5074
5075
5075
5076
5077
5078
5079
5079
5080
5082
5083
5085
5085
5085
5085
5086
5087
5089
5089
5090
5091
5095
5095
5096
5096
5097
5098
5099
5100
5101
5101
5102
5103
5103
5104
5104
5105
5105
5105
5105
5106
5108
5109
5110
5111
5111
5111
5112
5115
5115
5116
5116
5120
5120
5121
5125
5125
5125
5126
5126
5127
5127
5127
5127
5128
5129
5129
5129
5130
5130
5131
5132
5133
5133
5134
5135
5136
5136
5136
5139
5139
5140
5141
5141
5143
5144
5144
5146
5146
5146
5146
5146
5147
5149
5150
5150
5150
5153
5153
5157
5157
5159
5163
5163
5164
5167
5168
5168
5169
5169
5169
5170
5172
5172
5174
5174
5174
5175
5176
5177
5179
5180
5183
5183
5184
5185
5185
5186
5189
5189
5191
5192
5196
5196
5198
5198
5199
5201
5202
5203
5203
5203
5204
5204
5204
5205
5210
5211
5212
5212
5213
5215
5215
5215
5215
5217
5221
5222
5224
5224
5224
5224
5227
5227
5228
5229
5231
5232
5233
5235
5235
5238
5238
5239
5240
5240
5240
5241
5242
5243
5245
5245
5246
5247
5248
5248
5249
5249
5249
5250
5250
5253
5253
5253
5254
5254
5255
5257
5258
5258
5259
5260
5261
5261
5262
5263
5264
5264
5264
5265
5265
5265
5266
5266
5270
5271
5271
5272
5273
5273
5275
5277
5278
5279
5280
5280
5281
5283
5284
5289
5289
5289
5290
5290
5290
5293
5293
5296
5297
5299
5301
5301
5301
5302
5302
5303
5304
5304
5306
5309
5311
5311
5313
5315
5316
5316
5319
5320
5322
5323
5324
5325
5326
5327
5329
5330
5331
5331
5331
5332
5333
5333
5334
5334
5334
5335
5336
5337
5337
5338
5338
5338
5339
5339
5339
5340
5343
5344
5345
5345
5346
5347
5348
5349
5350
5350
5350
5351
5351
5352
5353
5358
5359
5360
5360
5360
5360
5363
5364
5365
5365
5368
5369
5370
5372
5377
5378
5379
5379
5380
5380
5380
5381
5382
5382
5383
5386
5386
5390
5391
5391
5392
5393
5395
5396
5397
5397
5399
5400
5401
5402
5402
5403
5403
5404
5406
5407
5408
5408
5409
5410
5411
5412
5413
5413
5413
5414
5416
5418
5419
5421
5424
5425
5425
5426
5426
5427
5427
5428
5428
5430
5433
5433
5433
5433
5433
5434
5434
5436
5436
5437
5437
5438
5439
5439
5440
5441
5442
5443
5446
5448
5449
5450
5451
5451
5452
5453
5454
5454
5456
5456
5457
5458
5459
5459
5460
5460
5460
5461
5462
5463
5463
5467
5470
5471
5471
5471
5472
5475
5476
5476
5476
5478
5478
5478
5479
5479
5480
5480
5485
5485
5486
5488
5491
5491
5491
5492
5493
5495
5495
5495
5496
5497
5497
5498
5500
5500
5502
5502
5504
5504
5506
5507
5509
5509
5509
5509
5510
5510
5510
5511
5511
5511
5512
5513
5516
5517
5517
5519
5520
5520
5521
5522
5524
5525
5527
5528
5528
5529
5529
5531
5532
5532
5532
5533
5533
5533
5534
5536
5540
5541
5541
5542
5542
5543
5543
5543
5544
5545
5547
5548
5549
5551
5553
5555
5556
5557
5558
5560
5561
5561
5562
5564
5566
5566
5567
5567
5567
5568
5570
5571
5571
5571
5575
5576
5576
5577
5580
5581
5582
5582
5582
5583
5586
5586
5589
5592
5592
5593
5595
5598
5598
5599
5599
5600
5600
5602
5604
5604
5604
5606
5609
5609
5609
5610
5610
5611
5611
5613
5614
5615
5615
5615
5617
5618
5619
5622
5622
5622
5623
5624
5625
5625
5625
5626
5628
5628
5629
5633
5635
5635
5635
5636
5637
5637
5639
5640
5640
5642
5642
5643
5644
5644
5646
5648
5651
5652
5655
5656
5657
5659
5659
5662
5663
5663
5663
5663
5668
5669
5671
5676
5677
5677
5679
5679
5681
5681
5683
5683
5684
5684
5685
5685
5687
5689
5689
5689
5690
5691
5691
5691
5692
5693
5693
5694
5695
5695
5695
5696
5697
5698
5698
5699
5699
5699
5701
5701
5701
5702
5703
5703
5703
5708
5712
5713
5713
5713
5715
5715
5718
5718
5720
5722
5722
5723
5723
5725
5725
5728
5729
5730
5732
5733
5734
5735
5736
5741
5742
5744
5744
5744
5745
5745
5746
5747
5749
5749
5749
5749
5750
5751
5751
5752
5752
5752
5755
5755
5757
5757
5758
5758
5759
5760
5762
5765
5765
5766
5767
5767
5768
5768
5770
5770
5771
5771
5771
5772
5773
5773
5774
5776
5776
5776
5776
5777
5777
5779
5780
5781
5781
5783
5784
5785
5787
5788
5791
5791
5791
5792
5792
5794
5796
5796
5796
5796
5797
5798
5798
5799
5801
5802
5804
5804
5805
5805
5806
5806
5807
5812
5813
5813
5816
5817
5818
5819
5820
5820
5821
5821
5825
5825
5826
5826
5827
5828
5828
5829
5830
5830
5831
5833
5833
5834
5834
5835
5838
5838
5839
5839
5841
5841
5843
5843
5844
5845
5845
5845
5847
5848
5850
5852
5854
5856
5858
5858
5859
5860
5861
5861
5861
5862
5863
5867
5867
5867
5867
5868
5869
5871
5871
5873
5874
5875
5875
5878
5880
5881
5881
5881
5881
5881
5885
5885
5885
5886
5888
5888
5889
5890
5890
5890
5894
5897
5897
5898
5899
5900
5900
5901
5901
5902
5904
5904
5904
5905
5907
5910
5910
5911
5911
5911
5913
5915
5916
5917
5919
5920
5921
5922
5922
5923
5924
5925
5926
5926
5927
5928
5929
5930
5931
5932
5932
5932
5934
5937
5937
5938
5939
5939
5941
5941
5941
5941
5943
5943
5947
5948
5949
5949
5949
5949
5951
5952
5952
5953
5953
5956
5956
5956
5961
5961
5962
5963
5965
5965
5966
5967
5967
5967
5969
5969
5971
5971
5974
5974
5976
5977
5980
5981
5982
5984
5984
5984
5986
5986
5987
5989
5989
5990
5991
5991
5992
5992
5992
5994
5994
5994
5995
5996
5997
5997
5997
5998
5999
6000
6001
6003
6003
6003
6003
6003
6004
6005
6005
6005
6005
6006
6008
6011
6011
6011
6013
6014
6015
6017
6017
6017
6017
6021
6021
6022
6023
6024
6024
6030
6032
6032
6034
6034
6035
6035
6035
6037
6037
6038
6038
6039
6040
6043
6043
6043
6046
6046
6047
6047
6048
6051
6051
6052
6053
6054
6055
6055
6055
6057
6058
6059
6060
6060
6062
6063
6063
6064
6066
6066
6067
6068
6068
6069
6069
6070
6074
6077
6078
6079
6079
6083
6085
6085
6088
6089
6090
6091
6093
6095
6097
6097
6097
6097
6098
6099
6099
6104
6105
6106
6106
6107
6108
6109
6110
6111
6112
6113
6114
6116
6116
6117
6117
6117
6118
6118
6119
6120
6120
6122
6124
6124
6124
6125
6129
6130
6130
6131
6132
6134
6136
6136
6136
6137
6137
6137
6138
6140
6145
6147
6149
6150
6153
6155
6158
6158
6161
6162
6163
6164
6165
6165
6170
6170
6170
6171
6173
6174
6174
6176
6178
6178
6181
6182
6183
6184
6184
6185
6186
6188
6188
6188
6190
6191
6191
6193
6193
6194
6195
6196
6200
6201
6202
6203
6204
6204
6208
6209
6212
6214
6215
6215
6216
6218
6218
6219
6219
6220
6220
6221
6222
6222
6224
6225
6226
6226
6227
6228
6228
6230
6231
6231
6232
6233
6233
6233
6233
6235
6236
6238
6239
6239
6241
6242
6244
6245
6246
6246
6246
6246
6247
6248
6250
6251
6252
6252
6253
6254
6255
6258
6259
6260
6260
6263
6266
6266
6268
6269
6273
6273
6273
6275
6275
6276
6277
6278
6279
6280
6281
6284
6285
6286
6287
6288
6289
6289
6289
6289
6290
6290
6291
6292
6296
6298
6300
6302
6303
6303
6303
6303
6304
6304
6305
6307
6309
6309
6310
6312
6312
6313
6314
6315
6319
6321
6321
6322
6323
6323
6324
6324
6325
6326
6328
6329
6330
6334
6334
6334
6334
6336
6337
6337
6338
6339
6339
6340
6340
6341
6342
6342
6343
6345
6346
6347
6348
6348
6349
6354
6355
6359
6360
6361
6362
6364
6365
6365
6366
6368
6368
6368
6370
6370
6370
6373
6374
6375
6375
6375
6376
6378
6378
6379
6379
6379
6379
6380
6381
6381
6382
6383
6385
6385
6385
6386
6387
6388
6388
6389
6389
6390
6391
6391
6393
6393
6393
6396
6396
6397
6397
6398
6399
6402
6402
6403
6403
6403
6403
6404
6405
6406
6408
6409
6411
6412
6412
6412
6413
6414
6414
6415
6415
6420
6421
6421
6421
6422
6422
6422
6423
6423
6423
6429
6430
6430
6431
6432
6432
6436
6436
6436
6437
6437
6438
6438
6439
6440
6440
6440
6441
6441
6442
6443
6444
6445
6447
6450
6450
6451
6453
6453
6453
6453
6454
6454
6455
6455
6456
6459
6459
6460
6462
6462
6463
6463
6465
6466
6466
6466
6467
6468
6469
6469
6469
6471
6471
6472
6473
6474
6474
6475
6477
6478
6478
6478
6479
6479
6482
6485
6485
6486
6487
6488
6489
6492
6492
6493
6494
6494
6494
6496
6499
6501
6501
6501
6502
6503
6504
6504
6504
6505
6510
6511
6513
6515
6518
6520
6520
6521
6521
6521
6522
6522
6523
6524
6525
6527
6528
6529
6529
6529
6530
6531
6533
6533
6534
6536
6536
6536
6536
6537
6538
6539
6539
6540
6542
6543
6546
6547
6548
6550
6554
6557
6558
6558
6559
6561
6561
6561
6561
6562
6565
6565
6568
6568
6568
6570
6571
6572
6574
6574
6579
6580
6580
6582
6582
6582
6584
6587
6587
6588
6588
6588
6590
6591
6592
6596
6598
6599
6600
6600
6602
6602
6603
6604
6605
6606
6610
6610
6611
6611
6612
6613
6613
6615
6616
6616
6616
6616
6618
6619
6621
6622
6622
6623
6623
6624
6624
6625
6626
6627
6630
6631
6632
6632
6633
6633
6634
6634
6636
6636
6640
6642
6643
6645
6645
6648
6648
6649
6651
6651
6652
6653
6653
6657
6662
6662
6663
6664
6664
6665
6665
6665
6666
6669
6670
6671
6672
6673
6675
6675
6677
6679
6680
6681
6684
6685
6685
6687
6688
6688
6693
6694
6694
6695
6696
6696
6696
6697
6697
6697
6700
6700
6701
6701
6702
6704
6704
6704
6705
6706
6706
6707
6708
6708
6709
6709
6710
6710
6710
6711
6713
6713
6713
6715
6716
6716
6716
6722
6722
6723
6724
6724
6724
6724
6725
6725
6727
6728
6728
6729
6731
6731
6735
6736
6736
6741
6742
6742
6743
6743
6743
6743
6743
6744
6745
6745
6747
6747
6749
6749
6751
6752
6753
6753
6755
6755
6758
6759
6759
6760
6762
6765
6766
6766
6766
6769
6771
6771
6771
6773
6773
6773
6777
6779
6782
6783
6785
6788
6789
6789
6790
6790
6790
6791
6791
6792
6793
6794
6794
6796
6797
6797
6797
6798
6799
6799
6800
6804
6806
6806
6806
6806
6807
6808
6808
6808
6809
6809
6810
6811
6811
6812
6813
6815
6817
6820
6822
6822
6822
6823
6824
6824
6830
6830
6833
6834
6839
6839
6842
6844
6845
6845
6846
6848
6850
6850
6852
6852
6852
6855
6855
6857
6858
6860
6860
6860
6861
6863
6864
6865
6865
6868
6869
6870
6870
6870
6871
6871
6875
6875
6876
6877
6877
6877
6879
6880
6882
6882
6883
6884
6886
6887
6888
6888
6888
6889
6890
6892
6893
6893
6893
6893
6893
6894
6894
6895
6896
6896
6897
6897
6897
6898
6900
6901
6901
6901
6902
6902
6905
6905
6907
6908
6909
6911
6912
6913
6913
6914
6915
6918
6918
6919
6922
6927
6927
6927
6928
6929
6930
6932
6932
6933
6936
6937
6938
6938
6939
6940
6943
6943
6948
6948
6949
6949
6949
6951
6952
6954
6954
6954
6954
6956
6957
6958
6959
6959
6959
6960
6961
6961
6962
6963
6963
6964
6964
6967
6967
6969
6970
6970
6972
6972
6973
6974
6974
6974
6978
6978
6983
6984
6985
6985
6986
6986
6987
6991
6991
6991
6993
6993
6995
6996
6996
6996
6998
6999
7000
7000
7000
7003
7005
7005
7007
7007
7009
7009
7009
7011
7012
7012
7013
7014
7018
7018
7019
7021
7021
7021
7021
7021
7022
7022
7024
7027
7030
7030
7032
7035
7036
7037
7037
7037
7039
7039
7040
7041
7041
7042
7043
7044
7044
7044
7044
7045
7046
7049
7049
7051
7052
7053
7053
7054
7056
7056
7057
7058
7058
7059
7059
7059
7060
7060
7061
7061
7061
7063
7063
7063
7064
7064
7065
7065
7065
7066
7066
7067
7067
7068
7070
7071
7073
7074
7075
7075
7076
7076
7076
7078
7078
7081
7083
7083
7083
7084
7084
7085
7085
7086
7087
7089
7090
7090
7091
7095
7095
7097
7100
7100
7104
7107
7108
7109
7111
7112
7113
7114
7115
7116
7119
7121
7122
7123
7125
7126
7128
7131
7132
7134
7136
7136
7137
7137
7137
7137
7138
7138
7143
7143
7143
7147
7149
7150
7152
7152
7152
7153
7155
7156
7158
7161
7161
7163
7163
7164
7168
7168
7168
7168
7169
7169
7170
7173
7173
7177
7178
7178
7179
7179
7180
7180
7183
7183
7186
7187
7187
7189
7191
7191
7191
7191
7192
7194
7194
7195
7195
7196
7196
7198
7198
7198
7199
7199
7200
7200
7201
7201
7204
7204
7206
7206
7209
7210
7211
7212
7217
7217
7218
7219
7219
7221
7221
7222
7226
7229
7231
7232
7232
7233
7234
7235
7236
7236
7236
7238
7238
7240
7241
7242
7242
7245
7247
7253
7254
7254
7255
7255
7256
7256
7257
7258
7258
7259
7260
7260
7261
7262
7263
7263
7263
7264
7264
7265
7265
7266
7268
7269
7272
7273
7273
7274
7274
7274
7276
7277
7277
7277
7277
7277
7279
7279
7279
7280
7281
7282
7282
7283
7284
7284
7284
7288
7288
7290
7290
7291
7293
7295
7296
7298
7298
7299
7300
7302
7302
7303
7303
7304
7305
7306
7308
7309
7310
7314
7316
7318
7318
7318
7319
7321
7323
7324
7324
7324
7324
7326
7326
7327
7328
7328
7328
7328
7330
7331
7331
7334
7334
7334
7335
7337
7338
7340
7341
7341
7343
7345
7345
7348
7349
7350
7353
7354
7354
7355
7357
7358
7358
7361
7363
7363
7366
7366
7367
7367
7367
7370
7372
7375
7375
7376
7377
7379
7380
7382
7383
7384
7387
7390
7390
7392
7393
7394
7394
7394
7394
7395
7395
7396
7396
7399
7399
7401
7401
7406
7408
7410
7411
7411
7413
7414
7414
7415
7416
7416
7416
7418
7421
7423
7424
7425
7425
7426
7427
7430
7431
7432
7433
7434
7435
7436
7436
7436
7436
7439
7441
7441
7442
7442
7444
7445
7445
7445
7446
7447
7448
7448
7448
7449
7450
7450
7450
7451
7452
7456
7456
7457
7457
7457
7458
7458
7458
7459
7459
7460
7462
7463
7468
7469
7469
7470
7471
7474
7474
7475
7475
7475
7477
7478
7479
7479
7480
7481
7481
7484
7484
7484
7489
7490
7490
7490
7493
7494
7494
7495
7499
7501
7502
7503
7504
7504
7504
7506
7508
7508
7508
7509
7510
7511
7512
7514
7516
7516
7517
7517
7518
7523
7525
7527
7529
7531
7532
7532
7532
7532
7533
7534
7538
7540
7542
7543
7543
7544
7545
7545
7545
7547
7548
7549
7550
7551
7552
7552
7553
7556
7557
7557
7557
7557
7558
7562
7565
7566
7566
7567
7568
7568
7568
7568
7570
7570
7571
7572
7573
7575
7575
7576
7577
7578
7580
7581
7581
7582
7585
7586
7588
7593
7593
7593
7594
7597
7598
7600
7601
7602
7602
7602
7603
7603
7605
7605
7607
7607
7608
7608
7608
7609
7610
7613
7615
7615
7615
7619
7621
7621
7624
7624
7624
7624
7625
7626
7626
7628
7632
7633
7634
7635
7635
7636
7636
7636
7638
7638
7640
7640
7642
7647
7649
7649
7650
7650
7650
7650
7650
7651
7654
7655
7655
7656
7657
7658
7661
7661
7661
7662
7663
7667
7669
7670
7675
7676
7677
7677
7677
7679
7681
7682
7682
7682
7683
7684
7688
7692
7692
7692
7695
7696
7697
7697
7697
7699
7699
7701
7701
7704
7704
7704
7705
7705
7705
7707
7709
7710
7711
7711
7711
7712
7712
7714
7714
7717
7718
7720
7721
7722
7722
7723
7723
7723
7723
7724
7724
7724
7726
7726
7727
7727
7729
7730
7730
7731
7731
7737
7740
7741
7741
7741
7741
7743
7745
7747
7748
7748
7751
7752
7752
7754
7755
7756
7758
7759
7759
7759
7760
7765
7767
7768
7770
7771
7772
7772
7772
7772
7773
7773
7774
7774
7775
7775
7776
7776
7777
7779
7781
7782
7782
7782
7782
7784
7785
7787
7788
7790
7794
7794
7797
7798
7798
7799
7800
7801
7802
7803
7804
7804
7805
7806
7808
7809
7809
7809
7810
7811
7811
7812
7813
7814
7815
7815
7816
7816
7817
7821
7822
7822
7823
7823
7823
7823
7824
7825
7826
7827
7827
7828
7829
7829
7830
7834
7835
7837
7838
7839
7840
7840
7842
7843
7843
7844
7845
7845
7845
7849
7849
7850
7851
7852
7852
7855
7856
7856
7856
7858
7862
7862
7862
7863
7863
7863
7863
7864
7867
7868
7870
7872
7873
7877
7878
7878
7878
7879
7880
7881
7881
7882
7882
7883
7883
7883
7884
7884
7885
7885
7886
7887
7887
7888
7888
7888
7888
7889
7890
7890
7890
7892
7893
7894
7894
7894
7895
7897
7897
7899
7899
7900
7900
7902
7902
7903
7903
7904
7904
7905
7905
7905
7905
7906
7906
7907
7909
7913
7913
7914
7914
7914
7915
7915
7915
7916
7917
7917
7918
7918
7919
7919
7921
7922
7922
7922
7923
7923
7924
7926
7926
7927
7929
7930
7933
7934
7934
7935
7936
7936
7936
7939
7940
7941
7942
7942
7944
7944
7945
7946
7948
7949
7949
7954
7954
7954
7955
7958
7959
7959
7961
7963
7965
7965
7967
7969
7973
7974
7976
7976
7976
7977
7977
7978
7978
7978
7979
7980
7980
7981
7983
7984
7986
7987
7987
7987
7988
7988
7991
7992
7993
7996
7997
7998
7999
8000
8000
8000
8001
8001
8003
8003
8003
8003
8005
8005
8005
8005
8006
8008
8011
8014
8015
8017
8019
8020
8021
8024
8025
8025
8027
8027
8028
8031
8031
8032
8033
8033
8034
8035
8035
8037
8038
8038
8039
8040
8040
8041
8041
8042
8042
8042
8043
8045
8045
8045
8046
8046
8047
8048
8049
8049
8052
8052
8052
8054
8054
8054
8054
8055
8055
8057
8058
8058
8058
8059
8060
8060
8061
8061
8062
8063
8063
8064
8064
8066
8068
8069
8069
8070
8071
8072
8072
8072
8073
8073
8076
8076
8077
8078
8078
8079
8081
8083
8084
8087
8087
8088
8090
8093
8097
8099
8100
8102
8104
8105
8105
8106
8106
8106
8106
8106
8107
8107
8110
8110
8110
8113
8113
8113
8114
8114
8115
8116
8120
8120
8121
8121
8122
8122
8123
8123
8124
8125
8127
8127
8128
8128
8128
8128
8129
8129
8130
8130
8130
8133
8133
8135
8136
8136
8136
8137
8139
8139
8141
8141
8142
8143
8145
8145
8147
8148
8148
8148
8148
8149
8150
8156
8156
8160
8160
8161
8163
8163
8164
8165
8166
8167
8169
8172
8173
8174
8174
8176
8176
8179
8179
8180
8180
8181
8182
8184
8184
8184
8187
8188
8189
8191
8191
8191
8191
8192
8192
8194
8194
8195
8199
8200
8201
8201
8203
8204
8205
8205
8206
8207
8207
8209
8209
8211
8212
8213
8214
8217
8218
8218
8219
8222
8225
8226
8226
8227
8227
8227
8227
8227
8227
8231
8231
8232
8235
8236
8237
8238
8238
8240
8240
8244
8245
8245
8245
8246
8246
8247
8249
8250
8251
8251
8253
8256
8257
8257
8259
8259
8260
8260
8260
8261
8262
8262
8263
8264
8265
8267
8269
8271
8273
8273
8275
8275
8277
8278
8278
8279
8279
8281
8283
8284
8285
8286
8286
8288
8288
8288
8291
8291
8292
8292
8292
8293
8293
8294
8294
8296
8296
8296
8297
8297
8298
8298
8298
8299
8299
8301
8302
8302
8303
8303
8303
8305
8305
8305
8305
8305
8305
8306
8306
8307
8308
8308
8309
8309
8310
8311
8311
8312
8312
8312
8314
8315
8319
8322
8323
8323
8324
8325
8329
8330
8331
8333
8333
8334
8334
8335
8335
8336
8337
8337
8337
8338
8339
8342
8343
8343
8343
8344
8344
8345
8345
8347
8347
8347
8347
8349
8350
8351
8352
8352
8354
8354
8355
8356
8357
8357
8357
8359
8361
8361
8362
8364
8364
8365
8365
8366
8367
8367
8368
8368
8368
8368
8369
8371
8372
8374
8375
8375
8375
8377
8377
8378
8379
8379
8379
8380
8380
8381
8382
8382
8382
8384
8386
8387
8388
8388
8389
8389
8390
8396
8397
8397
8398
8398
8400
8401
8401
8403
8403
8403
8405
8405
8406
8408
8408
8409
8409
8410
8413
8415
8416
8416
8416
8417
8419
8420
8420
8421
8421
8423
8424
8427
8428
8428
8428
8428
8429
8430
8432
8432
8434
8434
8434
8434
8435
8435
8437
8437
8438
8442
8444
8445
8446
8446
8448
8451
8451
8453
8454
8454
8454
8455
8455
8456
8456
8458
8458
8459
8460
8461
8468
8468
8469
8469
8471
8472
8472
8473
8475
8475
8475
8476
8478
8479
8480
8480
8481
8483
8484
8484
8485
8485
8485
8485
8486
8486
8488
8488
8488
8491
8491
8492
8492
8493
8496
8496
8498
8498
8501
8501
8501
8502
8504
8504
8505
8506
8507
8507
8508
8509
8510
8511
8511
8513
8515
8517
8517
8517
8518
8521
8523
8524
8526
8526
8527
8529
8530
8530
8533
8533
8533
8534
8534
8535
8539
8541
8542
8543
8544
8546
8547
8550
8552
8552
8553
8554
8555
8555
8556
8556
8557
8562
8563
8563
8565
8565
8566
8566
8567
8567
8567
8568
8569
8570
8571
8572
8573
8574
8574
8575
8576
8576
8579
8580
8581
8583
8584
8588
8589
8590
8591
8591
8593
8594
8594
8595
8600
8602
8603
8603
8603
8603
8603
8604
8605
8605
8605
8606
8606
8608
8608
8608
8609
8610
8614
8614
8615
8615
8617
8618
8620
8620
8620
8622
8624
8624
8624
8624
8625
8625
8625
8626
8626
8630
8630
8632
8633
8634
8634
8635
8635
8636
8637
8638
8638
8639
8640
8643
8644
8646
8648
8649
8649
8649
8649
8650
8651
8653
8653
8654
8654
8654
8654
8655
8657
8657
8658
8658
8658
8658
8658
8660
8662
8663
8664
8664
8665
8666
8667
8667
8669
8672
8673
8674
8675
8676
8676
8677
8677
8678
8682
8682
8682
8686
8686
8686
8687
8689
8689
8691
8692
8692
8693
8693
8693
8694
8697
8697
8697
8697
8698
8702
8704
8704
8705
8706
8706
8710
8710
8711
8712
8713
8715
8715
8717
8718
8718
8720
8721
8723
8728
8728
8730
8731
8731
8733
8735
8735
8735
8736
8736
8737
8739
8740
8741
8741
8742
8744
8745
8746
8746
8746
8747
8747
8749
8749
8750
8751
8751
8752
8753
8753
8754
8755
8755
8756
8756
8758
8758
8759
8759
8760
8762
8765
8767
8767
8768
8768
8770
8770
8771
8771
8772
8774
8775
8775
8777
8777
8778
8780
8782
8783
8785
8787
8787
8787
8787
8787
8789
8789
8789
8790
8791
8793
8796
8796
8796
8797
8799
8800
8801
8802
8803
8804
8805
8808
8808
8808
8808
8810
8810
8812
8812
8813
8813
8813
8814
8816
8817
8818
8819
8819
8820
8822
8824
8824
8826
8829
8833
8835
8835
8837
8839
8839
8842
8842
8843
8844
8845
8846
8846
8846
8846
8846
8846
8847
8847
8847
8847
8849
8851
8852
8853
8853
8854
8855
8855
8858
8858
8859
8860
8864
8864
8866
8867
8868
8869
8869
8869
8870
8873
8873
8875
8876
8876
8877
8877
8879
8880
8882
8885
8886
8886
8887
8889
8891
8891
8892
8892
8892
8896
8896
8900
8901
8902
8903
8903
8904
8904
8905
8905
8905
8906
8907
8907
8907
8909
8910
8910
8911
8912
8912
8912
8912
8913
8913
8913
8916
8916
8916
8916
8917
8918
8918
8920
8921
8922
8925
8926
8928
8929
8930
8932
8933
8933
8934
8934
8934
8935
8935
8937
8937
8938
8939
8939
8939
8939
8940
8943
8943
8944
8944
8945
8945
8946
8947
8948
8948
8949
8949
8950
8951
8951
8951
8953
8954
8955
8955
8956
8957
8958
8958
8959
8959
8959
8960
8961
8962
8963
8964
8966
8969
8969
8970
8973
8975
8976
8976
8981
8982
8983
8983
8984
8984
8985
8985
8985
8988
8990
8990
8992
8994
8994
8994
8994
8998
8999
9000
9001
9002
9002
9003
9006
9007
9008
9008
9010
9011
9011
9012
9012
9012
9012
9013
9013
9014
9014
9016
9018
9018
9019
9020
9020
9022
9022
9023
9028
9028
9029
9030
9030
9032
9032
9035
9036
9037
9037
9037
9037
9039
9039
9040
9040
9042
9042
9043
9043
9044
9050
9052
9052
9054
9055
9055
9056
9057
9059
9060
9061
9063
9064
9064
9067
9068
9069
9076
9077
9077
9078
9079
9080
9081
9081
9082
9082
9082
9083
9084
9085
9087
9088
9088
9089
9091
9092
9092
9096
9096
9096
9097
9098
9103
9103
9103
9104
9104
9107
9109
9109
9110
9111
9111
9113
9113
9113
9114
9114
9116
9117
9120
9121
9123
9126
9128
9128
9128
9130
9131
9133
9133
9135
9135
9135
9138
9139
9141
9142
9144
9144
9144
9145
9146
9147
9148
9149
9149
9149
9150
9150
9151
9151
9152
9154
9155
9156
9158
9161
9161
9161
9162
9163
9165
9165
9166
9167
9168
9171
9171
9172
9173
9175
9175
9175
9175
9176
9177
9177
9180
9181
9182
9182
9183
9184
9184
9185
9186
9187
9188
9188
9189
9190
9191
9191
9193
9196
9196
9197
9198
9200
9201
9202
9202
9203
9204
9204
9205
9205
9205
9206
9207
9208
9208
9209
9209
9210
9211
9211
9211
9211
9213
9214
9214
9216
9217
9218
9218
9218
9221
9222
9222
9223
9224
9224
9226
9228
9229
9229
9231
9232
9233
9233
9234
9235
9235
9237
9237
9240
9242
9243
9243
9243
9245
9246
9248
9248
9254
9254
9254
9254
9255
9257
9259
9259
9260
9260
9261
9261
9262
9263
9263
9263
9263
9263
9264
9265
9266
9266
9266
9267
9267
9267
9268
9268
9269
9271
9271
9271
9271
9274
9276
9279
9280
9283
9284
9285
9285
9286
9286
9287
9288
9288
9289
9289
9291
9291
9291
9292
9293
9297
9297
9297
9297
9297
9298
9301
9305
9305
9307
9307
9309
9309
9309
9310
9310
9310
9316
9318
9319
9320
9320
9323
9325
9326
9326
9329
9330
9331
9331
9331
9331
9332
9333
9335
9340
9341
9342
9343
9344
9345
9346
9349
9349
9350
9355
9355
9358
9361
9361
9363
9363
9364
9367
9367
9367
9370
9371
9371
9372
9373
9376
9376
9377
9379
9381
9382
9382
9383
9385
9391
9392
9393
9394
9394
9394
9395
9396
9397
9401
9402
9404
9405
9405
9407
9407
9408
9408
9410
9410
9410
9410
9412
9413
9414
9415
9416
9417
9418
9418
9419
9420
9421
9421
9422
9422
9424
9424
9424
9425
9425
9426
9428
9429
9429
9431
9431
9431
9432
9432
9433
9435
9435
9435
9436
9437
9438
9439
9439
9443
9443
9444
9444
9444
9445
9445
9447
9448
9449
9449
9450
9450
9450
9451
9452
9452
9453
9453
9456
9456
9457
9457
9460
9461
9462
9463
9465
9465
9465
9466
9468
9469
9470
9470
9471
9475
9476
9477
9477
9478
9481
9484
9484
9485
9486
9486
9487
9488
9490
9490
9491
9491
9491
9492
9493
9493
9494
9496
9497
9498
9499
9500
9501
9502
9503
9504
9506
9508
9509
9510
9512
9512
9513
9515
9517
9517
9518
9519
9520
9521
9522
9524
9524
9525
9525
9526
9526
9534
9534
9534
9535
9536
9536
9536
9536
9538
9539
9541
9544
9546
9547
9549
9550
9551
9551
9551
9554
9555
9557
9558
9561
9562
9563
9564
9564
9565
9565
9565
9566
9567
9569
9569
9570
9570
9571
9571
9575
9575
9575
9576
9576
9579
9581
9582
9582
9582
9584
9584
9585
9585
9587
9589
9589
9591
9592
9592
9593
9593
9593
9594
9594
9595
9596
9597
9602
9605
9608
9609
9610
9613
9613
9614
9615
9616
9618
9619
9619
9620
9621
9621
9621
9624
9625
9626
9628
9628
9631
9633
9634
9634
9634
9636
9636
9636
9637
9639
9639
9640
9640
9640
9642
9642
9642
9645
9648
9652
9653
9654
9655
9655
9655
9656
9659
9659
9661
9662
9663
9664
9666
9666
9669
9669
9670
9671
9672
9672
9673
9673
9673
9673
9674
9676
9677
9677
9677
9677
9678
9679
9679
9680
9683
9684
9685
9685
9686
9686
9686
9687
9689
9690
9691
9691
9692
9694
9694
9695
9696
9696
9698
9698
9700
9701
9703
9705
9706
9707
9708
9708
9710
9710
9710
9711
9711
9713
9713
9715
9715
9715
9715
9716
9717
9718
9725
9726
9726
9727
9728
9728
9728
9728
9728
9730
9731
9732
9734
9734
9735
9738
9738
9739
9741
9741
9743
9744
9745
9748
9749
9749
9749
9751
9751
9752
9752
9753
9753
9754
9754
9757
9762
9763
9764
9765
9765
9767
9768
9768
9771
9772
9775
9775
9776
9776
9777
9778
9780
9780
9781
9781
9782
9782
9782
9783
9783
9786
9788
9788
9790
9791
9793
9794
9797
9797
9798
9798
9799
9799
9800
9800
9801
9802
9803
9804
9804
9804
9804
9807
9809
9809
9809
9811
9812
9813
9813
9814
9815
9815
9820
9820
9820
9822
9822
9822
9822
9823
9823
9823
9825
9826
9827
9827
9829
9830
9831
9831
9832
9832
9833
9835
9836
9838
9838
9838
9840
9840
9841
9843
9844
9846
9847
9847
9848
9848
9849
9850
9855
9859
9861
9862
9865
9865
9866
9866
9867
9867
9868
9869
9870
9870
9871
9872
9872
9873
9873
9874
9874
9875
9876
9876
9879
9879
9880
9882
9884
9886
9886
9886
9888
9890
9893
9893
9895
9896
9896
9896
9896
9896
9897
9898
9899
9900
9901
9901
9901
9904
9904
9904
9904
9907
9908
9908
9909
9911
9911
9913
9914
9914
9915
9915
9924
9927
9927
9927
9927
9928
9928
9929
9929
9929
9930
9930
9934
9935
9936
9937
9938
9938
9939
9941
9941
9942
9942
9943
9946
9949
9950
9950
9950
9950
9951
9951
9951
9951
9952
9953
9953
9953
9953
9953
9954
9954
9958
9959
9959
9960
9962
9966
9967
9967
9969
9969
9970
9971
9973
9973
9974
9974
9974
9974
9976
9977
9977
9978
9979
9979
9984
9987
9987
9987
9989
9990
9991
9992
9993
9994
9994
9995
9996
9996
9997
9997
9998
