1
1
3
4
4
5
9
9
9
10
11
11
11
13
14
15
18
18
20
20
21
22
22
24
27
29
29
29
29
32
33
33
35
36
39
39
40
41
41
41
46
49
51
51
53
53
53
53
58
60
62
62
63
63
63
64
64
66
68
69
70
71
71
73
74
74
74
76
76
77
77
79
81
86
87
87
88
89
90
91
92
98
98
98
99
99
102
103
105
105
106
106
107
107
108
109
109
109
109
112
113
113
115
116
118
118
118
124
125
125
127
127
128
128
129
130
130
130
130
131
132
134
137
137
139
139
141
141
143
144
144
145
146
146
147
147
148
148
149
150
151
154
154
157
160
162
165
166
167
170
170
173
176
177
178
179
179
179
180
181
182
187
188
188
189
189
190
191
191
193
194
194
197
198
199
201
201
203
208
208
209
209
210
210
211
212
212
214
215
216
216
217
217
218
221
221
221
221
223
223
224
225
230
230
231
232
232
233
233
234
234
234
237
238
240
241
243
244
246
246
247
247
250
250
256
257
258
259
262
264
264
264
265
266
267
267
269
269
270
271
272
273
275
275
275
276
276
277
279
280
280
283
283
284
285
285
286
286
286
289
289
292
292
293
294
294
295
296
296
298
301
303
305
308
308
308
309
310
310
313
313
315
315
316
317
318
319
320
320
321
322
322
323
323
325
326
327
328
329
330
330
331
332
333
336
336
337
338
338
338
339
340
342
343
344
345
345
345
346
347
349
350
351
351
351
352
352
355
357
357
358
358
360
360
361
361
362
365
365
366
366
366
368
371
371
372
376
376
377
377
379
380
380
380
381
381
382
384
386
389
389
389
390
391
391
392
392
392
393
394
396
397
402
403
403
406
407
408
410
411
411
413
414
415
415
419
420
422
423
424
425
426
428
429
429
431
431
431
432
433
433
435
436
436
436
437
437
438
440
441
445
445
446
446
448
448
449
451
451
452
453
453
454
455
455
457
460
461
461
462
462
462
462
467
467
468
468
469
471
473
473
473
473
473
474
477
479
480
484
485
486
486
487
487
487
488
489
489
494
494
496
500
500
501
502
504
505
506
507
507
508
509
509
512
512
515
517
520
521
521
522
522
523
523
523
525
526
526
526
526
528
529
530
536
536
537
540
540
541
541
543
546
546
548
549
551
552
553
553
557
559
559
559
560
560
561
562
562
564
566
566
566
567
568
568
568
570
570
570
571
571
572
572
573
574
574
574
575
577
577
577
578
578
578
580
585
587
589
589
594
594
594
594
595
596
597
597
598
598
598
599
599
599
602
603
604
606
608
610
613
615
615
615
615
617
618
620
621
623
624
625
626
627
631
633
633
633
635
635
635
636
637
639
645
646
647
648
649
654
655
655
656
657
657
657
657
658
658
659
660
661
661
661
662
662
668
671
673
675
676
677
678
679
680
681
682
684
685
685
686
687
689
689
690
691
691
693
694
695
698
699
700
702
703
707
707
708
709
709
710
710
711
711
711
711
711
712
713
713
714
714
715
715
715
718
718
718
719
720
721
722
725
726
726
727
728
728
728
729
732
732
733
733
736
740
740
741
742
742
744
746
747
747
748
752
753
754
755
758
758
758
759
761
761
761
762
764
766
766
768
769
770
771
772
775
776
777
778
780
782
782
782
783
785
785
787
787
792
792
794
795
796
798
799
800
800
803
805
805
806
807
809
810
810
812
812
814
814
815
819
821
823
823
826
828
828
829
829
830
831
831
832
834
835
837
838
840
840
841
842
842
843
844
845
848
850
851
852
852
853
854
854
855
857
857
858
858
859
859
860
861
863
864
865
867
868
868
869
870
871
872
873
875
876
877
877
878
878
879
883
883
885
887
888
890
891
891
891
891
892
892
893
893
893
894
898
898
899
902
903
907
907
907
907
909
909
909
910
910
910
913
914
915
918
919
919
922
924
924
926
927
927
928
928
929
930
930
931
932
934
935
936
936
939
939
939
940
940
940
943
944
946
946
946
948
948
950
951
951
952
952
952
955
956
957
957
959
959
960
961
962
963
964
965
965
966
966
968
969
970
970
971
971
972
973
973
974
976
979
979
979
980
980
981
981
981
982
984
985
986
986
987
987
987
989
990
992
994
996
996
997
997
999
1000
1000
1002
1002
1003
1004
1004
1004
1004
1007
1007
1008
1009
1011
1014
1016
1017
1018
1018
1018
1019
1020
1022
1024
1024
1025
1026
1026
1027
1027
1029
1029
1030
1032
1032
1033
1033
1035
1035
1036
1037
1037
1038
1039
1043
1046
1049
1050
1050
1051
1052
1052
1052
1053
1054
1054
1054
1054
1057
1057
1058
1059
1059
1062
1063
1067
1068
1072
1073
1075
1075
1076
1076
1077
1077
1078
1078
1079
1079
1080
1081
1081
1081
1082
1082
1083
1083
1085
1088
1088
1089
1089
1092
1095
1096
1096
1098
1098
1099
1101
1102
1102
1103
1105
1105
1106
1107
1107
1108
1110
1110
1111
1111
1114
1114
1115
1115
1115
1115
1117
1117
1119
1124
1124
1125
1126
1126
1126
1127
1127
1127
1130
1130
1131
1132
1134
1135
1135
1136
1136
1136
1138
1140
1141
1141
1142
1142
1143
1146
1149
1151
1151
1151
1151
1152
1156
1158
1161
1161
1163
1163
1163
1164
1165
1165
1166
1167
1167
1168
1169
1170
1170
1171
1171
1172
1174
1174
1177
1177
1177
1178
1178
1181
1183
1183
1183
1183
1185
1185
1185
1186
1188
1191
1191
1193
1194
1194
1195
1195
1195
1195
1199
1199
1199
1202
1203
1205
1208
1209
1211
1213
1216
1216
1216
1217
1217
1218
1219
1220
1221
1222
1223
1223
1224
1225
1225
1227
1227
1229
1231
1233
1233
1234
1236
1237
1237
1237
1237
1240
1242
1243
1244
1247
1247
1247
1248
1252
1252
1252
1253
1253
1254
1256
1257
1258
1259
1261
1261
1261
1262
1263
1264
1265
1265
1266
1267
1267
1268
1268
1268
1270
1270
1271
1272
1272
1273
1273
1273
1276
1277
1277
1278
1279
1280
1280
1281
1281
1282
1282
1285
1286
1286
1286
1287
1292
1293
1295
1295
1296
1296
1299
1300
1301
1303
1303
1303
1304
1305
1305
1305
1305
1306
1307
1308
1309
1309
1313
1314
1315
1316
1317
1318
1318
1320
1323
1323
1323
1324
1325
1325
1325
1325
1326
1327
1329
1329
1329
1331
1335
1337
1338
1338
1339
1339
1346
1347
1348
1350
1350
1352
1352
1353
1356
1357
1357
1357
1357
1358
1359
1360
1361
1362
1362
1362
1363
1363
1363
1363
1364
1364
1364
1366
1366
1369
1373
1374
1374
1374
1377
1377
1380
1380
1382
1383
1384
1385
1386
1386
1386
1386
1386
1388
1389
1390
1390
1392
1394
1394
1395
1395
1397
1397
1398
1402
1403
1404
1404
1404
1406
1407
1407
1411
1412
1412
1414
1414
1415
1415
1415
1416
1417
1420
1420
1420
1422
1422
1423
1423
1423
1425
1425
1426
1428
1428
1429
1429
1430
1432
1434
1434
1434
1436
1436
1438
1439
1439
1439
1440
1442
1442
1443
1444
1449
1450
1451
1452
1452
1452
1453
1455
1457
1457
1458
1458
1459
1460
1460
1462
1463
1465
1467
1467
1468
1468
1470
1471
1475
1478
1479
1480
1481
1481
1481
1484
1484
1485
1486
1486
1486
1487
1488
1489
1490
1491
1492
1492
1493
1494
1494
1499
1499
1503
1504
1504
1504
1507
1507
1508
1508
1508
1508
1510
1510
1511
1512
1512
1513
1513
1515
1516
1516
1519
1519
1520
1520
1522
1522
1523
1524
1525
1525
1526
1527
1528
1528
1531
1532
1536
1536
1537
1539
1539
1542
1542
1543
1543
1543
1544
1545
1546
1546
1547
1548
1548
1548
1549
1550
1551
1551
1554
1555
1555
1556
1556
1557
1557
1558
1558
1558
1559
1560
1560
1561
1564
1564
1566
1566
1566
1567
1569
1569
1570
1571
1572
1574
1574
1575
1575
1576
1577
1579
1580
1580
1580
1580
1580
1581
1584
1584
1585
1587
1587
1588
1588
1593
1594
1594
1595
1595
1595
1595
1596
1597
1597
1598
1599
1599
1602
1602
1602
1603
1605
1606
1607
1607
1610
1611
1616
1617
1617
1621
1621
1623
1623
1623
1624
1624
1625
1627
1627
1627
1627
1628
1629
1630
1630
1630
1631
1632
1635
1635
1635
1636
1637
1638
1638
1639
1640
1643
1643
1643
1643
1643
1644
1645
1646
1646
1646
1647
1648
1649
1649
1649
1649
1650
1651
1651
1652
1652
1653
1653
1653
1655
1655
1655
1656
1658
1659
1659
1660
1662
1662
1664
1665
1665
1666
1667
1668
1669
1670
1671
1671
1673
1674
1676
1677
1678
1678
1678
1679
1679
1684
1685
1685
1687
1687
1689
1690
1690
1692
1693
1696
1697
1698
1698
1699
1699
1701
1703
1704
1704
1705
1705
1707
1708
1708
1708
1709
1709
1711
1711
1714
1714
1717
1717
1718
1720
1722
1723
1723
1724
1725
1726
1729
1729
1730
1731
1734
1734
1735
1735
1735
1737
1740
1740
1742
1743
1745
1747
1747
1747
1748
1748
1748
1749
1750
1751
1751
1751
1753
1753
1755
1755
1758
1759
1759
1761
1762
1762
1763
1763
1764
1766
1766
1767
1768
1770
1770
1772
1773
1775
1776
1778
1779
1779
1783
1784
1784
1784
1785
1785
1786
1787
1788
1788
1788
1788
1788
1790
1792
1793
1794
1795
1796
1796
1797
1797
1798
1799
1799
1801
1802
1802
1802
1803
1803
1804
1804
1806
1807
1807
1809
1810
1810
1810
1813
1813
1816
1817
1818
1818
1820
1821
1822
1823
1823
1823
1824
1824
1828
1829
1829
1830
1834
1836
1837
1838
1838
1839
1842
1843
1844
1844
1845
1846
1846
1847
1848
1849
1849
1850
1851
1851
1851
1852
1853
1853
1854
1854
1855
1857
1857
1858
1859
1859
1862
1862
1863
1866
1866
1867
1869
1870
1870
1871
1872
1872
1874
1875
1876
1876
1877
1877
1877
1878
1880
1880
1884
1885
1885
1887
1888
1888
1889
1890
1891
1892
1893
1895
1896
1897
1901
1901
1902
1902
1903
1904
1906
1910
1911
1912
1915
1917
1918
1918
1919
1919
1920
1922
1922
1923
1923
1923
1923
1924
1925
1925
1925
1926
1926
1931
1931
1931
1934
1934
1934
1935
1935
1937
1939
1941
1945
1945
1946
1946
1949
1950
1953
1954
1955
1955
1956
1956
1961
1961
1962
1963
1964
1964
1967
1968
1968
1968
1972
1973
1974
1976
1978
1979
1979
1979
1979
1982
1982
1986
1986
1987
1987
1987
1988
1988
1988
1993
1993
1994
1996
1996
1996
1997
2001
2001
2001
2002
2002
2002
2004
2004
2004
2007
2008
2010
2012
2013
2013
2014
2014
2015
2016
2019
2020
2020
2021
2021
2027
2028
2028
2029
2030
2030
2031
2032
2033
2034
2034
2034
2035
2035
2036
2037
2037
2037
2037
2038
2040
2042
2043
2045
2047
2047
2048
2048
2049
2050
2052
2052
2052
2053
2054
2054
2055
2057
2058
2058
2059
2061
2062
2063
2064
2065
2066
2067
2070
2072
2072
2074
2075
2077
2077
2079
2079
2080
2081
2081
2082
2084
2084
2084
2084
2085
2086
2087
2088
2089
2091
2093
2093
2096
2100
2101
2101
2102
2102
2102
2104
2104
2105
2105
2106
2106
2106
2107
2108
2108
2108
2110
2111
2111
2112
2112
2114
2114
2116
2117
2118
2119
2119
2120
2121
2122
2122
2124
2126
2126
2128
2131
2132
2133
2135
2138
2139
2139
2142
2144
2145
2147
2148
2150
2150
2151
2151
2152
2152
2155
2156
2156
2160
2160
2161
2163
2165
2165
2166
2169
2169
2171
2172
2173
2173
2176
2177
2178
2179
2179
2180
2180
2181
2181
2181
2182
2182
2184
2184
2184
2184
2185
2185
2186
2186
2187
2188
2188
2190
2190
2190
2191
2192
2193
2193
2195
2195
2195
2196
2198
2199
2199
2200
2204
2206
2207
2207
2207
2209
2212
2212
2213
2215
2218
2219
2220
2220
2220
2221
2223
2223
2223
2224
2226
2226
2226
2227
2227
2229
2230
2230
2231
2231
2233
2233
2233
2234
2234
2235
2235
2236
2236
2237
2237
2237
2238
2238
2238
2239
2240
2240
2241
2241
2242
2244
2245
2245
2245
2248
2248
2248
2249
2249
2249
2249
2253
2254
2254
2255
2256
2256
2257
2258
2261
2261
2262
2263
2263
2263
2263
2263
2264
2265
2266
2267
2268
2268
2269
2269
2269
2270
2271
2272
2272
2273
2274
2274
2277
2277
2278
2279
2279
2279
2280
2280
2280
2280
2281
2281
2282
2282
2282
2283
2283
2283
2283
2285
2286
2287
2289
2290
2290
2290
2290
2292
2293
2293
2294
2295
2296
2297
2299
2300
2302
2302
2304
2305
2307
2307
2308
2308
2311
2312
2313
2313
2314
2314
2314
2314
2314
2315
2316
2317
2317
2318
2319
2321
2323
2323
2323
2324
2324
2325
2326
2326
2327
2327
2327
2328
2329
2330
2330
2331
2333
2334
2334
2337
2337
2338
2340
2342
2343
2343
2344
2345
2345
2349
2349
2350
2351
2354
2356
2356
2357
2359
2360
2360
2361
2364
2365
2366
2366
2366
2367
2368
2369
2370
2370
2371
2371
2371
2372
2373
2373
2374
2374
2375
2375
2376
2376
2377
2377
2377
2378
2378
2379
2380
2380
2383
2383
2384
2385
2385
2386
2387
2388
2389
2392
2393
2395
2395
2397
2397
2397
2398
2399
2399
2400
2403
2403
2403
2404
2405
2405
2405
2406
2406
2406
2407
2408
2409
2411
2412
2412
2413
2413
2413
2413
2414
2416
2416
2416
2417
2420
2421
2423
2424
2424
2429
2431
2433
2434
2434
2436
2436
2438
2439
2439
2441
2443
2443
2444
2445
2446
2450
2450
2450
2450
2451
2452
2452
2452
2453
2453
2454
2454
2455
2458
2460
2461
2461
2461
2462
2463
2464
2465
2466
2467
2467
2468
2468
2469
2470
2471
2471
2472
2472
2473
2474
2475
2476
2476
2478
2479
2480
2480
2482
2483
2483
2484
2484
2485
2487
2487
2489
2490
2490
2490
2491
2492
2492
2493
2493
2495
2495
2495
2496
2497
2498
2498
2498
2498
2498
2499
2499
2500
2500
2501
2502
2505
2505
2510
2510
2510
2511
2512
2513
2513
2513
2514
2516
2516
2517
2517
2518
2518
2519
2519
2519
2520
2522
2522
2522
2523
2524
2524
2525
2525
2526
2527
2527
2529
2529
2531
2533
2536
2536
2536
2536
2539
2539
2542
2543
2543
2549
2549
2550
2550
2550
2550
2551
2551
2551
2552
2552
2554
2555
2555
2555
2555
2557
2559
2560
2561
2561
2564
2564
2566
2566
2570
2570
2572
2573
2573
2573
2575
2575
2576
2576
2577
2578
2578
2582
2584
2584
2586
2586
2586
2588
2589
2589
2590
2590
2591
2593
2594
2595
2598
2600
2600
2600
2600
2601
2601
2602
2603
2603
2604
2604
2605
2605
2606
2607
2608
2610
2611
2612
2615
2615
2617
2617
2618
2620
2620
2621
2622
2622
2622
2623
2624
2626
2629
2629
2630
2630
2632
2632
2633
2634
2634
2636
2636
2637
2637
2638
2639
2642
2643
2643
2644
2644
2645
2645
2645
2645
2646
2648
2649
2650
2652
2653
2653
2654
2656
2656
2657
2657
2657
2658
2660
2661
2663
2663
2663
2664
2664
2664
2665
2668
2669
2670
2670
2670
2671
2672
2674
2675
2675
2679
2680
2680
2681
2681
2681
2683
2688
2689
2689
2690
2690
2690
2690
2692
2696
2697
2698
2700
2700
2701
2701
2704
2704
2705
2708
2710
2711
2711
2712
2714
2714
2717
2723
2723
2725
2726
2727
2728
2728
2729
2729
2731
2731
2731
2732
2732
2735
2736
2737
2740
2742
2743
2743
2743
2744
2746
2746
2747
2747
2748
2749
2749
2751
2752
2754
2754
2754
2754
2755
2756
2759
2760
2760
2760
2761
2762
2762
2762
2762
2763
2766
2766
2766
2771
2773
2774
2778
2784
2784
2785
2786
2786
2787
2788
2789
2791
2792
2793
2795
2795
2796
2797
2798
2799
2799
2800
2801
2804
2805
2805
2806
2807
2809
2809
2810
2810
2811
2812
2815
2817
2818
2819
2819
2820
2820
2823
2824
2824
2826
2829
2831
2831
2833
2834
2834
2834
2835
2836
2836
2837
2837
2838
2839
2840
2840
2841
2842
2845
2846
2846
2847
2850
2850
2851
2851
2851
2851
2851
2851
2851
2853
2853
2854
2859
2860
2862
2862
2863
2864
2864
2866
2866
2867
2867
2867
2867
2867
2869
2871
2872
2872
2872
2873
2876
2877
2877
2877
2879
2880
2882
2882
2882
2883
2884
2885
2885
2885
2886
2887
2889
2890
2890
2892
2893
2897
2898
2900
2900
2901
2901
2901
2902
2902
2904
2905
2906
2907
2907
2907
2908
2910
2910
2912
2913
2914
2916
2916
2918
2918
2919
2920
2920
2921
2922
2930
2932
2932
2935
2936
2936
2937
2938
2940
2940
2940
2941
2941
2942
2942
2943
2944
2945
2946
2946
2947
2947
2947
2948
2948
2951
2952
2953
2955
2957
2960
2961
2961
2963
2963
2964
2965
2966
2967
2967
2970
2970
2971
2972
2973
2974
2974
2974
2975
2977
2977
2979
2981
2981
2982
2985
2985
2986
2988
2988
2990
2991
2992
2993
2994
2994
2995
2996
2997
2999
2999
3000
3001
3001
3003
3004
3005
3005
3006
3006
3006
3009
3009
3010
3011
3013
3014
3014
3014
3016
3016
3018
3019
3021
3021
3022
3022
3024
3024
3025
3026
3026
3028
3029
3031
3033
3033
3034
3036
3036
3037
3039
3039
3040
3041
3042
3042
3043
3044
3044
3046
3046
3048
3049
3049
3050
3051
3052
3053
3054
3054
3054
3055
3056
3056
3056
3058
3058
3059
3060
3060
3061
3066
3069
3070
3070
3071
3077
3077
3078
3079
3079
3080
3080
3081
3081
3081
3082
3083
3084
3085
3085
3087
3088
3091
3091
3091
3092
3092
3092
3093
3093
3094
3096
3096
3097
3099
3099
3100
3100
3100
3101
3101
3104
3105
3107
3107
3108
3108
3108
3109
3109
3109
3112
3113
3113
3114
3114
3114
3115
3115
3115
3116
3116
3119
3119
3122
3123
3123
3123
3123
3124
3124
3125
3126
3126
3126
3127
3127
3130
3132
3132
3132
3133
3133
3135
3136
3136
3139
3140
3140
3141
3141
3141
3143
3145
3147
3149
3150
3152
3152
3156
3157
3157
3158
3161
3162
3162
3163
3163
3163
3164
3165
3166
3167
3167
3168
3170
3170
3171
3172
3172
3172
3173
3173
3175
3177
3178
3178
3179
3184
3187
3187
3188
3189
3189
3189
3189
3190
3190
3190
3191
3191
3191
3192
3194
3194
3195
3195
3195
3195
3196
3197
3197
3201
3202
3203
3203
3204
3206
3208
3209
3209
3210
3212
3212
3213
3219
3219
3219
3220
3222
3222
3225
3227
3228
3228
3229
3229
3230
3230
3234
3234
3235
3236
3237
3239
3241
3243
3243
3245
3246
3247
3247
3251
3251
3254
3255
3256
3257
3257
3259
3260
3262
3263
3265
3271
3273
3273
3274
3274
3276
3277
3277
3277
3278
3279
3279
3280
3286
3286
3288
3289
3290
3290
3291
3293
3294
3295
3295
3295
3297
3299
3299
3301
3302
3302
3303
3303
3303
3308
3309
3310
3310
3310
3311
3311
3315
3316
3317
3318
3319
3320
3320
3321
3321
3322
3323
3323
3324
3325
3325
3329
3335
3335
3335
3339
3340
3340
3341
3341
3343
3344
3344
3344
3345
3348
3348
3349
3351
3353
3353
3355
3359
3359
3360
3363
3363
3364
3365
3367
3367
3368
3368
3370
3370
3370
3371
3371
3372
3373
3373
3374
3375
3376
3381
3383
3383
3385
3386
3386
3386
3387
3388
3388
3388
3390
3390
3393
3394
3395
3396
3397
3397
3398
3399
3399
3400
3401
3402
3402
3402
3402
3403
3406
3407
3408
3409
3409
3413
3418
3418
3420
3422
3422
3423
3423
3424
3424
3426
3426
3427
3427
3429
3430
3433
3433
3434
3435
3436
3437
3437
3437
3438
3443
3447
3447
3449
3455
3456
3456
3457
3457
3458
3459
3459
3462
3462
3462
3465
3466
3466
3467
3469
3470
3471
3471
3471
3472
3474
3474
3475
3475
3476
3477
3479
3480
3481
3482
3484
3485
3485
3485
3486
3487
3488
3489
3489
3489
3490
3490
3491
3492
3492
3496
3496
3498
3499
3500
3500
3500
3501
3501
3503
3505
3506
3507
3507
3509
3511
3511
3512
3515
3520
3520
3521
3522
3523
3525
3526
3527
3528
3530
3533
3534
3534
3534
3535
3536
3537
3537
3537
3538
3538
3538
3542
3544
3545
3546
3546
3547
3547
3547
3548
3548
3549
3549
3553
3556
3557
3559
3560
3560
3561
3563
3563
3563
3565
3566
3566
3567
3567
3569
3570
3570
3571
3571
3573
3573
3574
3575
3576
3576
3578
3579
3579
3580
3581
3581
3582
3582
3584
3586
3587
3589
3589
3590
3592
3593
3593
3594
3595
3595
3597
3598
3600
3604
3604
3605
3605
3606
3608
3608
3608
3608
3609
3611
3612
3613
3613
3619
3620
3620
3620
3620
3621
3621
3621
3621
3622
3625
3627
3628
3628
3628
3629
3630
3631
3632
3632
3634
3635
3637
3637
3638
3638
3638
3639
3640
3641
3642
3643
3643
3644
3645
3647
3648
3649
3649
3654
3654
3656
3658
3658
3661
3662
3662
3663
3663
3664
3665
3665
3666
3668
3668
3668
3669
3670
3670
3671
3671
3672
3672
3673
3675
3675
3677
3678
3680
3682
3683
3684
3684
3687
3687
3689
3689
3689
3689
3692
3693
3694
3694
3694
3695
3697
3701
3701
3702
3702
3702
3703
3703
3704
3707
3707
3708
3708
3710
3711
3712
3713
3713
3714
3714
3718
3719
3720
3720
3721
3722
3724
3724
3725
3726
3729
3730
3730
3730
3731
3733
3733
3733
3734
3734
3735
3739
3741
3742
3742
3742
3742
3743
3744
3748
3749
3749
3749
3749
3749
3751
3751
3751
3751
3752
3754
3755
3755
3756
3756
3757
3757
3758
3758
3758
3759
3759
3760
3762
3763
3763
3765
3768
3769
3769
3770
3770
3773
3773
3773
3774
3774
3775
3778
3780
3782
3783
3784
3784
3787
3787
3788
3790
3791
3791
3791
3792
3793
3794
3796
3796
3797
3798
3798
3798
3799
3801
3804
3805
3805
3805
3805
3806
3806
3806
3806
3808
3810
3812
3813
3814
3814
3814
3815
3816
3816
3818
3819
3821
3822
3822
3822
3828
3828
3828
3829
3830
3832
3834
3834
3834
3835
3836
3838
3838
3839
3839
3842
3842
3842
3843
3846
3847
3849
3849
3849
3850
3850
3852
3853
3853
3855
3855
3856
3856
3857
3859
3861
3864
3864
3864
3866
3866
3868
3869
3870
3872
3872
3872
3873
3873
3873
3875
3875
3876
3877
3878
3883
3883
3886
3886
3886
3889
3889
3892
3893
3893
3893
3895
3895
3896
3897
3898
3898
3898
3899
3899
3899
3900
3902
3902
3903
3903
3906
3906
3907
3909
3910
3912
3915
3916
3916
3917
3918
3918
3920
3920
3921
3923
3923
3924
3924
3924
3926
3927
3927
3928
3928
3929
3929
3930
3930
3931
3931
3932
3935
3938
3939
3941
3943
3943
3944
3947
3947
3947
3947
3947
3948
3948
3949
3949
3950
3954
3954
3954
3955
3955
3956
3959
3960
3961
3961
3961
3962
3962
3964
3964
3965
3965
3967
3967
3969
3969
3969
3970
3970
3970
3974
3975
3975
3976
3978
3980
3981
3982
3983
3983
3983
3984
3984
3984
3986
3986
3987
3987
3988
3989
3989
3992
3992
3992
3993
3994
3994
3994
3995
3996
3997
3998
3999
4000
4001
4001
4001
4003
4004
4004
4005
4006
4006
4007
4007
4007
4007
4008
4010
4010
4011
4013
4014
4015
4016
4017
4018
4020
4023
4024
4024
4025
4025
4025
4027
4031
4032
4033
4033
4035
4036
4038
4039
4042
4043
4043
4043
4045
4047
4047
4051
4052
4053
4054
4054
4054
4056
4056
4056
4057
4057
4058
4058
4059
4059
4060
4062
4062
4064
4065
4065
4066
4066
4067
4067
4069
4069
4069
4069
4070
4072
4073
4074
4074
4076
4078
4080
4081
4081
4083
4083
4084
4085
4086
4087
4088
4088
4089
4091
4092
4096
4097
4099
4101
4101
4102
4102
4105
4105
4106
4106
4106
4107
4107
4107
4111
4111
4113
4114
4114
4115
4117
4117
4118
4120
4122
4123
4123
4124
4127
4129
4129
4131
4132
4133
4133
4133
4135
4136
4136
4137
4137
4139
4139
4139
4140
4141
4141
4141
4143
4143
4144
4144
4144
4146
4150
4151
4152
4152
4152
4153
4155
4159
4161
4163
4165
4165
4167
4168
4171
4172
4172
4173
4174
4174
4175
4179
4180
4181
4184
4184
4186
4187
4189
4190
4190
4193
4194
4196
4197
4197
4200
4201
4203
4203
4203
4203
4206
4208
4208
4208
4209
4209
4210
4211
4212
4212
4214
4215
4217
4217
4218
4223
4224
4226
4226
4228
4229
4229
4233
4233
4233
4238
4238
4240
4240
4241
4242
4242
4242
4243
4245
4245
4245
4246
4247
4248
4248
4250
4251
4251
4252
4253
4255
4258
4258
4258
4260
4260
4260
4261
4262
4262
4263
4264
4264
4265
4267
4270
4271
4272
4273
4273
4276
4276
4279
4280
4281
4283
4283
4283
4284
4285
4285
4286
4286
4286
4290
4290
4291
4292
4293
4293
4293
4294
4294
4295
4297
4297
4298
4299
4300
4301
4303
4304
4308
4308
4310
4311
4314
4316
4316
4317
4319
4319
4320
4321
4321
4321
4321
4322
4323
4324
4325
4325
4326
4326
4326
4327
4329
4330
4331
4333
4333
4335
4338
4339
4343
4345
4346
4346
4347
4348
4351
4352
4352
4352
4354
4354
4355
4355
4355
4356
4356
4359
4359
4360
4362
4364
4364
4364
4365
4366
4367
4367
4369
4370
4371
4371
4372
4372
4373
4374
4374
4375
4376
4377
4377
4379
4380
4380
4382
4383
4383
4384
4385
4386
4386
4386
4388
4388
4389
4390
4391
4391
4392
4394
4395
4395
4395
4397
4398
4399
4400
4400
4400
4401
4402
4405
4407
4407
4410
4410
4411
4411
4412
4413
4413
4414
4415
4415
4416
4416
4419
4420
4420
4422
4423
4423
4423
4424
4425
4426
4428
4429
4431
4432
4432
4434
4434
4434
4436
4438
4439
4439
4445
4445
4447
4447
4447
4450
4450
4450
4452
4453
4454
4454
4455
4455
4456
4457
4458
4460
4461
4462
4462
4463
4463
4463
4463
4463
4465
4466
4468
4468
4470
4472
4474
4474
4475
4475
4477
4478
4478
4478
4479
4483
4485
4485
4486
4487
4487
4488
4490
4490
4491
4491
4491
4492
4492
4493
4494
4494
4494
4496
4497
4497
4498
4499
4500
4505
4506
4507
4508
4509
4511
4511
4513
4514
4514
4515
4516
4516
4517
4519
4520
4521
4521
4522
4523
4525
4527
4527
4530
4531
4532
4532
4533
4534
4534
4537
4539
4539
4540
4542
4545
4546
4548
4550
4551
4552
4553
4554
4554
4556
4558
4561
4563
4563
4563
4564
4565
4569
4569
4569
4570
4570
4570
4573
4575
4575
4576
4577
4577
4577
4577
4579
4580
4580
4584
4585
4585
4585
4587
4588
4589
4590
4591
4592
4592
4593
4593
4593
4595
4595
4595
4595
4597
4598
4599
4599
4600
4602
4603
4603
4605
4607
4607
4613
4618
4620
4621
4626
4626
4626
4627
4628
4629
4631
4632
4632
4633
4635
4638
4639
4639
4640
4643
4643
4645
4645
4645
4648
4651
4653
4655
4656
4656
4656
4657
4657
4658
4658
4659
4659
4659
4660
4661
4661
4662
4663
4666
4666
4667
4669
4672
4675
4679
4681
4682
4682
4682
4685
4686
4686
4687
4687
4688
4688
4688
4689
4689
4690
4693
4693
4696
4696
4698
4699
4699
4705
4706
4706
4706
4708
4708
4711
4711
4712
4714
4714
4716
4716
4717
4719
4720
4720
4720
4723
4724
4725
4725
4726
4726
4728
4729
4730
4734
4736
4737
4737
4738
4739
4739
4740
4741
4743
4743
4745
4747
4747
4748
4750
4752
4752
4752
4754
4754
4756
4756
4757
4758
4758
4761
4762
4762
4764
4765
4765
4766
4766
4766
4766
4767
4767
4767
4769
4772
4772
4772
4774
4777
4778
4778
4781
4782
4783
4784
4784
4787
4787
4788
4789
4791
4792
4792
4792
4793
4793
4795
4795
4795
4796
4797
4798
4799
4799
4800
4800
4801
4803
4805
4805
4806
4808
4808
4808
4808
4809
4809
4811
4811
4811
4812
4814
4818
4818
4819
4820
4820
4824
4825
4826
4826
4828
4829
4830
4831
4831
4831
4832
4832
4833
4836
4838
4839
4839
4839
4840
4840
4840
4841
4841
4842
4842
4843
4843
4844
4844
4845
4846
4847
4849
4849
4852
4853
4854
4856
4856
4857
4859
4861
4861
4863
4866
4866
4867
4868
4868
4870
4871
4871
4872
4873
4873
4874
4875
4875
4875
4876
4876
4876
4876
4877
4884
4887
4887
4887
4890
4891
4892
4892
4893
4893
4894
4896
4898
4898
4899
4902
4903
4903
4905
4905
4905
4906
4906
4907
4908
4909
4909
4910
4910
4913
4913
4914
4915
4916
4916
4918
4919
4921
4921
4921
4923
4923
4924
4924
4925
4926
4927
4930
4930
4930
4930
4931
4932
4932
4933
4934
4934
4935
4937
4938
4942
4942
4944
4946
4948
4950
4952
4952
4953
4954
4955
4956
4957
4957
4958
4959
4961
4965
4966
4970
4972
4972
4972
4972
4974
4974
4975
4976
4976
4978
4978
4978
4981
4982
4983
4984
4985
4986
4987
4988
4990
4991
4991
4992
4992
4993
4994
4994
4997
4997
4999
5000
5002
5002
5006
5007
5008
5009
5010
5013
5018
5018
5018
5019
5019
5019
5019
5020
5021
5022
5025
5025
5025
5025
5026
5026
5027
5030
5031
5032
5033
5034
5035
5036
5037
5039
5039
5040
5041
5042
5042
5043
5044
5045
5045
5045
5046
5046
5049
5049
5051
5051
5052
5054
5055
5057
5057
5057
5058
5059
5062
5063
5064
5064
5066
5067
5067
5067
5069
5070
5071
5072
5073
5074
5074
5074
5074
5074
5076
5078
5078
5079
5080
5080
5082
5084
5084
5085
5085
5088
5088
5088
5088
5090
5090
5090
5090
5091
5091
5092
5092
5093
5093
5094
5095
5095
5095
5096
5097
5099
5100
5100
5101
5102
5102
5103
5103
5103
5105
5105
5105
5108
5108
5109
5109
5110
5111
5111
5116
5119
5119
5121
5122
5124
5126
5126
5127
5127
5128
5129
5130
5130
5130
5131
5133
5134
5134
5135
5135
5139
5140
5140
5141
5144
5145
5145
5146
5147
5148
5150
5150
5151
5153
5154
5154
5155
5155
5157
5158
5158
5159
5160
5161
5162
5162
5162
5162
5162
5163
5164
5168
5170
5171
5173
5175
5176
5176
5176
5177
5177
5178
5179
5181
5181
5184
5184
5185
5186
5186
5186
5187
5188
5188
5188
5189
5191
5191
5191
5193
5193
5193
5193
5195
5196
5197
5197
5198
5198
5199
5200
5201
5201
5204
5204
5206
5206
5207
5208
5208
5212
5213
5214
5214
5214
5215
5215
5217
5219
5219
5219
5220
5221
5221
5222
5222
5222
5222
5223
5224
5226
5226
5227
5228
5228
5229
5229
5229
5230
5230
5230
5231
5234
5234
5234
5234
5235
5237
5239
5239
5239
5240
5240
5240
5241
5244
5244
5244
5245
5246
5246
5249
5249
5250
5253
5254
5256
5257
5257
5258
5259
5259
5260
5261
5261
5261
5262
5262
5264
5265
5265
5266
5266
5267
5269
5270
5270
5271
5274
5274
5274
5275
5279
5282
5282
5282
5284
5285
5285
5285
5286
5286
5287
5287
5288
5289
5289
5289
5290
5291
5292
5292
5293
5293
5294
5295
5297
5298
5299
5300
5300
5301
5302
5303
5305
5306
5306
5308
5309
5311
5311
5314
5314
5315
5315
5318
5321
5321
5321
5321
5322
5323
5323
5324
5325
5325
5327
5327
5327
5332
5332
5334
5335
5336
5337
5339
5340
5340
5341
5342
5345
5345
5346
5348
5348
5348
5349
5349
5351
5351
5352
5353
5353
5355
5355
5355
5356
5359
5359
5360
5360
5360
5361
5363
5365
5366
5367
5368
5368
5369
5372
5374
5375
5375
5376
5376
5377
5379
5380
5380
5381
5382
5383
5383
5383
5384
5385
5386
5387
5388
5388
5389
5391
5391
5391
5392
5393
5393
5394
5396
5399
5399
5399
5400
5402
5403
5403
5405
5405
5405
5405
5406
5407
5408
5408
5409
5410
5411
5412
5413
5414
5415
5415
5418
5420
5420
5421
5423
5423
5423
5424
5424
5424
5426
5429
5429
5429
5430
5431
5431
5433
5434
5435
5435
5437
5437
5438
5438
5439
5439
5440
5440
5443
5447
5448
5448
5450
5450
5451
5451
5451
5452
5452
5454
5455
5457
5458
5464
5466
5468
5470
5470
5471
5471
5472
5473
5474
5474
5475
5475
5476
5476
5476
5478
5481
5481
5482
5483
5484
5484
5485
5486
5487
5487
5488
5489
5490
5490
5491
5492
5492
5492
5492
5493
5493
5494
5494
5494
5495
5495
5495
5495
5499
5500
5501
5502
5503
5504
5504
5505
5505
5505
5506
5508
5511
5511
5512
5512
5513
5513
5514
5517
5517
5519
5519
5521
5522
5523
5526
5528
5529
5532
5534
5534
5537
5539
5540
5540
5541
5542
5544
5546
5546
5547
5548
5549
5550
5551
5551
5551
5551
5553
5553
5554
5555
5555
5555
5558
5559
5560
5561
5562
5563
5565
5568
5568
5569
5570
5570
5571
5571
5576
5576
5576
5577
5577
5580
5581
5581
5586
5588
5589
5590
5590
5594
5594
5596
5596
5597
5598
5600
5600
5601
5602
5603
5605
5605
5607
5607
5608
5608
5612
5612
5616
5616
5617
5618
5621
5622
5622
5623
5624
5624
5625
5627
5627
5628
5630
5630
5631
5631
5632
5633
5635
5637
5638
5639
5641
5642
5644
5644
5644
5646
5648
5649
5650
5651
5651
5655
5655
5657
5657
5658
5659
5659
5659
5661
5663
5664
5665
5665
5666
5668
5669
5669
5669
5671
5671
5671
5674
5675
5675
5678
5680
5681
5684
5685
5685
5686
5686
5687
5688
5688
5689
5689
5691
5691
5692
5692
5693
5694
5694
5694
5695
5697
5697
5698
5698
5699
5701
5701
5701
5702
5702
5703
5703
5703
5704
5704
5704
5705
5705
5705
5707
5707
5708
5708
5713
5713
5714
5715
5716
5716
5717
5717
5718
5719
5721
5721
5724
5725
5725
5726
5727
5728
5728
5730
5732
5735
5736
5736
5736
5737
5737
5738
5738
5741
5743
5743
5743
5743
5746
5747
5748
5749
5750
5752
5753
5753
5753
5755
5756
5758
5758
5758
5759
5760
5761
5762
5763
5764
5764
5765
5766
5768
5768
5768
5768
5769
5770
5773
5775
5775
5775
5776
5777
5780
5781
5783
5783
5784
5785
5787
5790
5793
5795
5797
5801
5803
5804
5805
5807
5807
5808
5808
5809
5810
5810
5811
5812
5812
5815
5815
5817
5819
5819
5820
5822
5825
5826
5826
5827
5827
5828
5831
5831
5832
5833
5833
5839
5843
5844
5844
5845
5845
5845
5845
5847
5847
5849
5850
5851
5852
5852
5855
5856
5857
5858
5858
5859
5864
5864
5865
5866
5867
5869
5869
5870
5870
5870
5872
5876
5876
5877
5877
5878
5878
5879
5879
5880
5883
5883
5884
5884
5884
5885
5886
5886
5888
5888
5889
5890
5890
5891
5892
5895
5895
5895
5896
5896
5896
5896
5897
5897
5899
5899
5899
5899
5900
5900
5901
5903
5903
5904
5905
5907
5908
5910
5910
5911
5911
5911
5915
5915
5916
5916
5917
5918
5919
5919
5919
5920
5923
5923
5924
5924
5926
5928
5928
5930
5931
5931
5931
5932
5932
5933
5933
5933
5933
5934
5934
5936
5936
5936
5937
5939
5939
5940
5940
5941
5944
5944
5945
5947
5949
5949
5951
5951
5957
5965
5966
5966
5967
5968
5970
5970
5971
5972
5973
5973
5974
5974
5975
5975
5976
5977
5977
5977
5979
5980
5981
5981
5982
5983
5983
5983
5985
5985
5986
5986
5987
5989
5989
5990
5991
5992
5994
5995
5995
5999
5999
5999
5999
5999
6000
6001
6003
6004
6004
6005
6006
6007
6009
6009
6011
6011
6012
6012
6016
6017
6017
6017
6017
6018
6020
6020
6024
6026
6026
6027
6028
6030
6031
6032
6034
6036
6036
6037
6041
6042
6044
6045
6047
6049
6054
6054
6055
6056
6056
6057
6057
6057
6059
6059
6059
6060
6062
6062
6062
6063
6065
6068
6070
6070
6070
6071
6071
6072
6073
6075
6077
6077
6077
6078
6078
6079
6080
6081
6082
6083
6085
6085
6086
6087
6088
6089
6089
6090
6090
6092
6093
6093
6095
6097
6097
6099
6101
6101
6104
6104
6105
6108
6108
6108
6109
6109
6110
6111
6111
6111
6115
6116
6116
6118
6119
6119
6120
6121
6122
6123
6124
6125
6126
6129
6129
6131
6132
6133
6134
6134
6134
6136
6137
6137
6138
6138
6138
6138
6139
6139
6140
6145
6145
6150
6152
6153
6154
6154
6154
6155
6155
6155
6155
6156
6156
6156
6159
6160
6161
6162
6164
6164
6164
6165
6171
6171
6172
6173
6174
6174
6174
6176
6176
6177
6179
6180
6181
6181
6181
6182
6182
6182
6182
6182
6185
6186
6187
6188
6189
6189
6189
6190
6192
6193
6194
6195
6196
6197
6197
6198
6199
6199
6200
6201
6201
6201
6202
6202
6202
6203
6203
6203
6204
6205
6206
6207
6207
6209
6209
6209
6211
6211
6213
6213
6217
6217
6217
6220
6221
6222
6222
6223
6225
6225
6225
6227
6228
6230
6230
6230
6233
6233
6234
6234
6235
6236
6236
6236
6237
6238
6238
6239
6240
6241
6242
6245
6247
6247
6250
6251
6253
6254
6254
6254
6254
6255
6255
6256
6257
6258
6259
6259
6260
6260
6263
6264
6264
6264
6265
6266
6266
6266
6273
6274
6275
6276
6276
6276
6278
6278
6279
6280
6281
6282
6283
6283
6283
6283
6284
6286
6287
6287
6291
6291
6292
6293
6293
6293
6293
6293
6295
6295
6296
6296
6302
6310
6310
6312
6314
6314
6314
6315
6316
6316
6316
6317
6318
6318
6320
6320
6322
6323
6324
6324
6325
6325
6326
6326
6327
6327
6329
6329
6330
6330
6334
6335
6336
6337
6338
6338
6338
6339
6339
6341
6341
6341
6341
6342
6342
6343
6345
6345
6349
6349
6352
6354
6355
6356
6356
6358
6359
6360
6361
6361
6362
6364
6365
6365
6366
6366
6368
6370
6370
6370
6373
6373
6373
6375
6375
6376
6377
6377
6377
6377
6378
6379
6380
6380
6380
6382
6383
6383
6386
6387
6389
6390
6392
6393
6394
6396
6398
6398
6399
6401
6402
6403
6403
6403
6407
6408
6411
6411
6411
6414
6416
6416
6416
6419
6419
6420
6420
6420
6421
6421
6422
6423
6424
6426
6427
6428
6429
6430
6430
6430
6432
6433
6437
6437
6439
6441
6441
6443
6445
6445
6448
6450
6451
6452
6452
6454
6454
6456
6457
6457
6458
6460
6460
6463
6464
6465
6466
6466
6466
6468
6469
6470
6472
6472
6472
6474
6474
6475
6475
6477
6477
6478
6479
6480
6481
6481
6481
6483
6485
6485
6486
6489
6490
6490
6494
6494
6497
6497
6497
6498
6499
6499
6501
6501
6502
6504
6506
6508
6509
6509
6510
6511
6512
6512
6513
6516
6518
6518
6523
6523
6525
6525
6526
6526
6528
6528
6530
6530
6530
6530
6530
6531
6532
6532
6533
6533
6533
6534
6536
6536
6536
6537
6538
6539
6539
6540
6541
6541
6543
6544
6544
6544
6547
6548
6549
6550
6550
6552
6552
6552
6553
6554
6555
6558
6559
6559
6561
6561
6561
6561
6562
6563
6563
6564
6565
6567
6567
6569
6570
6572
6574
6574
6579
6579
6579
6582
6584
6584
6584
6586
6588
6588
6589
6590
6590
6591
6593
6593
6596
6596
6596
6597
6597
6597
6598
6598
6599
6599
6599
6601
6605
6606
6607
6608
6610
6610
6611
6611
6611
6611
6612
6613
6615
6616
6617
6617
6619
6620
6621
6622
6623
6625
6626
6629
6629
6629
6630
6630
6630
6631
6632
6636
6636
6637
6639
6639
6641
6641
6642
6643
6644
6645
6645
6646
6646
6646
6647
6647
6648
6648
6648
6649
6649
6650
6651
6651
6652
6654
6655
6656
6656
6658
6659
6660
6661
6661
6664
6665
6666
6668
6668
6670
6673
6673
6673
6675
6675
6678
6678
6679
6681
6681
6682
6684
6685
6685
6686
6687
6688
6688
6690
6691
6691
6692
6693
6694
6695
6695
6695
6696
6698
6699
6703
6704
6705
6705
6707
6707
6710
6711
6711
6711
6711
6714
6715
6716
6716
6718
6719
6720
6720
6721
6722
6723
6723
6725
6727
6728
6730
6731
6731
6734
6735
6735
6735
6735
6735
6737
6738
6739
6741
6741
6741
6743
6744
6744
6744
6744
6745
6745
6746
6746
6746
6751
6752
6752
6753
6753
6753
6754
6756
6757
6759
6759
6760
6763
6763
6766
6767
6767
6769
6770
6771
6776
6777
6777
6779
6779
6780
6780
6781
6782
6782
6782
6783
6784
6786
6787
6787
6787
6787
6788
6788
6788
6789
6791
6792
6792
6793
6793
6794
6796
6796
6796
6797
6797
6798
6798
6799
6802
6802
6803
6803
6805
6805
6807
6807
6808
6809
6809
6810
6813
6813
6814
6815
6815
6816
6817
6818
6820
6820
6820
6821
6821
6822
6822
6823
6824
6824
6825
6825
6826
6826
6826
6831
6832
6832
6832
6832
6833
6835
6839
6842
6842
6843
6845
6849
6850
6850
6854
6856
6861
6862
6866
6866
6867
6868
6868
6868
6869
6870
6872
6873
6873
6875
6875
6876
6876
6877
6879
6880
6880
6881
6881
6881
6882
6883
6884
6884
6885
6885
6885
6886
6886
6886
6887
6887
6887
6887
6889
6890
6891
6892
6893
6894
6896
6896
6899
6902
6903
6906
6908
6910
6910
6911
6911
6913
6915
6916
6917
6919
6921
6921
6921
6922
6924
6924
6925
6925
6927
6927
6928
6928
6929
6929
6930
6932
6933
6934
6934
6935
6935
6936
6937
6938
6939
6940
6941
6944
6944
6945
6945
6946
6946
6947
6948
6950
6950
6951
6951
6951
6952
6954
6955
6956
6957
6958
6959
6959
6960
6962
6964
6964
6966
6967
6968
6970
6970
6975
6975
6975
6975
6976
6977
6977
6978
6978
6978
6982
6983
6984
6985
6986
6989
6989
6991
6992
6994
6995
6995
6996
6996
6997
6997
6999
7000
7002
7003
7006
7008
7008
7008
7009
7011
7011
7012
7013
7014
7015
7018
7019
7020
7020
7021
7021
7021
7024
7024
7025
7028
7030
7032
7032
7033
7033
7033
7033
7034
7034
7035
7037
7038
7038
7039
7039
7040
7042
7042
7044
7045
7046
7046
7046
7047
7047
7048
7048
7049
7050
7050
7051
7055
7057
7058
7058
7059
7060
7061
7062
7063
7065
7066
7066
7074
7075
7075
7075
7076
7077
7078
7078
7080
7080
7081
7084
7086
7086
7087
7087
7087
7088
7088
7089
7090
7090
7092
7092
7092
7093
7093
7094
7096
7097
7098
7098
7099
7100
7100
7103
7104
7104
7105
7106
7110
7111
7111
7113
7113
7113
7113
7115
7116
7117
7117
7120
7120
7121
7123
7125
7125
7126
7127
7128
7129
7130
7134
7134
7135
7135
7137
7138
7138
7139
7142
7143
7144
7145
7146
7146
7146
7148
7149
7152
7154
7154
7154
7157
7157
7160
7161
7161
7162
7164
7165
7165
7165
7166
7167
7169
7171
7172
7172
7172
7175
7175
7176
7176
7176
7177
7179
7179
7180
7180
7181
7183
7185
7186
7186
7186
7186
7188
7189
7189
7190
7190
7191
7191
7191
7193
7193
7194
7194
7196
7199
7202
7202
7202
7204
7205
7206
7208
7208
7209
7209
7210
7211
7213
7213
7215
7216
7219
7220
7222
7222
7223
7223
7224
7225
7226
7226
7227
7228
7230
7233
7233
7234
7235
7235
7240
7241
7242
7245
7245
7246
7248
7250
7251
7252
7253
7253
7255
7256
7256
7258
7258
7258
7258
7261
7263
7266
7266
7267
7267
7268
7270
7270
7271
7271
7272
7273
7274
7276
7281
7282
7282
7284
7287
7287
7287
7288
7288
7289
7291
7291
7291
7293
7294
7298
7299
7299
7300
7301
7301
7303
7304
7305
7305
7306
7308
7308
7308
7308
7310
7310
7311
7312
7313
7314
7315
7315
7317
7318
7318
7320
7320
7321
7321
7323
7326
7326
7327
7327
7328
7332
7333
7333
7334
7335
7337
7339
7339
7341
7341
7343
7344
7345
7345
7345
7347
7347
7348
7349
7350
7350
7350
7353
7355
7355
7355
7356
7356
7356
7357
7358
7360
7361
7362
7363
7365
7366
7366
7371
7373
7374
7375
7375
7376
7376
7378
7378
7378
7379
7379
7381
7382
7387
7387
7390
7390
7392
7394
7395
7397
7398
7398
7401
7402
7406
7407
7407
7408
7408
7410
7412
7412
7413
7415
7417
7417
7418
7420
7422
7422
7424
7425
7425
7426
7426
7429
7429
7430
7431
7432
7433
7436
7436
7437
7437
7437
7438
7439
7440
7442
7442
7443
7443
7443
7443
7443
7444
7444
7445
7447
7449
7451
7455
7457
7460
7460
7463
7464
7465
7465
7466
7467
7468
7468
7469
7472
7472
7472
7472
7472
7473
7473
7474
7474
7475
7476
7476
7477
7477
7478
7479
7479
7480
7480
7481
7481
7484
7485
7486
7489
7489
7492
7494
7495
7496
7496
7498
7502
7503
7503
7504
7505
7506
7507
7508
7508
7508
7509
7509
7510
7512
7512
7512
7513
7515
7515
7516
7517
7518
7519
7523
7523
7523
7523
7523
7525
7525
7525
7526
7526
7527
7528
7528
7528
7529
7529
7531
7532
7532
7537
7538
7540
7541
7542
7543
7543
7544
7545
7545
7547
7547
7549
7549
7551
7552
7553
7554
7556
7558
7561
7564
7564
7565
7565
7567
7568
7568
7569
7570
7571
7572
7572
7573
7573
7573
7573
7574
7574
7576
7576
7576
7578
7578
7578
7579
7579
7582
7582
7582
7583
7583
7585
7587
7587
7588
7588
7588
7590
7590
7593
7594
7594
7597
7597
7597
7598
7599
7602
7603
7604
7607
7607
7608
7608
7608
7609
7610
7613
7613
7613
7614
7614
7617
7618
7620
7622
7622
7623
7624
7625
7625
7626
7626
7627
7627
7629
7631
7631
7633
7633
7634
7634
7638
7639
7640
7640
7640
7642
7643
7643
7645
7646
7647
7648
7652
7652
7653
7654
7654
7655
7655
7657
7657
7659
7660
7661
7662
7662
7663
7663
7663
7664
7665
7665
7665
7665
7666
7667
7668
7668
7669
7669
7670
7671
7675
7676
7677
7677
7678
7680
7682
7682
7683
7684
7685
7685
7688
7689
7690
7691
7692
7695
7697
7704
7704
7706
7707
7708
7709
7710
7712
7713
7713
7713
7714
7715
7718
7719
7720
7721
7721
7722
7722
7723
7723
7723
7726
7727
7727
7729
7730
7732
7734
7734
7737
7738
7740
7740
7742
7743
7743
7743
7744
7745
7746
7746
7746
7747
7749
7751
7754
7756
7756
7757
7761
7762
7762
7763
7764
7764
7765
7766
7766
7767
7767
7769
7771
7771
7771
7772
7772
7772
7777
7777
7777
7777
7778
7778
7781
7784
7784
7785
7786
7786
7786
7787
7788
7788
7790
7790
7791
7791
7791
7792
7794
7794
7795
7796
7797
7797
7800
7802
7803
7803
7803
7804
7805
7805
7806
7806
7809
7814
7814
7815
7815
7819
7820
7822
7823
7825
7825
7825
7826
7827
7829
7830
7833
7833
7837
7837
7837
7838
7838
7839
7839
7840
7840
7840
7843
7845
7845
7845
7846
7846
7847
7849
7849
7852
7854
7854
7861
7862
7863
7864
7865
7867
7867
7868
7869
7870
7870
7871
7872
7872
7872
7873
7874
7876
7876
7877
7878
7878
7879
7879
7880
7881
7882
7883
7885
7885
7886
7886
7888
7889
7890
7890
7890
7892
7893
7894
7894
7897
7900
7901
7902
7903
7905
7905
7907
7909
7909
7910
7911
7912
7913
7913
7915
7916
7918
7921
7921
7922
7923
7923
7924
7925
7925
7926
7926
7927
7928
7928
7929
7933
7934
7934
7935
7935
7936
7936
7938
7940
7940
7941
7941
7941
7942
7944
7944
7945
7946
7947
7948
7948
7951
7951
7952
7952
7952
7953
7954
7955
7956
7957
7957
7958
7958
7961
7961
7961
7961
7962
7965
7965
7967
7968
7969
7969
7971
7972
7974
7974
7975
7976
7978
7979
7980
7981
7982
7983
7983
7985
7985
7987
7988
7989
7989
7989
7989
7992
7992
7992
7992
7995
7996
7997
7997
7997
7998
7998
8000
8001
8002
8003
8003
8005
8005
8008
8009
8011
8012
8013
8014
8017
8019
8020
8020
8020
8020
8023
8023
8023
8023
8026
8027
8028
8031
8032
8034
8035
8036
8036
8037
8038
8039
8039
8039
8040
8040
8041
8044
8046
8046
8049
8050
8050
8051
8051
8052
8053
8054
8055
8056
8060
8060
8062
8064
8064
8069
8070
8071
8072
8072
8073
8073
8073
8073
8074
8074
8074
8075
8076
8077
8077
8078
8079
8080
8082
8082
8083
8084
8085
8085
8086
8086
8086
8086
8088
8088
8088
8090
8090
8090
8091
8092
8092
8094
8094
8094
8095
8096
8096
8096
8096
8097
8098
8098
8099
8101
8101
8101
8102
8102
8103
8104
8107
8107
8108
8108
8108
8110
8111
8111
8112
8114
8115
8115
8116
8119
8120
8120
8120
8122
8124
8127
8128
8129
8130
8131
8132
8132
8134
8135
8135
8137
8138
8138
8139
8139
8140
8141
8142
8143
8144
8145
8145
8146
8147
8148
8151
8151
8153
8154
8155
8155
8155
8156
8157
8157
8158
8160
8160
8160
8161
8162
8162
8162
8163
8163
8164
8164
8164
8164
8166
8166
8166
8167
8168
8168
8171
8172
8173
8173
8174
8175
8176
8177
8177
8178
8178
8181
8181
8183
8183
8184
8184
8184
8184
8185
8185
8187
8189
8191
8194
8194
8194
8194
8195
8196
8197
8198
8198
8200
8201
8207
8207
8207
8208
8209
8210
8211
8211
8214
8215
8217
8219
8220
8220
8224
8225
8225
8226
8226
8226
8228
8228
8228
8228
8233
8234
8234
8234
8236
8237
8238
8238
8239
8240
8241
8242
8243
8243
8243
8245
8245
8248
8249
8249
8249
8250
8254
8254
8255
8255
8257
8257
8258
8260
8260
8260
8265
8266
8266
8266
8267
8268
8268
8269
8269
8271
8273
8274
8274
8277
8279
8280
8281
8284
8286
8286
8286
8286
8286
8289
8289
8291
8294
8299
8300
8301
8302
8302
8303
8306
8307
8309
8309
8311
8313
8314
8314
8314
8315
8315
8316
8316
8317
8319
8319
8319
8319
8319
8320
8322
8325
8326
8327
8328
8328
8329
8329
8331
8331
8332
8335
8337
8341
8342
8344
8346
8347
8350
8351
8352
8353
8353
8354
8355
8355
8356
8356
8358
8358
8362
8362
8363
8364
8364
8367
8367
8367
8368
8369
8369
8369
8371
8371
8371
8372
8372
8375
8375
8376
8376
8376
8378
8380
8380
8382
8382
8387
8388
8390
8391
8392
8394
8396
8396
8398
8398
8398
8399
8399
8399
8399
8401
8401
8402
8404
8404
8405
8406
8407
8407
8408
8409
8410
8411
8412
8413
8415
8415
8417
8417
8418
8421
8421
8422
8422
8422
8422
8423
8423
8425
8427
8427
8427
8428
8429
8429
8430
8430
8431
8432
8433
8433
8434
8435
8436
8437
8439
8440
8440
8441
8441
8442
8443
8444
8448
8448
8449
8449
8449
8449
8453
8454
8454
8454
8456
8458
8460
8461
8464
8465
8466
8468
8471
8471
8471
8471
8473
8476
8476
8477
8477
8477
8479
8480
8480
8480
8482
8483
8485
8485
8487
8488
8488
8489
8489
8491
8491
8493
8494
8494
8495
8495
8496
8496
8496
8497
8497
8500
8501
8501
8501
8501
8502
8502
8503
8503
8504
8505
8505
8507
8508
8509
8510
8510
8510
8511
8513
8513
8515
8516
8517
8518
8519
8520
8521
8522
8523
8523
8524
8528
8530
8530
8531
8531
8531
8532
8532
8535
8535
8535
8536
8537
8537
8537
8538
8539
8539
8540
8541
8542
8544
8549
8551
8553
8557
8557
8557
8558
8559
8560
8560
8560
8561
8562
8564
8567
8569
8571
8572
8573
8574
8578
8579
8581
8582
8582
8583
8585
8585
8586
8587
8588
8590
8591
8592
8592
8593
8594
8594
8595
8596
8597
8597
8597
8597
8598
8601
8603
8604
8605
8606
8607
8608
8609
8611
8612
8615
8616
8618
8619
8621
8622
8625
8625
8628
8628
8629
8629
8631
8632
8632
8632
8634
8634
8635
8635
8635
8635
8635
8636
8637
8638
8638
8639
8640
8640
8641
8641
8641
8642
8643
8644
8644
8645
8645
8645
8648
8649
8649
8650
8650
8650
8650
8652
8653
8655
8657
8659
8660
8661
8661
8663
8663
8663
8667
8670
8670
8671
8672
8674
8675
8676
8677
8677
8678
8679
8680
8680
8680
8682
8682
8684
8685
8685
8686
8686
8686
8687
8688
8689
8689
8691
8691
8691
8692
8692
8693
8694
8695
8696
8696
8697
8698
8698
8701
8701
8703
8704
8705
8706
8709
8711
8712
8712
8713
8713
8715
8716
8717
8719
8720
8721
8722
8725
8726
8727
8727
8729
8730
8730
8731
8731
8732
8732
8736
8737
8738
8738
8741
8742
8745
8745
8746
8749
8750
8750
8750
8751
8751
8751
8752
8753
8755
8756
8757
8757
8758
8758
8759
8760
8764
8765
8766
8766
8769
8769
8771
8772
8772
8773
8774
8774
8775
8775
8776
8777
8777
8777
8779
8779
8780
8781
8781
8781
8782
8784
8784
8784
8786
8786
8787
8788
8788
8790
8791
8792
8794
8794
8799
8800
8800
8800
8802
8802
8805
8805
8806
8807
8807
8809
8809
8811
8813
8815
8816
8817
8817
8817
8818
8822
8823
8824
8827
8827
8833
8833
8836
8836
8837
8838
8838
8842
8842
8843
8843
8843
8843
8846
8847
8847
8847
8847
8849
8850
8850
8852
8855
8858
8858
8859
8860
8860
8864
8865
8865
8865
8865
8868
8869
8870
8871
8872
8872
8875
8878
8879
8879
8880
8881
8881
8883
8883
8885
8886
8886
8889
8889
8890
8892
8892
8895
8897
8901
8902
8903
8905
8906
8906
8907
8908
8908
8909
8911
8914
8914
8919
8919
8919
8920
8922
8922
8922
8923
8925
8925
8925
8926
8926
8927
8927
8927
8928
8928
8929
8929
8930
8930
8931
8933
8933
8935
8935
8939
8942
8943
8945
8946
8946
8947
8948
8949
8949
8949
8950
8952
8952
8953
8956
8957
8963
8964
8966
8967
8967
8971
8971
8971
8971
8972
8974
8977
8979
8980
8981
8983
8984
8984
8986
8988
8992
8992
8993
8994
8996
8997
9001
9001
9002
9003
9003
9004
9005
9006
9006
9007
9007
9008
9008
9010
9011
9011
9012
9013
9013
9013
9014
9015
9017
9018
9019
9019
9019
9021
9024
9025
9025
9025
9026
9027
9027
9028
9032
9033
9039
9041
9041
9041
9042
9042
9042
9042
9043
9044
9045
9046
9050
9054
9056
9057
9057
9061
9061
9062
9063
9063
9063
9063
9064
9064
9067
9068
9068
9068
9070
9070
9072
9075
9076
9076
9077
9077
9077
9077
9078
9078
9079
9079
9081
9081
9082
9082
9084
9085
9085
9089
9089
9091
9092
9092
9093
9095
9096
9097
9099
9099
9099
9099
9100
9101
9103
9105
9106
9106
9107
9107
9108
9109
9110
9111
9111
9112
9112
9113
9114
9118
9119
9120
9122
9122
9122
9122
9123
9124
9126
9127
9129
9130
9132
9132
9133
9135
9136
9136
9137
9137
9137
9138
9138
9138
9139
9139
9140
9141
9141
9141
9144
9144
9144
9144
9145
9146
9147
9148
9153
9153
9153
9154
9155
9156
9156
9157
9159
9161
9163
9163
9164
9164
9165
9166
9167
9168
9168
9168
9170
9171
9171
9171
9173
9174
9175
9177
9179
9179
9180
9181
9181
9183
9184
9184
9186
9186
9186
9191
9192
9195
9195
9196
9197
9198
9198
9200
9200
9203
9204
9204
9204
9205
9205
9205
9207
9210
9210
9210
9210
9212
9212
9217
9219
9219
9219
9220
9221
9222
9223
9223
9225
9227
9228
9229
9233
9233
9234
9235
9237
9239
9239
9240
9241
9241
9242
9244
9244
9247
9247
9248
9250
9250
9250
9251
9251
9251
9252
9252
9254
9257
9257
9258
9259
9260
9261
9261
9262
9262
9264
9265
9265
9265
9266
9267
9271
9271
9271
9271
9272
9272
9272
9274
9278
9278
9279
9280
9280
9282
9283
9283
9284
9285
9287
9288
9289
9290
9295
9296
9297
9299
9299
9300
9303
9306
9307
9308
9308
9310
9311
9313
9314
9315
9315
9315
9318
9319
9319
9319
9320
9320
9320
9320
9321
9321
9322
9324
9327
9327
9327
9328
9328
9328
9329
9330
9331
9331
9333
9334
9335
9335
9337
9337
9337
9337
9338
9339
9339
9342
9342
9346
9347
9347
9349
9349
9350
9350
9351
9353
9353
9355
9355
9355
9356
9356
9357
9357
9358
9359
9361
9362
9363
9363
9363
9363
9364
9364
9365
9366
9368
9369
9370
9371
9371
9372
9372
9375
9375
9375
9376
9376
9376
9378
9378
9381
9382
9382
9382
9382
9384
9385
9385
9386
9386
9389
9390
9393
9394
9398
9398
9400
9401
9402
9404
9405
9405
9406
9407
9408
9408
9409
9409
9411
9412
9412
9413
9413
9415
9417
9418
9418
9420
9420
9420
9420
9422
9424
9424
9428
9433
9433
9434
9435
9437
9437
9438
9440
9441
9441
9441
9442
9442
9443
9444
9444
9447
9449
9449
9450
9452
9455
9455
9456
9456
9457
9457
9458
9460
9462
9463
9463
9463
9464
9465
9466
9466
9467
9468
9469
9469
9469
9471
9472
9474
9475
9476
9477
9480
9480
9480
9482
9482
9483
9483
9484
9484
9484
9484
9486
9487
9489
9489
9489
9492
9492
9492
9493
9494
9494
9494
9495
9495
9496
9497
9499
9502
9502
9503
9505
9505
9508
9509
9510
9511
9512
9512
9514
9514
9515
9517
9517
9519
9520
9521
9522
9523
9523
9526
9527
9528
9529
9530
9531
9532
9532
9532
9535
9535
9536
9538
9539
9539
9540
9543
9543
9544
9545
9545
9546
9546
9548
9548
9549
9550
9550
9551
9553
9554
9555
9557
9558
9558
9559
9559
9563
9563
9565
9566
9568
9569
9570
9571
9571
9572
9574
9574
9574
9574
9574
9576
9576
9578
9578
9581
9581
9582
9582
9583
9586
9586
9586
9587
9587
9587
9588
9589
9590
9590
9590
9592
9592
9592
9594
9597
9597
9598
9598
9599
9600
9600
9601
9603
9603
9604
9605
9605
9606
9606
9606
9608
9609
9610
9610
9611
9612
9613
9615
9616
9617
9618
9619
9621
9623
9627
9627
9628
9630
9631
9633
9634
9634
9635
9636
9636
9637
9639
9639
9639
9642
9643
9645
9645
9646
9648
9649
9649
9652
9652
9652
9653
9655
9657
9657
9659
9659
9660
9661
9663
9663
9664
9665
9666
9666
9668
9668
9668
9669
9669
9670
9671
9673
9674
9675
9676
9677
9677
9679
9680
9681
9681
9682
9683
9683
9683
9684
9685
9689
9690
9690
9692
9693
9694
9697
9699
9699
9701
9702
9704
9704
9705
9705
9705
9706
9706
9707
9709
9711
9714
9715
9716
9718
9718
9718
9719
9719
9721
9721
9722
9724
9725
9728
9728
9729
9730
9731
9731
9733
9733
9734
9737
9737
9738
9738
9739
9741
9741
9741
9742
9742
9743
9750
9750
9750
9753
9754
9756
9756
9757
9757
9759
9761
9762
9763
9764
9764
9766
9766
9768
9769
9769
9769
9771
9774
9774
9775
9775
9776
9776
9778
9778
9779
9779
9779
9780
9780
9780
9781
9781
9782
9786
9786
9794
9794
9795
9797
9798
9799
9799
9800
9801
9801
9802
9803
9805
9805
9807
9807
9809
9809
9811
9811
9813
9815
9817
9819
9821
9822
9824
9824
9825
9828
9828
9831
9832
9833
9835
9837
9839
9839
9840
9841
9841
9841
9842
9842
9843
9843
9843
9844
9845
9845
9847
9848
9849
9849
9850
9852
9854
9854
9855
9856
9856
9860
9860
9861
9862
9865
9866
9867
9868
9872
9872
9873
9874
9875
9875
9876
9876
9878
9880
9880
9880
9882
9882
9882
9884
9888
9890
9890
9890
9891
9891
9894
9894
9895
9896
9898
9898
9899
9901
9901
9907
9908
9909
9909
9910
9910
9912
9913
9916
9917
9917
9918
9923
9925
9926
9928
9928
9931
9932
9933
9933
9937
9939
9940
9941
9942
9942
9943
9943
9944
9944
9945
9947
9949
9950
9951
9951
9952
9952
9952
9952
9953
9953
9953
9953
9953
9954
9955
9958
9958
9959
9959
9960
9963
9964
9965
9965
9965
9965
9966
9966
9967
9968
9969
9969
9970
9971
9973
9977
9978
9979
9980
9980
9981
9981
9983
9983
9986
9986
9986
9986
9987
9988
9989
9991
9991
9992
9993
9994
9995
9995
9996
9996
9996
9997
