0
2
3
4
4
6
6
10
10
10
11
11
12
13
14
15
15
17
18
19
20
20
21
21
21
21
21
22
28
28
30
32
33
34
36
37
38
40
40
41
41
43
44
45
45
45
46
46
47
48
48
48
49
49
49
50
50
50
51
51
53
53
57
57
58
59
59
59
59
59
59
60
61
62
62
62
67
68
71
71
71
72
72
75
76
76
77
78
78
78
82
83
83
83
86
86
86
88
88
89
91
91
92
92
94
94
94
94
94
95
96
96
98
98
103
105
106
106
110
111
112
113
114
114
114
119
119
123
123
123
123
123
124
124
124
127
129
131
131
132
133
134
135
135
136
137
137
138
138
139
140
141
141
141
141
142
142
142
142
145
147
150
151
151
156
157
157
157
159
163
163
163
163
164
165
166
166
167
168
169
169
169
171
171
172
174
176
177
179
179
179
180
180
181
183
183
185
185
187
189
189
189
189
190
190
191
191
191
193
193
193
194
195
198
199
200
200
202
202
203
203
203
204
205
205
206
208
208
209
209
210
210
210
211
213
214
215
215
216
216
217
217
217
219
219
223
226
228
230
230
231
232
233
233
235
235
235
236
236
237
242
243
243
243
244
244
245
245
246
247
247
247
247
248
249
249
249
250
251
251
253
254
255
255
256
257
257
258
259
259
260
260
260
261
262
262
267
268
268
270
273
273
277
280
281
282
286
287
287
289
289
290
292
293
294
294
295
297
297
300
302
304
304
304
304
305
306
307
310
310
311
312
319
320
322
323
323
324
328
328
328
331
331
333
334
334
335
335
336
336
337
338
338
339
339
341
341
341
341
342
342
342
346
348
349
349
350
350
350
351
352
352
354
356
357
357
357
358
359
359
359
360
362
362
363
364
365
366
366
367
367
370
372
372
373
374
374
374
376
379
380
381
382
383
383
383
383
385
388
389
392
397
397
399
400
401
403
403
404
406
407
407
407
407
407
408
408
411
412
413
416
418
419
420
427
427
427
428
430
430
431
432
434
434
435
435
436
438
438
438
439
440
443
444
444
444
445
445
449
449
452
453
453
454
456
458
458
460
461
463
465
465
465
466
467
468
469
473
473
473
475
475
475
477
479
483
483
485
486
486
488
488
489
491
491
492
493
494
494
495
496
498
500
500
501
501
502
504
504
506
507
507
507
509
509
510
510
510
511
511
511
514
514
515
515
518
518
519
520
521
522
523
523
524
524
524
525
525
526
526
527
528
529
529
531
531
532
532
533
535
536
537
537
538
539
539
539
541
543
545
549
552
552
553
553
557
558
560
562
562
562
563
563
565
566
567
568
570
570
571
571
574
575
576
576
576
578
579
581
582
583
583
583
583
584
586
586
586
588
590
593
593
594
597
598
601
602
602
602
602
602
602
603
606
607
607
607
610
610
612
614
614
616
616
616
617
618
619
620
621
621
621
622
623
625
625
626
628
628
632
632
633
635
636
637
637
639
639
639
640
642
643
644
644
647
648
648
650
651
651
651
652
652
654
655
655
658
658
659
659
660
662
663
663
663
665
665
667
668
668
669
670
670
672
673
674
674
674
676
676
677
677
678
680
682
683
685
686
689
692
693
693
695
695
695
696
698
701
701
701
702
703
703
707
709
710
711
713
714
715
715
716
720
720
720
721
723
723
724
725
726
728
729
730
731
733
733
734
734
735
737
738
740
740
742
742
744
744
745
745
746
747
748
749
749
751
751
753
755
759
761
762
763
766
766
768
768
769
771
774
774
775
775
777
778
779
781
781
782
783
783
784
786
787
787
788
789
789
791
791
791
792
792
793
793
794
794
794
795
796
796
802
802
802
802
803
803
803
805
806
806
806
808
808
808
809
809
809
810
810
811
812
814
815
815
816
818
818
818
819
819
820
821
821
821
824
824
824
824
825
825
826
826
826
831
832
833
834
835
835
836
836
836
837
839
839
840
841
841
842
842
843
844
844
845
847
847
847
849
850
851
852
852
853
853
853
853
855
855
855
856
856
857
860
860
860
861
864
866
867
867
868
875
875
876
876
877
878
879
880
881
881
881
881
883
886
887
888
888
890
890
894
896
896
900
900
901
902
903
903
904
904
906
907
912
913
916
918
922
923
925
925
926
927
931
932
932
933
934
935
938
938
939
940
941
942
944
944
944
946
946
947
948
949
950
952
952
953
954
955
956
959
961
961
962
963
964
965
968
970
972
973
975
975
976
976
976
977
978
980
980
980
981
981
981
982
982
983
984
985
986
986
987
987
988
988
989
989
990
990
991
991
992
994
996
996
997
999
1000
1000
1002
1007
1007
1010
1011
1012
1012
1013
1013
1014
1014
1014
1015
1016
1017
1017
1017
1017
1018
1018
1019
1019
1021
1021
1022
1022
1023
1025
1025
1026
1026
1027
1027
1028
1028
1030
1030
1031
1031
1033
1033
1034
1036
1036
1037
1039
1040
1041
1042
1043
1043
1043
1044
1044
1045
1045
1046
1046
1046
1047
1047
1047
1048
1048
1049
1050
1050
1051
1052
1053
1055
1055
1056
1056
1057
1057
1057
1058
1059
1062
1062
1062
1062
1063
1065
1066
1066
1067
1067
1067
1068
1071
1071
1072
1072
1074
1078
1079
1079
1082
1084
1085
1085
1087
1088
1089
1090
1091
1092
1093
1095
1095
1095
1095
1096
1097
1098
1100
1101
1101
1102
1103
1105
1105
1108
1109
1109
1113
1115
1115
1115
1118
1118
1119
1119
1120
1121
1127
1127
1128
1129
1130
1130
1132
1133
1133
1134
1134
1136
1136
1136
1137
1141
1142
1143
1145
1146
1147
1147
1148
1149
1153
1153
1153
1155
1156
1157
1158
1158
1158
1160
1161
1161
1163
1164
1164
1164
1164
1166
1166
1168
1171
1172
1173
1173
1175
1175
1177
1178
1178
1180
1180
1181
1182
1182
1182
1182
1184
1184
1185
1185
1185
1187
1188
1189
1191
1191
1191
1192
1192
1193
1195
1195
1195
1198
1198
1199
1200
1201
1201
1202
1203
1203
1203
1205
1206
1208
1209
1211
1214
1214
1215
1218
1219
1220
1224
1224
1225
1226
1227
1227
1227
1229
1229
1231
1231
1234
1234
1234
1235
1236
1236
1237
1239
1239
1240
1240
1242
1242
1245
1249
1251
1251
1252
1252
1254
1256
1257
1257
1258
1258
1258
1262
1262
1263
1264
1266
1267
1267
1268
1270
1270
1272
1272
1273
1273
1275
1277
1277
1278
1278
1279
1280
1280
1281
1284
1286
1290
1290
1291
1291
1293
1294
1295
1296
1296
1297
1297
1297
1300
1301
1302
1302
1305
1305
1305
1306
1307
1307
1308
1308
1308
1310
1313
1315
1315
1316
1316
1317
1317
1321
1322
1322
1322
1322
1323
1324
1325
1326
1331
1332
1332
1332
1334
1334
1335
1335
1336
1337
1338
1339
1339
1339
1339
1341
1342
1342
1344
1345
1345
1347
1349
1350
1351
1351
1351
1352
1352
1353
1354
1357
1359
1359
1360
1361
1364
1364
1365
1365
1367
1368
1369
1369
1369
1369
1369
1371
1373
1375
1375
1375
1375
1378
1379
1380
1380
1381
1381
1381
1382
1383
1383
1384
1384
1384
1384
1385
1388
1389
1392
1392
1392
1394
1394
1395
1396
1397
1398
1398
1398
1400
1400
1403
1404
1405
1406
1408
1408
1409
1409
1410
1412
1415
1415
1416
1417
1419
1419
1419
1420
1420
1421
1422
1423
1423
1423
1424
1424
1425
1425
1426
1426
1426
1428
1430
1431
1432
1433
1433
1435
1437
1438
1438
1438
1439
1439
1439
1439
1444
1444
1445
1446
1447
1447
1451
1454
1455
1457
1457
1459
1461
1461
1462
1463
1463
1463
1464
1464
1466
1466
1466
1467
1467
1467
1468
1470
1471
1475
1475
1476
1477
1478
1478
1478
1480
1481
1481
1481
1482
1482
1482
1486
1486
1489
1489
1489
1490
1493
1494
1495
1495
1496
1497
1498
1498
1499
1499
1500
1500
1501
1501
1501
1502
1502
1503
1503
1504
1505
1507
1508
1508
1510
1513
1513
1517
1517
1520
1520
1521
1522
1522
1523
1524
1524
1525
1527
1527
1528
1529
1529
1530
1532
1532
1532
1532
1532
1532
1532
1534
1534
1535
1536
1538
1541
1544
1546
1549
1552
1552
1555
1555
1556
1559
1561
1562
1563
1564
1564
1564
1566
1567
1568
1569
1569
1574
1575
1575
1576
1578
1579
1580
1580
1582
1583
1584
1588
1589
1589
1590
1591
1591
1592
1593
1593
1594
1595
1595
1595
1597
1597
1599
1601
1604
1604
1605
1605
1606
1607
1608
1608
1609
1610
1610
1610
1613
1613
1614
1615
1616
1616
1617
1617
1617
1618
1619
1620
1621
1621
1621
1622
1622
1624
1624
1627
1627
1627
1628
1628
1628
1629
1632
1632
1633
1633
1633
1635
1635
1635
1636
1638
1638
1639
1640
1640
1640
1641
1642
1644
1646
1647
1648
1654
1656
1656
1659
1659
1659
1661
1662
1663
1663
1665
1666
1668
1668
1671
1672
1672
1673
1674
1675
1676
1679
1680
1680
1682
1682
1683
1683
1686
1687
1689
1691
1692
1693
1695
1695
1696
1697
1697
1698
1698
1698
1699
1699
1700
1701
1701
1702
1703
1703
1704
1704
1708
1709
1710
1711
1712
1713
1713
1714
1714
1717
1717
1718
1720
1720
1721
1721
1723
1725
1726
1728
1729
1730
1731
1731
1734
1737
1738
1738
1739
1743
1743
1746
1746
1748
1748
1749
1750
1751
1751
1752
1753
1753
1753
1754
1755
1755
1756
1758
1758
1759
1759
1760
1761
1761
1761
1762
1764
1765
1765
1766
1768
1770
1771
1771
1772
1772
1772
1775
1776
1776
1778
1780
1780
1780
1781
1781
1781
1782
1782
1782
1785
1787
1789
1790
1791
1792
1795
1795
1795
1795
1795
1796
1796
1796
1797
1799
1800
1803
1803
1806
1809
1810
1810
1811
1812
1813
1813
1815
1815
1816
1816
1816
1817
1818
1819
1821
1822
1822
1823
1823
1823
1826
1828
1829
1830
1830
1830
1830
1831
1833
1834
1835
1837
1837
1840
1840
1840
1841
1841
1842
1842
1842
1846
1847
1847
1848
1848
1849
1850
1850
1850
1850
1850
1851
1851
1852
1852
1853
1854
1855
1857
1857
1858
1858
1858
1859
1860
1860
1861
1861
1862
1863
1864
1865
1867
1868
1869
1871
1871
1871
1872
1872
1873
1874
1874
1874
1875
1875
1876
1877
1877
1877
1879
1879
1880
1880
1880
1880
1883
1885
1889
1891
1893
1893
1894
1894
1896
1896
1897
1897
1900
1900
1900
1902
1904
1905
1906
1907
1909
1909
1910
1911
1912
1913
1914
1915
1916
1916
1917
1918
1924
1924
1925
1926
1926
1926
1928
1928
1930
1933
1934
1936
1936
1938
1938
1940
1940
1940
1942
1944
1944
1944
1944
1947
1947
1948
1948
1949
1949
1951
1952
1953
1955
1957
1958
1960
1963
1964
1964
1964
1964
1966
1969
1969
1970
1973
1976
1978
1979
1980
1983
1984
1984
1985
1985
1986
1989
1990
1990
1991
1991
1992
1993
1993
1994
1994
1994
1995
1995
1998
1998
1999
2000
2002
2003
2004
2005
2008
2008
2008
2008
2010
2010
2010
2011
2013
2017
2017
2019
2020
2023
2025
2026
2027
2028
2028
2028
2029
2031
2031
2031
2032
2033
2033
2036
2037
2038
2039
2040
2041
2043
2045
2047
2049
2050
2050
2051
2053
2053
2053
2053
2055
2056
2058
2059
2060
2061
2062
2062
2063
2063
2063
2063
2064
2069
2069
2071
2072
2073
2074
2074
2075
2075
2077
2078
2079
2080
2080
2081
2081
2082
2083
2084
2085
2086
2086
2088
2088
2088
2089
2090
2090
2092
2092
2092
2092
2094
2094
2094
2094
2095
2095
2097
2097
2101
2101
2101
2104
2105
2106
2106
2106
2107
2108
2109
2110
2111
2112
2112
2114
2114
2118
2119
2120
2120
2121
2122
2123
2123
2124
2126
2131
2132
2132
2132
2133
2136
2136
2138
2139
2142
2142
2145
2145
2145
2146
2146
2147
2147
2147
2147
2151
2152
2153
2156
2157
2158
2161
2161
2161
2162
2162
2162
2162
2164
2164
2166
2166
2166
2169
2169
2169
2170
2170
2170
2171
2173
2173
2175
2175
2177
2177
2177
2179
2179
2179
2180
2181
2183
2183
2184
2184
2184
2186
2187
2189
2189
2189
2189
2196
2196
2197
2198
2199
2199
2199
2200
2201
2201
2201
2202
2203
2207
2208
2210
2211
2212
2214
2217
2218
2218
2219
2219
2219
2220
2222
2222
2222
2222
2225
2225
2227
2227
2227
2229
2230
2230
2231
2231
2231
2231
2233
2233
2234
2234
2235
2236
2237
2238
2238
2240
2240
2241
2241
2241
2242
2242
2243
2244
2245
2245
2246
2247
2248
2248
2248
2250
2250
2251
2251
2255
2255
2256
2259
2259
2265
2267
2268
2268
2270
2271
2272
2272
2273
2273
2274
2275
2276
2277
2277
2280
2282
2283
2283
2286
2286
2287
2288
2288
2289
2290
2291
2291
2292
2292
2293
2293
2296
2296
2296
2297
2297
2298
2301
2301
2301
2302
2302
2302
2302
2303
2303
2305
2305
2307
2308
2309
2309
2310
2311
2311
2313
2314
2314
2315
2316
2317
2320
2322
2323
2324
2326
2327
2327
2330
2331
2331
2332
2334
2334
2338
2338
2342
2343
2343
2344
2344
2345
2345
2345
2346
2348
2348
2349
2349
2350
2351
2352
2353
2353
2354
2356
2356
2359
2360
2362
2362
2363
2363
2364
2365
2365
2368
2369
2370
2374
2374
2375
2376
2376
2377
2378
2381
2382
2383
2385
2386
2387
2387
2388
2390
2390
2391
2392
2392
2393
2396
2396
2396
2398
2399
2400
2401
2401
2401
2402
2403
2403
2404
2404
2406
2408
2409
2409
2410
2412
2414
2416
2416
2417
2418
2418
2419
2420
2422
2422
2422
2423
2423
2424
2424
2424
2425
2426
2426
2427
2427
2432
2432
2435
2436
2437
2438
2441
2443
2443
2443
2443
2446
2447
2447
2451
2452
2452
2452
2453
2457
2458
2458
2458
2459
2459
2460
2460
2461
2461
2462
2462
2463
2463
2464
2466
2466
2467
2467
2469
2470
2472
2473
2474
2474
2474
2474
2475
2476
2476
2476
2480
2480
2484
2485
2485
2485
2485
2486
2487
2488
2488
2490
2490
2491
2492
2493
2494
2495
2495
2496
2496
2498
2498
2499
2501
2501
2503
2503
2503
2504
2504
2506
2506
2507
2508
2508
2511
2511
2512
2514
2514
2516
2517
2518
2519
2521
2522
2525
2529
2529
2530
2531
2531
2532
2533
2533
2537
2537
2537
2537
2538
2541
2541
2542
2543
2545
2546
2546
2547
2547
2548
2549
2554
2558
2558
2558
2563
2565
2565
2567
2568
2569
2572
2573
2574
2575
2576
2577
2577
2579
2580
2581
2583
2586
2586
2586
2587
2588
2589
2591
2591
2591
2593
2593
2593
2595
2596
2597
2599
2604
2605
2605
2605
2605
2605
2606
2607
2608
2610
2610
2611
2613
2614
2616
2616
2616
2616
2617
2620
2623
2624
2626
2626
2626
2627
2629
2630
2631
2633
2633
2633
2633
2634
2635
2635
2637
2637
2638
2641
2641
2642
2643
2644
2644
2646
2650
2654
2654
2654
2656
2657
2658
2658
2659
2659
2660
2662
2663
2663
2664
2664
2664
2665
2665
2666
2666
2667
2667
2669
2670
2671
2671
2672
2672
2672
2673
2673
2673
2674
2674
2674
2676
2678
2680
2681
2683
2683
2683
2683
2684
2684
2686
2687
2688
2689
2690
2693
2694
2694
2694
2695
2695
2702
2703
2704
2705
2705
2705
2706
2706
2707
2707
2711
2712
2712
2712
2713
2713
2714
2714
2715
2716
2718
2718
2721
2721
2721
2723
2723
2725
2725
2726
2727
2727
2728
2728
2731
2731
2732
2732
2734
2736
2736
2736
2736
2738
2741
2743
2743
2745
2745
2746
2747
2748
2748
2749
2750
2751
2751
2753
2755
2756
2756
2757
2758
2758
2758
2759
2761
2762
2764
2764
2764
2765
2766
2768
2768
2770
2770
2771
2772
2775
2775
2775
2775
2775
2776
2776
2777
2779
2779
2780
2781
2781
2782
2783
2783
2783
2785
2787
2788
2790
2790
2790
2791
2792
2794
2794
2796
2798
2801
2801
2802
2804
2804
2804
2805
2806
2807
2808
2810
2812
2815
2815
2816
2816
2818
2819
2820
2822
2823
2824
2825
2827
2831
2832
2832
2835
2836
2837
2837
2838
2838
2839
2840
2841
2842
2843
2843
2845
2848
2849
2850
2853
2854
2855
2855
2855
2856
2858
2859
2861
2861
2861
2863
2864
2865
2866
2866
2869
2874
2875
2876
2876
2877
2877
2878
2880
2880
2881
2882
2883
2883
2886
2887
2888
2888
2888
2891
2891
2894
2895
2895
2895
2896
2896
2898
2899
2899
2899
2901
2902
2902
2902
2903
2903
2904
2904
2905
2907
2907
2908
2909
2910
2910
2911
2911
2912
2912
2913
2913
2913
2914
2916
2917
2917
2920
2924
2924
2925
2925
2926
2927
2928
2929
2931
2931
2932
2932
2934
2934
2934
2935
2935
2936
2937
2939
2941
2941
2942
2943
2946
2947
2948
2950
2950
2951
2951
2953
2953
2954
2955
2958
2958
2959
2961
2961
2961
2961
2961
2964
2964
2966
2966
2966
2966
2968
2968
2968
2969
2970
2970
2972
2973
2974
2975
2977
2977
2979
2979
2979
2981
2981
2983
2983
2983
2983
2984
2986
2990
2994
2994
2995
2995
2995
2996
2998
2999
2999
3001
3001
3001
3003
3004
3005
3006
3006
3007
3007
3010
3010
3011
3012
3013
3015
3015
3016
3017
3018
3018
3018
3019
3020
3020
3020
3021
3026
3026
3027
3029
3029
3030
3030
3031
3034
3034
3035
3035
3040
3041
3041
3042
3042
3042
3042
3043
3044
3045
3046
3047
3047
3047
3048
3048
3050
3050
3050
3052
3052
3052
3053
3054
3054
3055
3057
3058
3058
3058
3058
3061
3063
3065
3067
3068
3069
3072
3073
3076
3076
3076
3078
3078
3079
3081
3081
3081
3083
3084
3088
3088
3089
3089
3089
3093
3095
3097
3100
3100
3102
3103
3105
3106
3106
3107
3107
3108
3108
3109
3111
3112
3112
3112
3113
3114
3115
3116
3117
3117
3118
3118
3118
3119
3122
3123
3124
3124
3124
3125
3125
3126
3126
3127
3129
3132
3136
3138
3138
3139
3139
3139
3139
3142
3143
3143
3143
3144
3144
3145
3146
3146
3150
3150
3151
3152
3153
3153
3153
3155
3155
3156
3158
3160
3161
3162
3163
3163
3163
3164
3164
3164
3165
3166
3169
3169
3170
3172
3173
3173
3174
3174
3175
3175
3180
3181
3181
3181
3182
3182
3182
3183
3184
3184
3184
3185
3185
3185
3187
3188
3188
3188
3189
3189
3190
3190
3191
3192
3196
3197
3198
3200
3200
3200
3201
3202
3203
3203
3205
3207
3208
3208
3211
3212
3213
3215
3216
3217
3217
3218
3219
3219
3220
3220
3220
3220
3221
3223
3225
3226
3226
3226
3228
3229
3229
3229
3231
3236
3236
3238
3239
3239
3245
3245
3245
3248
3248
3249
3249
3251
3252
3254
3254
3255
3256
3257
3263
3265
3267
3270
3271
3273
3274
3275
3276
3276
3279
3280
3281
3282
3283
3284
3284
3285
3286
3286
3287
3288
3288
3290
3291
3294
3294
3296
3299
3300
3303
3305
3306
3307
3307
3309
3309
3312
3316
3316
3317
3317
3318
3318
3318
3318
3319
3319
3320
3320
3321
3321
3321
3322
3323
3323
3326
3327
3327
3328
3331
3339
3341
3341
3341
3342
3343
3343
3345
3346
3346
3346
3347
3347
3349
3353
3354
3355
3355
3355
3356
3357
3357
3359
3360
3361
3361
3361
3363
3364
3365
3366
3368
3369
3370
3371
3371
3372
3372
3372
3372
3373
3373
3374
3374
3374
3376
3376
3376
3376
3376
3377
3378
3378
3380
3382
3384
3384
3385
3386
3386
3388
3388
3389
3390
3391
3391
3392
3394
3394
3395
3396
3398
3399
3400
3401
3401
3402
3402
3404
3404
3406
3408
3409
3409
3410
3412
3413
3413
3416
3417
3420
3421
3421
3421
3422
3423
3425
3426
3426
3427
3428
3430
3431
3433
3435
3436
3436
3437
3438
3439
3439
3443
3448
3449
3450
3450
3451
3452
3452
3453
3453
3456
3460
3463
3466
3467
3467
3469
3469
3469
3472
3473
3473
3473
3475
3475
3477
3477
3477
3479
3480
3480
3480
3480
3481
3481
3482
3484
3485
3485
3485
3486
3489
3489
3491
3491
3492
3494
3496
3497
3498
3501
3502
3502
3502
3502
3503
3503
3506
3507
3508
3510
3511
3511
3511
3512
3513
3513
3513
3515
3515
3516
3516
3516
3516
3516
3517
3518
3518
3518
3519
3522
3522
3522
3522
3525
3526
3528
3528
3528
3531
3532
3533
3535
3536
3536
3538
3538
3540
3541
3541
3542
3543
3544
3547
3549
3550
3550
3551
3552
3552
3553
3553
3555
3562
3562
3563
3563
3563
3563
3564
3564
3565
3566
3568
3570
3570
3571
3571
3572
3573
3573
3574
3577
3577
3577
3577
3577
3578
3578
3580
3581
3583
3584
3585
3585
3586
3586
3588
3589
3589
3589
3591
3591
3591
3592
3593
3593
3594
3595
3596
3598
3600
3600
3601
3601
3602
3603
3604
3605
3607
3607
3607
3608
3609
3610
3611
3611
3612
3617
3617
3618
3619
3620
3622
3622
3625
3626
3626
3627
3628
3631
3633
3633
3634
3635
3640
3640
3643
3643
3644
3645
3647
3648
3650
3650
3650
3651
3651
3651
3653
3653
3654
3654
3654
3655
3655
3655
3655
3656
3657
3658
3658
3659
3660
3663
3664
3665
3666
3666
3668
3668
3668
3669
3669
3670
3670
3671
3672
3673
3676
3676
3676
3677
3677
3679
3679
3680
3680
3680
3681
3684
3684
3684
3686
3686
3686
3686
3689
3689
3690
3690
3692
3692
3694
3695
3695
3696
3696
3697
3698
3698
3699
3700
3700
3700
3701
3702
3705
3706
3707
3707
3708
3709
3709
3709
3710
3711
3714
3715
3715
3716
3716
3717
3718
3720
3720
3721
3723
3724
3726
3727
3727
3731
3735
3735
3736
3736
3737
3739
3739
3739
3741
3741
3741
3742
3742
3743
3745
3745
3746
3748
3749
3749
3749
3750
3750
3751
3754
3755
3756
3759
3759
3759
3761
3762
3763
3765
3765
3768
3768
3769
3769
3769
3769
3771
3771
3772
3772
3774
3776
3776
3777
3777
3778
3778
3778
3779
3781
3783
3783
3784
3786
3786
3786
3787
3791
3792
3792
3793
3793
3794
3794
3795
3796
3798
3800
3803
3804
3804
3805
3807
3810
3810
3810
3811
3812
3812
3816
3816
3817
3817
3819
3819
3820
3820
3820
3820
3821
3823
3823
3824
3824
3825
3828
3829
3829
3830
3830
3831
3831
3831
3832
3832
3832
3833
3836
3838
3838
3838
3840
3840
3841
3841
3844
3844
3844
3848
3849
3851
3852
3852
3853
3854
3857
3857
3858
3858
3858
3858
3859
3859
3860
3861
3861
3864
3866
3867
3869
3870
3871
3871
3871
3872
3872
3872
3873
3873
3875
3875
3875
3878
3879
3879
3879
3879
3880
3881
3881
3882
3883
3885
3887
3887
3887
3892
3893
3893
3894
3894
3894
3898
3900
3901
3902
3903
3905
3906
3907
3908
3912
3913
3913
3914
3915
3915
3917
3917
3918
3919
3919
3919
3922
3922
3923
3923
3924
3925
3926
3926
3927
3928
3929
3929
3929
3930
3930
3931
3933
3934
3934
3934
3935
3935
3936
3936
3937
3938
3938
3938
3940
3940
3941
3942
3942
3943
3944
3944
3944
3944
3945
3946
3953
3954
3956
3957
3957
3958
3958
3962
3964
3964
3964
3968
3969
3970
3971
3972
3975
3977
3979
3979
3981
3983
3984
3984
3986
3986
3986
3986
3987
3990
3991
3991
3993
3994
3996
3996
3998
3998
3999
4001
4003
4004
4007
4010
4011
4011
4011
4013
4015
4015
4016
4017
4018
4019
4020
4020
4021
4021
4021
4022
4023
4025
4025
4026
4026
4027
4027
4027
4028
4031
4032
4033
4033
4034
4036
4037
4038
4038
4038
4039
4039
4039
4041
4042
4042
4045
4047
4048
4049
4050
4055
4056
4057
4057
4058
4058
4059
4060
4062
4064
4064
4064
4064
4066
4067
4068
4069
4070
4074
4077
4079
4082
4082
4082
4083
4085
4086
4088
4090
4092
4096
4096
4097
4098
4099
4101
4102
4103
4104
4106
4107
4108
4109
4110
4110
4111
4113
4113
4114
4115
4115
4118
4118
4118
4119
4119
4120
4121
4122
4123
4123
4128
4128
4132
4132
4133
4133
4134
4135
4136
4137
4139
4139
4140
4140
4141
4144
4144
4145
4146
4147
4149
4151
4154
4156
4156
4158
4159
4159
4164
4164
4164
4164
4166
4168
4168
4168
4169
4169
4170
4170
4170
4172
4174
4174
4175
4177
4178
4179
4179
4180
4180
4181
4181
4181
4182
4183
4184
4185
4185
4186
4186
4186
4187
4190
4190
4192
4192
4194
4194
4194
4195
4195
4195
4196
4196
4197
4198
4199
4200
4200
4201
4201
4202
4203
4204
4204
4205
4206
4207
4212
4213
4214
4216
4216
4216
4217
4219
4221
4222
4224
4225
4226
4226
4227
4227
4227
4229
4230
4232
4233
4234
4235
4235
4235
4236
4236
4237
4237
4239
4240
4241
4241
4243
4243
4244
4245
4246
4246
4248
4250
4251
4251
4251
4253
4254
4254
4255
4255
4256
4256
4257
4257
4258
4261
4262
4262
4263
4268
4269
4270
4271
4272
4274
4274
4275
4275
4276
4276
4278
4280
4282
4284
4288
4289
4289
4290
4291
4297
4297
4299
4301
4303
4306
4307
4307
4308
4309
4312
4312
4313
4314
4314
4315
4316
4316
4317
4318
4319
4320
4320
4320
4324
4326
4327
4327
4329
4329
4329
4329
4330
4330
4331
4332
4332
4333
4337
4341
4341
4345
4348
4348
4348
4351
4352
4353
4353
4354
4354
4354
4354
4355
4355
4355
4358
4358
4358
4361
4361
4362
4363
4364
4364
4364
4366
4366
4367
4368
4369
4369
4370
4371
4371
4372
4372
4375
4376
4377
4377
4378
4378
4378
4379
4379
4379
4379
4380
4380
4380
4382
4382
4382
4384
4384
4385
4385
4387
4387
4388
4389
4390
4390
4390
4391
4391
4393
4398
4399
4400
4400
4400
4400
4401
4404
4404
4404
4405
4405
4405
4405
4406
4406
4406
4406
4406
4406
4406
4407
4410
4411
4416
4416
4417
4418
4419
4419
4422
4422
4423
4423
4425
4425
4425
4427
4429
4430
4434
4435
4437
4438
4441
4442
4442
4443
4445
4445
4446
4448
4449
4449
4450
4451
4453
4454
4455
4456
4456
4457
4458
4459
4460
4460
4461
4461
4462
4462
4464
4468
4468
4471
4473
4474
4474
4478
4479
4480
4481
4482
4483
4484
4485
4485
4486
4486
4488
4488
4488
4489
4490
4491
4492
4494
4495
4495
4498
4500
4500
4503
4504
4505
4506
4508
4509
4509
4509
4509
4510
4511
4512
4513
4516
4516
4517
4517
4518
4518
4519
4520
4520
4521
4522
4522
4523
4523
4524
4525
4530
4531
4532
4534
4536
4536
4539
4539
4542
4543
4544
4544
4544
4544
4545
4545
4545
4546
4546
4546
4546
4546
4549
4549
4550
4551
4553
4554
4556
4556
4558
4558
4559
4561
4563
4564
4567
4567
4568
4570
4570
4571
4574
4574
4574
4574
4575
4576
4578
4580
4582
4583
4583
4586
4586
4586
4586
4590
4590
4592
4592
4593
4594
4596
4597
4598
4599
4600
4600
4602
4602
4603
4603
4604
4605
4608
4608
4612
4613
4614
4615
4615
4616
4617
4618
4620
4623
4623
4623
4624
4624
4626
4626
4628
4628
4629
4632
4634
4635
4636
4637
4638
4638
4638
4639
4640
4640
4640
4640
4640
4641
4641
4642
4643
4643
4643
4644
4644
4647
4647
4648
4648
4649
4650
4654
4656
4658
4658
4659
4659
4662
4664
4664
4665
4665
4667
4667
4668
4668
4670
4670
4670
4671
4672
4673
4674
4676
4676
4676
4676
4677
4678
4678
4679
4679
4679
4682
4687
4687
4688
4688
4689
4689
4690
4691
4692
4692
4693
4693
4694
4696
4697
4697
4699
4699
4701
4702
4703
4704
4705
4706
4710
4710
4711
4711
4711
4712
4712
4713
4716
4723
4723
4724
4725
4725
4725
4726
4726
4728
4728
4730
4730
4730
4731
4733
4734
4735
4735
4737
4739
4740
4742
4742
4743
4746
4747
4748
4750
4751
4751
4752
4753
4754
4755
4755
4757
4758
4758
4760
4760
4760
4762
4762
4762
4765
4765
4768
4770
4770
4773
4773
4774
4778
4778
4781
4782
4783
4783
4783
4785
4786
4787
4789
4789
4792
4793
4793
4793
4794
4795
4796
4797
4797
4800
4801
4801
4802
4803
4804
4804
4804
4806
4806
4807
4808
4809
4809
4810
4811
4812
4813
4813
4815
4815
4815
4816
4816
4817
4820
4824
4826
4828
4829
4831
4832
4833
4833
4834
4836
4836
4836
4837
4839
4839
4839
4843
4845
4846
4846
4847
4847
4849
4849
4849
4850
4850
4850
4851
4854
4856
4857
4857
4857
4859
4859
4859
4860
4860
4861
4861
4861
4862
4864
4864
4866
4866
4866
4867
4867
4868
4868
4869
4869
4871
4871
4874
4874
4876
4877
4878
4879
4880
4884
4885
4886
4889
4889
4890
4891
4892
4892
4894
4895
4897
4897
4897
4900
4901
4902
4903
4905
4905
4908
4910
4910
4910
4911
4912
4914
4914
4915
4918
4919
4920
4921
4923
4925
4927
4928
4928
4928
4931
4936
4938
4945
4945
4946
4946
4946
4948
4950
4950
4953
4953
4957
4957
4961
4963
4963
4964
4965
4965
4966
4966
4971
4971
4973
4974
4975
4975
4975
4976
4977
4979
4980
4980
4982
4987
4988
4988
4989
4992
4993
4993
4993
4994
4994
4995
4997
4998
4999
5002
5002
5002
5005
5005
5006
5006
5006
5007
5007
5008
5008
5009
5012
5012
5013
5014
5015
5015
5015
5016
5017
5020
5021
5024
5025
5026
5027
5028
5029
5029
5030
5030
5030
5031
5032
5035
5036
5036
5037
5037
5037
5038
5039
5040
5040
5042
5043
5044
5045
5047
5047
5048
5048
5048
5051
5051
5053
5053
5054
5056
5059
5060
5060
5061
5063
5063
5065
5065
5065
5065
5065
5066
5068
5072
5073
5073
5074
5076
5076
5077
5077
5078
5080
5081
5082
5082
5083
5083
5083
5086
5086
5086
5087
5087
5088
5088
5089
5089
5092
5092
5092
5095
5095
5097
5097
5097
5098
5101
5102
5104
5104
5105
5105
5105
5108
5108
5112
5112
5113
5114
5114
5114
5116
5117
5117
5119
5123
5124
5124
5124
5127
5128
5128
5130
5130
5133
5134
5135
5136
5136
5137
5138
5139
5139
5141
5141
5141
5146
5147
5151
5153
5153
5155
5155
5155
5156
5156
5160
5160
5160
5161
5163
5164
5165
5166
5166
5166
5167
5169
5169
5170
5170
5171
5172
5173
5173
5174
5174
5175
5175
5177
5178
5179
5180
5180
5180
5182
5182
5183
5183
5184
5187
5188
5188
5189
5190
5193
5193
5196
5196
5196
5197
5198
5201
5204
5204
5204
5205
5205
5206
5206
5207
5207
5209
5210
5211
5211
5212
5215
5215
5216
5217
5218
5220
5222
5222
5224
5224
5224
5224
5225
5225
5225
5226
5227
5227
5227
5228
5230
5230
5231
5231
5231
5232
5232
5234
5234
5235
5235
5237
5238
5240
5241
5242
5247
5247
5249
5251
5251
5252
5253
5254
5254
5256
5256
5258
5258
5260
5260
5261
5261
5262
5262
5262
5264
5265
5268
5269
5270
5270
5272
5272
5273
5274
5276
5276
5276
5277
5279
5279
5279
5281
5283
5285
5285
5287
5288
5288
5290
5291
5292
5293
5293
5293
5293
5295
5296
5296
5298
5299
5301
5302
5304
5305
5306
5307
5308
5308
5309
5312
5312
5313
5315
5315
5317
5317
5319
5321
5324
5325
5327
5328
5331
5332
5332
5333
5334
5335
5336
5337
5338
5339
5340
5340
5341
5341
5343
5344
5348
5352
5353
5353
5353
5355
5355
5356
5357
5361
5361
5362
5363
5364
5365
5366
5366
5366
5367
5367
5367
5368
5368
5368
5370
5371
5372
5374
5375
5376
5376
5377
5378
5379
5379
5379
5379
5379
5382
5384
5385
5385
5386
5386
5388
5390
5391
5391
5392
5393
5395
5396
5397
5398
5399
5399
5400
5400
5402
5403
5403
5403
5404
5405
5405
5407
5408
5410
5411
5414
5414
5416
5417
5418
5419
5419
5419
5419
5420
5422
5422
5424
5424
5425
5426
5426
5427
5427
5429
5429
5429
5430
5430
5431
5432
5433
5434
5435
5437
5437
5439
5440
5442
5442
5443
5444
5446
5449
5450
5451
5452
5452
5453
5454
5454
5454
5456
5459
5460
5461
5462
5462
5462
5462
5463
5465
5465
5467
5468
5468
5471
5471
5473
5474
5475
5475
5475
5477
5478
5478
5479
5481
5482
5484
5487
5487
5488
5488
5489
5491
5497
5497
5498
5501
5502
5504
5504
5504
5505
5505
5505
5507
5508
5509
5512
5513
5514
5514
5514
5516
5517
5518
5518
5520
5520
5520
5520
5522
5523
5527
5528
5528
5529
5531
5531
5533
5534
5534
5535
5537
5537
5538
5540
5540
5542
5543
5544
5546
5546
5548
5549
5554
5554
5556
5556
5557
5560
5561
5562
5566
5566
5569
5569
5570
5571
5571
5571
5575
5575
5576
5576
5579
5580
5580
5583
5584
5586
5587
5589
5589
5589
5591
5591
5592
5593
5595
5595
5597
5599
5600
5601
5606
5606
5607
5609
5609
5610
5611
5611
5612
5614
5617
5618
5618
5618
5620
5623
5623
5623
5624
5627
5629
5630
5630
5631
5631
5632
5632
5632
5633
5633
5637
5637
5641
5643
5644
5645
5645
5646
5646
5646
5648
5650
5650
5652
5652
5653
5654
5654
5655
5656
5657
5659
5662
5663
5663
5664
5667
5668
5668
5670
5670
5671
5672
5672
5673
5674
5674
5676
5677
5677
5679
5681
5682
5682
5683
5685
5687
5687
5688
5689
5690
5690
5693
5694
5694
5696
5696
5697
5697
5698
5698
5699
5703
5706
5708
5709
5710
5711
5712
5712
5713
5713
5714
5716
5716
5719
5720
5721
5722
5722
5722
5723
5724
5725
5725
5726
5726
5727
5728
5728
5729
5730
5730
5731
5731
5732
5734
5735
5738
5738
5739
5740
5741
5742
5742
5743
5744
5744
5745
5748
5750
5750
5751
5753
5753
5756
5756
5757
5757
5758
5760
5762
5762
5763
5764
5766
5766
5767
5767
5769
5769
5771
5773
5774
5774
5777
5781
5782
5782
5783
5783
5784
5784
5784
5786
5787
5789
5793
5794
5794
5795
5796
5797
5798
5799
5799
5800
5801
5802
5803
5803
5804
5804
5804
5805
5806
5806
5809
5809
5809
5810
5811
5811
5811
5812
5814
5814
5815
5817
5817
5817
5818
5819
5819
5819
5821
5822
5823
5824
5825
5827
5829
5829
5830
5830
5832
5832
5833
5834
5834
5834
5836
5837
5839
5841
5841
5844
5845
5845
5847
5848
5848
5849
5849
5850
5850
5851
5851
5853
5853
5856
5856
5858
5859
5859
5859
5862
5862
5866
5869
5871
5873
5873
5874
5874
5876
5878
5878
5879
5879
5880
5880
5881
5881
5881
5884
5885
5889
5892
5893
5893
5894
5894
5896
5897
5898
5898
5899
5900
5901
5903
5904
5904
5905
5905
5906
5907
5908
5909
5911
5912
5912
5913
5913
5914
5915
5916
5916
5917
5917
5919
5921
5923
5924
5924
5924
5925
5926
5926
5926
5927
5930
5930
5930
5930
5933
5933
5933
5934
5934
5936
5937
5940
5942
5943
5945
5945
5946
5946
5946
5948
5948
5949
5950
5950
5950
5951
5951
5953
5953
5954
5955
5956
5957
5958
5960
5960
5962
5962
5963
5963
5964
5967
5968
5968
5968
5969
5969
5970
5972
5972
5973
5975
5976
5977
5978
5978
5979
5980
5980
5982
5984
5984
5984
5984
5985
5985
5986
5986
5987
5991
5992
5994
5995
5996
5997
5999
5999
5999
5999
5999
6003
6004
6004
6006
6006
6007
6009
6011
6012
6013
6013
6014
6014
6017
6017
6018
6019
6021
6023
6023
6024
6024
6025
6026
6027
6027
6027
6028
6031
6032
6034
6035
6037
6037
6040
6042
6042
6044
6045
6045
6046
6046
6048
6049
6050
6051
6052
6054
6055
6056
6057
6060
6064
6065
6069
6071
6071
6075
6077
6077
6077
6077
6078
6079
6080
6082
6084
6084
6085
6085
6085
6085
6088
6089
6090
6090
6090
6091
6092
6094
6094
6095
6096
6097
6098
6099
6099
6100
6100
6102
6102
6102
6103
6103
6107
6108
6109
6110
6112
6112
6115
6115
6115
6117
6118
6118
6118
6122
6123
6124
6126
6127
6127
6129
6130
6132
6132
6134
6136
6138
6140
6140
6141
6142
6143
6143
6143
6146
6147
6147
6148
6150
6150
6150
6151
6153
6153
6155
6156
6157
6157
6158
6159
6159
6161
6162
6164
6164
6165
6166
6168
6169
6169
6169
6169
6171
6171
6174
6175
6175
6176
6177
6179
6180
6181
6181
6186
6186
6186
6186
6187
6188
6189
6191
6191
6191
6192
6194
6194
6196
6196
6198
6198
6200
6200
6200
6200
6202
6202
6203
6203
6204
6205
6205
6207
6207
6207
6208
6209
6209
6210
6211
6213
6214
6215
6215
6216
6216
6216
6217
6217
6218
6218
6219
6219
6219
6222
6223
6223
6224
6226
6226
6228
6229
6231
6233
6233
6236
6238
6239
6244
6245
6247
6247
6251
6253
6254
6256
6256
6256
6256
6256
6258
6258
6258
6258
6258
6259
6260
6260
6261
6262
6263
6264
6264
6265
6267
6267
6270
6270
6271
6272
6272
6274
6275
6275
6275
6276
6277
6278
6281
6281
6282
6283
6285
6285
6286
6288
6290
6291
6292
6293
6293
6294
6295
6295
6296
6298
6301
6301
6302
6302
6302
6302
6303
6306
6310
6310
6311
6312
6314
6314
6315
6317
6317
6317
6318
6318
6319
6321
6323
6324
6324
6325
6326
6327
6328
6329
6330
6331
6334
6335
6337
6337
6341
6341
6342
6344
6345
6345
6346
6346
6348
6348
6349
6352
6352
6352
6355
6355
6355
6357
6358
6358
6359
6359
6361
6365
6365
6365
6366
6366
6366
6366
6367
6367
6367
6369
6369
6372
6374
6376
6376
6378
6378
6379
6380
6381
6382
6383
6387
6387
6389
6389
6391
6395
6395
6395
6397
6398
6398
6400
6401
6401
6403
6406
6406
6406
6407
6407
6409
6409
6411
6412
6412
6414
6415
6415
6415
6422
6425
6425
6425
6426
6428
6429
6434
6435
6438
6441
6441
6442
6446
6446
6446
6447
6448
6449
6449
6450
6450
6450
6451
6453
6454
6455
6457
6457
6458
6459
6463
6464
6465
6465
6466
6470
6471
6471
6472
6472
6472
6473
6473
6475
6475
6476
6477
6480
6480
6481
6482
6482
6482
6485
6485
6486
6487
6488
6491
6492
6492
6493
6493
6493
6494
6495
6495
6495
6496
6496
6496
6497
6497
6498
6498
6499
6499
6500
6501
6501
6503
6505
6505
6506
6507
6507
6514
6515
6516
6519
6520
6521
6522
6523
6524
6526
6529
6532
6532
6533
6533
6534
6535
6535
6536
6538
6539
6539
6540
6540
6541
6544
6544
6545
6546
6546
6547
6547
6547
6547
6549
6549
6551
6553
6553
6554
6554
6555
6555
6555
6555
6556
6557
6558
6560
6560
6562
6564
6565
6565
6567
6568
6569
6570
6570
6571
6571
6571
6574
6575
6577
6577
6578
6578
6579
6579
6580
6582
6584
6584
6584
6585
6586
6586
6587
6587
6589
6589
6590
6591
6591
6591
6591
6591
6593
6593
6595
6596
6596
6598
6600
6601
6601
6603
6605
6605
6605
6606
6606
6607
6608
6609
6610
6611
6612
6613
6613
6614
6614
6615
6615
6616
6617
6619
6620
6620
6623
6624
6624
6624
6625
6627
6627
6628
6629
6629
6629
6630
6630
6630
6633
6635
6635
6636
6636
6638
6638
6639
6640
6641
6641
6641
6644
6644
6645
6646
6646
6647
6647
6648
6649
6649
6649
6651
6652
6655
6655
6656
6657
6658
6660
6660
6661
6665
6667
6667
6669
6669
6670
6670
6672
6676
6676
6676
6678
6679
6682
6683
6684
6684
6684
6684
6685
6687
6687
6690
6691
6692
6693
6697
6697
6698
6698
6698
6702
6702
6704
6705
6706
6707
6707
6709
6709
6711
6711
6713
6714
6714
6714
6715
6716
6718
6720
6721
6722
6723
6723
6723
6724
6725
6727
6727
6728
6730
6730
6730
6732
6737
6738
6739
6739
6739
6741
6743
6746
6746
6746
6749
6749
6750
6751
6751
6751
6752
6753
6754
6754
6755
6755
6755
6756
6756
6756
6759
6759
6761
6761
6762
6765
6765
6766
6766
6766
6768
6768
6768
6769
6773
6773
6773
6774
6774
6775
6780
6780
6780
6780
6781
6782
6783
6783
6786
6786
6786
6786
6786
6788
6788
6792
6792
6792
6794
6795
6795
6795
6796
6796
6797
6797
6798
6799
6803
6804
6804
6805
6806
6807
6807
6807
6807
6808
6808
6811
6814
6815
6816
6818
6820
6821
6822
6825
6825
6827
6829
6829
6830
6831
6831
6832
6833
6833
6834
6835
6836
6837
6837
6838
6840
6840
6842
6842
6843
6847
6850
6850
6850
6852
6854
6855
6856
6859
6862
6867
6868
6868
6869
6871
6872
6873
6873
6874
6877
6879
6880
6881
6881
6883
6888
6891
6893
6893
6894
6895
6895
6895
6896
6898
6898
6900
6901
6904
6905
6905
6906
6906
6908
6910
6910
6911
6912
6913
6914
6914
6914
6917
6918
6918
6921
6922
6923
6925
6926
6928
6929
6929
6930
6930
6933
6933
6934
6935
6935
6938
6938
6939
6942
6944
6944
6945
6945
6947
6950
6951
6954
6954
6954
6955
6955
6956
6957
6957
6959
6959
6959
6961
6961
6963
6965
6965
6966
6967
6970
6970
6970
6976
6979
6980
6983
6984
6985
6985
6986
6988
6990
6990
6990
6990
6991
6992
6992
6993
6993
6994
6998
6999
7000
7003
7003
7004
7005
7005
7007
7008
7009
7010
7010
7011
7011
7013
7016
7018
7018
7019
7019
7019
7020
7022
7025
7030
7031
7031
7032
7034
7035
7036
7037
7038
7038
7040
7040
7040
7040
7040
7040
7042
7043
7043
7044
7044
7045
7046
7046
7047
7047
7049
7050
7052
7053
7053
7053
7054
7054
7055
7057
7058
7058
7059
7060
7061
7061
7062
7063
7063
7063
7064
7065
7070
7070
7072
7072
7073
7073
7073
7073
7073
7074
7075
7075
7076
7078
7082
7082
7083
7085
7086
7088
7089
7091
7092
7093
7094
7096
7096
7097
7098
7098
7099
7099
7100
7100
7101
7101
7102
7103
7105
7106
7107
7107
7107
7107
7112
7113
7113
7115
7115
7117
7118
7118
7121
7122
7122
7123
7124
7124
7128
7129
7129
7130
7131
7131
7133
7133
7135
7135
7138
7140
7142
7144
7144
7147
7147
7147
7148
7149
7150
7152
7154
7154
7157
7157
7159
7160
7162
7163
7165
7165
7167
7168
7168
7170
7174
7175
7176
7176
7177
7178
7178
7180
7181
7182
7182
7183
7183
7183
7184
7185
7185
7186
7187
7187
7191
7191
7191
7192
7193
7194
7195
7195
7196
7197
7197
7198
7200
7200
7201
7202
7202
7203
7204
7204
7205
7206
7206
7207
7207
7210
7211
7211
7212
7212
7214
7215
7216
7216
7217
7217
7218
7219
7219
7221
7222
7224
7224
7225
7226
7226
7228
7229
7231
7231
7231
7232
7232
7234
7235
7237
7237
7243
7243
7245
7247
7247
7248
7249
7249
7251
7252
7252
7253
7255
7255
7256
7258
7258
7261
7262
7262
7263
7264
7264
7264
7265
7270
7270
7270
7270
7270
7271
7272
7273
7273
7274
7274
7279
7279
7280
7280
7282
7284
7286
7286
7287
7287
7290
7291
7293
7293
7294
7294
7295
7296
7297
7297
7299
7300
7300
7301
7305
7306
7306
7306
7307
7307
7307
7307
7308
7309
7311
7312
7313
7314
7315
7315
7315
7316
7316
7317
7321
7321
7322
7323
7323
7324
7324
7324
7325
7329
7329
7330
7331
7332
7333
7333
7334
7334
7335
7336
7338
7338
7338
7338
7341
7341
7341
7344
7344
7344
7345
7346
7346
7346
7347
7350
7351
7352
7355
7355
7356
7356
7356
7357
7358
7358
7359
7359
7360
7361
7362
7362
7363
7364
7366
7368
7369
7370
7372
7372
7372
7375
7375
7376
7377
7379
7380
7383
7385
7386
7387
7387
7390
7391
7392
7392
7392
7396
7396
7397
7397
7399
7402
7407
7407
7408
7410
7410
7411
7414
7415
7416
7419
7419
7419
7421
7425
7425
7425
7426
7427
7427
7427
7428
7429
7430
7431
7432
7432
7432
7433
7437
7437
7438
7439
7439
7440
7441
7443
7443
7444
7444
7444
7445
7446
7449
7449
7450
7451
7451
7453
7453
7454
7454
7454
7455
7455
7455
7456
7458
7460
7461
7462
7463
7463
7465
7467
7467
7469
7469
7469
7471
7471
7473
7473
7473
7475
7476
7476
7477
7477
7478
7479
7479
7479
7481
7483
7484
7484
7484
7484
7485
7486
7489
7489
7489
7490
7492
7492
7493
7494
7495
7495
7495
7495
7495
7496
7497
7500
7501
7502
7503
7503
7504
7506
7506
7507
7508
7509
7509
7509
7509
7510
7510
7513
7513
7516
7518
7519
7523
7526
7527
7531
7531
7532
7533
7534
7536
7537
7540
7542
7542
7543
7543
7543
7544
7544
7545
7546
7547
7548
7550
7552
7553
7554
7556
7557
7558
7560
7560
7562
7563
7565
7566
7567
7567
7568
7568
7570
7573
7577
7578
7578
7580
7580
7583
7583
7584
7585
7586
7587
7588
7590
7590
7591
7592
7594
7594
7596
7598
7599
7600
7603
7604
7606
7606
7607
7611
7612
7613
7615
7615
7617
7617
7618
7620
7623
7623
7624
7626
7628
7629
7629
7629
7629
7630
7631
7631
7631
7632
7633
7637
7637
7637
7638
7640
7640
7641
7643
7643
7643
7644
7644
7644
7645
7647
7647
7649
7649
7652
7657
7658
7658
7658
7661
7662
7664
7664
7665
7667
7670
7672
7673
7676
7676
7677
7677
7678
7678
7679
7680
7683
7683
7684
7684
7687
7688
7689
7689
7692
7692
7692
7693
7696
7697
7699
7699
7700
7700
7700
7700
7702
7703
7703
7703
7705
7706
7706
7708
7709
7709
7709
7712
7712
7714
7714
7714
7715
7715
7715
7715
7715
7715
7717
7719
7719
7720
7721
7721
7721
7722
7722
7724
7725
7725
7726
7726
7726
7727
7727
7727
7729
7730
7734
7735
7735
7735
7735
7735
7737
7738
7739
7739
7740
7740
7743
7745
7748
7749
7749
7749
7750
7750
7751
7751
7753
7754
7755
7756
7756
7756
7757
7757
7758
7758
7763
7764
7764
7765
7765
7766
7766
7768
7768
7768
7770
7770
7771
7771
7772
7774
7777
7778
7780
7782
7783
7784
7785
7785
7787
7787
7787
7788
7788
7789
7789
7789
7791
7792
7793
7794
7796
7798
7799
7801
7803
7803
7804
7804
7805
7805
7806
7808
7810
7811
7812
7813
7814
7814
7814
7815
7816
7816
7817
7817
7817
7817
7818
7819
7819
7819
7819
7820
7821
7828
7828
7828
7829
7830
7834
7835
7836
7837
7838
7838
7839
7839
7840
7840
7843
7845
7846
7848
7848
7850
7850
7853
7853
7854
7854
7856
7858
7859
7860
7860
7861
7862
7865
7866
7866
7867
7869
7872
7872
7872
7877
7879
7879
7880
7880
7882
7882
7883
7883
7884
7884
7885
7887
7888
7888
7888
7890
7892
7893
7893
7894
7896
7896
7899
7905
7906
7906
7906
7908
7909
7910
7910
7910
7910
7911
7914
7914
7914
7916
7917
7918
7918
7922
7923
7923
7924
7925
7925
7926
7927
7929
7930
7931
7933
7934
7937
7938
7939
7940
7940
7943
7944
7944
7945
7946
7946
7947
7948
7950
7951
7952
7952
7952
7953
7953
7954
7955
7955
7955
7956
7956
7956
7957
7959
7959
7960
7960
7961
7962
7962
7964
7964
7966
7966
7966
7966
7967
7967
7968
7968
7968
7968
7969
7970
7971
7971
7971
7972
7973
7974
7974
7974
7976
7976
7977
7980
7980
7981
7983
7983
7984
7986
7987
7988
7988
7989
7990
7990
7992
7992
7994
7995
7996
7997
8001
8002
8002
8003
8004
8006
8007
8008
8010
8010
8010
8011
8014
8014
8015
8016
8016
8017
8017
8018
8019
8021
8023
8023
8024
8028
8031
8031
8031
8032
8035
8036
8036
8038
8038
8038
8040
8041
8042
8042
8044
8044
8047
8048
8049
8052
8053
8054
8055
8056
8056
8057
8057
8058
8059
8060
8061
8063
8064
8064
8067
8069
8069
8070
8072
8075
8076
8077
8077
8077
8079
8080
8080
8083
8084
8084
8084
8085
8085
8087
8087
8088
8088
8090
8091
8091
8091
8091
8092
8098
8098
8100
8102
8102
8102
8103
8103
8103
8103
8104
8104
8105
8106
8106
8107
8109
8110
8110
8110
8110
8111
8112
8112
8114
8114
8115
8116
8116
8116
8116
8117
8117
8119
8120
8121
8121
8122
8122
8122
8123
8126
8131
8132
8133
8134
8135
8139
8141
8142
8142
8142
8143
8144
8145
8145
8147
8148
8151
8154
8155
8155
8156
8157
8158
8159
8160
8162
8162
8163
8163
8164
8165
8165
8166
8166
8166
8167
8167
8171
8172
8173
8175
8176
8177
8177
8178
8179
8179
8180
8184
8184
8185
8185
8185
8186
8187
8188
8189
8191
8192
8192
8192
8195
8197
8197
8198
8199
8199
8200
8201
8201
8203
8203
8204
8204
8205
8206
8208
8208
8209
8210
8213
8214
8214
8215
8216
8218
8219
8220
8221
8222
8222
8225
8225
8226
8226
8226
8227
8228
8228
8229
8229
8232
8232
8233
8234
8234
8235
8236
8237
8237
8240
8242
8243
8243
8243
8243
8244
8244
8245
8246
8248
8248
8248
8249
8250
8251
8252
8252
8253
8255
8256
8257
8258
8260
8262
8263
8263
8263
8264
8264
8265
8265
8265
8266
8266
8267
8268
8268
8269
8273
8275
8276
8276
8277
8277
8279
8280
8280
8280
8280
8282
8282
8282
8283
8286
8288
8288
8289
8289
8291
8292
8294
8296
8297
8297
8298
8300
8300
8301
8301
8302
8302
8302
8303
8304
8305
8307
8308
8310
8311
8311
8311
8311
8312
8312
8312
8312
8314
8315
8316
8318
8321
8322
8323
8323
8326
8327
8328
8328
8329
8330
8331
8332
8333
8334
8334
8335
8337
8337
8338
8338
8340
8341
8342
8343
8344
8346
8347
8349
8350
8350
8351
8354
8355
8355
8355
8356
8356
8356
8357
8359
8362
8367
8367
8369
8369
8369
8369
8370
8370
8371
8372
8374
8374
8375
8376
8377
8379
8379
8382
8382
8382
8385
8385
8385
8388
8388
8389
8389
8394
8395
8400
8400
8401
8401
8401
8402
8403
8403
8405
8406
8406
8408
8410
8412
8413
8414
8414
8414
8415
8415
8416
8416
8417
8418
8419
8420
8420
8421
8421
8424
8426
8427
8427
8428
8429
8430
8430
8431
8431
8431
8432
8432
8433
8434
8436
8437
8437
8437
8437
8439
8439
8440
8440
8441
8443
8444
8444
8446
8447
8449
8451
8451
8452
8452
8452
8453
8453
8453
8455
8458
8458
8460
8463
8463
8465
8465
8468
8469
8470
8470
8470
8473
8474
8474
8478
8479
8480
8480
8482
8483
8484
8484
8484
8485
8486
8487
8488
8490
8492
8492
8494
8494
8495
8499
8499
8500
8501
8502
8502
8503
8504
8507
8509
8510
8510
8511
8512
8514
8514
8517
8520
8520
8520
8520
8521
8521
8523
8525
8525
8527
8527
8527
8528
8530
8535
8537
8539
8539
8540
8540
8541
8542
8545
8547
8548
8548
8548
8550
8551
8551
8552
8552
8555
8556
8557
8559
8561
8562
8564
8566
8566
8570
8570
8571
8574
8574
8575
8576
8578
8580
8580
8580
8581
8583
8587
8588
8589
8590
8592
8595
8597
8598
8599
8599
8599
8599
8601
8601
8601
8602
8602
8604
8604
8605
8606
8606
8606
8607
8608
8608
8608
8609
8610
8611
8612
8614
8615
8615
8615
8616
8616
8619
8620
8620
8621
8623
8623
8625
8627
8628
8628
8628
8630
8630
8630
8630
8631
8633
8633
8635
8639
8642
8643
8644
8644
8646
8647
8648
8648
8648
8650
8650
8650
8650
8651
8651
8652
8652
8656
8657
8658
8660
8662
8664
8666
8668
8668
8668
8670
8670
8670
8671
8672
8672
8672
8673
8674
8676
8676
8676
8678
8681
8683
8684
8684
8685
8686
8686
8687
8687
8687
8689
8689
8689
8689
8692
8693
8694
8694
8696
8697
8698
8699
8701
8703
8705
8707
8710
8710
8713
8714
8716
8716
8717
8720
8721
8721
8722
8724
8725
8726
8726
8728
8732
8733
8733
8736
8736
8736
8736
8738
8738
8739
8740
8740
8740
8741
8746
8747
8748
8749
8749
8749
8749
8751
8751
8752
8753
8753
8754
8756
8756
8757
8758
8759
8761
8762
8763
8764
8764
8764
8765
8765
8766
8766
8767
8768
8770
8771
8775
8775
8779
8780
8782
8782
8783
8784
8784
8784
8784
8786
8787
8787
8790
8790
8792
8792
8792
8794
8794
8794
8794
8794
8797
8799
8801
8802
8803
8803
8805
8806
8807
8809
8810
8810
8810
8811
8811
8811
8811
8813
8815
8815
8817
8818
8818
8820
8822
8822
8822
8822
8823
8824
8826
8827
8828
8830
8830
8831
8832
8834
8834
8834
8834
8835
8836
8836
8838
8840
8841
8842
8843
8845
8847
8850
8851
8851
8852
8853
8855
8855
8858
8859
8863
8863
8865
8865
8865
8866
8866
8868
8870
8871
8872
8874
8875
8876
8877
8878
8878
8878
8880
8882
8883
8885
8886
8887
8891
8892
8892
8893
8900
8900
8900
8901
8902
8902
8902
8902
8903
8903
8905
8905
8906
8906
8907
8910
8911
8911
8911
8912
8914
8915
8915
8915
8917
8917
8919
8919
8920
8921
8921
8922
8922
8922
8923
8923
8923
8924
8925
8929
8929
8930
8930
8931
8933
8937
8937
8941
8941
8941
8942
8944
8944
8947
8947
8949
8951
8951
8954
8954
8955
8956
8956
8956
8957
8957
8959
8960
8961
8962
8963
8964
8964
8965
8965
8966
8967
8968
8969
8970
8970
8970
8971
8972
8973
8975
8978
8978
8979
8980
8980
8984
8985
8987
8988
8988
8989
8991
8992
8992
8993
8993
8994
8994
8995
8995
8996
8996
8997
8999
8999
9001
9001
9002
9003
9003
9004
9005
9005
9006
9009
9011
9011
9013
9014
9016
9017
9017
9018
9018
9020
9020
9021
9025
9025
9026
9027
9027
9032
9033
9033
9036
9037
9037
9037
9038
9038
9038
9040
9041
9043
9043
9044
9044
9045
9046
9047
9049
9052
9052
9053
9054
9055
9055
9055
9057
9059
9059
9060
9062
9062
9063
9064
9064
9066
9067
9068
9068
9068
9072
9072
9073
9074
9076
9080
9083
9083
9086
9086
9086
9086
9087
9087
9088
9088
9089
9089
9090
9091
9093
9093
9095
9097
9097
9101
9102
9103
9103
9103
9104
9104
9105
9106
9107
9107
9107
9108
9109
9109
9110
9111
9113
9114
9115
9117
9119
9119
9119
9120
9121
9121
9122
9123
9124
9125
9127
9130
9130
9131
9131
9133
9135
9137
9138
9138
9139
9139
9139
9140
9141
9143
9145
9147
9148
9148
9149
9150
9151
9152
9153
9155
9155
9157
9157
9159
9159
9159
9160
9160
9160
9161
9161
9161
9162
9163
9164
9165
9166
9167
9168
9169
9169
9171
9172
9172
9174
9174
9174
9176
9177
9177
9178
9179
9179
9181
9182
9182
9183
9184
9185
9186
9187
9187
9190
9190
9191
9195
9196
9197
9197
9197
9197
9197
9199
9199
9200
9200
9202
9202
9203
9204
9207
9209
9210
9211
9211
9214
9214
9215
9217
9222
9223
9227
9228
9228
9230
9234
9234
9236
9236
9237
9237
9238
9238
9239
9239
9239
9241
9241
9241
9241
9241
9241
9241
9241
9243
9243
9244
9244
9245
9246
9246
9246
9247
9248
9248
9249
9249
9250
9251
9252
9254
9254
9254
9255
9256
9257
9257
9258
9259
9260
9264
9265
9265
9267
9270
9270
9271
9271
9271
9271
9275
9276
9276
9276
9280
9282
9283
9283
9287
9287
9288
9288
9290
9291
9291
9292
9292
9292
9293
9293
9294
9296
9296
9297
9297
9297
9297
9299
9300
9300
9300
9302
9303
9303
9304
9304
9305
9305
9305
9306
9306
9306
9308
9309
9310
9310
9313
9315
9318
9319
9319
9324
9325
9325
9326
9327
9328
9328
9331
9331
9332
9333
9335
9335
9338
9338
9340
9341
9343
9344
9345
9345
9350
9351
9352
9353
9354
9357
9357
9359
9359
9362
9364
9364
9367
9367
9370
9371
9376
9377
9378
9378
9379
9381
9381
9381
9384
9386
9387
9391
9391
9394
9394
9396
9398
9398
9398
9402
9403
9403
9405
9406
9408
9408
9408
9408
9409
9409
9413
9413
9419
9420
9420
9422
9423
9423
9424
9424
9425
9426
9426
9426
9429
9430
9432
9432
9433
9433
9433
9434
9435
9435
9436
9436
9437
9438
9439
9440
9440
9441
9441
9441
9441
9442
9444
9444
9446
9447
9448
9448
9449
9450
9450
9451
9451
9451
9452
9452
9453
9453
9453
9454
9455
9455
9456
9456
9457
9458
9459
9460
9460
9461
9463
9463
9463
9464
9465
9468
9469
9471
9474
9475
9476
9476
9477
9480
9483
9483
9486
9486
9488
9488
9488
9488
9490
9491
9492
9494
9495
9495
9496
9496
9497
9497
9498
9498
9500
9500
9500
9502
9502
9503
9504
9505
9506
9507
9507
9507
9510
9512
9512
9516
9522
9522
9523
9524
9524
9526
9527
9527
9529
9530
9531
9531
9531
9532
9533
9533
9533
9539
9539
9539
9539
9540
9541
9542
9543
9544
9544
9544
9544
9547
9547
9548
9548
9553
9554
9554
9557
9561
9561
9562
9563
9566
9567
9568
9568
9569
9572
9574
9575
9576
9576
9578
9580
9580
9581
9583
9584
9585
9585
9585
9587
9588
9589
9590
9591
9591
9593
9593
9593
9594
9594
9594
9595
9595
9595
9597
9599
9599
9601
9602
9602
9602
9603
9603
9604
9605
9606
9607
9609
9609
9611
9611
9611
9613
9614
9614
9615
9616
9616
9617
9617
9617
9620
9620
9620
9621
9621
9622
9623
9623
9625
9625
9625
9626
9626
9626
9628
9628
9629
9629
9632
9634
9634
9636
9637
9639
9639
9640
9640
9640
9642
9643
9644
9647
9647
9647
9648
9648
9649
9651
9651
9652
9653
9654
9654
9654
9655
9657
9657
9658
9659
9660
9660
9661
9661
9662
9663
9663
9663
9664
9666
9666
9667
9668
9670
9670
9670
9671
9672
9672
9673
9673
9673
9674
9675
9675
9676
9678
9678
9679
9680
9680
9683
9683
9683
9685
9685
9685
9686
9689
9689
9689
9691
9692
9693
9693
9695
9697
9697
9698
9698
9699
9703
9703
9703
9704
9705
9706
9707
9707
9708
9709
9711
9711
9714
9716
9717
9717
9718
9718
9719
9721
9722
9722
9722
9724
9724
9725
9726
9727
9727
9728
9728
9728
9732
9733
9734
9735
9737
9738
9738
9738
9739
9739
9740
9740
9741
9741
9742
9742
9742
9743
9743
9743
9745
9745
9745
9746
9747
9747
9749
9751
9755
9756
9759
9761
9761
9761
9763
9764
9765
9765
9766
9768
9772
9772
9772
9774
9776
9780
9781
9781
9783
9783
9784
9785
9786
9786
9787
9787
9787
9791
9791
9791
9793
9793
9794
9794
9794
9797
9797
9801
9802
9802
9805
9805
9805
9807
9807
9807
9808
9808
9809
9810
9811
9811
9812
9812
9812
9813
9814
9816
9816
9817
9817
9820
9821
9821
9821
9821
9821
9822
9824
9824
9825
9825
9827
9829
9831
9832
9832
9834
9836
9837
9837
9838
9841
9843
9845
9845
9845
9845
9846
9846
9847
9847
9852
9853
9853
9854
9854
9855
9856
9856
9857
9857
9857
9857
9858
9858
9859
9861
9861
9862
9863
9864
9867
9867
9867
9868
9870
9872
9873
9873
9873
9874
9874
9875
9875
9877
9879
9881
9881
9882
9882
9882
9883
9883
9883
9884
9886
9888
9888
9889
9889
9889
9890
9890
9891
9892
9892
9892
9892
9893
9893
9893
9894
9894
9896
9898
9900
9901
9903
9905
9907
9908
9908
9908
9908
9908
9910
9911
9911
9911
9912
9913
9913
9916
9917
9919
9921
9922
9922
9931
9933
9934
9934
9935
9936
9937
9938
9940
9942
9943
9944
9944
9944
9944
9945
9945
9946
9947
9947
9948
9949
9949
9950
9950
9951
9951
9954
9954
9956
9956
9957
9958
9958
9959
9959
9960
9961
9965
9966
9966
9966
9966
9969
9969
9971
9971
9972
9974
9974
9975
9976
9976
9977
9978
9980
9980
9980
9983
9984
9985
9985
9985
9986
9987
9987
9989
9990
9990
9992
9992
9992
9994
9995
9996
9997
9997
9998
9999
9999
