1
1
2
2
2
4
4
9
9
10
10
10
11
11
12
13
13
14
14
15
15
15
15
17
17
18
19
21
22
22
23
27
33
34
34
38
39
42
43
45
49
53
55
56
57
58
64
66
68
69
70
72
73
74
74
76
76
76
78
80
80
82
83
83
85
85
85
85
86
87
87
88
89
89
89
90
91
91
92
93
95
96
96
100
100
101
102
102
103
103
104
105
106
106
106
108
108
109
109
111
112
112
113
113
114
117
118
119
119
120
121
121
121
122
123
124
124
127
127
128
128
129
131
135
135
136
136
136
138
139
140
140
141
142
142
143
145
147
147
148
149
151
151
153
154
155
156
156
158
159
159
159
160
160
161
162
162
162
163
163
164
164
166
168
169
169
171
171
172
173
173
173
174
175
175
177
178
178
178
181
181
183
183
184
186
186
186
188
189
189
190
190
192
193
193
193
193
194
196
200
200
200
201
202
204
204
207
208
209
212
212
213
217
217
217
217
218
221
222
222
223
227
228
228
229
229
229
230
231
231
232
232
234
234
234
237
237
237
238
238
239
242
242
243
247
250
250
251
252
254
257
257
258
259
259
259
260
263
263
263
264
264
265
265
270
270
272
274
274
275
275
276
277
278
278
279
281
283
283
283
283
284
285
286
287
287
288
289
296
296
297
297
298
300
302
302
308
308
309
309
309
313
315
320
320
320
321
322
324
324
326
328
329
331
332
335
336
337
339
341
342
344
345
346
347
347
348
349
351
351
353
354
355
357
358
358
359
359
361
362
363
363
365
365
367
370
370
372
374
376
376
379
380
380
380
383
385
386
387
388
388
389
392
392
393
394
395
396
397
397
401
402
403
405
407
409
411
412
412
413
414
415
415
417
418
418
421
421
422
422
423
424
425
426
426
426
428
430
430
431
431
440
443
444
444
444
444
444
447
447
448
451
451
453
453
453
454
454
454
455
455
455
456
456
458
458
458
459
462
464
466
466
470
471
472
474
474
475
476
476
477
478
478
479
481
483
483
484
485
489
489
489
490
491
492
492
493
494
494
494
496
496
497
498
499
499
500
500
500
501
502
503
503
507
507
509
509
509
511
512
512
512
514
515
515
515
516
516
517
517
517
517
518
521
521
521
522
524
524
526
526
527
529
534
536
538
538
543
543
543
543
543
544
545
545
546
546
546
547
548
548
548
550
550
551
556
558
559
561
562
563
564
567
567
569
570
571
572
572
575
576
577
578
578
580
580
582
583
583
583
585
585
585
588
588
588
588
591
592
592
593
594
594
594
595
596
597
599
600
601
604
604
606
607
607
608
610
611
613
614
614
615
615
616
617
617
619
622
622
622
626
626
626
630
632
632
632
636
637
637
637
637
637
637
639
639
639
639
640
640
641
641
645
645
646
646
647
648
650
650
652
655
658
658
658
661
662
663
664
666
668
668
669
670
670
670
671
671
671
671
673
673
674
674
674
674
676
677
677
678
679
680
681
681
683
684
687
688
688
688
688
689
689
691
693
693
694
695
695
695
695
696
698
699
699
699
701
701
701
703
703
704
704
705
707
708
708
712
713
715
716
716
717
718
719
719
722
724
725
726
727
730
735
736
739
740
741
742
742
743
745
746
746
747
747
747
748
749
750
751
751
752
754
755
755
757
759
760
762
764
765
765
766
767
767
768
769
769
769
770
772
772
774
775
776
777
779
779
779
780
780
781
781
782
784
785
786
786
787
789
791
792
793
793
793
794
795
795
795
795
796
798
799
799
799
799
801
802
802
802
803
807
807
808
809
810
811
811
812
812
814
815
815
815
815
816
817
817
821
821
822
822
822
823
823
824
825
825
825
827
829
830
833
834
838
838
839
840
841
842
842
842
842
843
843
843
843
844
844
847
847
848
849
850
851
852
854
854
855
855
855
856
859
860
860
860
862
862
862
862
863
864
865
865
869
869
871
873
874
874
875
876
877
878
879
880
882
883
884
885
886
887
888
889
891
891
897
898
900
902
902
902
903
903
906
907
909
909
910
913
913
915
918
919
921
922
922
925
925
928
930
934
934
934
935
936
936
938
939
939
942
945
945
946
946
952
955
956
958
962
965
965
967
968
969
969
970
975
976
976
977
977
978
978
983
983
983
984
987
988
988
989
989
990
991
991
994
994
996
996
997
997
997
997
1000
1001
1002
1003
1004
1006
1008
1009
1010
1011
1013
1013
1014
1015
1015
1016
1016
1017
1017
1017
1018
1021
1022
1023
1024
1026
1026
1027
1027
1028
1029
1029
1030
1030
1032
1032
1033
1033
1034
1037
1038
1041
1042
1042
1045
1045
1045
1046
1047
1048
1048
1048
1048
1049
1049
1050
1052
1052
1053
1054
1054
1054
1055
1055
1056
1057
1057
1058
1058
1060
1061
1061
1061
1062
1063
1063
1065
1066
1068
1069
1069
1072
1073
1074
1074
1074
1077
1080
1080
1082
1082
1083
1085
1087
1088
1090
1090
1091
1092
1092
1092
1092
1095
1097
1097
1098
1098
1099
1100
1101
1101
1101
1101
1102
1104
1104
1105
1107
1107
1107
1108
1108
1109
1110
1113
1114
1114
1114
1115
1117
1117
1118
1119
1121
1127
1127
1128
1129
1131
1132
1133
1134
1134
1136
1136
1137
1141
1142
1145
1145
1145
1146
1147
1148
1151
1152
1154
1155
1155
1156
1156
1158
1158
1160
1164
1167
1167
1169
1169
1169
1170
1171
1173
1174
1174
1175
1175
1177
1178
1178
1179
1179
1179
1181
1183
1183
1185
1188
1188
1190
1190
1190
1193
1195
1195
1197
1199
1201
1204
1204
1204
1205
1205
1206
1206
1206
1208
1210
1211
1211
1211
1212
1213
1213
1215
1218
1220
1220
1222
1222
1223
1224
1224
1226
1228
1230
1230
1230
1231
1231
1232
1232
1232
1234
1235
1235
1235
1235
1235
1237
1238
1239
1244
1245
1245
1247
1250
1251
1253
1255
1255
1259
1259
1260
1260
1260
1260
1261
1261
1262
1263
1263
1264
1265
1266
1266
1267
1268
1268
1269
1269
1270
1271
1272
1273
1273
1274
1275
1276
1280
1280
1280
1282
1285
1285
1286
1288
1289
1290
1292
1293
1293
1293
1294
1294
1298
1299
1299
1300
1300
1302
1303
1304
1304
1305
1306
1306
1307
1315
1318
1318
1319
1319
1319
1320
1321
1322
1322
1324
1325
1325
1331
1331
1331
1332
1332
1333
1334
1334
1335
1336
1336
1337
1340
1341
1342
1343
1344
1344
1349
1349
1350
1351
1351
1352
1353
1354
1355
1355
1356
1358
1359
1360
1360
1361
1361
1361
1362
1362
1364
1364
1365
1365
1365
1366
1366
1368
1369
1369
1369
1369
1371
1371
1371
1373
1376
1377
1377
1377
1380
1380
1383
1383
1387
1388
1389
1389
1389
1390
1392
1392
1395
1395
1397
1397
1398
1398
1399
1401
1401
1402
1403
1403
1404
1406
1408
1410
1417
1418
1423
1424
1425
1425
1426
1432
1432
1437
1438
1438
1439
1439
1439
1440
1440
1442
1444
1445
1445
1447
1448
1449
1449
1450
1450
1450
1451
1452
1454
1454
1455
1456
1459
1460
1460
1461
1464
1465
1466
1468
1470
1470
1471
1472
1472
1472
1472
1472
1473
1473
1473
1475
1476
1479
1479
1479
1482
1483
1483
1484
1484
1487
1488
1489
1491
1491
1491
1492
1498
1498
1500
1501
1501
1502
1504
1504
1504
1505
1505
1505
1505
1506
1507
1507
1507
1507
1509
1509
1509
1510
1512
1512
1512
1513
1513
1514
1515
1515
1517
1520
1520
1521
1522
1523
1523
1523
1524
1525
1528
1529
1529
1529
1530
1531
1535
1535
1537
1538
1542
1542
1543
1544
1548
1553
1557
1557
1557
1563
1563
1564
1564
1566
1569
1570
1570
1570
1570
1571
1571
1572
1572
1573
1574
1574
1575
1575
1577
1578
1580
1580
1581
1581
1582
1582
1583
1585
1586
1587
1587
1589
1589
1590
1590
1591
1591
1594
1594
1594
1595
1598
1602
1603
1604
1605
1605
1606
1606
1607
1607
1608
1608
1609
1609
1610
1612
1612
1612
1613
1613
1614
1615
1615
1618
1619
1619
1620
1622
1623
1623
1624
1628
1631
1631
1631
1632
1634
1635
1636
1636
1637
1637
1643
1644
1644
1645
1647
1648
1648
1650
1650
1650
1652
1653
1653
1653
1654
1655
1655
1656
1658
1659
1659
1661
1661
1662
1663
1663
1668
1669
1670
1672
1672
1673
1676
1676
1676
1677
1677
1679
1680
1680
1681
1681
1682
1682
1683
1686
1687
1687
1687
1688
1688
1690
1690
1692
1694
1696
1697
1699
1699
1700
1701
1703
1703
1704
1709
1709
1709
1709
1710
1711
1716
1716
1717
1719
1719
1723
1723
1724
1725
1725
1726
1727
1727
1727
1728
1728
1729
1730
1732
1732
1732
1733
1733
1735
1736
1737
1738
1738
1739
1740
1741
1741
1743
1745
1746
1748
1750
1751
1752
1754
1756
1756
1757
1759
1759
1759
1759
1761
1762
1762
1762
1765
1765
1766
1767
1767
1769
1771
1772
1773
1774
1775
1778
1779
1780
1781
1782
1782
1783
1784
1787
1788
1789
1790
1791
1792
1793
1793
1794
1794
1794
1796
1798
1800
1801
1801
1801
1802
1804
1805
1806
1807
1807
1813
1814
1815
1815
1817
1820
1820
1820
1820
1821
1821
1823
1824
1824
1824
1824
1825
1827
1827
1828
1828
1829
1829
1830
1831
1831
1831
1832
1832
1833
1833
1835
1836
1836
1836
1839
1839
1839
1841
1841
1842
1842
1843
1843
1844
1844
1845
1846
1848
1849
1853
1853
1854
1857
1857
1857
1857
1858
1859
1860
1864
1864
1864
1865
1866
1866
1866
1867
1867
1867
1868
1869
1870
1871
1873
1875
1875
1876
1877
1878
1879
1880
1880
1880
1881
1882
1882
1883
1883
1885
1886
1886
1887
1888
1888
1892
1893
1894
1894
1895
1895
1895
1901
1901
1901
1903
1903
1905
1905
1906
1906
1908
1909
1915
1916
1917
1917
1918
1918
1919
1919
1921
1921
1921
1924
1925
1925
1925
1927
1929
1930
1932
1933
1933
1933
1935
1936
1937
1937
1937
1939
1941
1941
1941
1942
1943
1945
1946
1946
1948
1948
1949
1950
1950
1951
1952
1952
1953
1953
1955
1955
1956
1956
1957
1957
1961
1964
1966
1968
1969
1969
1970
1971
1971
1971
1974
1976
1978
1979
1979
1980
1981
1983
1984
1985
1985
1986
1989
1989
1990
1991
1991
1991
1992
1993
1994
1994
1995
1995
1999
1999
2002
2002
2003
2004
2004
2005
2005
2006
2008
2009
2010
2011
2011
2012
2012
2012
2013
2013
2013
2015
2015
2015
2017
2017
2017
2017
2019
2020
2020
2020
2021
2025
2025
2027
2028
2029
2031
2031
2032
2032
2033
2034
2036
2037
2037
2038
2038
2039
2041
2042
2042
2043
2043
2045
2045
2048
2048
2050
2051
2052
2052
2056
2056
2056
2057
2059
2059
2060
2063
2063
2065
2066
2068
2068
2068
2069
2069
2069
2071
2071
2072
2073
2074
2075
2075
2076
2077
2081
2081
2081
2083
2083
2085
2085
2085
2086
2088
2089
2091
2092
2094
2096
2096
2097
2097
2098
2099
2099
2099
2100
2101
2101
2102
2102
2104
2105
2106
2106
2107
2107
2108
2110
2111
2112
2112
2113
2114
2114
2115
2115
2115
2116
2118
2121
2121
2121
2123
2124
2127
2129
2132
2132
2133
2133
2135
2135
2136
2138
2140
2141
2141
2143
2144
2144
2146
2146
2146
2147
2147
2147
2148
2150
2150
2151
2152
2153
2153
2156
2157
2158
2159
2160
2161
2162
2164
2166
2169
2169
2170
2170
2172
2174
2174
2174
2175
2176
2177
2177
2177
2179
2180
2180
2181
2184
2184
2185
2185
2186
2187
2190
2191
2193
2193
2193
2193
2193
2194
2194
2194
2198
2198
2199
2201
2202
2202
2203
2203
2203
2205
2206
2207
2209
2209
2211
2211
2215
2215
2216
2216
2217
2217
2217
2218
2218
2219
2220
2220
2221
2221
2223
2223
2226
2226
2229
2231
2231
2232
2232
2233
2235
2236
2236
2236
2236
2237
2240
2241
2242
2242
2244
2245
2247
2249
2251
2251
2253
2256
2257
2257
2257
2259
2259
2260
2261
2262
2262
2263
2263
2267
2269
2269
2271
2272
2273
2273
2273
2274
2274
2275
2276
2277
2278
2279
2280
2287
2287
2289
2289
2290
2290
2290
2291
2291
2292
2292
2293
2294
2297
2297
2299
2299
2299
2299
2300
2303
2305
2307
2307
2308
2310
2310
2310
2312
2314
2315
2315
2316
2317
2318
2319
2319
2319
2320
2321
2322
2322
2323
2324
2325
2326
2328
2329
2330
2331
2331
2332
2335
2336
2336
2337
2341
2342
2342
2342
2343
2346
2347
2348
2348
2349
2349
2357
2357
2358
2358
2359
2360
2361
2361
2362
2364
2364
2365
2366
2367
2367
2368
2371
2371
2371
2372
2373
2375
2376
2377
2378
2379
2379
2381
2381
2385
2388
2388
2389
2392
2396
2398
2398
2399
2399
2400
2401
2401
2402
2402
2402
2404
2404
2407
2407
2409
2410
2411
2412
2413
2416
2416
2417
2418
2418
2419
2422
2423
2423
2426
2427
2428
2428
2428
2429
2430
2431
2431
2432
2433
2433
2433
2435
2436
2437
2438
2438
2438
2439
2442
2444
2447
2447
2448
2448
2450
2454
2454
2455
2455
2458
2458
2459
2460
2460
2461
2463
2467
2468
2472
2473
2474
2474
2475
2476
2477
2477
2478
2479
2480
2482
2483
2483
2483
2484
2485
2486
2486
2486
2488
2489
2490
2490
2491
2493
2493
2494
2494
2496
2496
2497
2499
2501
2501
2501
2503
2503
2503
2505
2505
2507
2508
2508
2508
2509
2510
2512
2512
2512
2513
2515
2515
2518
2520
2522
2528
2529
2529
2529
2531
2532
2533
2534
2535
2536
2538
2538
2539
2539
2540
2542
2543
2543
2548
2549
2550
2551
2551
2551
2551
2554
2554
2555
2555
2555
2556
2561
2561
2566
2567
2567
2568
2570
2571
2572
2572
2572
2572
2574
2574
2575
2575
2575
2576
2577
2578
2579
2585
2586
2587
2588
2588
2590
2591
2594
2595
2596
2596
2596
2597
2598
2599
2600
2600
2600
2601
2602
2602
2602
2603
2603
2603
2603
2604
2606
2606
2607
2607
2607
2608
2608
2612
2612
2612
2613
2614
2614
2615
2615
2616
2619
2619
2620
2621
2623
2625
2626
2628
2629
2630
2631
2631
2631
2632
2632
2632
2632
2633
2635
2635
2635
2636
2636
2636
2636
2637
2638
2639
2641
2642
2644
2646
2646
2646
2648
2649
2652
2652
2654
2654
2656
2662
2663
2664
2666
2667
2668
2669
2669
2675
2676
2676
2677
2677
2677
2678
2678
2678
2681
2681
2681
2681
2683
2684
2685
2687
2688
2689
2689
2690
2692
2694
2695
2696
2696
2697
2698
2698
2698
2698
2699
2700
2700
2701
2701
2701
2702
2702
2703
2705
2708
2710
2711
2711
2712
2712
2714
2718
2718
2718
2719
2722
2722
2723
2723
2726
2727
2730
2730
2732
2733
2734
2735
2736
2737
2737
2738
2739
2741
2743
2746
2746
2747
2747
2747
2747
2748
2750
2751
2752
2753
2754
2755
2756
2756
2756
2757
2757
2759
2760
2761
2761
2763
2764
2764
2765
2765
2767
2768
2768
2769
2769
2769
2769
2770
2772
2772
2773
2774
2777
2777
2779
2779
2779
2780
2782
2782
2782
2786
2786
2787
2788
2790
2790
2791
2791
2793
2795
2799
2799
2800
2800
2800
2801
2802
2802
2803
2804
2804
2805
2806
2807
2807
2809
2812
2812
2812
2813
2813
2814
2815
2815
2815
2820
2821
2822
2822
2822
2823
2824
2824
2827
2827
2828
2829
2831
2834
2836
2837
2841
2842
2844
2844
2845
2845
2846
2847
2850
2850
2851
2852
2854
2854
2854
2855
2855
2856
2856
2856
2857
2858
2858
2859
2860
2860
2861
2861
2862
2862
2862
2865
2865
2865
2866
2866
2869
2870
2872
2872
2873
2873
2873
2877
2881
2882
2883
2883
2885
2885
2885
2886
2889
2889
2892
2894
2895
2896
2900
2901
2901
2901
2903
2904
2904
2905
2907
2907
2908
2911
2911
2912
2913
2913
2915
2917
2917
2917
2919
2920
2920
2922
2922
2923
2924
2924
2924
2927
2928
2928
2928
2930
2934
2936
2937
2938
2939
2940
2941
2941
2944
2945
2945
2946
2946
2947
2947
2948
2950
2951
2951
2952
2953
2954
2954
2955
2956
2956
2958
2961
2962
2962
2962
2962
2963
2964
2965
2966
2966
2966
2967
2967
2968
2972
2972
2973
2975
2975
2975
2978
2979
2979
2981
2982
2982
2984
2985
2986
2988
2989
2990
2990
2990
2991
2991
2991
2993
2993
2994
2996
2997
2997
2997
3000
3002
3004
3005
3005
3006
3007
3007
3008
3008
3008
3009
3010
3010
3010
3013
3014
3014
3015
3015
3016
3018
3020
3021
3021
3022
3023
3023
3028
3028
3028
3029
3035
3036
3036
3037
3037
3038
3039
3039
3040
3040
3041
3042
3042
3042
3043
3043
3044
3046
3047
3048
3048
3048
3048
3049
3049
3050
3053
3053
3053
3054
3055
3055
3056
3056
3057
3061
3062
3062
3062
3062
3064
3064
3065
3066
3067
3067
3069
3069
3070
3070
3070
3071
3071
3071
3071
3072
3073
3073
3074
3075
3075
3075
3076
3076
3076
3077
3078
3078
3080
3081
3081
3086
3088
3088
3090
3090
3091
3094
3094
3095
3096
3096
3096
3096
3097
3097
3099
3099
3099
3100
3101
3101
3101
3102
3102
3103
3104
3104
3105
3105
3108
3108
3109
3109
3112
3113
3113
3113
3115
3116
3117
3118
3121
3122
3122
3122
3125
3128
3128
3129
3130
3131
3131
3132
3133
3133
3133
3133
3133
3133
3136
3137
3137
3138
3139
3140
3143
3145
3145
3145
3146
3146
3148
3151
3152
3153
3155
3156
3156
3156
3156
3159
3159
3160
3160
3162
3162
3164
3164
3165
3165
3166
3166
3169
3171
3172
3174
3174
3175
3176
3178
3179
3179
3182
3184
3184
3184
3185
3185
3186
3187
3187
3187
3187
3188
3190
3190
3190
3191
3196
3196
3196
3197
3197
3199
3200
3200
3200
3201
3202
3202
3205
3205
3209
3210
3210
3210
3211
3212
3214
3216
3216
3219
3220
3220
3221
3221
3224
3227
3227
3227
3228
3228
3229
3229
3229
3230
3230
3232
3234
3234
3234
3235
3235
3235
3236
3237
3237
3238
3238
3238
3239
3240
3241
3242
3245
3245
3246
3246
3247
3248
3248
3248
3250
3254
3255
3257
3257
3258
3259
3259
3262
3263
3263
3264
3265
3266
3267
3269
3270
3271
3274
3275
3275
3276
3276
3277
3277
3278
3279
3281
3281
3282
3283
3288
3288
3291
3292
3292
3293
3293
3297
3299
3301
3302
3302
3304
3304
3305
3306
3307
3309
3309
3310
3314
3314
3315
3315
3315
3319
3319
3320
3322
3326
3327
3327
3328
3329
3330
3332
3332
3332
3334
3334
3335
3336
3336
3336
3337
3339
3339
3339
3340
3343
3344
3345
3345
3345
3346
3348
3348
3349
3349
3350
3350
3352
3353
3353
3353
3356
3356
3357
3357
3357
3358
3358
3364
3365
3366
3367
3368
3368
3370
3373
3378
3380
3380
3382
3383
3384
3386
3386
3388
3388
3388
3389
3389
3389
3390
3391
3392
3392
3394
3394
3394
3395
3398
3398
3399
3399
3402
3403
3403
3404
3404
3406
3406
3408
3408
3409
3410
3410
3411
3412
3413
3414
3414
3414
3415
3416
3419
3420
3420
3420
3421
3423
3424
3431
3432
3433
3435
3435
3436
3436
3436
3437
3437
3438
3439
3439
3439
3440
3440
3441
3443
3444
3446
3448
3449
3450
3451
3452
3452
3452
3452
3454
3455
3459
3460
3461
3465
3466
3466
3469
3470
3473
3476
3476
3476
3478
3479
3479
3479
3480
3481
3482
3483
3484
3484
3487
3488
3490
3490
3491
3495
3498
3499
3502
3502
3503
3504
3504
3504
3506
3509
3509
3511
3514
3514
3515
3517
3518
3518
3518
3518
3520
3520
3521
3521
3524
3527
3527
3527
3532
3532
3533
3535
3537
3538
3539
3540
3540
3541
3541
3542
3544
3548
3556
3556
3556
3558
3558
3558
3559
3559
3562
3562
3563
3564
3564
3566
3571
3572
3573
3576
3576
3577
3578
3578
3581
3582
3583
3583
3583
3584
3585
3588
3588
3589
3589
3590
3590
3591
3591
3593
3594
3595
3595
3596
3598
3599
3600
3600
3601
3601
3603
3604
3605
3605
3606
3606
3607
3607
3609
3610
3610
3611
3611
3611
3612
3613
3615
3616
3617
3618
3620
3621
3621
3621
3621
3621
3622
3622
3623
3627
3628
3630
3632
3636
3637
3638
3639
3639
3639
3640
3640
3643
3647
3647
3648
3648
3648
3649
3649
3650
3651
3651
3651
3652
3652
3652
3653
3654
3654
3655
3656
3656
3657
3657
3659
3660
3660
3661
3661
3662
3664
3665
3667
3669
3669
3669
3669
3670
3672
3672
3673
3673
3674
3674
3677
3677
3678
3680
3681
3683
3683
3683
3685
3685
3688
3689
3691
3695
3695
3696
3696
3696
3696
3697
3699
3702
3702
3702
3703
3703
3704
3704
3704
3706
3706
3709
3710
3710
3711
3711
3712
3712
3712
3712
3716
3717
3717
3719
3720
3722
3722
3722
3724
3725
3725
3726
3728
3729
3730
3730
3733
3735
3736
3738
3738
3741
3743
3744
3744
3745
3746
3746
3749
3751
3752
3753
3753
3753
3753
3757
3760
3762
3762
3762
3763
3763
3765
3765
3766
3768
3768
3768
3769
3771
3772
3772
3772
3773
3773
3774
3775
3777
3779
3779
3780
3781
3783
3785
3787
3787
3790
3790
3791
3793
3794
3794
3794
3799
3800
3800
3800
3800
3801
3809
3810
3810
3810
3811
3811
3812
3813
3813
3813
3814
3815
3815
3816
3816
3817
3817
3818
3818
3818
3819
3819
3823
3823
3823
3826
3827
3827
3827
3828
3829
3830
3831
3831
3833
3834
3835
3835
3836
3837
3839
3839
3841
3841
3841
3842
3843
3844
3847
3847
3850
3850
3851
3855
3855
3859
3860
3862
3862
3863
3866
3868
3870
3871
3871
3871
3872
3876
3877
3878
3878
3879
3879
3881
3882
3882
3882
3882
3883
3883
3884
3885
3885
3886
3886
3887
3887
3890
3891
3891
3892
3893
3893
3896
3897
3897
3897
3898
3900
3901
3902
3909
3912
3912
3914
3914
3914
3915
3915
3917
3917
3917
3917
3917
3917
3917
3919
3922
3923
3923
3923
3924
3924
3925
3925
3930
3930
3930
3932
3933
3934
3938
3941
3942
3943
3944
3946
3949
3949
3950
3950
3951
3952
3952
3955
3956
3956
3957
3957
3958
3959
3962
3962
3962
3964
3972
3973
3973
3975
3976
3977
3977
3977
3978
3979
3980
3981
3981
3984
3984
3984
3986
3987
3987
3988
3988
3988
3991
3993
3995
3997
3998
3998
3998
4000
4000
4001
4004
4005
4005
4006
4006
4006
4006
4007
4008
4010
4010
4011
4012
4013
4013
4015
4016
4016
4018
4019
4021
4023
4026
4026
4029
4029
4029
4029
4029
4029
4030
4031
4031
4032
4033
4033
4034
4035
4035
4037
4038
4038
4039
4039
4039
4040
4040
4040
4041
4042
4043
4044
4045
4046
4050
4054
4055
4056
4056
4057
4059
4059
4062
4063
4064
4064
4064
4064
4064
4065
4065
4065
4066
4066
4071
4072
4073
4074
4075
4075
4077
4077
4078
4079
4079
4079
4080
4081
4082
4082
4083
4083
4086
4087
4087
4088
4093
4093
4095
4095
4096
4096
4097
4099
4100
4101
4101
4102
4103
4104
4104
4104
4105
4109
4110
4110
4112
4113
4114
4115
4120
4121
4122
4123
4123
4124
4125
4125
4126
4126
4128
4130
4130
4131
4132
4132
4132
4132
4133
4134
4135
4137
4137
4138
4141
4141
4141
4141
4142
4143
4143
4145
4146
4148
4149
4149
4150
4151
4152
4152
4152
4153
4154
4154
4156
4156
4158
4158
4158
4159
4160
4162
4164
4165
4165
4167
4168
4169
4169
4169
4171
4171
4172
4173
4173
4173
4173
4174
4174
4178
4180
4181
4183
4184
4184
4186
4187
4188
4189
4189
4191
4192
4192
4194
4194
4196
4196
4196
4198
4199
4199
4199
4201
4202
4203
4204
4205
4205
4206
4208
4209
4209
4209
4209
4211
4215
4215
4216
4216
4217
4219
4220
4220
4220
4223
4223
4223
4225
4226
4228
4228
4229
4229
4229
4230
4230
4232
4232
4233
4233
4235
4235
4236
4236
4237
4238
4238
4238
4240
4240
4241
4241
4242
4243
4243
4244
4246
4247
4248
4249
4249
4250
4252
4252
4253
4254
4255
4255
4255
4256
4257
4258
4259
4260
4263
4266
4267
4268
4268
4271
4271
4272
4272
4272
4275
4275
4276
4278
4278
4279
4281
4282
4283
4284
4284
4284
4285
4285
4287
4288
4289
4289
4289
4290
4292
4294
4295
4295
4296
4297
4297
4298
4298
4300
4300
4301
4301
4302
4303
4308
4310
4312
4312
4312
4313
4313
4314
4314
4315
4315
4315
4315
4315
4315
4316
4317
4320
4320
4321
4321
4322
4324
4327
4334
4335
4336
4337
4339
4340
4341
4341
4341
4342
4344
4345
4346
4346
4349
4349
4349
4351
4351
4351
4352
4352
4352
4352
4352
4353
4354
4355
4355
4357
4357
4358
4359
4360
4364
4365
4366
4367
4368
4371
4373
4373
4373
4374
4376
4377
4377
4377
4377
4378
4378
4378
4379
4380
4380
4381
4382
4383
4383
4384
4385
4385
4385
4386
4387
4387
4389
4389
4391
4391
4392
4393
4395
4396
4396
4397
4399
4399
4399
4399
4400
4400
4401
4401
4402
4402
4403
4404
4405
4408
4409
4409
4410
4411
4412
4414
4414
4415
4415
4416
4420
4420
4421
4424
4425
4426
4426
4426
4427
4427
4428
4428
4428
4433
4434
4435
4436
4436
4438
4439
4439
4440
4442
4450
4450
4451
4451
4451
4452
4454
4455
4456
4456
4456
4456
4457
4457
4458
4460
4460
4460
4463
4463
4466
4467
4468
4469
4469
4473
4473
4474
4474
4476
4477
4478
4478
4478
4478
4479
4479
4480
4480
4483
4487
4487
4487
4488
4490
4490
4493
4496
4497
4499
4499
4499
4500
4500
4501
4502
4502
4502
4507
4509
4509
4509
4509
4510
4510
4511
4511
4512
4512
4513
4513
4513
4514
4516
4516
4516
4516
4520
4521
4523
4527
4529
4532
4533
4533
4535
4535
4536
4536
4536
4538
4539
4539
4539
4541
4542
4542
4543
4544
4544
4545
4545
4545
4546
4546
4547
4547
4547
4547
4548
4548
4549
4550
4550
4551
4554
4555
4556
4556
4557
4557
4558
4559
4559
4559
4562
4562
4563
4564
4566
4567
4568
4570
4571
4573
4574
4575
4578
4579
4580
4580
4580
4580
4583
4584
4584
4586
4587
4588
4590
4590
4590
4596
4596
4596
4597
4598
4599
4599
4600
4601
4601
4601
4603
4604
4604
4604
4605
4606
4606
4607
4607
4608
4609
4615
4615
4616
4616
4617
4617
4617
4618
4620
4621
4623
4624
4626
4626
4627
4628
4628
4628
4629
4630
4630
4631
4631
4631
4631
4632
4632
4632
4633
4634
4635
4640
4641
4641
4644
4646
4647
4648
4649
4649
4651
4652
4654
4654
4655
4657
4657
4660
4660
4661
4662
4663
4664
4664
4667
4668
4670
4671
4672
4674
4675
4677
4677
4678
4678
4679
4679
4679
4680
4681
4681
4682
4682
4682
4682
4683
4684
4685
4686
4686
4689
4694
4696
4696
4698
4698
4698
4699
4702
4702
4702
4703
4703
4706
4707
4707
4710
4710
4712
4714
4715
4716
4716
4717
4717
4717
4719
4719
4719
4719
4720
4722
4722
4724
4724
4724
4725
4727
4728
4729
4729
4730
4731
4731
4732
4733
4733
4735
4737
4737
4738
4739
4739
4741
4742
4742
4746
4749
4750
4750
4752
4752
4752
4753
4755
4755
4758
4759
4760
4762
4763
4764
4764
4765
4768
4769
4770
4771
4773
4774
4775
4776
4778
4778
4779
4779
4780
4780
4782
4786
4786
4788
4789
4790
4794
4794
4795
4795
4796
4796
4797
4797
4798
4798
4799
4800
4802
4802
4804
4805
4806
4806
4808
4809
4811
4812
4814
4814
4814
4816
4817
4818
4818
4819
4819
4820
4821
4821
4823
4823
4826
4828
4831
4834
4835
4836
4836
4837
4837
4839
4843
4845
4847
4847
4848
4848
4848
4850
4850
4852
4853
4854
4854
4854
4855
4856
4856
4856
4857
4858
4858
4859
4860
4862
4862
4864
4864
4865
4867
4867
4867
4868
4869
4869
4870
4871
4871
4871
4872
4873
4873
4874
4874
4877
4877
4879
4881
4882
4883
4884
4885
4885
4886
4887
4888
4889
4891
4893
4893
4893
4894
4895
4895
4895
4898
4899
4899
4900
4902
4903
4904
4905
4906
4907
4909
4910
4911
4913
4913
4913
4915
4916
4919
4920
4921
4922
4922
4922
4923
4923
4925
4925
4926
4926
4926
4927
4930
4930
4931
4931
4932
4933
4934
4934
4935
4935
4936
4938
4940
4940
4941
4942
4943
4944
4946
4947
4948
4950
4952
4952
4953
4955
4956
4960
4960
4960
4960
4961
4962
4964
4965
4965
4967
4968
4971
4971
4972
4973
4974
4974
4974
4975
4977
4979
4981
4984
4987
4989
4991
4993
4995
4995
4995
4997
4997
4998
5002
5002
5003
5003
5004
5004
5005
5005
5007
5008
5009
5009
5009
5010
5010
5010
5014
5017
5018
5019
5019
5021
5021
5021
5022
5022
5023
5024
5025
5026
5026
5026
5026
5027
5028
5028
5029
5029
5029
5030
5030
5032
5034
5036
5036
5037
5037
5037
5037
5038
5039
5039
5039
5040
5041
5041
5042
5043
5045
5046
5046
5049
5050
5050
5051
5051
5051
5051
5052
5052
5055
5058
5059
5059
5060
5060
5062
5063
5065
5067
5067
5068
5068
5070
5072
5073
5074
5074
5076
5077
5077
5078
5079
5080
5081
5081
5082
5085
5086
5086
5090
5091
5093
5094
5094
5094
5095
5096
5096
5097
5098
5098
5099
5099
5099
5101
5101
5101
5102
5103
5105
5106
5107
5108
5108
5109
5109
5109
5111
5112
5113
5114
5114
5114
5114
5115
5116
5118
5119
5120
5122
5122
5122
5122
5123
5123
5123
5124
5125
5126
5127
5127
5129
5129
5129
5130
5130
5132
5134
5135
5135
5136
5137
5138
5138
5141
5141
5144
5145
5146
5147
5147
5149
5150
5151
5154
5154
5155
5155
5156
5157
5157
5158
5158
5159
5159
5164
5166
5167
5167
5167
5167
5172
5173
5174
5174
5174
5174
5175
5175
5176
5176
5176
5180
5181
5181
5182
5183
5184
5185
5187
5187
5187
5192
5192
5193
5193
5194
5194
5196
5197
5197
5200
5201
5201
5202
5203
5207
5207
5208
5213
5216
5217
5218
5219
5219
5221
5221
5222
5224
5224
5225
5226
5230
5231
5231
5232
5232
5233
5233
5238
5239
5239
5243
5243
5244
5244
5244
5245
5245
5246
5247
5248
5248
5249
5249
5250
5250
5250
5251
5253
5254
5254
5255
5255
5255
5255
5257
5257
5258
5258
5259
5260
5267
5267
5268
5271
5272
5273
5273
5275
5275
5275
5275
5276
5278
5278
5279
5279
5280
5280
5280
5282
5282
5284
5284
5284
5285
5286
5286
5287
5288
5288
5289
5290
5291
5292
5292
5294
5296
5297
5299
5299
5300
5300
5300
5301
5301
5303
5304
5304
5304
5304
5307
5307
5307
5307
5308
5308
5309
5309
5312
5313
5313
5313
5313
5315
5317
5320
5322
5322
5324
5327
5328
5328
5330
5331
5332
5332
5333
5334
5335
5336
5338
5339
5340
5341
5342
5342
5344
5345
5346
5348
5349
5349
5351
5352
5353
5354
5354
5355
5356
5359
5362
5362
5362
5364
5364
5365
5366
5366
5367
5368
5368
5369
5369
5370
5370
5372
5372
5374
5374
5376
5377
5377
5378
5379
5379
5382
5382
5382
5383
5384
5384
5385
5385
5386
5387
5388
5389
5391
5391
5392
5392
5393
5394
5395
5395
5398
5399
5400
5401
5401
5403
5404
5404
5405
5406
5409
5410
5412
5413
5414
5415
5415
5416
5420
5421
5422
5422
5423
5424
5424
5427
5428
5429
5429
5429
5432
5433
5435
5435
5437
5438
5439
5440
5441
5442
5443
5444
5444
5444
5444
5444
5445
5447
5448
5449
5449
5450
5450
5450
5451
5453
5453
5453
5453
5455
5456
5456
5456
5457
5457
5458
5459
5461
5462
5463
5464
5464
5465
5466
5467
5467
5468
5469
5469
5469
5469
5470
5472
5472
5476
5476
5477
5477
5478
5479
5481
5482
5483
5485
5486
5487
5487
5488
5488
5488
5488
5488
5490
5491
5492
5496
5497
5498
5499
5500
5500
5500
5501
5502
5502
5502
5503
5504
5504
5505
5506
5506
5508
5510
5514
5514
5514
5515
5516
5519
5522
5523
5524
5524
5524
5524
5525
5526
5528
5529
5530
5530
5531
5531
5531
5531
5533
5536
5536
5537
5538
5538
5539
5541
5543
5544
5545
5547
5549
5550
5551
5551
5552
5552
5554
5555
5555
5555
5555
5555
5557
5557
5557
5560
5561
5561
5562
5564
5564
5565
5566
5567
5567
5568
5568
5568
5569
5569
5571
5575
5575
5575
5576
5578
5580
5581
5583
5584
5584
5588
5588
5588
5589
5589
5589
5590
5591
5592
5592
5594
5595
5599
5599
5600
5600
5600
5600
5601
5602
5603
5605
5606
5606
5606
5610
5610
5610
5611
5613
5614
5616
5617
5617
5618
5619
5619
5620
5620
5620
5622
5622
5622
5623
5624
5624
5624
5625
5628
5629
5629
5630
5632
5633
5633
5634
5637
5638
5639
5640
5640
5641
5641
5642
5642
5643
5643
5644
5645
5645
5645
5647
5649
5649
5652
5653
5653
5655
5656
5657
5657
5658
5658
5660
5661
5662
5662
5664
5666
5666
5667
5669
5670
5671
5673
5675
5675
5676
5677
5677
5677
5677
5678
5678
5678
5679
5679
5681
5681
5681
5682
5682
5683
5683
5684
5684
5687
5687
5691
5691
5691
5692
5694
5694
5694
5696
5697
5698
5699
5699
5700
5700
5700
5701
5701
5703
5704
5705
5706
5707
5707
5708
5710
5710
5710
5711
5715
5717
5717
5717
5719
5725
5725
5727
5727
5728
5731
5732
5735
5735
5736
5736
5738
5739
5739
5739
5740
5741
5742
5746
5746
5746
5749
5751
5752
5753
5755
5757
5759
5761
5761
5762
5762
5762
5764
5764
5765
5766
5766
5766
5767
5769
5776
5779
5780
5781
5782
5782
5783
5786
5786
5786
5788
5789
5789
5792
5793
5794
5795
5795
5796
5796
5796
5798
5802
5803
5804
5805
5805
5806
5807
5807
5808
5808
5809
5810
5811
5811
5812
5813
5814
5816
5818
5818
5818
5819
5820
5820
5827
5828
5828
5829
5832
5833
5834
5834
5835
5839
5839
5839
5841
5841
5842
5842
5842
5843
5843
5843
5844
5846
5851
5852
5853
5854
5856
5857
5857
5858
5861
5861
5862
5868
5870
5870
5870
5871
5872
5873
5874
5874
5876
5876
5877
5878
5878
5879
5880
5880
5882
5882
5883
5884
5885
5886
5886
5886
5887
5888
5888
5889
5890
5892
5893
5894
5895
5896
5899
5901
5901
5901
5901
5904
5905
5905
5905
5910
5912
5912
5913
5913
5913
5913
5915
5915
5916
5917
5918
5920
5920
5921
5921
5921
5922
5922
5922
5929
5929
5930
5932
5932
5933
5934
5934
5935
5935
5937
5937
5939
5939
5940
5940
5940
5940
5941
5941
5941
5942
5943
5945
5945
5946
5947
5949
5951
5951
5952
5953
5953
5955
5955
5957
5958
5958
5959
5959
5959
5962
5962
5963
5965
5967
5970
5970
5970
5971
5971
5971
5971
5972
5972
5974
5975
5976
5978
5978
5983
5983
5986
5987
5987
5989
5990
5991
5994
5995
5997
5997
5998
5999
5999
5999
6000
6000
6000
6000
6006
6006
6006
6009
6011
6012
6013
6013
6014
6014
6017
6017
6018
6020
6021
6021
6023
6024
6025
6026
6027
6027
6028
6029
6029
6030
6030
6030
6032
6032
6032
6033
6033
6033
6035
6036
6037
6037
6037
6038
6038
6039
6040
6040
6041
6041
6041
6043
6044
6044
6045
6045
6045
6045
6046
6048
6049
6052
6053
6054
6054
6054
6055
6058
6059
6059
6059
6059
6060
6061
6062
6063
6063
6064
6064
6066
6067
6067
6071
6073
6073
6074
6074
6078
6079
6080
6081
6082
6082
6083
6083
6083
6085
6086
6088
6088
6090
6095
6095
6095
6097
6097
6099
6099
6102
6103
6104
6105
6105
6108
6112
6112
6113
6114
6115
6115
6116
6116
6116
6117
6117
6118
6118
6119
6122
6122
6124
6124
6125
6125
6128
6128
6129
6130
6130
6130
6130
6130
6132
6132
6133
6133
6134
6136
6136
6137
6138
6139
6141
6141
6142
6142
6142
6143
6144
6144
6144
6144
6145
6146
6146
6148
6148
6150
6150
6150
6154
6156
6156
6158
6160
6161
6161
6164
6165
6167
6167
6167
6168
6169
6170
6171
6172
6175
6175
6178
6180
6180
6181
6182
6183
6186
6186
6187
6188
6188
6191
6191
6191
6192
6194
6194
6195
6197
6197
6198
6199
6199
6200
6200
6203
6204
6205
6205
6206
6207
6209
6212
6212
6212
6213
6215
6215
6216
6217
6217
6222
6222
6224
6225
6227
6227
6228
6229
6230
6231
6233
6235
6235
6236
6238
6238
6241
6241
6241
6242
6243
6245
6245
6247
6247
6248
6248
6248
6250
6251
6251
6252
6252
6255
6255
6255
6255
6256
6257
6259
6260
6264
6264
6265
6266
6267
6268
6269
6269
6269
6272
6274
6274
6274
6275
6276
6278
6278
6285
6286
6287
6288
6288
6289
6289
6290
6290
6290
6293
6294
6295
6296
6298
6299
6299
6301
6303
6303
6304
6305
6307
6308
6309
6310
6311
6312
6313
6314
6318
6318
6318
6319
6319
6319
6320
6321
6322
6324
6325
6325
6326
6326
6326
6328
6328
6328
6329
6330
6332
6332
6332
6333
6333
6334
6334
6337
6338
6339
6340
6340
6340
6340
6341
6341
6341
6343
6343
6344
6345
6346
6346
6348
6348
6349
6350
6350
6351
6353
6356
6359
6359
6360
6360
6361
6361
6362
6362
6362
6363
6364
6365
6366
6366
6369
6369
6369
6370
6371
6374
6375
6375
6376
6376
6378
6379
6380
6380
6380
6381
6381
6381
6384
6386
6386
6387
6387
6388
6389
6389
6390
6397
6400
6403
6403
6405
6406
6408
6409
6409
6410
6410
6411
6411
6415
6416
6417
6417
6418
6419
6420
6422
6423
6424
6424
6428
6428
6430
6430
6430
6430
6432
6434
6435
6437
6437
6438
6438
6441
6442
6442
6444
6445
6446
6448
6449
6449
6452
6453
6454
6456
6456
6458
6458
6459
6462
6462
6464
6465
6466
6466
6466
6470
6470
6471
6474
6475
6476
6476
6477
6479
6479
6481
6482
6483
6483
6487
6488
6488
6488
6489
6490
6490
6492
6492
6493
6493
6494
6496
6498
6499
6500
6502
6504
6504
6504
6506
6506
6506
6507
6507
6508
6508
6508
6509
6510
6511
6512
6512
6513
6513
6514
6515
6515
6515
6515
6516
6517
6519
6521
6521
6522
6523
6525
6526
6528
6529
6529
6531
6532
6534
6536
6537
6537
6538
6539
6539
6540
6541
6542
6542
6542
6545
6545
6546
6546
6547
6548
6548
6550
6550
6552
6552
6553
6554
6554
6555
6555
6555
6556
6557
6559
6559
6559
6559
6560
6560
6560
6561
6563
6565
6567
6568
6569
6570
6571
6572
6572
6572
6573
6574
6575
6576
6578
6578
6579
6580
6581
6582
6583
6585
6586
6586
6586
6593
6594
6595
6597
6598
6598
6598
6599
6600
6601
6601
6601
6602
6602
6604
6605
6605
6605
6606
6606
6609
6609
6611
6613
6613
6613
6615
6615
6618
6620
6620
6621
6622
6622
6623
6623
6625
6626
6627
6628
6629
6629
6629
6630
6631
6631
6631
6634
6634
6634
6634
6636
6637
6637
6640
6642
6642
6643
6644
6645
6650
6650
6650
6650
6651
6652
6656
6656
6658
6658
6659
6660
6660
6660
6661
6661
6661
6662
6663
6663
6664
6664
6664
6665
6665
6666
6669
6669
6670
6672
6672
6673
6675
6676
6676
6677
6677
6677
6678
6678
6678
6679
6679
6679
6679
6679
6685
6688
6690
6690
6690
6690
6691
6692
6692
6693
6693
6694
6694
6695
6696
6696
6696
6697
6698
6698
6703
6705
6705
6706
6706
6710
6711
6711
6712
6713
6713
6715
6716
6719
6719
6720
6720
6721
6722
6722
6726
6727
6729
6731
6731
6732
6732
6732
6732
6734
6735
6739
6739
6739
6743
6743
6745
6746
6746
6747
6748
6748
6749
6750
6750
6753
6754
6756
6756
6758
6759
6760
6762
6762
6763
6764
6764
6766
6767
6767
6768
6769
6770
6771
6771
6772
6774
6776
6777
6778
6778
6782
6785
6786
6787
6789
6791
6791
6792
6792
6792
6792
6794
6794
6794
6794
6795
6795
6797
6797
6797
6797
6799
6800
6801
6802
6805
6806
6806
6808
6808
6809
6810
6811
6813
6817
6819
6820
6820
6820
6821
6823
6824
6825
6830
6831
6832
6832
6832
6832
6833
6835
6836
6838
6839
6843
6845
6845
6846
6846
6848
6849
6850
6850
6851
6852
6854
6857
6859
6860
6860
6861
6861
6861
6861
6862
6864
6865
6865
6865
6866
6866
6867
6867
6867
6867
6868
6868
6869
6871
6871
6872
6873
6874
6875
6875
6879
6881
6883
6883
6885
6886
6886
6888
6890
6891
6891
6892
6896
6896
6899
6900
6901
6903
6905
6906
6906
6909
6912
6913
6913
6914
6916
6917
6918
6918
6919
6920
6920
6921
6922
6922
6923
6924
6924
6928
6929
6931
6933
6935
6935
6937
6939
6940
6940
6941
6943
6945
6946
6946
6947
6947
6948
6949
6950
6950
6951
6951
6952
6953
6953
6954
6955
6956
6958
6958
6958
6958
6961
6962
6963
6966
6968
6970
6970
6972
6975
6975
6977
6979
6980
6980
6982
6983
6983
6984
6984
6984
6984
6985
6987
6987
6987
6987
6987
6989
6989
6989
6990
6991
6994
6995
6995
6995
6997
6997
6999
7000
7001
7001
7002
7004
7006
7007
7007
7008
7009
7010
7011
7012
7013
7014
7015
7016
7018
7019
7022
7023
7023
7026
7029
7030
7031
7035
7036
7036
7036
7037
7038
7038
7039
7039
7045
7045
7049
7050
7051
7053
7053
7053
7053
7054
7054
7054
7058
7058
7060
7060
7064
7064
7065
7065
7066
7068
7073
7073
7073
7074
7074
7075
7075
7075
7076
7078
7078
7081
7081
7084
7085
7087
7088
7091
7094
7094
7095
7096
7097
7098
7098
7099
7099
7100
7104
7104
7105
7106
7106
7106
7109
7110
7112
7112
7114
7115
7117
7117
7118
7119
7119
7120
7120
7120
7120
7121
7121
7121
7123
7124
7124
7125
7125
7126
7127
7127
7127
7129
7129
7131
7132
7133
7133
7134
7134
7134
7135
7135
7135
7136
7136
7136
7138
7141
7142
7142
7143
7143
7144
7144
7145
7145
7147
7147
7149
7152
7153
7153
7154
7154
7155
7155
7156
7157
7159
7160
7160
7160
7163
7163
7164
7164
7168
7168
7169
7169
7170
7170
7171
7171
7171
7171
7173
7176
7176
7176
7177
7177
7177
7179
7179
7180
7182
7182
7183
7184
7184
7185
7186
7186
7187
7189
7190
7191
7191
7193
7194
7196
7197
7198
7199
7199
7201
7202
7203
7204
7207
7208
7208
7208
7209
7211
7211
7213
7213
7213
7214
7217
7221
7223
7223
7223
7226
7229
7230
7232
7232
7232
7232
7233
7233
7235
7236
7236
7236
7237
7239
7241
7242
7242
7243
7243
7251
7251
7251
7252
7252
7252
7258
7259
7263
7263
7265
7266
7266
7269
7269
7269
7273
7273
7274
7275
7276
7276
7277
7277
7277
7278
7279
7279
7279
7280
7281
7284
7288
7288
7289
7289
7290
7291
7293
7295
7295
7295
7295
7297
7298
7301
7301
7303
7305
7305
7306
7306
7306
7307
7309
7309
7309
7310
7313
7313
7316
7317
7317
7318
7318
7319
7319
7319
7321
7321
7322
7322
7324
7325
7325
7326
7327
7328
7328
7331
7331
7332
7333
7337
7337
7339
7339
7339
7341
7341
7343
7343
7346
7347
7347
7348
7349
7349
7349
7350
7350
7354
7354
7355
7359
7361
7361
7361
7362
7363
7365
7365
7366
7366
7366
7367
7369
7369
7369
7370
7371
7371
7371
7374
7374
7376
7380
7381
7383
7383
7385
7385
7387
7388
7388
7388
7388
7388
7390
7391
7392
7394
7394
7396
7399
7400
7401
7402
7402
7403
7405
7406
7407
7411
7412
7413
7415
7416
7416
7416
7418
7422
7424
7424
7425
7427
7427
7427
7430
7431
7436
7437
7439
7439
7440
7445
7446
7446
7446
7447
7448
7449
7450
7450
7450
7451
7451
7451
7453
7454
7456
7456
7457
7457
7462
7463
7463
7464
7465
7465
7465
7466
7466
7466
7468
7468
7469
7470
7471
7473
7474
7475
7477
7482
7483
7484
7486
7486
7487
7490
7491
7492
7494
7494
7494
7494
7494
7498
7499
7499
7500
7501
7503
7504
7504
7505
7505
7506
7507
7508
7511
7511
7512
7513
7515
7517
7517
7518
7518
7519
7520
7520
7520
7522
7523
7524
7524
7526
7526
7526
7528
7528
7529
7529
7530
7531
7532
7532
7535
7535
7536
7536
7536
7537
7538
7538
7538
7540
7541
7541
7542
7542
7543
7543
7544
7545
7546
7547
7548
7548
7549
7549
7552
7553
7557
7559
7560
7561
7562
7562
7563
7563
7564
7565
7565
7566
7566
7567
7568
7569
7569
7569
7569
7570
7571
7572
7572
7572
7575
7576
7578
7579
7579
7580
7582
7582
7582
7583
7584
7585
7586
7587
7587
7587
7589
7589
7589
7590
7591
7591
7592
7593
7594
7595
7595
7595
7595
7595
7596
7596
7597
7598
7598
7598
7599
7600
7601
7602
7602
7603
7603
7605
7605
7608
7608
7609
7610
7610
7610
7611
7612
7613
7613
7615
7618
7618
7619
7619
7619
7621
7622
7623
7625
7625
7626
7628
7632
7633
7634
7635
7636
7637
7638
7640
7641
7641
7642
7643
7644
7645
7645
7645
7647
7647
7648
7649
7650
7650
7651
7652
7652
7652
7653
7654
7655
7656
7656
7659
7659
7662
7664
7664
7667
7671
7675
7678
7678
7680
7681
7685
7687
7690
7691
7692
7693
7695
7695
7695
7695
7696
7696
7696
7697
7701
7701
7702
7703
7703
7705
7705
7707
7707
7707
7708
7709
7709
7709
7710
7712
7713
7714
7715
7716
7716
7717
7717
7718
7718
7718
7720
7720
7721
7722
7723
7723
7723
7724
7724
7724
7727
7728
7728
7730
7730
7731
7733
7733
7734
7735
7735
7738
7738
7738
7739
7741
7742
7742
7743
7744
7744
7745
7747
7747
7748
7750
7750
7751
7751
7751
7752
7757
7757
7757
7762
7762
7762
7762
7763
7764
7764
7765
7765
7766
7766
7766
7766
7768
7768
7769
7770
7771
7771
7774
7775
7775
7775
7779
7780
7781
7782
7782
7783
7785
7786
7787
7788
7788
7789
7789
7789
7789
7796
7796
7797
7797
7800
7801
7801
7802
7802
7802
7802
7804
7805
7805
7806
7807
7807
7809
7810
7812
7814
7815
7816
7819
7820
7820
7821
7822
7823
7823
7824
7824
7825
7826
7827
7828
7831
7832
7832
7839
7839
7840
7843
7844
7845
7845
7847
7847
7848
7850
7850
7852
7853
7854
7854
7855
7856
7857
7857
7857
7857
7859
7861
7863
7864
7866
7867
7867
7868
7870
7872
7873
7874
7874
7874
7878
7881
7883
7884
7886
7888
7889
7891
7893
7893
7894
7894
7894
7894
7897
7898
7898
7899
7900
7901
7901
7902
7905
7905
7906
7906
7906
7906
7906
7908
7909
7911
7912
7913
7913
7914
7915
7916
7917
7917
7919
7921
7923
7923
7924
7924
7924
7926
7928
7929
7933
7934
7935
7936
7938
7941
7946
7946
7947
7948
7949
7950
7951
7952
7952
7953
7953
7956
7956
7957
7958
7959
7962
7965
7967
7968
7969
7969
7969
7970
7971
7971
7975
7975
7975
7976
7976
7977
7978
7979
7979
7980
7983
7983
7985
7987
7987
7989
7989
7990
7991
7994
7995
7995
7996
7996
7999
7999
7999
8000
8002
8002
8004
8005
8005
8006
8007
8007
8008
8009
8011
8011
8013
8014
8015
8015
8016
8017
8017
8017
8018
8019
8020
8021
8023
8023
8026
8026
8026
8027
8029
8030
8030
8031
8032
8033
8033
8033
8034
8034
8035
8035
8035
8038
8039
8040
8041
8042
8042
8043
8044
8045
8049
8050
8051
8054
8054
8054
8055
8055
8055
8056
8056
8057
8057
8057
8058
8058
8059
8061
8063
8064
8066
8067
8067
8067
8070
8071
8073
8074
8074
8074
8075
8075
8076
8078
8079
8079
8080
8080
8081
8081
8081
8082
8082
8082
8085
8087
8088
8088
8089
8090
8090
8092
8092
8093
8093
8093
8094
8095
8095
8096
8098
8101
8101
8102
8102
8102
8103
8104
8105
8105
8107
8108
8108
8111
8112
8113
8116
8118
8119
8119
8122
8124
8127
8129
8129
8129
8130
8132
8132
8132
8137
8137
8137
8138
8138
8141
8143
8144
8145
8146
8147
8147
8148
8149
8149
8149
8152
8154
8154
8155
8155
8155
8156
8158
8159
8159
8159
8162
8163
8164
8164
8165
8165
8166
8168
8168
8169
8172
8173
8175
8175
8179
8181
8181
8182
8182
8182
8183
8183
8183
8183
8183
8184
8184
8185
8185
8186
8188
8189
8189
8190
8191
8191
8192
8192
8193
8193
8193
8196
8197
8198
8198
8198
8199
8200
8200
8201
8202
8202
8202
8202
8203
8204
8205
8206
8206
8207
8207
8208
8209
8210
8212
8216
8217
8218
8219
8219
8220
8220
8221
8222
8223
8224
8225
8225
8225
8226
8226
8231
8231
8233
8236
8236
8237
8237
8237
8237
8238
8241
8242
8243
8249
8251
8252
8253
8254
8255
8255
8256
8257
8259
8259
8260
8261
8261
8262
8263
8264
8265
8265
8266
8267
8271
8271
8271
8272
8274
8274
8274
8275
8277
8278
8281
8282
8282
8283
8284
8285
8285
8285
8293
8295
8298
8300
8305
8305
8306
8306
8308
8308
8309
8310
8310
8314
8314
8314
8316
8318
8318
8321
8322
8322
8322
8324
8325
8327
8329
8330
8331
8332
8332
8332
8333
8333
8333
8334
8334
8335
8335
8338
8339
8343
8343
8344
8345
8347
8347
8349
8350
8352
8353
8354
8354
8355
8355
8356
8356
8358
8358
8359
8359
8362
8362
8363
8365
8365
8366
8366
8366
8366
8367
8368
8370
8370
8371
8372
8372
8373
8373
8374
8375
8376
8377
8378
8379
8379
8379
8382
8384
8385
8386
8386
8386
8387
8387
8387
8388
8389
8389
8390
8390
8391
8392
8392
8392
8393
8394
8395
8397
8397
8397
8401
8402
8402
8403
8407
8409
8410
8410
8411
8411
8411
8412
8412
8413
8413
8415
8416
8416
8416
8418
8419
8420
8420
8421
8423
8423
8424
8425
8425
8426
8426
8427
8428
8428
8428
8429
8430
8431
8431
8431
8432
8433
8434
8434
8435
8437
8437
8437
8437
8438
8439
8440
8440
8440
8440
8440
8441
8441
8442
8442
8442
8442
8443
8443
8444
8446
8449
8449
8450
8453
8453
8454
8455
8455
8455
8455
8456
8457
8458
8458
8458
8460
8460
8462
8462
8462
8462
8464
8464
8464
8469
8469
8470
8475
8475
8476
8476
8476
8477
8477
8478
8479
8481
8482
8482
8482
8482
8483
8484
8486
8487
8489
8491
8492
8492
8496
8496
8498
8499
8499
8500
8501
8502
8503
8504
8504
8504
8505
8505
8507
8507
8509
8510
8511
8511
8512
8512
8517
8517
8519
8522
8522
8523
8526
8527
8528
8531
8531
8532
8532
8533
8533
8534
8534
8535
8535
8536
8537
8537
8537
8538
8538
8538
8539
8541
8541
8544
8545
8545
8546
8546
8546
8547
8547
8548
8548
8553
8553
8556
8559
8561
8562
8563
8565
8567
8568
8569
8569
8571
8571
8571
8571
8571
8572
8574
8574
8575
8575
8575
8576
8576
8577
8578
8578
8579
8580
8581
8581
8581
8582
8582
8582
8583
8583
8583
8585
8586
8586
8589
8591
8591
8592
8593
8594
8595
8595
8596
8596
8596
8598
8598
8601
8601
8601
8606
8608
8608
8609
8610
8611
8612
8613
8614
8614
8614
8615
8617
8618
8618
8619
8619
8620
8621
8621
8622
8624
8624
8625
8625
8626
8626
8627
8627
8628
8628
8631
8632
8633
8633
8634
8635
8636
8638
8639
8639
8641
8641
8642
8643
8644
8645
8646
8646
8649
8651
8651
8652
8652
8652
8653
8654
8657
8657
8657
8658
8658
8658
8659
8660
8662
8663
8665
8666
8666
8666
8668
8668
8669
8671
8671
8671
8672
8674
8674
8676
8676
8676
8676
8677
8678
8678
8679
8682
8682
8684
8684
8684
8684
8684
8685
8686
8687
8688
8691
8691
8692
8692
8694
8695
8695
8696
8696
8698
8700
8701
8703
8704
8705
8707
8708
8708
8708
8709
8709
8709
8710
8712
8715
8716
8716
8717
8718
8718
8720
8720
8721
8722
8723
8723
8723
8724
8725
8725
8725
8727
8729
8729
8730
8731
8731
8732
8732
8732
8733
8736
8737
8738
8739
8742
8743
8743
8744
8746
8748
8749
8749
8751
8751
8753
8754
8755
8757
8757
8757
8757
8758
8760
8761
8762
8765
8765
8766
8766
8766
8767
8767
8768
8768
8769
8771
8773
8774
8774
8775
8776
8777
8778
8779
8780
8780
8783
8786
8787
8788
8790
8790
8790
8790
8791
8791
8791
8793
8793
8800
8801
8801
8804
8805
8806
8806
8809
8812
8812
8815
8815
8816
8816
8817
8817
8817
8817
8818
8820
8820
8820
8821
8821
8821
8821
8822
8822
8823
8823
8823
8824
8826
8826
8829
8829
8831
8831
8832
8833
8836
8837
8840
8841
8841
8844
8846
8846
8847
8848
8850
8853
8853
8855
8855
8858
8860
8861
8862
8863
8864
8864
8865
8866
8867
8869
8869
8869
8869
8871
8875
8876
8878
8878
8880
8880
8880
8882
8882
8882
8883
8883
8884
8884
8886
8886
8886
8887
8888
8889
8891
8892
8892
8893
8893
8895
8895
8895
8896
8897
8898
8898
8900
8901
8901
8904
8904
8904
8904
8906
8906
8906
8907
8907
8908
8909
8911
8912
8912
8912
8915
8916
8917
8917
8918
8920
8922
8923
8926
8926
8927
8928
8930
8930
8932
8934
8934
8934
8936
8938
8938
8939
8940
8942
8943
8944
8946
8946
8947
8948
8950
8950
8951
8952
8952
8953
8954
8956
8957
8957
8958
8959
8963
8963
8964
8965
8966
8966
8966
8968
8968
8970
8970
8971
8972
8974
8975
8976
8976
8979
8979
8981
8982
8982
8982
8982
8984
8986
8986
8987
8987
8988
8992
8992
8995
8995
8997
8997
8999
9000
9001
9001
9002
9003
9003
9005
9005
9005
9006
9006
9007
9007
9008
9009
9009
9010
9014
9014
9017
9021
9023
9023
9023
9025
9028
9028
9029
9029
9030
9031
9032
9032
9033
9033
9033
9039
9041
9041
9044
9048
9051
9051
9052
9053
9056
9058
9060
9066
9067
9067
9069
9069
9073
9073
9073
9074
9076
9077
9078
9078
9078
9079
9080
9080
9081
9085
9086
9087
9088
9088
9090
9090
9090
9092
9093
9093
9095
9095
9097
9097
9098
9098
9098
9099
9102
9103
9103
9104
9104
9106
9107
9110
9110
9111
9114
9114
9117
9117
9119
9119
9119
9121
9122
9123
9123
9124
9124
9126
9127
9128
9130
9130
9130
9133
9133
9134
9135
9136
9137
9138
9138
9139
9139
9140
9141
9141
9144
9144
9145
9145
9149
9149
9149
9149
9150
9151
9151
9151
9152
9153
9155
9156
9157
9157
9159
9159
9160
9161
9164
9164
9165
9167
9168
9169
9170
9172
9173
9174
9176
9177
9177
9179
9182
9183
9184
9185
9186
9186
9187
9189
9189
9190
9191
9191
9191
9192
9195
9197
9197
9197
9198
9199
9199
9200
9201
9201
9203
9203
9206
9209
9210
9210
9211
9211
9212
9213
9215
9216
9218
9218
9219
9219
9220
9221
9221
9222
9223
9224
9226
9226
9227
9227
9228
9228
9231
9233
9233
9234
9235
9236
9236
9237
9237
9238
9239
9239
9240
9240
9240
9241
9242
9244
9245
9246
9247
9248
9249
9252
9252
9254
9255
9256
9257
9259
9260
9260
9261
9261
9264
9264
9264
9269
9269
9274
9274
9274
9277
9278
9280
9281
9282
9283
9284
9284
9285
9285
9285
9287
9287
9288
9290
9294
9295
9296
9296
9297
9298
9306
9306
9307
9307
9307
9308
9311
9312
9313
9313
9317
9318
9318
9318
9324
9327
9327
9330
9330
9330
9332
9332
9332
9334
9334
9335
9337
9338
9338
9339
9339
9339
9339
9339
9340
9340
9340
9341
9342
9343
9346
9346
9348
9350
9350
9352
9353
9356
9358
9358
9359
9359
9359
9361
9361
9361
9362
9362
9364
9365
9365
9366
9367
9369
9371
9372
9373
9374
9374
9375
9375
9376
9379
9380
9381
9381
9383
9383
9384
9385
9386
9387
9389
9394
9396
9397
9397
9398
9398
9399
9400
9403
9404
9404
9404
9406
9408
9408
9408
9409
9411
9411
9412
9413
9414
9415
9415
9415
9416
9417
9417
9418
9420
9423
9424
9424
9425
9426
9427
9427
9429
9430
9430
9430
9430
9431
9432
9434
9434
9435
9437
9437
9444
9444
9444
9445
9445
9446
9446
9447
9449
9451
9452
9452
9453
9453
9456
9456
9458
9458
9459
9463
9465
9466
9466
9468
9469
9470
9471
9471
9471
9473
9473
9476
9477
9484
9486
9487
9488
9490
9490
9494
9495
9496
9500
9501
9502
9502
9503
9505
9506
9507
9507
9514
9514
9515
9515
9516
9516
9520
9522
9522
9523
9523
9524
9524
9524
9525
9526
9526
9528
9528
9530
9532
9533
9535
9537
9540
9541
9541
9546
9546
9547
9549
9552
9558
9559
9560
9564
9564
9565
9567
9567
9567
9568
9569
9570
9570
9570
9571
9571
9572
9573
9576
9576
9577
9578
9580
9580
9583
9583
9583
9583
9584
9585
9586
9587
9587
9588
9590
9594
9595
9595
9596
9596
9596
9597
9601
9602
9605
9606
9606
9607
9607
9607
9607
9609
9609
9609
9610
9610
9610
9611
9611
9612
9612
9613
9613
9615
9615
9617
9618
9619
9621
9622
9623
9624
9624
9624
9627
9627
9628
9628
9628
9629
9630
9631
9631
9632
9633
9633
9633
9633
9639
9640
9640
9640
9640
9642
9644
9646
9646
9647
9647
9647
9650
9650
9652
9652
9652
9653
9654
9656
9659
9659
9661
9661
9661
9664
9665
9666
9667
9669
9670
9670
9671
9672
9673
9673
9674
9674
9678
9679
9679
9680
9681
9683
9684
9684
9685
9685
9685
9685
9686
9687
9689
9689
9690
9690
9690
9691
9693
9693
9694
9696
9696
9701
9702
9702
9705
9707
9707
9707
9708
9709
9710
9713
9714
9715
9715
9718
9718
9719
9720
9721
9722
9723
9724
9726
9727
9728
9728
9728
9730
9730
9731
9734
9734
9735
9736
9737
9737
9740
9742
9742
9742
9743
9743
9744
9745
9746
9746
9747
9747
9750
9751
9752
9753
9754
9754
9755
9755
9755
9758
9761
9761
9761
9763
9764
9765
9765
9766
9770
9770
9771
9771
9772
9772
9772
9776
9776
9777
9777
9777
9779
9780
9781
9782
9783
9784
9785
9785
9787
9789
9790
9791
9792
9792
9792
9793
9794
9794
9798
9800
9800
9803
9806
9807
9808
9809
9809
9810
9813
9815
9816
9817
9817
9817
9818
9823
9823
9823
9824
9825
9826
9827
9829
9830
9830
9834
9834
9836
9836
9837
9838
9840
9841
9842
9843
9844
9846
9846
9846
9847
9848
9849
9849
9850
9850
9850
9850
9850
9851
9851
9852
9852
9852
9854
9855
9855
9855
9856
9856
9856
9857
9857
9857
9857
9857
9860
9862
9864
9865
9866
9866
9867
9867
9868
9869
9869
9870
9870
9871
9872
9874
9875
9878
9878
9879
9880
9881
9883
9883
9883
9884
9886
9888
9888
9889
9891
9892
9893
9893
9894
9896
9896
9897
9898
9898
9899
9900
9900
9901
9901
9902
9903
9903
9904
9904
9906
9906
9906
9906
9906
9909
9909
9910
9910
9911
9913
9914
9920
9922
9922
9923
9923
9924
9924
9924
9924
9925
9926
9926
9926
9927
9928
9930
9930
9930
9931
9931
9932
9932
9933
9934
9935
9935
9935
9937
9938
9938
9939
9939
9940
9941
9941
9941
9942
9942
9943
9944
9944
9945
9946
9947
9947
9948
9948
9948
9950
9950
9951
9952
9952
9952
9953
9954
9954
9954
9955
9955
9955
9956
9959
9960
9963
9964
9966
9967
9968
9969
9969
9969
9971
9972
9973
9974
9975
9975
9978
9979
9980
9982
9982
9983
9983
9985
9986
9986
9986
9987
9987
9988
9988
9989
9990
9993
9994
9994
9994
9995
9995
9996
9996
9998
9998
