1
6
7
7
7
8
8
9
10
12
14
15
18
18
19
20
20
20
21
21
22
22
22
25
27
28
28
29
30
32
35
35
40
40
41
43
46
46
49
49
49
50
50
52
53
55
57
57
58
60
60
61
61
62
64
65
65
67
67
69
69
71
73
73
74
77
78
79
80
80
81
83
85
86
88
90
90
91
92
92
94
98
100
100
100
102
102
103
104
104
105
105
107
107
107
107
107
108
108
109
110
110
111
112
113
113
115
115
119
119
122
125
127
127
130
130
130
131
132
133
133
133
135
135
135
135
136
136
138
139
139
141
142
142
144
147
147
148
148
148
148
153
154
155
155
156
157
157
161
165
166
166
171
171
173
173
175
175
175
176
177
177
177
178
178
179
179
180
180
180
182
182
183
183
184
185
185
187
187
188
189
189
191
192
194
194
195
197
198
199
204
206
208
210
212
213
213
214
217
217
218
219
220
223
223
223
224
226
227
228
230
231
232
235
238
239
240
240
241
242
244
244
244
245
245
245
247
248
252
252
254
254
255
255
257
257
258
259
261
263
264
264
264
265
265
267
267
268
268
268
270
270
270
273
273
274
274
276
277
280
280
282
283
284
284
284
284
286
287
287
287
289
289
291
291
292
294
297
297
298
298
299
300
301
302
303
303
305
306
306
308
308
310
311
313
314
316
318
318
320
320
321
321
323
324
325
326
326
326
327
327
328
331
331
331
332
333
333
333
334
334
335
337
337
338
339
339
339
342
342
342
344
346
346
346
349
350
350
351
352
352
353
358
358
360
360
362
363
365
365
366
367
368
368
372
372
373
374
374
375
375
375
375
377
378
378
378
378
378
379
381
382
382
382
383
383
386
386
388
388
388
389
393
394
394
395
395
396
397
397
398
398
402
403
406
407
408
408
409
410
411
411
413
414
415
415
416
416
416
416
416
422
423
423
424
424
424
424
425
430
430
431
434
435
435
438
439
439
440
441
441
441
444
445
447
449
449
451
451
455
455
457
458
458
461
462
462
463
466
467
467
469
470
471
471
472
473
474
475
475
476
477
482
482
482
483
484
484
484
485
487
488
489
495
496
497
499
499
503
503
505
506
507
507
507
510
511
513
514
516
516
516
518
520
521
521
521
523
523
523
524
524
525
525
526
526
527
529
529
531
532
532
532
532
533
537
539
539
539
544
544
547
551
552
552
552
555
556
557
557
558
559
559
560
560
562
562
565
565
571
573
575
575
577
577
577
578
578
579
580
580
580
581
584
584
585
586
588
588
590
592
593
594
594
596
596
597
597
597
598
599
602
606
607
608
608
608
609
610
610
612
614
618
618
619
623
624
624
626
627
627
629
629
630
630
631
632
633
634
634
634
635
637
637
637
638
639
639
644
644
644
648
651
655
655
657
659
659
660
660
662
664
664
665
665
666
667
668
668
672
672
673
673
674
675
675
676
677
679
679
679
681
681
683
683
684
686
686
687
690
692
692
696
698
700
702
704
706
706
706
708
709
710
710
711
713
716
716
717
717
717
717
718
718
719
720
723
724
724
725
727
727
729
730
734
734
735
740
741
745
747
747
748
748
748
754
761
761
761
762
764
765
766
767
767
768
769
771
772
772
773
773
775
775
776
776
778
778
778
778
779
781
781
782
783
783
785
787
788
789
794
797
797
798
798
799
800
801
801
801
802
803
803
805
805
807
808
808
811
814
814
816
816
818
819
819
820
821
822
824
824
827
827
831
831
832
832
833
834
834
835
839
839
840
840
840
841
841
842
843
844
844
844
845
846
846
847
848
849
850
851
852
852
853
853
854
855
855
857
860
860
860
860
860
862
864
866
866
867
868
868
870
870
871
873
873
873
874
875
875
877
880
882
883
885
886
886
889
889
889
889
891
891
895
898
899
900
900
901
903
904
904
905
905
907
908
909
911
912
912
915
915
916
917
918
919
920
920
922
923
923
924
927
928
929
930
930
932
932
934
935
936
936
936
937
938
940
940
941
942
942
942
943
944
946
946
947
947
947
947
947
948
949
950
950
950
951
952
956
957
957
958
960
964
965
967
967
968
969
970
970
970
972
974
981
981
982
982
983
986
986
987
987
989
989
990
990
992
993
994
997
1000
1000
1000
1001
1001
1002
1003
1005
1006
1006
1007
1008
1009
1009
1010
1010
1011
1011
1013
1014
1017
1020
1021
1021
1022
1022
1022
1023
1024
1026
1026
1026
1027
1030
1031
1032
1032
1033
1034
1035
1035
1038
1044
1045
1047
1049
1051
1052
1053
1054
1054
1057
1058
1059
1060
1060
1060
1061
1061
1061
1063
1069
1071
1071
1073
1074
1077
1078
1080
1082
1084
1085
1087
1087
1089
1089
1091
1091
1092
1092
1092
1092
1094
1094
1094
1095
1095
1096
1096
1097
1098
1099
1099
1100
1102
1102
1102
1103
1104
1104
1108
1109
1109
1112
1112
1113
1114
1118
1123
1123
1125
1125
1126
1128
1128
1129
1129
1131
1131
1132
1132
1132
1134
1135
1135
1135
1136
1137
1139
1140
1141
1142
1143
1144
1148
1150
1151
1152
1156
1157
1160
1161
1161
1162
1163
1163
1164
1164
1164
1165
1165
1166
1167
1168
1168
1169
1169
1170
1170
1171
1173
1174
1180
1180
1181
1181
1183
1184
1185
1185
1188
1188
1188
1192
1192
1192
1194
1195
1196
1197
1197
1198
1202
1202
1203
1203
1204
1204
1205
1206
1206
1208
1208
1209
1210
1212
1215
1216
1216
1217
1217
1217
1219
1220
1222
1222
1222
1222
1222
1225
1226
1226
1227
1227
1227
1228
1228
1230
1230
1231
1231
1234
1235
1236
1236
1237
1238
1239
1239
1239
1239
1240
1241
1243
1243
1243
1245
1245
1246
1247
1248
1249
1250
1255
1255
1255
1256
1257
1257
1259
1260
1261
1262
1264
1264
1265
1266
1266
1267
1268
1268
1270
1271
1271
1273
1273
1274
1275
1278
1278
1278
1281
1281
1282
1282
1283
1283
1283
1284
1285
1285
1286
1286
1288
1288
1289
1289
1292
1292
1293
1293
1293
1294
1295
1296
1296
1296
1298
1298
1300
1300
1301
1303
1304
1305
1305
1305
1305
1307
1307
1307
1309
1312
1312
1315
1315
1317
1317
1318
1318
1318
1319
1320
1321
1323
1324
1324
1324
1325
1326
1328
1329
1329
1330
1330
1333
1334
1335
1336
1337
1339
1342
1343
1344
1345
1345
1347
1348
1349
1349
1352
1352
1352
1353
1353
1355
1358
1361
1361
1362
1362
1362
1365
1366
1367
1368
1374
1375
1375
1376
1377
1377
1378
1379
1379
1381
1382
1385
1386
1387
1387
1387
1388
1391
1393
1394
1394
1395
1395
1396
1397
1398
1399
1400
1400
1401
1401
1402
1403
1403
1403
1404
1404
1406
1406
1411
1412
1412
1414
1416
1417
1418
1418
1418
1419
1419
1422
1423
1424
1424
1424
1425
1427
1427
1428
1429
1429
1429
1430
1430
1430
1430
1432
1436
1437
1438
1438
1439
1441
1441
1442
1442
1450
1452
1453
1455
1458
1458
1462
1462
1464
1464
1464
1465
1465
1466
1466
1467
1469
1471
1473
1473
1473
1474
1475
1475
1475
1475
1476
1477
1477
1478
1478
1479
1480
1481
1483
1486
1487
1489
1491
1492
1492
1493
1493
1495
1495
1498
1498
1499
1500
1501
1504
1506
1509
1509
1510
1510
1510
1511
1511
1513
1514
1514
1515
1516
1516
1517
1517
1517
1517
1518
1518
1519
1520
1520
1521
1523
1523
1524
1526
1526
1526
1527
1528
1529
1530
1530
1531
1532
1532
1533
1534
1535
1535
1537
1540
1541
1541
1541
1543
1544
1544
1545
1545
1545
1545
1548
1549
1551
1551
1552
1552
1553
1553
1554
1556
1556
1557
1559
1559
1559
1562
1562
1564
1564
1565
1566
1566
1566
1566
1569
1570
1571
1571
1574
1574
1575
1575
1578
1580
1580
1582
1582
1585
1586
1587
1587
1587
1588
1589
1589
1589
1590
1590
1592
1592
1593
1594
1594
1595
1596
1596
1599
1600
1601
1601
1602
1603
1603
1603
1605
1605
1606
1607
1608
1610
1612
1616
1619
1620
1620
1621
1623
1624
1624
1624
1626
1626
1626
1629
1629
1629
1630
1632
1632
1632
1633
1634
1636
1637
1637
1638
1638
1639
1641
1642
1643
1644
1645
1647
1648
1648
1650
1654
1655
1656
1660
1660
1661
1662
1662
1668
1669
1669
1670
1671
1671
1672
1673
1673
1675
1676
1679
1680
1680
1682
1682
1683
1685
1685
1686
1686
1686
1688
1690
1691
1691
1692
1692
1694
1696
1697
1699
1699
1700
1702
1706
1706
1707
1708
1714
1714
1715
1715
1716
1716
1720
1724
1725
1726
1727
1728
1729
1730
1731
1732
1732
1733
1733
1734
1735
1735
1736
1737
1738
1738
1740
1740
1741
1743
1744
1746
1746
1748
1749
1749
1749
1749
1750
1752
1753
1754
1757
1758
1759
1760
1760
1762
1763
1764
1764
1765
1765
1766
1766
1767
1768
1768
1770
1770
1770
1771
1771
1772
1775
1775
1778
1780
1780
1781
1781
1781
1781
1782
1783
1783
1784
1787
1788
1788
1789
1790
1791
1791
1791
1792
1792
1793
1793
1794
1795
1796
1797
1797
1797
1797
1802
1802
1805
1806
1807
1810
1810
1812
1813
1813
1815
1815
1816
1817
1818
1821
1821
1822
1822
1822
1823
1824
1824
1825
1825
1825
1825
1827
1827
1828
1829
1829
1829
1829
1829
1835
1836
1836
1837
1838
1838
1842
1843
1844
1845
1847
1848
1849
1849
1850
1851
1852
1854
1854
1855
1855
1855
1855
1857
1859
1859
1860
1860
1862
1863
1864
1866
1867
1868
1870
1870
1873
1875
1877
1878
1879
1879
1887
1893
1894
1898
1899
1899
1899
1900
1902
1902
1903
1904
1905
1906
1907
1908
1909
1910
1911
1912
1912
1913
1913
1915
1915
1915
1916
1916
1919
1920
1920
1921
1921
1924
1924
1924
1925
1925
1927
1927
1928
1928
1928
1929
1929
1930
1930
1931
1931
1934
1934
1935
1938
1938
1939
1939
1941
1942
1942
1943
1944
1944
1944
1945
1945
1946
1946
1948
1948
1949
1950
1951
1951
1953
1953
1953
1955
1957
1957
1959
1960
1960
1960
1962
1963
1963
1964
1964
1966
1966
1966
1967
1968
1969
1971
1972
1974
1975
1976
1980
1981
1981
1981
1984
1989
1992
1993
1993
1994
1994
1995
1996
1996
1997
1999
1999
2000
2001
2002
2006
2006
2007
2007
2008
2010
2010
2011
2014
2015
2016
2017
2018
2018
2019
2019
2020
2020
2021
2021
2022
2025
2026
2026
2028
2028
2029
2029
2029
2031
2032
2035
2037
2038
2038
2038
2038
2039
2042
2042
2044
2047
2047
2049
2049
2051
2051
2052
2053
2057
2058
2058
2059
2059
2063
2063
2063
2063
2064
2065
2066
2066
2066
2069
2070
2070
2070
2073
2073
2074
2075
2076
2076
2076
2077
2078
2079
2081
2086
2087
2088
2091
2093
2094
2095
2095
2097
2098
2099
2100
2100
2101
2102
2103
2104
2106
2110
2113
2113
2115
2116
2116
2117
2118
2119
2120
2120
2120
2121
2123
2124
2125
2125
2125
2126
2129
2131
2131
2133
2135
2136
2136
2137
2137
2138
2138
2139
2140
2140
2143
2143
2143
2144
2145
2146
2148
2148
2149
2149
2149
2151
2154
2154
2155
2157
2158
2159
2160
2163
2163
2164
2164
2165
2168
2168
2168
2168
2169
2169
2170
2170
2170
2171
2171
2172
2175
2175
2178
2179
2180
2180
2185
2187
2188
2189
2189
2190
2190
2191
2193
2193
2194
2194
2197
2197
2198
2198
2200
2204
2208
2209
2210
2211
2213
2214
2216
2216
2217
2217
2219
2219
2222
2223
2224
2225
2225
2225
2229
2231
2232
2233
2233
2236
2237
2238
2238
2239
2239
2243
2244
2244
2247
2247
2247
2248
2249
2250
2250
2251
2252
2254
2256
2258
2258
2259
2260
2260
2260
2261
2264
2264
2265
2265
2268
2269
2269
2270
2272
2275
2278
2278
2278
2278
2279
2279
2280
2281
2283
2284
2284
2289
2290
2293
2296
2296
2296
2296
2296
2297
2297
2298
2300
2300
2302
2304
2304
2305
2305
2305
2306
2306
2306
2307
2307
2308
2309
2309
2313
2315
2315
2320
2320
2321
2322
2322
2323
2324
2325
2326
2326
2328
2328
2330
2331
2332
2332
2332
2336
2336
2336
2337
2341
2341
2341
2342
2342
2344
2346
2346
2347
2349
2349
2350
2352
2352
2353
2354
2354
2355
2355
2356
2356
2356
2357
2357
2359
2361
2361
2362
2367
2367
2367
2368
2368
2369
2370
2371
2372
2372
2373
2373
2376
2377
2378
2378
2378
2379
2379
2379
2380
2380
2380
2380
2381
2381
2381
2382
2382
2382
2382
2382
2383
2385
2388
2389
2390
2390
2391
2392
2393
2393
2393
2393
2394
2396
2397
2399
2400
2400
2402
2403
2404
2404
2404
2405
2405
2406
2406
2407
2408
2409
2410
2411
2412
2412
2412
2413
2416
2418
2419
2420
2421
2425
2425
2426
2429
2431
2431
2432
2433
2433
2434
2435
2435
2437
2437
2437
2437
2437
2438
2439
2440
2440
2441
2446
2446
2447
2448
2448
2448
2449
2450
2450
2451
2451
2453
2453
2454
2454
2455
2458
2458
2460
2460
2460
2461
2462
2463
2465
2465
2465
2466
2467
2467
2467
2469
2469
2470
2471
2471
2472
2472
2472
2473
2473
2474
2475
2475
2476
2476
2477
2478
2478
2479
2481
2481
2481
2483
2485
2486
2486
2489
2490
2491
2491
2494
2494
2497
2497
2499
2500
2500
2500
2501
2502
2503
2505
2505
2506
2507
2507
2509
2509
2510
2510
2512
2513
2514
2514
2514
2515
2516
2516
2517
2517
2521
2521
2524
2525
2527
2528
2528
2528
2529
2530
2530
2531
2531
2534
2536
2541
2542
2542
2544
2545
2547
2547
2548
2555
2557
2558
2558
2558
2560
2561
2562
2563
2564
2564
2564
2565
2565
2566
2566
2567
2569
2569
2570
2572
2572
2573
2574
2575
2577
2577
2577
2578
2579
2580
2580
2581
2582
2583
2584
2585
2586
2586
2588
2589
2589
2589
2589
2590
2590
2593
2596
2597
2597
2598
2599
2601
2601
2603
2604
2604
2607
2608
2609
2610
2611
2615
2615
2615
2615
2616
2616
2618
2618
2618
2619
2619
2619
2620
2620
2620
2621
2623
2623
2625
2625
2627
2628
2629
2630
2631
2632
2633
2633
2633
2635
2636
2636
2639
2640
2640
2640
2642
2642
2643
2644
2644
2644
2645
2648
2649
2649
2649
2654
2655
2655
2656
2657
2657
2659
2659
2660
2660
2660
2661
2661
2663
2663
2663
2664
2665
2665
2666
2667
2670
2672
2672
2675
2676
2676
2677
2678
2679
2680
2680
2681
2681
2681
2683
2683
2684
2684
2685
2687
2687
2688
2688
2693
2695
2695
2695
2696
2697
2698
2698
2701
2701
2702
2704
2706
2708
2708
2710
2710
2711
2712
2715
2718
2718
2720
2720
2720
2721
2725
2726
2727
2728
2729
2731
2731
2732
2732
2734
2734
2736
2736
2737
2737
2738
2739
2741
2743
2744
2744
2748
2748
2750
2751
2751
2751
2752
2753
2753
2754
2755
2756
2758
2759
2760
2761
2761
2764
2765
2766
2766
2767
2768
2769
2769
2771
2772
2774
2774
2775
2775
2775
2776
2778
2779
2779
2779
2779
2780
2782
2783
2785
2787
2788
2788
2789
2789
2791
2793
2793
2794
2798
2798
2800
2800
2801
2801
2802
2802
2803
2804
2805
2805
2807
2807
2807
2807
2807
2809
2809
2809
2810
2811
2812
2812
2812
2814
2815
2815
2815
2816
2817
2818
2818
2818
2818
2819
2819
2819
2819
2822
2823
2823
2823
2825
2826
2826
2827
2827
2828
2830
2830
2831
2832
2833
2834
2836
2836
2836
2837
2837
2837
2838
2839
2839
2841
2841
2843
2844
2845
2846
2847
2848
2848
2848
2849
2850
2851
2852
2852
2854
2855
2855
2856
2857
2857
2858
2860
2866
2867
2867
2868
2869
2871
2874
2875
2877
2878
2879
2880
2880
2880
2880
2880
2880
2881
2884
2885
2886
2886
2888
2888
2888
2889
2892
2893
2897
2899
2900
2901
2901
2908
2911
2913
2916
2920
2921
2924
2927
2929
2930
2931
2932
2934
2936
2941
2941
2942
2943
2943
2945
2946
2947
2950
2952
2954
2954
2956
2956
2957
2959
2960
2962
2963
2963
2964
2964
2965
2965
2965
2965
2967
2967
2969
2970
2970
2971
2971
2973
2974
2974
2976
2978
2980
2980
2980
2980
2983
2983
2985
2986
2987
2987
2988
2989
2992
2992
2992
2993
2994
2996
2996
2996
2996
2998
2998
2998
2998
2999
3000
3000
3003
3003
3007
3007
3008
3011
3013
3013
3013
3015
3015
3017
3017
3018
3019
3019
3019
3020
3020
3021
3021
3022
3023
3026
3026
3028
3029
3030
3030
3030
3031
3032
3034
3034
3034
3034
3034
3035
3036
3037
3038
3039
3040
3043
3043
3044
3045
3046
3046
3046
3047
3047
3049
3049
3049
3049
3051
3052
3052
3052
3053
3054
3055
3059
3062
3063
3064
3064
3065
3069
3069
3069
3071
3073
3075
3076
3076
3077
3078
3078
3078
3079
3080
3080
3080
3082
3082
3083
3083
3084
3085
3085
3086
3086
3093
3095
3097
3097
3097
3098
3098
3099
3099
3100
3100
3100
3101
3104
3108
3109
3109
3109
3110
3112
3114
3114
3115
3115
3115
3116
3116
3117
3119
3120
3120
3121
3121
3122
3122
3123
3124
3124
3124
3125
3126
3126
3127
3127
3127
3129
3135
3136
3136
3137
3137
3138
3139
3141
3143
3144
3148
3148
3148
3149
3149
3150
3152
3153
3155
3157
3157
3157
3159
3162
3163
3164
3164
3165
3167
3167
3167
3169
3169
3170
3170
3172
3172
3173
3175
3175
3176
3176
3176
3178
3179
3179
3179
3180
3180
3182
3182
3183
3186
3187
3187
3188
3189
3190
3190
3191
3191
3193
3194
3195
3195
3196
3199
3204
3206
3207
3208
3210
3211
3212
3212
3212
3213
3213
3215
3216
3217
3217
3218
3218
3219
3221
3223
3223
3224
3225
3226
3226
3228
3228
3229
3231
3231
3233
3233
3235
3235
3239
3240
3241
3241
3242
3242
3242
3244
3245
3245
3245
3248
3250
3250
3250
3251
3252
3253
3253
3254
3254
3255
3255
3255
3258
3259
3261
3261
3262
3262
3263
3264
3264
3264
3264
3265
3265
3265
3266
3267
3268
3268
3270
3272
3275
3275
3277
3279
3279
3279
3280
3280
3280
3280
3281
3282
3283
3287
3287
3287
3288
3288
3289
3289
3290
3290
3291
3291
3292
3292
3293
3294
3295
3296
3296
3297
3297
3298
3299
3299
3299
3300
3301
3303
3303
3306
3307
3310
3313
3314
3314
3315
3316
3317
3318
3319
3319
3319
3320
3320
3324
3324
3324
3326
3326
3327
3327
3328
3328
3330
3331
3333
3334
3335
3335
3336
3337
3337
3337
3339
3339
3342
3344
3346
3346
3347
3348
3348
3350
3351
3352
3353
3353
3355
3355
3355
3355
3356
3357
3358
3360
3360
3360
3361
3362
3364
3365
3366
3367
3367
3367
3367
3368
3368
3368
3370
3370
3371
3373
3374
3376
3377
3380
3380
3381
3381
3381
3382
3384
3384
3386
3386
3387
3387
3387
3389
3391
3392
3392
3393
3394
3394
3395
3396
3396
3397
3399
3400
3402
3406
3408
3411
3414
3414
3416
3416
3416
3417
3418
3418
3418
3418
3419
3419
3419
3422
3422
3423
3423
3423
3424
3425
3425
3426
3427
3428
3429
3429
3429
3430
3430
3430
3430
3432
3434
3435
3435
3436
3437
3441
3441
3443
3443
3443
3443
3443
3445
3447
3448
3450
3451
3452
3452
3452
3455
3455
3457
3461
3462
3462
3462
3463
3467
3467
3468
3468
3468
3470
3472
3473
3473
3475
3476
3476
3477
3479
3480
3481
3481
3484
3485
3485
3485
3486
3486
3488
3489
3489
3490
3492
3494
3494
3496
3497
3497
3498
3499
3499
3499
3501
3503
3504
3504
3504
3508
3509
3511
3511
3512
3514
3515
3515
3516
3517
3518
3520
3521
3524
3527
3527
3527
3529
3530
3531
3532
3533
3534
3534
3536
3536
3537
3538
3539
3540
3544
3544
3545
3545
3547
3547
3548
3548
3548
3550
3550
3550
3552
3553
3554
3554
3556
3557
3557
3557
3559
3560
3562
3562
3565
3565
3565
3566
3567
3572
3572
3576
3576
3576
3577
3577
3578
3578
3579
3579
3582
3583
3583
3588
3588
3588
3589
3591
3591
3591
3592
3592
3593
3595
3596
3598
3598
3600
3601
3602
3603
3605
3606
3606
3606
3607
3609
3610
3611
3611
3612
3612
3612
3613
3613
3614
3615
3615
3615
3617
3621
3622
3623
3623
3624
3625
3630
3633
3634
3636
3636
3637
3638
3639
3641
3642
3645
3647
3649
3649
3650
3654
3657
3657
3658
3658
3659
3660
3660
3661
3662
3662
3663
3664
3665
3666
3667
3668
3669
3669
3673
3674
3674
3677
3677
3677
3678
3678
3679
3679
3679
3679
3683
3684
3685
3686
3686
3687
3687
3687
3688
3688
3689
3689
3690
3692
3693
3694
3694
3695
3695
3695
3696
3697
3698
3698
3701
3703
3706
3706
3708
3710
3711
3711
3712
3715
3715
3717
3718
3719
3719
3719
3721
3723
3723
3723
3723
3723
3726
3726
3726
3729
3729
3729
3730
3730
3731
3735
3738
3739
3741
3744
3745
3746
3746
3747
3749
3749
3750
3750
3750
3756
3758
3758
3758
3759
3759
3759
3760
3764
3766
3766
3766
3767
3768
3769
3770
3770
3770
3770
3771
3772
3772
3774
3774
3775
3777
3777
3778
3780
3781
3781
3782
3782
3782
3784
3785
3786
3788
3789
3789
3790
3790
3790
3791
3791
3791
3792
3792
3794
3795
3796
3798
3799
3799
3799
3800
3801
3802
3802
3803
3803
3803
3803
3803
3806
3806
3806
3808
3810
3810
3810
3811
3814
3815
3815
3815
3816
3816
3817
3819
3820
3821
3822
3824
3825
3825
3825
3826
3826
3826
3827
3827
3828
3828
3829
3829
3830
3830
3831
3832
3833
3834
3835
3837
3840
3840
3840
3843
3844
3845
3846
3849
3853
3854
3855
3855
3856
3857
3857
3858
3859
3860
3860
3861
3864
3867
3867
3867
3867
3869
3870
3870
3880
3880
3880
3881
3883
3883
3884
3884
3885
3889
3890
3890
3891
3891
3891
3893
3896
3900
3903
3904
3906
3907
3907
3907
3907
3909
3910
3911
3911
3912
3912
3912
3913
3913
3914
3914
3914
3917
3919
3921
3922
3922
3924
3927
3927
3928
3930
3931
3934
3935
3935
3936
3936
3936
3937
3937
3937
3937
3938
3939
3939
3940
3940
3941
3941
3942
3942
3943
3945
3946
3948
3948
3950
3951
3951
3952
3952
3953
3954
3960
3960
3961
3962
3962
3963
3963
3964
3966
3966
3968
3969
3970
3970
3971
3975
3975
3975
3975
3976
3976
3978
3980
3984
3985
3985
3986
3989
3990
3992
3993
3996
3996
3996
3997
3997
3997
3997
3999
4000
4000
4002
4003
4003
4003
4007
4007
4007
4011
4011
4012
4014
4015
4016
4017
4019
4019
4020
4020
4021
4022
4023
4024
4025
4026
4027
4028
4028
4028
4028
4031
4031
4033
4034
4034
4034
4035
4036
4038
4043
4044
4044
4044
4045
4046
4046
4046
4046
4048
4049
4051
4053
4053
4053
4053
4057
4058
4058
4060
4061
4061
4062
4062
4062
4064
4065
4067
4068
4068
4069
4069
4069
4070
4071
4073
4076
4077
4077
4078
4078
4080
4081
4083
4084
4085
4086
4087
4087
4090
4092
4092
4093
4095
4095
4097
4097
4100
4103
4103
4104
4104
4104
4104
4107
4107
4108
4109
4109
4109
4110
4110
4111
4111
4113
4116
4117
4118
4119
4120
4120
4120
4121
4121
4121
4122
4122
4124
4125
4126
4127
4129
4129
4131
4132
4132
4133
4136
4137
4137
4138
4138
4139
4141
4141
4144
4144
4144
4145
4145
4147
4148
4150
4151
4151
4151
4152
4153
4154
4155
4157
4159
4160
4160
4160
4162
4163
4165
4165
4166
4169
4171
4173
4173
4175
4175
4175
4176
4176
4178
4178
4179
4183
4185
4187
4187
4188
4189
4190
4192
4193
4195
4196
4196
4197
4198
4198
4200
4201
4202
4203
4203
4205
4207
4207
4208
4208
4208
4210
4211
4214
4215
4218
4219
4222
4225
4227
4227
4228
4228
4229
4231
4231
4232
4232
4233
4236
4236
4236
4236
4237
4241
4241
4245
4246
4246
4247
4247
4250
4251
4252
4255
4255
4256
4258
4259
4260
4260
4261
4262
4262
4263
4263
4263
4266
4266
4268
4268
4269
4269
4269
4274
4276
4280
4281
4281
4282
4283
4284
4285
4287
4288
4288
4290
4290
4291
4295
4297
4297
4297
4298
4300
4301
4304
4305
4305
4305
4306
4306
4306
4307
4307
4309
4309
4310
4313
4316
4317
4319
4319
4319
4322
4323
4328
4329
4329
4329
4329
4330
4332
4333
4333
4336
4337
4339
4339
4341
4343
4346
4346
4346
4346
4346
4347
4348
4349
4350
4350
4351
4352
4354
4355
4356
4357
4358
4360
4362
4364
4365
4365
4367
4367
4367
4367
4369
4369
4370
4371
4371
4371
4371
4374
4374
4374
4376
4376
4377
4379
4381
4383
4383
4384
4384
4384
4384
4385
4388
4388
4388
4388
4388
4391
4393
4395
4397
4397
4400
4401
4403
4404
4405
4405
4408
4410
4413
4415
4416
4417
4417
4418
4419
4420
4421
4422
4422
4422
4422
4424
4427
4427
4428
4429
4430
4430
4432
4433
4433
4434
4435
4437
4438
4439
4440
4442
4443
4443
4444
4444
4447
4448
4449
4450
4451
4451
4451
4451
4452
4453
4453
4454
4454
4457
4458
4459
4462
4463
4465
4466
4468
4468
4468
4468
4469
4469
4470
4471
4472
4474
4474
4475
4476
4476
4479
4480
4481
4482
4482
4482
4484
4484
4486
4488
4488
4489
4490
4492
4492
4493
4494
4494
4494
4495
4497
4497
4499
4499
4500
4500
4501
4501
4502
4503
4504
4504
4507
4510
4514
4515
4515
4519
4520
4520
4521
4521
4521
4524
4525
4526
4527
4529
4529
4530
4530
4530
4531
4532
4533
4534
4535
4535
4535
4535
4535
4536
4536
4539
4539
4539
4540
4540
4541
4543
4543
4544
4544
4545
4546
4548
4548
4549
4549
4549
4550
4550
4550
4550
4553
4553
4554
4555
4555
4557
4558
4558
4558
4559
4562
4562
4563
4565
4566
4567
4570
4571
4572
4572
4573
4576
4577
4577
4577
4578
4580
4581
4584
4584
4585
4586
4587
4588
4589
4589
4590
4591
4591
4593
4593
4595
4596
4601
4601
4602
4603
4603
4604
4605
4606
4606
4606
4606
4607
4607
4609
4610
4613
4615
4615
4617
4619
4620
4623
4627
4631
4632
4632
4632
4633
4634
4638
4638
4638
4639
4640
4641
4641
4642
4642
4643
4648
4648
4650
4652
4653
4653
4654
4655
4656
4656
4656
4660
4660
4661
4661
4662
4662
4662
4663
4664
4665
4665
4667
4668
4668
4670
4672
4674
4674
4674
4675
4676
4676
4676
4677
4677
4677
4679
4679
4680
4680
4680
4681
4681
4684
4684
4685
4687
4687
4689
4689
4691
4692
4692
4693
4694
4694
4697
4698
4699
4701
4701
4703
4703
4703
4704
4705
4705
4707
4708
4709
4713
4717
4717
4717
4718
4718
4720
4721
4725
4726
4727
4728
4730
4730
4731
4731
4733
4734
4736
4736
4738
4739
4740
4740
4741
4744
4745
4745
4745
4748
4749
4749
4749
4751
4752
4753
4754
4754
4755
4755
4756
4756
4756
4756
4757
4757
4757
4760
4762
4763
4764
4766
4767
4768
4769
4769
4769
4769
4770
4770
4771
4772
4772
4772
4774
4776
4776
4776
4777
4780
4780
4783
4785
4786
4787
4787
4788
4789
4791
4792
4794
4796
4797
4798
4799
4799
4799
4800
4800
4800
4800
4803
4803
4804
4804
4804
4804
4805
4807
4807
4808
4808
4809
4811
4812
4814
4816
4816
4818
4818
4819
4819
4820
4821
4823
4823
4825
4826
4828
4829
4829
4830
4832
4832
4833
4835
4836
4836
4837
4838
4838
4838
4838
4838
4838
4841
4842
4844
4847
4847
4847
4849
4849
4850
4851
4851
4852
4854
4855
4856
4857
4857
4857
4858
4863
4864
4865
4865
4865
4867
4867
4868
4868
4869
4870
4871
4871
4873
4873
4875
4878
4879
4880
4880
4881
4882
4882
4882
4885
4885
4887
4888
4889
4889
4889
4889
4889
4890
4890
4892
4892
4894
4896
4897
4898
4900
4901
4903
4904
4908
4909
4910
4910
4910
4911
4913
4913
4914
4916
4917
4917
4918
4920
4921
4921
4921
4922
4924
4925
4926
4927
4928
4929
4931
4931
4933
4933
4933
4933
4935
4936
4937
4937
4940
4940
4942
4942
4944
4945
4947
4947
4951
4951
4951
4952
4952
4955
4955
4961
4962
4966
4971
4972
4973
4973
4973
4975
4975
4977
4978
4978
4979
4980
4980
4981
4982
4983
4984
4985
4986
4989
4990
4990
4991
4992
4993
4993
4994
4994
4996
4997
4997
4998
4998
5000
5003
5005
5005
5006
5009
5012
5012
5016
5016
5016
5016
5018
5018
5021
5021
5022
5023
5023
5024
5025
5025
5026
5028
5028
5030
5035
5037
5038
5038
5038
5038
5038
5040
5040
5040
5041
5041
5043
5044
5045
5046
5046
5050
5050
5053
5054
5057
5057
5057
5058
5059
5059
5059
5061
5062
5063
5064
5064
5065
5067
5068
5069
5071
5072
5072
5072
5072
5075
5076
5077
5078
5078
5078
5079
5080
5082
5086
5086
5087
5089
5090
5090
5091
5091
5091
5093
5094
5095
5095
5096
5097
5098
5099
5099
5100
5100
5100
5101
5103
5103
5103
5104
5105
5111
5111
5112
5113
5118
5119
5119
5119
5120
5122
5123
5123
5123
5123
5125
5126
5127
5129
5129
5133
5134
5135
5135
5135
5139
5142
5142
5142
5144
5145
5146
5146
5147
5149
5149
5149
5153
5153
5153
5156
5157
5158
5161
5161
5162
5164
5164
5164
5164
5165
5167
5168
5169
5170
5170
5171
5171
5172
5174
5175
5177
5179
5179
5185
5187
5188
5189
5189
5189
5189
5189
5190
5190
5190
5191
5191
5191
5193
5195
5196
5197
5198
5198
5199
5199
5201
5202
5202
5203
5203
5203
5205
5206
5207
5210
5211
5212
5212
5212
5213
5214
5214
5215
5215
5217
5217
5218
5218
5220
5222
5222
5223
5223
5224
5225
5225
5226
5227
5229
5229
5229
5229
5230
5230
5230
5230
5234
5234
5235
5235
5237
5237
5238
5244
5245
5247
5249
5252
5252
5253
5253
5255
5258
5258
5260
5261
5262
5262
5263
5263
5263
5264
5266
5267
5268
5268
5269
5269
5270
5270
5271
5272
5273
5273
5275
5276
5279
5280
5281
5281
5281
5282
5285
5285
5285
5286
5286
5288
5288
5290
5291
5291
5292
5294
5295
5295
5295
5296
5300
5300
5302
5303
5303
5304
5305
5305
5306
5306
5307
5307
5307
5307
5311
5312
5313
5313
5314
5314
5316
5317
5318
5319
5319
5319
5323
5325
5326
5327
5327
5328
5331
5332
5332
5334
5336
5337
5340
5341
5342
5342
5343
5343
5345
5345
5345
5346
5348
5349
5351
5351
5351
5353
5354
5355
5359
5360
5360
5362
5363
5363
5365
5366
5367
5368
5370
5371
5371
5372
5372
5372
5373
5373
5374
5374
5375
5379
5383
5384
5384
5386
5387
5387
5388
5390
5392
5395
5396
5396
5396
5397
5397
5397
5397
5398
5401
5403
5403
5405
5406
5406
5408
5408
5409
5409
5409
5409
5410
5412
5412
5414
5415
5418
5419
5424
5425
5426
5426
5427
5428
5428
5429
5430
5431
5436
5436
5436
5437
5440
5440
5441
5443
5444
5444
5445
5447
5447
5451
5452
5453
5455
5457
5458
5458
5458
5458
5460
5460
5460
5461
5462
5464
5465
5467
5467
5468
5470
5470
5470
5471
5471
5473
5477
5477
5477
5479
5479
5480
5480
5481
5482
5483
5485
5485
5486
5486
5486
5487
5487
5489
5491
5491
5492
5493
5495
5495
5495
5495
5496
5498
5499
5500
5501
5502
5503
5504
5505
5506
5506
5511
5511
5511
5511
5512
5512
5513
5513
5516
5516
5516
5519
5520
5520
5521
5521
5522
5523
5524
5525
5531
5533
5533
5534
5534
5535
5535
5535
5536
5536
5536
5537
5538
5539
5540
5542
5545
5546
5546
5548
5549
5551
5552
5552
5555
5556
5557
5558
5559
5561
5562
5562
5562
5562
5566
5567
5568
5568
5569
5569
5569
5570
5571
5573
5573
5574
5574
5574
5575
5576
5576
5578
5578
5578
5580
5580
5581
5582
5585
5588
5588
5590
5590
5590
5591
5591
5594
5594
5595
5595
5595
5596
5596
5597
5598
5599
5601
5602
5602
5602
5602
5603
5604
5604
5604
5604
5605
5606
5606
5606
5607
5607
5607
5609
5609
5609
5610
5612
5612
5613
5614
5614
5614
5616
5618
5620
5623
5623
5623
5624
5625
5626
5627
5627
5627
5630
5630
5633
5633
5633
5634
5634
5635
5635
5635
5637
5637
5637
5638
5639
5640
5640
5641
5641
5644
5646
5646
5646
5648
5649
5649
5650
5650
5653
5654
5657
5658
5658
5659
5659
5659
5660
5660
5661
5665
5665
5668
5668
5669
5669
5671
5673
5673
5674
5675
5676
5677
5677
5678
5679
5680
5680
5682
5687
5688
5689
5690
5691
5691
5691
5692
5693
5693
5695
5696
5696
5696
5698
5698
5699
5699
5701
5701
5702
5702
5704
5704
5704
5705
5706
5707
5707
5707
5708
5709
5710
5710
5712
5713
5713
5715
5716
5716
5716
5717
5717
5719
5720
5720
5720
5722
5722
5722
5723
5723
5727
5727
5729
5731
5732
5733
5733
5735
5735
5735
5738
5738
5739
5739
5740
5740
5742
5742
5743
5744
5746
5748
5749
5749
5749
5750
5751
5752
5752
5753
5754
5755
5755
5758
5758
5759
5759
5760
5761
5762
5762
5762
5763
5765
5765
5767
5767
5768
5768
5769
5770
5771
5772
5772
5773
5775
5776
5777
5778
5778
5779
5780
5780
5780
5781
5781
5784
5784
5785
5785
5785
5786
5786
5787
5787
5788
5788
5790
5791
5793
5793
5795
5796
5796
5796
5797
5797
5798
5798
5799
5800
5800
5802
5803
5803
5804
5806
5807
5808
5809
5810
5810
5815
5817
5819
5819
5820
5821
5821
5821
5822
5822
5823
5825
5827
5827
5828
5828
5833
5834
5834
5834
5835
5835
5836
5836
5837
5838
5839
5839
5839
5840
5840
5840
5841
5843
5845
5845
5846
5847
5847
5848
5848
5849
5850
5850
5852
5854
5854
5855
5856
5856
5856
5856
5858
5858
5858
5859
5859
5860
5864
5865
5865
5866
5867
5868
5868
5868
5869
5871
5872
5874
5874
5875
5875
5875
5876
5876
5878
5879
5879
5880
5881
5881
5881
5883
5884
5884
5885
5886
5887
5889
5889
5889
5889
5891
5892
5892
5894
5895
5896
5898
5899
5900
5900
5901
5903
5904
5909
5911
5911
5911
5914
5915
5915
5917
5917
5917
5918
5920
5920
5923
5923
5923
5925
5928
5929
5929
5930
5930
5930
5930
5931
5931
5931
5934
5938
5938
5939
5943
5944
5948
5948
5949
5949
5950
5951
5952
5952
5954
5955
5955
5956
5957
5958
5960
5961
5961
5962
5965
5965
5965
5965
5965
5966
5970
5970
5970
5973
5973
5973
5974
5975
5976
5978
5979
5979
5979
5980
5980
5980
5984
5984
5987
5989
5995
5996
5997
5997
5998
6001
6003
6003
6004
6005
6005
6006
6008
6009
6009
6013
6013
6014
6014
6018
6019
6019
6021
6023
6026
6029
6029
6030
6032
6034
6035
6037
6038
6039
6039
6040
6043
6044
6046
6046
6046
6049
6052
6053
6057
6059
6059
6060
6060
6060
6062
6063
6064
6065
6066
6067
6067
6068
6068
6069
6070
6070
6071
6073
6073
6075
6075
6078
6082
6082
6083
6083
6083
6083
6085
6088
6088
6089
6090
6091
6094
6095
6096
6097
6099
6099
6099
6099
6099
6099
6101
6102
6103
6104
6104
6104
6105
6106
6107
6109
6111
6111
6112
6113
6113
6115
6116
6116
6117
6117
6118
6120
6120
6120
6120
6122
6122
6126
6127
6128
6129
6129
6129
6129
6129
6130
6130
6131
6132
6134
6134
6135
6135
6136
6136
6138
6138
6139
6139
6141
6142
6142
6142
6143
6144
6144
6145
6145
6146
6147
6147
6148
6150
6150
6150
6151
6152
6153
6154
6157
6157
6157
6157
6157
6158
6161
6161
6162
6164
6164
6165
6166
6169
6169
6170
6170
6172
6173
6173
6174
6174
6176
6177
6179
6180
6180
6182
6182
6183
6183
6186
6187
6191
6192
6192
6193
6194
6195
6197
6197
6198
6199
6202
6209
6209
6210
6210
6211
6211
6211
6212
6212
6212
6214
6214
6214
6215
6216
6216
6216
6217
6218
6218
6219
6220
6221
6221
6221
6221
6222
6223
6223
6224
6224
6225
6227
6228
6230
6232
6232
6233
6235
6235
6236
6236
6237
6242
6244
6246
6246
6246
6248
6249
6250
6251
6252
6252
6253
6253
6258
6258
6258
6259
6259
6260
6260
6262
6263
6263
6265
6268
6268
6270
6271
6271
6274
6274
6276
6276
6278
6281
6282
6283
6284
6284
6285
6287
6288
6291
6291
6291
6292
6292
6293
6293
6294
6297
6298
6301
6301
6301
6304
6305
6305
6305
6305
6306
6308
6309
6311
6312
6312
6317
6318
6318
6318
6318
6319
6319
6320
6320
6321
6321
6323
6326
6326
6327
6328
6329
6329
6330
6331
6332
6337
6337
6338
6338
6339
6341
6341
6341
6342
6342
6342
6343
6343
6344
6344
6345
6345
6345
6347
6347
6348
6348
6349
6350
6351
6352
6353
6354
6355
6355
6356
6358
6359
6364
6364
6365
6365
6366
6366
6366
6367
6368
6368
6370
6370
6372
6372
6374
6378
6379
6380
6380
6381
6381
6381
6383
6384
6385
6387
6387
6388
6389
6389
6391
6391
6392
6392
6393
6393
6393
6394
6394
6395
6395
6396
6396
6397
6398
6400
6401
6401
6402
6402
6402
6403
6404
6410
6411
6412
6412
6413
6414
6415
6415
6415
6416
6417
6417
6418
6419
6420
6420
6424
6425
6425
6426
6427
6428
6428
6429
6429
6430
6432
6434
6434
6434
6435
6435
6438
6438
6439
6440
6441
6442
6443
6443
6443
6443
6445
6446
6446
6448
6448
6448
6449
6449
6449
6450
6450
6450
6451
6452
6452
6452
6453
6454
6455
6455
6456
6457
6458
6458
6458
6459
6459
6461
6464
6465
6467
6467
6468
6469
6469
6470
6470
6471
6472
6473
6474
6476
6477
6478
6479
6479
6481
6481
6482
6482
6483
6483
6483
6484
6485
6489
6489
6490
6490
6491
6492
6494
6496
6497
6499
6500
6500
6502
6503
6503
6505
6505
6506
6506
6507
6508
6508
6508
6510
6510
6510
6512
6512
6512
6513
6514
6515
6518
6520
6520
6520
6521
6522
6522
6522
6522
6524
6524
6524
6525
6525
6525
6525
6525
6526
6527
6528
6528
6529
6533
6534
6534
6535
6538
6539
6540
6543
6543
6543
6544
6545
6545
6550
6551
6551
6552
6552
6553
6554
6557
6557
6558
6558
6559
6560
6560
6562
6564
6565
6565
6566
6567
6567
6569
6569
6572
6574
6576
6578
6580
6581
6582
6584
6584
6584
6585
6586
6589
6589
6590
6592
6593
6593
6593
6594
6595
6599
6599
6601
6601
6602
6602
6602
6602
6602
6603
6603
6604
6605
6606
6606
6607
6607
6608
6608
6609
6610
6613
6614
6617
6617
6618
6619
6623
6624
6624
6625
6626
6626
6627
6628
6628
6631
6631
6632
6634
6634
6634
6634
6635
6636
6637
6638
6639
6639
6639
6640
6643
6644
6644
6647
6648
6649
6649
6652
6652
6652
6653
6653
6655
6658
6660
6660
6663
6667
6668
6669
6669
6671
6673
6673
6675
6676
6677
6677
6677
6678
6678
6679
6683
6684
6685
6686
6686
6687
6688
6688
6690
6691
6691
6691
6692
6692
6692
6694
6695
6696
6697
6697
6698
6698
6699
6700
6700
6700
6702
6703
6703
6703
6708
6709
6710
6710
6711
6711
6711
6711
6714
6714
6715
6718
6719
6720
6721
6722
6723
6724
6725
6726
6727
6729
6729
6732
6733
6734
6735
6736
6737
6737
6740
6741
6742
6742
6744
6745
6745
6747
6747
6750
6750
6752
6753
6756
6756
6757
6757
6758
6759
6760
6761
6762
6763
6763
6763
6764
6764
6765
6765
6765
6766
6766
6767
6767
6768
6768
6769
6771
6773
6775
6776
6777
6777
6777
6778
6779
6780
6785
6787
6788
6788
6788
6790
6790
6790
6791
6793
6793
6794
6794
6795
6797
6798
6799
6799
6800
6802
6803
6803
6803
6805
6806
6806
6807
6808
6808
6808
6809
6811
6812
6813
6813
6816
6817
6817
6819
6820
6820
6822
6822
6823
6823
6823
6824
6824
6825
6825
6827
6829
6830
6834
6834
6835
6835
6837
6837
6838
6842
6843
6845
6845
6845
6846
6852
6852
6853
6854
6854
6854
6855
6855
6860
6863
6864
6865
6865
6867
6867
6868
6869
6869
6870
6872
6875
6877
6877
6880
6881
6881
6882
6882
6882
6882
6883
6883
6886
6888
6893
6893
6894
6895
6896
6898
6898
6898
6898
6899
6903
6903
6907
6907
6908
6910
6910
6911
6912
6912
6914
6915
6915
6918
6918
6918
6919
6920
6921
6923
6923
6926
6931
6932
6932
6934
6934
6934
6936
6936
6939
6940
6941
6941
6941
6942
6944
6945
6945
6946
6946
6947
6947
6948
6951
6951
6951
6951
6952
6952
6953
6953
6955
6957
6958
6958
6960
6963
6963
6964
6966
6966
6968
6970
6971
6972
6973
6973
6973
6974
6975
6975
6977
6979
6980
6982
6985
6985
6986
6988
6991
6992
6992
6992
6992
6993
6994
6996
6999
6999
7000
7002
7002
7002
7003
7005
7006
7007
7007
7007
7007
7007
7008
7008
7010
7011
7012
7013
7013
7013
7015
7016
7018
7018
7019
7021
7022
7023
7023
7026
7027
7028
7029
7030
7031
7031
7032
7033
7036
7037
7038
7038
7038
7038
7039
7040
7042
7043
7045
7050
7052
7052
7054
7054
7055
7057
7059
7061
7062
7063
7064
7068
7068
7068
7069
7069
7069
7073
7073
7075
7075
7077
7077
7078
7078
7078
7079
7079
7081
7083
7085
7085
7086
7087
7088
7089
7092
7093
7093
7094
7094
7096
7097
7097
7097
7098
7102
7103
7103
7104
7104
7104
7105
7107
7108
7109
7109
7109
7111
7111
7113
7114
7115
7116
7117
7117
7118
7118
7118
7120
7121
7123
7125
7127
7128
7130
7131
7131
7131
7131
7132
7133
7133
7134
7134
7134
7135
7135
7136
7137
7137
7139
7139
7139
7139
7141
7142
7143
7143
7144
7144
7144
7145
7146
7146
7149
7149
7149
7150
7150
7151
7151
7151
7153
7155
7155
7158
7159
7161
7162
7163
7165
7168
7168
7170
7170
7172
7172
7173
7173
7174
7174
7174
7174
7175
7178
7178
7178
7179
7181
7181
7181
7181
7181
7182
7182
7183
7184
7184
7186
7186
7187
7187
7187
7187
7189
7194
7194
7195
7197
7197
7197
7197
7198
7200
7200
7201
7201
7201
7202
7202
7202
7202
7203
7203
7205
7205
7205
7206
7209
7210
7210
7211
7212
7214
7214
7216
7216
7220
7221
7223
7225
7225
7225
7225
7227
7228
7231
7231
7232
7233
7236
7236
7237
7239
7239
7239
7241
7241
7242
7242
7242
7250
7250
7250
7251
7252
7252
7253
7253
7254
7256
7257
7257
7259
7260
7261
7262
7262
7263
7264
7266
7268
7275
7276
7276
7276
7276
7277
7277
7278
7278
7278
7279
7280
7281
7281
7282
7282
7283
7283
7283
7285
7285
7285
7288
7289
7292
7292
7292
7296
7297
7298
7298
7299
7300
7303
7303
7304
7304
7307
7308
7309
7311
7311
7312
7313
7314
7315
7316
7318
7318
7320
7321
7321
7321
7321
7322
7323
7323
7326
7327
7327
7329
7330
7331
7332
7337
7337
7341
7341
7343
7343
7343
7343
7345
7345
7346
7347
7348
7349
7349
7351
7351
7352
7356
7356
7356
7357
7358
7358
7361
7362
7363
7363
7365
7365
7367
7368
7369
7370
7373
7374
7374
7377
7378
7380
7381
7381
7381
7383
7384
7385
7386
7387
7388
7388
7389
7392
7393
7395
7395
7395
7396
7396
7396
7397
7398
7399
7400
7402
7403
7403
7404
7404
7407
7407
7408
7408
7409
7409
7411
7411
7412
7413
7414
7414
7416
7416
7422
7422
7423
7424
7425
7426
7427
7427
7427
7428
7428
7428
7430
7430
7431
7432
7433
7433
7433
7436
7436
7436
7436
7437
7437
7437
7437
7437
7438
7438
7439
7442
7443
7444
7444
7446
7446
7446
7448
7449
7450
7450
7451
7454
7454
7459
7461
7461
7461
7463
7464
7465
7465
7466
7467
7468
7471
7471
7472
7472
7474
7476
7476
7476
7476
7477
7478
7479
7480
7480
7480
7481
7481
7482
7484
7484
7485
7485
7486
7488
7489
7489
7491
7492
7494
7495
7495
7497
7500
7500
7500
7504
7504
7504
7504
7505
7508
7509
7509
7509
7512
7512
7513
7513
7513
7514
7514
7515
7515
7516
7516
7518
7519
7519
7520
7520
7520
7520
7521
7521
7522
7522
7524
7525
7526
7527
7528
7528
7529
7531
7531
7532
7534
7535
7536
7536
7537
7542
7542
7545
7545
7545
7546
7546
7547
7547
7548
7549
7549
7550
7551
7551
7553
7553
7554
7554
7555
7555
7556
7556
7556
7556
7557
7558
7559
7559
7560
7560
7561
7562
7564
7565
7565
7565
7566
7566
7567
7567
7568
7569
7570
7570
7571
7574
7574
7575
7575
7576
7577
7578
7579
7580
7583
7585
7589
7590
7591
7593
7594
7594
7595
7596
7597
7597
7597
7599
7599
7599
7601
7604
7604
7605
7608
7611
7611
7611
7612
7613
7613
7615
7616
7617
7617
7618
7620
7621
7621
7624
7624
7625
7626
7628
7628
7628
7629
7631
7632
7632
7632
7634
7634
7635
7635
7635
7635
7636
7636
7636
7639
7639
7639
7640
7640
7644
7644
7646
7647
7649
7650
7651
7652
7653
7653
7660
7660
7661
7661
7662
7662
7663
7664
7666
7667
7668
7669
7671
7673
7674
7674
7675
7675
7677
7681
7682
7685
7686
7687
7687
7687
7690
7691
7692
7692
7693
7694
7695
7697
7697
7697
7698
7698
7698
7698
7699
7700
7700
7700
7701
7701
7701
7703
7704
7706
7706
7707
7707
7707
7707
7708
7708
7709
7711
7712
7713
7713
7714
7715
7716
7716
7716
7716
7716
7717
7718
7719
7719
7719
7720
7720
7722
7725
7726
7726
7727
7727
7728
7728
7729
7730
7730
7730
7732
7733
7733
7735
7738
7738
7739
7740
7742
7743
7745
7745
7748
7748
7749
7750
7750
7751
7752
7752
7753
7754
7755
7756
7756
7757
7757
7758
7759
7760
7761
7763
7764
7765
7766
7767
7767
7768
7768
7769
7770
7770
7771
7773
7779
7779
7782
7783
7784
7786
7789
7790
7791
7792
7792
7795
7795
7795
7796
7797
7798
7798
7799
7799
7800
7804
7804
7804
7804
7806
7807
7808
7809
7809
7809
7810
7810
7810
7812
7813
7814
7815
7815
7815
7817
7821
7821
7822
7823
7824
7824
7826
7826
7827
7827
7828
7828
7829
7829
7830
7831
7831
7832
7832
7833
7834
7835
7835
7836
7836
7837
7839
7839
7840
7841
7841
7842
7842
7843
7844
7845
7845
7847
7847
7847
7848
7849
7850
7850
7851
7851
7851
7851
7852
7853
7854
7854
7855
7855
7855
7856
7857
7858
7859
7860
7860
7861
7861
7862
7864
7864
7864
7865
7866
7866
7867
7869
7869
7869
7870
7872
7872
7875
7876
7876
7877
7877
7878
7879
7879
7879
7880
7882
7883
7884
7885
7886
7886
7886
7887
7888
7888
7889
7889
7889
7890
7891
7893
7894
7894
7895
7895
7895
7896
7897
7899
7901
7901
7903
7904
7905
7908
7908
7909
7914
7914
7915
7918
7919
7920
7921
7921
7922
7927
7928
7930
7931
7931
7931
7932
7934
7935
7937
7938
7942
7943
7944
7946
7947
7947
7949
7950
7951
7952
7952
7953
7953
7953
7954
7955
7956
7958
7959
7961
7961
7961
7962
7964
7965
7969
7970
7971
7971
7971
7971
7972
7972
7972
7973
7974
7974
7974
7974
7983
7985
7985
7987
7987
7988
7989
7991
7991
7993
7994
7995
7997
7998
7999
7999
8002
8003
8003
8004
8004
8006
8006
8007
8008
8010
8011
8011
8013
8014
8014
8015
8016
8017
8018
8019
8019
8020
8021
8022
8023
8023
8025
8025
8026
8026
8027
8027
8028
8029
8029
8031
8032
8033
8033
8034
8034
8034
8034
8035
8036
8037
8038
8038
8040
8045
8046
8047
8047
8048
8048
8048
8049
8050
8050
8052
8053
8054
8055
8055
8056
8057
8057
8061
8062
8062
8064
8065
8065
8065
8066
8066
8067
8067
8070
8072
8073
8074
8074
8076
8077
8077
8078
8079
8080
8081
8082
8082
8083
8084
8085
8085
8086
8086
8087
8089
8089
8089
8089
8092
8093
8095
8096
8096
8096
8097
8098
8098
8098
8099
8099
8100
8100
8101
8101
8101
8102
8103
8103
8104
8105
8107
8107
8107
8108
8111
8113
8114
8114
8115
8115
8115
8117
8118
8120
8121
8122
8123
8123
8124
8124
8125
8125
8125
8126
8126
8126
8128
8130
8132
8136
8137
8138
8139
8140
8140
8141
8142
8142
8145
8146
8147
8149
8149
8152
8152
8153
8155
8156
8158
8158
8158
8158
8161
8161
8161
8162
8163
8164
8164
8165
8165
8166
8168
8170
8172
8173
8173
8173
8174
8174
8175
8176
8176
8176
8177
8179
8180
8180
8181
8182
8183
8187
8191
8192
8192
8194
8196
8198
8201
8204
8205
8206
8206
8208
8208
8208
8209
8209
8210
8210
8210
8211
8212
8212
8213
8213
8213
8216
8217
8218
8219
8219
8219
8220
8221
8222
8222
8222
8223
8224
8227
8230
8230
8230
8232
8233
8233
8234
8235
8235
8237
8237
8237
8237
8237
8237
8237
8237
8238
8239
8240
8240
8242
8242
8244
8246
8246
8246
8246
8249
8250
8250
8251
8252
8252
8257
8257
8261
8265
8265
8268
8270
8271
8271
8271
8272
8274
8276
8277
8278
8280
8281
8281
8281
8282
8283
8284
8284
8284
8285
8285
8286
8287
8287
8287
8288
8288
8289
8289
8289
8291
8291
8294
8294
8294
8296
8298
8298
8298
8298
8298
8299
8299
8300
8304
8304
8306
8307
8309
8309
8309
8310
8310
8310
8310
8311
8312
8312
8314
8314
8314
8316
8316
8317
8318
8319
8320
8320
8320
8321
8323
8323
8324
8326
8326
8328
8329
8330
8331
8331
8332
8333
8334
8335
8336
8336
8338
8344
8344
8346
8347
8348
8348
8350
8351
8352
8352
8353
8353
8354
8357
8360
8360
8362
8362
8363
8364
8367
8369
8370
8370
8372
8372
8372
8373
8374
8376
8376
8376
8377
8380
8380
8380
8381
8382
8384
8386
8387
8387
8387
8387
8389
8390
8390
8393
8394
8394
8394
8395
8397
8397
8399
8399
8404
8409
8409
8411
8414
8415
8415
8415
8416
8416
8416
8418
8419
8421
8422
8422
8422
8423
8424
8424
8425
8427
8428
8428
8428
8430
8432
8436
8438
8440
8441
8443
8444
8448
8450
8450
8452
8452
8453
8453
8454
8456
8459
8460
8460
8461
8464
8464
8465
8466
8467
8467
8470
8471
8472
8475
8476
8479
8480
8480
8482
8484
8485
8485
8489
8490
8491
8493
8493
8494
8494
8494
8495
8498
8499
8500
8501
8501
8501
8504
8506
8506
8507
8507
8507
8507
8510
8510
8511
8512
8513
8513
8513
8513
8513
8514
8514
8514
8515
8515
8516
8517
8518
8518
8519
8519
8521
8521
8525
8525
8529
8530
8531
8531
8532
8533
8533
8534
8535
8536
8537
8541
8541
8542
8543
8543
8545
8546
8546
8547
8548
8548
8548
8552
8552
8552
8553
8553
8559
8560
8561
8561
8562
8562
8563
8564
8564
8564
8565
8566
8566
8571
8571
8571
8574
8574
8576
8576
8577
8578
8580
8580
8582
8582
8583
8588
8592
8595
8596
8598
8598
8598
8599
8600
8600
8601
8605
8605
8609
8611
8611
8611
8614
8615
8615
8616
8617
8619
8620
8622
8622
8623
8623
8626
8626
8627
8630
8630
8631
8637
8638
8639
8639
8639
8639
8640
8641
8642
8644
8645
8646
8646
8647
8648
8648
8649
8650
8650
8651
8655
8655
8658
8659
8661
8662
8663
8663
8666
8667
8668
8671
8671
8674
8676
8677
8680
8682
8684
8684
8685
8687
8688
8689
8691
8691
8693
8695
8695
8696
8697
8698
8698
8699
8701
8703
8704
8706
8706
8707
8708
8709
8710
8711
8712
8712
8714
8715
8716
8716
8716
8717
8718
8722
8724
8724
8724
8725
8725
8726
8726
8727
8727
8729
8730
8730
8731
8733
8734
8740
8742
8742
8744
8745
8746
8746
8748
8751
8751
8752
8754
8755
8756
8757
8758
8758
8759
8760
8760
8760
8762
8763
8765
8765
8766
8766
8769
8775
8776
8776
8777
8778
8778
8779
8782
8783
8784
8785
8785
8785
8788
8789
8789
8790
8790
8793
8794
8795
8796
8796
8796
8797
8797
8799
8799
8799
8800
8801
8801
8804
8804
8805
8806
8807
8809
8810
8811
8811
8812
8813
8814
8815
8816
8817
8817
8819
8819
8822
8823
8823
8823
8824
8825
8826
8828
8828
8832
8832
8834
8834
8836
8837
8839
8839
8839
8840
8840
8840
8841
8842
8843
8843
8846
8852
8852
8852
8854
8854
8855
8855
8855
8856
8858
8858
8858
8859
8859
8861
8863
8866
8870
8871
8874
8875
8876
8876
8876
8877
8878
8879
8879
8881
8884
8885
8886
8886
8887
8887
8888
8888
8889
8889
8890
8890
8891
8891
8892
8893
8897
8897
8898
8898
8899
8900
8902
8903
8904
8904
8905
8906
8906
8907
8908
8908
8912
8912
8912
8913
8914
8914
8917
8918
8918
8919
8922
8927
8927
8928
8929
8930
8930
8930
8931
8934
8934
8934
8934
8936
8936
8937
8937
8937
8937
8937
8937
8939
8939
8940
8941
8941
8943
8943
8944
8944
8946
8947
8950
8950
8952
8952
8954
8954
8955
8955
8955
8957
8958
8959
8959
8959
8961
8961
8965
8965
8965
8965
8966
8966
8966
8969
8969
8970
8970
8970
8971
8973
8973
8973
8975
8976
8976
8977
8978
8979
8980
8981
8981
8983
8986
8987
8988
8989
8991
8993
8995
8996
8996
8997
8999
8999
9002
9003
9004
9004
9004
9005
9007
9009
9010
9010
9012
9012
9012
9013
9013
9017
9019
9021
9022
9023
9023
9024
9025
9026
9027
9027
9027
9031
9031
9034
9034
9035
9036
9039
9039
9040
9045
9045
9047
9047
9047
9047
9051
9052
9053
9053
9054
9056
9058
9058
9059
9059
9059
9059
9060
9061
9061
9062
9062
9063
9063
9063
9064
9064
9064
9064
9065
9065
9065
9067
9068
9070
9071
9071
9071
9072
9073
9073
9076
9077
9078
9078
9078
9080
9080
9081
9082
9082
9085
9086
9088
9090
9091
9091
9091
9091
9092
9092
9093
9093
9093
9094
9096
9097
9099
9101
9103
9103
9105
9107
9108
9109
9110
9111
9111
9111
9113
9115
9115
9115
9116
9118
9119
9119
9121
9121
9123
9126
9129
9130
9132
9132
9132
9132
9132
9132
9133
9133
9133
9134
9134
9136
9136
9137
9137
9139
9139
9139
9140
9141
9143
9143
9143
9143
9144
9144
9145
9147
9148
9148
9149
9152
9152
9153
9155
9156
9156
9159
9160
9161
9163
9165
9166
9166
9166
9168
9169
9170
9170
9172
9174
9175
9175
9176
9176
9176
9179
9179
9180
9180
9180
9180
9181
9181
9182
9184
9187
9188
9188
9189
9190
9190
9191
9192
9192
9193
9194
9194
9194
9195
9197
9197
9198
9198
9198
9199
9199
9199
9199
9200
9201
9204
9205
9205
9207
9207
9209
9209
9210
9210
9211
9212
9213
9214
9215
9215
9216
9216
9216
9218
9219
9219
9219
9220
9222
9222
9223
9225
9225
9225
9226
9226
9228
9228
9228
9229
9231
9231
9231
9234
9234
9235
9236
9237
9237
9238
9238
9239
9240
9241
9241
9242
9243
9243
9245
9245
9246
9247
9247
9248
9248
9248
9248
9249
9250
9251
9251
9251
9257
9257
9257
9257
9260
9261
9262
9264
9265
9268
9269
9269
9270
9274
9274
9276
9277
9278
9278
9279
9280
9284
9285
9286
9287
9288
9288
9289
9292
9292
9293
9293
9293
9293
9294
9296
9299
9299
9301
9302
9304
9309
9309
9311
9314
9314
9315
9315
9318
9318
9319
9319
9320
9320
9321
9324
9325
9325
9327
9329
9331
9331
9332
9334
9334
9335
9335
9337
9340
9342
9343
9344
9344
9344
9346
9346
9347
9347
9348
9348
9352
9353
9353
9355
9358
9360
9362
9362
9362
9363
9363
9367
9367
9367
9369
9369
9369
9371
9378
9378
9380
9380
9381
9381
9382
9383
9384
9385
9386
9386
9386
9388
9389
9389
9390
9392
9393
9394
9397
9397
9398
9398
9399
9399
9399
9399
9400
9401
9401
9402
9405
9406
9406
9408
9408
9408
9410
9411
9411
9411
9412
9415
9415
9416
9417
9418
9419
9420
9420
9424
9424
9425
9428
9429
9430
9432
9433
9434
9436
9437
9438
9438
9438
9441
9442
9442
9443
9444
9444
9445
9447
9448
9448
9449
9450
9451
9451
9452
9452
9453
9455
9455
9457
9458
9459
9460
9460
9461
9462
9462
9463
9465
9466
9469
9470
9470
9471
9471
9472
9473
9474
9474
9475
9475
9476
9476
9476
9478
9479
9479
9479
9484
9484
9484
9485
9485
9485
9487
9488
9488
9488
9490
9491
9494
9494
9494
9495
9498
9500
9500
9500
9501
9503
9503
9504
9505
9505
9510
9510
9511
9513
9513
9515
9515
9516
9516
9517
9517
9519
9520
9520
9524
9527
9528
9529
9529
9529
9530
9532
9534
9534
9535
9536
9537
9538
9538
9541
9542
9543
9545
9546
9547
9548
9549
9549
9550
9550
9550
9552
9553
9553
9553
9553
9554
9555
9555
9558
9558
9559
9559
9559
9559
9560
9560
9561
9562
9562
9563
9564
9564
9570
9572
9572
9573
9575
9576
9577
9578
9578
9579
9580
9580
9581
9582
9584
9586
9586
9586
9590
9590
9591
9592
9592
9593
9594
9596
9596
9597
9597
9599
9600
9603
9605
9605
9608
9609
9611
9612
9613
9614
9621
9621
9622
9622
9622
9623
9625
9625
9626
9627
9628
9628
9629
9631
9632
9633
9634
9635
9636
9636
9636
9638
9638
9639
9639
9639
9639
9640
9641
9641
9642
9644
9645
9647
9647
9648
9648
9649
9649
9651
9652
9652
9653
9653
9653
9653
9655
9656
9656
9656
9657
9658
9658
9660
9663
9663
9664
9665
9666
9667
9668
9669
9670
9672
9672
9674
9675
9676
9676
9676
9678
9679
9679
9679
9679
9681
9682
9683
9686
9686
9687
9687
9688
9689
9691
9692
9692
9693
9693
9694
9697
9697
9698
9698
9699
9700
9701
9701
9702
9702
9704
9706
9707
9707
9709
9712
9713
9714
9715
9716
9716
9716
9718
9719
9719
9720
9721
9723
9724
9724
9725
9726
9728
9729
9729
9729
9731
9732
9732
9739
9742
9743
9744
9744
9744
9744
9744
9746
9747
9748
9748
9751
9752
9753
9753
9753
9754
9754
9755
9756
9757
9758
9759
9760
9764
9765
9766
9767
9767
9769
9770
9772
9772
9774
9775
9779
9779
9780
9780
9782
9782
9782
9783
9785
9786
9790
9791
9791
9791
9791
9792
9793
9793
9794
9794
9795
9797
9797
9798
9799
9802
9804
9804
9804
9806
9806
9806
9806
9807
9808
9808
9808
9811
9812
9813
9814
9814
9815
9817
9817
9817
9818
9818
9818
9819
9820
9820
9820
9823
9824
9829
9830
9831
9831
9832
9833
9836
9838
9838
9839
9840
9840
9841
9843
9845
9846
9847
9847
9848
9848
9850
9852
9853
9854
9855
9855
9855
9856
9858
9858
9859
9859
9861
9862
9863
9864
9864
9865
9865
9865
9866
9866
9867
9868
9869
9871
9872
9872
9872
9872
9873
9873
9874
9874
9876
9876
9876
9878
9878
9879
9879
9882
9883
9884
9884
9885
9885
9886
9886
9887
9887
9887
9887
9887
9890
9891
9891
9892
9895
9896
9896
9896
9898
9900
9901
9901
9902
9903
9903
9904
9906
9906
9908
9909
9915
9915
9917
9918
9919
9920
9920
9921
9921
9923
9924
9924
9925
9925
9926
9927
9928
9932
9932
9938
9938
9939
9941
9943
9944
9948
9948
9949
9949
9951
9952
9953
9953
9955
9956
9956
9958
9959
9961
9962
9963
9963
9967
9968
9969
9969
9969
9975
9975
9978
9978
9981
9981
9982
9983
9985
9985
9987
9990
9991
9993
9993
9995
9996
9997
9997
9998
9998
9998
9999
9999
