0
0
1
4
4
4
8
9
9
10
10
11
12
14
15
18
20
21
21
24
25
26
27
28
30
31
32
32
32
34
35
36
37
39
40
40
41
42
43
44
44
47
49
50
51
54
55
57
57
60
60
61
62
63
64
64
66
66
66
66
66
66
69
69
69
70
70
71
72
73
74
74
75
76
76
78
80
82
82
83
84
86
86
87
89
90
90
91
91
92
93
93
94
97
99
101
102
102
103
105
106
106
107
107
109
111
112
115
116
116
116
117
117
118
119
119
120
120
121
121
122
122
123
124
126
126
127
130
130
130
130
130
130
132
132
133
133
134
134
135
137
137
141
142
142
143
143
144
145
145
146
148
152
153
155
156
156
156
157
158
159
159
160
161
162
164
164
166
167
168
168
169
169
170
173
174
174
174
175
176
177
178
178
179
179
181
182
185
186
186
187
188
189
189
191
191
193
196
196
198
199
200
202
204
204
205
205
206
206
207
208
208
209
209
210
210
211
211
211
212
219
221
222
224
224
224
225
225
227
230
230
233
233
233
235
235
237
239
240
241
241
242
244
245
245
250
250
253
253
253
254
255
256
257
262
262
262
264
264
265
265
266
267
269
270
271
274
274
275
275
277
278
279
280
280
280
281
281
282
283
284
284
285
285
286
287
288
289
289
289
290
291
292
292
294
295
295
297
297
298
298
300
301
301
302
302
302
303
305
305
307
308
309
309
314
314
314
314
314
315
316
316
319
320
320
322
323
323
327
327
328
330
332
334
334
334
336
336
338
340
341
341
341
341
342
342
344
345
345
347
347
348
348
349
349
350
350
353
353
353
355
355
358
358
358
359
359
360
361
361
364
365
365
365
367
367
368
368
369
370
370
374
374
375
377
378
380
381
382
382
383
383
383
387
387
389
391
391
392
393
395
396
398
398
399
399
399
400
401
402
404
404
404
406
406
407
407
407
409
409
409
410
410
410
411
411
412
412
413
415
417
418
419
420
420
422
423
424
425
425
426
429
430
431
432
434
437
439
440
440
442
442
444
446
446
447
447
449
449
450
451
451
451
452
453
453
454
454
455
455
457
457
458
459
461
462
462
464
464
465
466
466
466
467
470
471
472
473
474
474
475
476
476
477
478
479
479
480
480
481
482
482
483
484
485
485
485
487
488
491
491
492
494
495
498
498
498
499
500
502
503
504
504
507
509
510
510
510
511
511
511
511
511
512
514
514
514
518
519
519
519
521
524
524
525
526
527
527
528
529
530
531
532
532
532
534
534
535
537
537
537
538
538
540
540
541
542
543
543
545
546
547
547
548
548
549
550
550
550
550
552
552
554
555
556
556
557
557
559
560
560
561
561
562
562
564
564
566
566
566
567
570
570
570
572
572
575
576
576
578
578
578
578
579
579
580
581
582
585
586
587
587
587
588
588
589
590
590
593
595
595
596
597
598
601
601
602
603
604
605
605
605
608
608
608
614
614
615
615
618
619
620
620
621
622
623
624
624
626
626
626
627
627
628
628
628
630
631
632
633
633
634
634
637
637
638
639
639
639
642
644
645
648
648
648
649
650
651
652
653
654
655
656
657
658
660
661
663
664
668
668
669
671
673
673
673
673
675
676
676
679
680
681
681
681
682
682
683
683
685
687
688
689
690
693
693
693
694
695
695
697
699
700
701
701
702
703
704
706
706
707
707
708
708
708
711
712
713
713
713
714
715
716
717
719
720
720
722
722
723
724
727
731
732
732
733
734
735
736
737
738
739
741
741
742
742
746
747
748
750
753
754
757
759
761
762
763
764
765
767
771
771
773
773
774
774
776
776
776
777
778
778
779
779
781
782
782
782
783
785
786
787
788
789
789
789
789
791
792
793
793
794
795
795
796
796
798
799
799
801
802
803
803
807
807
808
809
809
810
811
812
812
813
814
815
815
816
816
817
818
819
819
820
822
823
824
824
826
826
827
827
828
829
832
834
834
835
835
836
836
837
837
840
843
844
845
846
847
850
851
851
851
852
854
856
856
856
858
859
859
860
860
863
863
863
867
867
868
868
871
871
872
872
873
873
873
876
877
877
877
878
880
880
880
881
882
883
885
886
886
888
889
890
892
893
893
893
893
893
894
895
896
897
898
899
900
901
902
902
906
907
909
909
911
911
912
912
913
914
914
915
915
915
916
916
917
918
918
918
920
920
922
927
929
931
932
933
934
934
935
936
936
936
937
938
939
939
940
940
941
942
942
942
942
943
947
948
949
950
950
951
955
958
959
959
961
962
965
966
967
969
969
969
976
977
979
981
982
982
983
983
986
987
989
990
992
992
993
994
994
994
995
999
1000
1001
1002
1002
1004
1004
1004
1007
1007
1008
1008
1010
1011
1011
1012
1012
1013
1014
1015
1017
1018
1018
1018
1019
1020
1021
1021
1021
1022
1024
1025
1028
1028
1029
1030
1032
1032
1032
1033
1034
1035
1037
1038
1038
1041
1043
1043
1043
1045
1045
1046
1046
1046
1047
1049
1050
1051
1053
1054
1055
1055
1056
1056
1057
1057
1058
1059
1059
1060
1061
1062
1064
1064
1065
1066
1066
1067
1068
1069
1069
1070
1070
1070
1071
1071
1074
1075
1076
1078
1079
1080
1080
1080
1082
1084
1085
1088
1089
1091
1093
1095
1096
1097
1098
1098
1100
1101
1103
1103
1103
1103
1104
1105
1107
1107
1107
1108
1110
1111
1112
1113
1114
1114
1114
1116
1116
1117
1120
1122
1123
1123
1126
1127
1127
1128
1129
1130
1130
1130
1131
1131
1133
1134
1134
1136
1137
1137
1137
1138
1138
1140
1141
1142
1142
1148
1151
1155
1155
1155
1156
1156
1159
1160
1161
1162
1162
1162
1163
1164
1164
1167
1168
1168
1169
1171
1172
1172
1173
1176
1176
1177
1178
1182
1183
1184
1184
1184
1184
1185
1185
1185
1186
1187
1188
1189
1189
1190
1191
1191
1191
1194
1194
1194
1194
1195
1196
1196
1196
1196
1198
1199
1200
1200
1201
1202
1202
1204
1204
1205
1205
1206
1209
1210
1211
1212
1213
1214
1214
1215
1215
1216
1216
1216
1219
1220
1220
1220
1221
1225
1227
1228
1231
1231
1232
1234
1235
1235
1239
1241
1242
1242
1242
1243
1245
1245
1247
1248
1250
1250
1250
1251
1251
1252
1253
1253
1254
1254
1254
1255
1256
1258
1258
1259
1259
1260
1260
1261
1262
1264
1264
1264
1265
1266
1267
1267
1269
1270
1270
1272
1275
1276
1277
1278
1280
1281
1282
1286
1290
1292
1293
1294
1294
1295
1295
1296
1297
1297
1300
1300
1301
1301
1302
1302
1302
1305
1306
1306
1307
1307
1310
1311
1311
1313
1314
1319
1323
1324
1324
1324
1325
1325
1327
1328
1330
1333
1333
1333
1335
1336
1337
1339
1340
1340
1340
1343
1343
1345
1345
1345
1347
1350
1350
1350
1350
1352
1354
1356
1357
1358
1358
1360
1360
1361
1362
1362
1363
1363
1363
1364
1365
1366
1367
1367
1368
1368
1369
1369
1372
1374
1375
1375
1377
1377
1378
1378
1380
1386
1390
1390
1390
1390
1391
1391
1391
1393
1393
1394
1396
1396
1401
1402
1402
1403
1403
1403
1405
1407
1408
1409
1409
1409
1409
1412
1412
1412
1415
1415
1417
1418
1420
1421
1421
1422
1425
1425
1425
1426
1433
1434
1435
1436
1438
1438
1438
1439
1441
1441
1443
1443
1445
1445
1448
1449
1451
1451
1455
1455
1456
1457
1459
1459
1461
1463
1463
1465
1467
1473
1473
1475
1476
1479
1480
1480
1482
1482
1483
1483
1484
1485
1488
1489
1490
1492
1492
1494
1496
1503
1507
1507
1508
1508
1509
1510
1510
1511
1511
1513
1513
1515
1515
1515
1519
1521
1521
1523
1524
1525
1526
1526
1527
1528
1528
1528
1528
1529
1530
1532
1532
1532
1532
1534
1534
1535
1535
1538
1539
1542
1543
1544
1544
1545
1545
1545
1546
1547
1548
1548
1555
1556
1556
1556
1557
1559
1560
1560
1562
1562
1562
1563
1563
1563
1564
1564
1565
1566
1566
1568
1570
1571
1572
1574
1575
1577
1577
1577
1577
1578
1578
1582
1583
1591
1592
1594
1594
1595
1596
1600
1600
1600
1601
1601
1603
1605
1607
1610
1614
1615
1615
1616
1616
1617
1617
1617
1617
1618
1619
1620
1620
1620
1623
1626
1626
1629
1629
1631
1631
1632
1632
1633
1633
1634
1637
1637
1640
1644
1645
1645
1645
1646
1647
1647
1650
1652
1652
1653
1654
1655
1656
1657
1658
1658
1659
1660
1664
1665
1666
1667
1668
1668
1668
1669
1670
1673
1674
1674
1674
1677
1678
1678
1683
1684
1684
1686
1688
1693
1695
1697
1697
1698
1699
1699
1700
1700
1702
1704
1705
1705
1705
1706
1706
1707
1707
1709
1709
1709
1714
1716
1716
1718
1719
1720
1720
1722
1724
1725
1725
1726
1726
1727
1728
1729
1731
1731
1732
1732
1733
1735
1736
1739
1739
1739
1739
1740
1741
1741
1741
1743
1744
1746
1747
1747
1749
1752
1752
1754
1756
1757
1758
1758
1759
1761
1763
1766
1766
1767
1767
1767
1768
1771
1772
1772
1774
1775
1776
1777
1778
1779
1779
1780
1781
1783
1783
1783
1785
1786
1786
1786
1788
1790
1792
1792
1793
1793
1793
1794
1794
1795
1797
1800
1803
1804
1804
1805
1806
1808
1809
1810
1811
1811
1812
1812
1813
1814
1814
1817
1817
1820
1822
1824
1826
1827
1828
1828
1828
1829
1830
1830
1831
1832
1832
1832
1833
1834
1835
1835
1836
1836
1837
1837
1837
1838
1838
1839
1840
1840
1841
1842
1843
1844
1845
1845
1845
1846
1847
1849
1851
1851
1855
1857
1857
1858
1858
1859
1859
1859
1859
1860
1860
1861
1862
1864
1864
1865
1866
1867
1867
1869
1869
1871
1871
1872
1872
1875
1875
1876
1876
1876
1877
1879
1880
1881
1884
1886
1886
1887
1887
1888
1889
1889
1891
1891
1892
1892
1892
1894
1894
1895
1896
1898
1898
1900
1900
1903
1903
1905
1905
1905
1907
1907
1909
1910
1911
1914
1915
1917
1919
1923
1927
1928
1929
1930
1930
1931
1932
1934
1935
1937
1940
1942
1943
1945
1946
1950
1951
1953
1953
1953
1953
1955
1955
1956
1957
1958
1959
1960
1963
1964
1965
1965
1965
1968
1969
1970
1970
1972
1972
1973
1976
1977
1978
1979
1979
1979
1981
1983
1983
1983
1984
1986
1987
1987
1988
1988
1989
1989
1989
1989
1990
1990
1991
1991
1993
1997
1997
1999
2000
2001
2002
2002
2003
2004
2005
2005
2006
2007
2009
2009
2009
2011
2011
2012
2012
2014
2014
2014
2014
2015
2015
2015
2018
2018
2018
2019
2019
2019
2021
2022
2024
2024
2024
2026
2026
2029
2030
2030
2031
2031
2033
2033
2034
2037
2039
2039
2040
2046
2046
2046
2046
2048
2049
2051
2052
2052
2055
2056
2056
2056
2057
2057
2059
2059
2060
2061
2061
2064
2069
2070
2070
2073
2073
2074
2075
2075
2077
2077
2079
2080
2081
2081
2082
2082
2083
2083
2084
2084
2086
2087
2088
2088
2088
2089
2090
2090
2090
2095
2096
2097
2100
2101
2101
2102
2103
2104
2105
2105
2107
2107
2107
2109
2110
2111
2112
2112
2112
2113
2113
2114
2114
2115
2116
2116
2119
2121
2121
2121
2122
2122
2126
2127
2130
2130
2133
2133
2133
2136
2137
2137
2140
2141
2142
2145
2147
2151
2152
2153
2154
2155
2156
2158
2158
2158
2160
2162
2165
2166
2168
2168
2171
2171
2172
2176
2176
2176
2177
2177
2177
2177
2178
2178
2181
2184
2185
2185
2185
2187
2188
2188
2191
2191
2195
2196
2197
2198
2199
2200
2201
2201
2203
2203
2206
2207
2209
2209
2211
2212
2212
2213
2213
2214
2214
2215
2216
2216
2217
2218
2219
2221
2223
2225
2225
2225
2229
2230
2230
2231
2232
2233
2233
2235
2236
2237
2238
2239
2240
2241
2245
2245
2245
2246
2247
2248
2251
2254
2256
2257
2261
2261
2265
2267
2268
2270
2271
2271
2272
2272
2275
2276
2276
2277
2279
2279
2281
2281
2282
2282
2282
2282
2283
2283
2284
2286
2287
2291
2291
2292
2292
2292
2293
2293
2294
2296
2296
2296
2297
2298
2298
2299
2300
2300
2301
2302
2303
2303
2304
2305
2305
2307
2309
2312
2312
2313
2313
2317
2317
2319
2320
2320
2320
2322
2322
2325
2325
2326
2327
2328
2328
2330
2332
2332
2332
2334
2335
2335
2335
2336
2336
2337
2337
2337
2339
2339
2340
2340
2340
2341
2344
2344
2344
2347
2347
2350
2350
2351
2353
2354
2354
2356
2357
2357
2361
2361
2364
2364
2364
2365
2366
2367
2369
2369
2371
2372
2375
2375
2375
2375
2381
2382
2383
2383
2384
2387
2388
2389
2390
2390
2391
2392
2393
2394
2398
2399
2400
2400
2400
2402
2402
2403
2405
2407
2407
2410
2410
2413
2416
2420
2420
2420
2421
2422
2423
2423
2423
2424
2424
2425
2425
2425
2426
2428
2428
2429
2429
2429
2430
2433
2434
2434
2435
2435
2437
2437
2439
2440
2440
2443
2443
2443
2445
2446
2448
2448
2451
2452
2453
2453
2454
2455
2458
2458
2459
2460
2461
2461
2462
2464
2465
2465
2465
2466
2467
2468
2469
2469
2470
2471
2473
2474
2474
2475
2477
2477
2478
2481
2481
2481
2482
2482
2482
2482
2483
2483
2483
2484
2485
2485
2486
2488
2489
2489
2491
2491
2493
2494
2495
2496
2498
2500
2500
2501
2502
2505
2506
2506
2508
2508
2509
2510
2510
2510
2511
2512
2513
2515
2516
2517
2522
2524
2524
2524
2524
2525
2526
2526
2527
2527
2530
2531
2531
2532
2532
2534
2534
2535
2535
2535
2536
2537
2537
2537
2538
2539
2540
2545
2545
2546
2548
2549
2552
2552
2554
2554
2555
2555
2557
2560
2560
2562
2562
2566
2566
2568
2568
2569
2571
2572
2573
2573
2574
2575
2575
2576
2577
2578
2578
2579
2581
2581
2582
2583
2583
2583
2585
2586
2586
2586
2587
2588
2589
2592
2592
2595
2597
2599
2599
2600
2600
2601
2601
2601
2603
2604
2605
2606
2607
2608
2608
2610
2611
2611
2613
2614
2614
2615
2615
2616
2617
2617
2620
2621
2622
2623
2628
2628
2629
2629
2629
2632
2632
2633
2637
2637
2639
2639
2640
2640
2640
2641
2642
2643
2644
2645
2645
2647
2649
2649
2652
2653
2656
2658
2660
2661
2661
2662
2663
2663
2665
2666
2668
2668
2672
2675
2675
2676
2676
2677
2677
2677
2677
2678
2679
2679
2681
2682
2683
2683
2685
2687
2688
2689
2690
2692
2692
2692
2693
2693
2693
2693
2693
2694
2696
2697
2699
2699
2700
2700
2701
2702
2702
2703
2704
2705
2705
2705
2705
2707
2709
2710
2710
2710
2711
2714
2715
2715
2715
2717
2718
2718
2719
2719
2720
2721
2721
2722
2724
2724
2724
2725
2725
2726
2727
2727
2728
2728
2729
2730
2731
2731
2731
2731
2732
2733
2735
2735
2735
2735
2740
2742
2742
2744
2744
2744
2745
2745
2745
2746
2746
2747
2748
2749
2750
2750
2750
2751
2752
2752
2754
2755
2755
2756
2757
2759
2760
2760
2761
2762
2763
2764
2764
2766
2766
2768
2768
2770
2771
2771
2773
2773
2773
2774
2775
2777
2778
2779
2779
2783
2784
2784
2784
2786
2786
2787
2788
2788
2788
2791
2791
2791
2792
2794
2794
2794
2796
2797
2797
2798
2798
2798
2802
2802
2803
2803
2804
2804
2806
2806
2807
2808
2809
2812
2812
2812
2813
2813
2814
2816
2821
2822
2822
2824
2824
2828
2830
2831
2834
2834
2835
2837
2837
2837
2838
2838
2839
2841
2843
2843
2844
2845
2847
2850
2850
2851
2852
2853
2854
2854
2855
2855
2856
2858
2860
2860
2864
2865
2866
2866
2867
2868
2869
2869
2869
2870
2871
2872
2873
2873
2874
2875
2878
2879
2880
2881
2881
2883
2883
2883
2885
2886
2886
2887
2887
2889
2896
2896
2897
2897
2900
2902
2902
2903
2903
2903
2903
2904
2906
2907
2907
2907
2909
2909
2910
2910
2913
2913
2915
2916
2918
2918
2921
2924
2924
2925
2927
2927
2930
2931
2931
2931
2932
2933
2933
2934
2935
2937
2938
2939
2940
2944
2945
2945
2945
2946
2946
2947
2947
2947
2949
2949
2950
2951
2951
2951
2951
2956
2964
2965
2966
2967
2967
2967
2967
2968
2969
2971
2971
2972
2973
2974
2975
2976
2976
2977
2977
2978
2978
2979
2980
2980
2980
2981
2981
2983
2985
2986
2988
2988
2988
2989
2990
2991
2993
2994
2995
2996
2997
2997
2998
2998
2998
2999
3000
3000
3000
3000
3001
3003
3004
3005
3006
3007
3007
3008
3010
3010
3010
3012
3015
3016
3019
3019
3022
3024
3024
3026
3026
3028
3028
3029
3033
3033
3033
3035
3036
3037
3037
3039
3041
3042
3046
3047
3048
3048
3050
3051
3051
3054
3054
3057
3059
3059
3062
3063
3064
3064
3065
3066
3068
3069
3070
3070
3072
3072
3072
3075
3077
3077
3078
3078
3078
3078
3078
3082
3083
3084
3085
3085
3086
3087
3088
3088
3092
3092
3093
3093
3094
3094
3097
3098
3099
3100
3102
3103
3104
3105
3107
3107
3107
3108
3110
3110
3115
3116
3117
3119
3120
3124
3125
3129
3129
3130
3130
3133
3133
3134
3136
3137
3137
3138
3138
3140
3141
3142
3143
3144
3146
3149
3149
3149
3149
3151
3152
3153
3160
3160
3161
3165
3166
3167
3169
3170
3171
3171
3172
3173
3173
3174
3175
3177
3179
3180
3181
3182
3182
3183
3183
3184
3184
3186
3187
3189
3190
3190
3191
3192
3192
3193
3193
3194
3194
3195
3198
3199
3199
3202
3204
3205
3205
3205
3209
3209
3211
3213
3213
3213
3214
3215
3215
3216
3216
3218
3218
3221
3223
3223
3224
3224
3228
3229
3229
3230
3230
3230
3231
3231
3234
3237
3237
3237
3237
3238
3238
3239
3242
3242
3243
3243
3244
3244
3246
3247
3248
3248
3248
3249
3249
3251
3251
3252
3253
3254
3254
3255
3256
3259
3261
3265
3267
3267
3269
3270
3272
3273
3275
3276
3276
3276
3277
3280
3281
3281
3281
3284
3285
3287
3288
3288
3290
3294
3295
3299
3300
3301
3302
3302
3303
3304
3304
3305
3306
3306
3308
3309
3309
3311
3311
3311
3311
3312
3313
3314
3316
3316
3316
3318
3319
3320
3322
3322
3322
3325
3326
3326
3326
3334
3335
3336
3337
3337
3338
3339
3339
3342
3342
3342
3343
3346
3346
3347
3348
3349
3350
3350
3351
3352
3353
3354
3355
3357
3358
3358
3360
3361
3363
3365
3367
3367
3367
3368
3368
3368
3369
3369
3371
3373
3374
3376
3376
3377
3377
3377
3377
3379
3381
3382
3383
3383
3384
3384
3384
3385
3386
3392
3395
3395
3396
3397
3397
3397
3397
3402
3402
3403
3403
3403
3403
3403
3404
3405
3407
3408
3409
3410
3411
3412
3413
3414
3416
3417
3417
3419
3425
3425
3425
3427
3428
3430
3431
3432
3433
3433
3436
3436
3437
3437
3437
3438
3440
3441
3441
3442
3443
3443
3444
3444
3446
3446
3448
3449
3451
3451
3454
3455
3457
3457
3460
3463
3464
3464
3464
3464
3466
3468
3470
3470
3470
3471
3473
3473
3474
3475
3475
3476
3477
3477
3477
3477
3479
3480
3481
3481
3481
3482
3484
3485
3486
3486
3486
3487
3488
3489
3491
3492
3493
3495
3495
3497
3498
3499
3499
3501
3501
3502
3504
3506
3506
3506
3507
3507
3507
3508
3508
3508
3508
3509
3509
3509
3511
3512
3512
3512
3513
3513
3516
3520
3520
3522
3522
3526
3527
3527
3528
3528
3528
3528
3529
3530
3531
3531
3532
3533
3533
3533
3534
3534
3537
3539
3540
3540
3541
3541
3542
3542
3543
3546
3546
3548
3548
3549
3550
3550
3551
3551
3552
3552
3553
3554
3556
3557
3558
3559
3559
3560
3561
3562
3562
3563
3564
3565
3567
3567
3568
3570
3571
3572
3572
3572
3572
3573
3577
3578
3578
3579
3580
3582
3582
3584
3585
3587
3587
3587
3587
3588
3589
3590
3590
3590
3590
3590
3590
3592
3592
3593
3594
3595
3595
3596
3597
3599
3599
3600
3602
3603
3604
3606
3607
3607
3607
3608
3611
3612
3613
3613
3614
3615
3615
3616
3616
3619
3620
3620
3621
3622
3622
3624
3624
3626
3627
3629
3630
3630
3632
3635
3638
3638
3640
3640
3642
3642
3642
3644
3645
3645
3645
3645
3647
3648
3648
3649
3649
3649
3650
3650
3650
3651
3653
3653
3654
3654
3654
3656
3657
3658
3659
3659
3659
3660
3660
3663
3663
3664
3664
3665
3665
3669
3669
3669
3669
3669
3670
3670
3671
3673
3674
3674
3676
3677
3677
3678
3678
3679
3680
3681
3681
3681
3683
3683
3684
3684
3685
3685
3686
3687
3687
3688
3689
3693
3694
3695
3697
3697
3697
3698
3699
3699
3701
3701
3702
3707
3707
3707
3711
3712
3714
3714
3715
3717
3720
3720
3721
3722
3722
3723
3723
3725
3725
3727
3727
3728
3729
3730
3731
3732
3737
3739
3739
3739
3740
3740
3741
3741
3743
3745
3745
3746
3751
3757
3757
3764
3764
3765
3766
3766
3766
3768
3768
3769
3772
3772
3774
3775
3775
3775
3776
3777
3778
3780
3785
3786
3788
3789
3791
3791
3792
3794
3794
3795
3797
3798
3798
3799
3800
3801
3801
3802
3802
3803
3803
3804
3804
3807
3808
3812
3819
3820
3820
3823
3824
3824
3825
3827
3830
3830
3831
3832
3833
3836
3836
3837
3837
3839
3840
3841
3841
3843
3843
3843
3844
3844
3845
3846
3847
3847
3847
3849
3849
3849
3849
3854
3854
3854
3854
3855
3855
3855
3857
3857
3857
3857
3857
3857
3859
3862
3862
3863
3863
3863
3863
3864
3866
3868
3868
3869
3870
3872
3875
3877
3880
3881
3882
3883
3884
3884
3885
3885
3886
3886
3887
3888
3889
3890
3891
3891
3892
3894
3895
3896
3896
3896
3897
3897
3898
3898
3900
3900
3901
3902
3904
3906
3908
3909
3910
3911
3911
3913
3913
3916
3916
3918
3920
3920
3920
3920
3921
3922
3923
3925
3927
3931
3933
3933
3933
3936
3936
3939
3941
3941
3943
3944
3944
3944
3948
3948
3948
3950
3950
3950
3951
3951
3952
3952
3955
3956
3957
3958
3960
3960
3960
3960
3960
3961
3961
3963
3964
3965
3965
3966
3966
3967
3967
3968
3968
3970
3970
3972
3972
3973
3974
3974
3976
3978
3979
3982
3983
3983
3984
3984
3985
3991
3994
3997
3998
3998
3999
3999
4000
4000
4001
4001
4001
4002
4004
4005
4007
4007
4010
4011
4012
4013
4014
4014
4014
4015
4015
4017
4018
4018
4019
4022
4023
4024
4024
4025
4026
4028
4030
4036
4036
4037
4037
4038
4040
4040
4041
4041
4043
4044
4044
4045
4046
4046
4047
4048
4048
4050
4052
4052
4054
4055
4056
4058
4059
4059
4059
4062
4062
4063
4064
4064
4065
4067
4067
4067
4067
4071
4072
4072
4074
4075
4076
4077
4078
4080
4082
4084
4086
4087
4088
4088
4090
4091
4091
4092
4092
4093
4095
4095
4095
4097
4097
4098
4098
4103
4103
4106
4107
4110
4111
4111
4112
4115
4116
4120
4121
4123
4123
4123
4124
4124
4125
4126
4126
4126
4128
4129
4130
4133
4134
4134
4134
4136
4136
4136
4136
4137
4138
4139
4139
4141
4142
4143
4143
4143
4143
4144
4144
4146
4147
4147
4148
4150
4150
4151
4155
4157
4158
4159
4160
4161
4161
4161
4162
4163
4164
4164
4170
4170
4171
4171
4171
4172
4172
4173
4173
4174
4174
4174
4175
4176
4176
4176
4177
4178
4178
4180
4182
4185
4188
4188
4189
4189
4190
4192
4192
4192
4194
4194
4194
4195
4198
4199
4199
4201
4202
4203
4203
4208
4209
4209
4209
4209
4211
4212
4213
4214
4214
4214
4216
4217
4217
4220
4220
4221
4221
4222
4223
4223
4224
4225
4225
4227
4227
4228
4228
4229
4230
4231
4234
4235
4237
4240
4240
4244
4246
4246
4248
4248
4248
4250
4252
4252
4252
4253
4254
4254
4255
4255
4256
4258
4259
4259
4259
4260
4261
4262
4263
4263
4263
4264
4264
4265
4266
4267
4268
4268
4269
4270
4270
4270
4270
4271
4271
4272
4272
4272
4273
4279
4279
4280
4281
4282
4282
4283
4284
4284
4284
4285
4285
4286
4286
4287
4288
4288
4288
4289
4292
4293
4295
4295
4296
4298
4300
4300
4301
4304
4307
4307
4308
4308
4309
4311
4311
4312
4314
4314
4315
4315
4316
4317
4317
4317
4318
4318
4320
4321
4322
4323
4323
4325
4328
4328
4329
4329
4332
4332
4332
4333
4335
4336
4336
4336
4337
4337
4338
4341
4341
4343
4346
4347
4347
4347
4350
4350
4351
4351
4352
4352
4353
4354
4356
4356
4358
4358
4359
4360
4360
4361
4361
4363
4365
4365
4366
4367
4368
4368
4368
4369
4369
4369
4372
4372
4372
4372
4373
4374
4374
4375
4378
4378
4381
4381
4383
4383
4383
4384
4384
4385
4385
4385
4385
4385
4390
4390
4392
4393
4395
4398
4398
4398
4399
4401
4401
4403
4404
4405
4406
4406
4407
4409
4409
4409
4410
4410
4411
4411
4412
4413
4413
4415
4418
4419
4419
4421
4421
4421
4421
4424
4425
4426
4426
4427
4428
4429
4429
4431
4431
4432
4432
4432
4434
4434
4434
4435
4435
4437
4437
4438
4439
4440
4440
4443
4445
4445
4445
4449
4451
4452
4452
4453
4454
4455
4456
4456
4458
4460
4461
4463
4463
4463
4466
4466
4469
4470
4471
4473
4473
4474
4476
4477
4478
4478
4479
4480
4481
4482
4483
4483
4484
4485
4486
4486
4486
4487
4487
4489
4491
4492
4493
4494
4494
4495
4495
4495
4497
4497
4500
4501
4502
4503
4504
4505
4506
4507
4507
4510
4511
4511
4511
4519
4519
4520
4522
4523
4524
4526
4526
4529
4531
4532
4533
4536
4536
4536
4540
4540
4541
4542
4543
4544
4545
4546
4549
4554
4554
4554
4554
4555
4555
4555
4558
4561
4561
4565
4565
4565
4567
4567
4569
4570
4571
4571
4572
4573
4573
4575
4575
4576
4577
4577
4578
4578
4579
4579
4579
4581
4581
4583
4583
4583
4584
4585
4585
4586
4588
4589
4589
4590
4590
4591
4593
4596
4597
4598
4598
4602
4604
4604
4606
4606
4607
4607
4607
4608
4612
4613
4615
4616
4617
4617
4618
4618
4619
4619
4620
4620
4621
4621
4622
4622
4625
4625
4626
4629
4629
4630
4631
4631
4632
4633
4634
4635
4635
4636
4636
4637
4637
4637
4637
4637
4638
4638
4641
4643
4644
4645
4645
4646
4648
4649
4649
4649
4650
4651
4653
4653
4654
4655
4656
4657
4658
4659
4659
4661
4663
4665
4668
4668
4669
4670
4671
4671
4672
4673
4675
4675
4675
4676
4676
4676
4677
4677
4681
4681
4683
4683
4683
4684
4686
4687
4692
4694
4695
4695
4697
4697
4698
4700
4701
4703
4703
4703
4704
4704
4705
4705
4705
4706
4708
4708
4709
4709
4710
4712
4712
4712
4712
4713
4714
4714
4715
4719
4720
4721
4721
4722
4723
4725
4726
4727
4727
4728
4729
4730
4731
4732
4732
4733
4733
4733
4734
4734
4736
4738
4742
4742
4744
4744
4751
4753
4754
4755
4756
4756
4757
4757
4757
4757
4758
4759
4759
4759
4762
4763
4764
4764
4764
4764
4767
4768
4768
4768
4768
4769
4770
4771
4771
4772
4772
4772
4775
4775
4775
4777
4777
4780
4780
4781
4783
4784
4786
4786
4787
4788
4792
4792
4792
4792
4794
4795
4796
4796
4796
4798
4800
4800
4801
4802
4802
4804
4806
4806
4806
4807
4808
4809
4809
4810
4811
4812
4813
4814
4815
4815
4816
4818
4819
4820
4821
4821
4822
4822
4822
4825
4826
4826
4828
4828
4832
4832
4835
4837
4837
4838
4839
4840
4840
4841
4841
4841
4842
4842
4844
4844
4844
4846
4846
4847
4847
4848
4848
4850
4850
4852
4855
4856
4857
4860
4863
4864
4864
4864
4867
4867
4868
4868
4868
4868
4869
4869
4870
4870
4870
4870
4871
4873
4874
4874
4877
4877
4878
4883
4884
4885
4886
4887
4888
4888
4888
4890
4890
4894
4894
4894
4895
4895
4897
4897
4897
4899
4901
4901
4903
4903
4904
4904
4906
4907
4908
4909
4910
4911
4912
4913
4914
4914
4915
4918
4918
4919
4922
4928
4928
4934
4937
4939
4939
4940
4940
4941
4942
4942
4943
4944
4945
4946
4946
4948
4948
4948
4949
4949
4950
4950
4950
4953
4954
4955
4956
4957
4958
4958
4959
4960
4960
4960
4961
4961
4961
4963
4963
4965
4966
4966
4967
4967
4968
4968
4970
4971
4972
4972
4973
4973
4973
4973
4974
4974
4976
4976
4976
4978
4978
4979
4980
4980
4980
4981
4982
4982
4983
4985
4985
4986
4988
4989
4989
4989
4991
4992
4992
4994
4995
4996
4997
4998
5000
5001
5001
5001
5001
5002
5002
5003
5004
5004
5005
5005
5005
5006
5007
5007
5007
5008
5012
5012
5013
5013
5015
5017
5020
5020
5021
5022
5023
5023
5024
5026
5027
5027
5028
5030
5035
5037
5037
5038
5038
5041
5041
5042
5042
5044
5044
5045
5047
5048
5050
5054
5055
5055
5057
5060
5061
5061
5061
5064
5064
5064
5065
5066
5067
5068
5070
5070
5073
5075
5076
5077
5077
5080
5080
5082
5082
5082
5082
5084
5086
5087
5088
5091
5092
5093
5096
5096
5100
5101
5101
5102
5104
5104
5106
5109
5109
5109
5110
5114
5114
5116
5117
5117
5120
5121
5121
5122
5123
5125
5125
5125
5126
5126
5127
5129
5129
5129
5130
5130
5130
5132
5133
5135
5136
5136
5137
5138
5139
5141
5142
5142
5143
5144
5146
5146
5148
5148
5148
5150
5150
5152
5152
5154
5154
5155
5155
5155
5155
5156
5157
5158
5160
5161
5163
5164
5165
5165
5169
5171
5172
5172
5172
5173
5174
5174
5174
5175
5177
5177
5178
5178
5180
5182
5182
5182
5185
5186
5188
5189
5189
5190
5191
5191
5191
5192
5193
5194
5197
5198
5199
5200
5201
5205
5206
5207
5207
5209
5209
5209
5209
5210
5211
5212
5212
5216
5217
5220
5221
5221
5221
5221
5221
5221
5222
5223
5224
5224
5224
5224
5225
5226
5226
5226
5227
5227
5229
5230
5230
5230
5230
5231
5232
5232
5233
5235
5235
5235
5235
5236
5238
5238
5242
5243
5245
5249
5255
5258
5260
5260
5261
5261
5262
5262
5264
5264
5264
5264
5264
5264
5268
5270
5271
5271
5271
5272
5273
5276
5277
5277
5278
5280
5281
5283
5284
5285
5285
5286
5287
5287
5289
5291
5292
5293
5294
5296
5297
5298
5299
5299
5299
5299
5303
5303
5303
5306
5306
5307
5308
5308
5308
5312
5313
5316
5317
5318
5318
5318
5320
5321
5322
5322
5322
5323
5324
5328
5328
5330
5332
5334
5336
5337
5338
5340
5341
5342
5342
5344
5344
5345
5347
5348
5348
5350
5352
5354
5355
5358
5359
5360
5360
5361
5361
5361
5361
5363
5363
5366
5366
5370
5373
5375
5376
5380
5381
5383
5384
5386
5387
5388
5389
5390
5391
5391
5394
5397
5397
5398
5399
5399
5399
5400
5401
5403
5403
5404
5405
5405
5406
5407
5407
5410
5410
5412
5413
5414
5415
5416
5417
5419
5420
5421
5421
5422
5422
5422
5426
5427
5427
5430
5431
5431
5432
5433
5435
5436
5436
5436
5436
5436
5439
5440
5443
5443
5444
5444
5446
5447
5447
5447
5449
5450
5451
5452
5453
5453
5453
5455
5455
5455
5456
5456
5456
5457
5457
5458
5461
5462
5464
5464
5466
5467
5469
5470
5471
5473
5474
5476
5477
5477
5478
5478
5479
5479
5480
5480
5481
5482
5483
5483
5483
5485
5486
5489
5490
5490
5491
5491
5491
5491
5491
5491
5492
5492
5494
5494
5496
5500
5500
5502
5508
5512
5517
5519
5520
5520
5522
5522
5523
5524
5524
5525
5526
5526
5527
5527
5529
5530
5531
5531
5531
5534
5534
5534
5534
5535
5535
5537
5537
5538
5539
5540
5541
5542
5542
5542
5542
5543
5543
5544
5544
5545
5547
5548
5548
5549
5549
5551
5551
5551
5552
5553
5553
5553
5553
5553
5554
5556
5556
5556
5557
5559
5559
5561
5561
5561
5561
5562
5562
5562
5564
5564
5565
5565
5566
5566
5566
5566
5567
5567
5568
5568
5569
5569
5569
5572
5572
5572
5573
5573
5574
5575
5575
5576
5576
5578
5578
5579
5580
5583
5583
5584
5584
5584
5584
5586
5586
5588
5590
5590
5590
5591
5591
5593
5594
5594
5594
5595
5595
5596
5600
5601
5602
5602
5603
5604
5606
5607
5609
5610
5611
5612
5614
5615
5616
5616
5618
5620
5621
5621
5622
5623
5623
5624
5626
5627
5629
5630
5631
5631
5632
5633
5635
5635
5636
5636
5636
5637
5637
5639
5639
5640
5640
5640
5640
5641
5641
5642
5642
5644
5644
5645
5647
5647
5648
5649
5650
5650
5652
5652
5653
5653
5654
5654
5655
5656
5658
5659
5659
5662
5663
5663
5664
5664
5666
5669
5669
5670
5670
5672
5672
5672
5673
5674
5674
5678
5679
5680
5682
5683
5684
5684
5685
5685
5686
5689
5689
5690
5690
5691
5692
5694
5696
5697
5699
5699
5700
5700
5702
5703
5705
5706
5707
5708
5708
5710
5710
5713
5713
5714
5716
5716
5717
5717
5719
5720
5721
5723
5723
5723
5724
5725
5725
5725
5726
5726
5728
5729
5731
5734
5739
5740
5740
5742
5743
5744
5744
5744
5746
5747
5748
5748
5749
5750
5750
5751
5751
5752
5752
5753
5756
5758
5759
5760
5760
5762
5763
5766
5769
5770
5770
5770
5771
5773
5776
5777
5777
5782
5783
5785
5785
5786
5786
5786
5787
5787
5788
5789
5789
5789
5790
5793
5793
5795
5797
5797
5797
5799
5799
5799
5800
5802
5803
5803
5803
5804
5804
5805
5807
5807
5812
5814
5814
5816
5817
5818
5822
5823
5823
5823
5826
5827
5828
5829
5831
5835
5836
5836
5839
5839
5839
5840
5842
5842
5843
5844
5844
5847
5849
5849
5849
5850
5851
5856
5857
5857
5858
5859
5860
5862
5863
5863
5864
5864
5864
5864
5865
5866
5867
5867
5867
5868
5868
5868
5869
5871
5871
5871
5874
5875
5877
5877
5879
5879
5879
5880
5880
5880
5881
5883
5884
5884
5886
5888
5888
5889
5891
5891
5893
5894
5895
5897
5897
5897
5897
5897
5900
5901
5903
5905
5906
5907
5907
5909
5910
5911
5911
5911
5913
5913
5913
5915
5916
5916
5916
5917
5919
5919
5921
5923
5924
5924
5925
5925
5925
5926
5928
5929
5930
5930
5930
5930
5930
5931
5933
5935
5937
5939
5940
5940
5941
5941
5942
5942
5942
5943
5943
5944
5944
5945
5946
5948
5950
5951
5951
5951
5952
5954
5955
5955
5957
5957
5958
5959
5961
5963
5966
5967
5968
5968
5969
5970
5974
5976
5976
5976
5978
5978
5979
5981
5982
5983
5985
5986
5987
5989
5990
5990
5991
5992
5996
5999
6001
6001
6003
6004
6004
6006
6006
6006
6007
6009
6011
6012
6012
6014
6014
6014
6018
6020
6021
6022
6023
6024
6024
6025
6026
6026
6029
6030
6034
6039
6040
6040
6042
6043
6044
6044
6044
6044
6045
6045
6046
6046
6049
6050
6053
6058
6059
6059
6060
6060
6063
6064
6064
6064
6065
6065
6065
6067
6068
6068
6070
6070
6072
6074
6076
6077
6078
6078
6079
6079
6080
6080
6081
6082
6084
6085
6085
6086
6088
6090
6090
6090
6092
6092
6092
6093
6093
6093
6094
6095
6095
6095
6095
6099
6099
6099
6100
6100
6100
6101
6101
6103
6105
6105
6106
6106
6107
6110
6110
6113
6114
6115
6117
6117
6118
6118
6119
6119
6120
6121
6122
6122
6122
6122
6122
6124
6125
6125
6126
6129
6133
6135
6139
6140
6141
6141
6141
6142
6142
6143
6143
6144
6145
6146
6147
6148
6149
6152
6153
6154
6154
6155
6157
6157
6161
6162
6163
6163
6164
6165
6165
6166
6166
6167
6167
6168
6171
6173
6174
6177
6177
6178
6179
6180
6181
6182
6183
6184
6185
6185
6190
6191
6194
6196
6196
6196
6197
6199
6200
6201
6203
6203
6204
6204
6204
6207
6207
6207
6209
6209
6210
6211
6212
6212
6212
6213
6216
6216
6217
6217
6217
6217
6217
6219
6220
6220
6220
6222
6222
6222
6223
6225
6226
6226
6227
6228
6233
6233
6233
6236
6236
6237
6237
6238
6239
6242
6243
6243
6245
6245
6245
6246
6246
6249
6253
6254
6256
6257
6259
6260
6260
6260
6261
6262
6264
6264
6266
6267
6268
6268
6269
6270
6270
6270
6272
6274
6274
6277
6278
6279
6280
6281
6282
6282
6282
6283
6283
6283
6284
6285
6285
6286
6286
6287
6290
6290
6290
6291
6291
6292
6293
6293
6295
6295
6295
6297
6297
6298
6299
6300
6302
6303
6303
6304
6304
6305
6306
6307
6308
6309
6312
6313
6313
6314
6316
6319
6320
6322
6322
6323
6323
6324
6324
6325
6325
6327
6328
6329
6330
6332
6332
6332
6334
6334
6337
6338
6339
6339
6339
6341
6342
6342
6342
6343
6343
6344
6344
6345
6346
6346
6346
6348
6348
6349
6350
6352
6353
6354
6354
6356
6358
6358
6359
6359
6359
6360
6361
6361
6363
6363
6366
6367
6367
6367
6367
6368
6370
6372
6372
6373
6374
6375
6376
6377
6379
6380
6382
6383
6383
6383
6384
6384
6385
6389
6389
6390
6390
6390
6390
6391
6392
6392
6393
6394
6394
6394
6396
6399
6400
6400
6401
6406
6406
6406
6408
6408
6409
6411
6412
6412
6417
6417
6419
6421
6423
6423
6425
6425
6425
6426
6427
6428
6429
6429
6430
6431
6433
6433
6433
6435
6435
6436
6437
6437
6439
6442
6442
6443
6445
6446
6448
6448
6449
6450
6450
6451
6451
6451
6452
6457
6458
6458
6460
6460
6461
6462
6464
6466
6468
6470
6470
6472
6473
6473
6474
6478
6481
6482
6482
6484
6484
6486
6487
6487
6488
6488
6489
6490
6491
6493
6494
6495
6501
6502
6503
6504
6505
6505
6506
6506
6507
6507
6508
6509
6510
6512
6516
6516
6518
6519
6519
6521
6523
6523
6526
6527
6529
6530
6531
6532
6535
6537
6537
6539
6539
6541
6542
6542
6543
6543
6543
6544
6545
6545
6545
6545
6548
6550
6550
6550
6550
6553
6555
6555
6555
6556
6558
6559
6559
6561
6562
6562
6564
6567
6567
6568
6569
6571
6572
6577
6577
6577
6578
6581
6582
6585
6586
6588
6590
6590
6591
6592
6592
6592
6594
6594
6596
6597
6600
6600
6600
6600
6601
6602
6602
6603
6604
6605
6605
6605
6606
6606
6606
6608
6609
6609
6610
6613
6613
6613
6614
6614
6614
6617
6618
6620
6620
6622
6624
6624
6624
6624
6625
6626
6626
6630
6630
6633
6634
6635
6635
6636
6637
6637
6637
6638
6639
6640
6643
6643
6644
6644
6644
6645
6646
6646
6647
6650
6650
6651
6652
6654
6656
6658
6658
6658
6659
6661
6663
6663
6664
6665
6665
6665
6666
6666
6666
6667
6667
6667
6667
6669
6673
6674
6675
6675
6676
6676
6676
6676
6677
6678
6679
6682
6682
6684
6687
6688
6694
6694
6696
6698
6699
6700
6700
6701
6701
6702
6704
6705
6708
6710
6710
6710
6711
6711
6712
6715
6715
6716
6716
6718
6718
6718
6719
6719
6719
6720
6720
6721
6723
6724
6724
6725
6728
6729
6731
6732
6732
6732
6733
6733
6733
6734
6734
6734
6734
6737
6737
6737
6737
6738
6739
6740
6741
6741
6742
6743
6743
6746
6747
6748
6748
6749
6751
6753
6753
6754
6755
6755
6755
6756
6758
6758
6760
6763
6763
6764
6765
6765
6765
6766
6766
6766
6766
6766
6766
6767
6768
6770
6770
6770
6771
6773
6773
6775
6776
6777
6778
6780
6781
6781
6781
6782
6784
6784
6785
6785
6788
6790
6790
6792
6792
6792
6794
6795
6795
6796
6796
6799
6800
6802
6803
6803
6803
6804
6805
6807
6807
6808
6810
6812
6812
6813
6813
6814
6815
6815
6817
6817
6818
6819
6824
6826
6829
6829
6833
6835
6835
6836
6836
6837
6838
6838
6839
6840
6841
6843
6844
6845
6847
6847
6847
6848
6848
6848
6851
6853
6853
6853
6854
6855
6856
6857
6858
6861
6864
6867
6867
6867
6867
6868
6870
6870
6870
6871
6872
6873
6874
6874
6875
6875
6875
6876
6877
6877
6878
6880
6880
6882
6883
6884
6885
6885
6887
6888
6889
6889
6889
6889
6891
6891
6892
6892
6894
6897
6898
6898
6899
6902
6904
6906
6906
6906
6907
6908
6908
6909
6909
6910
6910
6911
6912
6913
6913
6914
6916
6917
6917
6918
6918
6918
6918
6919
6919
6920
6921
6923
6923
6924
6924
6926
6926
6927
6928
6929
6929
6930
6930
6932
6932
6934
6934
6938
6938
6940
6940
6941
6943
6944
6946
6947
6949
6950
6950
6951
6951
6951
6952
6952
6953
6956
6957
6958
6958
6959
6959
6960
6960
6961
6962
6963
6963
6965
6965
6966
6970
6974
6975
6975
6980
6981
6981
6982
6983
6984
6985
6986
6986
6987
6988
6988
6989
6989
6989
6990
6991
6991
6992
6993
6994
6995
6997
6997
6997
6997
6998
7000
7000
7000
7000
7006
7008
7009
7013
7013
7014
7015
7015
7016
7017
7018
7019
7020
7020
7020
7021
7021
7021
7022
7022
7022
7022
7023
7023
7023
7025
7026
7028
7028
7030
7030
7035
7038
7038
7039
7040
7041
7042
7045
7046
7047
7047
7047
7051
7051
7052
7054
7055
7057
7059
7059
7061
7062
7063
7065
7065
7065
7066
7067
7067
7068
7068
7068
7069
7070
7070
7070
7073
7076
7077
7077
7078
7079
7080
7080
7081
7084
7085
7086
7086
7087
7089
7092
7093
7093
7096
7096
7096
7098
7099
7099
7100
7101
7102
7104
7106
7107
7107
7108
7108
7110
7111
7113
7115
7115
7117
7120
7120
7120
7121
7122
7122
7123
7124
7125
7125
7125
7125
7126
7127
7128
7128
7129
7130
7131
7131
7132
7132
7133
7133
7134
7135
7135
7135
7136
7137
7138
7139
7140
7140
7141
7142
7143
7143
7146
7146
7148
7149
7149
7150
7153
7153
7153
7153
7154
7154
7154
7154
7155
7155
7156
7156
7158
7159
7159
7159
7162
7164
7164
7166
7167
7168
7170
7170
7170
7172
7174
7176
7176
7176
7178
7179
7180
7182
7183
7183
7184
7185
7185
7185
7186
7186
7187
7187
7187
7188
7189
7190
7191
7191
7191
7192
7193
7193
7194
7194
7195
7196
7196
7196
7198
7198
7199
7200
7200
7200
7201
7202
7202
7203
7204
7205
7207
7207
7212
7212
7213
7213
7213
7214
7216
7219
7220
7223
7224
7228
7230
7231
7233
7235
7235
7236
7237
7238
7238
7241
7242
7246
7246
7246
7247
7248
7248
7248
7248
7249
7250
7250
7250
7251
7251
7251
7253
7254
7255
7258
7258
7259
7259
7260
7261
7261
7262
7262
7262
7262
7263
7264
7265
7266
7267
7271
7271
7271
7271
7272
7274
7274
7275
7275
7276
7276
7277
7279
7281
7281
7282
7282
7283
7285
7286
7286
7287
7288
7289
7292
7293
7294
7296
7296
7296
7297
7297
7297
7299
7300
7307
7308
7308
7310
7311
7313
7313
7319
7319
7320
7321
7322
7324
7325
7325
7327
7328
7330
7332
7336
7337
7338
7340
7340
7341
7342
7342
7344
7347
7349
7349
7351
7351
7351
7352
7353
7353
7354
7354
7354
7356
7357
7358
7359
7359
7360
7362
7363
7364
7366
7367
7369
7369
7371
7373
7373
7373
7375
7376
7376
7377
7377
7378
7378
7379
7380
7381
7382
7383
7383
7383
7384
7384
7385
7385
7386
7387
7387
7388
7388
7389
7390
7391
7391
7392
7393
7394
7396
7397
7397
7398
7398
7401
7402
7403
7404
7406
7406
7408
7409
7410
7411
7412
7413
7415
7417
7417
7417
7418
7418
7419
7421
7421
7422
7422
7422
7423
7425
7425
7425
7428
7429
7429
7430
7431
7431
7431
7431
7431
7432
7433
7437
7438
7438
7439
7439
7440
7443
7444
7445
7447
7448
7448
7450
7450
7450
7453
7454
7454
7455
7455
7457
7457
7458
7458
7460
7460
7460
7460
7461
7461
7462
7463
7463
7464
7464
7464
7464
7464
7465
7465
7465
7466
7473
7474
7475
7475
7475
7477
7477
7477
7477
7478
7479
7484
7485
7485
7487
7488
7489
7489
7489
7492
7492
7493
7494
7495
7495
7496
7497
7498
7500
7500
7503
7505
7506
7507
7507
7508
7508
7509
7510
7510
7511
7511
7513
7513
7515
7516
7516
7517
7517
7518
7520
7520
7521
7522
7522
7526
7526
7527
7530
7530
7531
7531
7534
7535
7535
7535
7537
7537
7538
7538
7538
7538
7539
7540
7540
7542
7542
7542
7544
7544
7544
7547
7548
7548
7548
7549
7550
7550
7552
7552
7553
7553
7553
7554
7556
7557
7559
7562
7565
7566
7566
7567
7568
7568
7569
7569
7570
7570
7572
7573
7575
7576
7581
7583
7583
7583
7584
7585
7590
7592
7592
7592
7592
7594
7594
7594
7595
7596
7597
7597
7597
7598
7599
7599
7600
7600
7600
7601
7601
7602
7602
7603
7606
7606
7607
7607
7609
7609
7610
7612
7613
7613
7614
7615
7616
7617
7619
7619
7620
7621
7621
7621
7623
7623
7624
7624
7624
7625
7625
7625
7626
7626
7626
7629
7630
7630
7631
7632
7633
7634
7635
7638
7638
7639
7641
7641
7643
7645
7646
7646
7648
7651
7652
7653
7654
7654
7656
7658
7659
7662
7663
7664
7665
7665
7665
7668
7669
7669
7669
7670
7670
7671
7674
7676
7676
7676
7677
7678
7679
7679
7679
7681
7682
7683
7683
7684
7684
7686
7687
7688
7689
7689
7691
7691
7692
7692
7695
7696
7696
7696
7698
7699
7699
7700
7702
7703
7703
7704
7704
7705
7705
7706
7706
7706
7707
7707
7713
7713
7715
7719
7721
7722
7722
7723
7723
7726
7726
7727
7727
7729
7729
7732
7733
7734
7736
7736
7736
7737
7738
7738
7738
7740
7742
7743
7745
7747
7747
7748
7748
7749
7750
7751
7752
7754
7757
7757
7758
7758
7759
7761
7761
7762
7763
7764
7770
7771
7772
7772
7774
7774
7776
7777
7777
7778
7778
7779
7781
7781
7782
7782
7782
7784
7786
7786
7786
7787
7788
7793
7793
7794
7794
7794
7797
7797
7799
7802
7802
7802
7802
7803
7804
7804
7807
7808
7809
7809
7810
7811
7812
7812
7812
7814
7818
7822
7823
7823
7825
7825
7826
7826
7828
7829
7830
7830
7830
7831
7833
7834
7835
7835
7839
7839
7840
7840
7842
7842
7842
7843
7844
7844
7844
7845
7846
7853
7853
7855
7856
7857
7858
7860
7861
7861
7862
7862
7862
7863
7863
7863
7864
7865
7867
7868
7868
7869
7869
7869
7869
7870
7873
7873
7874
7875
7876
7877
7878
7878
7879
7880
7881
7881
7882
7882
7882
7883
7884
7885
7886
7886
7888
7889
7889
7891
7892
7893
7893
7895
7895
7896
7900
7900
7901
7902
7904
7905
7907
7910
7910
7910
7912
7914
7914
7914
7916
7916
7917
7917
7919
7919
7919
7920
7921
7922
7925
7925
7925
7927
7928
7928
7930
7935
7936
7937
7938
7939
7941
7941
7945
7945
7946
7948
7948
7949
7949
7950
7952
7952
7953
7953
7954
7954
7956
7956
7958
7958
7961
7963
7964
7968
7968
7969
7969
7970
7970
7971
7971
7972
7973
7974
7975
7977
7978
7978
7980
7980
7983
7984
7984
7985
7987
7990
7991
7991
7993
7996
7998
7999
8002
8002
8002
8004
8006
8007
8007
8011
8011
8012
8012
8016
8016
8019
8019
8022
8022
8025
8028
8028
8028
8029
8029
8029
8030
8030
8030
8031
8032
8032
8033
8033
8035
8038
8038
8038
8039
8040
8042
8045
8045
8046
8046
8046
8048
8050
8051
8052
8052
8054
8055
8055
8056
8057
8058
8059
8060
8062
8063
8064
8064
8066
8066
8066
8067
8069
8070
8071
8072
8073
8075
8075
8075
8077
8078
8079
8080
8080
8080
8081
8081
8082
8082
8084
8084
8085
8087
8088
8089
8090
8090
8091
8091
8093
8095
8095
8096
8096
8098
8101
8101
8103
8104
8106
8106
8106
8106
8110
8111
8111
8113
8114
8114
8114
8114
8114
8115
8116
8117
8119
8120
8121
8123
8123
8124
8124
8126
8127
8127
8127
8128
8129
8129
8129
8131
8132
8134
8134
8134
8134
8134
8135
8136
8136
8136
8137
8137
8137
8137
8138
8139
8140
8141
8141
8141
8142
8147
8148
8149
8152
8153
8153
8153
8155
8155
8156
8157
8158
8158
8160
8162
8162
8162
8163
8163
8164
8164
8165
8165
8166
8166
8167
8167
8169
8169
8173
8175
8175
8176
8176
8176
8176
8177
8177
8179
8180
8181
8181
8182
8184
8184
8186
8186
8187
8188
8189
8193
8194
8194
8195
8195
8195
8197
8198
8198
8199
8200
8201
8202
8203
8203
8203
8204
8205
8206
8206
8206
8207
8207
8210
8210
8211
8211
8212
8213
8213
8214
8214
8214
8215
8216
8217
8217
8220
8221
8222
8223
8223
8223
8227
8227
8227
8227
8228
8230
8232
8233
8233
8236
8238
8238
8240
8240
8240
8241
8241
8245
8248
8252
8252
8253
8253
8258
8258
8259
8259
8259
8261
8262
8263
8263
8265
8266
8267
8267
8268
8269
8270
8271
8271
8272
8272
8274
8278
8282
8282
8282
8282
8283
8283
8284
8284
8285
8285
8286
8288
8290
8291
8294
8294
8295
8298
8300
8302
8303
8306
8307
8307
8307
8308
8309
8309
8309
8309
8309
8310
8311
8311
8311
8312
8313
8314
8315
8316
8316
8319
8319
8319
8320
8320
8320
8320
8321
8321
8324
8325
8326
8326
8329
8330
8330
8331
8333
8334
8337
8337
8337
8338
8338
8338
8338
8339
8340
8341
8341
8342
8343
8345
8345
8346
8346
8346
8347
8347
8348
8349
8349
8350
8351
8355
8356
8356
8358
8359
8361
8361
8362
8363
8364
8366
8366
8366
8369
8370
8370
8370
8370
8372
8373
8373
8374
8374
8374
8376
8377
8377
8379
8379
8380
8384
8384
8385
8386
8387
8387
8388
8389
8391
8392
8392
8393
8394
8395
8395
8397
8397
8398
8399
8399
8400
8400
8401
8401
8401
8402
8403
8404
8405
8405
8406
8408
8408
8408
8409
8409
8409
8411
8412
8412
8413
8413
8414
8416
8416
8416
8417
8418
8422
8422
8422
8422
8424
8425
8425
8425
8427
8428
8428
8428
8432
8433
8434
8436
8437
8437
8439
8439
8441
8441
8442
8443
8443
8444
8444
8445
8445
8446
8447
8449
8450
8451
8452
8452
8453
8453
8453
8453
8455
8456
8456
8458
8463
8463
8463
8466
8467
8468
8470
8472
8476
8477
8479
8480
8480
8481
8482
8482
8484
8485
8486
8486
8488
8491
8492
8494
8498
8498
8498
8498
8498
8498
8500
8500
8501
8501
8501
8503
8504
8506
8507
8509
8509
8509
8509
8510
8510
8514
8517
8517
8517
8518
8523
8524
8525
8527
8527
8528
8529
8530
8531
8531
8531
8532
8532
8535
8537
8537
8537
8539
8540
8540
8541
8543
8546
8546
8547
8547
8550
8553
8555
8557
8559
8559
8561
8561
8562
8562
8562
8563
8564
8565
8565
8567
8571
8572
8572
8572
8572
8576
8579
8580
8581
8581
8581
8584
8584
8585
8585
8586
8587
8592
8593
8593
8594
8595
8596
8597
8599
8599
8600
8602
8602
8602
8604
8605
8606
8606
8608
8609
8609
8610
8613
8614
8614
8617
8622
8622
8622
8625
8629
8629
8630
8631
8631
8631
8631
8632
8632
8633
8634
8635
8637
8637
8637
8639
8640
8640
8641
8641
8644
8646
8650
8650
8652
8656
8660
8661
8663
8664
8664
8667
8668
8668
8668
8670
8672
8673
8674
8676
8676
8678
8679
8680
8682
8682
8682
8683
8685
8687
8687
8688
8690
8690
8690
8692
8693
8695
8695
8696
8698
8699
8699
8701
8702
8702
8703
8703
8704
8705
8706
8706
8706
8710
8710
8713
8715
8716
8717
8718
8719
8722
8725
8726
8727
8729
8730
8731
8731
8733
8733
8733
8733
8734
8734
8735
8735
8738
8739
8741
8742
8742
8744
8745
8746
8746
8747
8747
8748
8749
8749
8750
8750
8751
8751
8752
8752
8756
8758
8760
8760
8760
8760
8762
8762
8762
8763
8764
8764
8764
8764
8765
8765
8767
8767
8770
8770
8771
8771
8771
8774
8777
8777
8778
8778
8779
8781
8781
8782
8783
8783
8784
8785
8786
8788
8789
8790
8791
8791
8791
8793
8796
8797
8797
8798
8800
8800
8801
8804
8805
8806
8806
8806
8807
8807
8807
8808
8808
8809
8810
8811
8812
8812
8815
8815
8816
8816
8817
8817
8818
8819
8821
8823
8823
8824
8824
8825
8826
8826
8827
8828
8828
8829
8830
8830
8830
8832
8835
8836
8837
8837
8838
8840
8841
8841
8841
8842
8843
8843
8846
8846
8846
8847
8847
8848
8850
8852
8853
8855
8855
8855
8858
8860
8860
8861
8861
8861
8863
8863
8864
8864
8866
8866
8869
8872
8872
8873
8873
8874
8875
8875
8876
8876
8877
8878
8879
8880
8882
8883
8883
8884
8885
8886
8886
8887
8888
8889
8889
8889
8890
8890
8891
8891
8891
8892
8892
8892
8894
8894
8896
8896
8896
8897
8900
8900
8900
8901
8901
8902
8902
8903
8905
8905
8906
8908
8908
8908
8908
8908
8909
8912
8912
8912
8914
8914
8914
8917
8917
8917
8918
8918
8922
8923
8927
8929
8929
8933
8934
8934
8935
8936
8936
8938
8940
8940
8943
8943
8944
8944
8947
8948
8948
8949
8949
8950
8950
8950
8951
8953
8953
8954
8954
8955
8956
8958
8960
8961
8961
8961
8962
8962
8964
8964
8964
8965
8965
8965
8967
8968
8968
8968
8969
8971
8972
8973
8974
8975
8976
8976
8979
8980
8981
8982
8983
8984
8985
8991
8992
8992
8993
8993
8994
8994
8996
8997
8998
8998
8998
8998
9003
9003
9003
9003
9006
9006
9006
9007
9007
9007
9009
9011
9011
9012
9014
9014
9017
9017
9020
9023
9024
9027
9027
9028
9029
9029
9030
9032
9032
9034
9037
9037
9038
9039
9039
9039
9039
9040
9041
9041
9041
9043
9045
9049
9051
9052
9053
9054
9055
9055
9055
9055
9056
9056
9056
9061
9061
9061
9061
9062
9063
9064
9068
9068
9069
9071
9071
9072
9073
9073
9075
9075
9076
9077
9078
9079
9079
9080
9080
9080
9081
9081
9082
9084
9085
9085
9085
9086
9086
9086
9087
9088
9088
9088
9089
9091
9094
9096
9097
9101
9102
9103
9104
9104
9105
9106
9106
9107
9109
9110
9111
9111
9112
9114
9114
9115
9116
9124
9126
9128
9129
9129
9129
9129
9130
9131
9131
9133
9134
9134
9134
9135
9139
9140
9141
9143
9144
9144
9144
9146
9147
9147
9150
9150
9151
9151
9152
9154
9157
9157
9160
9161
9163
9166
9166
9168
9170
9170
9172
9173
9176
9177
9179
9179
9179
9180
9181
9181
9181
9182
9183
9183
9183
9185
9187
9189
9190
9191
9196
9197
9198
9198
9199
9199
9200
9201
9201
9201
9201
9202
9202
9203
9206
9207
9208
9208
9209
9211
9211
9211
9212
9213
9213
9214
9215
9217
9217
9218
9220
9222
9223
9227
9227
9228
9229
9229
9230
9232
9237
9238
9239
9241
9241
9241
9242
9244
9244
9245
9246
9247
9247
9249
9251
9251
9252
9253
9254
9255
9255
9256
9257
9259
9260
9261
9262
9265
9267
9267
9267
9270
9271
9271
9272
9273
9273
9273
9274
9276
9276
9277
9278
9280
9281
9281
9283
9285
9286
9286
9286
9289
9289
9289
9290
9290
9291
9293
9293
9294
9294
9295
9295
9296
9296
9299
9299
9301
9303
9304
9305
9310
9310
9311
9311
9311
9311
9312
9313
9313
9313
9313
9313
9316
9317
9318
9320
9320
9320
9321
9321
9322
9322
9322
9323
9324
9324
9325
9326
9328
9329
9330
9330
9331
9332
9332
9333
9334
9334
9335
9335
9336
9337
9338
9339
9339
9341
9343
9344
9345
9348
9348
9349
9350
9352
9353
9353
9355
9358
9359
9361
9362
9362
9363
9364
9364
9366
9366
9366
9367
9368
9368
9369
9370
9372
9373
9373
9375
9376
9377
9377
9377
9379
9380
9381
9381
9383
9384
9384
9386
9386
9388
9388
9388
9389
9390
9390
9390
9391
9392
9392
9392
9394
9394
9395
9396
9397
9400
9400
9400
9401
9402
9405
9405
9408
9408
9410
9410
9410
9410
9414
9414
9414
9415
9416
9418
9420
9420
9421
9424
9424
9425
9426
9426
9428
9432
9432
9433
9435
9436
9436
9436
9439
9440
9441
9443
9444
9448
9452
9452
9453
9457
9457
9457
9457
9458
9459
9460
9462
9463
9464
9467
9470
9470
9471
9474
9474
9475
9477
9478
9478
9478
9478
9479
9479
9479
9481
9481
9481
9482
9482
9482
9483
9483
9483
9483
9483
9484
9485
9485
9487
9488
9489
9489
9489
9491
9493
9494
9497
9497
9499
9499
9501
9501
9501
9502
9502
9503
9504
9506
9506
9506
9508
9509
9510
9510
9510
9511
9512
9512
9513
9513
9513
9514
9514
9517
9519
9520
9520
9520
9521
9524
9525
9528
9529
9530
9530
9531
9532
9533
9533
9534
9537
9539
9540
9541
9541
9542
9543
9543
9547
9548
9549
9549
9552
9552
9554
9557
9557
9557
9558
9558
9559
9560
9563
9565
9565
9567
9569
9569
9573
9574
9576
9577
9579
9581
9581
9582
9582
9582
9582
9583
9583
9584
9585
9585
9585
9586
9588
9591
9592
9593
9593
9595
9596
9596
9596
9597
9602
9603
9603
9604
9604
9605
9607
9607
9608
9609
9609
9610
9610
9611
9611
9612
9613
9613
9617
9617
9618
9619
9619
9620
9621
9622
9622
9623
9624
9628
9630
9630
9632
9632
9633
9633
9635
9637
9637
9638
9639
9639
9639
9643
9645
9645
9645
9646
9647
9648
9648
9648
9650
9653
9654
9654
9656
9658
9662
9663
9664
9666
9666
9667
9669
9669
9669
9670
9671
9671
9672
9672
9674
9674
9674
9674
9675
9677
9677
9678
9678
9679
9680
9681
9681
9682
9683
9683
9686
9687
9688
9689
9689
9690
9691
9692
9692
9692
9693
9693
9695
9696
9696
9696
9697
9698
9698
9701
9701
9701
9706
9706
9708
9710
9710
9712
9712
9713
9713
9713
9715
9716
9716
9717
9717
9719
9719
9720
9721
9722
9724
9724
9725
9727
9727
9728
9729
9729
9731
9731
9732
9732
9732
9733
9734
9734
9735
9737
9738
9738
9740
9740
9742
9743
9745
9746
9748
9749
9749
9754
9754
9755
9755
9758
9761
9763
9763
9765
9766
9767
9768
9768
9770
9770
9770
9770
9772
9772
9773
9775
9777
9779
9780
9780
9780
9781
9782
9782
9783
9783
9784
9784
9785
9785
9788
9788
9788
9790
9792
9792
9795
9796
9799
9800
9801
9801
9804
9804
9806
9806
9806
9806
9811
9814
9815
9815
9815
9815
9816
9817
9817
9818
9819
9820
9821
9821
9823
9824
9825
9827
9828
9831
9832
9833
9833
9835
9837
9837
9838
9838
9839
9841
9841
9841
9843
9844
9844
9844
9844
9846
9846
9849
9849
9850
9852
9852
9853
9853
9854
9854
9855
9855
9857
9857
9858
9860
9860
9860
9861
9861
9863
9865
9866
9866
9868
9870
9871
9872
9873
9874
9874
9874
9875
9877
9880
9881
9883
9883
9884
9884
9885
9886
9886
9886
9888
9891
9894
9894
9895
9896
9898
9899
9900
9900
9901
9901
9902
9906
9907
9909
9909
9911
9911
9912
9912
9913
9914
9914
9915
9915
9916
9917
9917
9918
9918
9920
9921
9921
9921
9925
9925
9926
9926
9926
9929
9929
9929
9930
9931
9931
9932
9932
9933
9933
9935
9935
9936
9936
9937
9938
9943
9945
9946
9946
9946
9947
9948
9949
9951
9952
9953
9953
9955
9955
9956
9957
9957
9957
9960
9962
9963
9964
9964
9965
9969
9970
9970
9971
9972
9972
9974
9974
9976
9977
9979
9979
9980
9981
9981
9981
9982
9982
9983
9983
9983
9983
9986
9987
9987
9987
9988
9989
9990
9992
9993
9993
9994
9996
9997
9998
9999
9999
