0
1
2
2
3
5
5
6
6
6
7
7
7
8
12
13
13
14
15
15
17
17
17
21
22
23
23
24
24
25
26
26
26
32
33
35
39
40
40
41
42
43
44
44
44
44
48
48
49
50
51
52
52
53
53
61
61
64
64
64
69
69
69
71
74
75
76
78
80
80
81
81
83
83
83
84
85
86
86
87
89
90
90
92
92
93
94
97
97
98
98
99
99
100
102
103
105
107
112
112
113
114
116
117
117
117
118
119
120
120
121
123
125
126
126
127
127
129
131
131
131
135
135
137
138
138
139
139
140
140
142
143
143
144
144
144
145
145
146
146
147
149
149
150
151
152
155
155
155
155
157
158
158
158
161
161
161
161
161
164
165
166
168
168
168
168
169
171
171
174
175
176
177
182
183
184
185
186
188
188
189
190
190
194
194
194
195
197
197
197
198
202
204
204
205
206
206
207
211
212
213
213
215
216
216
218
220
222
225
226
226
227
228
228
231
232
232
234
234
234
236
237
237
239
240
241
241
246
246
247
249
252
253
254
254
255
256
256
257
258
260
260
261
261
262
262
262
264
265
267
267
268
268
268
269
270
271
272
272
273
273
273
274
275
275
276
277
279
280
281
283
283
284
285
285
286
286
287
288
290
291
293
293
293
295
296
297
297
299
299
299
300
301
301
301
301
302
303
304
308
308
309
311
312
312
314
314
314
315
315
315
316
317
318
319
320
320
321
323
324
325
325
326
327
329
330
331
331
333
334
335
335
336
336
338
340
340
341
342
342
343
344
344
345
347
347
348
349
352
352
353
353
353
354
354
355
356
358
358
359
362
363
363
364
364
364
365
365
366
368
369
370
370
370
371
373
373
375
375
376
377
378
379
381
381
381
381
382
383
388
389
389
390
391
392
395
395
397
399
400
400
401
401
403
404
405
406
406
408
409
409
410
410
412
412
412
413
417
418
419
420
420
422
422
423
424
424
425
427
428
430
432
433
436
437
438
439
440
440
441
442
445
445
445
448
448
448
450
450
450
450
452
455
457
458
458
459
459
460
460
460
461
463
464
464
465
466
468
470
470
471
471
472
474
477
478
478
479
480
480
481
481
481
481
482
484
485
486
486
486
486
486
487
487
488
489
489
493
494
494
496
496
497
499
499
499
500
501
501
501
502
502
502
503
503
504
505
505
507
511
515
516
517
519
519
521
522
522
523
524
524
527
528
529
529
530
531
531
532
532
534
534
535
536
536
536
536
538
539
539
540
541
542
545
546
547
547
547
550
550
551
552
552
553
554
554
554
555
556
556
558
561
563
564
566
567
567
568
569
570
571
572
572
573
573
574
574
576
576
578
579
580
580
581
582
584
584
585
586
588
589
589
590
592
593
593
593
594
595
598
601
603
603
603
603
604
604
606
607
608
609
610
611
611
611
612
613
614
614
614
614
616
618
620
620
621
621
622
622
623
624
626
626
627
628
629
630
632
632
633
633
635
636
637
638
638
638
639
641
641
642
643
644
644
647
647
647
647
647
648
649
649
649
650
650
652
653
654
654
654
656
656
656
657
658
658
660
662
663
664
664
667
667
668
671
671
672
673
673
674
674
678
679
679
679
681
683
685
687
687
687
687
688
688
689
689
690
690
691
691
691
691
693
695
697
698
699
700
700
701
701
702
706
706
707
707
707
709
709
709
709
711
711
713
715
715
715
716
716
716
718
718
719
719
720
722
725
726
727
727
730
730
730
731
732
734
734
734
736
737
738
740
742
745
745
745
746
746
748
748
751
752
752
753
753
753
753
755
756
756
756
756
758
758
759
759
760
761
761
761
761
762
763
766
770
771
771
772
776
776
777
777
778
779
781
781
782
782
783
785
786
787
788
789
789
791
791
791
792
794
794
794
795
796
797
798
798
799
799
801
801
802
802
803
803
804
805
805
806
806
807
807
807
807
807
807
807
808
810
812
814
815
816
820
820
820
820
821
822
823
824
824
825
825
826
826
827
829
830
831
832
832
832
835
838
839
839
839
842
843
843
847
848
849
850
850
850
851
851
853
853
854
855
857
858
859
859
860
860
862
863
863
863
864
864
865
866
866
866
867
867
868
869
869
871
872
872
873
877
877
879
879
880
881
881
882
883
883
883
883
885
885
889
890
890
892
894
894
896
896
900
901
903
903
904
905
905
906
907
907
908
911
911
912
913
913
914
916
917
918
918
918
918
919
919
919
922
925
925
925
927
927
929
930
934
935
937
938
939
939
941
941
941
942
942
944
945
946
947
948
952
953
953
953
955
956
957
959
959
960
966
967
967
967
967
967
973
976
978
978
979
980
980
982
982
982
984
985
985
986
987
989
989
991
992
992
992
993
994
997
997
997
997
998
998
999
1001
1001
1002
1002
1002
1002
1003
1004
1004
1005
1005
1009
1009
1010
1013
1014
1014
1015
1015
1017
1018
1019
1021
1021
1021
1022
1022
1022
1022
1023
1024
1025
1026
1026
1028
1028
1029
1029
1029
1030
1030
1032
1033
1033
1034
1035
1040
1040
1041
1042
1043
1044
1044
1045
1046
1047
1048
1048
1053
1053
1054
1056
1058
1058
1060
1060
1062
1064
1064
1065
1065
1066
1066
1068
1068
1070
1070
1074
1074
1075
1076
1076
1076
1077
1078
1080
1080
1083
1086
1087
1087
1090
1090
1090
1091
1092
1093
1093
1093
1094
1094
1094
1096
1096
1097
1097
1099
1101
1102
1104
1107
1108
1111
1111
1111
1112
1112
1113
1113
1114
1115
1115
1115
1116
1116
1119
1121
1121
1121
1122
1122
1122
1123
1124
1127
1129
1131
1131
1131
1133
1134
1134
1135
1135
1136
1137
1140
1140
1142
1142
1142
1143
1147
1147
1149
1150
1150
1151
1151
1152
1153
1153
1154
1154
1155
1157
1159
1160
1160
1161
1161
1162
1163
1164
1165
1167
1167
1167
1167
1169
1172
1172
1174
1178
1178
1179
1180
1183
1183
1183
1184
1184
1184
1186
1186
1187
1188
1189
1189
1189
1190
1190
1191
1191
1192
1193
1193
1194
1194
1195
1195
1196
1197
1198
1198
1199
1202
1202
1202
1204
1204
1205
1206
1206
1207
1208
1209
1209
1209
1209
1209
1210
1210
1210
1210
1212
1216
1217
1217
1218
1219
1220
1221
1222
1223
1223
1223
1223
1224
1225
1225
1227
1230
1231
1233
1233
1233
1235
1236
1238
1239
1241
1241
1242
1242
1244
1245
1245
1246
1246
1252
1253
1254
1255
1256
1258
1258
1259
1260
1261
1263
1265
1266
1267
1267
1267
1267
1270
1271
1272
1275
1277
1277
1278
1278
1278
1278
1279
1280
1281
1281
1281
1283
1283
1283
1285
1286
1289
1290
1290
1290
1291
1292
1292
1293
1296
1299
1301
1302
1302
1303
1305
1305
1306
1307
1309
1309
1311
1311
1311
1312
1313
1313
1315
1315
1315
1316
1317
1317
1318
1318
1320
1320
1321
1321
1321
1322
1322
1323
1324
1325
1327
1328
1330
1331
1332
1333
1333
1334
1336
1338
1338
1340
1340
1341
1342
1343
1343
1343
1345
1348
1348
1349
1352
1352
1353
1353
1354
1354
1354
1354
1355
1356
1356
1356
1357
1358
1359
1359
1361
1361
1362
1364
1364
1364
1365
1366
1367
1367
1368
1368
1368
1370
1373
1374
1375
1375
1376
1377
1380
1381
1382
1382
1383
1384
1385
1385
1385
1386
1387
1390
1390
1392
1392
1394
1395
1395
1397
1398
1398
1400
1401
1402
1403
1404
1408
1410
1411
1412
1413
1414
1417
1417
1417
1419
1423
1423
1424
1425
1427
1428
1429
1429
1430
1430
1431
1434
1435
1436
1437
1437
1437
1438
1440
1441
1443
1444
1446
1447
1447
1448
1449
1449
1449
1451
1453
1455
1455
1456
1457
1458
1459
1460
1461
1464
1464
1467
1468
1469
1470
1470
1471
1471
1474
1474
1475
1475
1476
1478
1479
1479
1480
1482
1482
1482
1483
1483
1484
1485
1485
1486
1486
1486
1487
1489
1489
1489
1490
1491
1491
1491
1493
1495
1498
1499
1500
1500
1501
1502
1503
1505
1507
1508
1509
1509
1509
1515
1519
1519
1521
1522
1524
1524
1524
1524
1526
1526
1530
1532
1532
1535
1537
1538
1539
1539
1540
1541
1543
1543
1543
1543
1544
1548
1549
1549
1551
1553
1553
1553
1555
1556
1556
1558
1562
1563
1563
1563
1564
1567
1568
1569
1572
1573
1573
1575
1577
1577
1578
1578
1579
1579
1580
1582
1583
1583
1585
1586
1588
1588
1588
1588
1589
1589
1589
1592
1592
1593
1594
1595
1596
1598
1598
1599
1599
1599
1601
1605
1605
1605
1605
1605
1605
1606
1606
1607
1607
1610
1612
1612
1613
1614
1614
1616
1616
1616
1617
1618
1618
1618
1618
1619
1619
1620
1621
1622
1622
1622
1625
1627
1629
1629
1629
1629
1632
1634
1635
1635
1638
1641
1641
1642
1642
1643
1645
1646
1646
1646
1648
1649
1650
1651
1651
1651
1652
1652
1652
1653
1654
1654
1654
1655
1655
1657
1658
1659
1660
1661
1661
1662
1663
1665
1667
1667
1670
1671
1672
1672
1672
1672
1673
1675
1678
1679
1679
1680
1681
1681
1681
1681
1681
1682
1682
1683
1684
1684
1684
1689
1692
1695
1696
1697
1698
1700
1700
1702
1703
1703
1704
1704
1705
1707
1708
1709
1711
1712
1712
1712
1715
1715
1716
1718
1718
1722
1722
1724
1726
1729
1732
1733
1733
1736
1737
1737
1737
1738
1739
1739
1739
1740
1741
1743
1743
1743
1743
1745
1746
1746
1747
1749
1749
1750
1751
1752
1753
1754
1754
1756
1756
1757
1757
1758
1760
1760
1762
1763
1764
1764
1765
1765
1766
1766
1766
1767
1769
1769
1770
1770
1771
1774
1774
1776
1777
1778
1779
1779
1782
1784
1787
1788
1789
1790
1793
1794
1795
1795
1796
1798
1800
1800
1801
1803
1804
1804
1804
1806
1806
1808
1809
1810
1810
1812
1814
1814
1814
1815
1817
1818
1819
1820
1820
1821
1821
1822
1823
1825
1826
1827
1828
1829
1829
1829
1830
1830
1831
1835
1836
1838
1838
1840
1840
1841
1842
1842
1844
1846
1847
1847
1849
1849
1849
1851
1852
1853
1854
1854
1854
1856
1857
1858
1858
1859
1861
1861
1862
1863
1865
1866
1867
1871
1872
1873
1873
1874
1874
1875
1876
1877
1878
1878
1878
1879
1879
1879
1880
1880
1880
1881
1881
1884
1885
1885
1886
1886
1886
1888
1891
1892
1894
1894
1896
1896
1896
1897
1898
1898
1901
1901
1902
1905
1908
1909
1909
1910
1910
1912
1913
1913
1915
1915
1915
1916
1919
1920
1920
1920
1921
1924
1924
1924
1926
1927
1928
1929
1929
1932
1933
1933
1936
1938
1940
1941
1942
1943
1944
1947
1948
1950
1951
1951
1952
1953
1953
1954
1954
1954
1955
1956
1957
1959
1960
1961
1961
1962
1962
1963
1965
1971
1972
1972
1973
1974
1976
1976
1976
1976
1977
1981
1983
1983
1984
1989
1990
1991
1992
1993
1995
1995
1995
1996
1996
1997
1998
1999
2001
2003
2004
2005
2006
2008
2011
2012
2015
2015
2015
2016
2017
2018
2020
2020
2022
2024
2024
2024
2024
2025
2025
2025
2026
2026
2027
2027
2028
2028
2030
2031
2031
2032
2032
2032
2033
2033
2034
2035
2037
2038
2039
2040
2043
2044
2044
2045
2046
2047
2048
2048
2049
2050
2050
2050
2053
2053
2054
2054
2057
2057
2057
2058
2061
2062
2063
2064
2065
2065
2066
2068
2069
2072
2072
2073
2074
2075
2076
2077
2077
2077
2078
2079
2079
2079
2080
2080
2080
2083
2087
2087
2088
2089
2090
2091
2091
2093
2098
2099
2099
2099
2101
2102
2102
2103
2103
2103
2106
2108
2108
2110
2111
2111
2112
2113
2114
2114
2114
2116
2116
2117
2117
2118
2119
2121
2121
2122
2122
2124
2124
2125
2127
2127
2130
2131
2132
2133
2135
2138
2138
2139
2139
2141
2141
2141
2142
2142
2142
2142
2145
2145
2146
2146
2147
2148
2152
2153
2154
2154
2154
2157
2157
2159
2159
2162
2162
2162
2163
2163
2163
2165
2165
2171
2172
2173
2174
2175
2175
2175
2176
2178
2178
2178
2178
2182
2182
2184
2185
2185
2186
2186
2187
2187
2188
2188
2188
2189
2190
2191
2191
2192
2192
2195
2196
2199
2201
2201
2202
2203
2204
2207
2207
2207
2207
2208
2208
2208
2210
2211
2211
2211
2212
2212
2214
2216
2217
2218
2219
2219
2220
2221
2221
2221
2222
2223
2223
2224
2225
2226
2227
2228
2228
2229
2230
2234
2237
2239
2239
2240
2240
2242
2242
2242
2243
2243
2244
2244
2245
2245
2247
2247
2248
2250
2251
2254
2255
2255
2255
2256
2256
2256
2257
2258
2262
2262
2264
2265
2268
2268
2268
2269
2270
2272
2272
2274
2274
2274
2276
2276
2277
2278
2278
2280
2281
2286
2287
2289
2291
2294
2294
2294
2295
2296
2300
2303
2303
2305
2306
2307
2307
2308
2309
2310
2310
2311
2312
2312
2312
2313
2313
2313
2313
2314
2314
2315
2316
2319
2319
2319
2320
2320
2320
2322
2324
2325
2325
2326
2328
2330
2331
2331
2333
2333
2334
2335
2336
2337
2337
2337
2337
2337
2339
2339
2339
2340
2341
2341
2342
2342
2344
2345
2345
2346
2347
2347
2347
2349
2350
2351
2353
2354
2355
2356
2356
2356
2358
2359
2359
2360
2360
2362
2362
2363
2364
2364
2366
2366
2367
2369
2369
2370
2370
2372
2372
2372
2372
2372
2373
2374
2374
2375
2375
2377
2378
2380
2381
2382
2384
2386
2388
2389
2389
2389
2390
2392
2394
2395
2395
2396
2397
2397
2398
2402
2405
2406
2407
2407
2407
2408
2411
2413
2414
2415
2416
2416
2419
2420
2424
2424
2424
2425
2428
2430
2432
2432
2433
2433
2434
2434
2435
2435
2436
2436
2436
2437
2437
2439
2440
2441
2442
2442
2443
2443
2444
2445
2445
2446
2447
2448
2448
2449
2449
2449
2450
2452
2452
2452
2453
2453
2454
2455
2457
2457
2459
2460
2462
2462
2465
2466
2467
2470
2470
2470
2471
2472
2474
2476
2477
2477
2477
2478
2478
2479
2480
2481
2483
2483
2484
2484
2485
2485
2486
2487
2488
2488
2489
2489
2489
2490
2490
2492
2492
2493
2495
2497
2498
2498
2499
2500
2501
2502
2502
2502
2503
2505
2510
2511
2511
2516
2516
2516
2517
2518
2518
2520
2520
2521
2522
2522
2523
2523
2523
2525
2528
2528
2530
2530
2531
2531
2531
2535
2535
2537
2538
2539
2540
2542
2543
2544
2544
2546
2546
2547
2549
2551
2551
2552
2552
2552
2552
2553
2553
2553
2554
2555
2558
2560
2560
2561
2561
2561
2562
2562
2562
2563
2563
2564
2565
2565
2565
2565
2565
2568
2571
2572
2572
2573
2573
2575
2575
2575
2576
2576
2577
2580
2580
2580
2582
2583
2583
2583
2584
2585
2585
2586
2588
2589
2590
2590
2591
2591
2591
2591
2592
2593
2593
2593
2594
2595
2596
2596
2598
2600
2603
2604
2607
2607
2609
2610
2613
2613
2614
2614
2614
2616
2618
2619
2621
2622
2622
2623
2623
2624
2625
2626
2626
2626
2628
2629
2631
2633
2633
2634
2635
2636
2637
2641
2642
2642
2642
2643
2643
2645
2645
2650
2659
2660
2660
2663
2663
2664
2664
2665
2666
2667
2669
2669
2670
2671
2672
2672
2674
2674
2675
2677
2678
2681
2682
2682
2683
2683
2686
2687
2687
2687
2690
2691
2692
2692
2693
2693
2694
2698
2698
2699
2699
2700
2701
2701
2701
2701
2702
2702
2707
2708
2710
2712
2713
2715
2717
2718
2718
2719
2720
2721
2722
2724
2724
2726
2727
2728
2728
2729
2729
2731
2732
2732
2732
2733
2733
2733
2733
2736
2737
2737
2738
2738
2739
2740
2741
2742
2742
2742
2742
2744
2745
2748
2748
2748
2749
2750
2752
2752
2753
2756
2756
2758
2759
2759
2760
2761
2761
2761
2762
2762
2763
2764
2765
2765
2765
2766
2767
2768
2769
2770
2770
2771
2771
2772
2772
2772
2773
2773
2775
2775
2779
2782
2789
2790
2790
2790
2791
2792
2794
2795
2795
2796
2797
2800
2802
2802
2807
2807
2808
2808
2809
2811
2812
2813
2813
2814
2815
2816
2817
2818
2821
2822
2822
2827
2827
2828
2830
2840
2841
2842
2843
2845
2845
2845
2849
2850
2851
2852
2853
2854
2855
2857
2857
2857
2858
2859
2862
2863
2863
2864
2865
2867
2868
2869
2869
2872
2872
2873
2874
2875
2876
2876
2877
2877
2878
2881
2882
2885
2887
2887
2887
2888
2891
2892
2892
2893
2894
2894
2895
2895
2896
2898
2899
2902
2902
2905
2907
2908
2909
2909
2909
2909
2909
2909
2910
2912
2913
2915
2917
2917
2918
2918
2919
2920
2921
2921
2925
2926
2926
2927
2927
2927
2929
2929
2929
2929
2929
2933
2935
2937
2937
2938
2938
2939
2940
2940
2941
2941
2943
2943
2944
2945
2946
2946
2947
2948
2948
2949
2949
2951
2951
2952
2953
2954
2955
2956
2956
2957
2957
2958
2958
2960
2961
2961
2962
2962
2963
2965
2965
2965
2966
2966
2969
2970
2970
2971
2971
2973
2974
2974
2975
2976
2976
2977
2980
2980
2980
2981
2981
2984
2984
2985
2986
2986
2988
2990
2991
2992
2993
2993
2995
2997
2997
2997
3000
3001
3001
3002
3002
3002
3003
3003
3005
3007
3007
3008
3010
3010
3012
3012
3015
3015
3016
3016
3017
3017
3017
3017
3018
3018
3018
3019
3021
3022
3023
3026
3026
3028
3028
3028
3029
3030
3031
3031
3032
3033
3034
3035
3036
3037
3038
3038
3038
3040
3040
3041
3041
3042
3042
3044
3044
3044
3044
3045
3048
3049
3049
3054
3054
3055
3058
3059
3060
3061
3062
3065
3067
3068
3068
3069
3070
3071
3073
3073
3074
3075
3076
3077
3078
3079
3079
3079
3081
3083
3084
3085
3086
3086
3087
3088
3089
3089
3090
3090
3092
3094
3098
3098
3101
3103
3105
3110
3111
3111
3112
3113
3113
3117
3117
3120
3121
3124
3125
3126
3128
3128
3129
3129
3131
3133
3135
3136
3136
3137
3137
3138
3138
3138
3140
3140
3140
3141
3144
3145
3151
3151
3152
3152
3154
3154
3154
3157
3157
3158
3159
3163
3165
3165
3165
3170
3174
3176
3177
3177
3178
3179
3181
3182
3184
3184
3185
3185
3185
3186
3186
3187
3187
3188
3188
3189
3189
3189
3190
3191
3191
3191
3195
3199
3200
3202
3202
3202
3203
3204
3204
3204
3205
3206
3206
3207
3207
3208
3210
3211
3211
3213
3214
3215
3215
3217
3217
3218
3219
3219
3220
3221
3224
3227
3228
3231
3231
3232
3234
3235
3236
3236
3238
3246
3246
3246
3246
3247
3248
3249
3250
3250
3253
3253
3253
3254
3254
3254
3255
3256
3258
3259
3262
3265
3265
3267
3268
3270
3273
3274
3274
3274
3274
3275
3275
3275
3276
3277
3277
3277
3277
3277
3278
3281
3283
3283
3283
3285
3285
3285
3285
3286
3287
3288
3290
3290
3293
3295
3295
3296
3296
3296
3296
3297
3298
3298
3300
3302
3303
3305
3307
3308
3308
3310
3310
3312
3312
3314
3315
3315
3315
3316
3316
3316
3317
3320
3321
3322
3322
3324
3328
3328
3329
3329
3330
3330
3331
3332
3334
3334
3334
3335
3336
3338
3338
3338
3340
3341
3341
3346
3347
3348
3349
3350
3351
3351
3352
3352
3359
3360
3362
3363
3363
3364
3364
3365
3366
3369
3370
3370
3370
3370
3372
3372
3372
3373
3375
3375
3375
3376
3379
3379
3381
3381
3384
3386
3386
3390
3391
3393
3393
3395
3396
3398
3402
3403
3403
3405
3405
3406
3406
3407
3407
3408
3410
3410
3410
3410
3411
3415
3415
3415
3416
3416
3416
3417
3417
3419
3419
3419
3421
3422
3425
3426
3427
3429
3430
3430
3430
3430
3430
3431
3432
3433
3433
3435
3436
3437
3438
3438
3440
3442
3442
3446
3447
3448
3448
3450
3451
3452
3452
3455
3456
3456
3457
3458
3459
3460
3461
3462
3463
3464
3465
3466
3466
3468
3468
3468
3471
3471
3472
3472
3472
3474
3477
3479
3479
3479
3481
3483
3483
3483
3484
3485
3487
3487
3487
3489
3490
3491
3492
3497
3497
3497
3498
3498
3498
3498
3499
3499
3501
3501
3502
3503
3504
3507
3508
3508
3508
3509
3510
3512
3513
3513
3513
3514
3516
3516
3516
3517
3518
3519
3521
3521
3522
3523
3523
3526
3529
3530
3531
3531
3532
3532
3533
3535
3536
3536
3538
3539
3541
3543
3543
3543
3544
3545
3545
3545
3545
3545
3546
3547
3547
3548
3549
3549
3549
3550
3551
3552
3552
3553
3556
3557
3558
3559
3560
3561
3561
3562
3563
3563
3564
3564
3565
3565
3565
3567
3568
3570
3570
3571
3576
3576
3577
3577
3578
3580
3580
3581
3582
3586
3588
3589
3589
3589
3596
3598
3599
3600
3602
3602
3604
3605
3605
3606
3607
3608
3610
3610
3610
3611
3611
3612
3613
3615
3617
3617
3618
3620
3621
3623
3623
3623
3623
3624
3624
3624
3625
3627
3627
3627
3628
3629
3632
3633
3633
3634
3634
3635
3635
3636
3637
3638
3638
3640
3642
3643
3644
3644
3645
3646
3646
3647
3648
3648
3649
3649
3650
3651
3651
3652
3653
3653
3653
3654
3654
3654
3655
3655
3656
3656
3658
3660
3662
3665
3669
3670
3670
3671
3673
3678
3679
3680
3680
3683
3684
3685
3686
3688
3688
3688
3690
3690
3691
3691
3691
3693
3694
3695
3695
3699
3699
3700
3701
3701
3701
3704
3705
3707
3707
3708
3709
3710
3711
3711
3712
3715
3715
3715
3717
3718
3719
3720
3721
3721
3724
3724
3728
3730
3731
3731
3733
3734
3734
3736
3737
3738
3739
3740
3743
3744
3744
3745
3745
3747
3747
3748
3748
3750
3750
3750
3751
3753
3754
3756
3756
3757
3759
3760
3760
3762
3763
3764
3765
3766
3769
3769
3770
3771
3771
3773
3773
3775
3776
3776
3777
3777
3777
3779
3780
3781
3781
3782
3782
3782
3783
3783
3788
3789
3789
3790
3792
3792
3793
3793
3794
3794
3796
3796
3796
3797
3797
3802
3802
3803
3805
3806
3808
3809
3811
3812
3812
3813
3814
3817
3817
3817
3818
3819
3820
3821
3822
3822
3823
3823
3826
3826
3830
3830
3831
3832
3833
3834
3834
3834
3835
3839
3841
3841
3845
3846
3847
3848
3850
3851
3851
3851
3854
3854
3854
3854
3855
3858
3859
3859
3863
3864
3866
3868
3870
3873
3874
3875
3877
3877
3878
3879
3879
3879
3880
3881
3884
3885
3885
3885
3886
3886
3887
3889
3890
3892
3892
3894
3898
3899
3899
3900
3900
3901
3902
3902
3903
3904
3904
3904
3905
3905
3907
3907
3907
3911
3912
3915
3915
3916
3916
3916
3916
3916
3917
3919
3919
3920
3921
3922
3922
3922
3922
3924
3925
3925
3926
3926
3926
3929
3929
3932
3933
3936
3936
3936
3937
3937
3939
3939
3939
3939
3939
3939
3940
3940
3941
3943
3944
3948
3948
3949
3951
3952
3956
3957
3959
3961
3961
3963
3966
3966
3967
3968
3968
3968
3970
3971
3971
3972
3972
3973
3977
3977
3979
3979
3979
3983
3983
3985
3985
3988
3990
3992
3997
3999
3999
3999
3999
4002
4003
4004
4005
4005
4006
4007
4008
4008
4008
4010
4010
4011
4012
4012
4013
4013
4013
4013
4016
4016
4019
4020
4021
4021
4022
4022
4022
4023
4023
4026
4027
4029
4032
4032
4032
4032
4033
4034
4038
4039
4041
4042
4042
4042
4043
4043
4043
4045
4046
4047
4047
4051
4051
4052
4053
4054
4054
4055
4055
4055
4056
4057
4059
4061
4062
4063
4064
4064
4065
4066
4068
4068
4070
4072
4072
4074
4075
4076
4078
4079
4080
4084
4085
4086
4088
4089
4090
4091
4091
4092
4093
4094
4094
4095
4095
4099
4099
4101
4102
4104
4104
4105
4105
4106
4107
4107
4109
4109
4111
4113
4113
4115
4115
4115
4118
4119
4121
4123
4125
4126
4127
4128
4129
4130
4135
4138
4139
4139
4139
4140
4140
4140
4142
4142
4145
4147
4147
4148
4148
4148
4148
4150
4153
4154
4155
4155
4156
4157
4158
4158
4158
4160
4160
4165
4166
4168
4170
4170
4173
4174
4174
4174
4175
4178
4179
4179
4180
4181
4182
4183
4183
4185
4186
4187
4188
4189
4191
4191
4192
4194
4194
4194
4194
4195
4195
4196
4196
4196
4198
4199
4199
4200
4200
4202
4205
4206
4207
4207
4210
4212
4212
4215
4220
4220
4221
4222
4222
4223
4224
4224
4225
4225
4225
4229
4229
4229
4231
4232
4233
4234
4235
4237
4238
4238
4239
4239
4239
4245
4245
4246
4247
4247
4247
4250
4251
4251
4253
4253
4253
4254
4254
4256
4259
4260
4261
4262
4262
4263
4264
4268
4272
4274
4274
4274
4276
4277
4277
4278
4278
4279
4281
4281
4283
4283
4283
4286
4287
4288
4291
4293
4296
4297
4297
4298
4300
4302
4302
4302
4303
4305
4307
4307
4309
4309
4310
4310
4310
4312
4312
4314
4317
4319
4319
4322
4325
4325
4326
4330
4332
4332
4332
4333
4333
4334
4335
4347
4347
4347
4348
4349
4349
4350
4351
4353
4353
4354
4354
4354
4354
4355
4358
4359
4363
4363
4365
4367
4369
4370
4370
4371
4372
4375
4376
4376
4377
4379
4380
4381
4382
4384
4385
4386
4386
4386
4387
4388
4388
4388
4388
4390
4391
4391
4392
4392
4394
4395
4396
4396
4396
4397
4397
4399
4400
4400
4402
4402
4403
4403
4407
4407
4407
4408
4410
4411
4412
4412
4413
4414
4417
4419
4421
4421
4421
4422
4422
4423
4424
4424
4425
4425
4427
4428
4428
4428
4429
4431
4432
4433
4433
4435
4438
4439
4441
4442
4443
4447
4447
4448
4450
4450
4450
4450
4450
4451
4451
4452
4453
4459
4459
4460
4460
4460
4460
4461
4461
4462
4463
4464
4467
4467
4470
4472
4473
4474
4476
4479
4480
4480
4481
4483
4484
4484
4484
4486
4486
4486
4487
4488
4488
4488
4489
4492
4493
4495
4495
4496
4497
4498
4498
4499
4499
4500
4501
4503
4504
4505
4505
4506
4507
4507
4508
4510
4511
4511
4512
4512
4515
4516
4517
4517
4517
4521
4522
4522
4522
4523
4523
4524
4524
4526
4527
4528
4528
4530
4531
4531
4532
4534
4537
4538
4538
4539
4540
4542
4542
4544
4546
4547
4549
4552
4552
4555
4556
4557
4557
4559
4560
4560
4560
4560
4561
4562
4562
4563
4566
4566
4567
4568
4568
4570
4570
4573
4578
4579
4580
4581
4581
4582
4582
4583
4585
4587
4589
4592
4594
4594
4595
4596
4596
4597
4598
4598
4599
4600
4600
4601
4601
4602
4602
4603
4604
4604
4606
4606
4607
4608
4610
4611
4611
4615
4616
4616
4618
4618
4619
4620
4620
4624
4625
4625
4626
4627
4629
4629
4630
4630
4630
4633
4634
4634
4635
4636
4637
4638
4639
4640
4640
4640
4640
4642
4643
4643
4645
4647
4648
4649
4650
4651
4651
4652
4652
4652
4652
4655
4658
4659
4659
4660
4661
4663
4665
4666
4667
4668
4670
4670
4671
4672
4674
4675
4676
4678
4679
4681
4681
4682
4682
4682
4682
4683
4683
4685
4685
4686
4686
4687
4687
4689
4689
4689
4690
4691
4691
4693
4695
4696
4696
4697
4699
4699
4700
4702
4702
4703
4704
4704
4706
4708
4710
4711
4711
4712
4712
4713
4714
4714
4718
4719
4720
4721
4721
4723
4723
4723
4727
4730
4731
4735
4736
4739
4740
4742
4743
4743
4743
4746
4746
4746
4746
4752
4752
4752
4752
4752
4752
4754
4754
4754
4755
4758
4758
4759
4759
4762
4765
4766
4766
4767
4768
4769
4770
4770
4772
4772
4774
4775
4775
4775
4776
4779
4779
4779
4780
4781
4781
4782
4783
4783
4784
4786
4787
4787
4788
4788
4788
4790
4790
4791
4791
4792
4792
4793
4794
4797
4800
4802
4803
4804
4806
4806
4807
4807
4807
4809
4810
4811
4812
4814
4814
4818
4820
4824
4828
4828
4830
4831
4832
4832
4834
4834
4834
4836
4837
4837
4837
4838
4838
4838
4839
4840
4841
4842
4844
4845
4846
4846
4846
4847
4847
4848
4851
4853
4854
4855
4856
4857
4859
4859
4859
4862
4863
4863
4868
4869
4870
4870
4874
4874
4876
4878
4878
4880
4881
4882
4882
4883
4884
4886
4886
4887
4887
4887
4887
4888
4889
4889
4891
4891
4892
4892
4892
4894
4895
4895
4896
4896
4896
4898
4898
4899
4899
4901
4903
4905
4906
4907
4909
4909
4909
4909
4912
4913
4915
4915
4916
4916
4918
4918
4919
4919
4921
4921
4923
4923
4924
4924
4927
4928
4931
4931
4931
4932
4933
4933
4934
4937
4937
4938
4940
4940
4941
4942
4942
4948
4950
4952
4953
4955
4956
4956
4959
4960
4963
4965
4968
4968
4969
4971
4972
4972
4973
4973
4976
4977
4978
4978
4979
4979
4981
4981
4983
4985
4986
4988
4989
4991
4993
4994
4994
4994
4996
4997
4999
5004
5004
5006
5007
5009
5009
5009
5010
5011
5012
5012
5015
5017
5019
5019
5019
5021
5021
5022
5023
5024
5024
5026
5027
5027
5027
5028
5029
5033
5034
5034
5037
5038
5039
5040
5040
5041
5042
5043
5044
5046
5046
5047
5047
5048
5048
5050
5050
5054
5054
5054
5054
5056
5056
5057
5057
5058
5059
5059
5060
5062
5063
5063
5064
5065
5065
5065
5066
5067
5067
5068
5068
5069
5070
5072
5073
5075
5075
5075
5078
5078
5079
5081
5082
5083
5084
5085
5087
5090
5090
5091
5092
5093
5095
5096
5096
5097
5097
5097
5098
5099
5100
5101
5102
5102
5104
5105
5105
5105
5105
5106
5106
5107
5108
5109
5112
5112
5113
5114
5114
5120
5123
5124
5126
5127
5128
5129
5129
5129
5130
5131
5131
5132
5135
5135
5136
5139
5140
5141
5141
5142
5145
5145
5147
5149
5150
5153
5153
5153
5155
5155
5158
5161
5161
5162
5162
5162
5163
5165
5166
5167
5167
5168
5170
5170
5171
5172
5172
5176
5176
5177
5179
5180
5180
5181
5181
5181
5181
5182
5182
5184
5185
5186
5189
5189
5190
5190
5193
5193
5193
5193
5195
5195
5197
5198
5199
5201
5202
5202
5203
5203
5203
5204
5205
5205
5205
5206
5207
5208
5209
5209
5211
5211
5212
5213
5213
5213
5218
5220
5222
5222
5223
5223
5223
5223
5224
5224
5225
5225
5225
5225
5228
5228
5232
5233
5235
5235
5235
5239
5241
5242
5243
5243
5243
5245
5250
5252
5253
5254
5258
5258
5260
5263
5265
5265
5266
5267
5267
5267
5268
5269
5269
5271
5272
5273
5273
5274
5275
5276
5277
5277
5278
5279
5280
5282
5282
5284
5284
5285
5289
5293
5293
5293
5294
5294
5295
5295
5297
5299
5299
5300
5301
5302
5305
5305
5306
5309
5313
5317
5317
5318
5320
5320
5322
5322
5322
5323
5323
5326
5326
5327
5327
5329
5330
5331
5334
5334
5334
5334
5335
5335
5335
5336
5337
5340
5340
5341
5342
5342
5344
5346
5350
5354
5354
5354
5355
5358
5361
5362
5362
5364
5365
5366
5367
5368
5370
5370
5371
5372
5372
5373
5374
5376
5376
5377
5377
5377
5377
5379
5380
5380
5380
5380
5381
5381
5382
5384
5385
5385
5385
5385
5386
5387
5388
5388
5389
5390
5391
5392
5394
5395
5397
5397
5398
5398
5399
5400
5401
5405
5405
5406
5407
5408
5408
5410
5413
5416
5420
5421
5421
5422
5422
5425
5427
5428
5429
5429
5430
5434
5437
5440
5443
5443
5445
5447
5448
5448
5449
5449
5450
5450
5450
5451
5452
5453
5454
5455
5455
5457
5459
5460
5463
5464
5464
5465
5466
5468
5469
5470
5471
5471
5471
5471
5472
5474
5475
5476
5477
5477
5477
5478
5483
5483
5484
5484
5484
5485
5485
5485
5486
5488
5488
5489
5490
5490
5490
5490
5491
5492
5493
5493
5494
5494
5494
5495
5495
5500
5500
5502
5506
5506
5507
5507
5509
5509
5509
5509
5511
5511
5512
5513
5514
5514
5514
5514
5514
5515
5515
5516
5516
5517
5517
5517
5518
5520
5521
5522
5522
5523
5525
5526
5527
5527
5529
5529
5529
5530
5530
5531
5531
5533
5533
5533
5537
5537
5538
5539
5539
5539
5540
5541
5541
5541
5542
5545
5547
5548
5548
5550
5551
5552
5552
5555
5559
5560
5560
5564
5564
5565
5568
5569
5570
5570
5572
5572
5572
5573
5575
5576
5576
5578
5578
5580
5581
5583
5585
5586
5590
5591
5591
5592
5592
5592
5594
5594
5600
5602
5604
5605
5605
5605
5608
5609
5612
5612
5613
5613
5614
5614
5616
5617
5619
5621
5622
5622
5623
5623
5624
5624
5625
5625
5625
5626
5626
5627
5628
5628
5628
5629
5629
5630
5632
5634
5635
5636
5636
5637
5640
5642
5642
5643
5644
5645
5645
5648
5650
5651
5651
5652
5652
5652
5654
5655
5656
5656
5656
5657
5658
5658
5660
5660
5662
5662
5662
5663
5663
5663
5664
5665
5667
5668
5668
5669
5670
5670
5670
5671
5671
5673
5674
5674
5676
5677
5677
5677
5678
5678
5678
5679
5681
5681
5681
5682
5684
5684
5685
5687
5688
5689
5689
5690
5694
5695
5695
5696
5696
5696
5698
5699
5699
5700
5701
5702
5703
5703
5703
5704
5713
5716
5716
5718
5718
5718
5718
5718
5719
5721
5722
5723
5724
5724
5724
5726
5726
5727
5727
5728
5728
5728
5729
5730
5731
5731
5732
5734
5735
5736
5736
5737
5737
5738
5739
5740
5741
5742
5743
5743
5743
5744
5744
5745
5745
5746
5746
5749
5750
5750
5750
5750
5754
5756
5756
5758
5761
5762
5762
5762
5763
5764
5765
5766
5767
5768
5768
5770
5776
5777
5777
5780
5780
5780
5781
5781
5782
5783
5784
5784
5785
5788
5790
5790
5792
5794
5796
5796
5796
5798
5799
5800
5801
5801
5802
5803
5804
5804
5806
5808
5810
5810
5811
5813
5813
5814
5815
5815
5816
5818
5823
5825
5826
5828
5828
5829
5830
5837
5837
5838
5839
5840
5840
5840
5841
5842
5842
5843
5843
5843
5844
5844
5845
5847
5848
5849
5850
5851
5852
5852
5852
5852
5855
5855
5856
5856
5858
5860
5864
5866
5871
5872
5873
5874
5874
5875
5876
5878
5878
5878
5878
5879
5880
5881
5882
5882
5883
5884
5884
5884
5884
5886
5888
5888
5888
5888
5889
5890
5891
5894
5897
5900
5901
5901
5901
5904
5904
5905
5906
5908
5909
5911
5911
5911
5912
5914
5914
5914
5915
5915
5916
5917
5920
5920
5922
5922
5923
5924
5927
5928
5929
5929
5930
5930
5931
5932
5932
5932
5933
5935
5936
5937
5938
5939
5940
5941
5942
5943
5943
5944
5944
5946
5946
5947
5947
5948
5948
5948
5948
5949
5950
5950
5950
5951
5951
5952
5952
5953
5955
5956
5956
5956
5960
5961
5961
5964
5965
5967
5967
5968
5969
5970
5970
5971
5971
5971
5975
5977
5977
5980
5981
5981
5981
5982
5986
5988
5991
5991
5992
5994
5994
5996
5998
5999
5999
6002
6003
6004
6005
6006
6009
6010
6010
6012
6013
6013
6014
6015
6016
6019
6020
6021
6022
6022
6022
6023
6023
6024
6024
6025
6028
6028
6030
6030
6031
6033
6033
6034
6034
6036
6036
6039
6042
6042
6044
6045
6045
6045
6046
6047
6048
6048
6048
6049
6051
6052
6052
6052
6056
6056
6056
6056
6057
6059
6059
6061
6062
6063
6065
6066
6067
6068
6069
6070
6070
6070
6070
6071
6073
6074
6074
6075
6076
6077
6077
6078
6079
6079
6079
6079
6080
6080
6081
6081
6084
6087
6088
6089
6089
6090
6091
6091
6091
6092
6092
6092
6093
6095
6097
6099
6099
6099
6100
6101
6103
6104
6106
6107
6107
6108
6110
6110
6113
6113
6114
6115
6115
6117
6119
6119
6121
6121
6124
6126
6128
6128
6130
6130
6131
6131
6131
6131
6132
6132
6133
6133
6134
6135
6136
6138
6138
6141
6143
6143
6144
6145
6145
6146
6146
6147
6151
6152
6153
6154
6155
6155
6155
6157
6158
6158
6158
6161
6161
6161
6162
6162
6163
6163
6165
6166
6166
6167
6167
6167
6168
6168
6171
6171
6171
6171
6172
6173
6173
6173
6175
6177
6177
6178
6178
6181
6181
6181
6184
6184
6185
6185
6185
6186
6187
6187
6188
6189
6189
6190
6190
6191
6193
6193
6194
6196
6198
6198
6201
6201
6201
6202
6202
6205
6207
6207
6208
6208
6209
6209
6212
6213
6215
6218
6218
6219
6221
6221
6221
6222
6223
6223
6225
6225
6227
6227
6228
6229
6229
6231
6234
6235
6236
6237
6237
6238
6239
6239
6241
6241
6243
6244
6246
6247
6248
6249
6249
6250
6251
6256
6256
6258
6258
6261
6264
6264
6265
6265
6266
6266
6267
6267
6268
6270
6271
6275
6277
6277
6279
6279
6281
6285
6288
6289
6291
6291
6292
6292
6292
6293
6293
6295
6296
6296
6296
6299
6299
6300
6301
6303
6304
6307
6307
6308
6310
6311
6313
6314
6315
6316
6316
6317
6318
6318
6319
6319
6320
6320
6321
6321
6322
6322
6323
6324
6325
6328
6329
6330
6335
6335
6335
6335
6336
6337
6338
6340
6341
6342
6342
6343
6343
6346
6346
6347
6347
6349
6350
6350
6351
6354
6356
6356
6358
6358
6361
6362
6364
6364
6364
6367
6368
6369
6369
6371
6371
6373
6374
6375
6375
6376
6376
6377
6377
6377
6378
6379
6379
6380
6384
6386
6387
6388
6390
6391
6392
6393
6394
6396
6398
6399
6401
6401
6402
6402
6403
6404
6405
6408
6409
6409
6412
6412
6413
6414
6414
6415
6417
6418
6418
6420
6421
6424
6426
6430
6430
6431
6434
6434
6434
6437
6438
6439
6440
6440
6440
6441
6442
6443
6444
6445
6445
6446
6447
6448
6449
6450
6452
6453
6453
6453
6454
6454
6455
6458
6458
6458
6459
6459
6460
6460
6460
6460
6461
6462
6463
6463
6463
6463
6464
6468
6469
6470
6470
6471
6471
6472
6473
6474
6475
6475
6476
6480
6480
6480
6480
6481
6481
6482
6483
6483
6484
6485
6487
6487
6489
6492
6493
6495
6495
6495
6497
6497
6497
6499
6499
6499
6499
6500
6500
6502
6502
6505
6505
6506
6506
6510
6511
6512
6512
6513
6513
6515
6516
6518
6519
6521
6522
6523
6526
6527
6529
6530
6533
6537
6538
6538
6539
6541
6541
6541
6544
6544
6545
6546
6546
6547
6548
6549
6549
6550
6551
6551
6552
6552
6553
6554
6555
6556
6557
6560
6561
6562
6563
6563
6564
6564
6567
6567
6567
6569
6569
6569
6569
6570
6571
6572
6572
6573
6574
6575
6576
6578
6578
6579
6582
6583
6583
6584
6586
6587
6587
6588
6593
6594
6595
6595
6595
6595
6595
6596
6597
6597
6597
6598
6599
6600
6600
6601
6601
6601
6602
6603
6604
6604
6606
6606
6606
6610
6612
6614
6614
6615
6617
6618
6619
6620
6620
6621
6622
6622
6622
6622
6622
6623
6623
6624
6626
6628
6628
6628
6628
6629
6629
6630
6630
6631
6632
6633
6633
6634
6637
6638
6639
6641
6641
6641
6644
6644
6645
6647
6648
6648
6650
6651
6651
6651
6652
6654
6654
6654
6655
6655
6658
6660
6662
6662
6663
6663
6663
6665
6665
6667
6670
6670
6672
6672
6673
6674
6674
6675
6678
6679
6679
6680
6681
6682
6683
6683
6683
6684
6685
6686
6686
6687
6689
6691
6691
6692
6693
6694
6696
6696
6696
6697
6697
6697
6698
6699
6700
6701
6701
6703
6705
6708
6708
6709
6709
6710
6710
6712
6712
6714
6714
6717
6717
6717
6718
6718
6719
6720
6721
6721
6724
6724
6724
6727
6727
6727
6728
6728
6731
6731
6731
6731
6732
6733
6735
6735
6736
6736
6736
6737
6738
6741
6741
6743
6743
6743
6743
6744
6745
6748
6748
6749
6749
6750
6751
6752
6752
6752
6752
6753
6756
6756
6759
6762
6763
6763
6765
6768
6768
6770
6771
6771
6774
6777
6779
6780
6782
6782
6785
6785
6786
6786
6786
6786
6787
6788
6789
6791
6792
6792
6792
6793
6793
6794
6795
6795
6796
6797
6798
6800
6801
6801
6804
6806
6806
6807
6807
6808
6812
6814
6814
6816
6817
6818
6821
6822
6824
6824
6824
6825
6826
6829
6829
6830
6832
6833
6833
6833
6834
6834
6835
6836
6836
6837
6837
6837
6838
6839
6840
6840
6844
6846
6846
6847
6848
6848
6848
6848
6849
6850
6851
6851
6851
6852
6853
6853
6854
6857
6859
6861
6861
6862
6862
6863
6864
6864
6866
6868
6868
6868
6868
6868
6873
6875
6875
6876
6876
6877
6878
6878
6879
6879
6880
6881
6882
6883
6883
6884
6885
6889
6891
6892
6892
6894
6894
6895
6895
6898
6899
6899
6899
6900
6902
6903
6906
6906
6906
6907
6907
6908
6909
6910
6910
6910
6911
6912
6912
6913
6914
6916
6916
6917
6918
6920
6920
6923
6924
6924
6925
6925
6925
6926
6927
6928
6929
6929
6930
6930
6931
6931
6933
6934
6935
6936
6937
6938
6940
6940
6940
6942
6943
6944
6944
6945
6946
6948
6949
6950
6950
6950
6951
6951
6952
6952
6953
6954
6954
6955
6955
6956
6957
6959
6959
6960
6961
6962
6963
6963
6964
6964
6965
6967
6969
6970
6970
6970
6970
6972
6972
6972
6976
6976
6976
6976
6976
6978
6979
6980
6980
6980
6981
6983
6983
6984
6987
6988
6988
6991
6993
6993
6995
6995
6996
6998
6998
7001
7001
7001
7003
7004
7005
7005
7007
7008
7008
7010
7011
7012
7013
7016
7017
7021
7021
7021
7022
7022
7024
7025
7025
7027
7027
7029
7029
7030
7030
7032
7033
7033
7034
7038
7038
7038
7038
7041
7042
7043
7044
7046
7047
7047
7048
7051
7051
7051
7053
7055
7056
7057
7057
7057
7058
7059
7060
7061
7061
7061
7062
7062
7062
7062
7063
7064
7064
7065
7067
7068
7070
7072
7072
7076
7077
7077
7077
7079
7079
7079
7080
7081
7081
7083
7083
7085
7088
7088
7090
7091
7092
7093
7095
7095
7095
7096
7096
7096
7097
7098
7098
7099
7102
7102
7102
7104
7108
7108
7109
7112
7114
7114
7116
7116
7117
7117
7117
7118
7118
7118
7118
7122
7122
7125
7126
7128
7129
7130
7130
7131
7132
7133
7133
7136
7136
7137
7137
7144
7145
7146
7146
7146
7148
7149
7150
7150
7151
7153
7153
7156
7157
7157
7159
7160
7160
7161
7162
7163
7165
7165
7166
7166
7170
7171
7172
7175
7176
7177
7177
7179
7179
7180
7180
7180
7181
7182
7182
7182
7183
7183
7185
7186
7187
7189
7190
7191
7192
7193
7193
7194
7196
7196
7196
7197
7198
7199
7200
7200
7201
7201
7201
7202
7203
7204
7204
7206
7206
7207
7208
7209
7209
7210
7210
7210
7212
7213
7216
7217
7218
7218
7218
7219
7219
7220
7222
7222
7223
7223
7223
7223
7225
7225
7225
7227
7228
7228
7228
7229
7229
7230
7230
7231
7231
7239
7239
7241
7241
7242
7243
7244
7246
7246
7248
7249
7250
7250
7250
7251
7252
7253
7255
7258
7259
7260
7260
7261
7262
7262
7264
7264
7264
7265
7267
7272
7273
7274
7276
7281
7282
7282
7283
7283
7284
7284
7285
7286
7286
7288
7289
7291
7293
7294
7294
7295
7295
7297
7298
7298
7300
7301
7302
7304
7304
7305
7306
7306
7307
7308
7308
7309
7310
7310
7310
7311
7312
7313
7313
7313
7313
7316
7316
7316
7316
7317
7317
7318
7319
7320
7322
7323
7326
7327
7328
7328
7328
7330
7330
7330
7331
7331
7332
7334
7335
7337
7338
7340
7340
7340
7340
7342
7343
7344
7344
7348
7348
7349
7352
7352
7353
7354
7356
7357
7357
7357
7357
7358
7358
7358
7360
7360
7360
7361
7361
7361
7362
7362
7362
7364
7364
7365
7366
7366
7366
7367
7367
7368
7369
7370
7370
7370
7370
7373
7373
7374
7374
7375
7375
7377
7378
7379
7379
7380
7380
7381
7383
7383
7384
7385
7385
7387
7387
7389
7389
7389
7389
7390
7392
7395
7396
7396
7397
7398
7398
7405
7409
7410
7410
7412
7414
7414
7417
7419
7420
7421
7421
7422
7423
7424
7425
7426
7429
7430
7434
7435
7435
7436
7437
7438
7438
7438
7439
7439
7439
7440
7441
7443
7445
7445
7447
7447
7449
7449
7450
7451
7451
7452
7456
7459
7459
7462
7462
7462
7463
7467
7467
7468
7470
7471
7472
7472
7473
7475
7476
7477
7478
7479
7480
7482
7484
7488
7489
7489
7489
7489
7490
7491
7493
7493
7494
7495
7495
7497
7497
7499
7499
7502
7502
7503
7503
7505
7505
7505
7506
7507
7508
7509
7509
7509
7510
7511
7511
7513
7515
7516
7516
7516
7516
7516
7517
7517
7520
7526
7526
7528
7530
7530
7530
7531
7531
7532
7532
7532
7533
7534
7534
7534
7534
7535
7535
7536
7536
7537
7538
7538
7538
7539
7540
7543
7545
7546
7546
7547
7548
7549
7549
7549
7550
7551
7552
7552
7554
7555
7557
7557
7558
7558
7560
7561
7562
7562
7562
7564
7564
7565
7566
7566
7567
7567
7567
7572
7572
7573
7573
7573
7573
7575
7579
7579
7581
7583
7584
7585
7585
7587
7588
7588
7588
7588
7588
7590
7592
7593
7593
7593
7593
7594
7595
7596
7596
7597
7598
7598
7599
7601
7601
7604
7605
7606
7607
7610
7610
7613
7616
7616
7617
7617
7617
7620
7621
7622
7622
7622
7623
7624
7624
7625
7625
7626
7626
7626
7627
7628
7628
7629
7630
7630
7631
7631
7631
7632
7632
7632
7633
7634
7637
7639
7640
7641
7643
7644
7644
7648
7649
7649
7650
7650
7652
7653
7655
7655
7655
7656
7659
7660
7660
7662
7663
7664
7664
7664
7665
7666
7666
7667
7667
7668
7669
7669
7674
7675
7676
7678
7679
7680
7680
7681
7684
7684
7686
7686
7686
7686
7688
7688
7689
7690
7694
7695
7695
7697
7701
7702
7702
7705
7707
7709
7709
7710
7711
7713
7713
7714
7716
7722
7723
7724
7724
7728
7729
7729
7730
7731
7732
7733
7734
7736
7736
7737
7739
7740
7742
7742
7742
7742
7743
7743
7744
7745
7745
7745
7749
7752
7752
7753
7759
7761
7761
7762
7763
7764
7764
7764
7764
7764
7765
7765
7766
7766
7766
7766
7770
7771
7771
7771
7772
7773
7774
7774
7774
7775
7776
7778
7781
7781
7782
7783
7786
7787
7788
7789
7789
7790
7791
7791
7794
7798
7799
7801
7804
7804
7804
7806
7810
7810
7811
7814
7814
7814
7814
7815
7815
7815
7817
7818
7820
7822
7823
7823
7824
7824
7828
7828
7829
7830
7830
7830
7832
7834
7836
7837
7837
7837
7839
7840
7840
7842
7843
7847
7847
7848
7848
7849
7849
7850
7852
7852
7852
7852
7853
7854
7854
7856
7857
7857
7858
7858
7859
7859
7859
7859
7860
7861
7862
7862
7863
7863
7863
7867
7874
7877
7877
7877
7878
7878
7880
7881
7882
7883
7884
7885
7887
7889
7889
7889
7890
7892
7892
7895
7895
7898
7901
7901
7902
7905
7906
7906
7906
7906
7908
7909
7910
7910
7913
7913
7915
7917
7919
7922
7922
7922
7922
7923
7923
7924
7924
7925
7925
7925
7926
7927
7928
7930
7930
7930
7931
7933
7933
7933
7935
7935
7935
7935
7938
7940
7941
7942
7942
7943
7943
7943
7944
7944
7945
7945
7947
7949
7950
7951
7953
7954
7955
7955
7956
7957
7957
7958
7958
7959
7960
7960
7962
7962
7963
7965
7966
7966
7967
7970
7970
7972
7975
7975
7976
7978
7979
7979
7980
7981
7984
7987
7988
7988
7989
7991
7991
7992
7993
7994
7994
7994
7997
7998
7998
7998
7999
7999
8002
8002
8002
8002
8003
8003
8004
8006
8006
8008
8008
8010
8011
8012
8014
8014
8015
8015
8015
8017
8020
8020
8020
8020
8021
8022
8023
8023
8023
8024
8025
8029
8030
8030
8031
8031
8032
8033
8033
8034
8035
8035
8036
8036
8038
8040
8040
8041
8043
8044
8044
8047
8051
8052
8053
8054
8056
8058
8059
8060
8060
8063
8063
8064
8064
8064
8065
8067
8067
8073
8076
8076
8078
8080
8082
8083
8084
8085
8087
8087
8088
8090
8091
8093
8093
8094
8096
8097
8098
8098
8098
8102
8102
8102
8104
8105
8106
8108
8109
8113
8113
8114
8115
8115
8116
8116
8119
8119
8121
8121
8121
8122
8122
8122
8123
8125
8125
8125
8125
8126
8126
8126
8127
8128
8131
8131
8132
8133
8134
8136
8138
8138
8139
8141
8142
8146
8146
8147
8149
8151
8152
8153
8153
8153
8154
8154
8155
8155
8156
8157
8158
8159
8160
8160
8161
8163
8164
8164
8166
8166
8168
8170
8173
8173
8174
8175
8175
8177
8179
8180
8183
8183
8184
8185
8187
8188
8189
8190
8191
8193
8193
8193
8193
8195
8196
8197
8199
8199
8200
8201
8202
8202
8202
8204
8205
8206
8206
8208
8208
8210
8212
8213
8213
8214
8215
8215
8215
8218
8219
8220
8221
8222
8222
8222
8222
8223
8223
8224
8224
8224
8226
8226
8226
8227
8228
8228
8230
8232
8233
8235
8236
8237
8237
8237
8238
8239
8239
8240
8240
8240
8241
8242
8243
8243
8243
8243
8246
8248
8251
8251
8253
8253
8255
8256
8256
8257
8257
8258
8259
8259
8261
8262
8265
8265
8267
8267
8268
8270
8270
8272
8273
8274
8278
8278
8278
8279
8279
8279
8280
8282
8286
8286
8287
8287
8289
8290
8291
8292
8292
8293
8295
8299
8299
8299
8299
8301
8302
8302
8303
8303
8304
8304
8306
8308
8308
8309
8309
8311
8311
8312
8312
8313
8314
8314
8314
8315
8316
8317
8317
8318
8319
8320
8320
8322
8322
8322
8323
8323
8325
8325
8325
8325
8327
8332
8336
8336
8337
8337
8337
8339
8340
8341
8342
8343
8344
8344
8346
8347
8347
8348
8350
8350
8350
8353
8355
8358
8358
8359
8359
8359
8361
8361
8362
8363
8363
8365
8366
8366
8368
8368
8369
8373
8375
8375
8375
8377
8380
8380
8380
8382
8382
8385
8385
8388
8390
8391
8393
8393
8394
8395
8397
8397
8400
8400
8400
8401
8402
8402
8402
8402
8403
8403
8404
8404
8405
8406
8406
8409
8410
8410
8412
8412
8413
8413
8414
8416
8416
8418
8418
8418
8419
8419
8419
8421
8422
8422
8423
8424
8424
8426
8426
8428
8429
8430
8430
8430
8432
8433
8433
8434
8434
8436
8436
8437
8438
8438
8438
8438
8440
8441
8441
8442
8444
8444
8444
8445
8445
8446
8448
8448
8448
8450
8451
8451
8452
8452
8453
8453
8456
8456
8456
8456
8456
8457
8458
8458
8461
8464
8467
8467
8468
8469
8470
8470
8471
8471
8477
8477
8480
8480
8480
8480
8482
8483
8485
8486
8486
8486
8486
8486
8488
8489
8489
8489
8491
8492
8493
8495
8495
8495
8498
8499
8499
8500
8502
8503
8507
8510
8512
8513
8515
8516
8516
8517
8517
8518
8521
8522
8522
8523
8526
8526
8527
8528
8529
8529
8530
8531
8535
8535
8536
8536
8538
8541
8542
8542
8544
8548
8549
8549
8550
8550
8551
8551
8551
8552
8557
8559
8559
8562
8564
8565
8566
8567
8567
8568
8570
8571
8571
8572
8573
8574
8575
8575
8576
8576
8577
8579
8580
8582
8583
8583
8587
8587
8589
8589
8589
8589
8589
8589
8590
8591
8591
8591
8591
8592
8594
8598
8599
8599
8599
8599
8600
8602
8602
8605
8606
8608
8608
8609
8609
8609
8610
8610
8611
8612
8613
8614
8614
8614
8614
8615
8616
8617
8618
8620
8620
8623
8626
8626
8626
8626
8627
8629
8630
8630
8631
8632
8632
8634
8634
8635
8637
8637
8637
8637
8638
8640
8640
8641
8644
8645
8646
8646
8647
8648
8650
8651
8652
8652
8654
8655
8658
8658
8659
8660
8663
8664
8665
8666
8666
8667
8668
8669
8670
8671
8672
8673
8673
8675
8676
8677
8679
8680
8682
8683
8684
8686
8690
8692
8692
8692
8693
8693
8694
8694
8696
8696
8697
8698
8701
8702
8707
8708
8709
8709
8710
8711
8712
8713
8715
8716
8716
8717
8719
8720
8720
8722
8722
8723
8724
8725
8725
8726
8727
8729
8732
8732
8735
8736
8736
8737
8738
8742
8742
8743
8744
8745
8745
8747
8747
8747
8749
8750
8750
8750
8756
8756
8757
8757
8759
8760
8760
8765
8765
8765
8767
8767
8768
8768
8768
8771
8771
8771
8774
8776
8778
8778
8778
8779
8779
8781
8782
8782
8783
8784
8785
8785
8786
8786
8791
8792
8792
8793
8794
8794
8796
8796
8799
8800
8801
8802
8804
8805
8805
8806
8807
8807
8808
8810
8811
8816
8818
8819
8820
8821
8824
8825
8826
8828
8828
8828
8828
8829
8830
8830
8832
8833
8833
8834
8835
8837
8839
8840
8843
8843
8846
8848
8849
8849
8850
8850
8852
8854
8854
8854
8854
8855
8856
8856
8857
8858
8861
8862
8863
8863
8863
8865
8865
8867
8868
8868
8869
8869
8870
8872
8873
8873
8874
8874
8876
8877
8877
8880
8880
8881
8881
8882
8883
8883
8883
8884
8886
8887
8889
8889
8891
8891
8892
8892
8892
8893
8894
8894
8894
8895
8896
8900
8900
8900
8903
8906
8907
8908
8908
8908
8908
8908
8910
8911
8911
8911
8913
8913
8914
8915
8915
8915
8922
8922
8922
8924
8924
8926
8926
8927
8927
8931
8932
8933
8933
8934
8935
8938
8939
8939
8939
8940
8941
8941
8942
8943
8949
8951
8951
8952
8953
8958
8958
8959
8959
8960
8961
8962
8963
8964
8965
8966
8966
8967
8971
8971
8972
8973
8973
8975
8976
8977
8979
8979
8980
8980
8980
8981
8981
8982
8984
8987
8987
8987
8988
8988
8989
8990
8991
8991
8992
8992
8992
8993
8997
8998
8998
8998
9000
9001
9001
9003
9004
9004
9007
9009
9010
9010
9011
9012
9012
9014
9014
9014
9016
9016
9018
9019
9019
9019
9020
9022
9023
9024
9026
9026
9027
9027
9028
9029
9029
9030
9030
9031
9032
9032
9032
9033
9033
9033
9033
9035
9036
9036
9036
9037
9039
9039
9039
9039
9040
9043
9045
9047
9048
9048
9048
9049
9049
9049
9050
9050
9050
9050
9057
9057
9060
9060
9061
9062
9062
9063
9064
9064
9065
9065
9066
9069
9070
9071
9073
9075
9075
9075
9077
9078
9078
9079
9081
9082
9085
9085
9086
9086
9088
9088
9090
9091
9092
9096
9098
9098
9098
9100
9101
9105
9105
9107
9108
9108
9108
9110
9111
9112
9112
9112
9113
9114
9114
9115
9115
9116
9116
9117
9118
9119
9122
9122
9123
9124
9125
9125
9126
9126
9129
9131
9132
9132
9133
9134
9134
9135
9136
9137
9137
9137
9138
9139
9142
9142
9143
9143
9143
9143
9144
9145
9145
9147
9147
9147
9149
9149
9149
9150
9152
9155
9157
9157
9157
9160
9161
9163
9165
9166
9166
9171
9171
9171
9172
9173
9173
9175
9178
9178
9180
9181
9181
9181
9183
9184
9184
9185
9186
9186
9186
9187
9188
9188
9189
9189
9189
9191
9192
9193
9194
9194
9194
9195
9198
9199
9199
9201
9204
9204
9206
9207
9208
9208
9210
9210
9211
9215
9215
9216
9217
9220
9220
9222
9222
9222
9223
9223
9224
9225
9225
9228
9230
9231
9231
9233
9234
9234
9235
9235
9235
9238
9239
9239
9241
9245
9246
9251
9251
9252
9255
9255
9256
9257
9257
9257
9258
9258
9259
9260
9260
9260
9260
9260
9261
9262
9262
9262
9263
9264
9268
9268
9268
9268
9269
9271
9272
9273
9278
9282
9287
9288
9288
9289
9290
9293
9293
9295
9296
9299
9302
9302
9303
9303
9304
9306
9308
9309
9312
9313
9313
9313
9315
9316
9316
9316
9317
9317
9318
9320
9320
9323
9324
9326
9328
9329
9329
9329
9329
9330
9332
9332
9333
9333
9338
9340
9340
9341
9341
9343
9345
9345
9346
9347
9347
9347
9347
9348
9348
9350
9351
9351
9352
9352
9352
9353
9354
9355
9356
9356
9357
9358
9358
9358
9358
9360
9362
9363
9363
9363
9364
9364
9366
9366
9368
9369
9369
9371
9372
9373
9373
9375
9379
9380
9381
9381
9381
9381
9382
9384
9384
9386
9387
9387
9391
9392
9392
9393
9395
9395
9397
9398
9399
9399
9400
9400
9404
9404
9406
9406
9407
9407
9407
9407
9407
9408
9408
9408
9410
9410
9412
9412
9413
9413
9413
9413
9414
9415
9417
9418
9418
9419
9421
9423
9425
9425
9425
9425
9426
9426
9429
9429
9431
9434
9437
9438
9438
9439
9439
9442
9443
9446
9446
9446
9448
9448
9449
9450
9450
9451
9451
9452
9452
9452
9452
9454
9455
9457
9457
9457
9457
9458
9458
9461
9461
9462
9466
9466
9467
9467
9469
9473
9473
9474
9476
9477
9478
9479
9481
9482
9482
9482
9485
9485
9487
9488
9489
9493
9494
9497
9498
9498
9499
9499
9499
9499
9500
9501
9502
9503
9504
9506
9506
9508
9509
9511
9511
9513
9516
9516
9516
9516
9517
9518
9519
9519
9522
9522
9524
9525
9526
9526
9526
9527
9534
9535
9537
9537
9538
9538
9539
9540
9541
9543
9544
9546
9548
9549
9553
9553
9554
9554
9555
9556
9557
9557
9558
9558
9558
9559
9560
9563
9563
9563
9563
9567
9567
9571
9572
9573
9573
9574
9575
9575
9576
9576
9577
9578
9579
9579
9579
9580
9581
9582
9582
9582
9583
9584
9584
9584
9585
9585
9585
9585
9586
9586
9588
9590
9590
9592
9592
9594
9594
9595
9596
9598
9598
9598
9600
9602
9602
9604
9604
9605
9605
9605
9608
9608
9609
9610
9610
9610
9612
9616
9616
9616
9616
9617
9617
9618
9619
9619
9620
9620
9621
9622
9623
9624
9625
9626
9627
9631
9631
9632
9632
9632
9633
9634
9636
9636
9636
9636
9637
9637
9641
9641
9642
9646
9646
9646
9647
9648
9648
9649
9649
9649
9652
9652
9654
9654
9656
9656
9657
9658
9658
9659
9659
9662
9663
9663
9664
9664
9665
9665
9665
9666
9667
9667
9667
9668
9669
9669
9669
9671
9672
9672
9674
9674
9676
9679
9680
9681
9685
9685
9686
9687
9689
9689
9694
9694
9695
9698
9698
9698
9700
9702
9705
9706
9706
9706
9708
9709
9712
9715
9717
9719
9720
9720
9722
9724
9724
9727
9727
9729
9729
9732
9732
9732
9733
9733
9737
9738
9738
9740
9740
9741
9742
9743
9745
9745
9746
9747
9748
9750
9751
9751
9751
9752
9752
9753
9754
9755
9756
9756
9757
9758
9759
9760
9760
9760
9761
9762
9765
9766
9766
9768
9768
9771
9772
9773
9773
9775
9775
9776
9776
9778
9779
9780
9781
9781
9782
9782
9783
9786
9786
9786
9788
9789
9790
9790
9790
9791
9793
9794
9794
9795
9795
9796
9797
9797
9798
9798
9799
9801
9802
9804
9804
9806
9806
9808
9809
9809
9809
9811
9813
9815
9815
9815
9819
9822
9822
9824
9824
9825
9826
9826
9826
9828
9830
9830
9832
9836
9837
9837
9839
9839
9844
9846
9847
9848
9848
9850
9850
9851
9851
9853
9854
9854
9855
9856
9858
9860
9860
9860
9861
9861
9863
9863
9864
9865
9865
9869
9870
9872
9873
9875
9875
9875
9876
9876
9876
9877
9879
9881
9885
9886
9887
9887
9887
9887
9889
9890
9891
9891
9893
9893
9894
9894
9894
9895
9896
9896
9898
9902
9902
9904
9904
9905
9906
9907
9907
9907
9908
9909
9910
9911
9913
9913
9915
9915
9917
9917
9918
9918
9918
9920
9922
9923
9923
9925
9926
9927
9927
9929
9929
9929
9933
9933
9934
9934
9934
9935
9936
9937
9937
9937
9938
9939
9940
9941
9942
9942
9942
9942
9943
9943
9944
9945
9946
9946
9949
9950
9952
9952
9952
9952
9953
9954
9954
9954
9954
9955
9955
9955
9956
9956
9957
9957
9962
9963
9963
9964
9964
9964
9966
9968
9968
9969
9969
9971
9971
9971
9972
9975
9975
9976
9977
9978
9978
9979
9981
9982
9989
9990
9990
9990
9992
9993
9993
9995
9996
9997
9998
9998
9998
9999
9999
