0
0
1
2
2
4
6
6
7
11
13
14
15
15
17
18
18
20
20
20
22
22
22
23
25
25
27
30
32
32
34
36
37
45
45
46
46
47
47
47
48
49
49
50
50
52
55
55
55
55
55
58
60
61
63
63
65
66
67
70
70
71
71
74
74
76
78
81
82
83
84
86
88
88
88
91
91
93
95
95
96
96
97
98
99
99
100
101
101
102
102
104
104
105
106
107
107
108
108
110
110
110
113
114
117
119
124
124
126
128
129
130
131
131
132
132
138
138
139
139
140
140
141
142
145
145
148
149
150
150
150
152
152
152
156
156
156
157
159
159
159
160
163
163
164
166
167
167
168
168
171
172
176
176
177
177
177
179
179
180
180
181
181
182
184
186
186
188
189
190
192
193
193
194
195
198
198
202
202
203
203
204
204
204
204
205
205
207
208
213
215
218
221
222
222
225
226
226
228
229
230
231
231
232
232
233
236
237
237
238
239
240
240
241
242
242
242
244
249
250
251
253
255
257
257
258
260
260
262
262
262
264
265
267
268
270
271
273
273
274
275
276
278
279
280
280
280
282
282
283
284
284
286
287
287
287
291
291
294
295
298
298
298
299
299
299
300
300
303
304
307
308
311
313
313
314
314
314
315
315
316
316
319
323
323
323
323
324
325
325
327
327
327
328
328
330
332
332
334
338
339
340
341
342
342
343
343
343
343
344
345
346
347
347
350
350
350
351
353
354
355
355
356
358
362
365
365
366
366
368
368
369
371
371
372
373
373
374
374
377
378
379
379
382
383
384
384
388
391
391
392
393
394
394
396
397
397
399
401
402
404
405
406
406
406
407
407
408
409
409
410
411
416
416
418
418
421
422
423
423
424
424
426
426
428
428
428
429
429
429
430
430
431
432
432
433
434
435
435
437
438
439
440
440
441
441
441
442
442
443
443
444
444
444
446
446
446
447
447
449
449
449
452
454
454
454
456
460
462
463
463
463
463
466
466
469
469
470
470
470
472
474
474
476
484
484
484
485
486
487
488
490
490
490
491
491
491
492
492
492
492
495
495
495
496
498
498
500
500
501
501
501
501
502
503
503
504
505
507
507
508
509
509
510
511
511
513
514
516
518
519
523
524
524
525
526
526
528
529
530
530
531
532
533
534
535
535
536
537
541
541
542
542
543
544
544
545
545
545
547
547
551
551
553
553
553
554
554
555
555
555
556
557
558
558
559
560
564
565
565
566
567
567
568
568
568
570
570
572
573
576
576
578
578
578
580
581
581
582
582
582
583
583
585
586
588
588
592
593
594
595
598
599
599
601
601
602
603
607
610
610
611
613
613
614
615
616
616
616
616
616
616
617
618
618
619
620
622
622
624
624
626
626
632
633
633
634
634
635
635
636
637
638
638
639
639
640
640
640
642
642
643
643
643
643
644
644
645
645
646
646
648
648
649
649
649
650
653
653
654
654
655
655
655
655
659
662
663
663
664
666
667
668
668
668
669
670
670
671
672
672
674
676
677
678
679
680
682
683
684
685
687
687
688
688
689
689
690
693
693
693
694
697
698
699
699
702
703
704
705
708
709
709
710
710
710
711
711
712
712
713
713
713
716
717
717
718
719
719
720
722
725
727
728
730
731
733
734
734
734
735
740
741
741
744
745
747
750
752
753
753
754
754
754
755
756
757
758
761
762
764
764
764
765
765
767
769
769
769
769
770
772
772
773
773
774
775
775
775
776
777
777
778
780
783
785
786
786
787
788
792
792
794
794
795
797
798
798
800
801
802
803
803
804
804
806
807
807
808
809
811
811
814
815
815
815
818
818
819
820
821
822
824
825
826
827
828
829
830
831
832
834
836
836
836
836
837
837
838
840
841
841
845
845
847
847
848
849
850
851
851
852
853
854
854
856
856
857
857
860
862
862
863
864
864
865
865
865
865
867
868
869
869
871
871
872
872
872
872
873
874
875
876
877
878
880
880
880
881
883
883
884
885
885
885
885
886
887
887
888
888
889
891
891
892
894
898
898
899
899
900
901
903
904
905
911
912
913
914
917
918
918
919
921
923
924
924
925
926
927
930
930
930
935
935
935
938
938
939
942
942
942
944
944
945
945
946
947
948
951
953
954
955
958
959
959
960
965
965
968
968
968
969
969
969
970
970
970
971
971
971
973
975
975
976
976
976
977
978
981
982
982
983
983
986
986
988
989
990
992
994
994
994
994
994
995
995
996
996
998
998
998
998
998
999
1000
1004
1005
1005
1006
1006
1009
1009
1010
1011
1011
1012
1012
1012
1013
1014
1015
1015
1016
1016
1018
1018
1022
1023
1023
1024
1024
1025
1026
1027
1028
1030
1030
1031
1031
1032
1032
1034
1036
1041
1042
1042
1043
1044
1044
1045
1045
1047
1048
1048
1049
1051
1051
1051
1053
1055
1055
1057
1057
1058
1059
1060
1061
1062
1063
1063
1063
1064
1065
1066
1067
1067
1070
1070
1071
1072
1072
1072
1072
1073
1073
1074
1074
1074
1074
1074
1075
1076
1077
1077
1078
1080
1080
1080
1082
1084
1086
1086
1087
1088
1089
1089
1089
1090
1091
1091
1093
1093
1094
1094
1096
1097
1098
1099
1100
1100
1101
1101
1104
1104
1105
1105
1106
1106
1108
1109
1109
1110
1111
1112
1113
1113
1116
1116
1117
1118
1118
1119
1120
1120
1121
1124
1124
1124
1125
1126
1126
1128
1129
1129
1130
1130
1132
1134
1136
1139
1141
1141
1141
1142
1145
1145
1145
1147
1149
1149
1149
1149
1149
1152
1154
1157
1157
1158
1159
1160
1161
1162
1169
1169
1171
1171
1172
1173
1175
1176
1177
1178
1179
1180
1181
1183
1183
1186
1186
1186
1186
1186
1187
1187
1189
1192
1193
1193
1193
1193
1194
1195
1195
1196
1197
1199
1199
1202
1202
1202
1203
1204
1204
1207
1208
1210
1212
1212
1212
1213
1215
1216
1217
1221
1221
1222
1223
1224
1224
1227
1227
1227
1227
1228
1229
1229
1230
1231
1234
1234
1234
1234
1237
1238
1239
1241
1242
1243
1243
1243
1243
1244
1244
1245
1246
1248
1248
1248
1249
1250
1250
1250
1251
1252
1252
1252
1253
1254
1254
1254
1254
1256
1256
1257
1257
1258
1259
1260
1260
1261
1263
1264
1264
1265
1265
1265
1266
1266
1266
1267
1268
1269
1269
1269
1270
1270
1274
1275
1275
1279
1280
1280
1280
1281
1282
1282
1282
1282
1283
1284
1285
1285
1287
1287
1289
1290
1290
1291
1291
1292
1293
1293
1294
1297
1298
1299
1299
1299
1301
1302
1303
1306
1306
1308
1308
1309
1309
1310
1311
1314
1314
1315
1315
1315
1316
1317
1317
1317
1318
1318
1320
1320
1321
1321
1322
1322
1323
1323
1323
1324
1324
1325
1325
1325
1326
1326
1327
1327
1327
1327
1329
1330
1331
1331
1333
1333
1335
1335
1335
1338
1339
1340
1340
1341
1342
1344
1347
1347
1347
1350
1350
1350
1352
1353
1354
1354
1354
1355
1355
1355
1358
1359
1360
1360
1362
1362
1364
1364
1365
1365
1367
1367
1367
1370
1371
1372
1379
1379
1379
1384
1384
1385
1386
1388
1392
1392
1392
1393
1394
1397
1397
1400
1401
1403
1403
1405
1406
1406
1407
1408
1409
1409
1411
1411
1415
1416
1418
1419
1419
1420
1420
1423
1423
1425
1426
1427
1429
1430
1431
1431
1432
1436
1436
1440
1440
1443
1443
1443
1444
1445
1445
1445
1445
1448
1449
1452
1453
1454
1455
1455
1455
1456
1457
1457
1458
1459
1459
1460
1461
1462
1465
1466
1468
1468
1470
1470
1472
1474
1474
1476
1477
1478
1479
1479
1480
1480
1480
1481
1485
1485
1486
1486
1487
1487
1489
1490
1491
1491
1491
1492
1492
1493
1494
1496
1496
1496
1496
1497
1498
1499
1499
1500
1500
1502
1504
1504
1505
1506
1506
1509
1512
1514
1515
1515
1515
1516
1517
1517
1518
1520
1521
1521
1524
1524
1524
1525
1525
1526
1527
1529
1531
1531
1533
1534
1534
1536
1536
1536
1538
1539
1540
1542
1543
1544
1545
1545
1547
1549
1550
1550
1550
1551
1552
1553
1554
1557
1558
1558
1561
1562
1565
1567
1568
1568
1569
1569
1570
1570
1572
1573
1574
1574
1575
1575
1575
1577
1578
1583
1584
1585
1585
1585
1585
1587
1589
1590
1590
1591
1592
1592
1594
1594
1595
1596
1597
1599
1600
1602
1602
1604
1605
1606
1608
1609
1610
1613
1614
1614
1615
1617
1617
1618
1618
1621
1622
1623
1623
1625
1629
1630
1630
1632
1632
1632
1632
1633
1635
1637
1637
1639
1639
1639
1639
1640
1644
1645
1647
1647
1647
1648
1648
1648
1649
1651
1654
1656
1657
1657
1658
1660
1662
1663
1664
1665
1665
1665
1666
1669
1672
1672
1674
1676
1678
1679
1680
1682
1682
1682
1683
1683
1684
1687
1687
1688
1688
1689
1689
1690
1691
1692
1693
1696
1697
1699
1699
1700
1700
1702
1702
1702
1703
1703
1704
1706
1708
1709
1709
1710
1710
1710
1711
1711
1713
1714
1716
1716
1716
1717
1717
1719
1719
1719
1724
1725
1726
1726
1731
1731
1733
1733
1733
1733
1734
1734
1735
1735
1736
1736
1737
1737
1738
1739
1739
1740
1740
1741
1742
1743
1744
1744
1744
1745
1746
1751
1751
1751
1753
1754
1755
1755
1758
1761
1761
1761
1762
1762
1762
1762
1764
1764
1764
1764
1765
1765
1766
1767
1768
1769
1769
1771
1772
1772
1773
1775
1775
1776
1779
1779
1780
1780
1782
1783
1784
1784
1785
1787
1792
1792
1795
1796
1797
1799
1803
1804
1804
1806
1806
1807
1809
1809
1810
1810
1811
1812
1812
1812
1813
1814
1816
1817
1817
1819
1819
1821
1824
1827
1827
1827
1828
1828
1830
1831
1832
1834
1834
1835
1837
1841
1841
1842
1842
1843
1844
1844
1845
1846
1847
1849
1850
1850
1850
1853
1858
1858
1858
1860
1863
1865
1866
1867
1867
1868
1868
1869
1871
1873
1873
1874
1874
1876
1876
1877
1878
1879
1880
1880
1881
1884
1887
1887
1888
1889
1890
1893
1893
1894
1896
1896
1896
1897
1897
1897
1897
1897
1899
1899
1900
1900
1901
1902
1903
1903
1905
1907
1908
1908
1909
1910
1911
1913
1913
1914
1914
1917
1918
1919
1921
1922
1922
1926
1927
1928
1930
1931
1931
1933
1933
1933
1934
1936
1936
1936
1939
1940
1941
1944
1944
1945
1950
1950
1951
1953
1955
1955
1955
1955
1957
1958
1960
1960
1961
1962
1964
1965
1965
1966
1966
1967
1967
1967
1968
1969
1969
1969
1971
1971
1973
1974
1978
1979
1979
1980
1981
1981
1981
1982
1983
1985
1985
1985
1986
1987
1987
1989
1990
1990
1992
1992
1993
1993
1994
1994
1995
1996
1998
1999
1999
2001
2002
2002
2003
2004
2005
2006
2007
2010
2011
2014
2017
2018
2019
2020
2020
2021
2022
2022
2022
2022
2027
2027
2027
2028
2028
2028
2029
2029
2030
2031
2032
2034
2036
2036
2039
2040
2041
2043
2043
2050
2051
2054
2056
2057
2058
2059
2060
2061
2062
2065
2068
2068
2069
2070
2070
2071
2072
2074
2076
2077
2078
2078
2079
2079
2079
2081
2082
2083
2084
2084
2085
2085
2086
2086
2087
2090
2097
2098
2099
2100
2100
2101
2102
2102
2102
2104
2104
2105
2105
2107
2107
2108
2108
2108
2111
2112
2113
2114
2114
2115
2115
2115
2115
2115
2116
2117
2118
2120
2121
2121
2121
2121
2125
2126
2127
2128
2129
2130
2130
2130
2130
2134
2134
2136
2136
2137
2137
2137
2138
2138
2139
2139
2139
2141
2141
2141
2143
2143
2144
2145
2145
2145
2146
2146
2146
2146
2146
2147
2147
2147
2148
2151
2152
2153
2154
2154
2154
2156
2156
2158
2158
2158
2158
2158
2158
2159
2160
2161
2162
2164
2164
2165
2166
2170
2170
2171
2172
2176
2176
2177
2180
2181
2183
2183
2184
2185
2186
2188
2191
2191
2192
2193
2194
2194
2194
2194
2197
2198
2199
2200
2201
2203
2203
2204
2207
2208
2209
2209
2211
2211
2212
2214
2216
2217
2220
2220
2222
2223
2224
2224
2224
2224
2225
2226
2226
2227
2228
2229
2229
2232
2232
2233
2234
2234
2236
2237
2238
2239
2239
2240
2240
2240
2241
2243
2246
2246
2248
2249
2250
2251
2252
2253
2253
2256
2257
2257
2258
2259
2261
2261
2261
2261
2262
2262
2262
2262
2262
2262
2264
2264
2264
2265
2265
2266
2266
2266
2267
2268
2270
2270
2271
2271
2272
2274
2274
2275
2275
2276
2277
2279
2280
2281
2282
2282
2282
2282
2283
2284
2284
2285
2285
2287
2287
2289
2290
2290
2291
2291
2292
2294
2295
2296
2296
2299
2300
2303
2303
2303
2303
2306
2308
2309
2309
2310
2311
2313
2314
2318
2319
2320
2321
2326
2327
2327
2329
2329
2330
2330
2331
2332
2332
2333
2333
2333
2335
2336
2336
2336
2338
2338
2338
2338
2339
2339
2339
2340
2340
2343
2343
2345
2349
2350
2351
2353
2353
2353
2353
2354
2354
2354
2356
2356
2356
2358
2359
2361
2361
2362
2364
2368
2369
2369
2370
2371
2374
2375
2375
2376
2376
2377
2377
2380
2381
2382
2383
2383
2384
2384
2385
2385
2386
2386
2386
2387
2387
2392
2392
2394
2394
2397
2398
2400
2400
2400
2401
2402
2402
2402
2404
2404
2405
2406
2406
2406
2407
2407
2407
2408
2410
2411
2411
2413
2416
2417
2418
2420
2420
2424
2425
2425
2426
2427
2427
2427
2428
2429
2429
2429
2430
2430
2430
2433
2435
2437
2439
2439
2439
2442
2443
2444
2445
2445
2446
2446
2446
2447
2448
2449
2449
2449
2453
2453
2454
2454
2454
2455
2455
2458
2458
2462
2462
2462
2463
2464
2467
2467
2467
2467
2471
2472
2472
2473
2474
2475
2475
2476
2476
2480
2481
2484
2485
2487
2487
2488
2489
2492
2492
2495
2496
2498
2499
2503
2505
2509
2509
2510
2511
2511
2513
2514
2515
2515
2516
2516
2517
2517
2518
2519
2519
2521
2522
2522
2523
2523
2523
2524
2526
2528
2529
2530
2532
2538
2542
2543
2546
2546
2547
2548
2551
2552
2555
2556
2557
2557
2559
2559
2559
2560
2561
2562
2563
2564
2565
2565
2566
2566
2568
2568
2569
2569
2570
2572
2573
2574
2575
2575
2575
2576
2578
2579
2581
2581
2582
2582
2583
2584
2586
2587
2589
2589
2590
2591
2593
2594
2596
2599
2599
2601
2602
2603
2606
2606
2607
2610
2610
2611
2611
2611
2611
2612
2612
2615
2615
2616
2616
2618
2618
2619
2619
2620
2621
2622
2623
2624
2624
2626
2626
2626
2627
2629
2630
2630
2630
2631
2635
2635
2636
2636
2637
2638
2639
2639
2640
2640
2640
2646
2647
2647
2649
2650
2650
2651
2652
2656
2657
2662
2662
2663
2665
2665
2666
2668
2671
2672
2674
2675
2676
2678
2679
2680
2681
2681
2681
2683
2684
2688
2688
2688
2689
2689
2691
2692
2692
2693
2694
2696
2697
2697
2703
2706
2707
2708
2710
2711
2716
2718
2719
2719
2720
2721
2723
2724
2724
2726
2727
2727
2728
2729
2729
2730
2730
2730
2732
2735
2739
2739
2741
2742
2742
2744
2744
2746
2747
2748
2752
2754
2755
2756
2756
2756
2760
2760
2761
2762
2762
2762
2763
2764
2764
2765
2765
2765
2768
2768
2768
2768
2769
2769
2770
2771
2772
2773
2775
2777
2777
2778
2778
2779
2781
2784
2784
2785
2786
2787
2790
2790
2791
2792
2793
2795
2797
2798
2801
2801
2802
2804
2804
2806
2806
2806
2806
2807
2808
2808
2809
2810
2811
2811
2812
2812
2814
2816
2816
2817
2817
2817
2817
2818
2818
2819
2819
2820
2823
2824
2825
2828
2828
2828
2829
2830
2830
2833
2836
2836
2836
2838
2839
2840
2842
2843
2844
2845
2846
2847
2847
2847
2847
2848
2848
2848
2849
2850
2851
2851
2852
2853
2853
2854
2854
2855
2856
2857
2857
2858
2858
2859
2859
2859
2859
2861
2861
2866
2867
2867
2868
2869
2870
2871
2874
2875
2877
2878
2879
2880
2881
2882
2884
2885
2886
2890
2891
2891
2892
2894
2897
2900
2900
2901
2901
2906
2907
2907
2908
2908
2910
2910
2910
2911
2912
2912
2913
2914
2916
2917
2917
2918
2918
2919
2919
2920
2920
2921
2921
2922
2924
2927
2928
2930
2931
2932
2934
2935
2935
2936
2936
2937
2939
2941
2941
2941
2942
2942
2942
2944
2945
2946
2946
2949
2949
2950
2950
2951
2953
2953
2957
2958
2958
2960
2960
2960
2961
2961
2962
2962
2962
2962
2963
2963
2964
2965
2966
2967
2968
2969
2970
2971
2977
2978
2979
2979
2980
2982
2982
2984
2984
2985
2987
2987
2989
2992
2993
2993
2994
2995
2996
2996
2998
3001
3001
3004
3006
3006
3008
3008
3008
3010
3011
3011
3013
3013
3014
3015
3015
3016
3017
3019
3021
3022
3023
3024
3025
3026
3026
3026
3027
3029
3029
3033
3034
3036
3038
3038
3039
3041
3043
3044
3046
3046
3046
3049
3052
3052
3054
3059
3061
3061
3062
3064
3066
3066
3066
3067
3068
3068
3070
3072
3075
3076
3080
3081
3082
3082
3083
3084
3085
3086
3086
3087
3088
3088
3089
3090
3090
3092
3093
3097
3099
3099
3100
3100
3101
3101
3102
3103
3104
3104
3104
3104
3104
3105
3108
3109
3110
3112
3113
3113
3115
3115
3115
3117
3117
3118
3119
3119
3121
3122
3122
3123
3124
3127
3128
3132
3133
3133
3133
3135
3136
3138
3139
3140
3141
3141
3144
3145
3149
3151
3151
3152
3153
3153
3154
3156
3156
3156
3157
3157
3159
3159
3159
3163
3165
3165
3166
3168
3168
3169
3170
3170
3170
3170
3171
3171
3171
3172
3172
3174
3177
3178
3178
3179
3180
3180
3180
3182
3182
3184
3185
3185
3186
3186
3187
3190
3190
3190
3191
3192
3193
3195
3196
3197
3197
3199
3200
3200
3202
3203
3203
3206
3206
3207
3208
3209
3209
3210
3210
3210
3211
3214
3216
3216
3219
3219
3220
3220
3220
3221
3221
3222
3222
3223
3225
3226
3227
3227
3231
3233
3234
3236
3237
3238
3240
3241
3241
3242
3242
3243
3245
3246
3247
3247
3248
3248
3248
3250
3251
3252
3253
3253
3256
3256
3257
3258
3258
3260
3261
3262
3263
3263
3264
3265
3265
3265
3265
3270
3270
3271
3272
3273
3274
3276
3277
3277
3280
3280
3281
3281
3282
3287
3288
3290
3291
3292
3294
3294
3296
3297
3297
3299
3300
3301
3305
3306
3307
3307
3309
3309
3311
3312
3313
3314
3315
3315
3315
3315
3316
3318
3319
3321
3322
3322
3325
3325
3325
3325
3326
3327
3332
3333
3336
3336
3337
3337
3339
3339
3339
3340
3342
3343
3345
3346
3346
3346
3346
3346
3348
3349
3349
3352
3352
3352
3352
3354
3357
3358
3358
3358
3359
3360
3360
3364
3364
3364
3365
3365
3367
3367
3367
3369
3369
3370
3370
3370
3372
3373
3373
3374
3374
3375
3375
3375
3375
3376
3377
3378
3381
3381
3382
3383
3383
3384
3385
3387
3387
3387
3388
3389
3390
3391
3392
3394
3395
3396
3397
3398
3399
3399
3401
3402
3404
3404
3404
3404
3404
3405
3406
3407
3408
3409
3409
3409
3409
3410
3411
3412
3414
3415
3416
3416
3419
3421
3422
3423
3425
3426
3426
3427
3427
3428
3430
3430
3430
3431
3431
3436
3436
3437
3438
3440
3441
3443
3444
3445
3447
3447
3448
3449
3452
3453
3455
3455
3456
3456
3457
3458
3459
3461
3462
3463
3463
3465
3465
3467
3468
3468
3468
3468
3468
3469
3470
3472
3473
3474
3476
3477
3478
3478
3479
3481
3481
3482
3482
3484
3487
3491
3492
3492
3492
3493
3495
3497
3497
3498
3499
3500
3500
3502
3503
3504
3505
3505
3506
3510
3510
3510
3514
3517
3519
3521
3523
3523
3524
3524
3525
3526
3527
3527
3527
3533
3533
3534
3535
3535
3537
3537
3539
3539
3540
3540
3541
3541
3544
3546
3548
3548
3549
3549
3549
3551
3553
3554
3554
3555
3555
3556
3556
3556
3556
3557
3559
3559
3559
3562
3562
3566
3567
3571
3571
3575
3578
3578
3578
3578
3579
3579
3580
3580
3582
3582
3583
3585
3585
3585
3588
3588
3589
3593
3595
3596
3596
3598
3598
3598
3599
3601
3603
3604
3604
3605
3605
3606
3607
3608
3609
3609
3610
3610
3612
3613
3614
3614
3617
3618
3619
3620
3622
3622
3622
3626
3628
3630
3630
3631
3635
3636
3638
3638
3639
3639
3640
3640
3642
3643
3643
3644
3644
3647
3648
3650
3650
3653
3654
3654
3654
3654
3656
3656
3657
3657
3659
3659
3660
3661
3662
3663
3664
3673
3673
3673
3675
3678
3679
3680
3681
3682
3684
3684
3685
3686
3686
3687
3687
3687
3688
3689
3692
3692
3692
3695
3696
3698
3699
3699
3701
3701
3701
3702
3707
3709
3710
3711
3713
3715
3715
3715
3715
3716
3716
3717
3717
3718
3719
3719
3721
3721
3725
3725
3726
3727
3727
3729
3729
3731
3732
3732
3733
3734
3735
3738
3740
3740
3741
3743
3744
3744
3745
3749
3752
3752
3752
3754
3755
3757
3758
3759
3759
3760
3760
3761
3762
3762
3763
3765
3765
3765
3766
3767
3768
3768
3769
3770
3771
3772
3775
3777
3778
3778
3778
3779
3779
3779
3781
3785
3785
3785
3785
3785
3786
3789
3789
3792
3793
3793
3793
3796
3796
3797
3804
3804
3805
3806
3806
3807
3807
3808
3809
3809
3809
3810
3810
3810
3812
3812
3813
3814
3814
3815
3816
3817
3817
3818
3819
3819
3823
3823
3824
3827
3828
3830
3830
3830
3832
3834
3835
3836
3837
3837
3840
3841
3841
3844
3845
3845
3846
3846
3848
3849
3850
3853
3853
3855
3856
3856
3857
3858
3858
3859
3859
3859
3859
3861
3862
3862
3863
3865
3868
3869
3872
3872
3873
3875
3875
3876
3876
3876
3876
3878
3881
3882
3884
3885
3886
3886
3887
3888
3889
3889
3890
3892
3896
3897
3898
3900
3901
3902
3902
3902
3903
3905
3905
3907
3908
3911
3913
3914
3916
3916
3918
3920
3921
3922
3922
3923
3924
3925
3927
3928
3928
3928
3928
3930
3931
3931
3931
3931
3932
3933
3934
3936
3937
3938
3939
3939
3941
3945
3945
3945
3946
3946
3947
3947
3948
3949
3950
3950
3952
3954
3960
3962
3966
3968
3968
3968
3969
3969
3971
3971
3971
3972
3972
3975
3979
3981
3982
3984
3986
3987
3988
3989
3990
3991
3992
3994
3994
3995
3997
3998
3998
3999
3999
4001
4002
4005
4005
4006
4007
4007
4008
4010
4011
4012
4013
4014
4014
4014
4015
4017
4018
4018
4019
4020
4023
4024
4025
4026
4026
4027
4030
4031
4032
4033
4034
4034
4035
4036
4039
4040
4040
4040
4041
4041
4041
4042
4042
4042
4044
4044
4044
4045
4045
4048
4049
4050
4051
4052
4053
4053
4053
4053
4054
4056
4057
4057
4058
4058
4059
4060
4060
4060
4060
4062
4062
4063
4064
4066
4067
4067
4068
4069
4069
4069
4070
4072
4073
4076
4080
4081
4082
4084
4087
4087
4088
4088
4090
4090
4091
4091
4091
4092
4092
4093
4095
4096
4098
4098
4099
4101
4103
4105
4106
4107
4107
4108
4108
4108
4109
4109
4110
4113
4114
4114
4114
4115
4116
4117
4118
4119
4119
4121
4121
4122
4124
4124
4124
4124
4125
4129
4130
4131
4132
4134
4134
4135
4136
4136
4136
4137
4137
4137
4138
4140
4140
4141
4141
4144
4144
4145
4145
4147
4148
4149
4149
4151
4151
4151
4152
4152
4154
4155
4155
4157
4157
4157
4163
4163
4163
4166
4166
4167
4167
4168
4168
4170
4172
4173
4175
4176
4177
4180
4181
4182
4182
4185
4186
4187
4187
4188
4188
4188
4189
4190
4192
4195
4196
4198
4198
4198
4201
4202
4202
4203
4206
4209
4209
4210
4211
4211
4211
4211
4213
4217
4221
4221
4222
4224
4225
4226
4229
4229
4229
4231
4231
4232
4232
4233
4234
4234
4235
4236
4237
4237
4239
4240
4240
4241
4243
4245
4245
4248
4251
4252
4253
4253
4255
4256
4259
4261
4263
4263
4263
4263
4266
4266
4267
4268
4269
4270
4272
4272
4272
4274
4274
4274
4275
4275
4276
4276
4276
4277
4277
4278
4280
4282
4282
4283
4283
4283
4284
4284
4285
4285
4286
4286
4288
4288
4289
4291
4292
4293
4294
4296
4296
4296
4297
4298
4299
4300
4300
4302
4302
4303
4303
4303
4304
4304
4305
4306
4307
4312
4314
4316
4317
4320
4321
4323
4323
4324
4327
4328
4330
4332
4334
4336
4336
4337
4340
4341
4341
4342
4342
4342
4342
4342
4344
4345
4346
4346
4346
4347
4347
4349
4350
4350
4356
4356
4356
4356
4357
4358
4359
4362
4366
4366
4367
4368
4369
4369
4370
4370
4370
4372
4373
4373
4376
4377
4377
4378
4378
4380
4380
4383
4386
4386
4386
4388
4390
4391
4392
4392
4392
4393
4393
4396
4399
4399
4400
4401
4403
4403
4404
4405
4408
4409
4410
4410
4411
4413
4413
4413
4416
4417
4417
4419
4419
4420
4424
4425
4428
4430
4430
4431
4432
4433
4434
4437
4438
4438
4439
4440
4440
4441
4442
4442
4443
4444
4447
4448
4451
4452
4452
4452
4453
4453
4454
4456
4457
4461
4463
4463
4464
4464
4465
4466
4466
4466
4467
4468
4470
4471
4472
4472
4473
4473
4473
4474
4475
4475
4475
4475
4476
4477
4477
4477
4478
4478
4479
4480
4480
4480
4481
4481
4482
4482
4486
4487
4487
4487
4488
4489
4491
4491
4491
4493
4493
4493
4494
4495
4495
4496
4496
4499
4500
4500
4501
4503
4503
4508
4508
4509
4510
4511
4513
4513
4514
4514
4515
4516
4517
4517
4518
4519
4520
4520
4521
4522
4522
4522
4522
4522
4522
4523
4525
4529
4529
4529
4531
4531
4531
4532
4535
4536
4542
4545
4545
4546
4549
4550
4551
4553
4555
4555
4556
4556
4559
4560
4561
4563
4564
4565
4566
4566
4566
4568
4569
4569
4570
4571
4571
4573
4576
4577
4579
4580
4581
4582
4582
4584
4586
4586
4587
4587
4587
4588
4592
4592
4594
4596
4597
4598
4598
4600
4600
4603
4603
4604
4605
4605
4606
4608
4611
4612
4615
4615
4616
4616
4616
4618
4619
4620
4621
4624
4626
4626
4630
4630
4632
4633
4635
4636
4637
4637
4640
4640
4641
4642
4645
4646
4648
4648
4651
4651
4652
4653
4655
4656
4656
4657
4657
4658
4659
4661
4661
4661
4663
4665
4666
4667
4667
4670
4671
4674
4674
4675
4678
4678
4678
4679
4679
4680
4681
4682
4684
4684
4686
4687
4687
4687
4689
4691
4694
4696
4697
4697
4699
4701
4701
4701
4701
4702
4704
4705
4706
4707
4708
4709
4709
4710
4710
4710
4710
4712
4713
4716
4716
4716
4717
4718
4718
4720
4721
4722
4723
4723
4724
4728
4728
4729
4729
4732
4733
4734
4734
4735
4736
4739
4741
4741
4743
4747
4747
4748
4751
4751
4751
4753
4753
4755
4757
4758
4759
4761
4762
4764
4764
4766
4768
4768
4769
4769
4771
4772
4772
4776
4777
4777
4780
4781
4781
4782
4783
4783
4784
4784
4785
4786
4786
4787
4787
4788
4788
4790
4790
4790
4790
4793
4794
4795
4795
4798
4799
4799
4804
4804
4804
4805
4806
4806
4807
4808
4808
4808
4811
4812
4814
4814
4815
4815
4816
4817
4817
4818
4820
4821
4822
4823
4823
4824
4824
4824
4825
4825
4825
4826
4826
4826
4826
4828
4831
4833
4834
4836
4838
4838
4839
4839
4839
4840
4841
4841
4844
4845
4846
4847
4847
4848
4848
4848
4849
4850
4851
4851
4851
4852
4852
4853
4854
4855
4857
4858
4862
4862
4864
4866
4869
4870
4871
4871
4872
4875
4875
4876
4877
4877
4881
4883
4884
4885
4886
4886
4887
4887
4888
4888
4888
4888
4889
4889
4891
4893
4895
4895
4898
4898
4899
4902
4905
4906
4906
4907
4909
4912
4916
4917
4917
4918
4918
4920
4920
4923
4925
4925
4928
4929
4929
4930
4930
4932
4932
4932
4933
4934
4934
4937
4939
4939
4940
4942
4943
4944
4947
4949
4949
4950
4950
4953
4953
4953
4953
4955
4955
4956
4959
4959
4960
4964
4965
4965
4965
4966
4966
4966
4968
4970
4970
4971
4971
4972
4976
4977
4979
4979
4979
4979
4980
4981
4981
4983
4984
4985
4985
4985
4986
4987
4987
4987
4988
4988
4990
4990
4992
4992
4992
4993
4993
4994
4994
4994
4996
4996
4997
4997
4998
4998
4999
5000
5001
5002
5002
5002
5003
5006
5006
5007
5008
5009
5009
5010
5010
5010
5011
5011
5012
5013
5013
5014
5016
5017
5021
5022
5022
5023
5023
5024
5024
5025
5025
5028
5028
5029
5029
5032
5033
5034
5034
5034
5034
5035
5036
5036
5037
5039
5040
5040
5040
5041
5041
5042
5042
5043
5043
5044
5046
5046
5046
5046
5047
5048
5051
5053
5054
5055
5055
5057
5057
5058
5062
5064
5064
5066
5066
5070
5072
5074
5074
5074
5075
5075
5077
5079
5079
5080
5080
5081
5082
5082
5082
5084
5085
5085
5085
5087
5088
5093
5093
5094
5095
5098
5099
5099
5099
5101
5102
5104
5107
5107
5109
5110
5112
5113
5113
5114
5117
5117
5118
5118
5119
5119
5119
5120
5121
5121
5122
5122
5123
5123
5126
5128
5130
5130
5130
5130
5132
5133
5133
5133
5134
5135
5139
5140
5140
5142
5142
5142
5144
5144
5144
5146
5146
5147
5149
5149
5150
5152
5152
5152
5154
5154
5155
5157
5157
5158
5159
5159
5159
5161
5162
5162
5162
5163
5163
5164
5165
5166
5167
5167
5168
5169
5171
5172
5173
5173
5174
5176
5176
5179
5179
5180
5180
5180
5180
5180
5184
5185
5187
5188
5190
5191
5193
5194
5196
5199
5200
5205
5208
5208
5208
5210
5210
5210
5211
5212
5212
5213
5213
5214
5215
5215
5215
5215
5216
5218
5220
5220
5221
5221
5222
5224
5224
5225
5229
5230
5232
5233
5233
5235
5237
5238
5239
5240
5242
5243
5243
5244
5245
5247
5249
5249
5251
5253
5254
5254
5256
5256
5257
5259
5259
5261
5261
5263
5263
5264
5265
5265
5267
5268
5269
5271
5271
5272
5274
5274
5274
5276
5278
5279
5280
5280
5280
5282
5282
5283
5284
5286
5287
5287
5288
5289
5294
5295
5297
5297
5298
5298
5298
5299
5299
5300
5301
5302
5304
5305
5305
5306
5306
5306
5307
5307
5308
5309
5311
5312
5314
5316
5316
5318
5319
5324
5324
5325
5326
5326
5326
5327
5329
5331
5332
5332
5332
5333
5333
5338
5340
5341
5343
5346
5346
5349
5349
5351
5354
5357
5358
5359
5360
5361
5362
5362
5362
5364
5364
5366
5366
5367
5367
5369
5370
5370
5371
5372
5372
5374
5375
5377
5378
5378
5379
5381
5382
5383
5383
5383
5384
5384
5384
5385
5385
5386
5386
5388
5389
5389
5393
5394
5394
5395
5395
5399
5399
5399
5400
5400
5401
5401
5402
5403
5404
5404
5405
5407
5407
5407
5408
5409
5411
5411
5412
5414
5415
5415
5419
5419
5419
5419
5420
5420
5421
5422
5422
5422
5423
5424
5429
5430
5430
5430
5431
5431
5432
5432
5432
5435
5435
5435
5435
5436
5436
5437
5438
5438
5439
5444
5445
5446
5447
5448
5449
5449
5450
5450
5456
5457
5457
5459
5459
5460
5464
5466
5467
5467
5467
5468
5468
5469
5469
5470
5471
5471
5472
5472
5473
5473
5473
5473
5475
5476
5477
5478
5478
5480
5480
5481
5482
5483
5483
5485
5486
5486
5486
5487
5489
5490
5493
5493
5494
5494
5498
5498
5499
5500
5501
5501
5502
5502
5503
5504
5504
5505
5507
5508
5509
5510
5512
5512
5512
5514
5515
5517
5518
5519
5520
5520
5521
5522
5522
5524
5525
5525
5526
5527
5528
5530
5530
5531
5531
5532
5533
5533
5533
5534
5535
5537
5538
5539
5540
5541
5541
5541
5542
5543
5543
5543
5545
5545
5546
5546
5547
5548
5548
5549
5549
5550
5551
5552
5553
5555
5558
5560
5560
5561
5562
5563
5563
5565
5567
5569
5569
5570
5572
5572
5572
5573
5573
5574
5574
5574
5576
5576
5579
5581
5581
5582
5584
5585
5586
5587
5587
5587
5587
5589
5589
5590
5593
5594
5595
5595
5598
5599
5600
5601
5601
5601
5601
5603
5605
5605
5605
5606
5607
5607
5609
5609
5611
5612
5612
5613
5614
5615
5617
5617
5618
5619
5621
5621
5621
5623
5623
5624
5625
5626
5626
5626
5627
5628
5628
5628
5629
5629
5629
5632
5634
5634
5634
5634
5635
5635
5635
5636
5637
5637
5638
5638
5639
5640
5641
5643
5644
5644
5644
5645
5646
5647
5647
5651
5651
5652
5652
5652
5655
5657
5657
5660
5660
5660
5662
5663
5664
5666
5666
5666
5666
5667
5668
5671
5671
5671
5671
5673
5673
5674
5675
5676
5677
5679
5680
5680
5682
5682
5683
5684
5686
5687
5687
5689
5694
5697
5697
5698
5699
5699
5700
5701
5703
5703
5703
5704
5706
5707
5708
5711
5712
5712
5713
5714
5715
5715
5716
5716
5719
5720
5722
5726
5727
5728
5729
5729
5729
5731
5732
5734
5735
5737
5737
5737
5738
5739
5739
5741
5741
5743
5743
5743
5744
5746
5749
5749
5751
5752
5752
5753
5753
5753
5754
5755
5755
5755
5759
5759
5759
5759
5759
5760
5760
5760
5762
5763
5763
5763
5764
5765
5766
5767
5769
5769
5770
5772
5772
5775
5775
5776
5776
5780
5780
5781
5781
5781
5781
5782
5782
5783
5783
5783
5784
5784
5784
5786
5786
5788
5789
5789
5791
5793
5793
5794
5796
5796
5797
5798
5798
5798
5800
5800
5800
5801
5802
5805
5805
5806
5806
5808
5810
5811
5813
5813
5815
5815
5816
5816
5817
5819
5819
5820
5820
5820
5821
5821
5821
5821
5822
5823
5823
5824
5824
5825
5825
5827
5828
5829
5829
5829
5830
5832
5835
5836
5836
5838
5839
5839
5842
5842
5842
5843
5843
5844
5847
5848
5849
5849
5849
5850
5851
5852
5853
5855
5855
5855
5857
5857
5857
5857
5857
5858
5859
5860
5863
5865
5866
5867
5868
5870
5870
5871
5873
5874
5874
5874
5875
5875
5876
5876
5877
5877
5880
5880
5884
5885
5886
5889
5890
5891
5891
5892
5892
5893
5896
5897
5898
5900
5900
5903
5904
5905
5906
5906
5909
5910
5911
5911
5912
5913
5913
5913
5913
5914
5914
5915
5915
5918
5919
5920
5921
5922
5922
5923
5924
5925
5931
5933
5934
5934
5935
5936
5936
5936
5937
5937
5938
5939
5940
5942
5942
5942
5944
5944
5945
5945
5946
5947
5948
5950
5950
5950
5951
5952
5952
5953
5954
5955
5955
5957
5960
5962
5964
5966
5967
5973
5974
5974
5975
5977
5977
5977
5978
5979
5980
5981
5981
5982
5983
5984
5984
5984
5985
5987
5988
5990
5991
5992
5996
5997
5998
5998
6000
6002
6002
6003
6003
6003
6004
6004
6005
6005
6006
6007
6007
6008
6009
6009
6010
6013
6013
6015
6016
6016
6016
6017
6019
6020
6021
6021
6023
6025
6026
6027
6027
6028
6028
6030
6030
6030
6032
6032
6033
6033
6033
6034
6039
6039
6040
6040
6041
6042
6043
6044
6045
6046
6048
6048
6050
6050
6051
6051
6051
6051
6051
6052
6053
6054
6054
6055
6056
6058
6060
6061
6065
6065
6068
6072
6072
6072
6073
6073
6074
6077
6078
6080
6082
6083
6084
6084
6086
6087
6088
6089
6089
6090
6091
6094
6095
6096
6097
6099
6100
6100
6101
6102
6103
6104
6104
6105
6106
6106
6106
6108
6109
6110
6110
6111
6113
6114
6114
6115
6117
6118
6119
6120
6121
6121
6122
6123
6123
6123
6123
6129
6132
6132
6133
6133
6134
6134
6135
6136
6138
6139
6140
6140
6141
6142
6143
6143
6143
6144
6148
6149
6152
6154
6155
6155
6156
6157
6157
6157
6158
6158
6160
6164
6164
6167
6167
6168
6168
6169
6171
6171
6172
6173
6173
6174
6175
6177
6178
6179
6179
6179
6180
6181
6183
6184
6185
6186
6187
6188
6188
6188
6188
6188
6189
6192
6193
6193
6194
6194
6196
6196
6200
6200
6200
6201
6202
6202
6203
6206
6208
6209
6209
6211
6211
6213
6214
6214
6215
6219
6220
6223
6224
6224
6226
6227
6227
6227
6231
6231
6233
6233
6234
6236
6238
6239
6241
6242
6244
6246
6246
6246
6247
6248
6248
6248
6249
6251
6252
6252
6254
6255
6258
6259
6259
6260
6261
6262
6262
6265
6266
6267
6269
6271
6271
6271
6271
6274
6274
6274
6275
6275
6275
6275
6276
6276
6277
6277
6279
6279
6281
6281
6282
6282
6284
6284
6284
6285
6285
6288
6289
6289
6291
6291
6292
6296
6300
6302
6306
6307
6308
6308
6309
6309
6310
6310
6312
6314
6314
6315
6316
6318
6319
6321
6321
6322
6323
6324
6325
6325
6326
6327
6327
6327
6328
6328
6329
6330
6331
6331
6332
6333
6333
6333
6334
6334
6334
6334
6334
6336
6338
6338
6338
6339
6339
6340
6340
6341
6342
6343
6347
6347
6350
6350
6353
6354
6355
6356
6359
6359
6360
6361
6362
6364
6365
6365
6367
6368
6368
6369
6370
6370
6373
6374
6376
6376
6376
6378
6378
6378
6380
6380
6380
6380
6382
6384
6385
6386
6386
6387
6387
6388
6390
6391
6393
6393
6395
6395
6397
6397
6400
6401
6401
6404
6404
6405
6405
6406
6407
6407
6407
6408
6409
6410
6410
6411
6412
6416
6418
6419
6422
6422
6422
6422
6423
6423
6424
6424
6425
6427
6428
6429
6430
6431
6432
6432
6433
6434
6437
6437
6437
6440
6440
6441
6443
6444
6445
6446
6446
6448
6448
6448
6449
6450
6450
6450
6452
6454
6455
6458
6460
6460
6461
6462
6462
6462
6465
6468
6468
6469
6469
6469
6469
6469
6471
6472
6474
6476
6476
6476
6477
6477
6477
6478
6479
6479
6479
6479
6479
6480
6480
6480
6482
6483
6484
6485
6490
6490
6491
6491
6492
6492
6493
6497
6500
6500
6502
6504
6507
6510
6511
6512
6512
6513
6517
6518
6521
6523
6523
6524
6524
6524
6525
6525
6526
6526
6526
6527
6528
6529
6531
6532
6532
6533
6533
6534
6535
6537
6537
6539
6539
6540
6540
6540
6541
6541
6542
6542
6543
6543
6543
6543
6544
6544
6545
6546
6548
6549
6550
6550
6552
6556
6557
6560
6560
6562
6564
6564
6565
6567
6568
6568
6569
6569
6570
6571
6571
6572
6573
6573
6575
6575
6577
6578
6578
6579
6579
6580
6581
6582
6584
6584
6584
6585
6586
6587
6588
6588
6589
6589
6589
6590
6591
6592
6594
6594
6595
6595
6595
6595
6596
6597
6597
6597
6599
6600
6600
6601
6602
6604
6604
6605
6606
6607
6607
6609
6612
6613
6613
6614
6614
6615
6616
6618
6619
6620
6620
6621
6621
6621
6622
6623
6623
6624
6625
6625
6625
6627
6629
6629
6630
6632
6632
6632
6633
6633
6633
6633
6633
6635
6636
6636
6636
6637
6637
6637
6637
6637
6641
6641
6642
6644
6644
6645
6645
6645
6645
6647
6648
6648
6650
6651
6651
6651
6654
6655
6656
6657
6657
6658
6659
6659
6661
6662
6663
6665
6667
6667
6667
6668
6668
6668
6669
6672
6673
6673
6675
6679
6679
6680
6682
6683
6683
6685
6687
6687
6688
6688
6688
6688
6689
6690
6691
6692
6693
6693
6694
6696
6696
6699
6702
6702
6703
6706
6706
6707
6708
6708
6708
6710
6710
6712
6712
6713
6713
6713
6714
6714
6715
6716
6716
6717
6721
6721
6724
6725
6726
6727
6731
6731
6732
6732
6732
6734
6735
6738
6740
6740
6740
6741
6742
6742
6743
6744
6749
6749
6751
6751
6752
6755
6756
6756
6756
6758
6758
6759
6759
6761
6761
6762
6764
6766
6766
6766
6769
6769
6770
6771
6771
6772
6773
6773
6774
6774
6775
6776
6777
6778
6780
6781
6782
6782
6783
6783
6783
6787
6787
6787
6789
6789
6789
6790
6790
6791
6792
6792
6794
6794
6795
6795
6796
6797
6798
6798
6801
6801
6802
6802
6805
6806
6807
6808
6808
6811
6812
6812
6813
6814
6815
6815
6815
6818
6818
6819
6820
6821
6821
6822
6822
6824
6824
6828
6828
6828
6828
6829
6831
6832
6834
6836
6836
6836
6837
6838
6839
6839
6844
6845
6845
6846
6846
6846
6846
6846
6847
6847
6848
6849
6850
6852
6852
6854
6855
6855
6857
6859
6859
6861
6865
6866
6867
6867
6867
6868
6870
6873
6873
6877
6879
6879
6879
6880
6880
6881
6882
6884
6884
6885
6885
6888
6888
6890
6892
6893
6895
6896
6896
6899
6899
6901
6902
6903
6905
6907
6909
6909
6909
6910
6910
6910
6910
6912
6913
6914
6914
6915
6915
6916
6917
6919
6919
6919
6921
6923
6923
6925
6925
6926
6926
6926
6926
6926
6927
6928
6929
6929
6930
6932
6933
6934
6934
6935
6936
6937
6938
6938
6938
6939
6943
6943
6945
6945
6945
6945
6946
6946
6947
6947
6948
6950
6951
6953
6954
6954
6956
6956
6956
6957
6958
6958
6960
6960
6962
6964
6965
6966
6966
6967
6968
6968
6969
6969
6971
6975
6978
6979
6980
6981
6981
6981
6984
6985
6986
6986
6987
6987
6993
6994
6994
6994
6994
6998
6998
6999
7000
7002
7003
7004
7004
7005
7006
7008
7011
7011
7011
7012
7013
7013
7017
7017
7018
7019
7020
7022
7023
7025
7027
7027
7027
7028
7028
7028
7029
7029
7029
7032
7032
7033
7034
7035
7036
7037
7037
7038
7040
7040
7040
7040
7042
7042
7042
7042
7042
7043
7044
7046
7047
7048
7048
7050
7051
7053
7053
7053
7055
7057
7057
7059
7060
7062
7062
7064
7065
7067
7067
7067
7068
7068
7069
7069
7070
7071
7071
7074
7074
7075
7076
7077
7079
7080
7082
7085
7086
7086
7086
7087
7089
7092
7093
7093
7095
7099
7100
7101
7103
7105
7106
7107
7108
7109
7109
7111
7112
7112
7112
7113
7116
7116
7116
7118
7118
7121
7123
7123
7125
7126
7128
7128
7128
7128
7129
7130
7132
7133
7133
7134
7135
7136
7137
7140
7142
7142
7145
7145
7145
7147
7148
7148
7149
7150
7150
7151
7151
7152
7153
7153
7153
7155
7156
7157
7159
7160
7162
7163
7163
7164
7166
7166
7167
7167
7168
7168
7169
7170
7170
7171
7172
7172
7174
7175
7176
7177
7178
7178
7178
7179
7180
7181
7183
7183
7184
7185
7187
7188
7190
7190
7190
7192
7193
7193
7196
7196
7196
7198
7200
7200
7202
7203
7204
7204
7205
7206
7207
7208
7212
7213
7213
7214
7216
7219
7220
7220
7221
7221
7221
7222
7222
7223
7224
7226
7226
7226
7228
7228
7229
7230
7230
7233
7233
7235
7238
7239
7242
7242
7244
7245
7247
7247
7247
7248
7250
7252
7255
7255
7257
7257
7257
7257
7259
7259
7260
7262
7263
7264
7265
7268
7269
7270
7271
7272
7274
7274
7274
7275
7275
7275
7277
7277
7279
7279
7279
7280
7280
7280
7281
7282
7283
7284
7285
7286
7286
7287
7288
7288
7293
7294
7294
7295
7295
7297
7297
7298
7298
7299
7299
7300
7302
7304
7304
7309
7310
7312
7312
7313
7316
7319
7320
7321
7321
7322
7323
7323
7324
7325
7326
7326
7329
7329
7329
7329
7329
7330
7330
7331
7331
7331
7332
7332
7333
7334
7335
7335
7335
7337
7337
7338
7339
7340
7341
7341
7341
7342
7342
7342
7343
7344
7346
7347
7349
7352
7354
7354
7354
7354
7355
7355
7355
7357
7359
7362
7363
7364
7364
7364
7364
7368
7370
7371
7373
7373
7374
7375
7375
7378
7379
7382
7383
7383
7385
7386
7388
7389
7390
7390
7390
7391
7392
7393
7393
7395
7396
7397
7398
7398
7398
7399
7399
7400
7402
7404
7407
7408
7409
7409
7409
7410
7410
7411
7412
7412
7412
7412
7414
7414
7415
7419
7421
7421
7422
7422
7423
7423
7425
7425
7425
7425
7426
7427
7430
7431
7431
7433
7434
7437
7438
7438
7440
7441
7442
7443
7443
7443
7443
7444
7444
7445
7446
7446
7446
7448
7448
7449
7451
7452
7453
7454
7454
7455
7455
7455
7457
7459
7459
7461
7462
7462
7463
7464
7467
7468
7471
7471
7472
7472
7473
7473
7476
7480
7480
7482
7482
7484
7484
7486
7486
7490
7491
7491
7492
7492
7493
7493
7493
7494
7495
7496
7496
7497
7498
7499
7500
7500
7502
7502
7506
7507
7507
7508
7508
7508
7509
7509
7510
7511
7513
7513
7514
7517
7518
7518
7520
7520
7522
7524
7524
7525
7525
7527
7529
7530
7530
7530
7531
7532
7534
7534
7534
7536
7537
7539
7541
7541
7542
7542
7542
7543
7546
7546
7547
7548
7548
7549
7549
7549
7551
7552
7554
7556
7556
7556
7556
7561
7561
7563
7563
7564
7564
7565
7567
7567
7568
7569
7569
7570
7572
7572
7573
7573
7573
7573
7574
7574
7579
7580
7580
7580
7586
7588
7589
7590
7590
7591
7592
7593
7594
7594
7595
7596
7597
7599
7599
7600
7601
7601
7601
7602
7604
7606
7606
7607
7608
7608
7608
7609
7610
7611
7615
7615
7615
7616
7617
7617
7617
7619
7619
7620
7620
7621
7621
7621
7621
7624
7625
7625
7625
7625
7626
7626
7629
7629
7631
7633
7635
7637
7637
7638
7638
7639
7640
7640
7641
7641
7644
7645
7646
7646
7648
7649
7650
7651
7652
7653
7654
7658
7659
7660
7660
7660
7660
7661
7662
7662
7666
7666
7666
7667
7669
7670
7673
7675
7676
7676
7677
7677
7678
7678
7680
7681
7681
7682
7683
7683
7684
7684
7685
7686
7687
7688
7689
7689
7689
7690
7691
7693
7693
7695
7699
7699
7701
7701
7701
7702
7702
7703
7703
7703
7705
7708
7708
7708
7709
7709
7710
7711
7711
7713
7713
7713
7715
7715
7716
7717
7723
7723
7724
7726
7726
7726
7727
7727
7728
7729
7730
7730
7731
7731
7732
7734
7740
7741
7742
7744
7745
7746
7746
7746
7748
7748
7749
7750
7751
7751
7753
7753
7753
7753
7753
7757
7758
7759
7760
7761
7763
7764
7766
7766
7767
7767
7768
7769
7769
7769
7772
7773
7773
7775
7776
7777
7777
7778
7778
7781
7782
7784
7785
7785
7785
7786
7786
7789
7790
7791
7795
7796
7798
7798
7798
7798
7799
7801
7802
7802
7804
7804
7806
7807
7808
7808
7810
7810
7811
7811
7814
7814
7814
7815
7815
7817
7817
7818
7818
7818
7821
7821
7823
7824
7825
7826
7827
7829
7830
7831
7834
7835
7838
7838
7839
7840
7840
7840
7840
7840
7841
7842
7843
7845
7846
7846
7847
7847
7851
7852
7853
7856
7858
7858
7858
7859
7860
7861
7861
7862
7863
7863
7865
7865
7868
7868
7869
7870
7870
7871
7872
7872
7873
7873
7873
7873
7874
7874
7879
7879
7879
7879
7880
7881
7881
7881
7883
7884
7885
7885
7886
7886
7887
7887
7887
7888
7888
7889
7890
7890
7891
7891
7895
7895
7895
7897
7899
7899
7900
7901
7901
7901
7903
7903
7905
7905
7907
7909
7912
7913
7913
7914
7915
7916
7917
7918
7919
7919
7920
7920
7921
7923
7923
7924
7925
7925
7925
7926
7931
7931
7931
7932
7934
7935
7935
7935
7935
7935
7936
7938
7940
7941
7941
7942
7942
7944
7946
7948
7948
7950
7951
7952
7955
7955
7957
7958
7960
7961
7961
7961
7963
7963
7965
7965
7966
7966
7967
7967
7967
7970
7971
7971
7973
7976
7976
7979
7980
7983
7984
7985
7986
7988
7991
7991
7992
7992
7993
7995
7996
7997
7997
7998
7998
7999
8000
8000
8003
8003
8003
8003
8006
8007
8011
8015
8017
8017
8018
8018
8018
8019
8020
8022
8022
8023
8024
8025
8025
8027
8027
8028
8030
8031
8032
8033
8034
8035
8035
8036
8038
8038
8038
8039
8039
8039
8040
8041
8041
8041
8043
8046
8048
8049
8049
8053
8053
8054
8056
8056
8057
8058
8059
8060
8062
8062
8063
8064
8065
8066
8066
8067
8071
8072
8072
8074
8076
8076
8076
8077
8077
8078
8078
8081
8081
8082
8086
8088
8088
8088
8089
8092
8095
8097
8098
8103
8103
8103
8103
8104
8105
8106
8106
8107
8107
8109
8110
8111
8112
8115
8117
8117
8117
8120
8120
8121
8121
8121
8121
8122
8123
8123
8124
8124
8126
8127
8127
8129
8129
8131
8134
8135
8136
8139
8141
8143
8143
8144
8144
8144
8148
8149
8150
8151
8155
8158
8160
8161
8161
8163
8164
8165
8165
8166
8166
8166
8167
8168
8169
8170
8173
8173
8174
8175
8176
8177
8178
8181
8183
8184
8187
8190
8192
8192
8192
8193
8194
8194
8196
8196
8197
8197
8198
8199
8199
8200
8201
8203
8204
8204
8207
8208
8208
8208
8208
8209
8209
8210
8210
8214
8215
8216
8216
8217
8217
8218
8218
8221
8223
8225
8225
8226
8227
8228
8229
8230
8231
8232
8232
8236
8236
8237
8238
8239
8239
8241
8241
8241
8242
8242
8242
8243
8244
8246
8247
8250
8250
8252
8254
8255
8255
8256
8256
8258
8261
8261
8261
8262
8264
8264
8265
8266
8266
8267
8268
8270
8271
8271
8271
8273
8273
8282
8282
8282
8283
8285
8286
8286
8286
8288
8293
8294
8294
8297
8299
8299
8299
8301
8301
8302
8303
8303
8304
8304
8304
8305
8307
8308
8308
8310
8310
8312
8312
8312
8313
8314
8314
8314
8315
8316
8316
8317
8317
8319
8319
8319
8321
8322
8322
8325
8325
8326
8327
8328
8328
8328
8328
8329
8329
8331
8332
8334
8334
8335
8336
8340
8340
8341
8343
8345
8345
8346
8347
8348
8350
8350
8351
8351
8352
8354
8354
8357
8359
8359
8359
8359
8359
8360
8363
8364
8365
8365
8365
8367
8368
8369
8370
8371
8371
8372
8374
8374
8374
8375
8376
8376
8376
8377
8379
8380
8383
8384
8385
8386
8387
8388
8388
8390
8390
8392
8397
8397
8399
8399
8401
8404
8404
8405
8406
8407
8407
8410
8410
8411
8412
8412
8413
8413
8418
8422
8425
8426
8428
8428
8430
8430
8431
8431
8432
8432
8433
8434
8434
8434
8435
8435
8435
8436
8437
8440
8441
8442
8443
8443
8444
8445
8447
8448
8449
8450
8452
8452
8452
8455
8455
8458
8458
8459
8459
8459
8459
8463
8463
8464
8470
8471
8472
8472
8475
8478
8480
8480
8481
8481
8481
8482
8487
8488
8489
8489
8491
8493
8493
8493
8494
8495
8496
8496
8497
8497
8499
8499
8500
8500
8502
8502
8503
8504
8507
8508
8509
8510
8510
8511
8515
8516
8516
8517
8517
8518
8518
8519
8520
8521
8521
8522
8522
8523
8524
8525
8526
8528
8530
8531
8532
8532
8533
8534
8535
8536
8538
8539
8540
8542
8545
8545
8545
8546
8547
8549
8549
8550
8550
8551
8551
8551
8552
8553
8554
8555
8556
8560
8561
8561
8561
8561
8564
8565
8567
8570
8572
8574
8576
8576
8576
8577
8577
8578
8578
8582
8583
8583
8583
8584
8585
8585
8586
8586
8587
8588
8588
8588
8589
8590
8592
8592
8594
8595
8596
8597
8597
8598
8600
8600
8601
8604
8607
8608
8609
8610
8610
8610
8611
8611
8611
8611
8612
8612
8613
8614
8615
8615
8616
8619
8620
8622
8623
8623
8623
8623
8625
8625
8625
8626
8628
8629
8631
8631
8633
8634
8637
8638
8639
8641
8642
8642
8642
8644
8644
8646
8647
8648
8648
8648
8652
8652
8654
8656
8657
8658
8659
8661
8662
8664
8665
8667
8667
8667
8668
8669
8670
8671
8672
8674
8674
8674
8674
8675
8675
8675
8676
8676
8677
8677
8678
8679
8680
8681
8681
8681
8682
8682
8682
8683
8684
8685
8687
8688
8689
8691
8693
8693
8693
8693
8695
8697
8698
8698
8699
8703
8703
8704
8705
8705
8706
8707
8707
8708
8709
8712
8712
8714
8714
8714
8714
8717
8717
8717
8718
8719
8722
8722
8723
8724
8725
8726
8726
8726
8728
8728
8728
8729
8731
8733
8734
8734
8734
8735
8736
8736
8737
8738
8738
8740
8741
8742
8744
8744
8744
8744
8744
8745
8746
8747
8747
8748
8748
8750
8751
8752
8752
8755
8755
8756
8756
8757
8758
8760
8761
8763
8764
8766
8768
8768
8768
8770
8772
8774
8775
8776
8777
8778
8779
8781
8781
8782
8782
8784
8785
8785
8786
8788
8788
8789
8789
8790
8790
8790
8791
8793
8794
8795
8797
8797
8799
8799
8800
8802
8803
8804
8804
8805
8811
8811
8812
8812
8813
8814
8817
8817
8817
8818
8818
8823
8823
8824
8825
8825
8826
8826
8826
8827
8827
8828
8829
8830
8830
8831
8831
8833
8834
8835
8836
8836
8838
8838
8838
8839
8839
8840
8841
8841
8843
8844
8845
8845
8846
8847
8850
8850
8851
8853
8854
8857
8860
8861
8861
8863
8863
8866
8867
8868
8868
8869
8871
8872
8872
8873
8875
8876
8877
8879
8880
8881
8882
8883
8885
8885
8886
8888
8888
8890
8890
8890
8892
8892
8892
8892
8894
8894
8894
8895
8895
8900
8900
8900
8905
8907
8908
8909
8910
8910
8913
8914
8914
8915
8917
8918
8918
8918
8918
8919
8923
8923
8924
8924
8924
8925
8928
8929
8929
8930
8930
8930
8931
8932
8932
8933
8933
8933
8935
8936
8936
8938
8938
8939
8940
8941
8942
8943
8943
8943
8944
8946
8948
8948
8950
8951
8951
8952
8953
8953
8954
8955
8956
8957
8957
8958
8959
8960
8961
8962
8962
8963
8963
8964
8964
8965
8968
8968
8969
8969
8970
8972
8974
8977
8978
8981
8983
8984
8984
8986
8988
8988
8989
8991
8992
8993
8994
8995
8996
8996
9000
9002
9003
9003
9004
9006
9006
9008
9011
9011
9012
9012
9012
9013
9013
9014
9015
9015
9016
9016
9017
9019
9019
9020
9023
9024
9025
9026
9027
9028
9032
9032
9037
9037
9037
9037
9038
9039
9040
9042
9042
9043
9044
9045
9045
9047
9050
9050
9051
9051
9052
9054
9056
9056
9056
9058
9059
9059
9063
9066
9066
9066
9067
9067
9067
9068
9068
9069
9071
9071
9072
9073
9073
9073
9078
9080
9082
9082
9083
9083
9087
9087
9088
9088
9090
9092
9093
9093
9094
9094
9095
9095
9096
9097
9098
9098
9099
9101
9104
9105
9107
9107
9108
9109
9112
9113
9116
9117
9117
9118
9119
9119
9120
9121
9122
9122
9122
9123
9123
9123
9123
9124
9126
9126
9127
9127
9128
9128
9129
9130
9132
9132
9133
9134
9135
9136
9137
9139
9139
9139
9143
9143
9143
9145
9146
9147
9148
9148
9149
9151
9153
9153
9154
9155
9156
9157
9158
9158
9158
9158
9161
9161
9161
9162
9162
9162
9162
9163
9164
9165
9166
9169
9171
9172
9173
9174
9174
9175
9176
9177
9177
9177
9177
9177
9178
9178
9182
9182
9185
9187
9187
9187
9189
9190
9191
9192
9192
9193
9194
9194
9194
9194
9195
9198
9199
9202
9202
9204
9206
9207
9209
9209
9209
9210
9210
9211
9211
9213
9217
9218
9219
9219
9219
9222
9222
9226
9226
9226
9227
9228
9228
9228
9228
9231
9231
9232
9232
9235
9235
9235
9236
9236
9236
9237
9237
9238
9239
9240
9241
9242
9243
9243
9244
9247
9247
9251
9251
9252
9253
9254
9255
9258
9260
9260
9260
9260
9261
9262
9263
9263
9264
9264
9265
9265
9266
9266
9267
9268
9271
9271
9273
9274
9275
9276
9278
9279
9281
9282
9283
9284
9285
9285
9285
9286
9288
9289
9290
9290
9291
9292
9294
9295
9296
9297
9298
9298
9299
9301
9301
9304
9306
9306
9307
9307
9308
9309
9312
9313
9313
9314
9315
9315
9316
9318
9318
9319
9320
9322
9322
9323
9323
9324
9324
9324
9326
9327
9327
9328
9329
9331
9331
9332
9333
9333
9334
9335
9335
9336
9336
9338
9338
9339
9340
9340
9344
9344
9344
9345
9346
9349
9349
9349
9349
9350
9352
9352
9353
9353
9354
9354
9355
9358
9358
9359
9359
9360
9362
9362
9362
9362
9363
9364
9366
9367
9367
9368
9371
9372
9374
9374
9375
9376
9376
9380
9381
9381
9381
9382
9383
9384
9385
9385
9388
9390
9390
9391
9393
9393
9395
9396
9396
9396
9398
9399
9399
9401
9401
9402
9405
9406
9409
9409
9410
9411
9411
9412
9413
9414
9415
9415
9416
9416
9417
9421
9421
9422
9422
9423
9424
9425
9426
9426
9427
9428
9429
9429
9429
9430
9431
9432
9433
9433
9435
9437
9437
9438
9439
9439
9441
9441
9442
9442
9443
9444
9444
9444
9447
9449
9450
9453
9453
9454
9455
9457
9457
9457
9460
9461
9462
9464
9466
9466
9467
9471
9472
9473
9473
9474
9474
9474
9476
9476
9477
9477
9478
9480
9480
9481
9484
9487
9490
9490
9490
9491
9492
9493
9494
9494
9495
9496
9502
9503
9509
9510
9512
9512
9514
9514
9514
9514
9514
9516
9519
9519
9519
9521
9521
9521
9522
9523
9524
9524
9525
9525
9527
9527
9529
9531
9531
9531
9532
9532
9533
9536
9536
9536
9537
9537
9539
9540
9540
9540
9540
9542
9543
9547
9547
9547
9547
9549
9550
9551
9554
9555
9556
9556
9558
9558
9560
9560
9560
9562
9563
9564
9565
9567
9567
9568
9570
9570
9573
9575
9575
9576
9577
9577
9578
9579
9579
9579
9580
9581
9584
9590
9590
9593
9593
9594
9594
9595
9596
9597
9598
9599
9600
9600
9601
9602
9604
9606
9606
9606
9607
9608
9610
9610
9611
9612
9616
9618
9620
9620
9620
9622
9622
9624
9629
9630
9630
9631
9632
9633
9633
9638
9640
9641
9642
9642
9643
9643
9646
9647
9649
9650
9652
9652
9658
9658
9659
9660
9660
9660
9661
9661
9662
9662
9663
9663
9663
9664
9664
9664
9665
9667
9668
9669
9669
9671
9675
9675
9676
9676
9677
9678
9678
9679
9680
9681
9681
9681
9682
9682
9683
9685
9686
9690
9690
9692
9692
9692
9693
9693
9693
9694
9695
9698
9699
9700
9701
9701
9703
9703
9703
9703
9704
9704
9706
9706
9706
9707
9708
9709
9710
9710
9712
9712
9716
9718
9719
9719
9720
9723
9724
9724
9725
9725
9725
9725
9725
9726
9726
9726
9727
9727
9730
9732
9732
9732
9732
9732
9732
9733
9733
9734
9735
9735
9735
9739
9739
9740
9741
9742
9742
9742
9743
9744
9746
9746
9747
9748
9749
9749
9750
9753
9753
9753
9754
9755
9756
9756
9757
9757
9758
9758
9758
9758
9759
9762
9763
9763
9764
9765
9768
9768
9769
9769
9769
9770
9770
9771
9772
9773
9775
9776
9777
9777
9777
9779
9781
9781
9781
9781
9782
9782
9785
9786
9787
9787
9787
9790
9790
9792
9793
9795
9795
9796
9796
9796
9797
9798
9798
9800
9801
9801
9803
9804
9805
9805
9806
9807
9808
9809
9811
9812
9812
9813
9813
9815
9815
9815
9816
9816
9817
9818
9819
9819
9820
9821
9823
9824
9825
9825
9825
9826
9828
9830
9830
9831
9833
9833
9834
9838
9838
9839
9840
9840
9841
9842
9843
9845
9846
9847
9847
9851
9853
9853
9853
9854
9857
9857
9859
9860
9861
9861
9862
9863
9863
9865
9868
9869
9870
9871
9871
9872
9874
9875
9875
9875
9876
9878
9878
9878
9878
9878
9878
9881
9881
9882
9883
9883
9886
9887
9887
9887
9889
9889
9891
9892
9892
9892
9894
9895
9897
9897
9898
9898
9899
9900
9901
9902
9903
9904
9906
9910
9911
9911
9911
9911
9912
9913
9914
9917
9918
9922
9924
9924
9924
9924
9926
9927
9929
9929
9929
9930
9930
9930
9934
9934
9936
9936
9937
9938
9941
9941
9942
9943
9945
9945
9946
9947
9947
9948
9949
9950
9951
9953
9955
9955
9956
9956
9960
9961
9962
9962
9962
9963
9963
9964
9965
9966
9967
9968
9969
9970
9972
9972
9973
9973
9975
9976
9976
9978
9979
9980
9982
9983
9983
9984
9984
9984
9984
9986
9986
9987
9989
9990
9990
9990
9990
9991
9991
9991
9993
9994
9994
9994
9994
9996
9998
