0
1
1
2
4
4
4
5
6
7
8
8
9
10
10
10
11
13
14
15
16
17
18
18
18
19
21
21
21
21
23
24
25
26
26
30
33
33
34
37
39
39
39
41
41
42
43
43
44
46
46
47
48
49
50
50
51
52
55
55
57
60
60
61
61
63
64
64
64
64
66
69
70
70
71
72
75
77
78
83
84
85
87
89
89
90
93
93
93
93
94
95
95
96
96
97
97
98
98
98
101
101
102
104
104
106
107
107
108
109
110
110
110
111
112
112
113
113
113
115
115
116
118
118
118
123
124
125
125
128
128
129
130
131
131
134
135
136
137
137
138
138
139
140
141
141
144
146
147
147
149
149
149
150
152
152
155
157
157
158
161
164
164
165
166
166
169
171
172
172
174
174
174
175
176
177
179
180
181
183
183
184
186
188
188
189
189
189
190
191
192
193
197
197
197
197
200
203
203
206
210
211
211
212
213
213
213
214
214
214
216
216
217
221
222
222
223
225
226
226
228
230
232
232
233
234
235
236
236
237
237
238
238
238
239
241
241
243
243
245
246
246
247
248
251
252
252
253
253
256
258
260
261
261
262
262
262
263
265
267
268
269
269
269
269
270
271
271
271
273
273
274
274
275
275
276
276
277
279
279
279
279
280
281
282
284
285
286
286
286
286
290
292
292
292
292
292
293
293
294
295
296
298
299
301
301
302
303
303
304
304
305
308
308
308
309
310
312
312
313
315
315
317
324
327
327
330
331
333
334
336
337
338
340
340
342
342
343
347
347
348
348
349
349
350
353
353
354
356
356
356
357
357
359
359
360
361
363
363
364
364
364
365
365
370
370
371
372
372
374
379
379
379
380
383
386
388
388
388
389
391
392
392
394
394
395
395
395
396
399
399
401
402
403
403
404
405
405
406
406
407
409
409
409
410
411
412
414
414
415
415
418
420
420
420
421
424
425
425
427
428
430
430
432
432
433
434
435
436
437
438
438
439
440
440
440
441
441
442
443
443
444
444
444
445
446
446
446
447
450
451
452
453
453
455
456
456
458
459
459
459
460
461
463
467
467
471
474
474
474
476
477
477
478
478
479
479
480
481
482
483
484
486
486
487
488
488
488
488
488
489
489
489
490
491
493
494
494
496
496
497
497
497
497
498
500
500
503
504
505
505
506
506
507
507
509
509
510
512
512
512
514
515
516
516
518
520
521
521
522
523
523
524
529
529
530
530
533
533
534
534
535
535
535
539
539
539
539
542
542
543
543
544
544
545
546
547
548
549
550
551
553
553
555
558
558
559
560
560
560
561
563
563
564
566
566
566
566
568
571
571
572
573
573
574
575
575
578
580
581
582
583
583
585
586
586
587
588
588
589
590
593
594
595
596
596
597
597
598
599
599
600
602
602
604
605
608
609
612
614
615
615
615
616
617
618
619
620
620
621
622
622
623
623
623
623
624
625
625
626
628
628
632
633
637
638
640
640
640
643
644
646
646
646
646
646
646
647
647
649
649
649
651
652
654
654
656
656
656
657
657
658
658
659
659
659
660
660
660
660
661
661
662
663
668
670
673
673
674
675
677
678
678
678
680
680
683
683
684
684
685
689
690
692
692
693
694
696
698
699
699
700
701
701
701
702
702
703
703
704
704
705
705
707
708
709
710
711
717
717
718
719
719
721
721
723
724
725
725
727
728
729
732
733
734
735
736
736
737
739
739
741
741
743
745
745
746
746
747
748
748
748
749
750
750
751
755
756
757
759
759
761
761
761
762
763
765
766
766
770
771
772
773
775
776
777
778
778
779
779
781
782
783
784
790
790
790
790
791
791
794
794
798
799
799
800
802
802
803
803
804
805
806
807
808
808
808
808
809
810
811
814
814
814
816
816
816
817
817
820
820
821
821
822
823
824
824
827
828
830
830
830
830
832
832
833
834
835
837
840
841
841
841
841
842
842
842
843
844
846
846
846
849
849
850
850
850
850
851
851
854
854
854
856
857
857
857
857
859
861
861
862
862
864
866
866
867
867
867
867
869
870
871
872
873
875
878
880
881
881
883
885
887
889
890
891
892
894
894
894
895
895
897
900
900
901
903
904
905
907
907
908
911
913
914
914
914
915
915
916
919
919
920
922
922
925
927
928
928
929
931
932
933
934
935
936
937
938
938
941
942
943
944
948
948
950
951
951
951
952
954
954
955
955
955
957
958
960
962
964
964
964
965
965
966
966
966
967
967
968
968
970
970
973
973
973
975
978
978
979
979
980
981
982
982
983
984
985
987
987
989
989
989
990
990
992
993
993
995
995
996
1000
1000
1001
1002
1002
1003
1005
1006
1007
1008
1009
1010
1014
1015
1015
1016
1017
1017
1020
1020
1022
1023
1024
1024
1025
1026
1028
1028
1029
1030
1031
1032
1035
1035
1036
1036
1036
1037
1037
1039
1041
1043
1043
1045
1046
1046
1047
1048
1048
1048
1048
1049
1050
1051
1053
1055
1055
1056
1057
1057
1060
1061
1061
1061
1064
1064
1065
1065
1066
1067
1067
1067
1068
1068
1069
1070
1071
1072
1072
1073
1074
1075
1076
1077
1078
1078
1079
1085
1086
1087
1092
1093
1093
1094
1094
1094
1095
1095
1097
1100
1100
1103
1104
1105
1105
1105
1107
1109
1111
1112
1115
1116
1116
1116
1117
1117
1117
1119
1123
1125
1125
1125
1128
1129
1130
1133
1135
1136
1136
1136
1137
1138
1138
1141
1142
1143
1143
1146
1146
1146
1146
1147
1149
1150
1151
1151
1153
1154
1154
1157
1158
1159
1160
1160
1161
1161
1161
1162
1163
1164
1168
1168
1168
1169
1170
1173
1176
1176
1177
1179
1180
1182
1184
1186
1186
1187
1187
1190
1190
1192
1192
1193
1196
1199
1203
1206
1207
1209
1210
1210
1211
1211
1212
1212
1213
1214
1215
1215
1215
1215
1219
1220
1226
1226
1226
1229
1229
1230
1230
1232
1236
1236
1236
1239
1239
1240
1241
1242
1243
1245
1245
1247
1247
1248
1248
1250
1251
1252
1253
1255
1255
1257
1257
1259
1259
1262
1264
1264
1267
1269
1270
1270
1272
1275
1276
1276
1278
1282
1282
1283
1283
1285
1286
1289
1290
1290
1291
1292
1294
1294
1297
1298
1298
1299
1299
1301
1302
1303
1303
1305
1306
1306
1306
1309
1311
1312
1314
1314
1315
1316
1317
1320
1320
1321
1323
1324
1324
1326
1326
1328
1330
1333
1333
1333
1334
1336
1338
1340
1343
1344
1346
1347
1348
1348
1350
1352
1353
1353
1353
1354
1356
1357
1357
1359
1359
1359
1360
1360
1361
1363
1363
1364
1365
1366
1367
1367
1367
1370
1370
1372
1372
1373
1374
1375
1376
1377
1377
1378
1380
1381
1388
1391
1393
1395
1395
1399
1399
1400
1400
1400
1401
1401
1401
1402
1402
1402
1403
1406
1406
1409
1410
1410
1411
1411
1413
1415
1419
1420
1421
1422
1422
1423
1428
1429
1432
1433
1433
1434
1435
1435
1436
1436
1436
1438
1439
1439
1440
1440
1441
1441
1442
1444
1444
1444
1444
1444
1445
1446
1447
1447
1449
1449
1449
1451
1451
1452
1452
1454
1456
1457
1458
1458
1458
1459
1461
1461
1462
1462
1462
1463
1466
1466
1466
1466
1466
1467
1469
1469
1469
1469
1470
1471
1472
1472
1472
1472
1473
1474
1475
1475
1476
1477
1477
1478
1478
1481
1481
1481
1482
1483
1484
1485
1486
1491
1491
1494
1494
1496
1496
1496
1499
1503
1505
1506
1507
1507
1507
1508
1511
1511
1514
1514
1515
1516
1517
1520
1521
1521
1522
1523
1523
1527
1530
1530
1531
1532
1533
1534
1535
1535
1536
1536
1536
1537
1537
1537
1540
1541
1541
1544
1545
1548
1549
1552
1552
1552
1553
1553
1554
1556
1557
1557
1557
1558
1562
1562
1565
1566
1567
1567
1568
1568
1570
1572
1572
1573
1574
1574
1575
1576
1577
1579
1580
1580
1580
1581
1581
1583
1584
1587
1587
1588
1589
1590
1591
1591
1593
1593
1595
1598
1599
1600
1600
1601
1602
1604
1605
1607
1608
1608
1608
1609
1611
1611
1612
1612
1613
1613
1614
1614
1615
1616
1621
1622
1622
1625
1625
1626
1630
1631
1632
1632
1632
1633
1633
1633
1634
1634
1636
1636
1637
1637
1640
1641
1642
1643
1644
1647
1648
1649
1649
1650
1651
1652
1652
1655
1656
1657
1657
1658
1658
1659
1659
1660
1661
1662
1663
1663
1664
1664
1664
1666
1667
1667
1669
1669
1670
1670
1670
1670
1671
1671
1671
1671
1671
1672
1672
1672
1673
1674
1676
1676
1676
1678
1680
1680
1681
1682
1683
1684
1685
1685
1686
1687
1688
1688
1688
1689
1690
1691
1692
1693
1694
1697
1697
1698
1699
1700
1700
1703
1703
1707
1707
1708
1709
1711
1711
1712
1714
1714
1715
1715
1718
1718
1718
1718
1718
1718
1720
1721
1722
1722
1723
1724
1724
1727
1727
1728
1730
1730
1733
1734
1736
1736
1737
1737
1737
1738
1742
1742
1743
1744
1744
1745
1746
1747
1749
1749
1749
1751
1751
1752
1752
1753
1753
1754
1754
1756
1757
1760
1761
1762
1763
1765
1768
1770
1771
1771
1771
1773
1773
1775
1775
1775
1775
1775
1777
1782
1785
1785
1786
1786
1787
1788
1794
1794
1796
1796
1796
1798
1800
1800
1800
1801
1801
1801
1802
1802
1803
1806
1806
1806
1808
1811
1812
1812
1814
1814
1818
1818
1819
1820
1820
1820
1821
1821
1823
1824
1825
1825
1826
1826
1827
1828
1829
1831
1839
1840
1840
1841
1842
1842
1845
1846
1849
1850
1851
1851
1851
1852
1852
1852
1856
1856
1857
1859
1860
1860
1863
1866
1868
1869
1879
1880
1880
1881
1882
1883
1884
1885
1886
1886
1887
1887
1887
1889
1889
1891
1892
1892
1895
1895
1896
1896
1898
1899
1899
1899
1900
1902
1902
1903
1903
1904
1906
1906
1907
1907
1908
1908
1909
1909
1910
1910
1911
1911
1912
1912
1913
1913
1913
1913
1914
1917
1917
1918
1921
1922
1924
1924
1927
1928
1928
1931
1931
1932
1932
1935
1936
1937
1937
1938
1939
1940
1942
1943
1944
1944
1945
1946
1948
1949
1950
1950
1952
1956
1956
1957
1957
1957
1959
1959
1961
1962
1964
1964
1965
1966
1966
1966
1967
1968
1969
1970
1972
1974
1975
1975
1976
1977
1977
1977
1978
1979
1979
1980
1983
1985
1986
1987
1987
1989
1992
1992
1994
1995
1996
1998
1999
1999
1999
2000
2000
2002
2002
2003
2003
2004
2004
2007
2009
2009
2010
2010
2010
2010
2012
2012
2013
2015
2015
2016
2017
2018
2018
2018
2019
2020
2022
2023
2023
2025
2025
2031
2031
2032
2033
2034
2034
2037
2039
2042
2043
2043
2044
2046
2051
2051
2054
2056
2059
2059
2061
2061
2061
2063
2064
2064
2066
2068
2069
2069
2070
2071
2072
2073
2073
2075
2076
2078
2078
2079
2079
2080
2080
2081
2081
2083
2084
2085
2086
2087
2090
2090
2091
2091
2092
2094
2094
2096
2097
2098
2100
2102
2102
2106
2106
2107
2107
2108
2108
2108
2109
2109
2109
2109
2110
2110
2111
2112
2115
2115
2118
2118
2119
2120
2121
2121
2122
2123
2123
2125
2128
2128
2130
2132
2133
2135
2136
2136
2137
2137
2137
2137
2141
2142
2142
2144
2144
2145
2145
2145
2145
2146
2147
2148
2149
2151
2151
2153
2153
2153
2154
2154
2154
2154
2160
2162
2164
2164
2164
2164
2166
2167
2169
2171
2171
2172
2173
2174
2176
2178
2179
2183
2184
2184
2185
2185
2186
2187
2188
2189
2195
2195
2195
2199
2203
2203
2203
2204
2204
2206
2209
2211
2213
2214
2214
2215
2216
2217
2217
2217
2218
2219
2221
2221
2221
2222
2222
2225
2225
2226
2226
2226
2226
2227
2227
2228
2229
2235
2235
2236
2236
2237
2238
2238
2238
2238
2238
2239
2239
2241
2241
2245
2245
2248
2249
2250
2251
2252
2253
2254
2254
2256
2258
2260
2260
2261
2261
2261
2261
2262
2262
2265
2266
2266
2267
2269
2270
2272
2273
2274
2275
2277
2278
2278
2280
2280
2281
2282
2282
2282
2283
2284
2285
2286
2287
2288
2291
2291
2291
2292
2292
2293
2295
2296
2296
2298
2299
2299
2300
2300
2300
2301
2301
2302
2303
2307
2308
2309
2310
2311
2312
2313
2313
2316
2318
2319
2319
2320
2320
2321
2321
2321
2322
2323
2325
2325
2326
2327
2327
2331
2331
2333
2335
2335
2337
2338
2339
2339
2340
2344
2346
2347
2348
2348
2348
2349
2350
2352
2355
2355
2356
2357
2359
2359
2360
2361
2361
2361
2363
2363
2364
2367
2367
2369
2369
2370
2371
2372
2372
2372
2372
2375
2376
2377
2380
2382
2383
2384
2385
2386
2387
2389
2390
2390
2391
2391
2392
2392
2393
2394
2395
2395
2395
2396
2396
2398
2399
2400
2401
2401
2402
2403
2404
2406
2407
2408
2409
2409
2410
2410
2412
2412
2413
2414
2417
2419
2421
2421
2421
2422
2425
2425
2427
2427
2429
2429
2430
2431
2431
2432
2433
2433
2433
2436
2436
2436
2439
2440
2441
2442
2444
2445
2447
2449
2451
2452
2454
2454
2454
2455
2458
2460
2461
2463
2464
2464
2465
2465
2466
2467
2468
2468
2468
2468
2469
2470
2472
2475
2476
2477
2479
2480
2481
2481
2481
2481
2483
2484
2485
2486
2486
2487
2487
2488
2489
2489
2493
2494
2496
2496
2496
2497
2497
2500
2502
2503
2506
2506
2506
2507
2508
2508
2508
2508
2509
2509
2510
2510
2511
2511
2512
2513
2513
2516
2517
2519
2519
2522
2523
2524
2525
2525
2525
2526
2528
2528
2529
2532
2533
2534
2536
2536
2539
2540
2541
2541
2541
2543
2544
2544
2546
2547
2547
2547
2547
2548
2548
2550
2551
2552
2556
2558
2560
2563
2566
2567
2567
2568
2572
2573
2574
2575
2577
2578
2578
2580
2581
2582
2582
2584
2585
2585
2586
2586
2587
2587
2588
2588
2590
2590
2591
2592
2592
2592
2592
2600
2602
2604
2605
2606
2607
2607
2608
2608
2611
2614
2615
2615
2616
2617
2618
2618
2619
2619
2619
2620
2623
2623
2623
2624
2624
2628
2630
2630
2630
2631
2631
2632
2633
2633
2634
2634
2636
2636
2637
2638
2640
2640
2641
2641
2642
2643
2643
2643
2645
2646
2646
2649
2652
2654
2655
2658
2659
2660
2661
2663
2664
2664
2664
2666
2669
2670
2675
2675
2675
2675
2676
2676
2678
2680
2680
2681
2682
2682
2682
2682
2682
2684
2685
2685
2686
2687
2687
2687
2688
2689
2689
2691
2693
2693
2693
2695
2696
2697
2698
2699
2700
2703
2704
2706
2707
2707
2709
2710
2710
2711
2711
2714
2716
2716
2717
2717
2720
2724
2726
2727
2728
2729
2729
2730
2731
2732
2732
2732
2734
2735
2736
2736
2738
2739
2741
2741
2742
2746
2750
2750
2753
2754
2755
2757
2760
2760
2761
2761
2763
2770
2772
2773
2774
2775
2775
2775
2775
2775
2775
2776
2778
2778
2779
2779
2782
2783
2783
2783
2784
2787
2790
2793
2793
2794
2797
2798
2798
2798
2798
2799
2800
2800
2806
2807
2808
2808
2813
2813
2814
2814
2814
2814
2818
2818
2818
2820
2821
2822
2823
2824
2825
2825
2827
2827
2828
2828
2830
2831
2831
2832
2835
2835
2836
2837
2838
2838
2840
2840
2841
2841
2842
2844
2844
2845
2845
2846
2846
2846
2846
2847
2850
2850
2851
2852
2853
2854
2854
2855
2857
2861
2862
2862
2862
2864
2864
2864
2865
2866
2867
2869
2869
2872
2874
2875
2879
2880
2882
2882
2883
2884
2884
2884
2885
2886
2887
2889
2889
2890
2890
2891
2891
2892
2894
2894
2895
2896
2898
2898
2899
2899
2900
2901
2901
2902
2903
2904
2904
2905
2907
2908
2908
2908
2909
2910
2910
2912
2913
2914
2915
2918
2919
2919
2921
2923
2923
2923
2926
2927
2928
2929
2930
2931
2932
2932
2934
2935
2935
2935
2937
2937
2938
2939
2939
2941
2942
2943
2943
2946
2949
2952
2952
2954
2956
2957
2958
2961
2961
2961
2961
2962
2962
2965
2966
2966
2967
2968
2968
2969
2970
2972
2976
2976
2976
2977
2979
2979
2979
2979
2980
2980
2981
2981
2983
2983
2984
2985
2985
2986
2988
2990
2995
2995
2996
2996
2997
3000
3001
3002
3002
3003
3006
3009
3010
3010
3011
3011
3011
3011
3011
3012
3012
3012
3012
3013
3014
3014
3014
3020
3020
3022
3023
3024
3026
3027
3028
3029
3030
3030
3031
3031
3033
3034
3036
3037
3037
3037
3038
3039
3039
3041
3042
3043
3045
3046
3046
3046
3046
3046
3046
3047
3049
3051
3052
3052
3054
3055
3055
3057
3060
3064
3065
3065
3065
3066
3067
3068
3068
3069
3071
3071
3072
3073
3073
3073
3074
3076
3078
3079
3080
3081
3083
3085
3087
3088
3088
3089
3091
3093
3095
3097
3098
3099
3099
3100
3100
3100
3101
3102
3102
3103
3103
3103
3104
3107
3107
3109
3109
3109
3109
3110
3110
3111
3112
3112
3113
3113
3114
3114
3115
3116
3119
3119
3119
3119
3120
3121
3122
3123
3124
3126
3130
3132
3132
3133
3134
3135
3135
3135
3137
3139
3140
3141
3142
3142
3142
3143
3143
3144
3144
3144
3146
3146
3146
3147
3148
3149
3152
3152
3153
3154
3156
3156
3157
3157
3157
3159
3161
3161
3161
3162
3162
3163
3167
3169
3169
3170
3171
3173
3174
3176
3178
3179
3179
3181
3181
3181
3181
3182
3183
3183
3184
3185
3186
3188
3188
3189
3190
3192
3192
3194
3196
3196
3198
3199
3202
3202
3203
3205
3205
3206
3206
3206
3206
3208
3209
3213
3213
3215
3215
3215
3215
3216
3218
3218
3219
3220
3220
3220
3221
3221
3224
3225
3226
3227
3227
3228
3228
3229
3229
3229
3231
3231
3232
3232
3232
3233
3236
3236
3236
3238
3239
3240
3242
3242
3244
3247
3249
3250
3251
3252
3255
3255
3255
3256
3256
3257
3257
3257
3258
3259
3262
3262
3262
3263
3265
3265
3268
3268
3268
3269
3269
3269
3269
3270
3271
3273
3274
3276
3276
3277
3277
3278
3278
3279
3283
3285
3285
3285
3285
3286
3287
3287
3287
3289
3289
3289
3290
3290
3290
3290
3290
3293
3294
3295
3296
3297
3298
3302
3304
3304
3304
3305
3305
3307
3308
3308
3308
3309
3309
3311
3312
3312
3313
3316
3316
3317
3317
3317
3318
3320
3324
3325
3325
3327
3329
3329
3330
3331
3332
3334
3334
3335
3336
3339
3341
3342
3345
3346
3346
3347
3348
3351
3352
3354
3354
3355
3355
3356
3357
3358
3358
3359
3362
3364
3365
3365
3366
3367
3367
3368
3368
3369
3370
3370
3372
3373
3373
3373
3374
3374
3375
3376
3376
3377
3378
3379
3379
3379
3379
3380
3381
3383
3383
3384
3384
3385
3386
3387
3390
3391
3391
3392
3394
3395
3395
3397
3399
3399
3402
3403
3403
3406
3407
3408
3410
3411
3411
3411
3413
3414
3415
3416
3418
3419
3419
3420
3420
3420
3421
3423
3424
3424
3426
3426
3427
3428
3433
3437
3437
3439
3439
3440
3441
3441
3442
3442
3443
3444
3445
3445
3446
3447
3447
3449
3450
3454
3454
3455
3458
3458
3459
3461
3461
3462
3462
3463
3463
3463
3464
3465
3467
3468
3470
3470
3471
3473
3473
3474
3475
3475
3476
3478
3478
3479
3480
3480
3480
3482
3484
3486
3491
3491
3491
3492
3493
3494
3496
3499
3499
3500
3501
3505
3505
3506
3506
3507
3508
3508
3511
3511
3512
3513
3514
3518
3518
3518
3518
3518
3523
3523
3524
3524
3525
3526
3527
3527
3527
3529
3529
3530
3531
3531
3532
3533
3534
3535
3535
3538
3538
3538
3540
3541
3541
3543
3543
3545
3547
3547
3554
3555
3556
3557
3559
3562
3563
3563
3566
3567
3569
3573
3573
3573
3576
3577
3578
3578
3579
3579
3580
3580
3581
3581
3581
3582
3583
3583
3583
3584
3584
3585
3586
3588
3589
3593
3593
3595
3595
3597
3597
3598
3599
3600
3601
3601
3603
3605
3606
3607
3608
3608
3610
3613
3613
3614
3614
3615
3620
3620
3620
3621
3623
3625
3625
3625
3626
3626
3626
3626
3627
3628
3628
3631
3632
3633
3634
3634
3635
3636
3637
3638
3638
3638
3640
3642
3645
3647
3647
3648
3651
3653
3653
3653
3654
3658
3660
3661
3663
3663
3663
3665
3666
3667
3668
3668
3669
3670
3670
3670
3672
3674
3678
3678
3682
3682
3682
3684
3684
3685
3686
3687
3688
3688
3688
3689
3691
3691
3692
3692
3693
3693
3694
3695
3696
3697
3699
3700
3700
3702
3702
3703
3703
3705
3706
3707
3707
3708
3709
3709
3710
3711
3712
3716
3716
3717
3717
3717
3718
3718
3719
3720
3721
3721
3722
3724
3725
3725
3726
3727
3728
3729
3730
3730
3733
3733
3735
3739
3739
3739
3739
3740
3740
3743
3745
3745
3747
3748
3748
3749
3749
3750
3754
3754
3755
3755
3755
3756
3756
3756
3759
3760
3761
3761
3763
3764
3765
3766
3766
3766
3768
3772
3772
3772
3773
3773
3773
3774
3774
3775
3776
3776
3779
3780
3781
3782
3782
3782
3788
3791
3792
3792
3793
3793
3795
3796
3796
3796
3796
3797
3797
3798
3798
3799
3800
3800
3801
3802
3806
3807
3807
3808
3809
3809
3812
3812
3813
3814
3815
3815
3817
3822
3822
3823
3825
3825
3827
3827
3827
3828
3828
3829
3829
3830
3832
3832
3834
3835
3835
3836
3837
3839
3839
3839
3840
3842
3843
3846
3847
3852
3852
3855
3855
3856
3857
3857
3857
3858
3861
3861
3862
3862
3863
3864
3864
3865
3866
3867
3867
3869
3871
3873
3874
3874
3874
3874
3875
3875
3875
3876
3879
3882
3882
3883
3886
3886
3887
3887
3891
3891
3893
3894
3896
3896
3897
3897
3898
3898
3901
3904
3904
3905
3906
3906
3906
3906
3908
3909
3911
3911
3912
3913
3914
3914
3914
3916
3919
3921
3922
3922
3923
3923
3924
3925
3925
3925
3927
3927
3928
3928
3929
3931
3932
3933
3933
3933
3933
3934
3934
3935
3935
3935
3939
3940
3941
3942
3943
3946
3948
3948
3950
3950
3951
3952
3953
3954
3956
3957
3960
3962
3963
3963
3963
3964
3965
3965
3967
3967
3968
3969
3970
3970
3971
3971
3972
3973
3975
3976
3976
3976
3976
3979
3982
3983
3983
3983
3983
3984
3984
3985
3988
3990
3990
3991
3991
3992
3993
3993
3994
3995
3996
3997
3998
3998
3999
4000
4000
4001
4002
4003
4004
4004
4005
4009
4010
4010
4013
4014
4015
4017
4017
4020
4020
4021
4025
4025
4026
4026
4028
4029
4029
4032
4035
4036
4036
4037
4040
4042
4043
4044
4044
4046
4047
4047
4049
4050
4051
4051
4053
4053
4053
4060
4060
4063
4063
4064
4065
4065
4069
4070
4070
4072
4073
4074
4075
4075
4076
4077
4079
4081
4083
4084
4085
4086
4086
4087
4089
4090
4091
4091
4098
4098
4099
4100
4105
4106
4107
4108
4109
4109
4109
4111
4112
4112
4113
4116
4117
4117
4117
4118
4118
4118
4120
4121
4121
4122
4123
4123
4124
4126
4127
4128
4129
4130
4130
4130
4130
4131
4131
4132
4132
4133
4133
4135
4135
4137
4137
4139
4141
4142
4142
4143
4147
4147
4148
4148
4150
4150
4150
4153
4153
4153
4154
4155
4157
4157
4158
4160
4162
4164
4164
4164
4165
4166
4166
4168
4169
4169
4174
4176
4176
4176
4177
4177
4179
4179
4181
4186
4186
4188
4188
4190
4191
4192
4194
4195
4195
4195
4197
4198
4199
4199
4200
4201
4201
4202
4202
4203
4204
4204
4205
4206
4207
4207
4210
4211
4211
4217
4218
4218
4219
4219
4220
4221
4222
4223
4224
4225
4226
4228
4229
4230
4233
4234
4235
4235
4236
4237
4237
4238
4239
4239
4239
4241
4241
4243
4243
4243
4245
4245
4246
4247
4247
4247
4248
4249
4252
4252
4254
4255
4255
4255
4256
4256
4256
4257
4259
4260
4261
4261
4261
4261
4262
4263
4263
4264
4265
4265
4266
4267
4267
4267
4268
4269
4271
4271
4272
4274
4275
4279
4281
4283
4283
4284
4285
4285
4287
4287
4288
4290
4290
4291
4291
4291
4294
4295
4298
4299
4299
4299
4299
4299
4300
4302
4302
4305
4305
4305
4309
4309
4310
4310
4310
4311
4312
4314
4317
4318
4318
4321
4322
4322
4322
4324
4324
4326
4329
4329
4329
4330
4331
4331
4332
4333
4334
4335
4337
4337
4338
4339
4340
4342
4343
4345
4345
4345
4347
4348
4349
4349
4350
4350
4352
4354
4356
4356
4357
4357
4358
4359
4360
4362
4363
4365
4366
4367
4368
4368
4369
4370
4370
4370
4370
4371
4371
4372
4373
4375
4375
4375
4375
4380
4380
4381
4382
4383
4383
4384
4384
4384
4386
4387
4387
4388
4390
4390
4390
4390
4393
4393
4393
4393
4394
4395
4396
4397
4400
4403
4404
4404
4405
4405
4405
4407
4407
4407
4408
4409
4409
4409
4410
4411
4411
4411
4413
4414
4416
4418
4421
4423
4423
4423
4426
4426
4427
4428
4428
4429
4429
4430
4431
4432
4436
4436
4437
4439
4439
4440
4440
4443
4446
4446
4446
4447
4447
4447
4447
4448
4448
4449
4452
4453
4453
4453
4455
4456
4457
4457
4458
4459
4460
4460
4460
4461
4462
4462
4462
4463
4464
4465
4467
4467
4468
4470
4470
4472
4473
4474
4474
4479
4482
4483
4483
4485
4485
4487
4488
4488
4489
4489
4490
4491
4491
4493
4494
4495
4496
4496
4497
4497
4497
4498
4501
4502
4507
4507
4507
4509
4509
4510
4512
4512
4513
4514
4514
4515
4517
4518
4519
4519
4520
4522
4524
4526
4529
4529
4529
4531
4532
4532
4535
4535
4536
4537
4538
4538
4541
4541
4541
4542
4543
4543
4544
4546
4546
4548
4548
4551
4552
4552
4553
4554
4555
4558
4559
4561
4561
4562
4563
4564
4565
4566
4567
4567
4569
4569
4572
4572
4573
4574
4574
4576
4578
4578
4578
4578
4579
4579
4579
4580
4582
4582
4583
4583
4584
4585
4586
4588
4589
4590
4596
4597
4598
4599
4600
4600
4602
4604
4605
4605
4607
4608
4609
4609
4610
4611
4612
4612
4615
4616
4616
4617
4618
4619
4619
4620
4620
4621
4621
4622
4622
4623
4624
4627
4627
4628
4628
4630
4630
4632
4632
4632
4633
4633
4634
4634
4634
4635
4637
4637
4637
4638
4638
4638
4646
4646
4647
4649
4650
4653
4654
4654
4655
4656
4658
4660
4662
4662
4662
4663
4663
4665
4666
4669
4671
4673
4674
4675
4676
4681
4681
4685
4688
4688
4690
4690
4691
4691
4693
4696
4697
4698
4700
4701
4702
4703
4703
4704
4705
4705
4706
4706
4707
4708
4708
4708
4710
4712
4713
4714
4715
4716
4716
4717
4718
4720
4720
4721
4722
4724
4724
4724
4724
4725
4725
4729
4730
4731
4731
4732
4737
4739
4739
4739
4741
4743
4747
4747
4748
4749
4750
4751
4752
4756
4758
4762
4763
4764
4765
4766
4767
4767
4769
4769
4772
4772
4775
4775
4775
4776
4776
4778
4779
4779
4779
4780
4781
4781
4781
4782
4782
4783
4784
4784
4784
4784
4784
4785
4785
4785
4788
4789
4789
4791
4791
4792
4793
4796
4796
4797
4798
4798
4798
4800
4804
4805
4806
4807
4807
4807
4809
4811
4811
4811
4813
4815
4815
4815
4816
4818
4818
4819
4820
4821
4823
4824
4824
4826
4826
4827
4829
4829
4829
4830
4831
4831
4835
4836
4837
4837
4837
4838
4839
4841
4842
4842
4845
4846
4850
4852
4852
4853
4854
4854
4855
4855
4856
4859
4860
4860
4862
4863
4863
4864
4864
4864
4865
4865
4866
4866
4867
4868
4872
4872
4873
4873
4873
4873
4875
4876
4876
4877
4881
4881
4882
4882
4882
4883
4883
4883
4884
4884
4885
4887
4887
4888
4891
4892
4894
4894
4896
4896
4898
4898
4899
4900
4902
4904
4904
4904
4904
4905
4906
4906
4907
4909
4909
4909
4909
4909
4912
4912
4912
4913
4914
4914
4914
4915
4916
4916
4919
4920
4921
4922
4923
4925
4929
4929
4930
4932
4933
4933
4934
4936
4936
4938
4941
4941
4943
4943
4944
4945
4945
4945
4946
4946
4946
4947
4947
4948
4949
4950
4951
4955
4955
4955
4955
4955
4956
4956
4956
4959
4960
4961
4962
4963
4965
4965
4965
4966
4967
4967
4968
4969
4971
4973
4974
4974
4974
4976
4976
4978
4980
4980
4980
4980
4981
4981
4982
4983
4985
4986
4990
4990
4991
4992
4993
4993
4995
4995
4999
4999
5000
5000
5000
5002
5002
5003
5006
5006
5006
5006
5009
5009
5009
5011
5014
5014
5014
5014
5017
5018
5018
5019
5020
5021
5022
5022
5023
5024
5024
5027
5027
5027
5028
5028
5029
5030
5031
5031
5032
5033
5035
5035
5036
5037
5037
5038
5038
5038
5038
5040
5040
5041
5044
5045
5048
5050
5051
5051
5053
5053
5054
5054
5054
5055
5057
5058
5058
5058
5059
5059
5060
5060
5061
5061
5061
5062
5063
5064
5065
5065
5066
5069
5070
5072
5072
5074
5077
5079
5080
5082
5082
5083
5084
5086
5086
5087
5088
5089
5091
5093
5093
5094
5094
5096
5096
5098
5099
5099
5099
5100
5103
5104
5105
5106
5107
5107
5108
5109
5109
5112
5114
5115
5115
5115
5115
5115
5116
5118
5119
5119
5120
5120
5120
5123
5123
5124
5124
5125
5126
5127
5128
5130
5130
5131
5131
5131
5132
5132
5132
5133
5135
5135
5140
5141
5142
5142
5142
5146
5147
5147
5148
5148
5149
5149
5149
5149
5150
5150
5151
5152
5152
5153
5153
5154
5155
5155
5156
5157
5158
5159
5161
5165
5165
5166
5167
5169
5169
5169
5169
5170
5171
5171
5172
5172
5173
5174
5175
5175
5178
5180
5181
5181
5182
5182
5182
5183
5183
5185
5186
5188
5188
5189
5190
5190
5190
5191
5193
5194
5195
5196
5196
5197
5197
5199
5199
5201
5201
5202
5202
5202
5203
5205
5205
5206
5206
5207
5207
5208
5208
5210
5212
5212
5213
5213
5213
5214
5215
5216
5217
5217
5218
5219
5219
5220
5221
5221
5222
5222
5225
5226
5226
5227
5230
5231
5231
5232
5233
5233
5235
5236
5236
5237
5237
5237
5238
5239
5241
5243
5244
5245
5245
5245
5246
5246
5250
5251
5251
5253
5254
5254
5256
5259
5263
5264
5264
5265
5266
5266
5267
5269
5269
5269
5269
5270
5270
5272
5272
5273
5274
5274
5275
5277
5280
5280
5280
5281
5281
5282
5282
5283
5284
5285
5285
5286
5286
5287
5290
5291
5291
5292
5292
5293
5294
5295
5296
5297
5299
5301
5302
5302
5302
5305
5305
5306
5307
5307
5310
5311
5312
5313
5313
5313
5313
5316
5318
5318
5319
5319
5321
5321
5321
5322
5322
5322
5325
5325
5325
5326
5328
5329
5330
5331
5331
5331
5331
5332
5333
5334
5334
5335
5335
5335
5335
5336
5338
5338
5339
5340
5342
5344
5344
5346
5346
5347
5349
5349
5350
5350
5351
5351
5352
5353
5356
5357
5358
5358
5362
5362
5363
5363
5364
5365
5367
5367
5369
5373
5373
5374
5374
5376
5377
5377
5378
5378
5381
5381
5382
5382
5383
5388
5389
5389
5390
5391
5393
5393
5395
5395
5395
5396
5397
5398
5399
5399
5400
5400
5401
5402
5402
5403
5404
5405
5406
5407
5407
5408
5409
5410
5411
5411
5412
5413
5413
5414
5415
5415
5417
5418
5419
5419
5420
5421
5423
5423
5424
5427
5429
5430
5430
5432
5433
5435
5436
5436
5436
5437
5440
5441
5441
5442
5442
5443
5443
5445
5447
5448
5449
5452
5453
5454
5454
5456
5457
5460
5460
5460
5461
5461
5463
5464
5467
5467
5467
5468
5469
5470
5472
5472
5472
5472
5473
5473
5473
5473
5474
5475
5477
5477
5477
5478
5478
5479
5480
5482
5483
5485
5487
5488
5490
5492
5495
5495
5496
5497
5500
5500
5502
5503
5504
5504
5505
5506
5506
5507
5508
5508
5510
5513
5513
5514
5514
5516
5516
5517
5517
5519
5521
5521
5524
5525
5525
5526
5526
5527
5527
5528
5528
5528
5528
5529
5530
5530
5531
5532
5532
5533
5533
5534
5535
5535
5537
5537
5537
5538
5538
5540
5541
5541
5543
5543
5543
5543
5545
5546
5546
5546
5547
5550
5552
5552
5555
5556
5557
5557
5557
5559
5559
5561
5561
5562
5563
5563
5564
5564
5568
5568
5569
5571
5572
5573
5574
5574
5576
5578
5578
5579
5579
5579
5579
5580
5580
5581
5582
5584
5585
5587
5588
5589
5590
5593
5593
5593
5594
5595
5596
5596
5597
5597
5597
5598
5600
5603
5603
5603
5603
5604
5605
5606
5607
5609
5609
5610
5611
5611
5615
5615
5617
5618
5621
5622
5622
5623
5626
5626
5626
5626
5627
5629
5631
5632
5632
5632
5633
5634
5635
5636
5637
5637
5637
5637
5637
5638
5638
5638
5639
5640
5641
5642
5643
5644
5644
5645
5645
5645
5648
5648
5649
5652
5652
5652
5654
5657
5657
5657
5658
5658
5660
5665
5666
5666
5667
5668
5668
5669
5670
5672
5673
5674
5674
5675
5675
5676
5678
5679
5680
5681
5681
5682
5683
5683
5684
5687
5688
5690
5690
5691
5692
5693
5693
5695
5695
5696
5697
5698
5698
5699
5700
5700
5703
5703
5703
5703
5706
5708
5709
5711
5711
5712
5712
5713
5714
5717
5717
5717
5718
5720
5720
5720
5721
5722
5722
5723
5724
5725
5725
5727
5727
5728
5728
5730
5731
5731
5735
5735
5736
5736
5736
5737
5738
5739
5740
5741
5742
5744
5745
5747
5749
5750
5751
5752
5752
5754
5756
5756
5757
5758
5760
5760
5761
5762
5762
5763
5765
5767
5767
5768
5768
5769
5771
5772
5773
5773
5775
5776
5776
5776
5777
5778
5779
5779
5779
5779
5780
5780
5781
5782
5782
5782
5782
5783
5783
5785
5785
5785
5785
5786
5787
5789
5790
5792
5793
5794
5795
5796
5796
5797
5797
5798
5799
5800
5802
5803
5803
5804
5804
5806
5810
5811
5812
5812
5815
5816
5817
5818
5821
5823
5824
5826
5828
5829
5829
5829
5831
5831
5832
5833
5833
5834
5834
5834
5836
5836
5837
5837
5840
5840
5841
5843
5843
5847
5850
5850
5851
5851
5852
5855
5857
5857
5858
5859
5861
5862
5863
5863
5865
5865
5866
5868
5868
5869
5871
5872
5873
5873
5874
5875
5876
5876
5879
5883
5885
5886
5886
5887
5887
5888
5888
5889
5890
5891
5892
5893
5893
5894
5896
5896
5897
5898
5899
5902
5902
5904
5906
5906
5907
5907
5910
5911
5913
5913
5916
5920
5920
5920
5921
5922
5923
5923
5924
5924
5925
5926
5926
5927
5928
5929
5930
5930
5931
5933
5935
5937
5937
5937
5941
5941
5942
5942
5942
5943
5944
5947
5948
5948
5951
5951
5953
5954
5954
5954
5954
5955
5955
5955
5958
5958
5959
5959
5960
5961
5962
5971
5971
5972
5975
5975
5975
5975
5975
5976
5977
5978
5978
5979
5980
5981
5984
5984
5985
5986
5989
5989
5990
5990
5990
5990
5991
5991
5992
5993
5993
5995
5996
5996
5997
6000
6001
6003
6004
6005
6005
6006
6006
6007
6008
6008
6010
6010
6011
6011
6013
6014
6016
6016
6016
6017
6020
6020
6021
6021
6025
6025
6026
6028
6028
6030
6030
6030
6031
6032
6033
6033
6036
6037
6038
6039
6042
6042
6043
6044
6044
6047
6047
6049
6050
6050
6052
6053
6053
6053
6054
6054
6056
6056
6057
6058
6059
6059
6060
6060
6061
6062
6062
6062
6063
6063
6063
6064
6064
6065
6065
6066
6066
6067
6067
6068
6074
6074
6075
6077
6077
6078
6078
6078
6078
6078
6080
6081
6081
6082
6082
6082
6085
6085
6089
6090
6091
6092
6094
6095
6095
6096
6099
6099
6100
6100
6102
6103
6104
6105
6105
6106
6107
6109
6110
6111
6112
6113
6114
6114
6114
6115
6115
6115
6116
6117
6119
6120
6120
6121
6122
6124
6124
6126
6126
6130
6131
6132
6133
6134
6135
6135
6135
6136
6136
6137
6137
6139
6140
6141
6142
6143
6143
6146
6147
6147
6147
6147
6148
6148
6148
6150
6150
6151
6151
6158
6158
6158
6159
6159
6159
6159
6160
6161
6162
6162
6164
6164
6164
6164
6166
6166
6168
6168
6168
6169
6170
6170
6171
6172
6175
6175
6175
6176
6176
6177
6177
6178
6178
6180
6180
6182
6182
6182
6185
6185
6186
6188
6191
6191
6193
6193
6195
6195
6196
6196
6196
6197
6197
6198
6201
6201
6203
6204
6205
6205
6207
6207
6208
6208
6210
6210
6210
6210
6211
6212
6213
6216
6216
6216
6217
6217
6218
6218
6219
6220
6221
6224
6227
6227
6229
6231
6233
6234
6235
6236
6236
6238
6239
6240
6241
6242
6248
6249
6250
6251
6251
6251
6252
6253
6254
6255
6255
6256
6257
6258
6259
6259
6263
6264
6265
6269
6270
6270
6270
6271
6271
6272
6272
6272
6277
6278
6279
6281
6282
6282
6282
6284
6284
6284
6288
6288
6289
6289
6290
6291
6298
6298
6299
6300
6301
6303
6303
6303
6305
6305
6306
6306
6307
6307
6309
6309
6310
6310
6311
6313
6313
6315
6315
6315
6316
6317
6317
6318
6321
6322
6323
6323
6324
6324
6324
6325
6325
6326
6327
6328
6329
6332
6333
6333
6333
6335
6335
6336
6337
6341
6341
6341
6341
6342
6343
6343
6343
6344
6345
6345
6346
6346
6347
6349
6350
6351
6354
6354
6355
6355
6357
6358
6358
6359
6360
6360
6360
6362
6363
6364
6364
6366
6366
6367
6368
6368
6369
6370
6370
6371
6372
6373
6373
6374
6374
6375
6375
6376
6376
6376
6376
6379
6380
6383
6385
6386
6387
6387
6387
6387
6388
6389
6389
6390
6391
6391
6392
6395
6395
6396
6397
6398
6399
6400
6401
6401
6402
6403
6403
6406
6406
6408
6409
6409
6409
6409
6410
6410
6411
6412
6415
6416
6417
6419
6420
6421
6422
6424
6425
6426
6427
6430
6430
6430
6432
6433
6433
6436
6436
6437
6439
6440
6441
6441
6442
6442
6443
6443
6444
6447
6450
6450
6452
6454
6456
6457
6458
6458
6458
6459
6460
6462
6462
6463
6463
6465
6465
6466
6467
6467
6468
6471
6473
6474
6474
6475
6476
6476
6478
6478
6479
6479
6479
6479
6481
6481
6482
6483
6484
6486
6487
6490
6492
6492
6493
6495
6496
6498
6498
6499
6500
6500
6500
6503
6503
6503
6504
6508
6509
6510
6510
6511
6511
6512
6513
6514
6515
6516
6517
6517
6517
6519
6519
6520
6522
6522
6522
6523
6523
6524
6527
6528
6529
6531
6531
6533
6535
6535
6536
6537
6537
6538
6538
6539
6540
6542
6544
6547
6547
6549
6549
6552
6555
6555
6556
6560
6562
6564
6564
6565
6566
6566
6567
6568
6569
6570
6570
6571
6572
6573
6574
6576
6576
6576
6576
6579
6579
6579
6580
6583
6584
6584
6590
6593
6595
6595
6596
6596
6596
6596
6597
6597
6599
6599
6600
6600
6601
6603
6603
6604
6605
6606
6611
6614
6616
6618
6620
6622
6625
6627
6629
6630
6632
6633
6633
6633
6635
6635
6636
6637
6639
6639
6640
6641
6641
6643
6644
6644
6644
6645
6646
6646
6647
6648
6648
6649
6650
6651
6651
6652
6654
6657
6658
6658
6659
6659
6660
6660
6661
6661
6661
6661
6663
6663
6663
6663
6664
6665
6665
6666
6666
6666
6668
6671
6671
6671
6673
6674
6674
6675
6676
6679
6679
6683
6684
6684
6685
6686
6687
6687
6688
6688
6690
6692
6692
6693
6693
6693
6694
6696
6699
6699
6701
6702
6702
6702
6703
6704
6704
6706
6706
6708
6709
6709
6711
6711
6713
6715
6717
6720
6720
6721
6721
6722
6722
6725
6725
6726
6727
6730
6730
6731
6733
6733
6734
6738
6740
6740
6742
6744
6744
6744
6748
6749
6751
6752
6752
6752
6754
6754
6757
6759
6759
6760
6760
6763
6763
6766
6767
6769
6769
6771
6772
6772
6773
6775
6776
6776
6777
6778
6778
6781
6782
6783
6783
6786
6787
6787
6789
6790
6792
6792
6793
6793
6794
6794
6794
6795
6797
6798
6800
6804
6807
6809
6810
6810
6810
6811
6811
6812
6812
6813
6814
6814
6815
6816
6817
6818
6819
6819
6820
6821
6822
6823
6824
6825
6825
6826
6828
6828
6834
6834
6837
6837
6838
6838
6839
6839
6839
6840
6840
6841
6841
6842
6842
6843
6847
6847
6848
6850
6851
6854
6855
6855
6856
6859
6859
6859
6862
6862
6862
6863
6864
6865
6865
6865
6865
6866
6866
6866
6867
6869
6870
6872
6873
6876
6877
6877
6878
6878
6879
6880
6883
6884
6884
6885
6885
6889
6889
6890
6891
6892
6892
6894
6897
6897
6898
6900
6902
6903
6903
6905
6910
6910
6911
6912
6914
6915
6915
6915
6918
6918
6918
6918
6919
6919
6920
6920
6921
6921
6922
6923
6924
6927
6929
6930
6933
6934
6935
6936
6937
6938
6940
6942
6942
6942
6944
6944
6945
6948
6949
6949
6951
6952
6953
6954
6954
6954
6956
6957
6958
6958
6959
6964
6965
6965
6966
6967
6968
6969
6970
6970
6973
6975
6975
6978
6978
6979
6980
6980
6983
6984
6984
6988
6992
6992
6993
6993
6994
6994
6995
6996
6996
6996
6996
6996
6996
6997
6997
6998
6998
6998
6999
6999
7001
7001
7003
7004
7004
7004
7007
7007
7008
7009
7010
7012
7012
7018
7018
7019
7022
7022
7023
7024
7025
7025
7025
7027
7027
7029
7029
7031
7033
7033
7033
7033
7034
7034
7034
7035
7036
7037
7038
7039
7041
7044
7045
7047
7048
7048
7049
7049
7050
7052
7053
7053
7057
7059
7061
7061
7063
7065
7065
7065
7066
7066
7066
7067
7071
7071
7071
7072
7072
7072
7072
7074
7076
7076
7077
7077
7080
7080
7081
7082
7082
7085
7085
7087
7087
7091
7092
7093
7094
7094
7096
7096
7099
7101
7102
7102
7102
7103
7107
7107
7107
7108
7111
7112
7113
7115
7117
7118
7118
7120
7121
7121
7123
7124
7124
7124
7125
7125
7126
7127
7128
7129
7131
7131
7134
7135
7135
7135
7135
7135
7135
7137
7138
7139
7139
7140
7144
7144
7144
7144
7145
7145
7146
7147
7150
7150
7151
7151
7152
7156
7157
7157
7159
7159
7160
7160
7162
7162
7162
7164
7165
7165
7166
7167
7167
7167
7167
7170
7171
7171
7171
7174
7175
7175
7176
7179
7180
7182
7183
7183
7184
7184
7184
7185
7185
7187
7188
7189
7189
7191
7191
7193
7196
7196
7197
7197
7199
7200
7200
7201
7202
7202
7203
7203
7206
7206
7211
7214
7214
7216
7216
7217
7218
7219
7220
7221
7224
7224
7225
7228
7228
7229
7230
7233
7233
7235
7235
7236
7237
7237
7238
7239
7240
7240
7241
7242
7243
7245
7247
7247
7249
7249
7250
7250
7251
7251
7252
7253
7253
7255
7258
7258
7259
7259
7259
7259
7259
7260
7260
7262
7263
7263
7264
7264
7264
7264
7266
7267
7267
7267
7268
7269
7269
7270
7270
7270
7271
7272
7273
7273
7274
7276
7276
7278
7278
7283
7283
7286
7286
7288
7288
7290
7290
7291
7292
7295
7295
7295
7296
7298
7298
7300
7300
7301
7301
7302
7304
7305
7305
7308
7310
7311
7314
7317
7318
7320
7321
7322
7323
7324
7326
7327
7327
7327
7328
7329
7331
7331
7332
7332
7333
7335
7337
7338
7339
7340
7340
7341
7347
7347
7348
7348
7351
7351
7354
7355
7357
7360
7361
7361
7362
7363
7363
7363
7364
7365
7366
7370
7371
7371
7372
7373
7374
7376
7377
7377
7378
7380
7380
7387
7389
7389
7390
7390
7390
7390
7394
7395
7395
7396
7399
7400
7401
7402
7407
7408
7409
7410
7410
7412
7414
7415
7415
7417
7417
7419
7420
7420
7421
7422
7426
7427
7434
7437
7437
7441
7443
7443
7443
7444
7445
7446
7447
7448
7449
7449
7450
7451
7451
7452
7452
7453
7453
7453
7453
7456
7457
7457
7457
7458
7464
7466
7470
7471
7471
7471
7472
7472
7474
7475
7476
7477
7479
7481
7482
7482
7483
7484
7485
7485
7486
7487
7488
7489
7489
7490
7491
7491
7492
7493
7496
7496
7498
7498
7500
7502
7502
7503
7505
7505
7506
7511
7512
7512
7513
7514
7514
7517
7519
7520
7520
7520
7521
7522
7523
7523
7526
7527
7529
7530
7530
7531
7532
7532
7533
7533
7536
7536
7537
7538
7541
7545
7545
7546
7546
7549
7549
7550
7552
7552
7553
7553
7553
7554
7554
7554
7554
7555
7555
7556
7559
7562
7564
7564
7565
7565
7566
7566
7566
7566
7567
7568
7568
7569
7570
7571
7572
7573
7574
7574
7575
7576
7576
7576
7576
7577
7578
7578
7579
7582
7583
7587
7587
7588
7589
7590
7591
7591
7592
7592
7592
7592
7593
7594
7594
7595
7595
7596
7596
7597
7598
7598
7598
7598
7598
7599
7600
7601
7601
7602
7603
7603
7605
7605
7607
7607
7607
7608
7608
7609
7610
7611
7611
7611
7614
7614
7614
7615
7616
7616
7618
7618
7619
7619
7620
7621
7621
7621
7622
7622
7624
7625
7625
7626
7626
7628
7628
7629
7632
7633
7634
7634
7635
7635
7638
7639
7640
7641
7642
7642
7642
7642
7644
7645
7646
7646
7647
7649
7652
7652
7654
7656
7658
7659
7660
7660
7661
7662
7663
7664
7665
7666
7667
7668
7669
7673
7673
7674
7676
7677
7677
7678
7680
7681
7682
7682
7683
7685
7686
7687
7687
7687
7688
7689
7689
7689
7690
7691
7692
7693
7693
7694
7695
7695
7696
7696
7696
7698
7701
7701
7702
7703
7703
7704
7706
7706
7709
7709
7709
7709
7712
7713
7714
7714
7714
7715
7718
7718
7718
7718
7719
7720
7720
7721
7724
7725
7725
7727
7728
7728
7729
7730
7731
7731
7734
7736
7737
7737
7740
7740
7742
7743
7746
7746
7747
7747
7748
7750
7751
7752
7752
7753
7755
7755
7756
7758
7758
7763
7763
7763
7764
7765
7765
7766
7766
7766
7767
7767
7768
7768
7768
7769
7770
7770
7770
7772
7775
7776
7777
7778
7778
7779
7779
7779
7781
7783
7783
7784
7784
7784
7785
7785
7786
7791
7793
7793
7794
7797
7797
7799
7800
7801
7801
7802
7802
7803
7803
7804
7805
7806
7808
7808
7813
7813
7814
7814
7815
7815
7815
7816
7816
7816
7816
7816
7817
7817
7819
7820
7820
7823
7823
7824
7824
7825
7825
7826
7826
7826
7827
7829
7830
7830
7831
7834
7835
7835
7836
7837
7838
7840
7840
7840
7841
7842
7844
7847
7847
7851
7853
7854
7856
7857
7857
7857
7857
7858
7859
7860
7860
7863
7868
7868
7870
7872
7872
7875
7875
7877
7878
7879
7880
7880
7880
7882
7882
7884
7884
7885
7886
7886
7886
7886
7888
7890
7891
7892
7893
7894
7896
7898
7899
7899
7901
7902
7902
7905
7906
7906
7907
7907
7909
7909
7912
7913
7915
7915
7919
7920
7920
7921
7922
7922
7923
7925
7926
7927
7927
7930
7931
7932
7933
7935
7935
7935
7936
7936
7937
7937
7937
7938
7939
7942
7942
7942
7944
7945
7946
7947
7947
7947
7949
7949
7951
7953
7953
7953
7954
7955
7955
7956
7957
7958
7959
7962
7963
7966
7969
7970
7970
7971
7971
7971
7973
7975
7975
7975
7976
7976
7976
7977
7977
7978
7978
7979
7979
7979
7979
7979
7980
7983
7984
7984
7985
7986
7987
7987
7990
7991
7992
7993
7993
7993
7995
7995
7997
7997
7998
7999
7999
8000
8003
8003
8004
8004
8007
8008
8009
8009
8009
8010
8011
8012
8014
8015
8015
8018
8019
8020
8020
8022
8022
8023
8023
8026
8027
8033
8034
8035
8035
8036
8036
8037
8037
8038
8038
8039
8039
8040
8040
8045
8046
8048
8049
8049
8051
8053
8053
8053
8054
8055
8055
8056
8056
8056
8058
8059
8060
8061
8061
8062
8062
8063
8064
8066
8066
8067
8068
8070
8070
8071
8071
8071
8073
8075
8076
8077
8083
8084
8085
8085
8087
8089
8093
8093
8094
8095
8097
8098
8099
8100
8101
8101
8102
8103
8103
8104
8104
8104
8105
8105
8105
8105
8106
8107
8108
8111
8111
8114
8115
8116
8118
8120
8120
8121
8122
8122
8123
8123
8124
8127
8127
8130
8131
8132
8132
8135
8135
8136
8136
8136
8137
8139
8142
8144
8144
8145
8146
8147
8147
8149
8149
8150
8151
8155
8156
8157
8158
8160
8161
8161
8161
8161
8161
8162
8163
8163
8163
8164
8164
8166
8166
8167
8168
8169
8169
8171
8171
8171
8172
8172
8172
8173
8174
8174
8175
8175
8175
8176
8176
8177
8177
8178
8180
8180
8180
8180
8181
8182
8182
8183
8185
8186
8186
8187
8188
8188
8188
8192
8192
8193
8195
8197
8199
8201
8201
8201
8202
8205
8206
8206
8207
8207
8208
8210
8210
8211
8212
8214
8215
8216
8216
8217
8217
8217
8218
8219
8219
8221
8221
8222
8222
8223
8223
8224
8225
8226
8227
8229
8231
8231
8234
8235
8235
8235
8236
8237
8239
8240
8240
8241
8241
8242
8243
8246
8250
8250
8250
8252
8253
8253
8253
8254
8254
8255
8256
8256
8256
8257
8257
8257
8257
8259
8261
8261
8261
8263
8263
8266
8266
8268
8269
8269
8276
8277
8277
8279
8280
8280
8280
8282
8283
8283
8284
8287
8287
8288
8288
8289
8289
8290
8290
8292
8293
8295
8297
8298
8299
8299
8300
8301
8303
8303
8304
8304
8305
8306
8307
8308
8310
8310
8310
8310
8311
8312
8313
8314
8318
8318
8319
8319
8319
8320
8321
8321
8322
8329
8329
8329
8330
8331
8332
8333
8340
8342
8344
8344
8347
8348
8349
8350
8351
8351
8354
8355
8357
8358
8359
8359
8360
8361
8361
8365
8365
8367
8369
8371
8372
8375
8375
8376
8378
8379
8380
8383
8385
8388
8388
8388
8392
8393
8393
8395
8395
8396
8396
8397
8400
8402
8402
8403
8404
8405
8405
8409
8410
8410
8411
8411
8412
8412
8413
8414
8414
8414
8416
8416
8419
8420
8420
8420
8421
8421
8424
8426
8426
8428
8429
8429
8429
8430
8432
8432
8434
8434
8436
8437
8437
8439
8442
8442
8442
8444
8444
8445
8447
8450
8450
8450
8451
8452
8455
8455
8455
8456
8457
8457
8458
8458
8459
8459
8460
8460
8460
8462
8463
8463
8463
8464
8464
8465
8465
8468
8468
8468
8471
8471
8471
8473
8475
8475
8476
8476
8476
8478
8481
8482
8483
8483
8485
8488
8490
8491
8492
8492
8493
8494
8494
8494
8494
8497
8500
8503
8504
8504
8504
8505
8506
8507
8507
8508
8509
8510
8513
8513
8514
8515
8518
8519
8520
8525
8526
8527
8527
8528
8531
8531
8533
8534
8535
8536
8538
8538
8539
8539
8541
8541
8544
8545
8545
8547
8547
8548
8548
8551
8551
8551
8551
8551
8552
8553
8553
8553
8555
8556
8556
8557
8557
8559
8560
8560
8562
8562
8563
8564
8565
8565
8566
8566
8567
8569
8569
8570
8571
8571
8573
8575
8577
8578
8579
8580
8581
8581
8582
8582
8582
8583
8584
8585
8585
8585
8586
8587
8588
8588
8589
8589
8589
8589
8591
8593
8594
8595
8596
8601
8601
8601
8601
8603
8604
8604
8605
8608
8609
8609
8610
8611
8612
8612
8614
8614
8615
8615
8617
8619
8620
8623
8623
8624
8625
8626
8627
8629
8629
8629
8630
8631
8632
8632
8634
8634
8636
8636
8637
8637
8638
8640
8640
8641
8641
8642
8645
8646
8646
8647
8647
8647
8648
8649
8650
8653
8653
8654
8656
8656
8658
8660
8661
8664
8665
8665
8666
8666
8667
8669
8669
8670
8671
8672
8673
8673
8673
8673
8674
8676
8676
8677
8678
8678
8678
8680
8682
8682
8682
8683
8684
8684
8685
8687
8689
8690
8690
8691
8691
8691
8693
8695
8698
8699
8700
8700
8700
8702
8704
8704
8705
8707
8708
8708
8710
8711
8712
8713
8715
8716
8716
8716
8716
8719
8719
8721
8722
8722
8722
8725
8730
8731
8732
8732
8732
8732
8732
8733
8738
8738
8738
8739
8740
8740
8743
8745
8747
8747
8747
8748
8749
8750
8750
8750
8751
8751
8751
8751
8751
8752
8752
8752
8754
8754
8757
8758
8760
8763
8764
8766
8766
8768
8769
8769
8771
8771
8772
8772
8772
8773
8775
8776
8777
8782
8784
8785
8785
8785
8787
8787
8788
8790
8790
8791
8791
8791
8791
8791
8792
8793
8794
8794
8795
8795
8797
8797
8799
8800
8802
8804
8805
8806
8807
8807
8809
8810
8811
8812
8813
8813
8814
8816
8816
8816
8817
8817
8818
8819
8822
8822
8822
8823
8825
8825
8826
8829
8831
8834
8834
8835
8836
8836
8836
8840
8841
8841
8843
8845
8845
8845
8848
8848
8849
8849
8850
8850
8851
8854
8855
8857
8858
8858
8858
8861
8861
8862
8862
8862
8864
8866
8867
8867
8867
8867
8870
8870
8871
8872
8872
8873
8873
8874
8874
8875
8875
8876
8876
8876
8876
8877
8878
8879
8882
8882
8884
8884
8885
8885
8885
8886
8886
8887
8888
8890
8891
8891
8891
8892
8893
8894
8894
8894
8894
8894
8895
8896
8896
8897
8898
8899
8901
8903
8903
8906
8906
8906
8907
8907
8907
8908
8909
8909
8909
8909
8910
8911
8911
8913
8913
8913
8914
8914
8914
8915
8915
8916
8917
8918
8919
8919
8921
8922
8922
8922
8923
8924
8924
8925
8925
8925
8927
8928
8928
8928
8929
8930
8931
8934
8935
8935
8936
8938
8938
8945
8945
8946
8948
8950
8950
8953
8954
8955
8955
8957
8958
8958
8958
8960
8962
8963
8963
8965
8965
8968
8968
8969
8969
8971
8972
8974
8976
8976
8977
8977
8977
8979
8980
8980
8981
8982
8982
8982
8983
8983
8983
8983
8983
8984
8984
8985
8986
8986
8987
8987
8987
8989
8989
8990
8990
8991
8991
8991
8992
8992
8993
8994
8994
8994
8996
8997
8998
8999
8999
9000
9003
9003
9004
9007
9009
9010
9012
9013
9015
9017
9017
9018
9019
9020
9021
9021
9022
9023
9030
9033
9035
9036
9036
9036
9037
9038
9041
9041
9042
9042
9044
9044
9045
9046
9048
9050
9051
9053
9053
9056
9056
9057
9057
9058
9058
9058
9060
9060
9061
9061
9061
9062
9062
9063
9064
9064
9065
9067
9068
9071
9071
9072
9073
9074
9075
9077
9078
9082
9084
9085
9087
9087
9087
9087
9090
9090
9092
9092
9094
9094
9094
9094
9095
9095
9096
9097
9097
9101
9102
9102
9102
9102
9105
9106
9107
9108
9109
9110
9112
9113
9115
9116
9120
9120
9121
9122
9122
9123
9124
9126
9129
9129
9129
9130
9132
9133
9134
9135
9137
9139
9140
9142
9143
9148
9148
9149
9151
9152
9153
9154
9158
9160
9161
9164
9166
9166
9169
9171
9173
9173
9174
9174
9175
9175
9175
9176
9178
9180
9185
9185
9186
9187
9187
9188
9189
9189
9189
9190
9190
9193
9194
9197
9197
9198
9199
9202
9202
9203
9205
9207
9207
9207
9207
9208
9210
9211
9211
9211
9212
9213
9213
9214
9216
9216
9217
9217
9218
9218
9218
9221
9221
9221
9221
9223
9224
9225
9227
9229
9232
9234
9234
9235
9238
9238
9238
9241
9242
9245
9245
9245
9248
9249
9249
9249
9254
9254
9255
9256
9258
9258
9259
9260
9262
9263
9265
9266
9268
9268
9268
9268
9269
9269
9270
9270
9271
9271
9273
9274
9275
9276
9276
9277
9278
9281
9281
9282
9284
9286
9287
9288
9289
9291
9294
9295
9295
9295
9296
9297
9298
9298
9299
9300
9302
9302
9303
9304
9304
9305
9305
9307
9308
9308
9308
9309
9310
9313
9315
9316
9318
9319
9319
9320
9320
9321
9322
9323
9325
9327
9328
9328
9329
9330
9330
9330
9330
9331
9333
9333
9335
9336
9338
9338
9339
9340
9341
9344
9345
9346
9346
9347
9347
9348
9351
9352
9357
9357
9357
9363
9365
9366
9367
9370
9370
9371
9372
9372
9375
9375
9378
9379
9379
9380
9380
9381
9381
9383
9387
9387
9388
9389
9390
9392
9393
9394
9395
9395
9397
9398
9398
9398
9398
9401
9402
9403
9404
9406
9411
9413
9414
9415
9415
9415
9416
9416
9417
9417
9418
9418
9420
9420
9421
9423
9425
9427
9428
9428
9429
9430
9430
9432
9433
9433
9434
9435
9436
9437
9441
9442
9443
9444
9445
9446
9447
9447
9448
9448
9449
9449
9450
9451
9451
9452
9453
9454
9454
9456
9457
9457
9459
9459
9461
9462
9464
9465
9467
9467
9467
9468
9471
9473
9473
9473
9474
9475
9477
9477
9477
9478
9478
9479
9480
9481
9481
9482
9483
9484
9485
9486
9486
9488
9489
9489
9489
9491
9491
9492
9494
9498
9500
9501
9502
9502
9502
9503
9503
9505
9506
9507
9508
9508
9509
9510
9510
9511
9511
9511
9512
9513
9513
9515
9516
9517
9517
9517
9518
9519
9521
9523
9523
9524
9525
9525
9527
9528
9528
9531
9533
9533
9533
9535
9538
9538
9538
9539
9539
9541
9542
9543
9545
9545
9547
9547
9548
9548
9548
9549
9550
9553
9554
9554
9554
9556
9556
9556
9557
9557
9558
9558
9559
9561
9563
9564
9564
9564
9566
9568
9570
9572
9572
9574
9574
9574
9575
9575
9575
9576
9577
9581
9581
9581
9582
9583
9583
9584
9585
9585
9586
9587
9589
9589
9590
9590
9591
9591
9592
9592
9595
9595
9595
9595
9595
9595
9596
9600
9600
9600
9603
9604
9604
9605
9606
9606
9606
9607
9607
9608
9609
9609
9609
9609
9610
9610
9610
9611
9611
9611
9612
9612
9614
9615
9616
9617
9617
9617
9618
9618
9618
9618
9620
9620
9621
9622
9622
9622
9622
9623
9623
9624
9624
9625
9626
9626
9628
9630
9630
9631
9633
9635
9637
9638
9641
9641
9642
9643
9644
9645
9645
9645
9645
9645
9645
9647
9647
9648
9651
9652
9655
9656
9657
9659
9660
9660
9663
9664
9667
9667
9668
9668
9670
9671
9674
9675
9676
9677
9677
9681
9682
9682
9683
9685
9687
9688
9689
9690
9691
9691
9691
9693
9695
9696
9696
9698
9698
9700
9701
9701
9702
9703
9703
9704
9705
9708
9708
9711
9712
9714
9715
9715
9716
9717
9718
9718
9719
9719
9719
9720
9720
9721
9721
9722
9724
9724
9725
9726
9727
9728
9729
9731
9731
9732
9733
9735
9736
9737
9738
9738
9739
9739
9741
9741
9741
9742
9743
9744
9745
9746
9749
9750
9751
9756
9756
9759
9760
9760
9760
9760
9761
9764
9764
9765
9765
9766
9766
9767
9768
9769
9770
9772
9772
9773
9773
9774
9774
9775
9775
9776
9776
9777
9777
9777
9779
9780
9780
9780
9782
9783
9785
9785
9786
9787
9789
9790
9791
9791
9791
9794
9797
9798
9800
9800
9801
9801
9807
9808
9809
9809
9810
9811
9812
9812
9815
9815
9815
9815
9816
9817
9818
9818
9819
9820
9820
9820
9822
9822
9822
9823
9824
9825
9825
9826
9826
9829
9830
9830
9831
9831
9836
9837
9839
9840
9841
9843
9846
9846
9846
9847
9848
9849
9850
9854
9855
9855
9860
9861
9861
9861
9864
9865
9866
9867
9868
9868
9869
9871
9871
9874
9875
9876
9876
9878
9879
9879
9880
9880
9880
9881
9881
9881
9882
9882
9884
9886
9886
9887
9888
9888
9888
9888
9889
9889
9891
9891
9891
9892
9894
9895
9896
9899
9900
9903
9907
9907
9908
9908
9909
9913
9913
9914
9915
9915
9915
9918
9919
9920
9920
9921
9922
9923
9924
9925
9926
9926
9927
9929
9930
9930
9931
9931
9931
9932
9932
9933
9936
9936
9938
9942
9944
9944
9945
9945
9949
9949
9949
9952
9953
9953
9953
9953
9955
9955
9956
9956
9957
9957
9959
9959
9959
9960
9963
9963
9965
9965
9965
9966
9966
9967
9967
9968
9969
9969
9969
9970
9971
9971
9972
9974
9974
9974
9975
9976
9976
9976
9978
9978
9979
9979
9980
9982
9982
9983
9983
9985
9990
9990
9992
9992
9992
9993
9994
9996
9998
9999
9999
