2
2
4
4
4
5
5
5
7
8
8
9
9
9
9
10
11
13
14
14
16
16
18
18
20
20
22
24
24
25
27
27
27
28
28
29
30
31
31
32
33
33
33
33
36
36
38
39
43
44
44
46
46
46
47
47
47
48
49
49
50
51
51
52
52
54
54
54
54
55
55
55
57
58
58
59
61
61
62
62
62
63
63
64
65
65
68
68
69
72
73
73
74
75
76
77
77
79
80
81
82
83
83
84
85
85
87
87
88
89
90
90
91
93
93
94
95
96
97
97
97
97
98
100
101
101
103
103
104
105
105
107
107
108
108
112
112
113
114
115
116
117
118
118
118
119
119
119
120
122
122
122
122
123
125
126
127
128
128
130
132
133
134
134
134
135
137
137
138
138
139
139
140
140
140
140
142
143
143
147
148
148
148
152
153
153
153
153
154
155
155
155
156
157
158
158
159
161
163
166
167
168
169
171
172
173
174
174
175
176
179
180
181
182
183
184
185
186
188
191
191
191
191
192
192
194
194
195
196
200
200
200
201
201
204
204
204
206
206
207
207
207
207
207
209
210
211
211
211
212
212
214
216
217
217
218
218
218
220
220
221
222
222
225
226
227
227
227
227
228
229
230
230
232
235
236
236
238
238
239
240
240
241
242
242
244
245
246
247
247
247
248
249
249
250
250
252
254
254
255
257
257
259
260
261
263
264
266
267
268
268
268
270
271
272
272
273
274
274
275
276
276
276
279
279
280
283
283
283
284
285
288
290
291
292
292
293
294
294
294
296
299
300
301
301
302
302
302
302
303
305
306
307
309
310
311
311
311
315
316
318
318
318
321
322
322
323
326
326
327
327
327
328
330
330
332
334
337
337
339
339
340
340
341
343
344
344
345
346
346
347
348
349
350
351
352
353
353
355
356
357
358
359
359
360
360
361
361
362
363
363
364
365
366
366
367
367
367
370
372
372
374
375
377
378
379
379
379
379
380
380
381
382
383
383
383
383
384
385
386
387
388
389
390
390
390
391
391
392
392
393
394
394
396
400
402
403
403
404
404
407
408
408
409
409
410
412
412
413
413
414
416
417
418
420
420
420
424
426
428
429
430
431
433
433
434
434
435
435
435
435
436
436
436
436
438
438
439
441
442
443
445
445
445
446
446
447
448
448
450
450
454
454
454
454
455
456
456
460
460
461
461
464
464
465
465
466
469
471
472
476
476
477
477
477
477
477
478
478
481
484
485
486
486
486
487
487
487
488
492
492
493
494
496
496
496
498
499
500
500
500
501
501
502
502
505
505
507
507
508
509
511
513
513
513
515
515
515
515
516
518
519
521
521
522
522
524
525
526
527
528
529
530
533
535
535
536
536
537
537
538
538
538
539
541
541
542
542
543
543
544
544
544
545
545
547
549
549
550
551
552
553
553
554
554
558
558
561
561
561
562
563
563
564
564
566
568
568
569
570
570
572
572
573
577
578
578
580
581
581
582
583
583
583
584
584
585
587
588
589
590
590
590
590
591
591
591
594
595
596
599
599
599
600
601
602
603
605
605
605
606
606
606
606
606
607
607
609
609
609
610
610
613
613
616
616
618
619
619
624
624
625
625
625
625
627
627
629
629
630
630
630
635
635
637
638
638
638
639
640
645
646
648
649
650
650
650
653
654
655
655
656
657
658
658
659
660
663
663
663
664
665
665
666
668
669
670
671
671
671
673
676
676
677
678
679
679
679
680
681
681
683
683
684
685
686
687
687
688
689
690
691
691
692
692
693
693
694
695
698
698
698
699
700
700
701
701
701
703
704
707
709
710
710
711
713
713
713
714
715
718
719
719
719
721
721
722
723
724
724
725
729
731
731
733
733
735
738
741
746
747
747
750
751
753
753
755
755
757
757
757
759
759
760
761
761
761
761
762
762
763
765
766
767
768
768
769
770
770
771
771
772
772
773
773
774
774
775
776
776
778
779
780
781
781
782
782
784
785
786
789
789
791
793
793
793
794
794
795
797
798
798
799
799
800
801
801
803
803
803
805
805
807
808
808
808
809
810
810
813
813
813
813
814
814
814
815
816
820
822
822
823
826
829
830
830
831
832
832
834
836
838
839
839
840
843
843
844
845
845
846
847
847
850
851
853
853
859
859
860
861
862
862
863
863
864
866
867
870
871
872
872
873
873
874
876
876
879
879
879
879
879
880
883
883
884
884
884
886
887
888
888
889
889
889
890
890
891
892
892
893
893
894
895
896
896
897
899
899
899
901
901
901
902
902
903
904
905
905
907
907
907
908
909
909
913
913
913
913
914
914
915
915
917
918
918
920
921
921
922
923
923
924
928
928
928
929
930
930
930
931
932
935
939
941
943
943
944
946
947
947
947
947
950
953
953
954
954
954
957
957
957
958
960
960
961
961
961
964
965
967
967
967
968
969
972
972
973
974
974
975
976
976
977
978
979
982
983
984
984
984
986
987
987
987
988
989
989
991
993
993
995
995
996
997
998
998
999
1001
1002
1003
1006
1007
1008
1008
1008
1009
1009
1011
1012
1013
1013
1013
1013
1015
1015
1016
1018
1018
1019
1019
1019
1020
1022
1023
1024
1024
1025
1026
1026
1026
1027
1028
1028
1031
1031
1032
1033
1033
1034
1034
1035
1036
1037
1038
1039
1040
1044
1044
1044
1046
1047
1049
1049
1051
1053
1053
1054
1055
1057
1058
1059
1059
1059
1059
1062
1062
1063
1063
1063
1063
1064
1064
1064
1066
1067
1067
1069
1073
1074
1076
1077
1077
1077
1078
1078
1079
1082
1082
1084
1086
1087
1090
1092
1093
1094
1094
1095
1097
1097
1097
1098
1099
1102
1104
1105
1107
1107
1107
1107
1108
1108
1109
1109
1110
1111
1113
1113
1113
1115
1116
1119
1119
1120
1122
1123
1123
1124
1124
1124
1124
1125
1126
1126
1127
1128
1129
1129
1131
1131
1132
1132
1133
1136
1137
1137
1137
1138
1140
1141
1143
1144
1145
1147
1147
1148
1148
1149
1150
1150
1150
1151
1151
1151
1152
1152
1153
1155
1155
1155
1156
1156
1157
1159
1159
1160
1161
1161
1165
1167
1168
1174
1175
1176
1176
1180
1185
1186
1186
1187
1187
1189
1190
1191
1192
1193
1194
1195
1197
1199
1199
1199
1200
1200
1202
1202
1202
1204
1205
1205
1206
1208
1211
1215
1215
1215
1216
1217
1218
1219
1221
1221
1221
1223
1223
1224
1226
1227
1228
1230
1230
1231
1233
1234
1238
1238
1239
1239
1240
1240
1240
1241
1242
1243
1244
1244
1246
1246
1247
1248
1248
1249
1249
1250
1251
1254
1258
1260
1260
1261
1262
1264
1266
1267
1267
1268
1269
1269
1270
1270
1270
1272
1274
1274
1274
1275
1275
1275
1276
1276
1279
1280
1280
1282
1283
1283
1284
1285
1286
1286
1288
1289
1289
1290
1291
1291
1291
1293
1293
1293
1294
1294
1296
1298
1298
1305
1305
1306
1308
1309
1310
1311
1316
1317
1319
1322
1323
1324
1324
1324
1325
1325
1329
1331
1332
1332
1333
1333
1334
1334
1335
1335
1337
1337
1337
1337
1338
1338
1340
1340
1341
1342
1343
1347
1347
1347
1349
1349
1349
1349
1349
1349
1350
1350
1354
1355
1356
1356
1356
1357
1357
1359
1360
1361
1361
1362
1363
1365
1365
1367
1369
1369
1370
1371
1372
1373
1374
1374
1374
1375
1375
1376
1376
1378
1378
1379
1379
1383
1383
1384
1385
1385
1388
1389
1392
1395
1395
1395
1396
1399
1399
1401
1402
1403
1404
1404
1405
1406
1406
1406
1407
1410
1410
1410
1410
1410
1412
1412
1414
1414
1415
1415
1416
1417
1417
1421
1422
1423
1425
1425
1426
1427
1428
1431
1432
1432
1433
1435
1435
1435
1436
1437
1437
1437
1439
1441
1442
1442
1443
1444
1445
1445
1446
1447
1447
1450
1451
1452
1452
1454
1454
1456
1457
1458
1461
1461
1462
1463
1465
1467
1469
1470
1471
1472
1475
1477
1478
1479
1479
1480
1480
1482
1483
1484
1485
1485
1486
1487
1488
1489
1489
1490
1491
1492
1492
1492
1496
1497
1500
1502
1503
1504
1505
1507
1509
1510
1511
1511
1511
1513
1516
1517
1520
1521
1521
1522
1522
1523
1527
1527
1530
1532
1532
1532
1533
1534
1535
1535
1536
1536
1536
1537
1537
1538
1539
1539
1541
1542
1543
1546
1546
1547
1550
1551
1554
1556
1558
1559
1562
1562
1563
1563
1564
1564
1564
1566
1567
1567
1567
1567
1568
1570
1576
1579
1582
1583
1583
1583
1583
1584
1584
1584
1587
1587
1588
1588
1589
1591
1595
1596
1596
1597
1599
1599
1600
1601
1602
1604
1606
1609
1610
1611
1612
1613
1613
1613
1614
1614
1614
1614
1616
1616
1617
1618
1618
1621
1622
1623
1623
1623
1624
1624
1625
1628
1629
1630
1631
1631
1632
1637
1637
1638
1638
1639
1639
1639
1639
1639
1640
1641
1641
1642
1642
1642
1645
1646
1649
1650
1653
1654
1659
1659
1660
1661
1662
1662
1662
1662
1663
1664
1664
1665
1665
1665
1668
1668
1669
1670
1670
1670
1671
1671
1672
1672
1672
1673
1675
1676
1678
1680
1681
1682
1683
1683
1685
1687
1687
1688
1689
1690
1690
1690
1694
1695
1695
1695
1699
1700
1701
1702
1704
1706
1706
1706
1708
1708
1708
1708
1712
1712
1713
1718
1718
1718
1719
1720
1722
1723
1724
1724
1725
1728
1728
1729
1731
1731
1732
1732
1733
1733
1737
1737
1738
1738
1738
1739
1741
1742
1742
1743
1743
1743
1743
1743
1744
1746
1746
1747
1747
1747
1748
1748
1749
1752
1754
1754
1754
1755
1756
1758
1758
1761
1762
1763
1763
1764
1765
1766
1768
1769
1769
1772
1772
1774
1775
1776
1777
1780
1780
1781
1781
1782
1782
1783
1784
1785
1786
1787
1787
1791
1792
1794
1796
1797
1798
1799
1801
1801
1802
1803
1804
1807
1807
1807
1807
1808
1809
1809
1810
1810
1810
1811
1812
1812
1813
1814
1814
1818
1818
1820
1820
1821
1822
1822
1824
1826
1829
1829
1831
1832
1832
1832
1833
1834
1834
1834
1835
1836
1836
1836
1836
1837
1838
1839
1839
1839
1841
1841
1842
1846
1848
1849
1849
1850
1852
1853
1854
1854
1855
1855
1856
1856
1858
1858
1859
1862
1863
1863
1864
1864
1865
1866
1867
1867
1868
1870
1871
1871
1873
1874
1875
1878
1879
1879
1879
1879
1880
1881
1881
1881
1882
1882
1884
1886
1888
1889
1891
1893
1893
1894
1894
1895
1896
1897
1900
1901
1901
1902
1902
1902
1902
1903
1903
1909
1910
1911
1911
1912
1913
1913
1913
1914
1914
1918
1919
1919
1919
1920
1923
1923
1923
1924
1925
1926
1928
1929
1930
1934
1936
1936
1937
1937
1939
1939
1941
1944
1944
1945
1946
1948
1949
1949
1957
1958
1960
1961
1962
1962
1965
1965
1966
1967
1967
1968
1968
1968
1969
1969
1969
1970
1971
1972
1974
1975
1977
1978
1981
1982
1983
1984
1985
1985
1985
1986
1991
1992
1993
1994
1995
1995
1995
1996
1997
1997
1999
2002
2004
2004
2005
2008
2010
2010
2011
2011
2013
2013
2013
2016
2016
2017
2017
2017
2019
2019
2019
2019
2020
2022
2022
2023
2024
2027
2027
2028
2028
2029
2029
2030
2033
2034
2036
2037
2038
2039
2040
2041
2042
2043
2046
2046
2046
2048
2048
2050
2050
2050
2051
2051
2052
2055
2055
2056
2056
2056
2057
2058
2058
2059
2059
2060
2062
2062
2065
2066
2067
2067
2068
2070
2071
2072
2074
2076
2077
2078
2079
2079
2079
2080
2081
2083
2083
2083
2085
2085
2086
2087
2087
2088
2089
2089
2091
2091
2092
2093
2093
2094
2094
2094
2094
2095
2095
2097
2098
2099
2099
2099
2103
2103
2104
2105
2106
2108
2110
2110
2111
2112
2113
2114
2114
2115
2115
2117
2117
2119
2121
2123
2124
2125
2125
2125
2126
2128
2128
2129
2130
2131
2131
2132
2132
2133
2133
2134
2134
2136
2136
2137
2138
2138
2140
2143
2146
2146
2149
2150
2150
2150
2152
2152
2155
2158
2158
2161
2162
2162
2162
2165
2168
2169
2169
2169
2170
2172
2172
2174
2176
2178
2179
2181
2182
2184
2185
2186
2189
2190
2191
2194
2195
2195
2195
2196
2196
2196
2196
2198
2199
2199
2201
2202
2203
2203
2204
2207
2207
2207
2207
2208
2209
2210
2211
2212
2212
2213
2213
2213
2214
2214
2214
2215
2215
2216
2216
2217
2220
2220
2222
2223
2224
2225
2226
2226
2227
2229
2230
2232
2235
2235
2235
2237
2239
2239
2241
2242
2243
2243
2247
2247
2251
2251
2251
2252
2252
2253
2253
2253
2254
2255
2256
2256
2256
2259
2259
2262
2262
2263
2263
2264
2265
2266
2266
2268
2268
2268
2268
2269
2270
2270
2271
2273
2275
2277
2277
2277
2279
2279
2280
2281
2281
2281
2282
2283
2283
2284
2285
2285
2286
2286
2287
2287
2291
2292
2293
2296
2297
2299
2301
2303
2304
2304
2305
2306
2306
2311
2312
2312
2313
2314
2314
2314
2315
2317
2317
2318
2319
2320
2320
2321
2321
2322
2322
2322
2322
2323
2323
2324
2325
2326
2327
2327
2327
2327
2328
2328
2328
2329
2330
2331
2334
2334
2334
2335
2336
2337
2338
2338
2338
2339
2339
2340
2341
2342
2343
2344
2349
2350
2350
2350
2352
2352
2352
2354
2355
2356
2357
2359
2360
2360
2363
2363
2363
2364
2365
2367
2368
2369
2370
2371
2371
2371
2379
2383
2386
2387
2389
2389
2389
2390
2392
2395
2398
2400
2403
2404
2408
2410
2417
2417
2418
2420
2422
2423
2424
2424
2427
2428
2431
2432
2436
2436
2437
2438
2438
2439
2440
2443
2444
2445
2445
2447
2447
2447
2447
2448
2448
2448
2450
2450
2452
2452
2452
2452
2454
2455
2456
2456
2458
2459
2459
2463
2466
2467
2469
2469
2469
2471
2471
2472
2474
2475
2476
2479
2481
2481
2483
2484
2485
2486
2486
2487
2487
2488
2489
2490
2490
2490
2493
2495
2497
2498
2498
2499
2500
2501
2501
2502
2504
2504
2504
2509
2510
2511
2513
2513
2514
2515
2515
2515
2515
2516
2516
2517
2519
2519
2520
2524
2525
2525
2526
2527
2527
2528
2528
2529
2530
2530
2531
2531
2532
2532
2532
2535
2538
2538
2539
2540
2540
2541
2542
2544
2546
2546
2548
2549
2550
2550
2551
2552
2553
2553
2553
2553
2556
2556
2559
2561
2563
2564
2564
2564
2565
2566
2566
2566
2567
2567
2568
2569
2571
2571
2572
2573
2573
2574
2576
2577
2578
2579
2580
2580
2581
2583
2584
2589
2589
2592
2592
2592
2595
2595
2597
2597
2599
2599
2600
2601
2601
2603
2604
2604
2605
2608
2609
2610
2611
2614
2614
2615
2617
2619
2620
2620
2622
2622
2624
2624
2624
2625
2625
2625
2626
2627
2628
2629
2632
2633
2634
2634
2636
2637
2639
2639
2641
2644
2645
2647
2647
2647
2649
2650
2651
2651
2652
2652
2655
2657
2659
2659
2660
2660
2661
2661
2664
2664
2664
2665
2667
2668
2669
2669
2670
2672
2677
2677
2677
2677
2678
2679
2680
2680
2682
2682
2685
2687
2687
2687
2688
2688
2689
2691
2691
2691
2693
2694
2695
2695
2700
2701
2701
2702
2703
2704
2704
2706
2709
2711
2711
2712
2715
2715
2715
2716
2718
2719
2719
2719
2720
2720
2721
2722
2722
2726
2726
2727
2728
2730
2730
2731
2731
2732
2732
2732
2737
2738
2738
2739
2739
2739
2740
2741
2743
2747
2748
2748
2748
2749
2750
2751
2751
2751
2754
2755
2755
2757
2760
2761
2762
2765
2767
2767
2768
2770
2771
2772
2775
2776
2778
2778
2779
2779
2780
2781
2781
2781
2781
2781
2783
2783
2783
2785
2785
2787
2788
2789
2789
2790
2792
2793
2794
2794
2795
2795
2796
2796
2798
2798
2799
2800
2801
2802
2802
2802
2802
2804
2805
2809
2809
2811
2812
2814
2815
2815
2817
2818
2819
2820
2822
2823
2824
2824
2825
2825
2825
2826
2827
2827
2827
2827
2829
2829
2830
2830
2831
2831
2832
2833
2835
2835
2836
2836
2840
2840
2841
2842
2842
2844
2846
2848
2849
2852
2854
2855
2857
2861
2863
2864
2864
2865
2867
2869
2871
2872
2873
2876
2876
2876
2880
2880
2882
2882
2884
2886
2886
2887
2888
2890
2891
2891
2891
2892
2892
2892
2893
2894
2894
2895
2895
2896
2899
2899
2900
2900
2902
2902
2905
2906
2906
2907
2907
2908
2908
2913
2913
2914
2916
2917
2917
2917
2918
2921
2924
2924
2924
2925
2925
2926
2926
2927
2928
2928
2930
2933
2933
2933
2936
2936
2937
2939
2940
2940
2941
2943
2945
2947
2953
2954
2955
2956
2960
2962
2963
2964
2965
2965
2968
2968
2968
2970
2973
2973
2973
2974
2974
2976
2979
2979
2979
2980
2981
2983
2983
2983
2985
2986
2987
2989
2990
2990
2991
2995
2996
2997
2997
2998
2998
2999
2999
3001
3002
3003
3003
3003
3004
3005
3006
3008
3008
3008
3009
3009
3010
3010
3010
3011
3013
3015
3015
3016
3017
3019
3019
3022
3024
3025
3025
3027
3029
3030
3030
3032
3032
3033
3034
3034
3034
3035
3035
3035
3036
3036
3038
3039
3039
3040
3041
3042
3042
3043
3046
3047
3053
3057
3058
3060
3060
3061
3064
3065
3066
3067
3069
3069
3070
3070
3070
3071
3071
3072
3074
3075
3076
3080
3081
3084
3084
3084
3086
3087
3090
3092
3092
3095
3097
3098
3099
3099
3100
3100
3102
3102
3103
3104
3104
3105
3105
3106
3106
3107
3108
3109
3110
3111
3118
3119
3122
3123
3123
3123
3124
3125
3125
3125
3125
3125
3127
3129
3131
3131
3132
3133
3134
3135
3135
3135
3135
3136
3137
3137
3140
3141
3142
3142
3143
3145
3145
3147
3148
3149
3152
3154
3154
3155
3155
3157
3157
3158
3158
3159
3160
3161
3161
3161
3163
3164
3164
3166
3167
3167
3168
3170
3170
3171
3174
3175
3175
3175
3175
3176
3177
3177
3178
3178
3180
3181
3182
3183
3183
3183
3183
3184
3185
3185
3185
3185
3185
3186
3186
3186
3188
3188
3189
3190
3190
3191
3192
3192
3195
3195
3195
3196
3196
3198
3198
3199
3199
3200
3200
3202
3203
3203
3205
3205
3211
3212
3212
3212
3212
3213
3214
3214
3214
3215
3220
3220
3221
3221
3222
3223
3224
3226
3228
3228
3229
3229
3231
3232
3232
3232
3232
3232
3233
3235
3236
3236
3236
3237
3239
3240
3241
3241
3241
3242
3242
3242
3243
3247
3248
3248
3252
3252
3253
3253
3254
3256
3256
3257
3257
3257
3257
3261
3263
3263
3268
3269
3269
3269
3270
3271
3272
3273
3273
3274
3274
3275
3277
3277
3278
3279
3280
3281
3281
3281
3282
3284
3284
3286
3287
3288
3290
3290
3291
3291
3291
3293
3293
3294
3296
3296
3296
3297
3298
3300
3301
3302
3303
3303
3304
3304
3305
3306
3307
3308
3311
3314
3314
3316
3316
3317
3317
3317
3318
3320
3322
3323
3324
3324
3325
3325
3325
3327
3329
3329
3331
3334
3335
3335
3336
3339
3339
3343
3343
3343
3349
3349
3352
3354
3355
3356
3357
3358
3359
3359
3360
3361
3361
3361
3363
3363
3363
3365
3366
3368
3369
3370
3371
3373
3373
3374
3375
3375
3376
3377
3380
3380
3380
3381
3382
3382
3382
3382
3384
3385
3389
3389
3390
3390
3392
3392
3393
3393
3395
3396
3399
3399
3400
3401
3403
3403
3404
3405
3406
3408
3408
3409
3409
3410
3410
3411
3411
3412
3413
3413
3416
3418
3422
3423
3423
3425
3426
3426
3427
3428
3429
3429
3431
3432
3433
3433
3434
3435
3435
3436
3437
3439
3440
3440
3442
3442
3443
3444
3444
3445
3446
3447
3448
3450
3452
3452
3453
3453
3454
3455
3456
3460
3461
3463
3463
3465
3465
3465
3465
3465
3470
3471
3473
3473
3474
3476
3476
3477
3477
3481
3482
3482
3482
3482
3483
3485
3486
3490
3492
3493
3493
3494
3494
3494
3494
3495
3497
3498
3501
3501
3501
3502
3503
3503
3505
3507
3509
3512
3513
3513
3513
3513
3516
3517
3519
3520
3520
3521
3521
3521
3523
3525
3527
3528
3528
3530
3531
3531
3531
3532
3534
3534
3534
3537
3537
3540
3542
3543
3544
3544
3545
3546
3546
3546
3547
3548
3549
3549
3550
3551
3552
3553
3554
3555
3556
3556
3557
3559
3559
3560
3563
3564
3564
3565
3566
3568
3570
3571
3572
3572
3573
3573
3576
3580
3580
3581
3582
3582
3582
3584
3585
3586
3586
3586
3586
3587
3587
3587
3588
3589
3589
3591
3593
3594
3594
3594
3595
3597
3598
3598
3599
3601
3602
3603
3609
3609
3609
3610
3611
3612
3612
3614
3615
3615
3615
3618
3619
3621
3622
3623
3626
3626
3627
3627
3629
3629
3631
3631
3631
3632
3632
3633
3634
3635
3638
3641
3641
3642
3644
3645
3646
3648
3649
3649
3649
3650
3651
3651
3651
3654
3655
3655
3656
3656
3658
3658
3660
3661
3662
3662
3663
3663
3664
3664
3664
3664
3665
3666
3666
3667
3667
3667
3668
3670
3670
3671
3671
3672
3674
3675
3677
3679
3680
3680
3680
3680
3681
3681
3682
3684
3684
3686
3687
3688
3688
3689
3689
3691
3691
3691
3692
3692
3692
3695
3695
3698
3698
3698
3698
3700
3701
3704
3706
3707
3708
3708
3712
3713
3714
3714
3716
3716
3717
3717
3718
3718
3719
3719
3719
3721
3722
3724
3728
3732
3732
3732
3733
3733
3733
3736
3737
3738
3738
3738
3739
3739
3739
3739
3741
3743
3746
3747
3750
3750
3750
3752
3754
3754
3755
3756
3756
3756
3758
3758
3758
3760
3762
3762
3762
3763
3764
3764
3765
3766
3766
3766
3767
3768
3768
3769
3770
3771
3772
3773
3773
3774
3774
3774
3775
3777
3778
3780
3780
3781
3782
3782
3783
3783
3785
3785
3786
3786
3787
3787
3788
3789
3789
3790
3790
3790
3790
3790
3790
3791
3791
3793
3794
3796
3796
3799
3802
3806
3807
3807
3809
3809
3810
3810
3811
3812
3813
3813
3814
3815
3815
3816
3816
3817
3820
3822
3823
3823
3825
3826
3827
3830
3831
3831
3832
3832
3834
3836
3839
3841
3842
3842
3842
3845
3846
3852
3853
3855
3855
3855
3856
3859
3864
3864
3865
3868
3869
3870
3871
3872
3872
3872
3873
3874
3875
3876
3879
3880
3885
3886
3886
3887
3887
3888
3890
3891
3891
3899
3901
3902
3903
3904
3906
3906
3906
3907
3910
3911
3911
3912
3914
3916
3917
3917
3917
3917
3917
3918
3918
3920
3921
3923
3924
3925
3926
3927
3927
3928
3932
3933
3934
3934
3935
3936
3937
3938
3938
3941
3943
3943
3943
3943
3944
3945
3946
3946
3946
3947
3949
3949
3950
3952
3953
3959
3960
3961
3962
3962
3962
3963
3963
3963
3964
3965
3966
3966
3967
3968
3968
3969
3970
3971
3973
3975
3975
3976
3976
3977
3979
3980
3980
3981
3983
3984
3984
3984
3987
3987
3991
3997
3999
4000
4001
4004
4004
4006
4007
4007
4009
4010
4011
4011
4011
4012
4014
4016
4017
4017
4018
4020
4020
4021
4022
4023
4023
4023
4025
4025
4027
4028
4029
4031
4032
4033
4033
4034
4038
4039
4039
4040
4041
4042
4042
4047
4047
4049
4049
4050
4052
4052
4054
4054
4056
4056
4056
4056
4057
4057
4058
4058
4060
4060
4061
4061
4061
4062
4062
4063
4064
4065
4065
4066
4067
4068
4069
4069
4069
4070
4071
4071
4071
4073
4074
4074
4074
4076
4078
4079
4079
4080
4080
4081
4081
4083
4084
4084
4084
4085
4086
4087
4091
4092
4093
4095
4095
4096
4097
4098
4098
4100
4101
4102
4104
4104
4105
4107
4108
4110
4110
4111
4111
4113
4114
4117
4117
4118
4119
4119
4120
4122
4124
4125
4125
4126
4126
4126
4127
4128
4132
4132
4133
4134
4135
4135
4137
4138
4140
4140
4141
4143
4145
4146
4146
4146
4149
4149
4150
4152
4152
4153
4156
4156
4157
4157
4159
4163
4164
4164
4165
4167
4169
4170
4170
4171
4172
4173
4173
4174
4174
4175
4175
4176
4178
4181
4183
4183
4185
4186
4187
4188
4189
4190
4190
4192
4193
4195
4198
4199
4201
4201
4202
4205
4209
4209
4212
4214
4214
4215
4215
4215
4217
4221
4222
4222
4225
4228
4228
4228
4229
4229
4230
4231
4232
4232
4233
4234
4234
4234
4236
4237
4237
4240
4240
4241
4244
4244
4244
4245
4246
4247
4248
4248
4249
4249
4250
4250
4251
4253
4255
4256
4257
4259
4260
4263
4263
4263
4264
4266
4267
4268
4270
4270
4271
4272
4273
4273
4275
4275
4278
4279
4282
4283
4285
4286
4287
4287
4288
4289
4291
4293
4294
4294
4295
4297
4297
4298
4300
4301
4301
4302
4303
4304
4305
4306
4309
4310
4311
4311
4311
4311
4312
4313
4315
4316
4317
4319
4319
4320
4321
4321
4322
4323
4323
4323
4324
4324
4327
4329
4329
4330
4331
4331
4331
4332
4332
4333
4336
4337
4337
4339
4341
4341
4341
4342
4344
4344
4345
4352
4355
4356
4356
4357
4358
4358
4359
4359
4361
4361
4362
4362
4365
4366
4366
4366
4367
4372
4372
4376
4377
4379
4381
4381
4383
4383
4384
4385
4385
4387
4389
4389
4390
4390
4393
4396
4398
4401
4403
4403
4404
4407
4407
4407
4409
4410
4411
4413
4414
4416
4416
4416
4417
4417
4419
4419
4420
4421
4422
4422
4424
4425
4426
4426
4428
4429
4429
4430
4434
4435
4435
4435
4436
4436
4437
4437
4437
4437
4438
4438
4438
4439
4439
4439
4439
4440
4441
4441
4442
4443
4444
4445
4446
4447
4447
4450
4450
4450
4452
4452
4453
4454
4455
4455
4455
4456
4460
4461
4462
4464
4466
4466
4468
4468
4468
4468
4468
4469
4470
4470
4470
4470
4471
4472
4472
4474
4475
4476
4477
4478
4478
4478
4483
4483
4485
4486
4488
4488
4488
4490
4491
4493
4494
4494
4494
4495
4496
4496
4496
4497
4497
4498
4498
4500
4500
4503
4503
4503
4505
4505
4505
4506
4507
4508
4509
4510
4510
4512
4514
4515
4515
4516
4517
4517
4517
4518
4522
4526
4526
4526
4527
4529
4529
4531
4532
4533
4533
4536
4536
4538
4539
4539
4539
4542
4542
4543
4544
4545
4545
4546
4546
4546
4547
4548
4548
4548
4549
4549
4550
4551
4552
4552
4553
4555
4558
4558
4560
4560
4562
4563
4564
4564
4565
4565
4566
4566
4567
4568
4569
4571
4571
4572
4573
4574
4575
4575
4576
4577
4577
4579
4579
4580
4581
4582
4584
4585
4586
4587
4587
4587
4587
4588
4589
4593
4596
4596
4596
4598
4598
4599
4599
4600
4600
4600
4600
4602
4603
4603
4606
4607
4607
4608
4609
4609
4609
4610
4611
4611
4614
4617
4617
4619
4620
4621
4622
4622
4623
4623
4623
4624
4624
4627
4629
4629
4631
4631
4631
4631
4633
4634
4634
4635
4635
4636
4636
4636
4637
4637
4638
4640
4640
4644
4646
4646
4648
4648
4650
4651
4653
4655
4655
4657
4658
4658
4659
4660
4660
4661
4661
4662
4664
4664
4665
4665
4665
4668
4668
4668
4671
4671
4671
4674
4674
4674
4675
4676
4676
4677
4678
4681
4681
4682
4684
4685
4686
4687
4687
4687
4688
4688
4689
4691
4692
4692
4692
4692
4693
4696
4697
4697
4699
4699
4700
4702
4705
4705
4707
4708
4712
4712
4713
4715
4717
4719
4720
4721
4722
4723
4723
4723
4724
4724
4724
4725
4725
4727
4728
4729
4733
4733
4733
4734
4735
4735
4737
4738
4740
4740
4742
4742
4742
4743
4743
4744
4746
4748
4749
4750
4750
4751
4752
4753
4754
4756
4757
4757
4757
4757
4758
4758
4758
4759
4759
4762
4764
4766
4766
4766
4768
4770
4771
4774
4776
4776
4778
4778
4778
4779
4779
4780
4781
4786
4787
4791
4792
4793
4794
4796
4797
4800
4800
4800
4801
4803
4803
4804
4806
4809
4809
4810
4811
4812
4814
4815
4816
4816
4818
4819
4820
4821
4821
4822
4823
4824
4825
4825
4827
4828
4828
4828
4829
4829
4829
4830
4834
4835
4835
4837
4837
4838
4839
4840
4840
4841
4842
4842
4843
4844
4847
4849
4849
4849
4851
4852
4852
4852
4854
4854
4854
4854
4854
4854
4855
4856
4856
4857
4857
4857
4858
4859
4860
4862
4862
4863
4864
4865
4866
4872
4875
4876
4877
4878
4880
4880
4880
4881
4882
4882
4883
4883
4887
4887
4888
4891
4891
4892
4892
4892
4893
4894
4894
4895
4896
4897
4898
4898
4900
4901
4901
4906
4907
4911
4912
4912
4913
4915
4916
4916
4916
4916
4918
4920
4921
4922
4922
4923
4924
4925
4925
4926
4928
4929
4931
4933
4936
4938
4940
4941
4941
4941
4943
4944
4945
4946
4946
4947
4948
4948
4949
4949
4951
4952
4952
4954
4955
4955
4955
4956
4957
4958
4958
4961
4961
4962
4962
4962
4963
4963
4964
4966
4968
4968
4968
4969
4969
4970
4971
4971
4972
4973
4973
4973
4973
4975
4976
4977
4977
4980
4981
4981
4984
4985
4986
4987
4991
4993
4994
4996
4996
4997
4998
5001
5001
5002
5002
5003
5003
5003
5008
5009
5011
5013
5013
5013
5013
5015
5016
5018
5018
5020
5020
5022
5023
5023
5023
5025
5025
5026
5026
5027
5028
5032
5034
5034
5035
5037
5039
5039
5041
5041
5042
5043
5043
5044
5045
5048
5049
5050
5050
5050
5051
5052
5056
5056
5059
5060
5060
5060
5060
5063
5069
5070
5070
5071
5071
5071
5071
5072
5073
5073
5074
5075
5076
5077
5080
5080
5081
5081
5082
5086
5086
5087
5088
5090
5092
5092
5093
5097
5097
5099
5100
5101
5102
5104
5105
5106
5108
5108
5109
5111
5114
5115
5116
5117
5118
5119
5119
5121
5121
5122
5123
5124
5125
5128
5131
5132
5133
5134
5134
5135
5135
5135
5136
5137
5138
5138
5139
5140
5140
5140
5140
5141
5141
5141
5142
5142
5142
5142
5143
5143
5144
5144
5144
5145
5145
5146
5148
5148
5149
5151
5151
5151
5151
5153
5158
5160
5160
5164
5164
5166
5167
5167
5167
5167
5169
5170
5170
5170
5171
5172
5173
5173
5174
5175
5175
5175
5179
5179
5180
5182
5182
5187
5188
5188
5192
5194
5194
5195
5195
5195
5197
5197
5200
5201
5201
5201
5202
5203
5203
5206
5206
5207
5208
5209
5209
5210
5212
5212
5215
5215
5216
5218
5218
5219
5222
5222
5225
5235
5235
5236
5239
5239
5241
5242
5244
5246
5247
5247
5248
5248
5249
5252
5253
5254
5255
5256
5256
5257
5257
5261
5262
5265
5265
5265
5269
5270
5270
5271
5273
5274
5275
5275
5276
5276
5278
5279
5279
5280
5280
5282
5282
5283
5285
5286
5288
5288
5293
5294
5298
5298
5299
5299
5300
5302
5302
5302
5303
5305
5305
5305
5307
5307
5308
5308
5308
5310
5310
5313
5313
5314
5314
5314
5316
5316
5316
5317
5318
5318
5319
5319
5320
5320
5322
5322
5324
5325
5326
5326
5327
5327
5327
5328
5331
5331
5331
5333
5334
5335
5338
5339
5339
5341
5341
5342
5342
5345
5346
5349
5350
5350
5352
5352
5353
5353
5353
5355
5358
5359
5360
5361
5362
5362
5363
5364
5364
5365
5366
5367
5368
5368
5370
5371
5372
5372
5373
5374
5377
5379
5380
5381
5381
5385
5385
5387
5388
5389
5389
5390
5390
5392
5394
5395
5395
5396
5397
5398
5399
5399
5400
5400
5401
5401
5402
5406
5406
5407
5409
5409
5409
5410
5410
5410
5411
5412
5412
5412
5413
5413
5413
5415
5415
5415
5417
5417
5418
5419
5421
5422
5423
5423
5423
5424
5424
5425
5427
5428
5430
5430
5432
5432
5438
5438
5439
5440
5440
5441
5442
5443
5446
5448
5449
5449
5451
5451
5452
5452
5453
5454
5455
5458
5459
5460
5460
5462
5463
5464
5464
5465
5466
5466
5466
5467
5471
5473
5473
5473
5475
5475
5476
5477
5478
5478
5479
5480
5480
5481
5481
5483
5485
5486
5487
5487
5488
5488
5488
5490
5491
5491
5492
5492
5493
5494
5498
5503
5504
5505
5505
5506
5506
5507
5507
5508
5508
5509
5509
5509
5510
5511
5512
5514
5514
5514
5514
5515
5517
5517
5519
5520
5520
5522
5523
5523
5523
5523
5523
5526
5527
5528
5528
5530
5530
5533
5534
5535
5535
5536
5538
5540
5540
5542
5543
5544
5545
5546
5548
5549
5549
5551
5553
5555
5555
5555
5555
5557
5558
5559
5560
5560
5561
5561
5563
5563
5563
5565
5565
5566
5569
5570
5573
5575
5575
5576
5576
5576
5577
5581
5581
5581
5581
5582
5582
5582
5582
5583
5583
5583
5584
5585
5586
5586
5586
5586
5588
5588
5589
5594
5595
5595
5596
5601
5602
5602
5606
5609
5610
5611
5613
5613
5613
5614
5615
5616
5617
5618
5618
5619
5620
5621
5624
5625
5626
5626
5629
5632
5633
5634
5634
5635
5636
5637
5637
5640
5641
5641
5642
5642
5643
5643
5647
5648
5648
5650
5650
5651
5651
5653
5654
5655
5657
5658
5661
5662
5665
5665
5666
5666
5666
5666
5667
5672
5673
5675
5675
5675
5675
5675
5675
5676
5677
5677
5679
5683
5687
5687
5687
5689
5692
5692
5692
5693
5694
5695
5697
5703
5706
5710
5712
5712
5714
5715
5717
5718
5719
5721
5722
5723
5724
5725
5725
5727
5728
5728
5728
5730
5730
5731
5731
5733
5733
5733
5734
5735
5736
5738
5742
5746
5747
5748
5748
5748
5749
5750
5750
5750
5750
5751
5751
5753
5754
5754
5757
5759
5759
5759
5759
5761
5761
5762
5763
5764
5764
5765
5768
5769
5770
5770
5771
5771
5771
5774
5774
5775
5775
5775
5777
5777
5778
5780
5780
5781
5781
5781
5782
5783
5784
5785
5786
5786
5787
5788
5788
5789
5789
5791
5792
5793
5794
5794
5795
5798
5798
5799
5799
5800
5802
5802
5805
5805
5807
5808
5808
5809
5810
5810
5812
5813
5814
5814
5815
5816
5817
5817
5819
5821
5822
5822
5823
5823
5829
5830
5830
5831
5832
5834
5834
5835
5836
5836
5838
5839
5842
5843
5843
5844
5844
5846
5848
5848
5848
5848
5849
5850
5854
5854
5856
5857
5858
5858
5858
5862
5863
5864
5865
5867
5867
5869
5872
5873
5874
5874
5874
5875
5877
5877
5880
5881
5883
5883
5884
5886
5887
5887
5887
5888
5888
5888
5888
5890
5890
5890
5892
5896
5896
5896
5896
5896
5898
5899
5899
5901
5901
5903
5904
5904
5904
5905
5906
5906
5908
5909
5910
5911
5915
5917
5918
5919
5920
5920
5920
5921
5923
5924
5925
5925
5926
5927
5928
5929
5931
5931
5931
5933
5935
5935
5936
5937
5938
5938
5938
5940
5941
5943
5944
5945
5946
5948
5952
5955
5955
5955
5957
5957
5957
5957
5957
5958
5958
5959
5959
5959
5959
5960
5960
5961
5962
5965
5966
5966
5967
5968
5969
5972
5972
5972
5973
5974
5974
5974
5974
5979
5979
5980
5981
5981
5982
5982
5982
5983
5983
5984
5985
5985
5986
5989
5992
5995
5995
5996
5996
5998
5998
6001
6001
6002
6002
6003
6003
6003
6003
6005
6005
6005
6007
6007
6007
6008
6009
6012
6013
6015
6017
6020
6022
6024
6024
6025
6027
6027
6027
6027
6028
6029
6030
6030
6030
6031
6031
6034
6035
6036
6038
6039
6039
6040
6041
6042
6044
6045
6048
6050
6050
6050
6053
6053
6054
6055
6055
6055
6056
6056
6058
6059
6060
6062
6063
6065
6065
6067
6072
6075
6077
6078
6079
6084
6084
6089
6089
6090
6091
6092
6092
6093
6093
6099
6103
6104
6105
6108
6108
6109
6111
6114
6114
6115
6116
6117
6118
6118
6120
6121
6121
6125
6125
6126
6126
6130
6131
6131
6133
6134
6134
6134
6135
6136
6137
6138
6139
6139
6140
6141
6143
6143
6148
6149
6151
6152
6153
6154
6154
6154
6154
6155
6158
6161
6163
6163
6163
6164
6164
6165
6165
6165
6167
6170
6172
6173
6176
6178
6178
6179
6180
6181
6184
6184
6185
6185
6186
6186
6188
6189
6189
6190
6191
6192
6192
6193
6195
6195
6197
6197
6199
6201
6201
6202
6203
6203
6205
6209
6210
6212
6213
6213
6214
6214
6214
6215
6216
6216
6218
6218
6219
6220
6222
6226
6228
6229
6233
6233
6233
6233
6234
6236
6237
6238
6238
6239
6239
6240
6243
6244
6244
6245
6245
6246
6246
6246
6249
6250
6253
6254
6254
6257
6257
6258
6258
6260
6262
6262
6262
6262
6265
6266
6266
6267
6269
6272
6272
6272
6275
6275
6277
6279
6281
6282
6282
6282
6283
6283
6284
6285
6287
6288
6289
6289
6291
6291
6292
6292
6292
6296
6298
6299
6299
6302
6302
6302
6303
6304
6305
6305
6308
6310
6311
6311
6312
6312
6314
6315
6316
6317
6317
6318
6319
6320
6320
6321
6322
6322
6324
6327
6329
6331
6332
6333
6333
6334
6335
6335
6336
6337
6338
6338
6338
6340
6340
6340
6340
6343
6344
6345
6345
6347
6348
6348
6349
6351
6352
6352
6353
6354
6354
6355
6355
6355
6356
6358
6358
6358
6360
6360
6361
6361
6361
6361
6362
6362
6363
6364
6365
6366
6367
6367
6368
6368
6369
6369
6369
6371
6371
6371
6373
6373
6373
6373
6374
6374
6376
6376
6376
6377
6378
6380
6380
6381
6383
6385
6386
6388
6392
6393
6394
6397
6398
6398
6398
6399
6400
6400
6403
6403
6403
6404
6404
6405
6405
6407
6407
6408
6408
6409
6410
6411
6411
6411
6413
6413
6414
6416
6417
6417
6417
6417
6418
6418
6418
6419
6420
6422
6422
6423
6423
6424
6424
6425
6426
6427
6428
6429
6431
6432
6434
6435
6436
6437
6437
6437
6441
6442
6442
6442
6443
6443
6443
6445
6445
6445
6449
6450
6451
6451
6452
6454
6456
6456
6459
6460
6461
6465
6465
6465
6466
6468
6469
6471
6471
6471
6472
6473
6473
6474
6474
6477
6478
6478
6480
6484
6484
6487
6487
6488
6490
6491
6491
6492
6493
6494
6495
6497
6498
6499
6499
6501
6503
6503
6504
6504
6505
6506
6508
6508
6510
6510
6510
6511
6512
6514
6515
6515
6515
6517
6518
6518
6518
6519
6520
6521
6521
6522
6525
6525
6525
6525
6525
6526
6526
6527
6528
6529
6529
6530
6531
6531
6532
6533
6534
6534
6534
6535
6537
6537
6537
6537
6539
6540
6540
6542
6543
6543
6543
6544
6547
6547
6547
6548
6549
6550
6550
6551
6552
6555
6556
6558
6559
6559
6559
6559
6561
6561
6562
6564
6565
6565
6565
6566
6568
6568
6571
6573
6573
6576
6576
6578
6579
6580
6581
6582
6585
6585
6585
6586
6587
6587
6589
6589
6589
6590
6592
6593
6594
6594
6595
6596
6596
6600
6603
6603
6605
6605
6606
6606
6607
6608
6608
6609
6610
6611
6612
6612
6615
6616
6616
6616
6616
6617
6618
6621
6621
6623
6623
6623
6627
6627
6628
6629
6629
6630
6632
6633
6634
6634
6634
6635
6636
6636
6636
6637
6638
6640
6642
6642
6643
6644
6646
6650
6650
6651
6651
6652
6652
6652
6654
6654
6656
6657
6657
6658
6658
6659
6659
6663
6664
6665
6665
6667
6667
6668
6669
6669
6670
6670
6671
6672
6673
6674
6674
6678
6679
6680
6681
6681
6682
6682
6683
6683
6685
6687
6688
6688
6688
6689
6690
6691
6692
6693
6694
6695
6695
6695
6696
6696
6697
6698
6700
6700
6701
6702
6704
6704
6706
6707
6709
6709
6710
6714
6714
6715
6720
6721
6722
6722
6722
6722
6722
6724
6726
6726
6727
6728
6729
6729
6730
6730
6730
6732
6732
6733
6735
6736
6736
6738
6738
6739
6739
6739
6739
6740
6740
6740
6741
6741
6743
6743
6745
6746
6746
6750
6750
6751
6752
6752
6754
6755
6757
6758
6759
6759
6760
6760
6760
6761
6765
6765
6766
6766
6767
6767
6767
6769
6769
6771
6772
6772
6773
6773
6774
6776
6776
6780
6780
6781
6782
6785
6786
6786
6787
6789
6791
6792
6793
6794
6794
6795
6797
6797
6799
6799
6800
6800
6800
6802
6804
6804
6805
6807
6807
6808
6809
6812
6813
6815
6816
6816
6817
6817
6817
6819
6819
6819
6820
6821
6822
6822
6823
6823
6824
6825
6825
6829
6830
6832
6835
6835
6836
6836
6836
6837
6839
6840
6840
6841
6842
6844
6845
6846
6847
6848
6848
6848
6850
6850
6850
6851
6851
6851
6853
6855
6856
6856
6858
6858
6861
6861
6861
6862
6863
6867
6868
6869
6870
6870
6871
6874
6874
6875
6875
6876
6877
6877
6877
6878
6879
6881
6882
6884
6885
6886
6887
6887
6888
6889
6889
6890
6890
6891
6892
6892
6893
6893
6895
6895
6895
6897
6897
6897
6898
6899
6899
6901
6904
6906
6908
6908
6909
6909
6911
6913
6913
6913
6913
6914
6914
6915
6916
6918
6918
6919
6920
6921
6923
6924
6926
6927
6928
6928
6929
6929
6930
6930
6930
6931
6931
6932
6933
6934
6934
6935
6936
6937
6937
6937
6938
6939
6939
6940
6944
6945
6948
6950
6950
6952
6953
6953
6953
6955
6959
6959
6960
6961
6963
6963
6964
6965
6966
6970
6970
6971
6971
6972
6972
6973
6973
6974
6976
6979
6979
6982
6982
6983
6984
6984
6985
6986
6986
6987
6987
6988
6989
6990
6992
6994
6995
6997
6998
6998
7000
7003
7003
7007
7010
7011
7012
7013
7014
7015
7015
7016
7016
7022
7022
7022
7022
7023
7024
7025
7028
7030
7032
7032
7034
7035
7037
7038
7040
7040
7041
7041
7042
7042
7045
7045
7047
7047
7048
7048
7049
7051
7052
7052
7053
7053
7053
7054
7056
7058
7059
7060
7061
7061
7061
7066
7067
7067
7067
7067
7071
7071
7072
7074
7074
7074
7077
7078
7080
7082
7085
7086
7086
7088
7090
7090
7090
7091
7091
7092
7092
7092
7093
7094
7094
7096
7097
7097
7098
7099
7100
7102
7102
7103
7105
7106
7106
7107
7108
7109
7110
7115
7115
7116
7116
7118
7120
7121
7123
7123
7124
7125
7127
7127
7129
7130
7131
7133
7133
7134
7136
7136
7136
7141
7142
7143
7143
7145
7146
7147
7148
7148
7148
7148
7149
7150
7150
7150
7151
7156
7157
7158
7160
7160
7161
7164
7167
7167
7168
7174
7174
7174
7178
7178
7180
7181
7181
7182
7182
7184
7184
7185
7187
7187
7188
7189
7189
7190
7191
7193
7193
7193
7194
7195
7196
7196
7197
7197
7199
7200
7200
7201
7201
7202
7205
7205
7206
7206
7207
7208
7211
7212
7213
7213
7214
7217
7217
7217
7219
7222
7223
7224
7224
7227
7227
7229
7230
7230
7231
7232
7232
7233
7235
7236
7236
7236
7236
7237
7238
7239
7240
7245
7246
7246
7247
7247
7249
7250
7250
7250
7250
7251
7251
7252
7252
7254
7255
7257
7258
7259
7259
7260
7260
7260
7262
7264
7265
7265
7266
7267
7267
7269
7270
7272
7273
7274
7276
7276
7277
7278
7278
7278
7278
7278
7279
7279
7280
7280
7281
7281
7284
7284
7285
7285
7286
7287
7287
7287
7287
7287
7294
7295
7296
7296
7298
7299
7299
7300
7304
7305
7306
7308
7309
7309
7313
7314
7315
7316
7317
7317
7317
7318
7319
7319
7320
7320
7322
7325
7328
7328
7328
7330
7335
7335
7335
7337
7339
7340
7340
7340
7343
7343
7344
7346
7347
7347
7348
7348
7349
7350
7350
7351
7351
7351
7353
7355
7355
7356
7356
7357
7357
7359
7359
7359
7360
7360
7361
7362
7365
7365
7366
7369
7369
7370
7370
7372
7372
7372
7373
7374
7374
7375
7376
7379
7379
7380
7380
7381
7382
7386
7386
7387
7387
7388
7388
7389
7390
7392
7395
7396
7397
7397
7400
7401
7401
7401
7402
7403
7404
7404
7407
7409
7409
7410
7410
7412
7414
7415
7415
7415
7416
7417
7418
7420
7420
7422
7423
7423
7423
7427
7427
7430
7430
7431
7432
7434
7434
7436
7436
7436
7437
7441
7441
7441
7442
7444
7445
7447
7447
7448
7449
7451
7453
7454
7454
7454
7455
7461
7461
7462
7464
7464
7464
7464
7465
7465
7467
7469
7469
7471
7473
7474
7474
7475
7477
7479
7479
7481
7481
7482
7485
7487
7487
7488
7488
7489
7489
7491
7491
7491
7492
7494
7494
7495
7495
7497
7498
7498
7498
7501
7503
7503
7505
7506
7507
7509
7510
7510
7512
7513
7515
7515
7515
7516
7517
7517
7518
7518
7519
7520
7521
7521
7523
7524
7526
7526
7528
7528
7528
7528
7530
7531
7531
7532
7536
7536
7537
7537
7539
7539
7539
7539
7540
7543
7544
7544
7544
7545
7548
7548
7549
7549
7550
7550
7551
7554
7555
7557
7557
7557
7558
7559
7562
7562
7563
7564
7565
7567
7570
7572
7573
7573
7578
7579
7579
7580
7580
7580
7584
7585
7585
7585
7586
7587
7587
7589
7590
7591
7591
7591
7592
7593
7594
7594
7595
7595
7595
7595
7595
7597
7598
7599
7599
7601
7602
7602
7602
7604
7606
7611
7612
7613
7613
7615
7616
7616
7616
7618
7619
7619
7620
7623
7623
7626
7627
7628
7630
7630
7632
7632
7632
7633
7634
7634
7636
7637
7637
7638
7639
7640
7640
7641
7642
7642
7643
7645
7646
7647
7647
7647
7648
7649
7649
7650
7651
7651
7652
7652
7653
7654
7655
7655
7656
7658
7658
7659
7660
7661
7661
7661
7662
7664
7664
7666
7667
7668
7668
7669
7670
7671
7672
7673
7673
7674
7674
7675
7675
7676
7676
7678
7678
7680
7680
7681
7682
7683
7684
7685
7687
7687
7687
7692
7692
7693
7693
7694
7694
7695
7696
7697
7700
7700
7700
7701
7702
7705
7705
7707
7708
7711
7711
7714
7715
7717
7717
7718
7720
7721
7721
7722
7723
7723
7724
7726
7727
7728
7729
7729
7729
7729
7729
7730
7732
7734
7736
7736
7736
7738
7739
7740
7741
7743
7744
7746
7746
7747
7747
7747
7748
7748
7748
7751
7754
7756
7756
7756
7758
7759
7760
7760
7760
7762
7762
7762
7764
7764
7766
7766
7767
7768
7769
7771
7771
7772
7772
7780
7783
7783
7783
7783
7784
7789
7789
7789
7790
7794
7794
7796
7796
7796
7802
7802
7803
7803
7804
7807
7808
7810
7811
7811
7811
7812
7812
7813
7814
7814
7814
7815
7815
7816
7817
7820
7821
7821
7822
7823
7823
7824
7824
7824
7825
7827
7829
7831
7833
7834
7836
7836
7837
7837
7838
7841
7841
7841
7841
7842
7843
7845
7846
7846
7847
7848
7848
7849
7849
7850
7850
7850
7851
7854
7855
7855
7855
7856
7856
7857
7857
7858
7859
7859
7860
7860
7861
7862
7864
7865
7865
7866
7866
7867
7869
7870
7871
7871
7872
7874
7875
7876
7877
7877
7877
7881
7883
7883
7886
7887
7888
7888
7889
7892
7894
7894
7896
7897
7900
7900
7902
7902
7903
7906
7907
7907
7910
7910
7911
7912
7912
7914
7916
7917
7917
7919
7919
7920
7922
7922
7922
7923
7923
7926
7926
7927
7927
7928
7929
7930
7930
7930
7930
7930
7932
7932
7932
7932
7933
7933
7933
7936
7938
7939
7939
7940
7941
7947
7948
7949
7949
7949
7950
7950
7951
7951
7952
7952
7953
7953
7954
7955
7956
7958
7958
7959
7959
7960
7960
7960
7962
7964
7964
7964
7964
7964
7965
7965
7965
7965
7966
7966
7967
7968
7968
7970
7971
7971
7974
7975
7975
7976
7977
7977
7977
7981
7981
7981
7982
7983
7984
7984
7987
7988
7990
7990
7991
7992
7996
7997
7997
7998
8000
8002
8003
8003
8003
8004
8004
8008
8009
8009
8011
8013
8015
8018
8018
8018
8019
8019
8021
8021
8021
8022
8022
8025
8028
8028
8029
8032
8035
8039
8039
8042
8043
8043
8044
8045
8045
8047
8051
8052
8052
8053
8053
8057
8059
8060
8060
8060
8061
8061
8061
8063
8064
8064
8064
8068
8068
8068
8069
8070
8071
8072
8072
8073
8073
8075
8077
8077
8077
8079
8079
8080
8083
8086
8088
8089
8091
8091
8093
8095
8097
8099
8099
8099
8100
8101
8101
8102
8102
8103
8104
8104
8106
8108
8108
8110
8110
8112
8114
8116
8117
8118
8121
8121
8122
8122
8122
8126
8129
8131
8132
8133
8133
8134
8134
8134
8137
8138
8139
8139
8142
8143
8143
8144
8145
8148
8148
8149
8150
8151
8153
8153
8156
8157
8158
8158
8159
8160
8161
8162
8164
8165
8166
8166
8166
8166
8168
8171
8171
8172
8173
8174
8174
8176
8177
8178
8178
8181
8182
8182
8182
8182
8184
8184
8184
8185
8185
8188
8188
8189
8189
8189
8190
8190
8193
8194
8195
8196
8198
8198
8200
8201
8202
8202
8202
8206
8209
8210
8210
8211
8214
8215
8215
8217
8221
8222
8224
8226
8227
8227
8227
8228
8228
8230
8231
8232
8232
8234
8234
8234
8236
8240
8242
8243
8244
8244
8244
8244
8245
8245
8246
8248
8248
8248
8248
8251
8251
8252
8252
8255
8259
8261
8261
8262
8263
8263
8265
8265
8266
8267
8271
8272
8274
8275
8276
8277
8277
8277
8278
8278
8279
8279
8281
8281
8281
8282
8282
8282
8283
8285
8286
8286
8287
8288
8288
8289
8289
8289
8291
8292
8292
8293
8295
8295
8300
8301
8304
8304
8305
8314
8314
8315
8316
8316
8317
8317
8318
8319
8320
8321
8322
8323
8323
8324
8325
8325
8327
8329
8330
8330
8332
8335
8335
8336
8336
8338
8343
8343
8344
8346
8354
8354
8355
8357
8357
8359
8359
8359
8359
8360
8361
8362
8364
8364
8366
8366
8366
8367
8369
8369
8369
8371
8371
8372
8372
8372
8375
8376
8377
8377
8381
8381
8381
8382
8386
8386
8387
8388
8389
8395
8395
8396
8396
8397
8398
8399
8400
8400
8400
8402
8404
8404
8405
8405
8407
8411
8411
8411
8412
8415
8415
8415
8418
8418
8418
8420
8421
8423
8424
8424
8425
8425
8428
8429
8431
8432
8435
8435
8436
8437
8437
8438
8439
8439
8440
8440
8441
8441
8443
8446
8446
8446
8447
8452
8453
8454
8455
8456
8456
8457
8458
8459
8461
8461
8462
8469
8469
8470
8472
8474
8475
8475
8475
8478
8480
8480
8483
8484
8484
8485
8488
8488
8489
8490
8492
8492
8494
8497
8497
8498
8498
8498
8498
8499
8499
8500
8501
8503
8503
8505
8508
8508
8508
8509
8509
8511
8511
8512
8513
8515
8518
8521
8524
8524
8524
8526
8526
8528
8528
8528
8528
8530
8530
8531
8531
8531
8532
8533
8534
8535
8536
8538
8538
8539
8541
8543
8548
8548
8550
8550
8550
8551
8551
8551
8551
8551
8551
8551
8554
8554
8558
8562
8563
8563
8564
8565
8566
8567
8567
8568
8569
8569
8576
8581
8581
8582
8583
8583
8586
8587
8589
8590
8590
8591
8594
8594
8594
8594
8598
8598
8599
8599
8601
8602
8603
8603
8603
8603
8604
8607
8607
8608
8609
8609
8610
8610
8611
8611
8613
8614
8615
8617
8618
8622
8623
8624
8624
8625
8625
8626
8626
8626
8627
8627
8629
8631
8631
8632
8633
8634
8634
8634
8635
8635
8636
8639
8639
8640
8641
8641
8642
8643
8646
8646
8648
8649
8649
8650
8651
8656
8657
8658
8659
8662
8662
8662
8662
8664
8665
8666
8666
8667
8667
8668
8668
8669
8669
8669
8671
8672
8672
8672
8672
8674
8676
8677
8678
8679
8681
8681
8682
8682
8685
8685
8686
8687
8688
8688
8688
8688
8688
8689
8690
8691
8692
8693
8694
8695
8697
8697
8697
8698
8698
8700
8705
8705
8705
8707
8707
8709
8709
8709
8711
8712
8714
8715
8716
8717
8717
8718
8719
8720
8720
8721
8722
8723
8723
8725
8726
8727
8728
8729
8733
8734
8737
8737
8737
8739
8740
8741
8742
8742
8744
8745
8745
8747
8748
8749
8750
8750
8754
8754
8755
8757
8758
8758
8759
8760
8760
8760
8761
8761
8762
8763
8764
8765
8765
8765
8768
8768
8768
8770
8771
8773
8773
8776
8776
8776
8780
8782
8783
8784
8784
8786
8787
8789
8791
8791
8791
8793
8794
8797
8797
8797
8797
8798
8798
8798
8799
8802
8805
8805
8806
8808
8808
8809
8810
8812
8812
8812
8814
8815
8815
8816
8816
8816
8816
8816
8818
8818
8819
8819
8820
8820
8823
8824
8824
8824
8825
8826
8827
8827
8829
8831
8831
8832
8834
8836
8836
8836
8838
8838
8840
8840
8840
8841
8843
8845
8846
8847
8847
8848
8850
8852
8853
8855
8857
8858
8860
8861
8867
8868
8868
8869
8869
8871
8871
8872
8872
8873
8873
8873
8874
8874
8874
8875
8875
8875
8877
8877
8877
8878
8878
8879
8879
8880
8880
8881
8882
8882
8883
8883
8885
8886
8887
8888
8888
8888
8888
8889
8890
8891
8891
8891
8894
8894
8895
8895
8896
8897
8898
8898
8901
8901
8903
8904
8904
8905
8905
8905
8906
8906
8906
8906
8907
8908
8908
8910
8913
8913
8919
8921
8922
8922
8923
8923
8923
8925
8925
8927
8927
8928
8928
8931
8931
8931
8934
8935
8935
8935
8936
8936
8937
8937
8937
8937
8938
8939
8939
8940
8940
8940
8942
8945
8946
8947
8948
8948
8951
8952
8953
8954
8956
8957
8957
8957
8958
8959
8959
8959
8959
8959
8959
8963
8965
8967
8967
8967
8967
8968
8968
8969
8969
8969
8971
8971
8972
8973
8974
8974
8974
8976
8976
8978
8981
8981
8981
8983
8984
8985
8986
8986
8987
8987
8987
8989
8989
8990
8990
8990
8990
8990
8991
8991
8992
8992
8993
8994
8995
8996
8996
8998
9004
9005
9013
9014
9014
9016
9018
9019
9023
9024
9025
9025
9025
9025
9025
9026
9027
9027
9027
9029
9029
9030
9030
9032
9035
9035
9039
9040
9040
9040
9041
9041
9042
9045
9046
9046
9046
9046
9046
9047
9047
9050
9051
9052
9053
9054
9055
9055
9055
9055
9056
9057
9057
9057
9058
9059
9060
9060
9062
9064
9065
9066
9067
9070
9071
9071
9072
9072
9073
9074
9075
9076
9076
9078
9079
9081
9081
9082
9083
9084
9084
9084
9085
9087
9088
9091
9092
9093
9093
9095
9096
9097
9101
9102
9102
9103
9105
9105
9105
9107
9107
9108
9108
9108
9112
9114
9115
9115
9117
9117
9118
9119
9119
9120
9121
9121
9122
9126
9128
9128
9131
9131
9133
9134
9134
9135
9137
9137
9137
9137
9138
9139
9140
9140
9141
9141
9146
9147
9148
9150
9151
9152
9154
9156
9156
9160
9160
9161
9161
9162
9162
9163
9163
9166
9166
9167
9168
9168
9169
9169
9169
9170
9171
9171
9171
9171
9175
9175
9176
9176
9177
9178
9178
9180
9181
9182
9182
9182
9183
9184
9185
9186
9187
9190
9191
9192
9193
9193
9193
9194
9195
9196
9196
9197
9198
9201
9201
9203
9203
9203
9204
9205
9205
9205
9206
9206
9209
9209
9211
9215
9216
9216
9217
9217
9217
9217
9218
9218
9219
9219
9222
9223
9226
9226
9226
9227
9227
9229
9230
9231
9232
9232
9234
9234
9235
9237
9238
9242
9242
9243
9244
9244
9244
9245
9246
9247
9250
9252
9252
9254
9255
9255
9257
9257
9259
9260
9260
9261
9262
9263
9265
9265
9266
9267
9268
9268
9270
9271
9272
9272
9274
9274
9275
9276
9276
9277
9277
9278
9278
9278
9280
9280
9281
9281
9282
9283
9283
9283
9285
9286
9286
9290
9291
9292
9293
9293
9294
9298
9298
9298
9300
9302
9302
9302
9303
9303
9303
9305
9305
9305
9307
9310
9311
9312
9314
9314
9314
9315
9316
9318
9318
9318
9320
9322
9323
9324
9324
9325
9325
9325
9326
9326
9328
9329
9331
9331
9331
9332
9333
9333
9333
9337
9337
9337
9338
9339
9339
9340
9342
9343
9344
9344
9348
9348
9349
9351
9351
9352
9352
9353
9354
9355
9358
9358
9360
9364
9364
9364
9365
9366
9367
9368
9368
9368
9370
9370
9372
9372
9373
9373
9374
9374
9376
9377
9378
9379
9379
9379
9380
9381
9382
9382
9383
9386
9386
9386
9387
9387
9388
9388
9388
9388
9389
9389
9389
9389
9390
9391
9393
9393
9393
9393
9396
9396
9396
9398
9398
9398
9398
9398
9399
9400
9401
9402
9404
9406
9407
9408
9409
9410
9411
9412
9413
9413
9414
9419
9419
9421
9421
9421
9421
9422
9424
9425
9425
9425
9425
9426
9427
9428
9428
9429
9429
9431
9432
9435
9435
9436
9439
9441
9442
9443
9444
9445
9447
9447
9449
9449
9449
9449
9450
9452
9452
9453
9453
9456
9457
9457
9458
9458
9459
9459
9460
9461
9464
9464
9464
9465
9466
9466
9467
9467
9467
9468
9470
9475
9476
9476
9476
9478
9478
9478
9479
9480
9481
9481
9483
9486
9487
9489
9490
9490
9491
9491
9492
9496
9496
9497
9498
9498
9499
9499
9500
9504
9505
9506
9506
9507
9509
9512
9513
9515
9515
9519
9519
9519
9519
9521
9522
9522
9524
9524
9525
9527
9528
9528
9529
9530
9530
9531
9532
9538
9538
9539
9541
9541
9542
9543
9543
9544
9545
9550
9550
9551
9551
9552
9552
9553
9555
9555
9556
9556
9556
9556
9558
9558
9558
9559
9560
9562
9563
9563
9563
9564
9564
9565
9565
9566
9567
9568
9569
9570
9570
9570
9572
9574
9574
9575
9575
9577
9577
9581
9581
9583
9583
9585
9585
9586
9589
9589
9589
9589
9590
9590
9592
9592
9594
9596
9596
9598
9599
9600
9600
9600
9601
9601
9601
9601
9607
9608
9609
9612
9613
9614
9616
9616
9617
9617
9618
9618
9622
9623
9623
9625
9628
9629
9630
9630
9633
9635
9636
9636
9636
9636
9639
9640
9641
9642
9643
9644
9646
9647
9649
9652
9653
9653
9653
9654
9654
9655
9656
9657
9659
9659
9661
9662
9662
9662
9662
9663
9664
9665
9665
9666
9666
9667
9667
9667
9669
9669
9670
9671
9671
9672
9672
9675
9675
9675
9676
9677
9677
9678
9678
9681
9681
9682
9682
9684
9686
9686
9686
9688
9689
9689
9690
9693
9694
9694
9695
9697
9697
9698
9699
9700
9700
9702
9703
9704
9709
9709
9711
9713
9714
9714
9715
9717
9718
9721
9721
9722
9722
9724
9725
9727
9727
9729
9730
9732
9735
9736
9737
9738
9739
9739
9740
9740
9742
9742
9742
9743
9743
9743
9743
9746
9746
9746
9748
9748
9750
9752
9752
9752
9753
9753
9754
9755
9755
9756
9757
9757
9757
9758
9758
9758
9759
9759
9761
9763
9763
9764
9765
9766
9767
9768
9769
9769
9770
9773
9773
9774
9774
9776
9777
9777
9777
9779
9779
9780
9781
9781
9782
9784
9784
9784
9787
9788
9788
9790
9790
9790
9793
9793
9794
9798
9799
9800
9801
9804
9804
9805
9805
9805
9807
9808
9810
9810
9812
9812
9813
9813
9814
9815
9815
9816
9820
9820
9823
9824
9825
9826
9826
9827
9827
9828
9829
9829
9830
9831
9833
9834
9835
9835
9835
9836
9838
9840
9841
9844
9844
9845
9846
9846
9848
9848
9848
9849
9849
9851
9852
9853
9857
9858
9858
9859
9861
9862
9863
9864
9865
9866
9868
9870
9871
9872
9873
9873
9875
9875
9875
9876
9877
9877
9877
9878
9879
9880
9883
9886
9890
9892
9893
9894
9894
9894
9897
9899
9900
9902
9903
9903
9905
9906
9907
9907
9908
9908
9909
9910
9910
9911
9912
9913
9913
9914
9914
9914
9914
9917
9917
9919
9919
9920
9920
9922
9922
9922
9923
9923
9924
9925
9926
9926
9928
9928
9929
9929
9930
9934
9934
9935
9937
9937
9937
9938
9939
9941
9943
9944
9946
9947
9948
9949
9949
9949
9951
9951
9954
9954
9958
9958
9958
9959
9959
9959
9959
9959
9960
9960
9961
9962
9964
9968
9971
9971
9972
9974
9976
9978
9978
9978
9981
9982
9984
9987
9990
9991
9991
9992
9992
9993
9993
9994
9998
9998
