0
0
1
2
4
4
4
8
8
8
9
9
10
10
10
11
12
14
15
15
16
17
18
24
25
25
27
28
29
29
29
29
30
33
35
36
38
39
39
40
41
41
41
42
42
44
45
48
48
49
49
49
49
50
50
50
51
51
52
53
53
56
56
57
58
60
61
61
63
63
64
65
68
69
69
73
73
74
75
76
76
76
76
77
77
78
78
80
80
80
82
83
84
85
85
86
87
88
88
89
89
90
91
92
92
93
93
94
96
97
101
101
101
102
103
105
108
108
108
109
110
111
111
111
112
112
114
114
116
119
121
121
121
123
123
125
125
126
128
129
129
130
130
132
132
133
133
133
134
135
137
138
141
142
144
146
148
149
150
152
153
154
155
158
160
160
161
161
165
165
166
167
168
171
174
174
175
176
180
181
181
185
186
186
186
187
187
188
191
191
192
192
192
192
192
193
194
195
196
199
200
200
202
203
203
207
207
209
210
211
211
214
215
216
216
218
219
220
220
220
222
223
223
223
224
225
229
229
231
231
231
233
233
234
234
235
240
240
240
241
241
242
243
245
249
249
250
253
253
254
254
255
256
256
257
258
258
259
261
261
262
263
264
264
265
265
265
267
268
268
269
273
274
274
275
275
276
278
278
279
279
283
284
284
286
286
287
288
289
290
290
290
290
291
291
293
295
296
297
298
298
298
299
301
301
302
303
303
304
304
304
305
308
309
309
310
310
313
314
314
318
318
319
319
322
322
322
323
324
325
325
326
326
327
327
327
327
328
328
330
334
335
337
337
337
337
338
338
339
339
341
344
344
345
352
352
353
353
354
354
354
355
356
358
359
361
361
361
363
365
367
368
373
374
374
376
377
378
381
381
381
381
384
386
389
390
393
393
394
394
395
398
400
400
401
401
401
402
403
405
405
406
406
407
410
411
413
413
414
415
417
419
420
420
422
422
425
426
426
430
430
432
434
435
435
438
439
440
441
441
443
443
443
444
444
444
446
446
447
448
448
448
457
457
460
461
464
465
465
466
467
472
472
473
474
475
476
476
477
479
479
480
480
481
481
482
485
488
488
489
491
492
492
495
495
495
498
499
500
500
501
501
504
505
505
505
506
506
508
510
510
511
511
513
515
516
516
516
516
516
517
520
521
522
522
522
523
523
526
528
529
529
530
531
532
533
533
534
534
534
534
536
537
539
539
540
540
541
544
544
544
548
548
548
549
551
552
552
553
553
554
556
557
557
557
558
561
561
561
562
562
564
565
565
565
565
566
566
567
568
569
571
571
575
575
576
576
576
576
577
577
580
581
582
583
584
584
586
586
586
589
589
590
590
592
592
594
595
595
596
597
597
598
598
598
599
602
602
602
603
604
605
607
607
610
610
610
611
611
612
614
614
614
614
614
615
617
618
618
619
621
622
622
623
624
624
625
625
626
628
628
629
630
630
631
632
633
634
634
634
635
635
637
638
638
638
639
640
640
642
643
646
647
648
648
649
650
650
651
652
653
655
656
657
658
659
660
660
661
661
661
663
664
664
666
667
667
667
670
672
675
676
676
679
680
682
683
686
686
690
692
692
694
697
698
701
701
703
704
705
707
709
711
712
712
712
713
713
716
716
717
718
719
719
720
720
721
721
721
722
722
723
723
725
727
731
735
736
737
737
739
739
740
740
741
745
747
748
749
751
752
754
756
756
757
757
757
758
758
758
761
761
762
762
763
764
764
767
770
772
773
774
776
781
781
782
783
784
785
789
790
790
791
792
794
796
802
808
808
808
811
813
814
817
817
819
820
821
822
822
822
822
825
828
833
836
837
838
840
843
843
844
847
847
848
849
849
850
850
850
851
852
854
855
855
856
856
857
859
860
861
861
863
864
865
865
867
868
868
871
871
871
872
872
873
873
874
876
878
883
884
885
885
887
891
893
894
894
895
896
898
900
900
901
902
903
906
907
908
908
909
909
911
912
915
916
917
919
919
920
920
921
921
922
923
924
925
925
925
925
926
927
928
929
929
929
929
929
930
930
930
931
932
933
933
933
933
935
935
936
936
937
940
941
942
942
944
944
946
948
949
949
950
950
951
951
951
953
955
956
956
956
958
960
961
962
963
963
963
964
964
966
967
967
967
968
968
969
971
973
974
975
977
978
979
980
981
981
982
982
984
985
985
986
986
987
987
987
987
989
990
993
994
994
998
999
999
999
999
1000
1003
1004
1007
1008
1008
1011
1011
1012
1012
1012
1013
1014
1014
1017
1017
1018
1018
1020
1021
1023
1023
1024
1025
1025
1025
1026
1026
1027
1028
1028
1029
1030
1032
1034
1034
1035
1035
1035
1036
1036
1038
1038
1038
1040
1041
1042
1043
1043
1044
1047
1050
1050
1053
1055
1055
1056
1056
1057
1057
1060
1060
1060
1061
1063
1063
1065
1065
1065
1066
1066
1067
1068
1069
1069
1070
1070
1070
1071
1073
1073
1077
1080
1082
1082
1084
1085
1089
1090
1090
1091
1092
1095
1095
1095
1095
1103
1104
1105
1105
1108
1108
1111
1114
1116
1118
1118
1122
1122
1122
1123
1125
1127
1128
1132
1132
1132
1132
1132
1136
1136
1137
1138
1138
1139
1140
1141
1141
1142
1143
1143
1144
1148
1149
1153
1153
1153
1154
1155
1155
1156
1156
1156
1157
1158
1158
1159
1160
1162
1164
1165
1166
1168
1168
1170
1170
1172
1173
1177
1178
1179
1182
1185
1186
1187
1188
1188
1189
1191
1193
1194
1194
1196
1196
1196
1196
1196
1198
1199
1200
1203
1204
1205
1205
1208
1210
1211
1211
1212
1215
1215
1215
1219
1219
1220
1221
1221
1222
1223
1226
1228
1229
1230
1231
1232
1233
1236
1236
1239
1239
1241
1242
1243
1243
1244
1244
1244
1247
1248
1250
1250
1254
1255
1256
1259
1260
1260
1261
1261
1262
1263
1263
1264
1266
1267
1268
1268
1268
1268
1269
1270
1270
1270
1273
1273
1273
1274
1274
1276
1276
1276
1278
1278
1279
1280
1281
1282
1284
1284
1285
1288
1289
1290
1293
1294
1294
1296
1296
1297
1297
1299
1300
1303
1304
1304
1304
1305
1306
1307
1307
1308
1308
1308
1309
1309
1309
1311
1312
1312
1315
1316
1318
1319
1320
1321
1321
1321
1321
1322
1323
1325
1325
1326
1327
1327
1327
1328
1328
1333
1335
1336
1338
1342
1342
1342
1343
1344
1345
1346
1347
1347
1347
1347
1348
1349
1352
1352
1352
1354
1356
1356
1356
1356
1357
1358
1361
1362
1363
1364
1365
1366
1367
1368
1369
1369
1370
1373
1378
1378
1382
1382
1383
1384
1384
1387
1388
1388
1390
1391
1392
1393
1394
1396
1396
1398
1398
1399
1401
1402
1402
1404
1405
1408
1409
1411
1411
1415
1416
1416
1416
1417
1417
1417
1420
1421
1421
1421
1423
1424
1426
1426
1427
1427
1429
1430
1430
1432
1433
1434
1438
1438
1438
1441
1442
1444
1444
1449
1451
1452
1452
1452
1453
1456
1458
1459
1460
1461
1461
1461
1465
1467
1467
1467
1469
1469
1469
1470
1472
1472
1473
1474
1475
1475
1476
1476
1477
1477
1478
1478
1478
1479
1479
1480
1481
1481
1481
1485
1486
1486
1487
1488
1488
1489
1489
1492
1492
1492
1495
1495
1497
1497
1498
1500
1500
1500
1500
1505
1506
1507
1507
1509
1509
1509
1510
1510
1513
1513
1515
1515
1516
1516
1516
1518
1519
1520
1520
1521
1523
1523
1524
1524
1526
1527
1527
1530
1531
1531
1532
1532
1533
1534
1534
1536
1537
1538
1539
1541
1541
1541
1542
1543
1544
1545
1546
1546
1547
1548
1549
1549
1551
1551
1554
1555
1555
1555
1556
1556
1556
1559
1559
1561
1562
1562
1563
1563
1565
1565
1566
1568
1568
1568
1569
1570
1572
1573
1574
1574
1574
1574
1574
1575
1576
1577
1577
1578
1578
1580
1580
1582
1584
1585
1586
1586
1586
1588
1588
1589
1589
1590
1590
1591
1592
1595
1596
1598
1598
1599
1599
1600
1601
1602
1602
1605
1609
1610
1610
1613
1614
1614
1616
1620
1620
1622
1623
1624
1625
1625
1625
1627
1627
1628
1630
1631
1632
1632
1636
1637
1639
1640
1642
1642
1643
1643
1643
1644
1645
1646
1646
1647
1648
1651
1652
1652
1653
1653
1653
1654
1654
1654
1655
1658
1659
1666
1667
1667
1668
1668
1669
1670
1673
1674
1674
1674
1675
1675
1676
1676
1677
1679
1681
1681
1682
1684
1685
1685
1685
1685
1686
1687
1687
1688
1690
1691
1691
1692
1692
1693
1693
1693
1696
1697
1698
1698
1699
1702
1702
1703
1704
1706
1706
1708
1708
1710
1711
1712
1713
1713
1714
1716
1717
1717
1718
1719
1720
1720
1721
1721
1723
1725
1728
1728
1729
1730
1732
1732
1732
1734
1734
1735
1736
1737
1738
1738
1739
1739
1740
1742
1742
1747
1750
1750
1752
1753
1753
1753
1754
1754
1755
1757
1757
1758
1759
1761
1762
1763
1764
1764
1765
1765
1767
1767
1767
1767
1768
1770
1771
1771
1774
1775
1776
1777
1778
1778
1778
1780
1782
1785
1786
1789
1792
1793
1793
1793
1793
1794
1796
1796
1797
1797
1798
1798
1800
1800
1801
1803
1804
1805
1805
1809
1809
1810
1810
1813
1813
1813
1814
1814
1816
1816
1817
1818
1819
1820
1820
1821
1822
1823
1824
1825
1825
1827
1828
1828
1830
1832
1834
1834
1834
1834
1835
1837
1837
1838
1838
1839
1839
1841
1842
1842
1843
1843
1843
1845
1845
1847
1847
1847
1849
1851
1852
1852
1853
1854
1854
1855
1855
1856
1857
1857
1858
1858
1859
1859
1860
1860
1862
1863
1863
1865
1866
1867
1867
1868
1869
1870
1870
1870
1871
1871
1873
1873
1874
1875
1876
1876
1877
1878
1879
1880
1881
1881
1881
1882
1882
1882
1884
1885
1886
1886
1887
1888
1888
1889
1891
1892
1892
1893
1894
1894
1896
1898
1901
1903
1904
1905
1908
1910
1912
1912
1913
1915
1916
1919
1919
1921
1921
1923
1923
1924
1926
1927
1928
1928
1929
1929
1929
1931
1931
1931
1932
1934
1934
1935
1935
1936
1936
1936
1937
1937
1937
1937
1938
1939
1939
1939
1941
1942
1942
1943
1944
1945
1948
1948
1952
1953
1953
1955
1955
1956
1956
1959
1961
1961
1962
1962
1965
1967
1967
1967
1969
1970
1970
1970
1971
1971
1971
1972
1972
1973
1973
1975
1978
1978
1978
1978
1979
1981
1982
1983
1983
1985
1987
1987
1987
1988
1989
1990
1991
1992
1992
1993
1994
1995
1995
1998
1999
2000
2000
2004
2005
2005
2005
2006
2007
2007
2008
2010
2010
2011
2013
2014
2014
2014
2016
2017
2018
2019
2020
2020
2020
2021
2021
2022
2024
2025
2025
2027
2028
2029
2030
2031
2031
2031
2032
2033
2033
2034
2036
2036
2036
2038
2038
2039
2042
2042
2043
2044
2046
2047
2049
2050
2051
2052
2056
2056
2059
2060
2060
2061
2061
2062
2064
2067
2070
2071
2072
2072
2074
2075
2075
2075
2077
2080
2082
2082
2084
2087
2088
2088
2088
2089
2089
2092
2092
2093
2094
2094
2097
2099
2099
2100
2102
2102
2103
2104
2104
2104
2105
2105
2105
2107
2109
2110
2110
2112
2113
2113
2115
2115
2116
2116
2118
2120
2120
2121
2124
2128
2128
2129
2130
2132
2133
2133
2134
2135
2135
2135
2135
2137
2137
2138
2139
2140
2140
2141
2143
2146
2148
2150
2151
2151
2151
2151
2152
2152
2153
2154
2156
2156
2157
2158
2159
2159
2160
2160
2160
2160
2161
2161
2161
2162
2163
2163
2167
2168
2170
2170
2171
2172
2174
2176
2176
2177
2179
2179
2181
2186
2187
2187
2188
2188
2189
2191
2191
2191
2194
2195
2196
2199
2200
2200
2200
2201
2201
2202
2203
2203
2203
2207
2207
2207
2207
2208
2208
2209
2211
2211
2211
2211
2211
2213
2213
2213
2214
2214
2214
2216
2217
2217
2218
2219
2221
2222
2224
2224
2226
2226
2227
2228
2229
2230
2231
2231
2234
2235
2236
2238
2239
2239
2240
2240
2240
2240
2241
2247
2249
2250
2250
2250
2252
2252
2253
2254
2255
2256
2256
2256
2256
2257
2259
2259
2259
2260
2261
2261
2262
2263
2264
2264
2266
2266
2267
2268
2268
2269
2270
2270
2270
2272
2275
2276
2277
2278
2279
2279
2279
2283
2285
2285
2286
2289
2291
2293
2295
2296
2297
2299
2299
2299
2301
2301
2303
2303
2303
2304
2306
2307
2308
2308
2308
2309
2312
2319
2320
2322
2322
2322
2323
2324
2324
2324
2325
2326
2326
2327
2327
2329
2329
2330
2331
2331
2333
2335
2336
2336
2338
2339
2341
2343
2346
2346
2347
2349
2349
2349
2349
2349
2350
2350
2353
2354
2355
2355
2356
2357
2358
2358
2361
2362
2363
2364
2364
2365
2369
2369
2370
2371
2372
2373
2373
2373
2374
2376
2377
2377
2377
2379
2380
2380
2381
2381
2381
2382
2382
2382
2382
2385
2385
2386
2386
2387
2387
2391
2393
2393
2395
2396
2396
2397
2397
2400
2401
2402
2403
2404
2407
2408
2412
2412
2414
2416
2416
2416
2418
2420
2423
2423
2426
2426
2427
2428
2428
2428
2430
2430
2431
2432
2432
2432
2433
2435
2435
2437
2437
2439
2441
2442
2443
2443
2444
2445
2445
2445
2446
2446
2447
2447
2449
2449
2451
2451
2452
2453
2453
2454
2455
2456
2457
2458
2458
2458
2459
2460
2460
2465
2466
2467
2467
2467
2469
2470
2471
2472
2472
2473
2473
2473
2474
2475
2476
2476
2477
2478
2479
2485
2489
2491
2492
2494
2494
2497
2498
2499
2499
2499
2500
2502
2502
2503
2504
2504
2504
2504
2506
2506
2508
2509
2510
2511
2512
2512
2514
2514
2517
2520
2520
2521
2524
2526
2528
2529
2529
2530
2531
2532
2533
2533
2534
2535
2536
2537
2538
2539
2539
2540
2540
2541
2541
2542
2543
2544
2545
2546
2549
2550
2551
2551
2551
2551
2552
2552
2554
2554
2555
2556
2556
2557
2558
2558
2559
2559
2561
2561
2561
2562
2563
2564
2565
2565
2565
2567
2568
2568
2568
2569
2570
2571
2571
2572
2573
2574
2574
2574
2574
2576
2576
2578
2578
2578
2579
2580
2581
2582
2584
2585
2586
2588
2588
2588
2590
2590
2591
2593
2594
2595
2595
2596
2596
2597
2598
2599
2600
2603
2604
2604
2605
2606
2606
2606
2610
2611
2611
2611
2611
2615
2616
2618
2619
2620
2621
2623
2624
2624
2624
2626
2626
2626
2627
2629
2632
2633
2635
2638
2639
2641
2643
2643
2646
2647
2647
2647
2648
2649
2649
2650
2651
2652
2652
2654
2654
2655
2655
2656
2657
2657
2657
2658
2658
2661
2661
2662
2662
2663
2664
2667
2667
2667
2667
2668
2670
2670
2670
2671
2674
2674
2674
2676
2677
2679
2681
2681
2682
2683
2683
2683
2685
2687
2690
2691
2691
2692
2693
2693
2694
2694
2695
2695
2696
2697
2702
2704
2704
2706
2706
2707
2707
2708
2709
2710
2710
2713
2713
2717
2717
2717
2718
2719
2720
2720
2720
2721
2722
2725
2729
2729
2730
2730
2730
2732
2734
2734
2737
2738
2739
2739
2742
2742
2743
2744
2746
2747
2748
2748
2751
2751
2753
2755
2756
2757
2762
2764
2766
2768
2768
2768
2769
2770
2771
2772
2773
2776
2778
2779
2779
2780
2780
2781
2782
2784
2788
2788
2788
2789
2789
2791
2791
2794
2794
2794
2795
2796
2796
2797
2798
2798
2800
2801
2803
2804
2806
2807
2808
2808
2808
2809
2810
2811
2813
2813
2814
2814
2814
2815
2815
2815
2817
2819
2819
2823
2826
2828
2829
2829
2830
2831
2832
2833
2833
2837
2838
2838
2840
2841
2844
2846
2846
2847
2847
2848
2851
2852
2854
2854
2855
2855
2855
2855
2856
2856
2857
2858
2859
2860
2862
2862
2862
2863
2863
2863
2865
2865
2865
2869
2870
2871
2872
2872
2873
2873
2874
2875
2876
2876
2876
2877
2877
2879
2879
2880
2880
2882
2885
2886
2886
2887
2889
2893
2893
2895
2895
2895
2896
2896
2896
2897
2899
2899
2900
2901
2902
2902
2903
2904
2904
2905
2906
2907
2908
2908
2910
2913
2914
2915
2918
2918
2919
2919
2920
2920
2921
2922
2925
2927
2927
2929
2930
2931
2932
2935
2935
2938
2940
2940
2940
2941
2942
2943
2945
2946
2946
2947
2947
2947
2951
2951
2952
2953
2953
2955
2955
2957
2957
2958
2958
2958
2958
2959
2959
2960
2961
2962
2962
2962
2964
2964
2966
2967
2968
2969
2972
2973
2974
2975
2975
2976
2976
2976
2976
2976
2976
2977
2978
2978
2979
2980
2981
2981
2983
2984
2984
2985
2987
2989
2990
2991
2996
2996
2997
2997
2998
2999
2999
3000
3004
3004
3005
3006
3007
3008
3008
3009
3009
3010
3011
3011
3012
3012
3012
3013
3014
3015
3016
3016
3020
3021
3021
3021
3025
3027
3028
3029
3031
3034
3034
3034
3035
3035
3037
3037
3038
3039
3040
3043
3044
3045
3045
3046
3047
3049
3050
3050
3051
3051
3052
3052
3053
3053
3054
3056
3058
3058
3060
3060
3060
3061
3064
3065
3065
3065
3066
3066
3069
3070
3071
3071
3072
3074
3075
3077
3078
3081
3084
3084
3086
3086
3087
3089
3091
3091
3091
3092
3093
3094
3094
3096
3096
3097
3098
3098
3099
3099
3099
3099
3101
3102
3105
3105
3105
3105
3106
3106
3107
3107
3108
3109
3115
3117
3119
3120
3121
3122
3124
3124
3125
3125
3127
3128
3128
3128
3129
3130
3130
3132
3132
3134
3134
3135
3136
3136
3137
3138
3138
3138
3139
3139
3140
3140
3141
3143
3144
3144
3146
3147
3147
3150
3151
3156
3157
3161
3161
3164
3165
3165
3165
3166
3166
3168
3169
3170
3170
3171
3174
3174
3175
3175
3175
3176
3176
3177
3178
3180
3180
3181
3182
3183
3183
3184
3184
3184
3185
3185
3185
3187
3191
3193
3196
3197
3197
3197
3197
3198
3199
3199
3201
3201
3202
3203
3204
3204
3205
3205
3206
3209
3211
3213
3213
3215
3216
3217
3217
3218
3218
3218
3219
3221
3222
3223
3224
3224
3224
3225
3226
3227
3228
3228
3228
3228
3229
3230
3231
3233
3234
3234
3234
3238
3239
3241
3241
3243
3244
3244
3245
3245
3245
3246
3247
3247
3247
3247
3247
3247
3248
3249
3250
3251
3251
3258
3259
3260
3260
3260
3261
3261
3262
3263
3263
3264
3266
3267
3268
3268
3270
3270
3271
3272
3272
3273
3275
3275
3276
3276
3276
3278
3278
3279
3281
3282
3282
3284
3284
3284
3284
3289
3290
3291
3293
3293
3293
3296
3296
3299
3299
3300
3302
3302
3303
3303
3303
3304
3305
3307
3307
3308
3310
3310
3310
3310
3311
3311
3311
3312
3313
3318
3319
3320
3320
3320
3322
3322
3322
3322
3323
3326
3327
3327
3328
3329
3329
3333
3334
3335
3337
3337
3339
3339
3340
3341
3342
3342
3342
3342
3344
3345
3347
3347
3348
3351
3351
3352
3353
3353
3353
3353
3354
3358
3359
3360
3366
3367
3369
3369
3371
3371
3372
3373
3375
3375
3376
3377
3378
3379
3380
3382
3383
3384
3384
3384
3384
3385
3385
3387
3389
3389
3390
3390
3391
3392
3392
3393
3396
3397
3399
3399
3402
3403
3403
3404
3404
3405
3407
3407
3407
3409
3409
3409
3409
3410
3411
3412
3412
3413
3413
3417
3419
3420
3420
3422
3423
3424
3425
3425
3425
3425
3425
3426
3427
3431
3432
3433
3434
3434
3434
3441
3444
3445
3446
3446
3450
3451
3451
3451
3452
3452
3452
3452
3453
3454
3457
3460
3461
3461
3464
3465
3465
3467
3470
3471
3471
3471
3471
3471
3472
3472
3472
3472
3472
3475
3475
3476
3478
3480
3480
3480
3481
3481
3483
3486
3487
3487
3488
3489
3490
3491
3491
3491
3492
3493
3495
3496
3497
3498
3498
3499
3501
3501
3501
3503
3504
3504
3504
3506
3508
3508
3509
3510
3510
3512
3514
3514
3516
3518
3518
3520
3520
3521
3521
3523
3523
3524
3525
3525
3526
3527
3529
3530
3536
3539
3540
3540
3540
3542
3542
3544
3545
3547
3549
3551
3552
3554
3554
3555
3556
3556
3558
3559
3560
3561
3561
3563
3564
3566
3569
3570
3573
3575
3575
3575
3577
3578
3578
3580
3581
3582
3583
3584
3585
3585
3585
3585
3586
3588
3588
3590
3592
3593
3593
3596
3598
3600
3600
3600
3602
3604
3606
3606
3607
3608
3608
3608
3608
3609
3609
3609
3610
3612
3615
3615
3616
3616
3616
3618
3619
3620
3621
3621
3623
3624
3625
3626
3627
3627
3628
3629
3630
3630
3631
3632
3633
3633
3634
3635
3636
3637
3637
3638
3639
3639
3639
3640
3641
3641
3642
3644
3645
3645
3647
3648
3650
3652
3653
3653
3653
3654
3656
3659
3661
3662
3662
3663
3663
3664
3664
3664
3665
3666
3666
3667
3669
3669
3669
3675
3676
3676
3677
3677
3678
3679
3679
3680
3680
3681
3682
3685
3686
3687
3692
3693
3695
3696
3701
3703
3703
3704
3705
3705
3705
3706
3708
3709
3709
3710
3710
3710
3718
3719
3720
3724
3724
3724
3725
3727
3728
3729
3729
3729
3729
3730
3735
3735
3735
3737
3738
3738
3739
3740
3740
3740
3742
3743
3745
3745
3745
3746
3748
3748
3748
3748
3750
3750
3751
3752
3753
3754
3754
3756
3756
3757
3757
3758
3760
3760
3762
3762
3763
3764
3764
3764
3764
3764
3764
3765
3765
3765
3765
3766
3767
3772
3772
3773
3773
3774
3777
3778
3779
3779
3783
3783
3783
3783
3783
3785
3787
3788
3790
3790
3791
3791
3792
3792
3795
3796
3796
3799
3799
3800
3800
3802
3803
3804
3806
3806
3807
3809
3809
3809
3810
3810
3810
3811
3812
3813
3813
3813
3815
3816
3819
3820
3820
3822
3822
3826
3827
3828
3828
3830
3830
3830
3831
3832
3834
3835
3835
3837
3839
3840
3840
3840
3842
3843
3843
3844
3846
3846
3848
3849
3850
3852
3852
3853
3854
3856
3856
3857
3860
3860
3861
3861
3861
3862
3863
3864
3865
3866
3866
3869
3869
3869
3869
3870
3870
3873
3873
3875
3876
3877
3878
3879
3880
3881
3881
3882
3882
3883
3883
3884
3885
3886
3887
3887
3894
3896
3896
3897
3898
3899
3900
3902
3904
3904
3908
3909
3909
3912
3914
3914
3914
3916
3917
3918
3919
3920
3921
3923
3925
3926
3926
3928
3928
3928
3929
3930
3930
3931
3931
3932
3934
3934
3934
3936
3936
3937
3937
3937
3941
3942
3944
3945
3945
3946
3946
3948
3949
3950
3950
3953
3954
3954
3955
3958
3960
3962
3965
3966
3966
3968
3969
3970
3970
3970
3971
3973
3974
3974
3975
3976
3977
3977
3978
3980
3980
3982
3982
3982
3983
3984
3985
3985
3986
3986
3987
3988
3989
3990
3992
3994
3994
3996
3997
4000
4000
4003
4004
4005
4006
4006
4007
4007
4009
4009
4011
4011
4013
4013
4014
4015
4016
4018
4019
4020
4020
4021
4022
4022
4023
4024
4025
4027
4030
4030
4032
4034
4037
4037
4040
4040
4041
4041
4042
4042
4044
4045
4045
4045
4048
4048
4049
4050
4050
4052
4053
4053
4055
4055
4055
4056
4056
4063
4063
4064
4064
4065
4065
4066
4068
4069
4069
4070
4070
4071
4072
4074
4075
4077
4078
4079
4080
4080
4081
4082
4082
4083
4084
4088
4088
4088
4089
4090
4091
4093
4094
4094
4095
4096
4096
4096
4098
4098
4098
4100
4100
4101
4102
4104
4105
4105
4106
4107
4108
4109
4110
4113
4114
4117
4117
4118
4118
4119
4119
4119
4119
4120
4120
4121
4125
4126
4126
4127
4127
4130
4131
4131
4131
4132
4132
4134
4134
4134
4135
4135
4138
4138
4141
4143
4143
4144
4145
4146
4147
4149
4150
4150
4151
4151
4151
4152
4156
4158
4160
4163
4164
4164
4165
4166
4167
4167
4167
4170
4171
4171
4173
4173
4175
4175
4175
4177
4177
4178
4178
4180
4181
4181
4185
4185
4187
4188
4189
4189
4190
4191
4192
4192
4193
4194
4194
4198
4198
4199
4199
4199
4200
4200
4202
4202
4202
4204
4204
4206
4210
4214
4215
4217
4218
4219
4222
4222
4222
4223
4224
4224
4225
4226
4226
4227
4228
4231
4232
4233
4234
4234
4235
4235
4235
4236
4236
4237
4238
4239
4241
4244
4244
4245
4245
4246
4249
4249
4250
4251
4251
4252
4254
4256
4256
4256
4257
4257
4261
4262
4264
4266
4267
4268
4268
4269
4269
4270
4270
4270
4271
4273
4277
4278
4279
4279
4282
4282
4284
4284
4285
4285
4285
4285
4286
4287
4288
4288
4289
4290
4293
4295
4296
4297
4299
4299
4299
4304
4304
4305
4305
4306
4306
4308
4309
4311
4311
4312
4313
4313
4315
4317
4318
4319
4320
4321
4321
4322
4324
4325
4328
4328
4329
4329
4332
4332
4334
4334
4334
4336
4336
4336
4337
4338
4340
4340
4340
4340
4340
4342
4343
4344
4345
4347
4347
4347
4347
4348
4348
4349
4349
4350
4351
4351
4351
4352
4352
4352
4352
4352
4353
4355
4355
4357
4357
4357
4358
4359
4362
4363
4364
4364
4365
4365
4365
4365
4366
4367
4367
4368
4369
4369
4371
4371
4375
4375
4375
4376
4377
4380
4381
4386
4387
4388
4388
4390
4390
4391
4391
4393
4394
4395
4395
4395
4396
4396
4397
4397
4398
4400
4402
4404
4404
4404
4404
4405
4406
4407
4409
4409
4409
4410
4410
4411
4411
4412
4413
4415
4416
4418
4419
4419
4424
4425
4426
4427
4429
4429
4430
4432
4433
4433
4435
4436
4438
4439
4439
4440
4441
4442
4443
4445
4445
4447
4447
4448
4451
4453
4454
4454
4454
4454
4454
4456
4456
4456
4456
4457
4457
4459
4460
4462
4463
4465
4465
4465
4466
4466
4467
4468
4469
4469
4471
4472
4473
4474
4475
4477
4477
4479
4479
4480
4481
4481
4482
4483
4484
4488
4489
4489
4490
4490
4491
4492
4495
4495
4495
4496
4497
4497
4497
4497
4498
4499
4500
4501
4501
4503
4504
4504
4506
4507
4508
4508
4508
4508
4510
4511
4511
4511
4511
4512
4512
4513
4514
4514
4514
4514
4516
4518
4518
4518
4518
4519
4521
4521
4522
4523
4523
4524
4525
4525
4527
4529
4529
4531
4532
4532
4532
4532
4533
4533
4534
4535
4537
4537
4537
4538
4538
4538
4539
4539
4539
4539
4540
4541
4541
4542
4544
4544
4545
4546
4546
4546
4548
4550
4550
4551
4554
4555
4557
4559
4559
4560
4561
4561
4563
4566
4569
4570
4570
4571
4571
4571
4572
4572
4573
4574
4574
4576
4578
4580
4581
4586
4589
4592
4592
4593
4595
4595
4596
4596
4597
4598
4601
4601
4601
4603
4604
4606
4607
4607
4607
4609
4611
4611
4611
4614
4614
4615
4615
4615
4616
4616
4616
4619
4620
4620
4620
4621
4621
4621
4621
4622
4623
4624
4625
4625
4625
4626
4628
4629
4630
4630
4631
4633
4636
4637
4637
4639
4641
4645
4646
4647
4647
4648
4650
4650
4651
4654
4654
4655
4655
4655
4656
4658
4658
4659
4660
4660
4663
4665
4665
4665
4667
4667
4669
4671
4671
4672
4675
4677
4678
4679
4679
4679
4680
4683
4684
4684
4685
4686
4686
4687
4691
4692
4693
4694
4694
4694
4696
4697
4698
4698
4698
4698
4700
4700
4700
4701
4702
4702
4703
4704
4706
4707
4708
4709
4710
4712
4713
4715
4719
4719
4720
4722
4722
4722
4724
4725
4727
4727
4729
4731
4731
4732
4732
4733
4734
4734
4735
4735
4736
4736
4737
4737
4738
4738
4738
4739
4740
4741
4743
4743
4744
4745
4745
4747
4747
4747
4748
4749
4750
4750
4750
4750
4753
4753
4756
4756
4756
4757
4758
4759
4761
4761
4763
4764
4765
4765
4766
4766
4767
4767
4768
4769
4770
4773
4773
4774
4774
4776
4777
4778
4779
4779
4780
4780
4782
4784
4787
4788
4788
4789
4789
4791
4793
4794
4797
4797
4797
4797
4797
4798
4798
4799
4801
4801
4801
4802
4802
4802
4802
4802
4802
4804
4804
4805
4806
4808
4809
4810
4810
4810
4811
4813
4813
4817
4817
4818
4818
4818
4819
4819
4820
4820
4821
4822
4822
4822
4824
4825
4828
4829
4832
4832
4837
4838
4840
4840
4841
4841
4842
4842
4843
4844
4844
4847
4849
4852
4853
4853
4855
4858
4859
4859
4861
4863
4865
4866
4868
4869
4877
4878
4878
4886
4886
4887
4887
4889
4890
4890
4890
4891
4891
4893
4896
4896
4899
4900
4901
4901
4901
4902
4903
4905
4909
4911
4912
4912
4913
4914
4915
4916
4917
4917
4918
4918
4918
4919
4919
4920
4920
4921
4922
4923
4923
4923
4927
4929
4929
4930
4931
4932
4932
4934
4935
4936
4939
4939
4942
4942
4943
4943
4943
4944
4944
4944
4947
4948
4949
4949
4951
4952
4952
4952
4953
4954
4955
4957
4959
4959
4959
4960
4961
4961
4962
4962
4963
4964
4964
4967
4967
4967
4969
4970
4970
4973
4973
4975
4975
4976
4976
4977
4977
4978
4978
4978
4979
4980
4980
4981
4982
4983
4984
4985
4985
4986
4987
4987
4989
4991
4991
4991
4992
4993
4993
4994
4994
4995
4997
5000
5001
5003
5004
5004
5008
5010
5010
5012
5012
5013
5013
5015
5016
5016
5016
5017
5017
5019
5023
5023
5024
5026
5028
5028
5029
5033
5033
5033
5034
5035
5037
5038
5038
5040
5040
5042
5043
5044
5044
5045
5045
5046
5047
5047
5048
5049
5050
5051
5051
5053
5053
5053
5054
5054
5056
5056
5057
5062
5063
5067
5067
5068
5070
5072
5072
5074
5075
5075
5075
5078
5079
5079
5082
5083
5084
5084
5084
5086
5086
5087
5087
5087
5089
5091
5092
5095
5095
5097
5097
5098
5098
5099
5104
5106
5106
5108
5109
5110
5110
5112
5112
5112
5115
5116
5116
5118
5118
5120
5122
5122
5122
5123
5123
5123
5123
5124
5125
5126
5127
5128
5129
5129
5130
5130
5130
5133
5133
5135
5135
5136
5140
5141
5142
5143
5144
5147
5147
5147
5149
5149
5150
5151
5154
5155
5155
5156
5158
5158
5158
5159
5159
5159
5160
5160
5161
5162
5162
5164
5165
5165
5166
5167
5168
5173
5175
5176
5176
5177
5178
5181
5182
5183
5183
5184
5186
5186
5188
5190
5190
5191
5191
5193
5195
5195
5195
5195
5197
5199
5200
5200
5201
5203
5203
5203
5203
5203
5204
5205
5205
5206
5207
5207
5208
5210
5213
5215
5216
5216
5217
5218
5219
5220
5221
5221
5223
5225
5227
5229
5230
5232
5234
5234
5234
5235
5235
5236
5237
5238
5239
5242
5243
5246
5247
5248
5249
5249
5250
5250
5251
5251
5253
5254
5255
5257
5257
5258
5258
5259
5260
5261
5265
5268
5269
5270
5270
5274
5274
5276
5277
5278
5278
5278
5278
5279
5280
5280
5280
5281
5282
5283
5283
5286
5287
5288
5288
5290
5295
5295
5295
5298
5299
5299
5300
5300
5301
5303
5304
5305
5305
5306
5307
5307
5307
5310
5311
5312
5312
5314
5314
5315
5315
5315
5317
5317
5319
5319
5320
5321
5321
5321
5321
5326
5326
5329
5331
5331
5331
5331
5333
5334
5335
5338
5340
5341
5343
5344
5344
5347
5352
5353
5353
5354
5355
5355
5356
5357
5358
5359
5359
5359
5360
5360
5360
5362
5363
5363
5365
5365
5367
5368
5369
5370
5370
5371
5373
5373
5374
5374
5374
5374
5375
5376
5380
5381
5382
5383
5384
5385
5385
5386
5388
5389
5391
5393
5394
5394
5394
5395
5396
5399
5400
5402
5403
5406
5406
5406
5408
5409
5409
5410
5411
5411
5412
5413
5413
5415
5416
5417
5417
5420
5421
5421
5423
5423
5423
5425
5426
5427
5427
5427
5428
5429
5429
5430
5430
5430
5431
5431
5432
5433
5434
5436
5438
5438
5439
5439
5440
5440
5440
5441
5441
5443
5445
5445
5447
5449
5449
5450
5451
5451
5452
5452
5453
5454
5454
5456
5456
5457
5460
5464
5465
5468
5468
5468
5469
5469
5470
5470
5473
5473
5474
5475
5475
5476
5477
5479
5480
5482
5484
5484
5485
5485
5487
5488
5491
5492
5493
5494
5495
5495
5495
5495
5495
5496
5497
5498
5499
5500
5501
5501
5502
5502
5503
5505
5509
5510
5514
5514
5515
5515
5517
5517
5518
5521
5523
5524
5525
5525
5528
5529
5531
5532
5534
5534
5535
5538
5538
5539
5541
5542
5542
5542
5544
5544
5545
5547
5550
5552
5553
5553
5556
5556
5558
5560
5562
5562
5563
5563
5564
5565
5565
5565
5565
5566
5567
5567
5567
5567
5568
5571
5572
5573
5574
5575
5575
5576
5576
5577
5577
5578
5578
5578
5579
5580
5581
5583
5585
5592
5592
5594
5594
5595
5595
5595
5597
5598
5599
5600
5600
5600
5600
5601
5601
5601
5603
5604
5605
5606
5607
5607
5608
5609
5612
5613
5615
5615
5615
5616
5616
5617
5618
5619
5620
5620
5621
5621
5623
5625
5627
5627
5627
5628
5628
5630
5630
5630
5630
5632
5632
5633
5633
5633
5633
5636
5638
5640
5641
5643
5646
5646
5649
5649
5650
5651
5652
5653
5657
5657
5657
5658
5659
5663
5663
5663
5664
5665
5666
5667
5667
5668
5668
5669
5669
5670
5670
5671
5671
5673
5675
5676
5676
5677
5677
5677
5678
5679
5680
5680
5680
5681
5682
5682
5682
5684
5684
5684
5686
5687
5687
5689
5689
5690
5691
5692
5696
5698
5699
5700
5700
5701
5701
5704
5704
5705
5706
5707
5708
5709
5709
5709
5709
5709
5710
5711
5712
5712
5714
5715
5720
5721
5721
5724
5725
5725
5725
5726
5727
5727
5728
5729
5730
5730
5730
5732
5732
5732
5739
5740
5743
5745
5745
5749
5750
5750
5750
5752
5753
5756
5756
5757
5757
5758
5758
5759
5759
5760
5760
5762
5762
5763
5763
5764
5764
5766
5767
5768
5769
5769
5770
5770
5770
5771
5771
5771
5773
5773
5777
5779
5781
5782
5784
5786
5787
5790
5790
5792
5792
5793
5794
5794
5794
5795
5795
5795
5795
5796
5797
5802
5805
5805
5806
5806
5806
5807
5808
5810
5811
5811
5811
5812
5812
5812
5813
5813
5814
5814
5815
5815
5816
5816
5819
5821
5823
5823
5824
5826
5829
5830
5832
5833
5835
5835
5835
5836
5836
5836
5839
5842
5843
5844
5846
5847
5851
5854
5854
5857
5857
5858
5858
5858
5859
5859
5859
5861
5862
5862
5862
5865
5865
5868
5868
5868
5868
5868
5871
5871
5873
5874
5874
5874
5876
5877
5877
5879
5881
5882
5882
5882
5886
5887
5887
5888
5888
5889
5890
5890
5891
5891
5892
5893
5894
5895
5895
5896
5896
5898
5899
5900
5900
5900
5900
5901
5901
5903
5903
5903
5903
5904
5906
5906
5907
5909
5910
5910
5911
5911
5912
5913
5913
5913
5915
5915
5915
5917
5918
5919
5919
5920
5922
5923
5924
5925
5926
5926
5927
5928
5928
5929
5929
5932
5932
5935
5936
5940
5941
5942
5942
5943
5943
5945
5946
5946
5946
5947
5947
5947
5947
5947
5950
5950
5951
5952
5953
5953
5954
5954
5955
5955
5956
5959
5959
5961
5961
5962
5965
5967
5968
5968
5969
5973
5974
5974
5975
5975
5975
5976
5976
5977
5980
5980
5981
5982
5982
5982
5982
5983
5986
5987
5988
5988
5989
5990
5990
5991
5992
5992
5993
5996
5997
5998
5999
5999
6000
6000
6002
6002
6002
6002
6003
6005
6006
6006
6008
6008
6009
6010
6012
6012
6013
6013
6013
6015
6015
6017
6017
6018
6019
6020
6021
6024
6026
6026
6027
6030
6031
6031
6032
6033
6039
6040
6040
6041
6042
6044
6044
6044
6044
6044
6045
6046
6046
6048
6049
6050
6051
6051
6052
6053
6053
6054
6056
6057
6057
6059
6060
6062
6063
6064
6067
6067
6067
6069
6070
6071
6072
6073
6075
6075
6077
6080
6082
6082
6083
6083
6084
6085
6086
6087
6087
6088
6090
6091
6092
6093
6094
6095
6095
6095
6096
6098
6099
6100
6102
6103
6103
6103
6106
6107
6107
6107
6107
6108
6110
6110
6112
6113
6114
6115
6115
6116
6116
6118
6118
6119
6119
6121
6121
6122
6126
6128
6128
6130
6131
6132
6132
6133
6133
6135
6136
6137
6139
6139
6143
6145
6145
6147
6149
6149
6153
6154
6154
6155
6157
6157
6160
6160
6162
6163
6165
6166
6167
6167
6168
6168
6169
6170
6170
6171
6171
6172
6172
6175
6175
6175
6177
6180
6181
6185
6186
6186
6186
6187
6187
6188
6189
6189
6191
6192
6194
6195
6196
6197
6198
6198
6201
6201
6202
6204
6207
6209
6210
6212
6215
6216
6217
6221
6223
6223
6224
6224
6227
6229
6230
6231
6231
6232
6235
6235
6237
6237
6238
6239
6240
6241
6241
6242
6242
6242
6243
6244
6245
6245
6251
6253
6255
6255
6257
6257
6258
6258
6259
6259
6260
6262
6262
6262
6262
6264
6264
6265
6267
6267
6268
6268
6269
6269
6270
6270
6271
6271
6274
6275
6277
6278
6279
6279
6280
6280
6281
6281
6285
6286
6287
6288
6290
6292
6294
6295
6295
6296
6297
6298
6300
6300
6301
6303
6304
6305
6305
6306
6308
6310
6311
6311
6315
6316
6317
6317
6319
6319
6320
6325
6326
6326
6328
6328
6331
6332
6333
6336
6339
6342
6342
6343
6343
6346
6347
6347
6348
6349
6351
6351
6355
6355
6356
6356
6357
6358
6359
6362
6362
6365
6365
6366
6367
6367
6368
6369
6369
6369
6370
6370
6372
6373
6374
6375
6376
6376
6377
6378
6380
6381
6381
6382
6383
6384
6386
6388
6389
6389
6390
6391
6392
6393
6393
6395
6397
6398
6399
6399
6402
6403
6405
6408
6409
6409
6409
6409
6409
6409
6411
6414
6414
6415
6419
6419
6420
6421
6422
6422
6423
6425
6427
6427
6428
6429
6429
6429
6430
6430
6431
6431
6432
6433
6434
6436
6439
6441
6443
6444
6444
6444
6444
6445
6445
6445
6446
6449
6449
6450
6450
6451
6454
6454
6454
6455
6455
6456
6457
6458
6459
6462
6462
6463
6464
6466
6468
6468
6470
6471
6471
6472
6472
6472
6475
6475
6476
6476
6476
6478
6481
6482
6483
6484
6484
6488
6488
6489
6489
6490
6491
6491
6491
6491
6492
6493
6493
6493
6493
6495
6496
6497
6499
6500
6501
6502
6502
6503
6503
6503
6503
6504
6505
6505
6507
6508
6508
6508
6510
6510
6510
6511
6512
6514
6515
6515
6516
6518
6519
6519
6520
6521
6522
6523
6523
6525
6528
6528
6530
6532
6532
6534
6536
6537
6537
6539
6540
6544
6545
6546
6546
6548
6553
6554
6554
6555
6556
6556
6556
6558
6558
6558
6560
6561
6561
6562
6562
6564
6567
6567
6570
6572
6572
6573
6574
6574
6575
6575
6577
6577
6578
6579
6579
6579
6579
6580
6580
6581
6583
6584
6584
6585
6586
6587
6587
6588
6588
6589
6589
6590
6590
6591
6593
6594
6594
6596
6596
6600
6602
6602
6604
6604
6605
6606
6609
6610
6611
6613
6613
6613
6614
6615
6615
6615
6618
6618
6618
6619
6620
6622
6622
6623
6625
6630
6631
6632
6633
6633
6634
6634
6634
6635
6636
6637
6637
6638
6642
6643
6643
6643
6644
6646
6648
6648
6649
6649
6650
6650
6651
6651
6651
6651
6652
6652
6653
6656
6657
6658
6662
6663
6663
6664
6664
6665
6666
6668
6668
6671
6671
6671
6671
6671
6672
6672
6672
6674
6675
6677
6677
6678
6679
6679
6682
6682
6683
6685
6685
6685
6685
6685
6686
6687
6687
6687
6690
6690
6691
6691
6691
6692
6693
6695
6697
6697
6699
6699
6700
6701
6703
6704
6705
6706
6707
6707
6707
6708
6710
6710
6710
6713
6715
6715
6716
6718
6719
6719
6720
6720
6720
6721
6721
6721
6721
6721
6722
6723
6726
6726
6728
6728
6728
6729
6729
6729
6729
6730
6731
6731
6731
6732
6733
6733
6736
6736
6737
6737
6739
6740
6740
6740
6743
6744
6744
6744
6745
6745
6747
6755
6756
6757
6757
6757
6758
6758
6758
6759
6759
6761
6762
6762
6763
6763
6763
6764
6765
6766
6766
6766
6774
6775
6776
6779
6779
6779
6779
6782
6783
6784
6787
6787
6789
6789
6790
6790
6791
6791
6793
6795
6795
6797
6798
6798
6798
6799
6799
6801
6801
6801
6801
6801
6801
6802
6802
6802
6803
6803
6806
6807
6809
6809
6810
6811
6812
6813
6814
6818
6819
6820
6821
6822
6822
6823
6824
6825
6826
6827
6827
6828
6828
6829
6830
6830
6831
6833
6834
6835
6837
6840
6842
6842
6842
6844
6849
6851
6851
6851
6854
6855
6856
6856
6857
6858
6858
6858
6859
6859
6859
6860
6860
6861
6861
6863
6863
6865
6865
6866
6866
6866
6868
6868
6870
6870
6872
6874
6874
6875
6878
6879
6879
6881
6883
6883
6883
6884
6885
6886
6888
6889
6891
6891
6891
6891
6892
6892
6895
6896
6897
6898
6898
6901
6902
6902
6902
6903
6904
6906
6907
6908
6908
6910
6910
6911
6912
6913
6913
6913
6914
6915
6916
6916
6917
6917
6918
6918
6919
6919
6921
6922
6922
6923
6923
6924
6925
6926
6928
6928
6929
6931
6931
6931
6933
6933
6935
6935
6936
6936
6936
6936
6938
6938
6938
6939
6941
6944
6945
6945
6945
6946
6947
6947
6949
6950
6952
6954
6955
6955
6956
6958
6959
6962
6964
6964
6965
6967
6967
6969
6971
6971
6972
6973
6976
6977
6978
6978
6979
6981
6982
6982
6983
6984
6986
6989
6991
6991
6993
6993
6993
6994
6994
6994
6995
6997
6997
6999
6999
6999
7001
7001
7001
7001
7002
7003
7003
7005
7005
7007
7009
7010
7010
7011
7013
7014
7014
7014
7015
7018
7018
7024
7024
7024
7025
7027
7028
7028
7032
7032
7033
7034
7035
7037
7037
7037
7037
7039
7040
7041
7041
7043
7043
7045
7045
7045
7045
7046
7049
7049
7053
7054
7054
7055
7056
7056
7057
7059
7063
7066
7067
7068
7069
7069
7069
7070
7071
7072
7072
7074
7075
7076
7077
7079
7079
7082
7083
7083
7083
7084
7086
7086
7087
7087
7087
7088
7089
7090
7094
7095
7095
7097
7098
7101
7102
7102
7103
7103
7103
7105
7106
7106
7106
7106
7108
7109
7109
7111
7112
7113
7113
7114
7115
7116
7117
7118
7119
7120
7121
7122
7122
7124
7125
7127
7128
7129
7130
7134
7134
7134
7135
7136
7136
7136
7139
7140
7141
7141
7142
7143
7143
7146
7146
7146
7147
7147
7148
7148
7148
7150
7151
7152
7153
7153
7154
7154
7155
7155
7156
7158
7158
7160
7160
7161
7161
7161
7162
7165
7165
7166
7167
7167
7167
7170
7172
7173
7174
7174
7174
7174
7175
7175
7176
7180
7182
7185
7186
7186
7187
7188
7191
7193
7193
7194
7194
7195
7196
7197
7197
7198
7201
7203
7203
7204
7206
7207
7208
7208
7209
7210
7210
7212
7214
7215
7216
7218
7220
7220
7221
7221
7222
7222
7223
7226
7227
7227
7227
7228
7228
7228
7230
7230
7231
7232
7232
7232
7233
7233
7233
7234
7236
7236
7237
7238
7239
7240
7240
7241
7241
7242
7242
7242
7243
7244
7247
7248
7249
7250
7251
7251
7251
7254
7255
7255
7255
7256
7256
7257
7257
7257
7257
7258
7258
7259
7259
7260
7260
7260
7262
7263
7266
7266
7266
7269
7270
7274
7275
7275
7275
7276
7276
7276
7276
7277
7277
7277
7279
7279
7280
7281
7281
7281
7283
7283
7284
7285
7286
7287
7287
7287
7288
7289
7289
7289
7289
7289
7289
7289
7293
7294
7295
7295
7300
7300
7302
7304
7304
7304
7304
7304
7305
7305
7306
7307
7309
7309
7310
7310
7311
7314
7315
7316
7319
7319
7320
7321
7322
7323
7323
7323
7325
7326
7327
7328
7329
7331
7331
7332
7333
7336
7339
7342
7345
7345
7346
7347
7350
7350
7350
7350
7352
7353
7354
7355
7359
7360
7360
7360
7361
7362
7362
7363
7365
7366
7369
7370
7370
7372
7372
7374
7375
7378
7379
7381
7382
7383
7384
7384
7385
7386
7387
7387
7389
7391
7391
7392
7393
7394
7395
7402
7402
7402
7403
7403
7404
7405
7405
7406
7406
7407
7409
7411
7411
7412
7413
7413
7414
7414
7416
7416
7419
7419
7420
7422
7422
7423
7424
7427
7431
7431
7433
7433
7434
7434
7436
7437
7438
7439
7440
7440
7440
7440
7443
7443
7444
7444
7444
7444
7445
7445
7445
7445
7448
7448
7450
7451
7451
7451
7453
7453
7454
7455
7455
7456
7458
7459
7460
7460
7460
7461
7462
7462
7465
7470
7470
7470
7471
7471
7472
7472
7472
7473
7474
7474
7474
7475
7477
7477
7479
7479
7483
7483
7483
7484
7484
7484
7485
7485
7485
7487
7488
7489
7491
7491
7494
7496
7499
7499
7499
7502
7503
7503
7504
7505
7506
7507
7507
7508
7508
7509
7511
7511
7512
7512
7513
7513
7515
7516
7516
7516
7517
7518
7518
7522
7523
7525
7525
7525
7526
7526
7529
7530
7530
7530
7531
7531
7532
7532
7532
7532
7533
7533
7534
7535
7537
7537
7537
7537
7538
7539
7539
7539
7540
7542
7544
7545
7546
7548
7550
7550
7552
7554
7555
7556
7557
7558
7558
7563
7563
7564
7564
7565
7565
7566
7566
7567
7568
7568
7570
7570
7571
7573
7573
7576
7576
7578
7579
7580
7580
7581
7582
7583
7583
7584
7585
7587
7587
7590
7591
7591
7593
7594
7596
7596
7596
7599
7602
7603
7605
7605
7606
7607
7608
7611
7611
7615
7617
7617
7618
7619
7620
7623
7625
7626
7627
7627
7628
7628
7631
7632
7632
7633
7633
7634
7635
7636
7636
7637
7638
7638
7638
7639
7640
7642
7643
7644
7644
7645
7645
7646
7646
7646
7647
7649
7650
7651
7653
7656
7661
7661
7662
7663
7666
7667
7668
7668
7668
7668
7669
7669
7672
7672
7672
7673
7676
7676
7677
7679
7681
7682
7683
7685
7686
7686
7687
7687
7689
7693
7693
7697
7697
7697
7697
7698
7698
7700
7702
7702
7702
7708
7708
7709
7710
7711
7711
7712
7715
7715
7715
7716
7718
7718
7719
7719
7723
7723
7724
7724
7725
7725
7725
7726
7730
7731
7731
7733
7737
7737
7739
7740
7742
7744
7745
7746
7751
7752
7752
7753
7758
7759
7760
7760
7761
7761
7764
7764
7767
7767
7769
7769
7770
7770
7771
7771
7772
7774
7775
7777
7778
7778
7779
7780
7780
7781
7783
7786
7787
7787
7787
7788
7788
7790
7792
7793
7794
7797
7797
7797
7799
7799
7802
7802
7803
7805
7806
7807
7807
7807
7808
7808
7808
7809
7810
7810
7812
7817
7818
7819
7821
7824
7824
7826
7827
7827
7829
7829
7830
7831
7833
7835
7837
7839
7839
7841
7841
7841
7843
7844
7844
7846
7847
7847
7850
7852
7852
7854
7854
7856
7856
7857
7857
7859
7860
7860
7861
7862
7862
7864
7864
7865
7866
7867
7868
7868
7869
7873
7874
7874
7874
7876
7877
7878
7879
7880
7880
7881
7881
7881
7883
7884
7884
7885
7885
7886
7889
7889
7890
7890
7891
7891
7892
7893
7895
7895
7896
7901
7903
7903
7906
7906
7907
7908
7908
7909
7910
7910
7911
7911
7911
7912
7914
7914
7917
7917
7917
7919
7920
7923
7923
7924
7925
7925
7927
7927
7929
7930
7931
7934
7934
7935
7936
7936
7938
7938
7940
7940
7943
7944
7945
7949
7950
7950
7952
7953
7954
7955
7955
7957
7957
7958
7958
7959
7960
7960
7960
7961
7962
7962
7964
7965
7966
7966
7966
7966
7967
7970
7970
7972
7973
7975
7976
7978
7978
7979
7980
7981
7981
7981
7982
7983
7983
7985
7986
7987
7987
7987
7994
7996
7997
7998
7999
8000
8002
8002
8003
8005
8005
8007
8008
8009
8011
8011
8013
8013
8014
8015
8015
8017
8019
8022
8022
8025
8030
8031
8032
8033
8033
8037
8039
8040
8040
8042
8043
8044
8045
8045
8046
8046
8048
8049
8049
8050
8051
8053
8054
8055
8056
8056
8056
8058
8059
8061
8061
8061
8062
8065
8070
8070
8070
8071
8073
8075
8077
8077
8077
8078
8079
8080
8080
8080
8080
8080
8080
8082
8083
8084
8084
8084
8085
8086
8087
8089
8091
8092
8092
8092
8094
8096
8096
8097
8097
8097
8098
8098
8099
8099
8100
8102
8103
8103
8104
8104
8105
8106
8107
8108
8109
8117
8118
8119
8120
8120
8120
8121
8122
8122
8123
8124
8125
8128
8131
8132
8133
8133
8135
8136
8136
8137
8137
8138
8139
8140
8142
8143
8145
8146
8147
8147
8148
8148
8149
8149
8149
8150
8153
8153
8154
8156
8156
8157
8158
8162
8162
8164
8164
8164
8165
8167
8168
8169
8170
8171
8171
8171
8174
8181
8181
8182
8182
8183
8184
8184
8185
8185
8186
8189
8190
8191
8191
8193
8194
8194
8197
8198
8198
8198
8199
8199
8200
8203
8205
8205
8205
8207
8207
8208
8209
8211
8213
8215
8217
8218
8219
8221
8221
8222
8223
8225
8225
8226
8226
8227
8227
8228
8229
8231
8231
8231
8232
8232
8233
8234
8236
8236
8239
8239
8240
8241
8241
8241
8242
8242
8243
8243
8243
8243
8244
8244
8247
8248
8249
8251
8253
8253
8254
8255
8256
8257
8259
8260
8260
8262
8264
8264
8266
8270
8270
8270
8271
8272
8274
8279
8279
8280
8280
8280
8281
8281
8281
8282
8282
8285
8286
8288
8288
8289
8289
8289
8290
8290
8291
8292
8292
8292
8293
8294
8295
8297
8297
8297
8298
8301
8303
8305
8306
8308
8309
8312
8312
8313
8313
8314
8314
8314
8315
8316
8316
8319
8319
8320
8322
8322
8322
8323
8323
8326
8326
8326
8327
8328
8328
8328
8329
8331
8331
8333
8333
8335
8336
8336
8337
8337
8339
8339
8340
8341
8342
8344
8344
8344
8345
8347
8347
8348
8349
8351
8353
8353
8355
8356
8356
8357
8358
8362
8362
8366
8366
8367
8367
8367
8370
8371
8371
8374
8374
8375
8375
8375
8376
8377
8377
8378
8380
8380
8382
8383
8384
8385
8385
8385
8386
8388
8388
8389
8389
8390
8390
8392
8394
8394
8396
8396
8397
8400
8401
8401
8405
8410
8412
8412
8413
8413
8414
8415
8416
8417
8417
8421
8422
8424
8424
8424
8424
8426
8427
8427
8427
8427
8428
8431
8434
8434
8435
8435
8436
8437
8437
8439
8439
8439
8440
8441
8441
8441
8442
8445
8446
8447
8447
8449
8449
8449
8451
8451
8452
8454
8454
8454
8455
8455
8456
8456
8458
8458
8458
8459
8459
8460
8461
8463
8463
8464
8466
8466
8469
8469
8469
8472
8476
8477
8477
8477
8478
8481
8481
8482
8482
8482
8484
8486
8486
8486
8486
8488
8488
8489
8490
8492
8492
8492
8494
8494
8495
8495
8496
8498
8500
8503
8504
8504
8506
8507
8507
8508
8510
8513
8513
8514
8514
8515
8515
8516
8517
8519
8520
8520
8521
8522
8523
8525
8525
8527
8528
8531
8532
8532
8533
8533
8533
8534
8535
8536
8536
8540
8542
8543
8544
8544
8544
8546
8547
8547
8547
8549
8551
8552
8553
8553
8553
8554
8555
8556
8556
8556
8558
8559
8559
8560
8561
8562
8564
8565
8566
8566
8567
8567
8570
8571
8572
8573
8574
8574
8575
8575
8577
8578
8579
8579
8581
8582
8582
8582
8583
8585
8585
8586
8586
8587
8588
8588
8588
8590
8592
8592
8593
8593
8594
8594
8596
8597
8597
8598
8601
8601
8602
8602
8603
8603
8603
8604
8605
8605
8609
8610
8611
8612
8613
8614
8615
8616
8616
8617
8619
8620
8621
8623
8623
8625
8625
8626
8626
8628
8629
8629
8630
8632
8633
8634
8635
8636
8637
8638
8641
8642
8642
8645
8645
8646
8647
8648
8649
8649
8651
8651
8651
8652
8654
8654
8658
8659
8659
8660
8662
8663
8664
8664
8667
8669
8673
8675
8676
8676
8678
8679
8681
8681
8681
8682
8682
8683
8685
8685
8686
8687
8688
8688
8690
8690
8692
8692
8692
8692
8692
8693
8694
8695
8695
8695
8697
8698
8698
8699
8701
8701
8701
8702
8703
8707
8708
8709
8709
8711
8714
8717
8719
8722
8722
8723
8723
8723
8724
8725
8725
8726
8726
8730
8731
8732
8732
8733
8733
8735
8739
8739
8741
8744
8744
8745
8747
8747
8748
8748
8748
8748
8749
8752
8753
8755
8756
8757
8757
8758
8758
8760
8762
8764
8764
8766
8767
8767
8768
8768
8770
8770
8770
8771
8771
8771
8773
8773
8773
8774
8775
8775
8777
8778
8780
8780
8780
8781
8782
8784
8789
8789
8789
8790
8790
8790
8791
8792
8792
8792
8792
8792
8792
8793
8795
8796
8797
8797
8799
8799
8803
8804
8806
8807
8807
8808
8809
8809
8811
8812
8813
8813
8814
8817
8817
8818
8818
8820
8821
8822
8822
8822
8823
8823
8823
8825
8826
8830
8831
8833
8835
8836
8836
8836
8837
8837
8839
8839
8844
8844
8846
8847
8848
8848
8849
8850
8854
8856
8857
8858
8858
8859
8860
8860
8861
8864
8865
8866
8867
8867
8868
8870
8870
8871
8872
8874
8876
8877
8878
8878
8879
8879
8880
8880
8883
8884
8887
8887
8887
8888
8890
8890
8894
8897
8898
8900
8901
8901
8903
8904
8904
8905
8906
8907
8907
8907
8908
8909
8910
8912
8912
8913
8914
8917
8917
8918
8918
8919
8921
8921
8921
8924
8924
8925
8926
8926
8927
8927
8928
8928
8929
8930
8931
8932
8933
8935
8937
8939
8940
8940
8942
8943
8945
8946
8947
8947
8947
8948
8948
8950
8950
8953
8958
8958
8959
8960
8961
8961
8961
8961
8962
8963
8963
8963
8963
8963
8964
8965
8965
8969
8969
8970
8973
8973
8973
8973
8974
8974
8975
8976
8977
8978
8978
8979
8979
8980
8981
8981
8981
8984
8985
8985
8986
8986
8987
8988
8988
8989
8990
8990
8993
8993
8994
8994
8996
8997
8998
8998
9000
9000
9001
9001
9005
9006
9006
9009
9009
9010
9011
9015
9016
9017
9020
9021
9021
9023
9023
9025
9028
9029
9029
9030
9030
9032
9033
9034
9035
9036
9038
9040
9041
9042
9046
9046
9046
9046
9047
9047
9047
9047
9051
9051
9051
9051
9052
9052
9052
9053
9057
9058
9058
9058
9059
9060
9060
9062
9062
9062
9062
9063
9064
9066
9067
9071
9072
9072
9073
9075
9076
9077
9077
9080
9081
9081
9085
9085
9085
9088
9088
9089
9089
9089
9090
9092
9092
9095
9096
9098
9101
9101
9104
9105
9105
9105
9106
9108
9108
9108
9110
9110
9111
9112
9113
9113
9115
9118
9118
9119
9119
9119
9121
9124
9125
9128
9129
9130
9130
9132
9132
9135
9135
9136
9137
9137
9137
9137
9137
9137
9138
9138
9138
9139
9140
9140
9141
9141
9142
9145
9146
9147
9147
9149
9150
9152
9152
9155
9155
9155
9156
9156
9157
9158
9159
9160
9161
9163
9163
9164
9166
9167
9167
9168
9169
9170
9170
9171
9172
9172
9172
9173
9174
9175
9176
9176
9177
9178
9180
9181
9181
9181
9182
9183
9183
9183
9183
9184
9184
9184
9184
9186
9186
9187
9188
9188
9189
9190
9191
9192
9196
9196
9196
9200
9200
9201
9201
9202
9202
9203
9204
9204
9205
9206
9207
9207
9208
9209
9210
9211
9211
9212
9213
9215
9217
9218
9218
9218
9218
9219
9219
9219
9220
9220
9220
9224
9224
9225
9226
9227
9227
9227
9227
9229
9229
9231
9232
9234
9234
9235
9236
9237
9238
9238
9238
9239
9240
9240
9243
9244
9244
9244
9244
9245
9245
9248
9250
9252
9253
9255
9255
9259
9261
9261
9262
9262
9262
9264
9265
9266
9268
9270
9270
9273
9274
9275
9275
9277
9278
9279
9280
9282
9282
9282
9283
9284
9284
9285
9286
9287
9288
9289
9289
9289
9291
9293
9293
9294
9295
9295
9298
9299
9299
9300
9300
9301
9301
9301
9302
9302
9304
9304
9304
9304
9305
9308
9310
9310
9311
9312
9316
9318
9321
9322
9322
9322
9322
9323
9323
9323
9323
9324
9328
9330
9331
9331
9332
9332
9333
9334
9338
9339
9341
9342
9342
9343
9345
9346
9347
9349
9349
9351
9352
9352
9352
9352
9352
9352
9353
9354
9354
9356
9358
9360
9361
9363
9365
9365
9365
9365
9368
9368
9368
9368
9370
9370
9373
9373
9373
9373
9375
9375
9375
9379
9379
9380
9380
9381
9381
9382
9382
9383
9385
9387
9388
9389
9389
9389
9390
9391
9393
9394
9395
9397
9401
9401
9402
9403
9403
9403
9404
9404
9405
9406
9407
9408
9410
9410
9410
9411
9413
9414
9416
9416
9417
9420
9421
9421
9422
9422
9422
9423
9425
9425
9426
9426
9427
9427
9427
9428
9429
9429
9431
9433
9433
9433
9437
9438
9438
9439
9440
9440
9441
9442
9443
9444
9445
9451
9452
9452
9452
9454
9455
9456
9457
9457
9458
9458
9458
9459
9459
9460
9460
9461
9462
9463
9463
9464
9464
9464
9465
9466
9466
9467
9468
9469
9471
9471
9471
9474
9474
9475
9477
9477
9478
9481
9481
9481
9483
9483
9484
9484
9484
9487
9487
9487
9487
9489
9489
9491
9493
9493
9494
9494
9495
9495
9495
9496
9497
9497
9498
9500
9501
9501
9503
9503
9505
9506
9510
9511
9512
9512
9514
9517
9520
9521
9521
9522
9522
9522
9523
9523
9524
9526
9526
9527
9528
9528
9530
9530
9532
9532
9533
9534
9534
9535
9535
9535
9536
9536
9537
9538
9538
9541
9543
9544
9544
9544
9544
9545
9545
9547
9547
9547
9548
9548
9549
9550
9550
9552
9553
9554
9555
9555
9557
9559
9559
9560
9560
9561
9562
9563
9565
9569
9571
9571
9571
9572
9572
9573
9574
9574
9575
9577
9578
9578
9579
9579
9580
9580
9581
9582
9584
9586
9586
9587
9589
9591
9592
9592
9594
9595
9596
9596
9598
9598
9598
9599
9600
9600
9600
9600
9601
9603
9604
9605
9606
9607
9609
9609
9609
9610
9611
9612
9614
9614
9615
9618
9619
9620
9621
9622
9623
9623
9625
9627
9628
9628
9631
9631
9633
9633
9633
9634
9636
9637
9642
9645
9647
9649
9649
9650
9652
9652
9652
9653
9656
9658
9659
9661
9661
9662
9662
9663
9666
9666
9669
9670
9672
9672
9672
9672
9676
9676
9676
9677
9677
9678
9679
9680
9684
9685
9687
9690
9692
9693
9693
9693
9695
9696
9697
9698
9702
9702
9705
9707
9709
9709
9709
9711
9712
9713
9714
9715
9717
9719
9720
9721
9723
9724
9725
9725
9726
9727
9727
9727
9728
9728
9729
9729
9730
9730
9732
9734
9734
9736
9736
9739
9739
9740
9742
9744
9746
9746
9746
9747
9751
9751
9753
9755
9756
9757
9760
9763
9767
9767
9767
9768
9768
9768
9770
9771
9773
9776
9776
9777
9778
9779
9779
9780
9780
9780
9781
9782
9782
9783
9786
9789
9791
9793
9793
9794
9795
9795
9796
9797
9797
9797
9798
9798
9798
9799
9802
9802
9802
9803
9803
9803
9804
9804
9805
9806
9807
9811
9812
9812
9814
9815
9816
9816
9817
9817
9817
9819
9819
9819
9823
9825
9825
9826
9827
9827
9828
9829
9830
9830
9830
9831
9832
9835
9836
9838
9839
9840
9842
9843
9843
9843
9844
9846
9848
9848
9849
9849
9851
9852
9852
9853
9854
9854
9854
9855
9856
9856
9860
9861
9861
9862
9862
9863
9863
9865
9866
9866
9867
9867
9869
9870
9870
9871
9872
9872
9873
9874
9875
9875
9876
9876
9877
9877
9878
9879
9880
9882
9882
9884
9884
9885
9885
9885
9886
9887
9887
9887
9887
9888
9891
9891
9891
9892
9893
9894
9895
9895
9896
9898
9902
9903
9905
9908
9911
9911
9911
9911
9913
9917
9921
9924
9924
9925
9932
9933
9934
9935
9935
9936
9936
9938
9939
9940
9940
9942
9943
9943
9943
9943
9947
9947
9949
9952
9952
9953
9953
9953
9954
9954
9955
9956
9958
9958
9960
9962
9963
9963
9964
9964
9965
9966
9968
9969
9969
9972
9973
9975
9976
9977
9978
9980
9980
9981
9983
9985
9985
9986
9987
9992
9992
9992
9992
9994
9995
9997
9997
9997
9998
9999
