0
1
3
3
4
4
4
6
6
8
8
8
9
10
11
11
13
17
18
18
18
19
21
21
22
22
22
24
25
25
26
26
28
32
34
35
35
38
38
38
40
40
41
42
43
44
45
46
46
46
46
47
48
49
50
50
50
51
51
52
52
53
53
53
54
57
58
59
59
59
61
63
64
68
68
69
69
69
70
70
71
73
77
78
79
79
79
80
82
82
82
84
84
85
86
87
88
89
90
91
91
94
95
99
100
100
101
102
102
102
102
104
105
106
109
109
109
110
111
111
113
114
115
115
116
117
117
118
118
119
122
124
124
124
126
126
127
128
129
129
130
131
131
132
133
135
136
137
139
140
140
140
140
141
141
143
143
144
144
145
145
145
146
146
147
149
149
150
150
151
151
153
155
155
156
158
158
159
160
162
163
163
163
164
164
165
165
165
166
167
169
169
171
172
172
172
173
174
174
174
175
176
178
179
182
183
184
184
186
189
189
189
190
190
190
192
192
195
197
198
199
201
203
204
206
206
206
208
212
213
213
213
214
215
215
217
217
217
218
219
220
221
221
222
224
227
228
228
230
230
231
235
237
238
238
239
240
241
245
247
248
249
250
252
252
254
256
256
256
258
262
262
262
263
263
265
272
273
274
276
276
278
281
284
284
285
285
285
288
289
289
291
293
294
295
297
297
297
298
301
302
302
302
302
303
305
306
306
307
308
309
310
311
312
312
315
316
316
316
319
320
320
321
323
325
325
327
328
329
329
331
331
332
332
332
332
334
334
336
338
338
338
340
341
341
341
342
343
343
344
347
347
348
348
349
351
351
352
353
354
355
355
356
357
358
360
361
362
362
364
365
365
366
368
368
369
369
370
371
372
372
372
374
375
375
376
376
377
377
377
379
382
382
384
386
386
388
388
390
390
391
392
392
392
394
398
399
399
400
401
402
403
403
403
404
404
405
405
405
406
406
406
410
412
412
416
416
416
418
418
420
423
423
424
424
425
425
427
428
430
432
432
433
433
435
435
436
437
438
442
443
443
445
445
445
445
446
446
446
448
448
448
449
450
451
452
453
453
453
453
454
455
456
456
457
458
458
459
460
460
462
462
463
464
467
467
469
470
470
471
472
474
475
478
479
479
479
481
481
483
487
487
489
489
489
489
490
491
491
492
494
494
495
496
497
498
500
502
503
503
504
505
506
506
507
508
508
508
509
509
511
512
514
515
515
516
516
518
518
518
519
522
523
524
527
527
530
531
531
532
532
534
534
536
536
536
537
537
537
540
542
543
543
544
544
544
544
545
546
547
547
552
552
553
553
555
555
555
556
556
557
560
561
561
563
564
564
564
566
566
566
568
568
569
570
570
572
573
577
579
579
580
580
582
582
583
586
586
589
591
591
591
591
592
593
594
594
595
596
599
599
600
600
600
601
602
602
607
608
608
610
612
612
612
614
615
615
615
617
618
619
620
620
622
623
625
627
628
629
629
629
630
630
631
631
633
635
636
637
638
638
638
640
640
641
643
645
646
648
648
649
650
653
654
654
655
655
655
656
658
659
660
660
662
663
663
664
664
665
665
666
667
667
668
670
670
671
672
672
674
674
674
677
677
679
679
679
679
680
681
682
685
685
685
686
686
686
688
688
689
689
690
690
692
692
695
695
695
695
696
699
702
707
708
709
709
710
712
712
715
717
717
718
718
719
722
722
722
723
725
726
727
727
727
727
729
729
731
731
731
736
737
737
737
740
740
741
741
741
742
743
744
746
746
747
748
750
751
754
754
754
755
757
758
758
758
759
759
759
760
760
760
760
761
761
763
763
764
766
767
768
768
769
771
772
773
774
775
775
775
776
776
777
778
779
781
782
782
782
783
785
787
788
789
792
795
795
796
797
798
798
800
801
801
801
802
802
805
805
807
809
810
810
811
814
815
815
816
817
818
819
821
822
823
823
825
827
827
828
829
829
830
831
831
832
834
834
835
836
836
836
836
838
838
839
840
840
840
840
841
842
843
844
844
847
851
852
852
852
853
853
853
854
854
856
858
861
861
862
862
863
863
864
864
866
866
867
868
869
870
870
873
874
874
877
878
879
879
879
880
881
881
881
881
882
883
883
885
885
886
887
887
888
889
890
890
894
894
896
896
898
898
899
901
901
902
904
906
907
908
909
909
910
911
912
913
913
915
915
918
921
921
923
923
925
925
926
929
929
930
931
932
933
935
935
935
936
937
937
937
937
938
938
939
939
940
944
945
946
947
948
948
948
950
951
954
955
955
956
957
957
958
960
961
963
963
963
964
964
965
965
968
970
970
971
974
974
974
975
975
978
978
978
979
981
982
982
984
984
984
986
987
987
987
988
989
989
992
992
992
993
994
995
999
1000
1003
1003
1003
1004
1006
1006
1007
1008
1010
1011
1012
1012
1013
1013
1013
1017
1018
1018
1019
1020
1023
1023
1025
1025
1026
1026
1027
1031
1032
1033
1035
1036
1036
1036
1038
1042
1045
1046
1047
1047
1048
1048
1049
1049
1050
1053
1053
1055
1055
1055
1057
1061
1061
1063
1063
1064
1065
1065
1066
1066
1069
1069
1072
1073
1074
1076
1078
1079
1079
1079
1080
1081
1083
1086
1086
1087
1087
1088
1088
1089
1091
1092
1094
1095
1096
1097
1097
1099
1100
1101
1104
1105
1106
1108
1110
1111
1112
1113
1114
1115
1115
1115
1116
1116
1117
1117
1118
1118
1118
1122
1123
1123
1123
1124
1125
1125
1126
1127
1127
1129
1129
1129
1129
1131
1131
1132
1133
1133
1133
1134
1134
1135
1135
1136
1137
1138
1138
1139
1141
1141
1143
1145
1145
1146
1147
1149
1150
1151
1151
1152
1152
1152
1152
1152
1154
1157
1159
1159
1159
1159
1162
1162
1162
1164
1165
1165
1166
1166
1168
1170
1171
1171
1172
1172
1173
1174
1174
1176
1178
1178
1179
1181
1182
1184
1185
1186
1187
1187
1190
1191
1193
1194
1194
1196
1196
1198
1198
1200
1201
1201
1201
1202
1203
1204
1204
1205
1205
1207
1207
1207
1209
1212
1213
1213
1214
1215
1216
1217
1217
1221
1222
1222
1222
1223
1223
1225
1225
1225
1225
1226
1228
1229
1229
1230
1230
1230
1232
1232
1233
1233
1242
1243
1243
1245
1245
1247
1248
1251
1252
1252
1252
1252
1253
1254
1255
1255
1256
1256
1257
1260
1261
1261
1263
1263
1264
1265
1265
1266
1266
1267
1270
1271
1274
1276
1278
1279
1280
1280
1280
1281
1281
1281
1282
1287
1287
1289
1290
1290
1290
1292
1296
1297
1301
1301
1301
1302
1305
1305
1305
1308
1308
1312
1313
1314
1314
1314
1317
1317
1319
1319
1321
1322
1322
1322
1323
1323
1324
1325
1326
1327
1328
1330
1332
1335
1336
1337
1338
1338
1338
1338
1338
1339
1340
1340
1340
1342
1342
1343
1344
1348
1348
1349
1350
1351
1351
1352
1353
1353
1354
1354
1355
1355
1355
1357
1361
1361
1361
1363
1364
1365
1367
1367
1368
1368
1368
1369
1370
1371
1375
1377
1382
1383
1384
1384
1385
1385
1386
1388
1388
1391
1391
1392
1392
1393
1395
1396
1397
1397
1398
1399
1399
1400
1401
1402
1404
1407
1408
1409
1409
1409
1412
1414
1414
1415
1415
1416
1417
1417
1417
1418
1419
1420
1420
1421
1421
1422
1422
1422
1423
1423
1428
1429
1431
1431
1432
1433
1433
1435
1436
1437
1439
1440
1440
1441
1442
1442
1443
1443
1444
1445
1448
1448
1449
1450
1450
1453
1454
1456
1456
1457
1459
1459
1463
1464
1465
1467
1468
1469
1470
1477
1481
1481
1482
1482
1482
1482
1483
1483
1483
1484
1485
1485
1485
1485
1487
1487
1488
1488
1489
1489
1489
1489
1491
1492
1494
1495
1496
1497
1499
1500
1500
1501
1501
1505
1505
1506
1508
1508
1509
1510
1510
1512
1512
1512
1514
1515
1515
1516
1518
1520
1522
1524
1524
1525
1525
1526
1526
1529
1530
1530
1531
1531
1532
1533
1533
1534
1535
1535
1536
1538
1538
1539
1539
1540
1541
1543
1543
1544
1545
1546
1547
1547
1548
1550
1553
1554
1558
1559
1560
1560
1562
1562
1563
1564
1564
1565
1567
1569
1569
1569
1570
1573
1574
1574
1575
1576
1576
1576
1577
1578
1580
1580
1581
1581
1584
1586
1586
1586
1587
1587
1587
1588
1589
1589
1589
1591
1592
1594
1596
1596
1597
1600
1601
1601
1601
1601
1603
1603
1604
1605
1605
1608
1609
1610
1611
1612
1613
1613
1613
1617
1617
1618
1619
1619
1619
1620
1622
1623
1624
1625
1627
1628
1628
1633
1633
1636
1636
1637
1640
1641
1641
1641
1641
1642
1643
1643
1643
1645
1646
1647
1648
1648
1651
1651
1652
1652
1653
1654
1655
1657
1658
1659
1660
1660
1660
1662
1663
1664
1664
1669
1670
1670
1670
1671
1671
1673
1674
1674
1675
1676
1676
1679
1679
1681
1681
1685
1685
1686
1688
1689
1690
1690
1692
1693
1694
1695
1696
1696
1697
1698
1698
1700
1700
1705
1706
1707
1709
1710
1710
1710
1713
1714
1714
1717
1717
1718
1718
1719
1721
1723
1724
1724
1726
1727
1729
1729
1730
1738
1738
1739
1739
1740
1745
1745
1746
1746
1746
1747
1749
1750
1750
1750
1751
1751
1755
1755
1757
1758
1759
1760
1760
1761
1762
1766
1769
1769
1770
1770
1771
1772
1772
1773
1774
1775
1776
1776
1776
1776
1777
1777
1778
1778
1778
1779
1780
1780
1780
1781
1782
1782
1783
1784
1785
1785
1789
1790
1791
1792
1793
1793
1794
1795
1796
1796
1800
1800
1801
1801
1802
1805
1805
1805
1806
1807
1807
1808
1808
1808
1809
1810
1810
1813
1813
1813
1814
1816
1816
1817
1824
1824
1826
1828
1829
1829
1830
1834
1836
1836
1837
1839
1840
1840
1840
1840
1841
1843
1844
1844
1846
1850
1850
1852
1852
1853
1853
1854
1855
1856
1859
1860
1860
1860
1863
1865
1865
1866
1867
1867
1869
1869
1869
1871
1875
1876
1878
1878
1880
1881
1882
1882
1883
1883
1887
1887
1894
1894
1895
1900
1904
1904
1905
1905
1905
1905
1906
1906
1912
1913
1913
1913
1914
1914
1917
1920
1920
1920
1923
1923
1923
1925
1926
1928
1934
1935
1935
1937
1938
1939
1939
1940
1940
1941
1941
1941
1942
1944
1945
1945
1946
1946
1947
1947
1950
1950
1951
1951
1952
1952
1953
1955
1956
1956
1958
1959
1959
1959
1961
1964
1966
1966
1967
1967
1968
1969
1969
1969
1970
1972
1972
1972
1973
1974
1974
1975
1975
1975
1976
1976
1978
1979
1981
1981
1984
1984
1985
1986
1986
1991
1991
1995
1996
1996
1996
1997
2000
2000
2001
2002
2003
2006
2007
2008
2009
2011
2012
2013
2014
2015
2016
2017
2019
2020
2021
2021
2021
2022
2022
2023
2027
2029
2029
2032
2033
2033
2034
2034
2035
2036
2036
2037
2038
2038
2039
2039
2042
2042
2043
2043
2044
2044
2045
2045
2046
2047
2049
2050
2051
2053
2054
2054
2056
2058
2059
2060
2061
2063
2064
2068
2070
2072
2072
2073
2074
2075
2075
2077
2079
2080
2080
2081
2082
2085
2085
2087
2087
2087
2090
2090
2092
2092
2092
2093
2093
2093
2094
2095
2097
2099
2100
2100
2102
2102
2103
2103
2103
2104
2105
2106
2111
2112
2113
2113
2113
2113
2114
2115
2118
2118
2118
2119
2120
2122
2122
2122
2123
2124
2125
2125
2125
2126
2127
2127
2129
2131
2132
2132
2132
2133
2133
2133
2136
2137
2139
2140
2140
2140
2140
2142
2143
2143
2143
2143
2144
2144
2144
2145
2146
2146
2148
2149
2150
2151
2151
2152
2157
2157
2158
2158
2160
2160
2160
2160
2163
2165
2166
2168
2168
2170
2172
2172
2175
2176
2176
2177
2178
2178
2180
2184
2184
2184
2185
2185
2186
2187
2190
2190
2194
2195
2199
2199
2201
2201
2202
2203
2203
2204
2206
2207
2208
2209
2212
2213
2213
2214
2216
2216
2216
2217
2218
2218
2218
2220
2221
2221
2223
2224
2224
2225
2226
2226
2227
2228
2229
2229
2232
2233
2234
2236
2236
2236
2237
2237
2239
2239
2240
2240
2242
2243
2246
2248
2248
2248
2249
2249
2250
2251
2253
2254
2255
2255
2256
2257
2257
2257
2258
2258
2262
2262
2263
2264
2264
2265
2265
2267
2272
2274
2275
2277
2277
2278
2278
2278
2279
2279
2279
2280
2280
2283
2283
2283
2284
2284
2284
2285
2285
2287
2287
2289
2291
2291
2292
2292
2294
2297
2298
2299
2299
2300
2300
2300
2302
2305
2307
2307
2308
2308
2309
2310
2312
2314
2315
2316
2316
2318
2318
2321
2321
2321
2322
2323
2326
2328
2329
2329
2329
2331
2332
2333
2335
2338
2340
2340
2341
2342
2343
2344
2344
2349
2350
2350
2352
2353
2353
2354
2356
2356
2357
2357
2358
2358
2359
2360
2360
2361
2362
2365
2366
2366
2368
2369
2373
2375
2376
2378
2378
2379
2379
2379
2385
2385
2385
2386
2386
2387
2389
2389
2389
2391
2391
2391
2391
2392
2395
2396
2398
2399
2399
2400
2401
2401
2401
2402
2403
2405
2407
2411
2413
2413
2414
2414
2419
2420
2422
2422
2422
2424
2425
2426
2426
2427
2428
2429
2430
2430
2431
2432
2433
2434
2435
2437
2438
2439
2441
2441
2445
2447
2449
2449
2451
2451
2451
2451
2452
2453
2454
2454
2455
2455
2456
2458
2459
2460
2460
2460
2460
2460
2460
2462
2462
2463
2464
2464
2464
2465
2465
2467
2468
2471
2471
2473
2474
2474
2475
2475
2475
2475
2476
2476
2477
2477
2477
2477
2478
2478
2481
2481
2483
2485
2485
2489
2491
2491
2493
2494
2494
2495
2496
2496
2496
2496
2498
2500
2501
2501
2502
2502
2503
2504
2505
2508
2509
2509
2509
2510
2512
2513
2513
2514
2515
2515
2518
2518
2518
2519
2520
2520
2520
2521
2521
2522
2522
2523
2523
2524
2525
2526
2526
2528
2529
2530
2530
2530
2530
2531
2531
2532
2533
2533
2534
2537
2538
2539
2540
2541
2542
2542
2542
2543
2545
2550
2550
2552
2552
2552
2552
2554
2554
2555
2555
2555
2556
2556
2556
2557
2557
2558
2560
2560
2561
2562
2564
2564
2566
2567
2567
2568
2568
2569
2569
2570
2571
2572
2572
2577
2578
2579
2580
2580
2583
2583
2585
2587
2588
2590
2591
2594
2594
2595
2595
2595
2597
2598
2598
2598
2599
2600
2601
2601
2602
2603
2603
2603
2603
2606
2609
2610
2613
2613
2613
2616
2616
2617
2618
2619
2620
2621
2623
2624
2628
2628
2630
2630
2631
2633
2633
2634
2636
2636
2637
2638
2639
2641
2642
2642
2643
2643
2644
2644
2646
2648
2651
2652
2652
2652
2653
2653
2653
2653
2653
2655
2655
2655
2656
2656
2657
2659
2659
2660
2660
2661
2661
2663
2664
2666
2666
2671
2671
2672
2674
2675
2676
2676
2676
2677
2679
2681
2681
2681
2682
2682
2683
2683
2684
2685
2688
2688
2689
2690
2691
2692
2692
2692
2693
2695
2697
2698
2698
2699
2700
2700
2700
2701
2702
2703
2704
2707
2708
2709
2709
2711
2712
2712
2714
2715
2715
2716
2717
2719
2720
2722
2724
2726
2727
2727
2728
2729
2730
2730
2731
2732
2733
2734
2735
2735
2735
2736
2737
2737
2737
2739
2740
2741
2741
2741
2742
2744
2744
2745
2746
2746
2747
2748
2750
2754
2755
2755
2756
2759
2760
2762
2763
2763
2763
2764
2764
2766
2767
2767
2768
2770
2776
2776
2776
2779
2779
2779
2780
2782
2783
2784
2785
2785
2786
2787
2789
2790
2792
2792
2793
2794
2795
2796
2798
2799
2799
2799
2800
2802
2804
2805
2806
2806
2812
2813
2814
2816
2816
2816
2817
2818
2818
2819
2821
2822
2822
2823
2824
2824
2825
2827
2827
2828
2831
2831
2831
2832
2832
2837
2838
2838
2839
2840
2840
2840
2840
2840
2841
2841
2842
2842
2843
2844
2845
2847
2848
2849
2849
2850
2851
2852
2853
2855
2855
2855
2859
2860
2860
2860
2861
2865
2865
2865
2865
2866
2866
2868
2870
2870
2871
2871
2872
2873
2875
2881
2881
2882
2884
2884
2885
2888
2889
2891
2891
2892
2892
2892
2893
2893
2894
2897
2897
2898
2898
2899
2900
2900
2902
2902
2903
2903
2903
2903
2905
2905
2906
2907
2908
2908
2911
2911
2912
2913
2916
2916
2917
2920
2921
2922
2922
2923
2923
2925
2926
2927
2929
2929
2929
2933
2933
2934
2936
2938
2938
2939
2940
2942
2944
2946
2947
2949
2950
2951
2951
2951
2953
2953
2953
2955
2955
2955
2959
2959
2963
2963
2964
2966
2966
2967
2970
2970
2970
2970
2970
2971
2972
2973
2973
2975
2975
2976
2976
2977
2977
2979
2980
2980
2981
2982
2983
2985
2986
2986
2987
2987
2988
2990
2990
2991
2992
2992
2992
2992
2992
2992
2993
2994
2994
2995
2995
2997
2998
2998
2999
2999
3000
3000
3000
3002
3003
3008
3008
3008
3008
3009
3011
3012
3013
3014
3014
3014
3016
3017
3017
3017
3018
3018
3019
3019
3021
3023
3023
3023
3026
3026
3027
3030
3031
3031
3033
3033
3033
3033
3034
3035
3035
3035
3037
3038
3038
3040
3041
3042
3043
3044
3044
3045
3045
3045
3048
3052
3054
3055
3055
3055
3056
3060
3060
3060
3062
3063
3064
3064
3064
3065
3066
3067
3071
3073
3074
3074
3077
3079
3082
3082
3083
3083
3084
3084
3085
3086
3088
3088
3089
3089
3090
3090
3092
3095
3096
3098
3099
3100
3102
3104
3104
3107
3110
3111
3112
3112
3113
3116
3116
3117
3118
3120
3121
3124
3125
3128
3129
3130
3130
3131
3134
3135
3136
3136
3140
3141
3148
3151
3152
3152
3156
3156
3157
3157
3157
3157
3158
3160
3163
3163
3164
3165
3165
3165
3166
3166
3167
3168
3169
3169
3169
3169
3170
3170
3172
3173
3174
3174
3174
3176
3177
3178
3178
3180
3180
3180
3181
3181
3182
3183
3185
3185
3185
3188
3189
3190
3190
3191
3192
3193
3194
3195
3195
3197
3198
3199
3199
3199
3199
3199
3201
3201
3204
3207
3211
3212
3216
3217
3217
3217
3219
3221
3221
3221
3224
3228
3228
3229
3229
3230
3230
3230
3231
3231
3234
3235
3236
3238
3238
3239
3240
3240
3241
3245
3245
3247
3248
3248
3249
3249
3250
3250
3253
3256
3258
3260
3261
3264
3264
3265
3268
3269
3269
3270
3271
3272
3273
3274
3275
3277
3278
3278
3279
3280
3280
3281
3281
3282
3282
3283
3284
3284
3285
3286
3286
3286
3287
3288
3288
3293
3294
3295
3296
3297
3299
3299
3300
3300
3302
3302
3302
3306
3306
3308
3309
3309
3310
3310
3314
3319
3323
3323
3325
3326
3327
3328
3328
3331
3332
3332
3332
3333
3334
3334
3335
3336
3336
3336
3336
3337
3337
3339
3340
3341
3342
3343
3343
3344
3346
3347
3347
3349
3350
3351
3352
3353
3354
3355
3355
3355
3356
3357
3359
3360
3360
3365
3365
3366
3367
3367
3368
3369
3370
3370
3370
3373
3373
3375
3376
3377
3378
3379
3382
3382
3383
3384
3387
3388
3388
3388
3390
3390
3390
3393
3394
3394
3395
3395
3397
3398
3401
3401
3402
3404
3405
3407
3407
3409
3410
3410
3411
3411
3411
3413
3415
3416
3416
3416
3417
3419
3420
3423
3423
3424
3426
3428
3430
3432
3432
3433
3434
3434
3437
3439
3445
3445
3445
3446
3447
3449
3449
3450
3450
3451
3452
3453
3454
3456
3456
3459
3459
3459
3459
3461
3463
3465
3465
3465
3468
3469
3469
3470
3470
3472
3473
3474
3474
3474
3478
3478
3480
3480
3480
3482
3485
3485
3487
3487
3488
3488
3490
3491
3491
3491
3493
3494
3495
3496
3497
3499
3500
3501
3501
3502
3503
3503
3503
3504
3505
3505
3505
3505
3506
3507
3507
3509
3511
3511
3511
3513
3513
3514
3514
3515
3517
3517
3518
3519
3519
3520
3521
3521
3522
3522
3523
3524
3524
3525
3526
3529
3529
3529
3532
3532
3533
3535
3537
3540
3540
3541
3541
3543
3544
3544
3544
3544
3545
3546
3547
3549
3551
3552
3552
3552
3552
3553
3555
3555
3557
3557
3558
3559
3559
3561
3561
3563
3564
3569
3570
3571
3571
3572
3572
3572
3573
3573
3573
3574
3575
3576
3579
3582
3586
3587
3588
3589
3591
3594
3594
3594
3596
3596
3596
3597
3599
3601
3602
3605
3609
3610
3611
3611
3612
3615
3620
3621
3621
3621
3622
3623
3625
3626
3628
3629
3630
3631
3631
3632
3632
3632
3633
3634
3635
3638
3638
3641
3641
3643
3645
3645
3645
3645
3645
3646
3647
3647
3647
3648
3651
3656
3661
3662
3662
3664
3664
3665
3666
3667
3668
3669
3670
3670
3670
3673
3673
3675
3676
3680
3681
3683
3683
3684
3684
3685
3686
3686
3686
3686
3688
3689
3691
3693
3693
3693
3695
3697
3697
3697
3699
3706
3707
3709
3710
3710
3710
3711
3713
3713
3713
3713
3715
3716
3718
3718
3718
3719
3720
3720
3721
3722
3722
3723
3725
3725
3726
3726
3726
3727
3727
3728
3730
3730
3730
3731
3731
3733
3734
3735
3735
3735
3735
3736
3737
3737
3738
3738
3739
3739
3740
3741
3741
3741
3742
3744
3745
3745
3745
3748
3749
3751
3752
3753
3754
3755
3755
3755
3755
3755
3758
3758
3759
3760
3761
3761
3762
3762
3762
3763
3764
3765
3765
3766
3766
3767
3768
3770
3771
3772
3773
3774
3775
3776
3777
3779
3780
3782
3785
3785
3785
3788
3788
3790
3791
3791
3791
3793
3796
3796
3797
3797
3798
3800
3802
3802
3803
3804
3805
3806
3808
3809
3810
3810
3811
3811
3811
3811
3812
3813
3813
3814
3814
3814
3815
3816
3816
3816
3816
3818
3820
3822
3822
3823
3823
3825
3825
3826
3826
3829
3829
3832
3836
3836
3836
3837
3838
3838
3839
3839
3839
3840
3843
3845
3846
3847
3847
3849
3850
3851
3856
3858
3859
3859
3862
3864
3865
3865
3866
3867
3867
3867
3870
3871
3875
3879
3879
3880
3881
3881
3881
3882
3882
3882
3883
3884
3884
3887
3887
3890
3891
3893
3896
3896
3896
3902
3904
3905
3907
3907
3908
3909
3909
3911
3911
3913
3914
3915
3917
3918
3918
3919
3921
3921
3921
3922
3924
3924
3925
3927
3928
3931
3932
3933
3933
3937
3939
3939
3940
3940
3941
3941
3941
3942
3944
3944
3945
3946
3946
3950
3953
3955
3957
3957
3957
3959
3959
3960
3961
3962
3963
3964
3964
3965
3965
3966
3966
3967
3968
3968
3970
3970
3971
3972
3972
3973
3974
3974
3975
3975
3975
3975
3975
3978
3979
3980
3980
3980
3981
3982
3986
3987
3988
3988
3990
3992
3993
3993
3994
3997
3997
3999
4001
4002
4002
4002
4003
4004
4005
4005
4005
4006
4008
4008
4010
4010
4010
4012
4014
4023
4023
4024
4027
4027
4028
4030
4031
4031
4032
4032
4032
4033
4034
4034
4035
4037
4039
4042
4042
4042
4043
4045
4046
4046
4047
4049
4050
4052
4053
4053
4053
4054
4054
4054
4055
4058
4060
4061
4061
4062
4066
4067
4068
4071
4072
4073
4074
4075
4076
4078
4078
4079
4079
4080
4081
4082
4084
4084
4085
4088
4090
4090
4093
4095
4100
4100
4101
4101
4102
4103
4103
4104
4105
4106
4107
4108
4109
4110
4111
4114
4117
4118
4118
4119
4122
4124
4125
4126
4127
4129
4129
4130
4130
4130
4130
4132
4132
4133
4133
4133
4133
4134
4135
4135
4135
4135
4137
4137
4138
4138
4139
4139
4140
4142
4143
4144
4145
4146
4148
4151
4151
4152
4152
4152
4153
4154
4157
4158
4158
4158
4158
4159
4159
4160
4160
4161
4162
4162
4163
4165
4165
4167
4167
4169
4169
4171
4173
4173
4173
4174
4175
4176
4177
4177
4177
4177
4178
4179
4180
4181
4182
4183
4185
4186
4186
4187
4188
4190
4192
4192
4193
4194
4195
4196
4196
4197
4197
4199
4200
4201
4202
4202
4206
4208
4210
4213
4216
4217
4218
4219
4219
4220
4220
4221
4221
4222
4222
4223
4224
4225
4231
4232
4233
4234
4234
4234
4236
4237
4238
4239
4239
4240
4240
4240
4241
4241
4242
4243
4243
4243
4244
4247
4247
4248
4248
4248
4249
4250
4251
4251
4253
4253
4253
4254
4254
4256
4257
4258
4258
4259
4259
4260
4261
4263
4263
4264
4265
4265
4265
4268
4269
4271
4273
4274
4275
4277
4278
4278
4280
4280
4281
4281
4283
4283
4283
4284
4286
4288
4289
4289
4290
4291
4292
4293
4293
4296
4297
4299
4302
4303
4304
4304
4305
4306
4306
4307
4309
4311
4311
4313
4313
4314
4315
4316
4317
4318
4318
4319
4321
4322
4323
4324
4327
4330
4331
4331
4331
4332
4333
4333
4333
4334
4335
4335
4336
4337
4339
4342
4342
4345
4345
4346
4347
4347
4350
4350
4350
4352
4353
4356
4358
4361
4362
4362
4363
4363
4364
4364
4364
4368
4370
4371
4374
4374
4375
4376
4376
4376
4377
4380
4380
4381
4381
4383
4384
4385
4385
4385
4386
4389
4390
4390
4391
4391
4392
4393
4393
4395
4396
4397
4398
4399
4399
4401
4402
4402
4404
4406
4406
4406
4408
4409
4409
4410
4413
4414
4414
4415
4416
4417
4417
4417
4418
4419
4421
4421
4423
4423
4424
4425
4426
4426
4426
4426
4428
4428
4428
4429
4431
4433
4433
4438
4438
4438
4440
4441
4443
4443
4443
4446
4448
4448
4450
4451
4451
4451
4451
4453
4455
4455
4456
4457
4458
4459
4461
4464
4467
4467
4469
4471
4471
4471
4472
4472
4472
4473
4473
4474
4475
4477
4477
4477
4478
4480
4481
4481
4482
4484
4485
4485
4485
4487
4487
4487
4487
4488
4488
4489
4491
4492
4493
4494
4495
4497
4498
4499
4499
4502
4502
4503
4504
4506
4506
4507
4507
4507
4507
4510
4510
4510
4514
4514
4515
4515
4515
4516
4517
4517
4517
4518
4518
4519
4519
4520
4521
4524
4527
4528
4531
4532
4534
4536
4537
4538
4540
4540
4541
4542
4542
4543
4544
4545
4548
4548
4548
4549
4549
4550
4552
4552
4553
4553
4555
4555
4558
4559
4561
4562
4562
4562
4563
4564
4567
4568
4569
4569
4570
4571
4573
4573
4574
4574
4574
4575
4576
4578
4580
4580
4584
4585
4585
4585
4588
4589
4589
4590
4592
4593
4595
4596
4596
4597
4599
4600
4602
4603
4603
4604
4608
4610
4610
4611
4613
4614
4615
4616
4617
4617
4618
4619
4621
4622
4623
4624
4624
4624
4624
4624
4626
4627
4627
4628
4631
4632
4633
4633
4635
4636
4637
4639
4640
4640
4641
4641
4641
4642
4642
4642
4643
4644
4646
4652
4653
4655
4657
4658
4658
4658
4659
4659
4659
4659
4660
4661
4663
4664
4666
4667
4667
4667
4668
4669
4669
4669
4670
4671
4673
4678
4680
4680
4681
4682
4683
4683
4684
4684
4684
4686
4689
4689
4690
4691
4691
4694
4695
4696
4696
4696
4697
4697
4698
4700
4703
4703
4705
4706
4707
4707
4707
4709
4710
4711
4715
4715
4716
4718
4718
4719
4719
4719
4721
4721
4723
4723
4724
4725
4726
4726
4727
4729
4730
4731
4733
4733
4734
4735
4735
4736
4739
4740
4740
4742
4743
4744
4744
4745
4747
4747
4748
4749
4749
4750
4752
4752
4753
4754
4754
4755
4756
4758
4761
4762
4763
4763
4765
4766
4767
4767
4767
4768
4770
4772
4773
4774
4780
4781
4782
4783
4783
4784
4786
4786
4787
4787
4787
4788
4789
4789
4791
4791
4792
4793
4793
4794
4794
4796
4797
4799
4800
4801
4801
4804
4805
4805
4806
4808
4808
4809
4810
4810
4811
4811
4811
4814
4814
4814
4815
4816
4817
4817
4818
4818
4818
4819
4821
4821
4823
4824
4826
4827
4831
4833
4835
4836
4836
4837
4837
4839
4840
4841
4841
4842
4842
4844
4845
4845
4851
4854
4854
4854
4855
4856
4857
4858
4858
4859
4859
4859
4860
4860
4861
4861
4862
4863
4864
4865
4867
4870
4870
4870
4872
4874
4875
4878
4879
4879
4879
4881
4884
4886
4886
4886
4886
4889
4889
4890
4892
4892
4892
4894
4895
4896
4896
4897
4899
4899
4899
4900
4901
4901
4901
4902
4902
4902
4902
4903
4904
4904
4905
4907
4907
4907
4907
4909
4910
4912
4915
4915
4916
4920
4920
4923
4923
4923
4924
4924
4926
4926
4927
4928
4928
4928
4929
4930
4930
4933
4933
4933
4934
4935
4936
4937
4938
4939
4940
4942
4942
4942
4943
4945
4946
4946
4946
4947
4948
4950
4951
4952
4952
4954
4954
4956
4956
4956
4957
4957
4959
4959
4959
4959
4961
4962
4963
4964
4966
4969
4970
4972
4973
4973
4975
4975
4976
4979
4982
4984
4984
4985
4985
4986
4987
4988
4988
4989
4990
4992
4992
4994
4994
4994
4995
4995
4997
4998
4998
4999
4999
5005
5007
5008
5010
5011
5013
5013
5015
5015
5016
5016
5018
5018
5019
5020
5021
5022
5022
5024
5024
5025
5026
5026
5027
5029
5030
5032
5034
5034
5035
5037
5038
5038
5039
5040
5041
5041
5041
5041
5042
5043
5045
5047
5047
5048
5049
5051
5052
5052
5055
5055
5055
5056
5058
5060
5062
5064
5065
5065
5067
5067
5068
5068
5068
5070
5072
5073
5073
5074
5074
5077
5078
5079
5079
5081
5081
5081
5081
5081
5082
5083
5083
5085
5086
5086
5086
5088
5089
5089
5089
5091
5092
5093
5094
5095
5098
5098
5098
5099
5099
5100
5100
5100
5101
5101
5102
5103
5103
5105
5106
5106
5106
5106
5108
5108
5109
5110
5111
5112
5113
5114
5114
5118
5119
5119
5121
5122
5122
5122
5124
5124
5125
5125
5125
5127
5130
5130
5130
5131
5132
5132
5132
5133
5134
5134
5134
5137
5138
5139
5140
5140
5141
5142
5143
5143
5144
5145
5145
5147
5147
5147
5148
5149
5149
5150
5151
5158
5158
5163
5164
5164
5167
5169
5169
5170
5172
5174
5175
5176
5179
5180
5182
5185
5186
5187
5190
5191
5192
5194
5197
5198
5202
5204
5204
5207
5213
5214
5214
5215
5216
5219
5220
5221
5221
5223
5223
5224
5224
5224
5225
5226
5227
5227
5228
5229
5231
5233
5234
5237
5239
5239
5242
5243
5244
5247
5247
5248
5249
5250
5250
5251
5252
5252
5253
5253
5254
5254
5255
5255
5255
5255
5256
5256
5257
5258
5259
5259
5261
5261
5261
5263
5268
5269
5271
5271
5273
5273
5278
5279
5281
5282
5282
5282
5282
5285
5285
5285
5285
5287
5287
5288
5289
5290
5291
5292
5293
5294
5297
5297
5298
5298
5298
5299
5300
5303
5306
5307
5307
5307
5307
5308
5309
5310
5310
5311
5311
5311
5311
5313
5313
5313
5315
5316
5319
5320
5324
5326
5327
5328
5333
5335
5335
5337
5337
5338
5339
5343
5344
5344
5345
5345
5346
5346
5349
5350
5350
5352
5353
5354
5355
5357
5357
5357
5358
5358
5359
5360
5361
5361
5362
5364
5364
5365
5367
5370
5371
5373
5374
5374
5374
5375
5375
5375
5375
5377
5378
5379
5379
5380
5380
5382
5382
5382
5383
5384
5385
5385
5386
5386
5386
5387
5388
5388
5390
5390
5390
5391
5392
5392
5392
5395
5395
5396
5398
5398
5398
5399
5401
5402
5402
5403
5403
5404
5405
5405
5406
5406
5406
5410
5410
5411
5411
5415
5417
5417
5421
5422
5423
5424
5424
5426
5426
5430
5431
5432
5433
5434
5439
5440
5440
5441
5441
5442
5445
5447
5447
5447
5448
5450
5451
5452
5452
5453
5454
5455
5456
5457
5458
5458
5459
5461
5462
5463
5463
5463
5466
5467
5468
5469
5470
5471
5471
5474
5475
5475
5476
5477
5477
5478
5479
5480
5480
5481
5481
5482
5482
5484
5484
5485
5485
5490
5493
5493
5494
5495
5496
5496
5496
5496
5496
5497
5498
5502
5502
5503
5503
5504
5504
5504
5506
5507
5507
5507
5508
5509
5512
5512
5516
5516
5517
5519
5519
5521
5523
5523
5523
5525
5525
5526
5530
5531
5531
5533
5534
5534
5536
5537
5537
5539
5539
5540
5541
5542
5543
5545
5550
5551
5554
5555
5555
5558
5560
5561
5561
5561
5561
5564
5564
5566
5567
5568
5568
5570
5571
5571
5575
5576
5576
5577
5578
5578
5578
5578
5580
5581
5581
5582
5582
5583
5583
5584
5585
5586
5586
5587
5587
5587
5589
5591
5594
5595
5595
5595
5595
5595
5597
5597
5598
5599
5602
5604
5611
5611
5612
5613
5613
5615
5616
5616
5617
5617
5620
5621
5621
5623
5624
5626
5628
5628
5629
5630
5631
5631
5632
5633
5635
5635
5636
5636
5639
5639
5640
5640
5641
5642
5645
5647
5647
5647
5649
5652
5652
5653
5654
5654
5655
5656
5656
5657
5658
5659
5664
5664
5664
5665
5667
5667
5670
5673
5676
5679
5680
5681
5682
5684
5684
5686
5686
5688
5688
5688
5689
5692
5695
5695
5695
5698
5700
5702
5703
5703
5706
5706
5706
5707
5708
5708
5709
5710
5711
5711
5712
5716
5716
5717
5717
5718
5720
5724
5725
5727
5727
5728
5728
5728
5730
5733
5734
5734
5736
5737
5737
5738
5738
5739
5740
5741
5741
5742
5743
5744
5744
5745
5747
5749
5749
5750
5752
5753
5753
5754
5757
5758
5759
5759
5761
5761
5762
5763
5764
5765
5765
5766
5767
5768
5769
5769
5770
5770
5772
5772
5772
5773
5774
5776
5777
5778
5778
5779
5780
5780
5781
5781
5782
5783
5783
5784
5784
5789
5790
5792
5793
5793
5793
5793
5793
5793
5795
5795
5795
5796
5796
5797
5799
5799
5803
5804
5806
5806
5807
5807
5808
5808
5808
5813
5816
5817
5817
5819
5820
5821
5822
5823
5823
5823
5824
5825
5825
5828
5828
5830
5830
5831
5831
5832
5833
5834
5834
5835
5835
5835
5836
5836
5837
5838
5839
5839
5840
5840
5841
5842
5842
5842
5843
5844
5844
5844
5844
5845
5845
5846
5846
5847
5848
5849
5850
5851
5852
5854
5854
5854
5856
5856
5857
5857
5857
5858
5859
5860
5860
5865
5865
5866
5868
5868
5868
5869
5869
5870
5871
5871
5871
5871
5872
5872
5875
5875
5879
5880
5880
5884
5884
5884
5884
5885
5886
5886
5890
5892
5892
5893
5894
5896
5896
5897
5900
5902
5903
5903
5903
5903
5905
5906
5906
5907
5907
5908
5910
5910
5911
5911
5911
5911
5912
5915
5916
5917
5917
5917
5918
5919
5919
5922
5926
5926
5927
5928
5928
5931
5931
5933
5934
5935
5935
5935
5936
5937
5938
5939
5939
5941
5941
5944
5944
5944
5946
5946
5947
5947
5947
5948
5948
5950
5950
5951
5951
5952
5955
5956
5957
5957
5960
5960
5961
5961
5962
5963
5963
5965
5966
5966
5968
5971
5971
5971
5974
5974
5974
5974
5977
5979
5979
5980
5982
5982
5985
5986
5988
5988
5990
5990
5991
5992
5992
5993
5993
5995
5996
5996
5997
6000
6000
6000
6000
6005
6006
6007
6009
6010
6011
6011
6012
6013
6013
6014
6014
6014
6017
6019
6020
6020
6022
6022
6023
6024
6024
6024
6027
6027
6028
6028
6032
6033
6033
6034
6035
6035
6035
6036
6037
6039
6041
6043
6043
6044
6044
6045
6046
6046
6047
6047
6048
6050
6050
6051
6051
6052
6052
6052
6054
6056
6057
6058
6060
6062
6063
6063
6064
6065
6066
6067
6067
6070
6072
6072
6073
6074
6074
6075
6075
6076
6077
6078
6079
6082
6082
6082
6084
6085
6085
6085
6087
6087
6088
6089
6089
6090
6090
6092
6093
6093
6094
6095
6096
6096
6096
6096
6097
6097
6097
6098
6099
6101
6103
6104
6104
6106
6106
6106
6107
6108
6108
6109
6109
6109
6110
6111
6112
6112
6112
6113
6114
6116
6117
6117
6118
6118
6121
6121
6123
6123
6124
6124
6125
6126
6126
6127
6128
6128
6128
6128
6129
6130
6130
6131
6131
6132
6132
6134
6135
6137
6138
6139
6139
6143
6143
6144
6144
6144
6145
6145
6146
6147
6147
6148
6148
6148
6148
6149
6149
6149
6150
6150
6151
6152
6153
6154
6154
6155
6156
6156
6158
6159
6159
6160
6160
6162
6162
6162
6162
6163
6167
6169
6169
6171
6172
6173
6176
6176
6177
6177
6178
6179
6180
6180
6182
6183
6183
6183
6186
6188
6188
6189
6191
6192
6195
6195
6195
6197
6198
6199
6199
6199
6202
6202
6203
6203
6203
6204
6204
6204
6204
6205
6211
6215
6215
6217
6218
6219
6219
6219
6221
6221
6222
6222
6223
6224
6227
6228
6228
6231
6232
6232
6232
6233
6233
6234
6235
6235
6236
6237
6240
6240
6240
6240
6241
6242
6244
6244
6245
6245
6247
6250
6250
6251
6251
6251
6254
6254
6254
6254
6255
6255
6257
6258
6260
6265
6268
6268
6268
6270
6271
6272
6272
6274
6275
6275
6276
6276
6277
6279
6281
6282
6282
6283
6285
6285
6286
6288
6288
6288
6289
6289
6289
6291
6291
6291
6292
6292
6293
6294
6295
6297
6298
6298
6298
6299
6299
6300
6301
6303
6305
6306
6306
6306
6306
6307
6307
6307
6310
6310
6311
6311
6315
6315
6317
6318
6319
6320
6324
6325
6327
6327
6327
6327
6328
6328
6328
6330
6331
6334
6336
6336
6340
6341
6341
6342
6343
6344
6346
6348
6348
6350
6351
6351
6352
6356
6356
6356
6357
6359
6362
6362
6363
6365
6367
6368
6369
6370
6371
6374
6374
6377
6379
6379
6380
6381
6381
6381
6381
6383
6383
6384
6386
6386
6387
6389
6390
6391
6392
6392
6393
6393
6394
6394
6394
6395
6395
6396
6398
6400
6400
6402
6402
6403
6403
6404
6405
6409
6409
6409
6410
6410
6412
6412
6412
6413
6413
6413
6414
6414
6414
6416
6417
6418
6418
6418
6419
6419
6420
6421
6422
6423
6424
6425
6425
6425
6426
6427
6429
6430
6430
6431
6432
6432
6435
6435
6438
6439
6440
6440
6443
6443
6444
6444
6445
6447
6447
6449
6450
6452
6453
6454
6455
6457
6458
6458
6459
6460
6460
6462
6462
6463
6463
6464
6465
6466
6466
6467
6467
6470
6470
6470
6471
6471
6474
6477
6477
6477
6479
6480
6482
6486
6487
6487
6488
6489
6490
6490
6491
6491
6492
6495
6495
6497
6498
6498
6499
6501
6506
6506
6508
6508
6509
6510
6510
6510
6511
6513
6513
6519
6519
6520
6521
6522
6523
6524
6524
6525
6525
6529
6529
6530
6532
6532
6533
6534
6536
6536
6537
6537
6538
6538
6538
6539
6540
6540
6541
6542
6544
6545
6546
6547
6548
6550
6551
6552
6554
6555
6557
6557
6557
6558
6562
6562
6563
6564
6566
6568
6568
6571
6571
6572
6573
6573
6574
6578
6579
6579
6579
6580
6581
6581
6582
6583
6585
6585
6586
6586
6587
6588
6588
6588
6589
6589
6590
6590
6591
6591
6591
6591
6592
6595
6597
6599
6600
6600
6602
6602
6603
6603
6603
6603
6604
6604
6605
6606
6607
6607
6608
6610
6612
6615
6616
6620
6621
6621
6623
6624
6625
6625
6630
6635
6636
6636
6638
6638
6640
6640
6643
6643
6643
6644
6645
6645
6646
6646
6648
6649
6650
6651
6652
6654
6654
6655
6657
6657
6658
6660
6660
6660
6660
6661
6662
6663
6664
6664
6665
6666
6667
6669
6670
6671
6672
6677
6677
6677
6678
6678
6679
6680
6680
6681
6682
6682
6683
6685
6686
6687
6687
6688
6689
6690
6691
6691
6691
6691
6692
6694
6695
6697
6697
6698
6698
6699
6699
6700
6700
6701
6703
6707
6707
6708
6711
6714
6714
6715
6715
6718
6719
6719
6721
6722
6722
6722
6723
6726
6726
6726
6727
6728
6729
6730
6730
6731
6731
6731
6732
6733
6735
6735
6737
6738
6740
6740
6741
6744
6744
6745
6746
6747
6747
6749
6749
6749
6751
6751
6754
6756
6757
6757
6762
6765
6768
6768
6769
6770
6770
6771
6771
6772
6774
6775
6777
6779
6780
6781
6783
6783
6784
6784
6786
6787
6787
6788
6790
6790
6793
6793
6795
6797
6798
6798
6799
6800
6800
6803
6804
6804
6807
6807
6808
6808
6808
6810
6811
6812
6813
6813
6816
6816
6818
6822
6823
6824
6825
6825
6826
6827
6828
6830
6832
6833
6833
6835
6836
6837
6837
6841
6845
6846
6846
6849
6850
6851
6851
6852
6853
6853
6853
6853
6854
6855
6857
6861
6862
6862
6862
6862
6863
6863
6866
6868
6869
6870
6870
6870
6871
6871
6872
6873
6875
6875
6876
6876
6877
6878
6879
6880
6880
6881
6883
6885
6886
6887
6888
6889
6889
6890
6890
6891
6891
6891
6892
6893
6893
6897
6898
6899
6901
6901
6901
6902
6902
6903
6905
6905
6907
6909
6909
6909
6910
6910
6912
6912
6912
6915
6915
6917
6919
6920
6921
6922
6923
6924
6926
6926
6926
6927
6927
6928
6928
6928
6929
6930
6931
6932
6932
6933
6934
6934
6934
6936
6937
6938
6940
6941
6943
6945
6945
6947
6947
6947
6948
6948
6948
6949
6949
6953
6953
6954
6956
6957
6957
6958
6959
6960
6962
6962
6963
6963
6963
6964
6964
6965
6966
6966
6968
6970
6970
6971
6971
6971
6971
6972
6974
6975
6975
6975
6976
6980
6982
6983
6984
6985
6986
6986
6987
6987
6987
6991
6992
6992
6994
6995
6996
6998
6999
7000
7001
7005
7007
7008
7008
7008
7009
7011
7011
7011
7013
7013
7013
7014
7015
7016
7016
7023
7024
7024
7024
7024
7025
7025
7026
7027
7027
7027
7027
7028
7029
7030
7030
7032
7034
7034
7035
7035
7037
7038
7039
7040
7040
7041
7041
7044
7044
7045
7045
7046
7046
7046
7047
7049
7051
7054
7055
7055
7056
7056
7056
7058
7059
7059
7060
7062
7062
7063
7064
7066
7067
7071
7071
7073
7074
7075
7076
7077
7077
7077
7077
7079
7080
7083
7083
7086
7087
7090
7091
7093
7093
7093
7093
7096
7096
7096
7097
7098
7098
7099
7101
7101
7105
7106
7107
7108
7108
7108
7109
7111
7111
7112
7112
7113
7113
7114
7116
7118
7118
7119
7120
7121
7121
7121
7122
7123
7125
7126
7126
7126
7127
7129
7130
7130
7131
7132
7132
7132
7133
7134
7134
7137
7139
7140
7140
7141
7143
7143
7144
7145
7146
7146
7147
7148
7148
7149
7153
7154
7156
7157
7158
7160
7160
7161
7162
7163
7163
7168
7168
7175
7176
7176
7176
7177
7177
7177
7178
7180
7182
7183
7184
7185
7186
7187
7187
7189
7189
7192
7192
7193
7198
7199
7199
7199
7200
7200
7200
7202
7202
7202
7202
7203
7204
7204
7205
7208
7210
7213
7216
7217
7217
7220
7220
7221
7221
7221
7223
7223
7223
7224
7225
7225
7226
7227
7228
7228
7229
7230
7230
7230
7234
7235
7236
7236
7236
7237
7238
7238
7240
7241
7241
7244
7245
7247
7247
7247
7249
7250
7251
7251
7251
7251
7252
7252
7252
7255
7258
7258
7258
7258
7260
7260
7261
7262
7263
7266
7266
7268
7271
7271
7271
7272
7273
7274
7275
7278
7278
7278
7278
7280
7280
7280
7280
7281
7281
7283
7283
7284
7284
7285
7287
7292
7292
7294
7294
7294
7296
7297
7297
7298
7299
7300
7300
7300
7303
7307
7307
7307
7308
7308
7309
7311
7311
7312
7312
7314
7315
7315
7315
7316
7316
7317
7318
7319
7322
7322
7324
7325
7325
7327
7327
7329
7329
7330
7331
7331
7333
7335
7336
7336
7337
7337
7337
7338
7341
7341
7343
7343
7344
7344
7345
7345
7346
7346
7348
7349
7350
7351
7351
7352
7352
7352
7352
7353
7354
7356
7357
7358
7358
7359
7359
7359
7359
7361
7361
7361
7362
7364
7367
7369
7371
7373
7374
7374
7376
7377
7377
7378
7379
7381
7381
7381
7382
7385
7385
7385
7386
7386
7387
7387
7388
7389
7390
7391
7391
7393
7393
7394
7394
7396
7396
7396
7398
7398
7398
7399
7401
7401
7401
7402
7403
7403
7403
7404
7404
7407
7408
7408
7408
7410
7410
7411
7411
7414
7415
7415
7417
7418
7418
7420
7420
7421
7422
7424
7424
7425
7426
7427
7429
7430
7430
7431
7431
7431
7432
7433
7434
7434
7434
7434
7434
7436
7436
7436
7437
7438
7441
7442
7442
7443
7444
7450
7450
7452
7452
7454
7455
7458
7458
7459
7459
7459
7466
7467
7468
7469
7469
7470
7470
7470
7473
7474
7474
7476
7480
7481
7481
7483
7484
7485
7486
7486
7487
7487
7489
7489
7490
7490
7492
7493
7494
7494
7494
7495
7497
7498
7499
7500
7501
7501
7502
7502
7503
7504
7504
7508
7509
7509
7510
7510
7510
7510
7510
7510
7512
7513
7513
7514
7514
7515
7516
7517
7517
7519
7519
7519
7522
7522
7522
7522
7523
7525
7526
7528
7529
7530
7530
7531
7532
7532
7533
7533
7533
7533
7533
7534
7536
7537
7539
7540
7541
7542
7542
7543
7544
7544
7545
7546
7548
7548
7550
7551
7551
7553
7555
7557
7558
7559
7560
7563
7564
7566
7568
7568
7569
7573
7573
7573
7574
7574
7576
7576
7577
7577
7578
7579
7579
7579
7579
7580
7580
7584
7584
7585
7585
7585
7586
7586
7587
7587
7589
7589
7593
7593
7593
7594
7594
7595
7595
7599
7599
7600
7600
7601
7604
7607
7608
7608
7613
7613
7614
7614
7614
7616
7616
7617
7618
7618
7618
7620
7621
7622
7622
7624
7624
7624
7626
7626
7626
7629
7629
7630
7633
7635
7635
7636
7637
7637
7638
7638
7638
7639
7640
7640
7640
7641
7641
7641
7641
7643
7643
7645
7645
7648
7648
7649
7651
7653
7653
7654
7654
7654
7654
7657
7658
7659
7660
7662
7662
7662
7663
7665
7666
7666
7668
7670
7672
7675
7675
7675
7675
7678
7678
7679
7681
7681
7681
7682
7682
7683
7684
7687
7690
7690
7690
7691
7694
7694
7696
7696
7696
7697
7699
7703
7704
7705
7706
7706
7706
7707
7708
7708
7709
7714
7714
7715
7716
7716
7716
7717
7717
7719
7720
7722
7723
7727
7728
7729
7729
7730
7730
7730
7732
7733
7735
7735
7735
7735
7736
7736
7737
7739
7739
7743
7747
7748
7748
7748
7748
7748
7749
7752
7753
7754
7754
7755
7758
7759
7759
7762
7762
7764
7765
7768
7770
7772
7773
7774
7774
7775
7776
7778
7779
7780
7781
7781
7781
7781
7782
7782
7783
7783
7783
7784
7785
7788
7788
7789
7789
7791
7792
7794
7795
7796
7797
7797
7799
7800
7800
7802
7804
7805
7805
7809
7810
7810
7813
7813
7814
7815
7815
7815
7816
7817
7817
7817
7819
7819
7820
7820
7822
7822
7823
7824
7827
7827
7827
7827
7828
7829
7829
7830
7831
7832
7832
7832
7835
7835
7836
7838
7839
7839
7840
7840
7840
7841
7841
7842
7843
7843
7850
7850
7851
7853
7854
7854
7859
7864
7865
7866
7868
7868
7868
7869
7869
7871
7872
7872
7874
7875
7875
7876
7878
7879
7879
7880
7880
7881
7881
7882
7882
7885
7887
7888
7888
7888
7888
7889
7890
7890
7890
7891
7892
7893
7893
7894
7894
7896
7897
7898
7898
7899
7900
7901
7901
7902
7902
7903
7903
7904
7904
7904
7905
7905
7906
7906
7907
7909
7910
7910
7911
7911
7912
7913
7914
7917
7917
7917
7918
7918
7919
7920
7920
7921
7921
7923
7923
7923
7923
7925
7925
7925
7926
7927
7929
7930
7930
7931
7932
7932
7937
7938
7938
7943
7944
7944
7945
7946
7946
7946
7947
7948
7948
7949
7949
7952
7954
7955
7956
7957
7958
7958
7962
7963
7964
7965
7965
7966
7968
7968
7969
7969
7969
7972
7972
7974
7974
7976
7977
7979
7979
7980
7981
7983
7984
7985
7987
7990
7991
7992
7992
7992
7996
7996
7996
7997
7997
7998
7998
8001
8001
8001
8005
8007
8009
8009
8012
8012
8013
8014
8015
8016
8018
8019
8019
8020
8021
8021
8022
8023
8023
8024
8026
8026
8027
8028
8028
8028
8029
8030
8031
8034
8035
8037
8038
8041
8042
8043
8044
8045
8049
8049
8049
8051
8051
8052
8052
8052
8053
8056
8056
8059
8064
8065
8067
8068
8068
8069
8071
8071
8073
8073
8074
8075
8078
8079
8080
8081
8082
8083
8084
8085
8088
8089
8089
8091
8092
8095
8096
8097
8097
8098
8101
8102
8102
8103
8114
8116
8116
8116
8117
8118
8118
8118
8118
8119
8119
8121
8122
8122
8122
8122
8123
8125
8126
8129
8129
8131
8132
8132
8133
8134
8134
8135
8136
8136
8138
8139
8139
8140
8141
8141
8141
8142
8144
8145
8150
8151
8151
8152
8153
8154
8158
8160
8160
8162
8162
8162
8164
8164
8166
8166
8166
8167
8168
8169
8170
8171
8174
8175
8176
8177
8178
8178
8179
8179
8180
8180
8182
8183
8184
8185
8186
8187
8187
8188
8189
8190
8190
8191
8192
8192
8192
8195
8195
8197
8197
8198
8198
8199
8199
8202
8203
8203
8204
8204
8205
8205
8206
8206
8207
8207
8207
8208
8209
8211
8212
8212
8213
8215
8215
8216
8217
8219
8219
8220
8220
8223
8224
8225
8228
8228
8228
8229
8230
8231
8232
8233
8234
8234
8234
8236
8238
8239
8239
8239
8240
8242
8243
8244
8248
8248
8248
8252
8254
8254
8254
8255
8257
8258
8258
8259
8259
8261
8261
8261
8262
8263
8263
8264
8264
8266
8268
8269
8273
8273
8274
8275
8276
8277
8277
8277
8279
8280
8281
8281
8281
8281
8282
8285
8285
8285
8285
8288
8291
8291
8291
8293
8293
8294
8295
8295
8297
8299
8299
8300
8301
8301
8302
8303
8303
8303
8305
8306
8306
8306
8307
8308
8309
8310
8311
8312
8312
8313
8314
8314
8315
8315
8316
8316
8317
8318
8319
8319
8320
8320
8321
8321
8323
8323
8327
8328
8329
8329
8330
8330
8331
8332
8332
8332
8332
8334
8334
8338
8338
8338
8338
8339
8344
8349
8349
8350
8351
8351
8352
8353
8354
8354
8355
8356
8358
8358
8359
8362
8363
8367
8368
8369
8370
8370
8370
8372
8373
8374
8375
8376
8380
8381
8381
8381
8382
8382
8382
8382
8384
8388
8389
8390
8391
8392
8393
8393
8394
8394
8395
8395
8396
8396
8397
8398
8398
8400
8400
8402
8404
8405
8406
8406
8408
8408
8409
8409
8409
8409
8409
8411
8412
8413
8413
8413
8413
8413
8414
8414
8414
8415
8416
8417
8418
8419
8421
8422
8422
8424
8425
8425
8431
8432
8434
8435
8437
8438
8438
8440
8441
8441
8445
8446
8448
8449
8451
8452
8452
8452
8452
8452
8452
8453
8453
8454
8455
8455
8455
8456
8458
8458
8458
8458
8459
8460
8460
8462
8464
8464
8464
8464
8465
8466
8468
8468
8469
8469
8473
8473
8474
8476
8476
8478
8479
8480
8480
8483
8485
8485
8485
8486
8487
8487
8489
8490
8490
8492
8492
8493
8494
8496
8497
8497
8499
8500
8501
8503
8503
8504
8507
8508
8509
8510
8511
8511
8512
8514
8515
8517
8517
8520
8520
8521
8522
8525
8526
8526
8527
8528
8530
8531
8535
8535
8536
8537
8540
8540
8541
8541
8542
8543
8544
8545
8546
8547
8547
8548
8549
8550
8550
8550
8553
8553
8554
8554
8555
8556
8556
8556
8557
8557
8558
8559
8559
8561
8561
8562
8562
8563
8565
8565
8567
8567
8567
8568
8568
8569
8569
8571
8571
8576
8576
8577
8577
8577
8578
8580
8581
8581
8582
8585
8585
8586
8586
8586
8586
8587
8588
8589
8590
8592
8594
8597
8598
8599
8604
8604
8606
8607
8607
8609
8609
8611
8611
8611
8612
8612
8612
8614
8615
8615
8615
8618
8619
8621
8622
8624
8625
8625
8626
8626
8627
8630
8630
8630
8632
8633
8633
8635
8635
8636
8636
8637
8638
8638
8638
8639
8640
8640
8643
8644
8645
8645
8646
8646
8646
8647
8648
8648
8649
8651
8654
8656
8656
8658
8658
8659
8662
8662
8663
8663
8664
8664
8666
8666
8666
8668
8671
8671
8671
8673
8673
8677
8678
8678
8678
8679
8679
8681
8681
8682
8684
8685
8685
8689
8691
8692
8692
8695
8695
8696
8696
8697
8697
8697
8698
8699
8699
8701
8701
8701
8702
8703
8703
8704
8704
8704
8705
8705
8706
8709
8711
8711
8713
8718
8718
8718
8718
8721
8722
8723
8723
8723
8726
8726
8727
8731
8732
8733
8734
8734
8738
8739
8739
8740
8741
8741
8745
8747
8748
8749
8749
8751
8752
8754
8754
8755
8756
8756
8756
8757
8758
8759
8759
8760
8760
8761
8762
8762
8762
8764
8767
8769
8770
8772
8773
8775
8777
8777
8778
8778
8779
8780
8781
8784
8789
8789
8790
8790
8790
8792
8792
8793
8794
8794
8795
8796
8796
8797
8800
8800
8801
8801
8803
8803
8804
8805
8807
8808
8810
8812
8812
8812
8814
8815
8815
8815
8817
8819
8819
8824
8824
8825
8826
8826
8828
8828
8828
8831
8832
8832
8833
8835
8836
8837
8837
8838
8838
8838
8839
8839
8841
8842
8843
8843
8843
8844
8845
8848
8848
8849
8849
8850
8851
8853
8854
8854
8855
8856
8858
8858
8861
8863
8863
8863
8865
8866
8866
8866
8867
8868
8868
8869
8869
8870
8871
8873
8873
8877
8878
8878
8879
8879
8880
8882
8882
8882
8883
8884
8884
8885
8886
8886
8889
8890
8890
8891
8894
8894
8894
8894
8895
8898
8898
8899
8899
8900
8901
8902
8903
8903
8904
8905
8905
8906
8907
8910
8910
8911
8912
8912
8913
8915
8916
8917
8917
8918
8921
8922
8925
8925
8925
8926
8926
8927
8929
8930
8930
8931
8933
8934
8935
8936
8936
8940
8941
8941
8941
8942
8943
8944
8945
8945
8945
8946
8948
8949
8949
8950
8952
8952
8955
8957
8958
8960
8960
8961
8961
8961
8962
8963
8963
8963
8965
8966
8966
8966
8969
8969
8970
8971
8971
8973
8976
8976
8977
8979
8980
8982
8983
8985
8986
8986
8986
8987
8991
8991
8991
8992
8992
8993
8997
8998
8998
9000
9001
9002
9003
9004
9005
9005
9005
9006
9007
9009
9010
9011
9012
9013
9014
9015
9016
9016
9017
9017
9017
9018
9020
9020
9022
9023
9024
9026
9026
9026
9026
9026
9027
9027
9028
9029
9030
9030
9031
9031
9032
9032
9033
9034
9036
9037
9038
9042
9042
9043
9043
9044
9044
9045
9047
9047
9048
9049
9049
9049
9050
9051
9052
9053
9053
9054
9055
9056
9058
9059
9061
9061
9062
9062
9063
9066
9066
9067
9067
9069
9070
9072
9073
9074
9075
9076
9076
9077
9079
9080
9080
9084
9087
9087
9089
9089
9092
9093
9093
9093
9095
9096
9096
9096
9098
9098
9098
9100
9102
9103
9104
9105
9107
9110
9111
9112
9113
9113
9115
9115
9117
9117
9117
9118
9118
9119
9119
9121
9121
9121
9122
9123
9124
9125
9126
9127
9128
9129
9129
9130
9132
9133
9133
9135
9136
9138
9138
9138
9139
9139
9141
9141
9141
9142
9142
9142
9143
9143
9145
9148
9153
9154
9155
9155
9156
9159
9160
9160
9160
9162
9162
9163
9166
9166
9167
9169
9170
9170
9170
9171
9171
9171
9172
9173
9178
9178
9179
9182
9183
9183
9184
9186
9186
9189
9189
9190
9190
9190
9192
9192
9193
9194
9196
9196
9197
9199
9200
9203
9204
9206
9207
9207
9207
9208
9208
9208
9211
9212
9213
9214
9215
9215
9215
9217
9218
9218
9218
9219
9219
9220
9221
9221
9223
9225
9226
9228
9231
9232
9233
9233
9237
9239
9240
9241
9243
9245
9246
9246
9247
9248
9248
9249
9250
9250
9252
9253
9253
9254
9255
9257
9257
9258
9259
9259
9261
9262
9262
9263
9266
9266
9266
9267
9267
9267
9268
9269
9269
9270
9270
9271
9273
9273
9273
9275
9276
9276
9280
9281
9282
9285
9286
9286
9288
9288
9289
9289
9290
9291
9292
9294
9295
9295
9296
9296
9298
9298
9298
9299
9300
9301
9301
9304
9305
9307
9310
9310
9311
9311
9311
9312
9313
9313
9314
9317
9318
9323
9325
9327
9328
9329
9331
9332
9334
9335
9335
9335
9335
9335
9336
9337
9338
9338
9338
9339
9339
9340
9343
9345
9346
9347
9350
9351
9351
9353
9355
9358
9358
9361
9361
9364
9368
9368
9369
9369
9372
9372
9374
9374
9376
9378
9378
9381
9381
9382
9382
9382
9384
9384
9385
9386
9388
9388
9390
9392
9396
9397
9397
9398
9398
9399
9399
9400
9400
9401
9402
9403
9404
9405
9405
9405
9408
9411
9411
9412
9413
9415
9415
9419
9420
9420
9422
9422
9426
9427
9427
9428
9431
9432
9433
9434
9435
9440
9440
9442
9443
9448
9450
9451
9451
9451
9451
9452
9455
9457
9458
9459
9459
9460
9460
9460
9461
9461
9463
9464
9465
9466
9467
9467
9467
9468
9469
9471
9471
9472
9472
9474
9474
9477
9481
9481
9482
9484
9486
9487
9488
9488
9489
9489
9492
9492
9494
9496
9498
9502
9503
9503
9503
9507
9509
9509
9510
9511
9513
9513
9514
9514
9515
9518
9518
9518
9519
9520
9521
9523
9523
9524
9524
9525
9525
9525
9526
9526
9527
9529
9532
9532
9535
9535
9536
9537
9538
9538
9540
9545
9547
9547
9548
9548
9550
9553
9554
9557
9557
9559
9560
9560
9560
9560
9561
9561
9563
9564
9565
9565
9565
9568
9568
9569
9569
9572
9573
9573
9575
9575
9576
9576
9577
9577
9577
9578
9580
9580
9580
9581
9582
9584
9585
9585
9585
9586
9589
9589
9590
9590
9591
9593
9594
9595
9595
9596
9597
9597
9599
9600
9601
9603
9603
9605
9605
9606
9609
9610
9610
9611
9611
9614
9614
9618
9619
9622
9624
9624
9627
9627
9629
9632
9632
9633
9634
9634
9634
9635
9639
9640
9640
9642
9642
9642
9643
9643
9644
9645
9645
9645
9646
9646
9647
9647
9649
9649
9650
9651
9652
9652
9655
9656
9656
9658
9659
9660
9663
9663
9664
9665
9666
9667
9667
9668
9669
9670
9670
9671
9671
9671
9671
9673
9673
9673
9674
9674
9675
9677
9678
9678
9678
9680
9680
9682
9683
9684
9685
9686
9691
9693
9693
9694
9695
9695
9695
9695
9696
9697
9702
9702
9704
9706
9707
9707
9710
9711
9711
9714
9714
9715
9716
9716
9717
9718
9718
9719
9720
9721
9722
9723
9723
9725
9726
9728
9728
9728
9730
9731
9732
9732
9733
9733
9735
9735
9738
9738
9738
9742
9742
9742
9745
9747
9749
9749
9749
9750
9751
9751
9751
9752
9753
9753
9755
9757
9757
9759
9759
9759
9760
9760
9761
9761
9761
9762
9762
9765
9765
9767
9769
9770
9771
9773
9777
9780
9781
9781
9783
9783
9784
9784
9784
9784
9785
9788
9789
9791
9792
9793
9793
9795
9796
9796
9800
9800
9801
9802
9802
9803
9804
9805
9807
9807
9808
9809
9809
9810
9810
9811
9811
9811
9812
9812
9812
9812
9812
9812
9815
9815
9816
9817
9819
9819
9819
9819
9820
9822
9823
9827
9828
9828
9829
9831
9832
9832
9833
9833
9835
9835
9837
9838
9839
9839
9841
9841
9841
9841
9843
9844
9846
9847
9848
9849
9850
9851
9852
9852
9853
9854
9854
9855
9855
9855
9856
9857
9857
9858
9859
9859
9860
9862
9863
9864
9867
9871
9871
9873
9873
9874
9874
9875
9875
9875
9876
9879
9882
9882
9883
9884
9885
9886
9887
9888
9888
9888
9889
9889
9890
9891
9891
9892
9895
9897
9899
9901
9902
9904
9907
9907
9909
9909
9909
9911
9911
9914
9915
9916
9916
9918
9920
9922
9922
9923
9927
9927
9929
9929
9930
9930
9932
9933
9933
9935
9935
9937
9937
9939
9940
9942
9942
9942
9945
9945
9946
9947
9948
9950
9951
9953
9953
9956
9957
9957
9958
9958
9958
9960
9961
9963
9964
9964
9964
9965
9966
9966
9968
9968
9969
9970
9970
9970
9971
9971
9973
9973
9973
9975
9976
9978
9979
9979
9979
9981
9982
9982
9986
9986
9987
9987
9987
9988
9988
9989
9990
9990
9990
9990
9992
9993
9995
9997
9998
9999
9999
