0
2
5
7
7
9
9
9
11
11
12
12
12
13
14
14
15
15
16
16
16
18
18
20
20
22
22
22
22
23
24
25
26
27
27
30
33
33
37
39
40
41
43
44
45
45
46
47
48
49
49
49
51
51
51
52
52
53
54
56
57
58
59
59
62
64
64
64
65
67
70
72
72
74
74
75
77
80
80
82
85
86
86
87
89
89
91
93
93
94
94
95
95
98
99
99
99
102
107
107
111
113
114
117
123
124
124
124
125
126
127
129
129
130
130
131
132
132
134
135
136
137
138
138
138
141
142
142
144
144
144
144
145
145
148
149
150
151
152
153
153
154
154
156
157
157
157
157
158
159
160
161
161
164
164
165
166
166
167
167
167
167
168
168
168
168
168
168
169
171
171
172
173
176
176
177
179
181
183
183
185
185
186
187
187
188
189
189
190
190
191
194
195
197
198
199
200
200
200
203
208
208
208
209
209
210
212
212
212
213
213
213
214
214
214
214
216
217
218
218
219
220
220
221
223
224
227
229
231
231
233
234
236
236
237
237
240
240
241
241
242
245
246
247
247
248
249
251
252
253
255
256
257
260
260
261
263
264
264
265
266
266
266
266
267
268
269
269
270
273
274
275
275
276
276
276
277
277
278
278
282
282
283
284
286
286
286
288
288
289
289
290
291
292
292
295
295
295
297
299
299
300
300
305
306
307
308
308
309
309
310
311
313
314
319
320
321
321
321
321
322
322
323
324
325
326
327
329
332
333
334
334
335
335
335
339
339
339
340
340
340
341
341
342
342
342
343
343
346
346
347
348
350
350
353
354
354
356
356
357
358
358
359
359
360
365
365
366
366
367
367
368
368
369
370
370
371
371
373
373
373
374
377
378
378
380
380
382
383
383
383
383
384
384
384
385
385
388
389
390
391
393
396
396
396
398
398
399
400
401
404
404
405
405
406
409
411
411
412
413
413
413
415
415
417
417
418
418
418
419
419
421
422
423
427
431
432
434
435
436
437
438
438
439
439
440
441
442
442
443
445
445
445
447
449
449
449
450
450
450
452
453
453
454
454
455
455
456
459
459
459
460
461
461
462
462
463
464
465
465
469
470
470
471
471
472
472
473
473
474
474
477
478
479
482
483
483
484
486
487
490
490
491
493
494
495
496
496
497
498
499
501
501
503
503
504
511
511
513
513
515
516
516
517
519
520
521
523
523
524
527
527
528
529
530
531
533
534
538
539
541
542
543
545
546
547
549
549
550
552
554
554
554
556
557
557
559
559
559
560
560
562
563
564
564
565
565
565
566
567
568
569
570
573
575
575
575
577
577
578
579
580
581
582
583
583
584
585
585
588
588
589
590
592
592
594
595
595
599
599
600
600
601
604
604
604
607
608
608
609
610
611
613
613
613
613
614
614
615
616
616
617
618
619
620
620
621
622
622
623
623
623
624
626
628
631
631
632
632
632
632
633
633
634
636
636
636
638
639
640
640
642
643
644
644
645
645
646
647
648
649
650
650
652
654
654
655
657
659
660
661
662
663
664
665
665
665
666
667
667
669
669
673
673
675
676
676
676
677
678
678
680
681
682
682
683
683
684
689
690
690
691
692
695
696
698
699
699
699
701
702
702
702
706
708
709
710
712
712
712
713
716
716
716
717
718
718
718
720
726
726
726
727
729
730
731
731
733
733
733
733
734
734
736
736
737
739
739
741
743
744
745
746
747
748
749
749
753
753
754
755
757
757
760
763
763
765
766
766
767
768
768
773
773
776
776
776
777
778
780
780
780
780
781
782
782
783
784
785
785
789
789
789
791
793
794
795
798
802
802
803
803
803
804
807
807
808
809
809
810
810
810
811
812
815
815
816
817
819
820
820
824
824
825
826
826
828
828
828
828
829
832
834
835
836
837
837
839
840
840
840
842
844
844
844
844
846
847
847
849
850
851
853
855
855
856
856
857
860
860
861
861
865
865
868
871
873
873
876
876
879
879
880
885
885
885
885
887
888
889
889
890
891
891
892
893
894
895
896
897
897
899
900
900
901
902
902
905
907
907
908
908
910
910
910
911
912
912
914
915
917
918
918
918
919
920
921
922
923
924
925
925
925
925
926
926
926
926
928
929
929
929
930
931
932
933
933
934
937
938
940
942
943
943
944
944
945
945
946
948
949
949
949
949
954
954
956
956
957
958
960
961
961
963
964
965
965
967
968
968
969
970
972
975
976
978
978
978
980
981
983
983
985
988
988
989
990
990
990
991
992
993
993
994
995
995
996
996
997
998
999
999
1000
1001
1003
1004
1004
1005
1006
1006
1006
1008
1008
1009
1013
1014
1014
1014
1018
1018
1018
1021
1021
1022
1023
1023
1024
1025
1025
1026
1027
1027
1027
1028
1028
1029
1029
1031
1031
1032
1034
1035
1037
1038
1038
1041
1041
1041
1042
1042
1043
1044
1044
1044
1046
1046
1047
1049
1050
1056
1062
1062
1062
1064
1066
1066
1068
1069
1070
1070
1072
1072
1072
1072
1072
1073
1074
1076
1077
1077
1077
1078
1080
1080
1086
1086
1087
1088
1089
1089
1091
1091
1092
1092
1092
1093
1093
1096
1100
1103
1104
1105
1106
1106
1106
1108
1109
1109
1109
1110
1111
1112
1112
1113
1115
1117
1118
1118
1119
1122
1126
1127
1127
1127
1128
1129
1129
1130
1130
1130
1133
1135
1135
1135
1137
1138
1141
1141
1143
1144
1145
1146
1146
1147
1147
1148
1152
1155
1155
1156
1156
1157
1158
1159
1159
1159
1163
1163
1166
1167
1170
1170
1170
1171
1173
1174
1175
1175
1177
1177
1180
1180
1181
1181
1181
1182
1182
1187
1187
1189
1193
1196
1197
1197
1197
1198
1198
1200
1202
1203
1203
1205
1209
1210
1212
1214
1216
1218
1219
1220
1221
1221
1222
1222
1223
1224
1224
1228
1228
1228
1228
1229
1229
1229
1230
1230
1231
1232
1232
1233
1234
1234
1234
1237
1238
1239
1240
1241
1241
1241
1242
1243
1243
1245
1246
1247
1249
1252
1253
1253
1254
1254
1255
1255
1255
1256
1258
1259
1260
1260
1261
1262
1262
1265
1267
1267
1271
1271
1271
1274
1276
1276
1277
1280
1280
1286
1287
1289
1295
1295
1296
1299
1300
1301
1301
1302
1302
1305
1306
1306
1307
1308
1308
1309
1310
1310
1311
1312
1312
1313
1313
1315
1316
1317
1319
1319
1322
1322
1322
1322
1324
1325
1325
1325
1326
1326
1327
1327
1328
1330
1336
1337
1337
1338
1340
1342
1342
1343
1344
1344
1345
1345
1345
1346
1347
1348
1349
1351
1351
1351
1354
1355
1355
1360
1361
1362
1363
1363
1364
1364
1365
1367
1369
1370
1371
1371
1373
1374
1375
1376
1377
1377
1377
1377
1378
1379
1379
1380
1380
1382
1382
1383
1383
1384
1384
1385
1386
1386
1387
1387
1388
1389
1389
1389
1390
1390
1391
1391
1395
1396
1397
1398
1398
1398
1400
1400
1401
1402
1402
1402
1407
1407
1410
1410
1411
1412
1416
1416
1420
1420
1422
1422
1423
1424
1425
1426
1426
1426
1427
1427
1428
1429
1429
1430
1431
1431
1434
1434
1435
1437
1437
1438
1439
1440
1442
1442
1442
1443
1444
1446
1446
1447
1448
1448
1449
1452
1452
1453
1455
1455
1457
1458
1458
1460
1460
1464
1465
1465
1466
1466
1466
1467
1468
1468
1468
1469
1471
1471
1472
1472
1472
1474
1474
1475
1476
1476
1477
1478
1478
1479
1482
1483
1485
1485
1485
1489
1489
1489
1490
1492
1493
1494
1494
1495
1495
1496
1496
1497
1498
1499
1500
1501
1502
1503
1504
1506
1507
1507
1511
1512
1513
1519
1521
1522
1523
1527
1527
1530
1530
1532
1534
1534
1535
1535
1536
1537
1537
1539
1541
1542
1543
1545
1545
1547
1547
1548
1549
1550
1551
1551
1553
1553
1554
1554
1554
1556
1562
1563
1563
1565
1565
1565
1565
1566
1566
1568
1568
1570
1570
1571
1573
1576
1577
1577
1578
1578
1580
1581
1582
1583
1586
1587
1587
1590
1590
1591
1592
1593
1593
1593
1593
1596
1596
1597
1597
1598
1600
1602
1602
1605
1605
1605
1606
1606
1607
1607
1607
1607
1608
1609
1609
1610
1610
1611
1612
1613
1615
1616
1616
1617
1617
1618
1620
1621
1623
1623
1625
1625
1625
1626
1628
1629
1631
1636
1637
1637
1638
1638
1638
1640
1642
1643
1644
1644
1645
1645
1645
1647
1648
1650
1650
1651
1653
1654
1655
1655
1657
1657
1659
1659
1659
1661
1663
1664
1664
1664
1664
1665
1666
1666
1668
1669
1669
1669
1670
1673
1673
1673
1674
1674
1676
1678
1680
1680
1680
1681
1684
1684
1685
1685
1686
1686
1688
1689
1689
1690
1691
1692
1694
1695
1696
1697
1699
1699
1699
1699
1700
1702
1703
1703
1704
1705
1706
1707
1708
1710
1713
1715
1715
1715
1717
1717
1717
1718
1719
1720
1723
1723
1723
1723
1725
1727
1729
1732
1733
1734
1735
1736
1737
1738
1739
1739
1740
1740
1740
1741
1741
1741
1742
1743
1743
1744
1745
1748
1748
1751
1753
1753
1753
1754
1755
1756
1756
1757
1757
1758
1758
1759
1760
1760
1761
1761
1761
1762
1764
1768
1768
1768
1768
1769
1769
1770
1772
1773
1775
1775
1776
1778
1780
1780
1781
1781
1782
1783
1783
1784
1784
1785
1785
1787
1788
1789
1789
1793
1793
1794
1794
1795
1797
1798
1798
1800
1801
1802
1802
1802
1803
1803
1804
1805
1805
1808
1809
1810
1810
1811
1811
1812
1815
1816
1817
1817
1818
1820
1822
1822
1824
1825
1826
1827
1828
1830
1830
1831
1834
1835
1837
1838
1840
1841
1845
1845
1846
1846
1846
1846
1847
1847
1848
1850
1851
1853
1853
1854
1855
1856
1858
1860
1861
1861
1861
1865
1866
1869
1870
1871
1873
1873
1873
1873
1874
1875
1876
1876
1877
1877
1877
1879
1880
1881
1881
1882
1882
1883
1886
1889
1890
1890
1891
1892
1892
1893
1893
1894
1894
1894
1895
1897
1899
1899
1901
1902
1903
1903
1904
1906
1906
1908
1910
1911
1914
1914
1915
1916
1918
1919
1920
1921
1922
1922
1923
1923
1924
1925
1928
1932
1932
1932
1933
1933
1934
1934
1935
1937
1937
1937
1938
1942
1943
1943
1944
1944
1949
1952
1952
1953
1954
1956
1956
1957
1957
1958
1959
1961
1961
1961
1962
1963
1965
1966
1966
1967
1968
1969
1970
1971
1972
1973
1974
1976
1976
1976
1976
1977
1978
1979
1979
1979
1979
1979
1979
1984
1985
1989
1991
1993
1995
1998
2003
2003
2004
2006
2006
2006
2007
2008
2009
2010
2010
2011
2013
2015
2015
2017
2018
2019
2019
2019
2022
2022
2025
2025
2025
2026
2027
2030
2030
2030
2030
2033
2034
2034
2034
2034
2035
2036
2036
2037
2040
2041
2043
2044
2044
2044
2044
2044
2045
2046
2046
2047
2048
2049
2050
2051
2051
2053
2053
2054
2056
2056
2057
2058
2060
2061
2061
2063
2065
2067
2068
2068
2071
2071
2071
2072
2072
2074
2075
2075
2076
2076
2076
2078
2078
2079
2079
2080
2080
2080
2083
2084
2085
2085
2085
2085
2086
2086
2086
2087
2088
2089
2089
2090
2092
2092
2094
2094
2095
2097
2100
2105
2105
2106
2106
2108
2108
2111
2111
2112
2112
2112
2115
2115
2115
2116
2118
2118
2121
2121
2122
2123
2126
2126
2126
2127
2127
2128
2130
2131
2131
2132
2132
2133
2134
2134
2135
2135
2136
2136
2137
2143
2144
2146
2147
2148
2149
2150
2151
2152
2153
2153
2154
2156
2156
2157
2157
2158
2158
2160
2161
2161
2162
2163
2165
2166
2166
2167
2167
2167
2168
2171
2171
2172
2172
2173
2174
2176
2176
2176
2176
2178
2180
2181
2181
2181
2183
2183
2183
2183
2184
2184
2185
2186
2186
2187
2187
2189
2189
2191
2191
2192
2192
2194
2195
2195
2195
2197
2197
2197
2198
2198
2199
2200
2201
2202
2202
2202
2203
2204
2204
2204
2205
2205
2205
2206
2206
2207
2207
2213
2213
2217
2217
2219
2219
2220
2221
2223
2223
2223
2223
2224
2224
2229
2229
2231
2232
2233
2234
2234
2237
2237
2238
2239
2240
2240
2241
2241
2242
2243
2245
2246
2247
2248
2249
2250
2251
2253
2253
2254
2255
2255
2256
2256
2256
2257
2259
2263
2263
2264
2264
2265
2267
2269
2269
2269
2269
2270
2270
2271
2272
2272
2274
2275
2275
2276
2276
2277
2278
2278
2278
2279
2279
2280
2280
2283
2284
2286
2286
2289
2289
2290
2291
2291
2291
2292
2292
2296
2296
2297
2298
2300
2300
2302
2303
2303
2303
2303
2305
2305
2307
2307
2307
2307
2309
2310
2310
2310
2312
2313
2315
2315
2317
2320
2321
2321
2321
2322
2322
2322
2322
2324
2324
2325
2326
2327
2327
2331
2332
2332
2333
2333
2335
2337
2339
2340
2341
2341
2342
2343
2344
2345
2346
2346
2347
2349
2350
2352
2357
2359
2359
2362
2364
2364
2364
2366
2367
2367
2368
2369
2369
2370
2371
2371
2371
2372
2374
2374
2374
2375
2375
2376
2376
2376
2377
2378
2378
2380
2380
2381
2382
2382
2382
2384
2384
2389
2390
2392
2393
2395
2395
2395
2395
2396
2396
2397
2398
2399
2399
2401
2402
2405
2407
2407
2409
2410
2412
2412
2413
2413
2414
2415
2415
2416
2416
2416
2422
2423
2423
2424
2425
2426
2427
2431
2433
2434
2435
2438
2440
2440
2441
2441
2442
2443
2447
2448
2448
2448
2449
2450
2452
2452
2453
2455
2459
2459
2459
2460
2460
2461
2461
2461
2462
2463
2464
2464
2466
2466
2467
2467
2468
2469
2471
2472
2472
2472
2474
2476
2476
2478
2478
2480
2481
2482
2482
2484
2486
2486
2487
2488
2488
2488
2490
2490
2491
2491
2492
2495
2495
2496
2496
2496
2496
2498
2499
2499
2500
2501
2501
2502
2502
2502
2503
2504
2504
2505
2505
2506
2507
2507
2507
2507
2508
2510
2511
2517
2517
2522
2523
2524
2525
2526
2529
2530
2530
2532
2532
2534
2535
2535
2538
2539
2541
2541
2544
2544
2547
2550
2550
2551
2552
2558
2558
2559
2560
2560
2561
2563
2563
2564
2565
2567
2568
2570
2571
2572
2573
2574
2574
2575
2575
2576
2577
2579
2583
2583
2583
2585
2587
2588
2591
2592
2592
2594
2594
2594
2595
2595
2597
2597
2598
2598
2599
2600
2601
2601
2602
2602
2603
2604
2605
2605
2606
2606
2607
2613
2613
2613
2615
2616
2618
2619
2619
2619
2620
2620
2622
2622
2623
2623
2625
2629
2629
2630
2632
2633
2634
2635
2635
2638
2640
2640
2640
2641
2644
2646
2646
2647
2648
2648
2649
2651
2651
2652
2652
2653
2655
2656
2656
2657
2657
2659
2659
2661
2661
2663
2663
2664
2664
2664
2665
2666
2666
2667
2669
2672
2672
2673
2673
2673
2676
2676
2676
2678
2678
2679
2679
2680
2681
2681
2682
2682
2682
2684
2684
2686
2687
2689
2689
2691
2697
2699
2701
2703
2703
2704
2704
2704
2705
2706
2706
2706
2708
2709
2711
2713
2716
2718
2718
2720
2720
2721
2721
2725
2726
2726
2730
2730
2730
2731
2732
2735
2736
2736
2736
2740
2742
2744
2744
2744
2744
2747
2749
2749
2750
2751
2752
2753
2753
2754
2754
2757
2757
2758
2758
2758
2759
2759
2760
2761
2762
2762
2766
2767
2768
2768
2769
2770
2770
2771
2774
2775
2780
2780
2780
2780
2781
2782
2786
2789
2791
2791
2791
2792
2792
2792
2792
2793
2795
2802
2803
2804
2804
2804
2806
2807
2810
2811
2812
2814
2814
2815
2815
2817
2818
2820
2821
2821
2821
2824
2824
2825
2826
2827
2829
2829
2829
2830
2831
2831
2832
2833
2833
2839
2841
2842
2844
2844
2845
2846
2846
2850
2853
2855
2855
2855
2855
2858
2860
2860
2862
2862
2863
2864
2864
2864
2865
2868
2869
2872
2874
2875
2876
2876
2877
2877
2877
2878
2879
2879
2880
2882
2882
2882
2883
2884
2885
2885
2887
2889
2889
2889
2889
2890
2891
2892
2893
2896
2896
2898
2898
2900
2901
2901
2902
2903
2903
2903
2906
2907
2907
2908
2908
2910
2910
2910
2912
2915
2917
2918
2918
2918
2920
2921
2921
2922
2923
2924
2926
2928
2929
2931
2932
2932
2934
2937
2937
2939
2940
2940
2940
2940
2940
2940
2940
2941
2941
2944
2944
2944
2944
2946
2947
2948
2949
2949
2955
2956
2958
2958
2960
2960
2961
2962
2963
2963
2964
2964
2964
2965
2965
2967
2967
2967
2967
2968
2969
2970
2972
2972
2973
2983
2984
2985
2987
2987
2988
2989
2989
2991
2992
2992
2993
2995
2997
2997
2998
2998
2999
3000
3001
3001
3002
3003
3005
3006
3006
3007
3008
3010
3011
3012
3012
3014
3014
3015
3021
3022
3023
3024
3024
3024
3026
3027
3028
3028
3028
3029
3029
3031
3032
3035
3036
3038
3039
3041
3042
3043
3044
3045
3045
3046
3048
3049
3049
3051
3054
3055
3056
3057
3057
3058
3060
3061
3061
3063
3064
3065
3065
3065
3066
3068
3068
3068
3069
3069
3070
3070
3071
3073
3074
3075
3075
3077
3077
3077
3079
3080
3081
3082
3087
3089
3090
3090
3091
3092
3092
3093
3093
3097
3097
3098
3098
3101
3101
3103
3103
3103
3103
3103
3104
3105
3106
3107
3107
3107
3108
3108
3109
3116
3117
3117
3118
3120
3120
3120
3121
3121
3121
3122
3122
3123
3123
3123
3124
3124
3125
3125
3126
3126
3128
3128
3129
3129
3132
3133
3133
3133
3134
3137
3137
3137
3142
3143
3145
3146
3147
3149
3150
3151
3152
3152
3153
3154
3155
3157
3157
3158
3158
3159
3159
3159
3162
3164
3167
3171
3173
3173
3174
3174
3176
3176
3178
3179
3179
3180
3180
3181
3182
3182
3183
3185
3186
3187
3188
3188
3192
3192
3193
3193
3193
3194
3195
3197
3198
3199
3199
3200
3200
3202
3202
3205
3206
3206
3207
3208
3209
3210
3211
3212
3213
3214
3215
3215
3217
3217
3219
3219
3221
3224
3225
3226
3227
3227
3229
3229
3230
3233
3233
3235
3237
3237
3237
3238
3241
3244
3245
3245
3247
3247
3248
3248
3248
3248
3250
3250
3252
3252
3254
3256
3258
3259
3260
3263
3263
3265
3265
3265
3265
3266
3269
3269
3270
3270
3270
3270
3271
3272
3272
3272
3273
3274
3274
3274
3278
3279
3280
3281
3284
3284
3285
3285
3285
3288
3289
3290
3290
3292
3294
3297
3298
3299
3299
3299
3301
3302
3303
3303
3306
3307
3307
3307
3309
3310
3311
3311
3311
3312
3313
3315
3316
3317
3317
3320
3321
3321
3321
3321
3321
3322
3326
3327
3327
3327
3327
3330
3332
3332
3333
3334
3336
3336
3339
3340
3341
3344
3345
3345
3345
3346
3347
3347
3348
3349
3350
3350
3351
3352
3352
3352
3353
3355
3355
3356
3357
3359
3360
3360
3361
3361
3362
3364
3367
3367
3367
3369
3370
3371
3372
3372
3373
3375
3375
3376
3379
3380
3380
3380
3380
3381
3381
3382
3382
3383
3383
3384
3385
3387
3387
3390
3390
3391
3392
3393
3394
3394
3394
3395
3396
3396
3397
3399
3401
3402
3404
3405
3405
3406
3406
3407
3407
3408
3408
3410
3410
3412
3413
3413
3416
3417
3418
3418
3419
3420
3421
3421
3421
3422
3422
3424
3424
3425
3426
3426
3427
3428
3429
3429
3430
3430
3434
3435
3435
3436
3436
3437
3437
3438
3438
3438
3439
3441
3441
3442
3444
3444
3444
3445
3446
3446
3448
3449
3453
3454
3455
3455
3457
3458
3458
3459
3460
3464
3465
3467
3467
3468
3469
3470
3470
3470
3470
3471
3473
3473
3477
3477
3479
3479
3480
3481
3482
3490
3490
3491
3492
3492
3493
3495
3496
3496
3497
3499
3499
3500
3502
3502
3503
3503
3504
3505
3505
3510
3511
3513
3514
3516
3517
3518
3518
3518
3519
3519
3520
3521
3521
3523
3527
3527
3528
3528
3529
3529
3530
3531
3534
3534
3537
3537
3538
3539
3539
3540
3541
3542
3543
3544
3545
3545
3547
3547
3547
3551
3551
3551
3552
3552
3553
3554
3556
3557
3558
3560
3565
3565
3567
3569
3569
3570
3571
3571
3573
3574
3574
3575
3576
3577
3578
3579
3580
3583
3584
3585
3585
3585
3586
3588
3589
3591
3594
3595
3597
3597
3597
3597
3598
3598
3600
3601
3602
3603
3603
3604
3604
3605
3605
3605
3605
3606
3606
3607
3607
3607
3608
3609
3610
3611
3613
3614
3614
3615
3615
3616
3616
3619
3619
3620
3620
3621
3622
3623
3623
3625
3626
3628
3629
3629
3629
3630
3633
3635
3636
3637
3638
3640
3640
3641
3643
3643
3646
3647
3647
3649
3650
3652
3653
3653
3654
3655
3655
3655
3655
3656
3658
3658
3659
3660
3661
3662
3663
3663
3664
3664
3665
3666
3668
3669
3672
3673
3675
3675
3679
3679
3680
3681
3681
3681
3689
3689
3689
3690
3690
3691
3691
3691
3692
3693
3694
3694
3695
3696
3697
3697
3699
3699
3699
3700
3700
3701
3701
3701
3702
3703
3703
3707
3707
3709
3709
3709
3710
3710
3714
3715
3716
3716
3717
3718
3720
3724
3724
3729
3729
3731
3731
3735
3735
3736
3736
3736
3737
3739
3741
3741
3741
3741
3744
3744
3745
3745
3745
3747
3748
3750
3750
3751
3752
3753
3755
3755
3756
3756
3757
3757
3759
3760
3762
3762
3762
3762
3765
3769
3771
3771
3772
3773
3773
3774
3775
3775
3775
3777
3778
3779
3780
3780
3781
3781
3781
3783
3783
3784
3784
3784
3788
3789
3790
3791
3792
3793
3794
3794
3795
3799
3799
3801
3802
3804
3804
3804
3804
3805
3807
3807
3807
3809
3810
3813
3815
3815
3816
3816
3816
3817
3817
3818
3819
3820
3820
3821
3821
3822
3823
3824
3827
3829
3829
3831
3832
3833
3835
3835
3838
3838
3839
3840
3842
3843
3847
3848
3848
3850
3851
3853
3854
3855
3857
3859
3860
3863
3863
3864
3867
3868
3869
3869
3869
3869
3871
3871
3871
3871
3871
3874
3875
3876
3876
3880
3881
3881
3881
3884
3886
3887
3888
3888
3889
3890
3890
3891
3891
3891
3892
3892
3892
3892
3893
3894
3894
3894
3895
3896
3901
3901
3901
3902
3902
3902
3904
3905
3905
3906
3908
3908
3910
3910
3910
3911
3912
3912
3912
3912
3912
3913
3915
3918
3920
3921
3923
3923
3928
3928
3928
3929
3929
3929
3930
3931
3931
3933
3933
3934
3934
3935
3936
3937
3939
3941
3941
3943
3945
3946
3946
3948
3950
3950
3951
3951
3953
3954
3954
3954
3955
3955
3957
3958
3959
3959
3960
3960
3962
3963
3963
3963
3965
3966
3967
3968
3969
3970
3970
3970
3971
3974
3974
3975
3976
3976
3979
3981
3983
3985
3987
3987
3987
3990
3990
3990
3990
3992
3993
3993
3993
3994
3995
3995
3996
3999
4000
4003
4004
4005
4006
4007
4009
4010
4011
4014
4014
4017
4017
4017
4019
4020
4020
4020
4021
4022
4023
4024
4025
4026
4027
4028
4028
4029
4030
4031
4031
4033
4033
4034
4034
4034
4035
4036
4038
4038
4040
4041
4042
4043
4043
4045
4046
4047
4051
4055
4055
4056
4056
4060
4061
4061
4062
4062
4062
4062
4064
4065
4065
4066
4066
4068
4068
4068
4069
4069
4070
4070
4071
4071
4074
4074
4074
4075
4076
4076
4078
4079
4080
4081
4081
4082
4082
4083
4084
4084
4086
4086
4089
4089
4089
4090
4090
4092
4093
4094
4094
4095
4095
4096
4097
4097
4098
4099
4099
4107
4108
4110
4111
4111
4113
4114
4114
4114
4115
4116
4117
4117
4118
4118
4118
4118
4118
4119
4119
4120
4121
4122
4123
4124
4125
4125
4126
4126
4127
4127
4128
4131
4133
4133
4134
4134
4136
4137
4138
4139
4141
4141
4142
4143
4144
4145
4147
4147
4148
4151
4152
4152
4153
4154
4154
4154
4155
4156
4156
4159
4160
4160
4161
4161
4161
4164
4165
4166
4167
4168
4171
4171
4172
4172
4175
4176
4176
4177
4178
4178
4180
4181
4182
4183
4184
4184
4190
4191
4191
4192
4193
4194
4194
4195
4196
4197
4197
4198
4200
4200
4201
4202
4202
4203
4203
4204
4204
4205
4206
4207
4207
4208
4208
4209
4210
4210
4212
4214
4214
4218
4218
4219
4220
4221
4222
4222
4222
4224
4226
4228
4228
4229
4229
4231
4232
4232
4232
4237
4238
4241
4241
4243
4244
4244
4244
4245
4245
4246
4247
4248
4250
4255
4255
4256
4257
4259
4259
4260
4261
4265
4265
4267
4267
4271
4271
4272
4274
4275
4276
4277
4280
4281
4282
4285
4285
4287
4289
4289
4289
4290
4291
4292
4293
4294
4294
4294
4295
4301
4302
4303
4303
4304
4305
4309
4311
4311
4313
4315
4316
4318
4319
4319
4323
4323
4324
4324
4325
4326
4326
4327
4331
4333
4337
4338
4339
4342
4343
4343
4345
4345
4349
4350
4350
4351
4352
4352
4353
4353
4353
4353
4354
4356
4357
4358
4360
4360
4361
4362
4364
4365
4367
4367
4369
4370
4370
4370
4372
4372
4373
4374
4374
4375
4376
4377
4378
4378
4378
4381
4381
4382
4382
4383
4383
4384
4384
4388
4389
4390
4390
4391
4391
4391
4391
4391
4395
4396
4396
4397
4398
4398
4398
4399
4400
4400
4401
4404
4407
4407
4409
4414
4417
4418
4419
4420
4421
4421
4422
4423
4426
4426
4427
4428
4430
4432
4432
4433
4434
4435
4435
4435
4435
4436
4437
4438
4439
4440
4440
4442
4442
4443
4443
4443
4444
4444
4445
4446
4446
4449
4449
4452
4452
4452
4454
4455
4456
4457
4457
4461
4461
4464
4465
4466
4467
4468
4470
4472
4472
4473
4473
4473
4474
4476
4476
4476
4477
4479
4480
4481
4481
4484
4484
4484
4485
4487
4488
4488
4491
4491
4491
4493
4494
4494
4494
4495
4496
4496
4496
4497
4499
4500
4501
4502
4503
4504
4505
4506
4506
4506
4507
4509
4511
4511
4512
4512
4513
4517
4518
4518
4519
4519
4519
4520
4520
4520
4521
4522
4522
4526
4527
4528
4528
4530
4530
4532
4533
4534
4534
4535
4538
4539
4540
4542
4544
4545
4546
4547
4549
4551
4551
4552
4552
4553
4553
4553
4555
4556
4556
4556
4556
4557
4558
4559
4562
4563
4564
4566
4566
4569
4569
4569
4570
4571
4571
4574
4575
4575
4576
4579
4581
4582
4582
4585
4586
4587
4587
4588
4589
4589
4590
4591
4592
4598
4599
4599
4601
4602
4604
4606
4608
4609
4609
4610
4612
4615
4615
4615
4616
4617
4620
4621
4624
4625
4627
4628
4628
4631
4631
4631
4631
4631
4631
4632
4632
4635
4636
4636
4637
4637
4639
4639
4643
4645
4646
4651
4652
4652
4652
4653
4653
4654
4655
4655
4657
4659
4660
4660
4660
4660
4660
4661
4661
4661
4661
4663
4664
4664
4665
4666
4667
4667
4668
4669
4669
4671
4672
4672
4672
4672
4673
4674
4674
4676
4678
4679
4679
4680
4681
4681
4684
4684
4685
4688
4689
4692
4694
4696
4696
4696
4697
4698
4705
4705
4705
4706
4707
4708
4709
4709
4709
4711
4711
4711
4712
4712
4712
4713
4713
4714
4715
4716
4717
4718
4718
4718
4719
4720
4720
4721
4721
4721
4723
4723
4724
4724
4724
4725
4728
4729
4730
4730
4731
4732
4732
4733
4734
4736
4736
4737
4738
4738
4739
4740
4740
4740
4741
4745
4746
4747
4748
4748
4749
4749
4749
4752
4752
4753
4755
4755
4756
4756
4758
4758
4760
4761
4762
4762
4763
4763
4765
4765
4766
4768
4770
4771
4771
4771
4774
4775
4775
4775
4776
4777
4779
4781
4781
4781
4783
4783
4783
4786
4789
4790
4792
4792
4792
4793
4793
4793
4793
4794
4795
4795
4796
4796
4797
4797
4799
4799
4802
4802
4807
4808
4810
4811
4812
4815
4815
4815
4815
4816
4817
4818
4819
4820
4821
4822
4823
4823
4823
4824
4824
4825
4826
4827
4827
4827
4829
4831
4832
4832
4833
4836
4838
4840
4841
4841
4842
4844
4844
4846
4846
4849
4849
4849
4852
4852
4852
4854
4856
4858
4859
4859
4859
4860
4860
4863
4864
4865
4867
4867
4867
4868
4869
4870
4871
4871
4872
4872
4873
4873
4875
4876
4878
4880
4881
4883
4883
4886
4887
4887
4888
4888
4890
4895
4897
4897
4898
4898
4901
4902
4902
4902
4902
4903
4903
4904
4904
4905
4905
4906
4908
4909
4914
4915
4915
4915
4916
4916
4917
4918
4918
4920
4921
4921
4923
4924
4926
4926
4926
4927
4928
4929
4930
4930
4933
4934
4936
4937
4937
4940
4944
4944
4945
4946
4946
4948
4949
4951
4953
4955
4956
4958
4959
4959
4963
4965
4965
4966
4967
4968
4972
4975
4976
4977
4977
4977
4978
4980
4980
4980
4981
4981
4981
4982
4983
4985
4985
4986
4987
4991
4992
4992
4993
4993
4994
4997
4997
4997
4997
4998
4999
4999
4999
5000
5000
5001
5003
5003
5004
5005
5005
5006
5007
5008
5008
5008
5009
5011
5013
5015
5016
5016
5018
5018
5019
5019
5020
5020
5022
5022
5023
5023
5023
5024
5024
5027
5029
5029
5031
5031
5031
5032
5033
5033
5033
5035
5035
5035
5037
5038
5039
5039
5040
5040
5041
5042
5045
5045
5046
5047
5047
5048
5049
5050
5050
5051
5052
5052
5053
5053
5054
5054
5055
5056
5056
5061
5062
5063
5065
5065
5066
5067
5067
5069
5069
5069
5072
5074
5075
5075
5075
5078
5080
5081
5081
5083
5083
5084
5084
5084
5085
5085
5086
5087
5087
5088
5089
5089
5093
5093
5093
5094
5094
5094
5096
5099
5100
5100
5100
5101
5102
5102
5102
5104
5104
5105
5106
5107
5108
5108
5109
5109
5111
5112
5113
5115
5116
5116
5117
5121
5122
5122
5124
5124
5125
5125
5125
5128
5129
5131
5134
5137
5138
5138
5138
5143
5144
5149
5149
5150
5151
5151
5152
5158
5159
5160
5164
5164
5165
5165
5166
5168
5168
5169
5169
5169
5169
5170
5170
5171
5172
5173
5176
5177
5177
5177
5177
5178
5179
5179
5181
5182
5182
5182
5182
5182
5187
5189
5190
5191
5192
5193
5194
5197
5198
5198
5198
5199
5200
5202
5203
5203
5205
5206
5206
5208
5208
5208
5210
5211
5212
5214
5214
5218
5218
5219
5219
5220
5221
5222
5227
5227
5230
5230
5230
5231
5231
5232
5233
5234
5234
5235
5235
5237
5237
5238
5238
5239
5239
5240
5241
5241
5241
5241
5242
5245
5246
5247
5247
5247
5247
5249
5249
5249
5249
5249
5250
5251
5251
5259
5260
5260
5260
5261
5262
5263
5265
5266
5266
5266
5267
5268
5268
5272
5272
5273
5273
5274
5274
5275
5275
5276
5278
5281
5282
5283
5285
5286
5286
5287
5287
5287
5290
5292
5292
5293
5295
5296
5297
5297
5299
5300
5301
5301
5303
5303
5305
5305
5306
5308
5309
5310
5311
5311
5312
5312
5313
5313
5314
5315
5315
5316
5316
5317
5317
5317
5317
5317
5319
5322
5323
5325
5325
5325
5326
5327
5327
5328
5328
5329
5330
5330
5330
5330
5333
5333
5333
5334
5334
5337
5338
5339
5340
5340
5341
5342
5342
5342
5342
5343
5343
5345
5345
5346
5346
5346
5347
5349
5349
5350
5351
5352
5353
5354
5355
5357
5358
5360
5362
5363
5363
5364
5364
5365
5366
5366
5366
5369
5369
5369
5371
5371
5371
5372
5373
5374
5376
5378
5380
5380
5383
5384
5384
5384
5386
5389
5390
5392
5393
5393
5393
5394
5395
5396
5398
5398
5399
5400
5401
5402
5403
5403
5403
5404
5410
5412
5412
5413
5413
5414
5414
5415
5415
5416
5416
5417
5420
5421
5423
5423
5424
5425
5425
5427
5428
5428
5428
5432
5434
5434
5435
5436
5436
5437
5439
5440
5441
5441
5442
5443
5444
5445
5445
5445
5446
5447
5449
5450
5451
5451
5451
5451
5453
5455
5455
5456
5456
5457
5458
5458
5461
5461
5462
5462
5462
5463
5464
5465
5465
5466
5467
5467
5469
5469
5471
5472
5473
5473
5473
5475
5477
5480
5481
5482
5483
5483
5485
5485
5485
5490
5491
5497
5499
5501
5502
5505
5505
5509
5509
5509
5512
5512
5512
5514
5514
5516
5518
5519
5521
5522
5526
5526
5528
5528
5529
5529
5530
5531
5533
5534
5534
5535
5536
5536
5536
5537
5537
5538
5541
5544
5545
5545
5548
5548
5549
5549
5550
5551
5553
5553
5554
5555
5555
5556
5559
5560
5561
5563
5565
5566
5567
5568
5569
5571
5571
5573
5576
5577
5577
5577
5578
5579
5580
5581
5584
5587
5587
5589
5589
5590
5591
5593
5593
5593
5595
5595
5597
5597
5598
5598
5601
5602
5603
5603
5604
5604
5605
5605
5606
5607
5609
5611
5613
5614
5614
5614
5614
5617
5618
5619
5619
5620
5620
5620
5620
5621
5622
5622
5623
5623
5624
5624
5624
5625
5629
5629
5629
5631
5632
5633
5633
5633
5634
5634
5637
5640
5640
5640
5641
5642
5646
5646
5646
5647
5647
5647
5648
5649
5652
5652
5652
5653
5655
5655
5659
5660
5661
5661
5663
5663
5663
5665
5667
5668
5670
5671
5672
5672
5674
5674
5675
5676
5676
5677
5678
5678
5679
5680
5680
5680
5681
5681
5682
5687
5687
5687
5688
5688
5688
5689
5690
5691
5691
5692
5692
5692
5693
5693
5693
5694
5696
5697
5698
5698
5700
5701
5703
5704
5705
5705
5705
5706
5707
5708
5709
5709
5710
5712
5714
5715
5715
5717
5718
5720
5721
5721
5723
5723
5723
5724
5724
5725
5725
5726
5727
5729
5730
5730
5731
5733
5734
5734
5734
5737
5737
5737
5737
5742
5744
5745
5745
5748
5749
5749
5752
5753
5755
5757
5757
5759
5760
5761
5761
5763
5763
5764
5764
5765
5765
5765
5766
5766
5767
5767
5767
5768
5769
5771
5771
5771
5771
5772
5775
5775
5777
5777
5778
5779
5781
5781
5782
5783
5786
5788
5788
5788
5789
5790
5792
5793
5796
5796
5796
5797
5797
5798
5798
5799
5802
5803
5804
5805
5805
5806
5811
5812
5813
5815
5815
5816
5816
5816
5817
5817
5821
5823
5828
5829
5829
5830
5830
5830
5830
5833
5833
5835
5835
5835
5836
5836
5837
5837
5837
5838
5838
5840
5840
5840
5841
5842
5843
5843
5844
5845
5845
5846
5848
5848
5851
5851
5851
5852
5852
5854
5855
5855
5858
5859
5861
5861
5862
5865
5866
5867
5868
5868
5869
5869
5870
5872
5872
5874
5876
5876
5877
5877
5879
5880
5881
5882
5883
5883
5886
5887
5887
5889
5890
5891
5892
5893
5893
5895
5895
5898
5898
5900
5900
5902
5902
5903
5906
5906
5909
5909
5910
5911
5912
5912
5913
5913
5914
5915
5917
5917
5917
5917
5918
5918
5919
5919
5920
5921
5921
5922
5923
5923
5925
5926
5926
5927
5927
5927
5929
5930
5931
5933
5933
5934
5935
5935
5936
5937
5938
5938
5940
5943
5945
5947
5948
5949
5951
5952
5953
5953
5954
5955
5956
5958
5959
5959
5960
5964
5966
5968
5968
5969
5969
5969
5970
5970
5970
5971
5974
5974
5974
5975
5979
5982
5982
5982
5982
5984
5984
5985
5987
5987
5988
5988
5990
5990
5991
5992
5993
5993
5993
5995
5996
5998
5999
5999
6001
6002
6002
6003
6005
6005
6006
6006
6007
6007
6008
6009
6009
6010
6010
6011
6013
6013
6013
6014
6014
6017
6018
6019
6019
6022
6022
6024
6026
6027
6027
6028
6028
6028
6028
6030
6034
6035
6035
6037
6039
6040
6040
6040
6041
6042
6046
6046
6047
6048
6052
6052
6052
6057
6061
6062
6062
6063
6066
6070
6072
6073
6073
6075
6079
6080
6082
6082
6083
6086
6088
6088
6088
6090
6092
6092
6093
6094
6095
6096
6097
6100
6102
6102
6103
6106
6106
6109
6110
6110
6111
6111
6111
6112
6113
6114
6115
6115
6116
6118
6119
6120
6122
6125
6126
6127
6128
6129
6129
6131
6133
6136
6137
6138
6139
6142
6142
6143
6143
6145
6148
6149
6151
6153
6155
6155
6155
6156
6159
6161
6163
6164
6165
6167
6168
6170
6171
6171
6172
6174
6174
6175
6175
6176
6176
6177
6177
6177
6179
6179
6180
6180
6185
6186
6190
6190
6190
6190
6191
6191
6192
6193
6193
6193
6193
6196
6197
6199
6200
6203
6204
6204
6204
6207
6208
6208
6209
6210
6211
6211
6212
6213
6215
6216
6216
6216
6217
6220
6221
6222
6223
6224
6224
6225
6225
6226
6231
6232
6232
6234
6234
6235
6237
6237
6239
6243
6243
6244
6245
6247
6247
6247
6248
6248
6249
6249
6251
6252
6252
6253
6256
6260
6260
6261
6264
6264
6264
6265
6265
6266
6266
6267
6269
6269
6270
6271
6271
6271
6273
6273
6274
6275
6276
6277
6278
6279
6280
6280
6280
6281
6282
6282
6284
6287
6289
6290
6293
6296
6296
6296
6297
6298
6299
6301
6301
6302
6303
6303
6303
6304
6306
6306
6309
6310
6313
6313
6314
6316
6317
6317
6317
6319
6320
6320
6320
6322
6328
6328
6329
6330
6331
6333
6333
6336
6336
6336
6337
6338
6340
6341
6345
6346
6347
6348
6348
6350
6353
6353
6354
6354
6354
6356
6356
6356
6356
6357
6357
6357
6357
6360
6360
6362
6362
6362
6362
6363
6363
6364
6364
6367
6368
6370
6370
6371
6371
6372
6373
6375
6375
6375
6376
6377
6377
6379
6379
6380
6380
6380
6382
6383
6383
6386
6388
6388
6391
6391
6392
6394
6394
6395
6397
6397
6398
6400
6401
6401
6401
6403
6406
6409
6411
6411
6411
6412
6413
6413
6414
6414
6414
6416
6416
6417
6418
6418
6419
6419
6421
6421
6422
6424
6427
6428
6432
6433
6433
6433
6434
6435
6435
6435
6436
6436
6437
6438
6439
6440
6440
6442
6442
6442
6442
6444
6444
6446
6448
6449
6450
6452
6454
6457
6459
6460
6461
6461
6462
6462
6463
6463
6464
6465
6465
6468
6470
6471
6473
6476
6476
6477
6479
6479
6480
6484
6485
6485
6486
6487
6488
6488
6488
6489
6491
6492
6492
6494
6495
6496
6497
6498
6499
6500
6500
6501
6504
6504
6505
6505
6506
6506
6508
6509
6510
6510
6510
6512
6512
6513
6515
6516
6518
6518
6518
6518
6520
6520
6521
6522
6523
6524
6525
6526
6528
6529
6529
6532
6532
6535
6535
6535
6535
6535
6537
6539
6541
6541
6542
6542
6542
6544
6546
6547
6548
6550
6552
6552
6553
6557
6558
6558
6559
6561
6562
6562
6562
6563
6564
6564
6566
6567
6568
6568
6569
6570
6571
6572
6573
6574
6574
6576
6576
6577
6578
6578
6578
6578
6581
6582
6582
6582
6583
6584
6586
6586
6587
6587
6587
6590
6590
6590
6592
6592
6594
6597
6597
6598
6601
6602
6602
6602
6604
6604
6605
6606
6611
6611
6611
6612
6612
6613
6614
6614
6615
6615
6617
6617
6617
6618
6618
6618
6620
6620
6620
6625
6626
6627
6627
6627
6628
6629
6632
6633
6633
6634
6635
6636
6637
6638
6638
6640
6641
6642
6642
6642
6643
6645
6645
6647
6648
6649
6650
6652
6652
6655
6656
6657
6661
6661
6662
6662
6663
6664
6664
6665
6667
6668
6668
6668
6669
6669
6672
6672
6673
6676
6676
6677
6677
6678
6678
6679
6679
6681
6681
6681
6682
6682
6688
6693
6695
6696
6696
6696
6698
6699
6699
6700
6702
6704
6705
6705
6707
6709
6710
6715
6715
6715
6716
6717
6719
6719
6719
6720
6724
6726
6726
6729
6730
6731
6731
6732
6733
6734
6735
6735
6735
6736
6736
6737
6737
6737
6738
6738
6739
6740
6741
6742
6743
6743
6744
6745
6746
6747
6747
6747
6748
6750
6751
6751
6752
6754
6756
6759
6762
6763
6763
6765
6766
6767
6769
6770
6770
6771
6772
6773
6774
6775
6776
6779
6781
6781
6781
6782
6784
6784
6785
6785
6786
6786
6787
6787
6787
6788
6791
6793
6794
6794
6795
6795
6796
6796
6796
6798
6799
6803
6803
6805
6809
6811
6812
6812
6813
6814
6814
6814
6815
6816
6816
6817
6818
6819
6820
6823
6824
6824
6825
6826
6828
6828
6830
6832
6832
6832
6834
6834
6834
6835
6835
6837
6839
6840
6840
6840
6841
6842
6842
6842
6843
6843
6844
6844
6847
6847
6848
6850
6850
6850
6852
6853
6855
6856
6857
6858
6860
6862
6862
6863
6866
6867
6868
6869
6869
6870
6871
6872
6872
6874
6874
6875
6876
6876
6879
6881
6882
6885
6888
6888
6888
6889
6890
6891
6894
6894
6894
6894
6895
6896
6899
6899
6900
6901
6901
6902
6903
6905
6906
6907
6907
6907
6909
6909
6909
6911
6912
6912
6913
6914
6915
6916
6916
6917
6918
6918
6919
6919
6919
6923
6924
6925
6925
6925
6927
6927
6929
6929
6929
6930
6932
6933
6933
6933
6935
6936
6936
6937
6937
6940
6940
6940
6941
6943
6943
6944
6946
6947
6947
6947
6949
6951
6951
6951
6951
6952
6955
6957
6959
6962
6963
6966
6966
6968
6969
6972
6972
6972
6972
6973
6976
6977
6977
6977
6978
6978
6978
6978
6978
6979
6980
6980
6982
6983
6984
6985
6985
6986
6986
6988
6989
6989
6990
6990
6991
6991
6992
6993
6994
6994
6994
6995
6997
6998
6998
7001
7002
7002
7002
7004
7005
7007
7007
7008
7009
7009
7010
7010
7011
7011
7011
7012
7013
7015
7015
7016
7016
7018
7018
7019
7020
7021
7021
7022
7023
7025
7025
7026
7026
7027
7027
7027
7027
7027
7028
7029
7029
7030
7031
7031
7032
7032
7032
7033
7035
7035
7036
7038
7038
7038
7039
7042
7044
7044
7046
7047
7047
7048
7048
7049
7050
7052
7053
7056
7057
7057
7057
7058
7062
7062
7064
7065
7067
7069
7070
7070
7070
7072
7073
7073
7074
7075
7075
7076
7078
7080
7083
7085
7086
7086
7087
7088
7092
7094
7098
7100
7100
7101
7104
7105
7108
7110
7115
7115
7115
7116
7117
7117
7122
7124
7125
7126
7129
7129
7131
7135
7138
7138
7139
7139
7139
7139
7140
7141
7141
7141
7142
7143
7145
7147
7147
7148
7148
7149
7150
7150
7153
7154
7154
7155
7156
7157
7157
7157
7158
7159
7159
7159
7161
7162
7163
7164
7164
7165
7166
7167
7169
7170
7170
7170
7170
7173
7174
7177
7177
7177
7177
7178
7178
7181
7181
7182
7183
7185
7185
7185
7187
7189
7193
7194
7198
7198
7198
7201
7201
7201
7203
7204
7205
7206
7207
7207
7208
7208
7210
7211
7212
7212
7212
7213
7213
7213
7214
7214
7215
7217
7218
7218
7218
7218
7221
7221
7222
7223
7223
7223
7224
7225
7226
7228
7229
7229
7229
7230
7231
7231
7233
7236
7236
7236
7237
7238
7238
7239
7240
7240
7241
7241
7242
7242
7242
7243
7246
7246
7248
7248
7248
7249
7249
7249
7250
7250
7255
7256
7257
7258
7259
7262
7263
7263
7265
7265
7265
7266
7266
7267
7267
7268
7271
7271
7271
7273
7273
7274
7275
7275
7276
7279
7280
7283
7283
7286
7287
7287
7288
7288
7289
7291
7292
7293
7295
7295
7295
7295
7296
7297
7297
7298
7302
7303
7303
7306
7307
7308
7308
7308
7309
7311
7312
7313
7314
7316
7316
7317
7320
7321
7324
7325
7325
7326
7326
7327
7327
7328
7331
7331
7332
7332
7334
7335
7335
7337
7338
7338
7338
7341
7341
7343
7343
7344
7348
7350
7350
7350
7351
7352
7353
7354
7355
7360
7360
7360
7361
7361
7367
7368
7369
7370
7370
7371
7371
7371
7374
7374
7377
7377
7377
7381
7387
7388
7388
7389
7389
7391
7392
7393
7393
7394
7394
7394
7395
7395
7396
7397
7398
7399
7400
7402
7403
7404
7404
7407
7408
7412
7412
7413
7414
7415
7415
7416
7416
7418
7419
7420
7420
7422
7423
7424
7425
7425
7425
7426
7429
7429
7430
7430
7435
7436
7436
7436
7436
7437
7438
7439
7439
7444
7446
7446
7447
7452
7452
7454
7455
7455
7456
7457
7457
7457
7458
7459
7460
7461
7461
7462
7465
7466
7468
7468
7469
7470
7471
7471
7472
7472
7473
7473
7473
7474
7474
7474
7475
7480
7483
7483
7484
7485
7485
7487
7488
7489
7492
7493
7493
7494
7495
7496
7498
7499
7499
7500
7501
7501
7502
7503
7503
7508
7508
7508
7509
7510
7512
7512
7520
7521
7521
7521
7524
7527
7528
7528
7529
7532
7532
7534
7535
7536
7536
7539
7540
7541
7542
7542
7543
7545
7548
7549
7551
7552
7552
7552
7553
7555
7556
7556
7558
7558
7559
7559
7559
7562
7563
7567
7569
7570
7570
7571
7572
7573
7576
7576
7577
7577
7578
7579
7579
7579
7579
7579
7579
7580
7581
7581
7582
7586
7587
7590
7590
7591
7591
7596
7597
7597
7598
7598
7599
7599
7601
7604
7606
7606
7606
7609
7609
7610
7610
7611
7612
7612
7612
7612
7613
7613
7613
7613
7614
7614
7615
7616
7617
7617
7617
7618
7618
7619
7620
7623
7627
7627
7627
7628
7628
7630
7632
7634
7634
7635
7635
7635
7635
7637
7638
7639
7640
7640
7641
7642
7643
7646
7648
7649
7649
7650
7651
7652
7652
7652
7657
7658
7658
7659
7659
7659
7659
7660
7663
7665
7665
7668
7668
7668
7669
7671
7672
7672
7673
7673
7675
7677
7679
7679
7680
7681
7682
7683
7689
7689
7690
7690
7691
7691
7691
7693
7695
7697
7697
7699
7699
7700
7700
7701
7701
7705
7705
7706
7706
7706
7706
7708
7711
7711
7712
7712
7713
7714
7717
7720
7722
7722
7723
7723
7724
7729
7729
7732
7733
7734
7734
7734
7735
7736
7738
7740
7740
7740
7741
7741
7742
7742
7742
7743
7743
7746
7746
7747
7748
7750
7750
7750
7751
7753
7755
7756
7757
7759
7760
7761
7762
7762
7763
7763
7765
7767
7767
7767
7768
7768
7769
7769
7772
7772
7772
7775
7775
7775
7776
7778
7779
7779
7779
7781
7781
7782
7782
7783
7783
7785
7786
7787
7788
7789
7790
7791
7792
7792
7794
7794
7795
7796
7796
7796
7796
7798
7799
7800
7801
7801
7801
7803
7804
7804
7805
7805
7806
7807
7807
7810
7811
7811
7813
7813
7814
7815
7815
7816
7818
7819
7819
7820
7820
7822
7824
7827
7828
7829
7832
7833
7834
7834
7834
7834
7835
7836
7838
7839
7841
7843
7843
7843
7843
7843
7843
7844
7844
7844
7845
7845
7846
7848
7848
7851
7852
7852
7854
7854
7855
7857
7859
7859
7860
7860
7861
7862
7863
7865
7865
7866
7866
7866
7867
7867
7867
7867
7867
7868
7869
7870
7870
7870
7871
7871
7871
7871
7872
7873
7874
7875
7875
7875
7876
7879
7881
7882
7882
7883
7884
7885
7885
7886
7887
7888
7888
7888
7891
7891
7891
7891
7892
7893
7894
7894
7896
7897
7899
7901
7904
7907
7908
7908
7909
7909
7910
7910
7910
7911
7911
7912
7913
7913
7914
7914
7916
7916
7917
7917
7919
7919
7919
7919
7919
7919
7921
7923
7924
7925
7928
7928
7932
7935
7936
7936
7936
7936
7939
7939
7941
7941
7943
7943
7943
7944
7945
7946
7946
7947
7949
7949
7950
7950
7950
7952
7953
7954
7954
7956
7957
7958
7960
7961
7964
7964
7965
7967
7968
7969
7970
7971
7973
7974
7974
7974
7975
7980
7981
7982
7982
7983
7983
7985
7985
7985
7989
7991
7992
7993
7994
7996
7996
7996
7997
7998
7998
7999
8001
8003
8003
8004
8004
8005
8005
8007
8008
8009
8010
8011
8011
8014
8014
8014
8014
8015
8015
8015
8016
8017
8019
8020
8020
8020
8021
8023
8023
8024
8024
8024
8025
8025
8025
8025
8026
8026
8030
8030
8031
8031
8033
8034
8035
8035
8038
8039
8040
8040
8042
8042
8043
8043
8043
8043
8045
8045
8046
8047
8051
8052
8052
8052
8053
8054
8055
8055
8056
8058
8058
8059
8060
8061
8062
8063
8065
8065
8066
8066
8066
8067
8068
8068
8068
8069
8071
8073
8074
8076
8076
8077
8078
8081
8082
8084
8084
8086
8086
8089
8090
8090
8093
8096
8099
8099
8101
8102
8103
8104
8107
8109
8109
8110
8110
8112
8112
8115
8117
8118
8118
8118
8119
8119
8120
8120
8121
8122
8122
8123
8125
8126
8127
8128
8130
8131
8131
8133
8134
8135
8135
8136
8137
8137
8138
8144
8145
8145
8146
8146
8148
8149
8149
8153
8153
8157
8158
8161
8161
8162
8163
8163
8164
8168
8168
8169
8170
8170
8171
8171
8172
8172
8173
8177
8178
8181
8181
8182
8183
8184
8184
8187
8187
8188
8190
8192
8192
8193
8197
8197
8198
8198
8201
8201
8201
8202
8202
8203
8203
8203
8204
8204
8205
8206
8209
8210
8210
8212
8213
8215
8215
8216
8217
8219
8221
8222
8224
8225
8225
8227
8227
8228
8228
8228
8229
8229
8230
8230
8232
8234
8234
8234
8236
8239
8239
8240
8241
8243
8243
8243
8245
8245
8247
8249
8250
8251
8252
8253
8253
8253
8253
8255
8255
8255
8257
8258
8259
8261
8262
8264
8265
8266
8266
8266
8267
8267
8267
8268
8271
8276
8277
8278
8279
8279
8281
8283
8284
8287
8289
8290
8290
8290
8291
8294
8294
8295
8296
8297
8298
8298
8299
8299
8300
8300
8303
8303
8305
8305
8305
8306
8306
8307
8308
8308
8309
8311
8311
8311
8312
8312
8312
8312
8312
8314
8316
8317
8319
8321
8324
8324
8324
8324
8326
8327
8328
8329
8332
8332
8335
8336
8336
8336
8336
8338
8339
8339
8339
8340
8340
8341
8343
8344
8346
8348
8348
8348
8349
8349
8351
8351
8352
8353
8353
8353
8354
8357
8359
8359
8360
8361
8361
8363
8366
8366
8367
8368
8372
8374
8375
8375
8375
8376
8377
8377
8378
8379
8379
8380
8382
8382
8384
8384
8385
8386
8387
8387
8387
8387
8387
8387
8389
8389
8390
8390
8391
8393
8393
8395
8397
8397
8397
8398
8398
8400
8401
8401
8402
8402
8403
8403
8403
8404
8405
8406
8406
8406
8406
8409
8410
8410
8411
8411
8412
8413
8413
8413
8414
8415
8416
8417
8418
8421
8421
8422
8424
8425
8425
8425
8429
8429
8433
8434
8434
8436
8437
8439
8439
8440
8440
8441
8444
8444
8444
8445
8445
8446
8448
8450
8451
8451
8452
8454
8455
8456
8456
8457
8460
8461
8461
8462
8462
8462
8463
8464
8467
8468
8469
8469
8471
8471
8475
8476
8476
8476
8477
8477
8478
8479
8479
8482
8482
8484
8485
8486
8486
8486
8487
8488
8490
8492
8494
8494
8494
8494
8495
8495
8495
8498
8501
8504
8504
8505
8505
8505
8508
8508
8511
8511
8512
8513
8515
8515
8517
8518
8518
8521
8523
8523
8524
8526
8530
8530
8532
8537
8538
8538
8539
8540
8541
8541
8543
8544
8546
8547
8547
8547
8548
8549
8549
8550
8551
8551
8554
8554
8554
8556
8556
8556
8556
8558
8560
8560
8560
8560
8560
8563
8563
8564
8567
8567
8569
8570
8570
8570
8571
8572
8574
8576
8578
8579
8580
8580
8582
8587
8587
8587
8587
8587
8587
8591
8592
8593
8594
8594
8594
8594
8595
8595
8596
8596
8597
8598
8599
8600
8607
8608
8609
8609
8609
8610
8611
8612
8613
8613
8614
8614
8615
8616
8618
8618
8619
8620
8620
8622
8623
8624
8625
8626
8626
8628
8630
8630
8632
8633
8633
8634
8637
8639
8640
8647
8648
8648
8648
8649
8650
8650
8651
8651
8651
8652
8653
8654
8655
8655
8657
8657
8657
8659
8659
8659
8660
8661
8662
8664
8665
8665
8668
8671
8671
8672
8672
8673
8675
8676
8676
8676
8677
8678
8678
8679
8680
8680
8680
8684
8686
8687
8689
8689
8690
8692
8694
8694
8695
8695
8695
8695
8695
8695
8695
8701
8701
8702
8703
8704
8706
8706
8706
8707
8708
8709
8710
8711
8712
8712
8713
8714
8717
8717
8718
8719
8719
8723
8723
8724
8726
8726
8727
8727
8727
8728
8728
8729
8729
8730
8732
8732
8732
8734
8735
8736
8737
8737
8739
8740
8741
8741
8742
8742
8744
8744
8745
8746
8746
8747
8748
8749
8749
8750
8751
8752
8752
8755
8757
8757
8758
8759
8760
8761
8762
8762
8763
8765
8767
8767
8769
8769
8769
8771
8775
8776
8777
8779
8780
8781
8783
8783
8786
8787
8788
8788
8788
8790
8790
8790
8792
8793
8793
8794
8794
8795
8796
8796
8797
8797
8798
8801
8805
8807
8808
8810
8812
8814
8815
8815
8815
8816
8817
8817
8817
8818
8818
8818
8819
8820
8825
8827
8827
8829
8830
8831
8831
8832
8833
8833
8835
8836
8836
8836
8837
8837
8839
8840
8844
8844
8844
8846
8847
8848
8849
8849
8849
8850
8852
8853
8854
8855
8857
8857
8858
8858
8859
8862
8864
8864
8865
8866
8868
8869
8870
8870
8871
8871
8871
8872
8873
8873
8874
8875
8877
8877
8877
8878
8879
8880
8880
8882
8883
8884
8884
8885
8885
8886
8886
8886
8887
8888
8889
8890
8890
8892
8895
8896
8896
8896
8897
8899
8900
8901
8901
8903
8906
8907
8909
8911
8915
8916
8916
8919
8920
8922
8922
8922
8924
8925
8926
8927
8928
8929
8929
8933
8934
8934
8935
8935
8936
8936
8937
8938
8939
8940
8941
8941
8941
8943
8945
8947
8948
8948
8949
8949
8949
8951
8951
8952
8953
8954
8956
8957
8957
8957
8961
8963
8965
8966
8966
8967
8968
8968
8971
8975
8976
8977
8978
8982
8983
8984
8985
8986
8987
8987
8991
8995
8995
8995
8995
8995
8996
8999
9001
9004
9005
9006
9006
9008
9010
9012
9013
9013
9015
9015
9015
9016
9016
9018
9018
9018
9018
9019
9020
9021
9025
9028
9028
9029
9030
9030
9030
9030
9031
9032
9032
9033
9034
9040
9041
9041
9042
9044
9045
9045
9045
9047
9048
9049
9051
9051
9052
9054
9054
9055
9055
9057
9057
9057
9057
9058
9059
9059
9062
9062
9062
9063
9063
9064
9066
9066
9067
9068
9068
9068
9068
9068
9069
9069
9069
9069
9071
9071
9071
9072
9072
9073
9074
9077
9077
9077
9077
9082
9083
9084
9085
9086
9086
9086
9087
9087
9088
9088
9090
9090
9091
9092
9093
9094
9094
9096
9096
9097
9098
9099
9102
9102
9102
9105
9106
9106
9107
9108
9108
9108
9109
9109
9111
9111
9112
9112
9114
9115
9116
9116
9116
9118
9118
9118
9123
9124
9125
9128
9129
9130
9131
9133
9136
9136
9137
9138
9138
9138
9140
9140
9140
9141
9142
9143
9144
9144
9145
9147
9147
9147
9147
9151
9154
9156
9156
9160
9162
9165
9166
9167
9168
9171
9171
9172
9172
9173
9173
9174
9175
9175
9176
9177
9182
9182
9184
9184
9184
9184
9186
9187
9188
9190
9190
9192
9195
9195
9196
9197
9199
9202
9203
9203
9204
9205
9205
9206
9206
9207
9208
9209
9209
9210
9210
9213
9213
9213
9213
9214
9215
9215
9216
9216
9216
9218
9219
9220
9223
9224
9224
9224
9225
9225
9229
9229
9232
9233
9234
9234
9235
9237
9237
9238
9239
9239
9240
9241
9243
9244
9246
9246
9247
9250
9250
9253
9253
9255
9255
9255
9256
9257
9258
9258
9260
9261
9262
9262
9263
9265
9265
9266
9266
9267
9267
9268
9268
9269
9269
9270
9271
9272
9272
9273
9276
9278
9279
9279
9280
9280
9281
9281
9282
9282
9285
9285
9285
9286
9288
9288
9289
9290
9290
9293
9293
9293
9293
9295
9296
9297
9298
9298
9298
9300
9300
9304
9304
9305
9306
9309
9310
9310
9310
9311
9311
9311
9312
9312
9312
9314
9315
9315
9317
9317
9319
9322
9322
9322
9323
9323
9324
9324
9326
9326
9329
9329
9329
9331
9332
9333
9334
9335
9336
9337
9337
9338
9340
9341
9342
9343
9343
9343
9344
9344
9345
9346
9346
9347
9347
9353
9354
9355
9356
9358
9359
9359
9362
9363
9363
9364
9364
9365
9369
9370
9370
9371
9373
9375
9375
9376
9376
9376
9379
9379
9379
9380
9380
9381
9382
9384
9386
9388
9389
9389
9390
9390
9391
9391
9391
9391
9394
9394
9394
9395
9396
9396
9397
9397
9398
9399
9400
9401
9401
9402
9405
9405
9405
9407
9408
9410
9411
9413
9413
9415
9415
9418
9419
9422
9423
9424
9426
9427
9427
9430
9430
9431
9431
9432
9432
9433
9434
9435
9436
9437
9437
9439
9439
9440
9440
9441
9441
9441
9442
9442
9442
9442
9444
9445
9445
9446
9449
9450
9450
9450
9451
9454
9454
9455
9455
9456
9456
9456
9456
9457
9458
9461
9462
9462
9462
9463
9463
9463
9464
9464
9464
9465
9465
9469
9471
9473
9475
9475
9475
9476
9477
9478
9479
9479
9481
9481
9481
9484
9484
9484
9485
9485
9487
9487
9488
9488
9489
9489
9490
9491
9491
9493
9495
9496
9497
9498
9498
9499
9500
9501
9501
9502
9503
9504
9504
9505
9507
9507
9508
9513
9513
9513
9516
9517
9517
9518
9527
9528
9528
9528
9528
9530
9531
9531
9532
9532
9533
9533
9534
9535
9535
9537
9538
9539
9541
9541
9542
9543
9544
9545
9547
9547
9548
9550
9550
9551
9552
9554
9555
9555
9556
9558
9558
9558
9559
9560
9562
9563
9564
9565
9567
9567
9569
9569
9569
9569
9570
9570
9571
9571
9572
9573
9574
9574
9576
9577
9578
9579
9580
9584
9585
9587
9587
9588
9592
9593
9593
9594
9596
9596
9597
9598
9600
9600
9602
9603
9603
9604
9607
9609
9609
9610
9610
9611
9611
9612
9612
9616
9616
9616
9618
9619
9624
9625
9626
9626
9628
9628
9629
9629
9629
9630
9630
9631
9631
9632
9632
9633
9634
9634
9635
9636
9636
9636
9636
9637
9639
9639
9640
9642
9646
9647
9648
9648
9653
9654
9654
9655
9655
9655
9656
9658
9661
9663
9665
9665
9665
9666
9667
9668
9668
9669
9669
9669
9671
9672
9672
9673
9674
9674
9675
9675
9677
9678
9679
9679
9679
9681
9682
9682
9682
9682
9682
9683
9684
9685
9685
9688
9688
9689
9690
9691
9691
9691
9693
9694
9695
9696
9696
9697
9697
9698
9699
9701
9702
9702
9703
9704
9706
9706
9708
9710
9710
9711
9711
9712
9713
9713
9717
9718
9719
9720
9720
9721
9721
9723
9724
9725
9725
9727
9728
9729
9730
9732
9734
9734
9734
9736
9737
9737
9737
9738
9739
9740
9741
9741
9741
9744
9746
9746
9748
9749
9750
9751
9753
9754
9754
9756
9756
9758
9759
9762
9766
9766
9767
9768
9768
9769
9770
9773
9774
9774
9774
9777
9777
9781
9783
9783
9783
9784
9785
9786
9786
9788
9790
9791
9791
9792
9792
9793
9794
9794
9794
9795
9796
9796
9797
9797
9798
9799
9799
9800
9800
9801
9801
9803
9803
9804
9805
9806
9806
9807
9809
9809
9811
9812
9812
9812
9812
9813
9813
9815
9815
9816
9819
9820
9821
9822
9822
9825
9827
9827
9829
9829
9829
9829
9829
9830
9830
9830
9832
9833
9834
9834
9834
9836
9837
9837
9842
9842
9842
9842
9843
9843
9844
9844
9845
9845
9846
9846
9846
9847
9848
9850
9851
9851
9851
9852
9852
9854
9857
9859
9860
9860
9862
9864
9869
9873
9873
9873
9874
9875
9876
9877
9877
9878
9883
9884
9885
9888
9889
9891
9892
9893
9895
9895
9895
9896
9897
9899
9903
9907
9907
9908
9909
9911
9912
9914
9914
9914
9916
9917
9917
9920
9921
9921
9922
9923
9923
9924
9925
9925
9926
9927
9928
9929
9931
9932
9932
9933
9933
9934
9937
9938
9939
9942
9944
9945
9945
9946
9946
9947
9949
9950
9951
9952
9952
9956
9956
9957
9957
9957
9959
9959
9961
9961
9964
9964
9965
9966
9966
9967
9968
9968
9970
9971
9971
9972
9972
9973
9973
9974
9975
9975
9975
9975
9975
9976
9977
9978
9978
9980
9981
9981
9982
9982
9982
9983
9983
9984
9984
9984
9985
9985
9985
9986
9986
9987
9988
9988
9989
9990
9991
9991
9991
9993
9994
9994
9995
9996
9996
9997
9997
9998
9999
9999
9999
9999
