0
1
2
3
6
7
8
8
10
11
13
13
15
15
16
17
18
18
20
22
22
23
24
25
26
28
28
30
30
32
35
35
38
39
39
40
41
42
43
43
44
44
45
45
45
45
48
48
48
48
49
49
51
52
53
53
54
56
56
57
58
58
59
59
61
63
63
64
66
66
66
68
69
69
69
70
70
71
71
76
77
79
80
81
82
82
82
85
86
87
87
89
89
90
91
92
92
93
93
94
94
98
99
99
100
101
101
104
106
108
113
116
116
118
118
119
119
119
120
120
121
121
122
122
122
123
124
124
125
127
128
129
130
131
132
133
134
134
134
136
136
137
139
141
141
141
142
143
143
144
146
147
148
148
149
150
150
152
153
153
154
155
156
157
157
157
160
162
162
163
166
166
166
167
168
169
169
170
170
170
170
172
172
172
174
175
175
176
176
176
177
179
179
182
182
182
186
187
187
188
189
192
193
193
193
194
194
195
196
198
200
200
201
202
203
206
207
208
209
209
210
210
211
214
214
215
215
216
216
218
220
220
220
221
221
221
223
223
224
225
226
226
226
229
230
231
231
233
234
234
235
236
236
237
238
239
239
241
241
242
243
244
244
245
246
247
250
251
253
254
255
256
259
259
260
260
262
263
263
263
263
264
268
268
269
269
269
270
271
271
272
273
277
277
279
281
283
284
284
285
289
289
289
290
290
291
293
293
294
294
295
295
295
296
296
296
297
298
298
299
299
303
303
304
304
305
305
306
306
307
307
308
309
310
313
313
313
314
315
315
316
317
321
322
322
324
326
326
328
329
330
331
331
331
332
333
334
336
337
339
341
341
341
342
343
343
344
344
346
346
346
350
350
352
352
354
355
356
357
357
358
358
358
360
360
362
363
365
367
368
368
368
369
371
371
373
373
373
374
377
377
377
378
379
379
379
381
382
383
383
384
385
386
388
389
389
391
391
393
396
398
403
405
406
409
410
411
414
415
416
416
416
417
417
417
418
418
418
420
420
421
421
422
424
425
426
427
427
428
429
431
431
432
433
433
433
434
435
435
436
437
438
440
441
442
443
444
447
448
448
449
450
451
451
452
452
453
455
456
457
457
458
460
460
460
462
464
464
466
467
468
468
469
469
470
475
475
478
479
480
480
481
482
484
484
484
485
486
486
487
487
489
492
493
493
494
496
498
499
502
502
502
502
504
504
505
506
507
510
511
513
515
515
517
518
520
520
521
521
521
522
522
522
524
524
524
525
526
526
528
529
530
531
532
533
533
533
534
535
536
536
536
536
541
541
545
545
546
546
548
550
551
551
552
552
553
554
554
556
558
559
559
560
560
561
564
564
565
566
568
569
570
570
571
572
572
573
574
574
574
575
577
577
578
580
580
581
581
582
584
585
585
587
590
592
593
593
596
596
596
598
598
598
600
602
603
604
606
610
610
611
612
612
612
612
613
614
619
619
621
622
624
625
626
628
628
628
629
629
631
632
633
633
638
639
640
642
642
643
644
644
645
648
650
651
653
653
656
656
656
657
657
659
659
660
661
661
661
662
663
663
664
665
666
669
669
673
673
673
674
680
680
680
682
683
683
688
688
689
690
692
693
693
693
693
694
694
696
696
698
699
699
702
702
703
704
706
706
706
706
709
709
709
710
712
713
713
713
714
714
716
720
720
721
721
723
723
725
725
729
731
731
732
732
733
733
738
738
741
743
743
747
748
749
749
750
751
752
754
758
758
758
759
759
761
764
765
766
767
768
769
769
769
770
770
771
771
772
772
772
774
776
777
777
777
777
778
778
779
779
780
780
784
784
785
786
786
787
788
788
788
790
792
792
794
795
795
796
800
800
801
802
802
802
803
803
804
804
805
805
807
807
808
808
810
810
813
817
819
819
820
820
821
824
825
825
825
826
826
828
831
831
834
835
835
837
840
843
843
844
844
845
846
846
846
846
848
849
850
850
850
851
851
852
853
854
855
855
860
864
864
865
865
866
866
868
868
872
873
873
874
874
877
878
878
878
879
880
881
881
881
881
882
883
883
884
885
886
886
887
887
888
889
891
892
892
892
893
893
895
896
898
898
898
900
900
900
905
905
908
909
910
911
911
911
913
914
915
916
916
917
917
918
918
919
919
920
920
922
922
923
923
924
924
924
926
927
928
928
928
929
929
931
931
932
933
936
939
940
941
943
944
944
945
946
947
948
948
948
949
950
950
950
952
952
954
955
955
957
961
963
964
964
965
965
966
966
967
969
972
972
974
974
975
975
977
977
977
978
979
979
982
983
983
986
987
987
987
987
989
989
989
991
992
992
992
993
994
994
994
1001
1002
1005
1005
1008
1008
1009
1010
1010
1011
1011
1012
1014
1015
1015
1015
1016
1017
1017
1017
1018
1018
1018
1019
1020
1020
1020
1021
1021
1021
1022
1023
1023
1024
1025
1027
1028
1029
1029
1030
1031
1031
1033
1033
1033
1033
1033
1036
1038
1038
1039
1039
1040
1042
1042
1043
1045
1045
1046
1055
1055
1056
1056
1057
1059
1059
1059
1060
1060
1062
1062
1063
1064
1064
1067
1069
1069
1070
1071
1072
1074
1075
1075
1076
1077
1078
1083
1085
1086
1086
1086
1088
1088
1090
1090
1092
1092
1093
1093
1099
1100
1100
1100
1102
1102
1102
1102
1103
1104
1105
1105
1106
1107
1109
1110
1111
1111
1114
1115
1116
1116
1117
1118
1118
1120
1120
1122
1122
1122
1123
1126
1128
1128
1129
1129
1129
1131
1134
1134
1135
1136
1137
1137
1137
1137
1138
1138
1138
1138
1139
1140
1140
1142
1143
1143
1146
1147
1149
1151
1151
1151
1151
1152
1152
1152
1154
1154
1155
1156
1156
1157
1159
1162
1164
1165
1166
1167
1167
1167
1168
1169
1169
1170
1171
1172
1173
1173
1174
1174
1175
1176
1177
1177
1177
1178
1178
1178
1180
1181
1181
1184
1187
1187
1188
1189
1192
1193
1195
1196
1196
1198
1198
1200
1200
1200
1200
1202
1202
1203
1203
1203
1205
1206
1208
1208
1209
1210
1211
1214
1214
1217
1217
1217
1217
1219
1220
1220
1221
1222
1222
1223
1224
1224
1225
1226
1226
1227
1229
1230
1234
1234
1235
1237
1238
1239
1242
1242
1243
1244
1245
1246
1249
1251
1251
1251
1252
1252
1253
1253
1255
1255
1256
1256
1258
1258
1259
1260
1261
1262
1262
1263
1263
1264
1268
1275
1276
1277
1278
1278
1279
1284
1285
1285
1286
1287
1288
1292
1293
1294
1295
1296
1296
1296
1298
1298
1299
1301
1302
1302
1303
1305
1306
1306
1310
1310
1311
1312
1314
1317
1317
1319
1319
1319
1319
1319
1320
1320
1320
1321
1321
1321
1322
1322
1323
1324
1324
1325
1327
1327
1329
1329
1329
1330
1331
1335
1335
1338
1340
1340
1340
1342
1346
1347
1348
1349
1349
1350
1351
1351
1352
1354
1355
1357
1357
1358
1358
1359
1360
1361
1361
1361
1363
1365
1366
1366
1368
1368
1370
1371
1371
1373
1373
1374
1375
1376
1376
1376
1377
1379
1383
1384
1384
1384
1386
1387
1388
1391
1392
1393
1395
1396
1396
1397
1400
1400
1400
1400
1400
1400
1401
1401
1403
1403
1404
1408
1408
1409
1409
1411
1411
1412
1412
1413
1413
1413
1414
1414
1417
1418
1421
1422
1423
1424
1424
1427
1427
1428
1428
1430
1430
1432
1432
1433
1435
1435
1436
1436
1437
1440
1441
1441
1442
1442
1442
1443
1445
1449
1449
1449
1449
1451
1453
1454
1456
1458
1458
1461
1461
1462
1462
1463
1463
1464
1465
1469
1469
1474
1475
1480
1480
1481
1481
1481
1481
1482
1482
1483
1484
1484
1484
1487
1488
1489
1489
1490
1491
1492
1495
1496
1496
1499
1499
1502
1505
1506
1508
1511
1511
1512
1512
1513
1514
1514
1516
1517
1521
1522
1522
1523
1523
1524
1524
1526
1528
1528
1529
1535
1537
1537
1539
1539
1539
1540
1540
1543
1544
1545
1547
1548
1549
1551
1551
1552
1552
1553
1553
1554
1556
1557
1559
1562
1562
1564
1565
1566
1566
1568
1568
1571
1571
1572
1573
1573
1574
1576
1576
1577
1578
1578
1578
1578
1580
1581
1581
1582
1584
1584
1586
1587
1587
1587
1587
1588
1589
1590
1591
1591
1592
1593
1596
1597
1599
1599
1600
1602
1602
1605
1609
1609
1610
1611
1612
1613
1613
1613
1613
1614
1615
1615
1619
1622
1623
1624
1624
1625
1626
1628
1628
1629
1631
1631
1632
1632
1633
1634
1639
1639
1641
1642
1643
1646
1647
1647
1647
1647
1648
1648
1649
1650
1652
1654
1656
1657
1659
1659
1660
1660
1660
1661
1661
1663
1664
1665
1666
1667
1668
1669
1669
1670
1670
1671
1671
1672
1672
1675
1676
1677
1678
1679
1680
1680
1680
1683
1684
1684
1686
1686
1687
1690
1691
1691
1692
1693
1696
1701
1702
1702
1704
1705
1706
1706
1708
1708
1708
1708
1710
1710
1710
1711
1711
1711
1712
1713
1714
1715
1715
1715
1719
1719
1720
1725
1727
1730
1730
1730
1730
1731
1731
1733
1733
1734
1735
1736
1736
1740
1741
1743
1744
1744
1746
1748
1749
1751
1754
1754
1754
1758
1760
1761
1761
1762
1764
1766
1766
1766
1766
1768
1769
1769
1770
1771
1771
1771
1772
1772
1772
1772
1773
1773
1774
1774
1774
1775
1777
1777
1780
1780
1780
1781
1784
1785
1786
1786
1788
1789
1789
1789
1793
1795
1796
1798
1800
1803
1804
1807
1807
1808
1809
1810
1812
1812
1812
1814
1815
1815
1818
1820
1820
1822
1822
1823
1825
1827
1827
1830
1830
1830
1832
1836
1836
1838
1841
1842
1844
1844
1844
1844
1845
1845
1846
1847
1848
1849
1853
1853
1857
1857
1859
1859
1860
1860
1861
1863
1865
1865
1866
1866
1866
1867
1867
1867
1868
1868
1870
1870
1872
1872
1872
1873
1873
1874
1879
1879
1884
1884
1885
1886
1886
1887
1888
1890
1891
1892
1893
1893
1895
1896
1898
1900
1901
1901
1903
1909
1910
1911
1913
1913
1915
1915
1915
1916
1917
1917
1917
1918
1918
1919
1924
1924
1930
1931
1931
1933
1935
1938
1939
1939
1940
1942
1942
1944
1945
1946
1948
1949
1949
1953
1954
1955
1955
1957
1958
1960
1960
1962
1963
1964
1964
1965
1965
1966
1966
1966
1967
1967
1967
1968
1970
1970
1972
1972
1974
1975
1977
1977
1978
1979
1979
1979
1979
1981
1982
1983
1984
1985
1986
1986
1986
1990
1990
1990
1991
1991
1991
1992
1992
1993
1993
1993
1995
1997
1997
1999
2000
2001
2001
2002
2003
2006
2006
2009
2009
2009
2011
2011
2012
2013
2013
2014
2015
2016
2017
2022
2023
2023
2024
2024
2026
2029
2031
2031
2033
2034
2036
2036
2036
2036
2038
2039
2039
2039
2041
2043
2044
2046
2048
2050
2052
2054
2054
2056
2056
2057
2059
2059
2059
2059
2060
2061
2061
2063
2063
2064
2065
2065
2066
2068
2068
2069
2070
2072
2072
2073
2075
2075
2076
2077
2080
2081
2081
2083
2084
2085
2086
2087
2088
2088
2089
2089
2091
2092
2092
2092
2094
2094
2098
2099
2100
2100
2100
2101
2101
2105
2105
2106
2108
2108
2109
2113
2114
2114
2114
2116
2116
2116
2117
2118
2118
2119
2119
2119
2120
2121
2122
2124
2126
2127
2128
2128
2130
2130
2132
2132
2134
2136
2138
2138
2139
2141
2141
2142
2143
2144
2144
2144
2145
2145
2146
2147
2149
2150
2151
2152
2152
2154
2154
2154
2155
2155
2157
2158
2158
2158
2161
2161
2162
2163
2164
2164
2170
2170
2170
2170
2175
2176
2178
2179
2180
2180
2182
2182
2184
2186
2186
2188
2190
2191
2193
2196
2197
2197
2200
2202
2203
2203
2205
2205
2206
2206
2208
2208
2208
2208
2211
2213
2213
2214
2216
2217
2219
2220
2220
2222
2222
2223
2223
2223
2224
2225
2226
2226
2226
2226
2227
2229
2231
2232
2233
2233
2234
2236
2238
2239
2240
2241
2242
2243
2244
2245
2245
2247
2247
2248
2249
2251
2251
2251
2252
2252
2253
2253
2254
2255
2256
2257
2258
2258
2260
2261
2261
2263
2264
2266
2267
2270
2270
2271
2272
2273
2274
2275
2275
2278
2279
2281
2282
2285
2288
2289
2291
2291
2291
2292
2292
2293
2294
2295
2295
2296
2298
2299
2302
2304
2307
2307
2309
2310
2311
2312
2312
2312
2313
2315
2316
2317
2317
2318
2320
2320
2321
2321
2321
2323
2323
2324
2324
2326
2328
2328
2329
2331
2332
2333
2333
2334
2335
2335
2335
2336
2337
2339
2340
2340
2340
2342
2343
2344
2344
2346
2346
2347
2350
2352
2353
2354
2356
2356
2358
2358
2358
2359
2359
2363
2366
2366
2369
2370
2370
2371
2372
2372
2372
2373
2373
2373
2376
2377
2377
2378
2384
2386
2387
2388
2390
2391
2394
2394
2394
2395
2396
2396
2398
2399
2399
2400
2401
2401
2401
2403
2403
2404
2405
2407
2407
2407
2407
2408
2408
2408
2408
2409
2412
2414
2416
2417
2417
2418
2421
2421
2421
2421
2423
2423
2424
2424
2424
2425
2425
2428
2430
2430
2433
2434
2435
2435
2437
2439
2440
2442
2442
2443
2443
2443
2445
2447
2448
2449
2449
2449
2450
2450
2452
2452
2453
2457
2459
2459
2460
2461
2462
2462
2464
2465
2465
2466
2466
2466
2467
2468
2471
2471
2471
2472
2472
2473
2473
2474
2474
2476
2477
2477
2479
2484
2485
2487
2487
2488
2489
2493
2493
2495
2495
2495
2496
2499
2500
2501
2502
2508
2508
2509
2509
2509
2509
2509
2510
2510
2511
2511
2511
2514
2514
2515
2519
2520
2520
2521
2522
2522
2522
2524
2524
2524
2527
2528
2529
2530
2530
2531
2531
2536
2538
2538
2541
2544
2545
2545
2545
2550
2556
2556
2557
2557
2558
2559
2563
2565
2565
2566
2569
2571
2571
2573
2574
2574
2575
2578
2579
2580
2580
2581
2584
2585
2589
2589
2593
2596
2596
2597
2598
2598
2599
2600
2602
2603
2604
2606
2606
2607
2607
2608
2610
2611
2612
2613
2614
2616
2616
2617
2618
2621
2623
2623
2624
2626
2626
2626
2626
2627
2628
2629
2633
2633
2634
2637
2637
2638
2638
2639
2639
2640
2641
2641
2641
2643
2644
2644
2646
2647
2648
2648
2652
2652
2653
2653
2654
2655
2655
2655
2655
2656
2658
2659
2659
2660
2661
2662
2662
2662
2663
2664
2664
2666
2667
2667
2668
2669
2671
2672
2673
2674
2674
2674
2674
2676
2677
2678
2678
2679
2679
2680
2683
2684
2686
2687
2687
2687
2688
2691
2694
2695
2698
2700
2703
2703
2706
2707
2707
2709
2710
2711
2712
2712
2713
2715
2717
2718
2719
2723
2726
2727
2728
2728
2728
2730
2732
2732
2733
2733
2734
2735
2736
2738
2738
2739
2740
2741
2741
2741
2742
2743
2744
2744
2747
2748
2749
2749
2750
2750
2752
2752
2753
2755
2756
2757
2759
2759
2762
2763
2763
2764
2765
2765
2765
2765
2766
2766
2766
2768
2768
2770
2773
2773
2773
2774
2774
2776
2777
2779
2779
2779
2781
2784
2784
2784
2785
2785
2786
2787
2788
2791
2791
2791
2792
2792
2793
2793
2793
2795
2796
2797
2797
2798
2799
2799
2799
2799
2800
2802
2803
2803
2804
2805
2805
2807
2808
2808
2808
2808
2811
2811
2812
2813
2815
2817
2819
2819
2820
2820
2821
2821
2823
2823
2825
2826
2827
2828
2828
2829
2830
2832
2832
2832
2833
2833
2834
2834
2834
2836
2837
2837
2839
2840
2840
2841
2843
2843
2844
2845
2845
2846
2846
2847
2847
2848
2849
2849
2849
2851
2852
2852
2852
2853
2855
2856
2856
2857
2857
2857
2860
2863
2863
2864
2866
2867
2868
2868
2869
2869
2869
2870
2871
2872
2874
2875
2876
2877
2877
2877
2878
2879
2881
2881
2885
2888
2888
2889
2889
2890
2892
2894
2894
2895
2895
2896
2896
2897
2897
2898
2898
2900
2900
2901
2901
2901
2902
2902
2902
2903
2903
2905
2905
2906
2906
2906
2906
2907
2909
2911
2911
2911
2912
2912
2912
2913
2913
2917
2920
2920
2920
2921
2922
2924
2925
2927
2929
2929
2929
2930
2931
2932
2933
2935
2935
2935
2936
2936
2937
2938
2938
2938
2939
2943
2944
2946
2947
2952
2952
2952
2953
2956
2959
2960
2962
2963
2965
2965
2967
2968
2970
2972
2972
2973
2973
2974
2977
2978
2980
2982
2983
2984
2985
2989
2989
2990
2990
2991
2992
2994
2996
2998
2999
3001
3003
3006
3006
3008
3009
3011
3012
3012
3013
3017
3017
3019
3020
3020
3020
3021
3023
3023
3024
3024
3024
3024
3024
3025
3027
3028
3030
3030
3030
3033
3033
3034
3034
3034
3035
3035
3036
3036
3037
3037
3038
3038
3039
3039
3040
3043
3043
3047
3048
3048
3049
3051
3051
3052
3052
3053
3055
3056
3057
3058
3059
3059
3060
3062
3063
3063
3065
3066
3066
3069
3069
3071
3071
3071
3072
3072
3073
3074
3075
3077
3077
3077
3079
3080
3081
3083
3083
3084
3086
3087
3088
3088
3089
3089
3090
3090
3094
3096
3097
3098
3100
3101
3103
3104
3104
3106
3107
3108
3110
3111
3112
3112
3112
3115
3116
3117
3117
3117
3119
3120
3120
3121
3122
3122
3123
3123
3123
3124
3125
3125
3126
3126
3128
3132
3132
3133
3134
3135
3139
3139
3141
3145
3146
3146
3146
3149
3149
3150
3150
3151
3151
3152
3152
3153
3154
3154
3155
3157
3158
3160
3161
3161
3162
3166
3167
3167
3168
3169
3171
3171
3173
3175
3175
3176
3177
3178
3179
3180
3182
3183
3183
3184
3184
3187
3187
3189
3192
3192
3193
3193
3193
3194
3195
3197
3197
3197
3198
3198
3198
3199
3202
3203
3204
3205
3206
3206
3208
3208
3209
3210
3211
3211
3211
3212
3215
3215
3217
3217
3220
3220
3221
3222
3223
3224
3224
3224
3227
3228
3229
3230
3230
3230
3232
3234
3235
3235
3235
3235
3236
3237
3237
3240
3243
3243
3243
3244
3244
3244
3245
3246
3246
3248
3251
3251
3251
3252
3253
3255
3255
3256
3257
3257
3258
3258
3259
3259
3261
3261
3263
3263
3263
3263
3264
3264
3266
3267
3267
3268
3268
3269
3269
3269
3269
3270
3271
3272
3272
3273
3273
3274
3275
3276
3276
3278
3279
3281
3284
3284
3286
3287
3287
3287
3288
3290
3292
3292
3293
3293
3293
3294
3296
3296
3298
3300
3301
3302
3302
3303
3304
3304
3305
3305
3306
3307
3307
3308
3310
3311
3314
3314
3315
3316
3317
3319
3319
3320
3320
3321
3323
3323
3323
3323
3323
3323
3324
3325
3326
3328
3330
3330
3332
3332
3333
3333
3335
3336
3338
3338
3338
3338
3340
3340
3341
3341
3341
3343
3343
3344
3345
3346
3346
3347
3348
3350
3350
3351
3351
3352
3352
3354
3355
3356
3357
3358
3359
3359
3361
3362
3363
3365
3366
3369
3369
3370
3370
3370
3371
3372
3372
3373
3373
3373
3374
3375
3376
3377
3377
3377
3378
3378
3379
3380
3381
3381
3381
3383
3384
3386
3387
3391
3392
3392
3393
3394
3395
3396
3397
3397
3398
3400
3402
3402
3403
3403
3404
3406
3406
3407
3409
3409
3410
3410
3410
3413
3413
3416
3417
3417
3419
3420
3421
3422
3423
3423
3423
3424
3426
3431
3431
3432
3432
3433
3433
3434
3434
3435
3435
3436
3438
3440
3443
3446
3447
3447
3448
3448
3451
3456
3457
3457
3458
3458
3460
3460
3462
3462
3463
3466
3468
3470
3471
3473
3477
3477
3478
3479
3479
3482
3483
3483
3484
3484
3484
3485
3485
3490
3493
3497
3498
3501
3503
3503
3506
3506
3507
3507
3508
3508
3509
3510
3511
3512
3513
3515
3516
3516
3518
3521
3522
3523
3523
3524
3525
3526
3531
3531
3535
3535
3535
3536
3536
3537
3537
3538
3539
3539
3539
3540
3541
3541
3542
3543
3544
3545
3546
3546
3546
3547
3547
3547
3551
3551
3555
3556
3557
3560
3562
3564
3565
3566
3569
3571
3573
3575
3576
3577
3583
3583
3585
3586
3587
3588
3590
3590
3592
3593
3593
3594
3594
3597
3597
3597
3599
3599
3599
3600
3602
3603
3604
3604
3605
3607
3607
3607
3608
3608
3608
3609
3611
3611
3612
3612
3614
3615
3615
3617
3618
3620
3621
3621
3622
3622
3624
3626
3627
3628
3630
3630
3632
3632
3632
3633
3633
3633
3635
3636
3637
3637
3638
3639
3639
3640
3641
3641
3642
3644
3645
3647
3650
3651
3652
3653
3654
3655
3655
3655
3657
3661
3663
3663
3664
3665
3666
3666
3667
3668
3668
3668
3669
3674
3674
3675
3676
3676
3677
3677
3677
3681
3681
3683
3683
3684
3685
3686
3686
3686
3687
3687
3688
3688
3689
3691
3691
3692
3693
3695
3695
3696
3697
3697
3697
3697
3699
3700
3701
3702
3702
3702
3704
3706
3706
3707
3712
3716
3716
3717
3717
3718
3719
3720
3720
3721
3721
3723
3723
3724
3725
3725
3725
3726
3727
3727
3728
3728
3728
3729
3729
3729
3730
3731
3732
3733
3733
3734
3736
3737
3737
3737
3742
3742
3742
3744
3744
3746
3746
3748
3748
3749
3750
3751
3752
3752
3752
3753
3754
3755
3756
3757
3758
3758
3759
3761
3762
3762
3762
3765
3765
3770
3774
3775
3776
3777
3778
3779
3779
3780
3782
3782
3783
3784
3785
3787
3788
3789
3790
3790
3791
3792
3792
3792
3792
3793
3793
3794
3794
3794
3795
3795
3796
3797
3799
3802
3802
3804
3805
3805
3806
3807
3807
3810
3810
3811
3811
3811
3811
3812
3812
3813
3813
3815
3818
3819
3820
3822
3823
3823
3826
3830
3831
3831
3832
3835
3837
3838
3840
3840
3841
3842
3843
3843
3845
3847
3849
3849
3850
3851
3851
3852
3853
3855
3855
3856
3857
3857
3858
3858
3858
3858
3859
3859
3859
3860
3861
3862
3866
3867
3867
3867
3867
3871
3872
3873
3874
3874
3876
3876
3877
3877
3878
3879
3880
3880
3881
3881
3885
3886
3887
3888
3888
3890
3891
3891
3892
3892
3893
3896
3896
3896
3896
3897
3897
3898
3898
3898
3903
3903
3904
3904
3905
3907
3908
3909
3910
3912
3913
3914
3916
3916
3918
3919
3920
3923
3923
3923
3924
3924
3925
3925
3927
3929
3929
3934
3934
3938
3940
3940
3940
3940
3941
3943
3945
3945
3946
3946
3946
3947
3947
3947
3948
3948
3948
3952
3953
3954
3954
3954
3954
3954
3955
3956
3957
3958
3958
3959
3961
3962
3962
3964
3965
3965
3965
3966
3971
3975
3975
3976
3978
3978
3978
3978
3979
3979
3979
3981
3981
3982
3983
3984
3984
3985
3987
3987
3987
3989
3989
3990
3995
3995
3998
3998
3999
4000
4000
4000
4000
4001
4001
4001
4006
4006
4006
4006
4007
4007
4008
4008
4010
4013
4014
4015
4016
4016
4017
4018
4019
4019
4019
4019
4019
4020
4020
4021
4021
4021
4021
4023
4025
4026
4026
4029
4030
4030
4030
4031
4033
4034
4038
4038
4039
4040
4041
4042
4043
4046
4047
4047
4047
4048
4050
4050
4050
4051
4051
4052
4052
4052
4053
4053
4053
4054
4055
4055
4055
4058
4061
4063
4063
4063
4064
4069
4069
4069
4070
4071
4073
4073
4074
4075
4076
4076
4077
4079
4081
4081
4081
4082
4083
4083
4084
4085
4087
4087
4088
4088
4088
4089
4089
4091
4092
4092
4094
4095
4095
4096
4096
4097
4097
4098
4099
4099
4102
4102
4104
4104
4108
4110
4112
4112
4113
4113
4113
4114
4114
4116
4117
4117
4120
4120
4121
4122
4124
4125
4126
4127
4130
4133
4136
4136
4137
4137
4138
4139
4140
4140
4141
4141
4143
4144
4144
4144
4144
4147
4149
4149
4150
4151
4151
4151
4152
4153
4154
4154
4156
4157
4158
4159
4160
4161
4163
4163
4163
4166
4166
4171
4171
4171
4171
4172
4172
4172
4173
4174
4174
4175
4177
4180
4182
4182
4182
4183
4183
4183
4185
4186
4187
4187
4188
4189
4190
4194
4195
4197
4198
4198
4202
4205
4206
4206
4207
4208
4208
4208
4209
4210
4210
4211
4211
4213
4214
4214
4215
4216
4217
4217
4221
4223
4223
4223
4224
4224
4226
4227
4230
4232
4232
4233
4234
4235
4235
4235
4236
4236
4236
4237
4239
4239
4239
4239
4241
4241
4242
4243
4245
4245
4246
4249
4249
4250
4250
4255
4255
4256
4257
4259
4260
4260
4262
4265
4265
4266
4267
4267
4271
4271
4271
4272
4272
4274
4274
4275
4277
4277
4278
4279
4280
4280
4280
4282
4283
4283
4283
4283
4283
4284
4284
4284
4285
4286
4286
4286
4287
4289
4289
4291
4293
4293
4293
4294
4296
4298
4298
4301
4302
4303
4304
4307
4307
4310
4311
4311
4312
4313
4314
4315
4316
4317
4317
4318
4318
4318
4320
4321
4322
4326
4327
4328
4329
4329
4329
4331
4333
4335
4338
4340
4340
4341
4341
4347
4348
4348
4348
4349
4349
4349
4349
4352
4354
4354
4357
4357
4360
4362
4362
4362
4364
4365
4368
4370
4372
4372
4373
4373
4376
4379
4380
4381
4381
4381
4382
4383
4384
4385
4387
4390
4398
4399
4401
4402
4403
4403
4406
4407
4407
4408
4408
4408
4409
4410
4410
4411
4414
4414
4417
4417
4419
4420
4420
4421
4421
4421
4421
4422
4424
4426
4427
4427
4427
4428
4429
4429
4430
4431
4431
4432
4432
4433
4433
4433
4434
4434
4435
4436
4437
4437
4437
4437
4438
4438
4438
4439
4440
4440
4442
4444
4446
4447
4449
4449
4450
4451
4452
4452
4452
4452
4453
4454
4455
4455
4460
4461
4461
4461
4462
4462
4462
4465
4469
4470
4471
4473
4475
4475
4475
4476
4478
4478
4479
4480
4480
4481
4481
4482
4482
4483
4484
4485
4486
4487
4488
4488
4489
4490
4491
4492
4493
4494
4495
4495
4495
4495
4496
4496
4496
4497
4498
4499
4501
4501
4502
4503
4503
4503
4504
4504
4504
4505
4507
4507
4508
4509
4509
4510
4510
4511
4512
4513
4514
4514
4516
4520
4520
4524
4527
4528
4528
4530
4531
4531
4532
4532
4533
4536
4536
4537
4537
4538
4539
4539
4542
4543
4548
4548
4549
4550
4550
4550
4550
4550
4552
4552
4552
4553
4554
4555
4556
4556
4556
4556
4558
4558
4559
4559
4560
4560
4561
4563
4564
4565
4566
4567
4567
4568
4569
4570
4574
4580
4580
4580
4585
4586
4587
4588
4588
4589
4589
4590
4591
4592
4593
4593
4595
4596
4597
4599
4601
4602
4605
4605
4606
4608
4609
4609
4610
4610
4610
4611
4611
4611
4614
4615
4615
4618
4618
4619
4621
4621
4622
4624
4624
4624
4624
4625
4625
4628
4630
4630
4630
4632
4633
4633
4634
4637
4639
4639
4642
4642
4644
4645
4646
4647
4648
4651
4652
4652
4653
4653
4655
4655
4656
4656
4656
4657
4657
4658
4659
4659
4660
4660
4661
4662
4663
4663
4663
4663
4664
4665
4668
4668
4668
4668
4669
4669
4670
4671
4671
4672
4672
4672
4672
4674
4674
4675
4677
4677
4677
4678
4679
4680
4680
4681
4681
4682
4683
4683
4683
4686
4687
4688
4688
4689
4689
4691
4693
4695
4696
4697
4697
4699
4701
4702
4702
4702
4703
4705
4709
4710
4712
4714
4714
4717
4718
4720
4720
4724
4724
4725
4726
4727
4727
4728
4731
4731
4731
4731
4732
4735
4735
4737
4739
4740
4740
4741
4744
4747
4748
4748
4749
4749
4749
4751
4751
4752
4752
4754
4755
4756
4757
4757
4759
4760
4761
4763
4763
4767
4771
4777
4780
4781
4781
4782
4783
4784
4785
4785
4786
4787
4788
4788
4795
4797
4798
4800
4800
4801
4801
4802
4802
4802
4803
4803
4804
4807
4807
4808
4812
4813
4814
4815
4815
4816
4816
4817
4819
4820
4821
4822
4823
4824
4824
4828
4828
4830
4830
4830
4834
4836
4837
4840
4840
4841
4843
4843
4844
4846
4846
4848
4848
4850
4852
4853
4854
4855
4855
4855
4858
4858
4859
4860
4863
4863
4865
4866
4870
4870
4874
4876
4881
4881
4883
4885
4886
4886
4888
4889
4889
4890
4892
4894
4895
4895
4897
4901
4901
4904
4906
4906
4907
4908
4908
4909
4909
4911
4912
4913
4914
4918
4920
4920
4921
4924
4924
4925
4926
4928
4929
4929
4933
4937
4937
4938
4938
4939
4939
4940
4940
4940
4941
4942
4943
4944
4946
4946
4947
4948
4949
4953
4955
4955
4955
4956
4956
4962
4962
4962
4964
4964
4964
4967
4969
4969
4969
4972
4972
4973
4975
4975
4978
4978
4980
4980
4981
4981
4982
4982
4984
4985
4986
4988
4988
4989
4990
4990
4994
4995
4997
4997
4998
4998
4999
4999
5000
5001
5002
5003
5003
5004
5004
5005
5007
5007
5007
5007
5007
5008
5008
5010
5011
5011
5011
5012
5014
5015
5015
5017
5023
5028
5028
5028
5030
5032
5033
5033
5035
5036
5038
5038
5039
5041
5041
5042
5044
5044
5044
5044
5044
5046
5046
5048
5050
5053
5053
5055
5055
5056
5059
5059
5059
5062
5064
5066
5067
5067
5068
5069
5069
5070
5070
5071
5071
5071
5072
5073
5074
5076
5076
5076
5077
5077
5079
5081
5081
5083
5083
5084
5084
5084
5085
5085
5085
5087
5089
5090
5091
5091
5093
5094
5097
5098
5098
5099
5099
5099
5101
5102
5102
5107
5107
5108
5108
5109
5109
5110
5110
5113
5114
5114
5116
5117
5117
5117
5118
5120
5121
5122
5123
5124
5125
5125
5126
5127
5127
5128
5128
5129
5129
5129
5129
5130
5131
5132
5132
5132
5132
5133
5133
5133
5134
5136
5137
5139
5139
5139
5140
5140
5141
5142
5142
5143
5144
5145
5146
5148
5149
5149
5150
5150
5150
5150
5151
5151
5151
5152
5155
5156
5158
5159
5161
5162
5164
5164
5164
5164
5165
5166
5166
5167
5168
5168
5168
5169
5169
5170
5172
5172
5173
5173
5173
5174
5175
5175
5176
5177
5178
5178
5178
5178
5180
5180
5183
5183
5183
5183
5185
5186
5187
5188
5188
5188
5190
5192
5196
5196
5197
5199
5201
5201
5203
5203
5206
5208
5209
5211
5212
5212
5213
5214
5214
5216
5220
5223
5223
5224
5224
5225
5226
5227
5227
5231
5231
5232
5234
5236
5236
5236
5236
5237
5238
5238
5240
5241
5241
5241
5242
5243
5243
5243
5244
5244
5246
5246
5246
5248
5248
5248
5248
5251
5251
5251
5253
5253
5254
5255
5256
5257
5260
5261
5262
5263
5263
5265
5266
5266
5267
5268
5269
5269
5270
5276
5278
5279
5285
5286
5286
5289
5290
5292
5292
5293
5293
5295
5299
5305
5305
5306
5306
5307
5311
5311
5311
5311
5312
5312
5313
5313
5313
5315
5316
5318
5318
5319
5319
5320
5321
5322
5322
5322
5322
5322
5322
5323
5323
5325
5326
5326
5327
5328
5330
5330
5330
5331
5331
5332
5332
5333
5333
5333
5335
5335
5335
5339
5339
5340
5341
5342
5342
5342
5343
5344
5346
5347
5349
5349
5350
5350
5351
5352
5354
5354
5354
5354
5356
5357
5357
5358
5358
5359
5360
5360
5361
5362
5363
5364
5364
5365
5365
5366
5367
5367
5368
5369
5370
5370
5370
5370
5371
5372
5373
5374
5374
5375
5377
5378
5380
5380
5381
5382
5383
5384
5384
5384
5385
5385
5385
5387
5388
5390
5391
5393
5393
5394
5395
5396
5397
5398
5398
5399
5401
5401
5401
5402
5403
5403
5403
5404
5404
5407
5409
5410
5410
5412
5413
5413
5414
5414
5415
5415
5415
5415
5415
5416
5419
5421
5421
5421
5422
5423
5424
5424
5428
5429
5431
5432
5432
5434
5435
5436
5438
5439
5440
5440
5442
5443
5444
5445
5445
5448
5448
5449
5449
5449
5452
5454
5454
5455
5456
5457
5458
5459
5459
5459
5459
5460
5461
5462
5463
5466
5466
5469
5470
5470
5471
5473
5474
5475
5475
5475
5475
5476
5477
5477
5478
5478
5480
5480
5481
5482
5483
5485
5485
5487
5488
5489
5489
5490
5490
5491
5491
5493
5493
5494
5494
5495
5495
5497
5497
5498
5499
5499
5499
5500
5500
5502
5504
5504
5504
5504
5505
5506
5506
5507
5507
5508
5509
5510
5511
5511
5511
5511
5511
5512
5513
5515
5516
5517
5517
5520
5522
5523
5523
5524
5524
5525
5525
5526
5526
5526
5527
5528
5531
5531
5532
5534
5534
5535
5535
5535
5535
5535
5537
5539
5540
5540
5541
5543
5544
5545
5548
5549
5551
5553
5554
5555
5555
5556
5561
5561
5561
5563
5564
5564
5566
5566
5567
5567
5567
5568
5571
5571
5574
5574
5575
5577
5577
5580
5580
5581
5583
5583
5583
5583
5584
5584
5585
5585
5585
5586
5586
5586
5588
5588
5588
5589
5590
5591
5593
5594
5597
5597
5598
5598
5600
5602
5603
5603
5603
5604
5605
5605
5606
5606
5608
5609
5610
5611
5613
5613
5613
5615
5615
5617
5618
5618
5620
5620
5620
5621
5622
5622
5623
5624
5625
5625
5627
5628
5628
5629
5631
5631
5633
5635
5636
5639
5639
5639
5639
5639
5640
5640
5641
5642
5643
5645
5645
5646
5647
5647
5649
5649
5652
5652
5653
5653
5654
5655
5656
5657
5658
5658
5659
5660
5661
5661
5663
5663
5664
5664
5665
5667
5667
5668
5669
5670
5670
5670
5671
5671
5672
5672
5673
5674
5674
5676
5677
5677
5680
5680
5681
5681
5681
5682
5683
5683
5686
5687
5688
5689
5690
5692
5693
5696
5697
5697
5698
5698
5700
5700
5701
5701
5702
5703
5704
5704
5706
5707
5707
5707
5708
5708
5708
5709
5710
5711
5711
5713
5714
5714
5715
5715
5715
5716
5716
5717
5717
5718
5719
5719
5720
5720
5720
5722
5725
5725
5725
5726
5726
5728
5728
5734
5734
5736
5737
5739
5741
5742
5746
5746
5747
5750
5752
5755
5757
5759
5760
5762
5763
5763
5766
5766
5766
5767
5768
5769
5772
5772
5773
5774
5775
5776
5778
5781
5786
5787
5788
5790
5790
5791
5793
5794
5794
5796
5797
5798
5798
5799
5800
5800
5800
5801
5801
5803
5803
5803
5804
5805
5806
5806
5807
5807
5808
5809
5810
5810
5811
5811
5812
5813
5813
5813
5815
5817
5817
5818
5819
5819
5820
5821
5822
5822
5823
5823
5827
5827
5827
5828
5829
5829
5833
5834
5837
5837
5838
5839
5840
5840
5840
5841
5843
5848
5848
5850
5850
5853
5853
5853
5856
5856
5857
5859
5860
5863
5863
5863
5864
5864
5865
5866
5866
5866
5867
5869
5869
5869
5870
5874
5874
5876
5876
5877
5878
5878
5878
5879
5879
5879
5879
5879
5880
5881
5883
5883
5883
5885
5886
5886
5887
5887
5887
5889
5890
5892
5893
5893
5893
5895
5895
5896
5896
5896
5899
5900
5901
5903
5905
5906
5908
5908
5909
5909
5910
5910
5910
5910
5911
5911
5912
5912
5912
5914
5915
5917
5918
5918
5918
5919
5920
5921
5922
5922
5922
5922
5923
5924
5927
5929
5931
5932
5933
5934
5934
5934
5935
5935
5936
5936
5938
5939
5940
5941
5942
5944
5944
5946
5952
5953
5954
5956
5956
5957
5961
5961
5962
5962
5962
5962
5963
5963
5964
5965
5967
5971
5972
5972
5972
5973
5978
5978
5978
5978
5978
5979
5979
5982
5982
5983
5984
5985
5986
5987
5989
5990
5990
5990
5992
5993
5995
5997
6000
6001
6001
6002
6003
6003
6004
6005
6005
6005
6005
6006
6006
6007
6007
6007
6008
6008
6011
6013
6014
6014
6015
6016
6018
6019
6019
6019
6019
6020
6021
6021
6021
6022
6023
6024
6025
6026
6027
6028
6029
6029
6029
6031
6031
6032
6032
6034
6036
6038
6040
6041
6041
6042
6043
6044
6045
6047
6048
6048
6049
6050
6050
6051
6051
6052
6052
6053
6053
6054
6055
6058
6059
6059
6060
6062
6062
6063
6064
6064
6065
6065
6065
6067
6068
6073
6074
6077
6077
6078
6079
6080
6080
6082
6082
6083
6084
6084
6087
6087
6088
6088
6089
6089
6090
6090
6090
6091
6092
6093
6094
6096
6099
6099
6100
6100
6100
6100
6101
6105
6105
6105
6106
6107
6107
6109
6110
6111
6111
6112
6112
6113
6113
6113
6114
6114
6115
6115
6116
6116
6117
6118
6118
6118
6119
6120
6120
6123
6124
6125
6126
6129
6130
6132
6132
6133
6136
6136
6137
6139
6142
6142
6143
6145
6146
6146
6147
6148
6150
6156
6156
6156
6158
6159
6159
6159
6160
6160
6162
6164
6164
6167
6167
6167
6170
6171
6172
6173
6173
6174
6174
6175
6175
6177
6178
6178
6179
6180
6181
6181
6181
6182
6185
6185
6186
6187
6187
6187
6188
6188
6189
6189
6189
6190
6190
6192
6193
6193
6194
6194
6196
6197
6198
6198
6199
6200
6203
6205
6205
6210
6212
6213
6217
6217
6218
6218
6221
6222
6222
6226
6227
6230
6231
6236
6236
6236
6237
6241
6242
6243
6243
6248
6249
6250
6253
6253
6257
6257
6259
6260
6262
6264
6264
6265
6265
6266
6267
6270
6270
6270
6270
6272
6272
6273
6273
6274
6275
6276
6278
6279
6280
6282
6284
6284
6284
6285
6286
6286
6288
6293
6294
6294
6296
6296
6296
6299
6299
6300
6301
6302
6302
6303
6305
6305
6307
6308
6310
6310
6311
6312
6313
6313
6314
6316
6317
6317
6320
6320
6320
6321
6323
6323
6323
6324
6324
6326
6327
6328
6329
6330
6331
6332
6332
6333
6334
6334
6335
6335
6338
6340
6341
6344
6346
6347
6347
6349
6349
6350
6351
6351
6351
6352
6353
6353
6353
6354
6354
6355
6355
6355
6356
6356
6359
6359
6360
6360
6361
6362
6362
6363
6366
6367
6368
6368
6370
6371
6375
6376
6377
6379
6381
6384
6386
6386
6386
6387
6388
6390
6390
6391
6391
6392
6395
6396
6398
6398
6401
6403
6404
6405
6405
6406
6408
6408
6410
6412
6412
6412
6412
6412
6412
6413
6413
6414
6414
6414
6415
6415
6416
6417
6417
6417
6417
6418
6418
6418
6420
6421
6422
6422
6423
6423
6427
6428
6431
6434
6438
6438
6439
6440
6441
6442
6442
6443
6444
6444
6444
6444
6445
6445
6446
6447
6448
6448
6449
6453
6453
6454
6455
6455
6458
6459
6460
6461
6461
6462
6464
6465
6465
6466
6466
6469
6470
6471
6471
6471
6472
6472
6473
6474
6477
6477
6478
6480
6482
6482
6482
6484
6486
6486
6487
6488
6489
6491
6492
6493
6496
6497
6497
6501
6502
6503
6506
6507
6508
6510
6510
6512
6513
6513
6513
6516
6517
6519
6519
6519
6521
6522
6522
6522
6523
6526
6527
6527
6528
6529
6529
6529
6530
6530
6532
6534
6534
6536
6538
6541
6541
6542
6543
6544
6544
6545
6545
6545
6546
6550
6550
6553
6554
6558
6558
6558
6558
6559
6560
6560
6562
6563
6563
6564
6567
6567
6567
6568
6569
6569
6570
6571
6572
6572
6573
6573
6574
6574
6574
6577
6577
6579
6584
6584
6584
6585
6586
6587
6588
6589
6589
6591
6594
6594
6597
6598
6599
6600
6601
6602
6602
6603
6604
6604
6604
6605
6605
6605
6606
6607
6607
6609
6609
6611
6611
6611
6613
6614
6616
6617
6618
6620
6620
6621
6621
6621
6622
6622
6622
6623
6623
6624
6624
6625
6629
6631
6631
6633
6634
6635
6635
6641
6641
6642
6642
6644
6645
6645
6645
6648
6648
6649
6650
6653
6655
6655
6655
6656
6657
6658
6659
6659
6660
6660
6661
6661
6661
6662
6662
6663
6663
6663
6664
6664
6665
6665
6665
6669
6669
6669
6670
6670
6674
6675
6676
6677
6677
6678
6679
6682
6682
6682
6683
6683
6684
6686
6686
6688
6690
6690
6691
6691
6691
6692
6694
6696
6697
6699
6701
6702
6702
6702
6703
6703
6704
6707
6707
6707
6711
6712
6712
6712
6713
6713
6716
6718
6719
6721
6721
6723
6725
6727
6727
6727
6728
6731
6735
6739
6740
6741
6741
6741
6743
6747
6748
6749
6749
6751
6752
6753
6756
6758
6758
6759
6760
6761
6762
6762
6763
6763
6764
6764
6767
6768
6769
6769
6770
6770
6770
6770
6771
6771
6771
6773
6776
6778
6779
6779
6779
6780
6781
6781
6782
6783
6783
6784
6784
6784
6785
6785
6787
6788
6789
6789
6790
6792
6792
6792
6794
6799
6801
6801
6801
6801
6803
6803
6806
6806
6807
6810
6812
6814
6815
6817
6817
6818
6820
6820
6820
6821
6822
6823
6825
6828
6829
6830
6831
6831
6832
6835
6835
6836
6837
6838
6838
6838
6841
6841
6842
6843
6847
6848
6856
6862
6862
6863
6864
6866
6866
6867
6868
6868
6869
6869
6870
6871
6872
6873
6874
6875
6875
6875
6879
6879
6881
6881
6882
6882
6886
6886
6886
6886
6886
6888
6889
6889
6889
6890
6892
6892
6893
6894
6897
6897
6897
6899
6901
6902
6905
6905
6905
6906
6907
6908
6909
6910
6910
6910
6911
6912
6913
6919
6919
6920
6920
6921
6922
6922
6923
6924
6924
6927
6927
6928
6929
6930
6931
6931
6934
6937
6937
6938
6938
6941
6942
6946
6946
6946
6947
6948
6948
6949
6950
6951
6952
6953
6953
6954
6955
6955
6955
6956
6956
6958
6958
6958
6959
6960
6961
6964
6968
6969
6969
6970
6970
6972
6976
6976
6977
6977
6979
6979
6980
6980
6982
6983
6983
6983
6985
6985
6985
6985
6985
6986
6987
6987
6988
6989
6990
6990
6991
6991
6993
6994
6994
6995
6996
6996
6997
6997
6998
6998
7000
7001
7002
7002
7003
7003
7004
7005
7006
7010
7011
7011
7013
7013
7014
7015
7015
7015
7015
7021
7021
7021
7022
7022
7025
7025
7026
7028
7028
7028
7030
7030
7031
7031
7037
7037
7038
7039
7039
7041
7042
7042
7043
7044
7047
7049
7049
7049
7050
7050
7051
7052
7053
7053
7053
7053
7055
7060
7062
7065
7065
7066
7066
7067
7067
7074
7076
7077
7077
7078
7079
7079
7083
7084
7085
7087
7087
7088
7088
7089
7090
7093
7095
7096
7097
7098
7099
7099
7099
7100
7100
7101
7102
7103
7104
7105
7106
7107
7107
7108
7108
7109
7109
7110
7111
7114
7114
7114
7115
7116
7116
7117
7117
7118
7118
7118
7118
7120
7120
7120
7122
7123
7124
7125
7125
7125
7126
7126
7126
7126
7126
7127
7128
7129
7130
7131
7133
7133
7133
7134
7134
7136
7136
7138
7138
7139
7139
7140
7141
7141
7141
7144
7145
7147
7147
7147
7147
7148
7150
7150
7151
7152
7152
7153
7154
7155
7155
7155
7157
7158
7158
7159
7160
7160
7161
7162
7163
7164
7165
7165
7167
7168
7169
7172
7172
7172
7174
7175
7179
7179
7180
7181
7182
7182
7183
7184
7184
7185
7187
7188
7188
7191
7193
7193
7194
7194
7194
7196
7196
7198
7199
7200
7201
7203
7203
7203
7204
7207
7207
7208
7208
7209
7209
7209
7209
7209
7211
7211
7211
7212
7213
7213
7214
7214
7214
7215
7216
7216
7217
7219
7222
7225
7227
7227
7228
7229
7230
7230
7230
7231
7232
7235
7237
7240
7242
7247
7247
7247
7247
7248
7249
7252
7253
7254
7255
7256
7257
7258
7260
7260
7261
7262
7262
7266
7266
7268
7269
7272
7273
7274
7275
7276
7276
7282
7283
7284
7284
7287
7287
7287
7289
7291
7291
7292
7292
7292
7292
7293
7294
7294
7294
7296
7296
7297
7297
7299
7299
7300
7301
7301
7302
7304
7305
7306
7307
7308
7308
7308
7309
7310
7311
7315
7315
7316
7321
7321
7321
7321
7322
7323
7324
7325
7325
7328
7328
7328
7329
7330
7330
7331
7334
7334
7334
7334
7335
7336
7337
7337
7337
7337
7338
7341
7342
7342
7343
7343
7344
7346
7346
7348
7348
7350
7351
7353
7353
7355
7358
7359
7365
7366
7366
7368
7368
7369
7374
7374
7375
7376
7376
7379
7379
7380
7380
7382
7383
7384
7384
7385
7385
7388
7388
7389
7390
7391
7394
7394
7396
7396
7397
7399
7401
7402
7402
7403
7404
7404
7408
7408
7409
7411
7412
7413
7415
7415
7415
7418
7418
7418
7418
7419
7419
7424
7424
7424
7425
7425
7427
7428
7429
7429
7433
7434
7434
7435
7437
7437
7438
7439
7439
7439
7440
7443
7443
7446
7448
7448
7448
7449
7449
7449
7452
7453
7453
7453
7456
7457
7458
7459
7459
7465
7465
7467
7467
7468
7470
7470
7470
7471
7472
7472
7473
7474
7476
7477
7477
7477
7479
7483
7484
7485
7485
7485
7485
7487
7487
7488
7488
7488
7490
7492
7493
7493
7497
7498
7499
7500
7502
7502
7503
7504
7505
7506
7507
7507
7508
7509
7509
7510
7510
7511
7512
7513
7514
7515
7518
7519
7519
7521
7521
7521
7522
7522
7522
7523
7523
7523
7524
7525
7529
7529
7530
7531
7531
7533
7533
7534
7534
7534
7535
7536
7537
7538
7538
7539
7540
7541
7542
7543
7543
7544
7544
7544
7545
7545
7547
7547
7547
7548
7548
7551
7551
7552
7553
7553
7553
7556
7556
7557
7557
7557
7557
7560
7561
7562
7562
7562
7563
7564
7564
7564
7565
7566
7567
7568
7571
7575
7575
7577
7577
7578
7578
7579
7580
7581
7581
7581
7582
7583
7583
7585
7585
7587
7588
7589
7589
7590
7591
7593
7594
7595
7595
7598
7600
7600
7602
7602
7602
7603
7603
7604
7604
7604
7605
7606
7609
7610
7613
7616
7617
7617
7617
7621
7622
7623
7624
7625
7627
7627
7629
7630
7632
7632
7632
7633
7633
7633
7635
7636
7637
7637
7637
7637
7641
7642
7642
7643
7643
7643
7645
7645
7645
7646
7646
7646
7647
7647
7648
7649
7650
7650
7651
7654
7654
7654
7655
7655
7657
7657
7658
7658
7660
7660
7661
7662
7666
7666
7666
7666
7666
7667
7669
7669
7669
7670
7670
7670
7671
7672
7673
7673
7673
7674
7677
7678
7679
7679
7680
7681
7682
7682
7683
7684
7685
7688
7688
7689
7689
7689
7689
7690
7690
7692
7692
7694
7695
7695
7695
7696
7696
7697
7698
7698
7702
7704
7704
7707
7707
7708
7709
7709
7710
7711
7713
7715
7717
7719
7719
7720
7721
7721
7723
7724
7727
7727
7728
7728
7729
7730
7730
7731
7732
7732
7733
7734
7734
7736
7736
7737
7737
7737
7737
7738
7738
7741
7743
7744
7745
7745
7748
7748
7753
7756
7756
7756
7756
7758
7758
7758
7759
7760
7760
7761
7762
7763
7764
7764
7765
7766
7767
7768
7768
7769
7769
7769
7770
7770
7775
7776
7777
7779
7779
7779
7779
7780
7781
7784
7784
7785
7786
7787
7787
7789
7789
7789
7790
7791
7792
7793
7795
7797
7797
7799
7800
7800
7802
7802
7804
7807
7807
7808
7809
7810
7810
7811
7811
7813
7813
7814
7815
7815
7817
7820
7822
7823
7824
7824
7824
7825
7827
7827
7827
7829
7831
7831
7832
7835
7836
7836
7838
7838
7839
7840
7840
7841
7841
7841
7844
7846
7847
7847
7848
7851
7851
7853
7854
7855
7855
7856
7858
7860
7860
7860
7863
7863
7863
7865
7865
7865
7866
7867
7868
7868
7869
7870
7870
7871
7872
7875
7876
7876
7876
7877
7877
7878
7879
7882
7885
7887
7888
7889
7889
7890
7891
7892
7893
7895
7896
7897
7898
7898
7899
7899
7900
7901
7901
7904
7907
7908
7909
7909
7912
7914
7915
7915
7915
7916
7917
7917
7917
7919
7921
7921
7921
7922
7923
7924
7925
7925
7927
7929
7930
7931
7931
7932
7932
7932
7933
7936
7939
7940
7940
7942
7942
7942
7943
7945
7945
7947
7947
7948
7949
7950
7951
7952
7952
7953
7954
7954
7956
7956
7956
7957
7959
7959
7961
7962
7962
7967
7967
7968
7970
7972
7972
7973
7974
7975
7975
7975
7976
7977
7979
7980
7981
7984
7986
7987
7987
7987
7989
7990
7991
7992
7993
7993
7993
7994
7997
7997
7999
8000
8001
8002
8002
8003
8004
8004
8006
8006
8006
8006
8007
8012
8012
8014
8014
8017
8020
8021
8022
8026
8027
8031
8031
8032
8032
8033
8035
8037
8043
8049
8049
8050
8050
8051
8053
8054
8054
8055
8055
8056
8059
8059
8061
8062
8064
8064
8064
8064
8065
8065
8066
8069
8069
8069
8072
8072
8072
8074
8074
8074
8075
8077
8078
8080
8082
8084
8084
8086
8087
8088
8090
8090
8091
8091
8092
8093
8093
8094
8096
8096
8096
8097
8104
8104
8106
8106
8106
8108
8109
8112
8112
8113
8115
8115
8116
8117
8117
8118
8120
8122
8122
8123
8123
8127
8128
8128
8130
8131
8133
8136
8137
8137
8138
8139
8140
8142
8142
8142
8143
8143
8144
8145
8147
8147
8147
8147
8148
8149
8149
8154
8155
8156
8157
8158
8159
8160
8160
8161
8161
8163
8163
8163
8163
8164
8164
8167
8168
8168
8169
8169
8171
8172
8172
8174
8176
8177
8178
8180
8181
8181
8182
8182
8183
8184
8185
8186
8186
8188
8188
8189
8189
8189
8189
8191
8191
8192
8193
8195
8198
8200
8201
8202
8203
8203
8208
8208
8208
8209
8210
8212
8212
8213
8213
8214
8215
8217
8219
8219
8223
8224
8225
8226
8227
8227
8227
8228
8228
8231
8232
8232
8233
8233
8233
8234
8235
8236
8238
8240
8240
8241
8242
8243
8245
8245
8245
8248
8248
8249
8249
8249
8250
8253
8253
8253
8254
8255
8255
8257
8258
8259
8260
8260
8260
8262
8263
8264
8266
8267
8270
8270
8274
8274
8274
8275
8276
8278
8279
8281
8282
8282
8283
8283
8283
8283
8284
8285
8286
8286
8288
8289
8290
8292
8293
8294
8295
8295
8295
8297
8297
8297
8298
8299
8300
8301
8302
8305
8305
8305
8306
8308
8308
8308
8308
8309
8310
8311
8312
8313
8313
8314
8315
8316
8318
8319
8321
8322
8322
8323
8324
8326
8327
8327
8332
8332
8334
8335
8336
8337
8337
8338
8338
8341
8341
8343
8345
8345
8347
8347
8348
8349
8351
8351
8352
8355
8357
8358
8359
8364
8365
8365
8366
8366
8368
8368
8369
8369
8370
8370
8371
8371
8372
8372
8372
8373
8373
8375
8375
8376
8382
8382
8382
8382
8383
8384
8384
8384
8385
8385
8386
8387
8388
8389
8390
8390
8390
8393
8393
8394
8396
8397
8401
8402
8404
8404
8407
8408
8409
8409
8410
8410
8411
8411
8412
8415
8416
8418
8420
8421
8423
8426
8426
8428
8428
8429
8429
8430
8431
8433
8433
8434
8437
8439
8440
8440
8441
8442
8442
8443
8444
8446
8446
8448
8448
8449
8449
8451
8452
8452
8452
8453
8453
8453
8456
8456
8458
8458
8458
8459
8459
8459
8462
8464
8464
8465
8465
8465
8466
8467
8467
8469
8469
8471
8474
8474
8474
8477
8479
8480
8482
8483
8483
8484
8484
8486
8486
8487
8487
8487
8488
8490
8490
8490
8492
8493
8493
8494
8496
8496
8499
8499
8499
8501
8503
8504
8505
8505
8505
8506
8507
8507
8509
8511
8514
8514
8515
8515
8517
8517
8518
8518
8521
8522
8527
8527
8527
8529
8530
8530
8531
8532
8536
8537
8537
8538
8538
8541
8542
8543
8543
8545
8545
8545
8547
8549
8550
8550
8552
8552
8553
8553
8554
8555
8555
8557
8559
8560
8561
8561
8561
8562
8562
8569
8570
8571
8573
8574
8575
8575
8576
8577
8577
8578
8578
8579
8583
8586
8586
8587
8587
8588
8588
8590
8590
8590
8591
8593
8593
8595
8596
8596
8597
8598
8599
8600
8600
8600
8601
8603
8603
8606
8608
8609
8611
8611
8612
8612
8613
8614
8615
8620
8621
8623
8623
8623
8624
8624
8624
8628
8628
8628
8628
8629
8629
8630
8631
8632
8633
8634
8634
8635
8636
8637
8638
8640
8641
8644
8646
8646
8646
8646
8647
8647
8648
8649
8649
8651
8652
8655
8656
8657
8657
8658
8658
8658
8658
8659
8661
8661
8661
8661
8662
8664
8666
8666
8667
8667
8668
8668
8671
8672
8673
8674
8675
8676
8678
8678
8679
8680
8681
8681
8681
8683
8683
8684
8686
8687
8688
8689
8689
8690
8690
8690
8692
8694
8696
8697
8698
8698
8699
8700
8700
8702
8702
8702
8703
8703
8703
8705
8705
8706
8710
8710
8710
8711
8711
8711
8713
8713
8714
8714
8715
8718
8720
8722
8723
8724
8725
8726
8726
8726
8727
8727
8728
8729
8730
8732
8732
8732
8734
8734
8734
8735
8735
8736
8737
8738
8738
8739
8741
8741
8741
8742
8742
8745
8747
8747
8748
8750
8751
8753
8753
8755
8755
8755
8757
8758
8759
8761
8764
8764
8766
8768
8768
8768
8770
8771
8772
8772
8773
8774
8776
8776
8776
8777
8780
8780
8781
8781
8781
8783
8785
8785
8786
8786
8788
8788
8789
8792
8794
8796
8797
8798
8799
8801
8802
8802
8803
8804
8808
8808
8810
8810
8810
8810
8811
8814
8816
8817
8818
8818
8820
8820
8821
8821
8824
8824
8825
8827
8827
8829
8833
8833
8835
8835
8837
8837
8838
8839
8839
8841
8842
8843
8843
8844
8844
8844
8846
8847
8847
8849
8849
8850
8850
8850
8851
8852
8853
8854
8858
8858
8858
8859
8861
8861
8861
8862
8863
8864
8865
8866
8867
8870
8872
8874
8875
8876
8876
8876
8876
8878
8878
8879
8880
8880
8881
8881
8882
8884
8885
8885
8886
8887
8888
8889
8890
8890
8895
8896
8897
8897
8897
8897
8898
8898
8898
8898
8898
8898
8900
8900
8901
8902
8903
8906
8907
8908
8909
8910
8911
8912
8914
8914
8915
8915
8917
8918
8919
8920
8921
8921
8922
8923
8923
8925
8926
8926
8929
8929
8929
8930
8930
8933
8933
8934
8936
8939
8939
8941
8941
8941
8944
8944
8945
8946
8947
8947
8948
8949
8950
8951
8952
8953
8954
8955
8956
8956
8957
8960
8961
8962
8963
8964
8964
8965
8966
8967
8968
8970
8972
8973
8973
8975
8975
8977
8977
8978
8980
8980
8980
8981
8981
8981
8981
8983
8983
8984
8984
8986
8987
8987
8987
8988
8991
8994
8997
8998
8999
8999
8999
9002
9002
9003
9003
9004
9004
9004
9005
9006
9006
9007
9007
9007
9008
9009
9012
9013
9014
9015
9016
9017
9017
9017
9018
9018
9018
9018
9021
9021
9023
9025
9027
9028
9028
9029
9029
9029
9030
9031
9032
9032
9032
9033
9033
9033
9034
9034
9035
9036
9036
9037
9041
9042
9043
9044
9045
9045
9046
9046
9049
9050
9051
9051
9051
9053
9054
9054
9055
9056
9057
9057
9058
9061
9062
9064
9065
9066
9068
9069
9070
9071
9071
9072
9073
9078
9082
9083
9084
9084
9085
9086
9087
9090
9090
9094
9094
9098
9098
9099
9099
9100
9101
9102
9103
9104
9105
9105
9105
9106
9106
9106
9107
9108
9108
9112
9113
9114
9114
9115
9115
9115
9116
9119
9120
9121
9121
9123
9124
9124
9124
9126
9127
9127
9129
9130
9131
9131
9133
9136
9140
9140
9140
9140
9142
9143
9143
9144
9144
9144
9144
9144
9145
9149
9151
9153
9154
9154
9156
9158
9158
9158
9160
9160
9162
9162
9162
9163
9163
9164
9165
9165
9166
9167
9168
9168
9169
9170
9171
9171
9172
9173
9173
9173
9175
9177
9181
9184
9184
9184
9185
9185
9185
9186
9186
9186
9188
9188
9190
9190
9190
9190
9191
9193
9193
9195
9196
9196
9196
9197
9197
9198
9198
9199
9199
9201
9202
9203
9204
9206
9207
9207
9208
9208
9208
9209
9209
9210
9210
9210
9211
9211
9213
9214
9215
9215
9216
9216
9217
9217
9218
9219
9220
9221
9222
9223
9224
9225
9225
9226
9227
9228
9229
9231
9231
9233
9234
9235
9236
9237
9237
9239
9239
9241
9242
9243
9244
9244
9246
9250
9250
9251
9252
9254
9254
9259
9260
9260
9260
9262
9262
9262
9265
9267
9267
9270
9271
9271
9274
9275
9275
9275
9276
9276
9278
9279
9279
9281
9282
9282
9283
9283
9284
9285
9288
9288
9288
9289
9290
9292
9293
9293
9295
9295
9297
9299
9300
9300
9300
9301
9302
9302
9303
9306
9307
9307
9308
9308
9309
9311
9312
9312
9315
9319
9320
9320
9320
9321
9322
9322
9322
9325
9325
9326
9327
9328
9330
9333
9333
9335
9338
9339
9344
9344
9344
9346
9347
9347
9347
9348
9348
9348
9349
9349
9351
9351
9351
9352
9354
9355
9356
9356
9358
9360
9360
9361
9362
9362
9365
9366
9367
9367
9368
9368
9369
9369
9372
9373
9373
9373
9373
9373
9375
9375
9377
9377
9379
9380
9380
9381
9382
9383
9384
9384
9386
9387
9387
9388
9388
9388
9389
9389
9392
9392
9396
9396
9398
9399
9399
9400
9401
9403
9405
9406
9408
9411
9415
9415
9416
9419
9419
9421
9422
9423
9424
9427
9427
9427
9432
9432
9432
9434
9434
9435
9437
9438
9439
9440
9441
9442
9442
9442
9443
9443
9444
9445
9447
9447
9448
9448
9450
9451
9451
9452
9453
9453
9454
9454
9454
9457
9457
9458
9458
9458
9458
9459
9459
9460
9461
9463
9464
9465
9466
9466
9467
9468
9471
9471
9472
9472
9472
9473
9475
9475
9475
9476
9476
9477
9478
9484
9484
9485
9487
9488
9489
9490
9490
9490
9491
9494
9495
9497
9497
9501
9502
9503
9505
9506
9506
9507
9508
9512
9512
9512
9512
9513
9514
9517
9517
9517
9517
9517
9518
9522
9524
9524
9525
9526
9526
9527
9528
9529
9530
9532
9532
9533
9533
9533
9534
9534
9536
9537
9541
9542
9543
9543
9544
9544
9545
9545
9546
9547
9550
9552
9552
9553
9554
9557
9557
9559
9560
9560
9561
9562
9562
9564
9565
9565
9566
9570
9573
9573
9574
9574
9576
9577
9577
9578
9579
9579
9584
9586
9586
9587
9587
9592
9592
9593
9593
9594
9595
9595
9595
9596
9596
9597
9597
9597
9599
9600
9600
9600
9601
9603
9606
9608
9610
9612
9612
9613
9615
9617
9618
9620
9620
9621
9621
9621
9622
9622
9623
9625
9625
9628
9629
9629
9631
9634
9634
9634
9635
9635
9635
9637
9638
9638
9639
9639
9639
9640
9645
9646
9647
9648
9649
9650
9652
9652
9655
9655
9655
9658
9658
9659
9660
9660
9660
9662
9662
9663
9665
9667
9668
9669
9671
9671
9672
9672
9673
9673
9675
9675
9675
9679
9680
9680
9680
9681
9681
9681
9682
9684
9685
9686
9687
9687
9688
9689
9691
9693
9694
9695
9696
9699
9699
9700
9701
9702
9706
9706
9706
9707
9709
9709
9710
9710
9711
9713
9714
9714
9714
9715
9715
9716
9717
9717
9717
9717
9721
9721
9723
9724
9724
9724
9726
9726
9731
9733
9733
9734
9734
9735
9735
9736
9738
9741
9743
9746
9750
9750
9753
9753
9755
9756
9756
9757
9757
9759
9760
9763
9765
9765
9765
9766
9768
9769
9769
9769
9769
9772
9773
9775
9776
9777
9778
9778
9779
9779
9779
9779
9780
9781
9782
9782
9783
9785
9785
9787
9789
9789
9789
9791
9792
9793
9794
9794
9798
9799
9799
9800
9800
9801
9802
9802
9804
9805
9806
9806
9807
9807
9808
9809
9810
9810
9812
9813
9814
9815
9815
9816
9816
9819
9820
9824
9824
9825
9825
9826
9826
9826
9828
9828
9830
9831
9832
9832
9833
9833
9835
9835
9836
9836
9837
9838
9838
9840
9841
9841
9841
9841
9842
9845
9846
9847
9848
9848
9851
9852
9853
9854
9857
9861
9864
9865
9865
9865
9866
9867
9868
9869
9870
9872
9873
9873
9875
9875
9876
9878
9879
9881
9892
9894
9896
9896
9896
9896
9897
9900
9900
9903
9906
9906
9907
9907
9909
9910
9910
9911
9914
9915
9916
9918
9918
9919
9920
9921
9922
9924
9924
9925
9927
9927
9935
9935
9935
9937
9939
9939
9941
9942
9943
9943
9943
9945
9945
9945
9946
9946
9946
9947
9947
9949
9949
9950
9952
9954
9954
9955
9955
9956
9956
9956
9959
9959
9961
9961
9961
9961
9962
9963
9964
9965
9966
9966
9969
9970
9972
9972
9974
9974
9974
9977
9977
9978
9979
9983
9983
9984
9985
9985
9985
9989
9990
9990
9990
9991
9991
9992
9993
9993
9993
9994
9995
9996
9997
