9999
9997
9994
9994
9994
9993
9992
9990
9990
9989
9988
9988
9987
9987
9987
9986
9985
9984
9983
9983
9982
9982
9981
9979
9977
9977
9975
9972
9971
9970
9968
9967
9965
9965
9964
9964
9963
9963
9962
9961
9961
9961
9960
9959
9959
9959
9957
9957
9956
9956
9952
9951
9951
9951
9950
9949
9948
9948
9946
9945
9944
9940
9940
9939
9937
9936
9936
9936
9936
9935
9934
9932
9932
9931
9930
9930
9929
9929
9929
9926
9926
9926
9924
9924
9922
9921
9921
9919
9919
9916
9916
9915
9914
9910
9910
9909
9908
9906
9905
9904
9903
9903
9901
9899
9897
9896
9896
9896
9894
9893
9892
9890
9889
9889
9886
9883
9883
9882
9880
9879
9879
9878
9877
9877
9877
9875
9872
9870
9870
9870
9866
9866
9865
9863
9862
9861
9861
9861
9860
9859
9858
9857
9855
9855
9854
9853
9852
9851
9850
9849
9847
9846
9846
9845
9843
9842
9841
9840
9840
9839
9838
9837
9836
9836
9835
9835
9835
9834
9832
9832
9831
9828
9827
9826
9825
9824
9823
9821
9820
9820
9819
9817
9816
9815
9812
9812
9812
9812
9811
9810
9808
9807
9807
9806
9806
9805
9805
9803
9803
9802
9801
9800
9799
9796
9795
9794
9793
9792
9786
9785
9785
9784
9783
9780
9780
9779
9777
9777
9777
9777
9775
9772
9772
9772
9771
9770
9769
9768
9768
9768
9767
9766
9765
9765
9764
9764
9762
9762
9762
9759
9758
9757
9757
9757
9754
9753
9752
9752
9751
9750
9750
9749
9747
9746
9746
9745
9744
9744
9744
9742
9742
9741
9738
9738
9738
9736
9736
9736
9735
9735
9735
9734
9733
9733
9732
9732
9730
9728
9727
9726
9726
9724
9724
9723
9721
9720
9720
9718
9715
9715
9714
9714
9713
9711
9711
9710
9709
9708
9708
9707
9706
9706
9705
9704
9702
9701
9701
9699
9698
9698
9696
9696
9696
9693
9693
9690
9690
9689
9687
9687
9687
9687
9687
9685
9684
9680
9679
9678
9677
9676
9675
9675
9674
9674
9673
9672
9671
9670
9669
9668
9668
9666
9664
9663
9662
9660
9659
9658
9654
9653
9652
9650
9649
9648
9648
9647
9647
9646
9646
9645
9645
9644
9644
9642
9641
9640
9639
9639
9636
9634
9633
9632
9631
9630
9630
9629
9628
9628
9627
9626
9626
9626
9625
9624
9624
9622
9621
9621
9621
9620
9620
9617
9617
9617
9615
9614
9613
9613
9612
9610
9609
9608
9608
9606
9606
9604
9604
9600
9597
9596
9596
9596
9593
9593
9592
9592
9590
9589
9589
9589
9588
9588
9588
9587
9586
9584
9583
9583
9583
9583
9581
9581
9579
9577
9577
9577
9576
9575
9573
9572
9572
9571
9571
9570
9570
9570
9569
9569
9569
9567
9566
9565
9563
9563
9562
9561
9561
9557
9556
9554
9554
9553
9553
9553
9552
9552
9551
9551
9551
9549
9549
9545
9543
9539
9539
9538
9537
9536
9536
9535
9534
9534
9534
9530
9529
9528
9528
9528
9527
9525
9525
9524
9524
9524
9523
9523
9523
9522
9521
9521
9521
9519
9518
9518
9517
9513
9513
9513
9512
9512
9511
9511
9511
9508
9508
9507
9507
9506
9505
9504
9503
9503
9503
9503
9503
9502
9502
9501
9499
9498
9497
9496
9495
9494
9491
9490
9489
9487
9485
9485
9484
9483
9483
9481
9480
9479
9479
9478
9478
9474
9474
9474
9473
9473
9472
9472
9472
9471
9469
9468
9468
9465
9465
9465
9464
9464
9464
9463
9462
9462
9461
9461
9460
9459
9458
9458
9456
9456
9454
9453
9451
9448
9447
9447
9447
9445
9445
9444
9444
9443
9440
9438
9438
9438
9438
9436
9434
9434
9433
9432
9432
9431
9431
9429
9429
9426
9424
9424
9423
9422
9422
9421
9421
9420
9420
9419
9419
9417
9414
9413
9412
9412
9412
9412
9411
9409
9409
9407
9405
9404
9404
9400
9397
9397
9396
9395
9394
9394
9392
9392
9390
9388
9387
9386
9385
9385
9384
9384
9383
9383
9383
9382
9380
9379
9378
9377
9375
9375
9374
9374
9372
9372
9370
9368
9367
9366
9366
9366
9362
9362
9360
9359
9358
9358
9357
9357
9356
9356
9353
9353
9351
9351
9351
9349
9347
9345
9343
9343
9338
9335
9334
9333
9331
9330
9329
9329
9328
9325
9323
9322
9322
9320
9320
9317
9316
9316
9313
9313
9312
9312
9311
9309
9308
9307
9306
9305
9301
9301
9297
9295
9295
9294
9291
9290
9288
9288
9288
9286
9286
9285
9284
9284
9283
9281
9280
9279
9278
9276
9275
9273
9273
9272
9272
9271
9270
9267
9267
9266
9266
9266
9265
9264
9264
9264
9263
9262
9262
9261
9260
9258
9258
9257
9257
9257
9256
9256
9256
9255
9255
9254
9252
9250
9250
9249
9248
9248
9247
9246
9244
9244
9242
9242
9241
9241
9241
9238
9238
9236
9234
9234
9232
9227
9227
9227
9226
9224
9223
9223
9221
9220
9220
9219
9219
9218
9218
9218
9216
9215
9215
9215
9215
9214
9213
9211
9209
9208
9207
9207
9206
9205
9205
9205
9205
9203
9203
9202
9201
9200
9199
9199
9196
9194
9193
9192
9192
9191
9189
9188
9188
9187
9186
9186
9182
9182
9181
9178
9178
9178
9177
9176
9175
9171
9170
9166
9164
9163
9158
9157
9156
9155
9153
9151
9150
9150
9144
9144
9139
9139
9139
9138
9137
9137
9136
9136
9132
9132
9131
9131
9131
9130
9129
9128
9127
9126
9122
9122
9121
9116
9115
9114
9113
9113
9112
9112
9111
9111
9109
9109
9109
9106
9106
9105
9105
9104
9104
9103
9101
9101
9101
9100
9100
9099
9099
9098
9097
9096
9095
9095
9094
9093
9091
9090
9090
9088
9087
9087
9086
9086
9086
9085
9085
9083
9082
9082
9081
9078
9073
9073
9073
9073
9072
9071
9071
9070
9069
9067
9067
9067
9066
9065
9064
9064
9064
9063
9061
9061
9061
9060
9059
9059
9059
9056
9056
9055
9055
9054
9053
9052
9052
9050
9049
9048
9046
9044
9044
9042
9039
9029
9028
9027
9026
9026
9024
9024
9024
9023
9022
9022
9022
9021
9021
9020
9017
9016
9016
9015
9014
9014
9014
9013
9011
9011
9008
9008
9006
9005
9004
9003
9002
9002
9002
9000
9000
8998
8996
8995
8994
8994
8993
8992
8992
8991
8991
8989
8989
8989
8987
8987
8984
8981
8979
8978
8978
8977
8977
8977
8976
8973
8973
8971
8971
8970
8968
8965
8964
8961
8961
8960
8960
8960
8958
8958
8957
8957
8953
8951
8951
8949
8949
8947
8946
8945
8944
8943
8943
8943
8942
8942
8941
8939
8936
8935
8934
8933
8932
8932
8931
8930
8930
8930
8929
8926
8926
8924
8924
8924
8923
8923
8921
8920
8920
8919
8918
8917
8917
8917
8914
8914
8914
8914
8911
8909
8909
8909
8907
8906
8905
8903
8902
8900
8897
8896
8896
8894
8891
8889
8889
8889
8889
8888
8887
8883
8882
8882
8881
8880
8878
8878
8874
8872
8870
8870
8870
8869
8869
8868
8866
8864
8864
8860
8857
8856
8856
8855
8855
8853
8851
8851
8848
8845
8845
8843
8842
8842
8842
8840
8839
8839
8839
8838
8835
8834
8832
8831
8830
8829
8827
8827
8826
8824
8824
8823
8823
8821
8820
8818
8817
8816
8815
8815
8814
8812
8810
8809
8809
8807
8807
8806
8805
8805
8804
8804
8803
8801
8798
8797
8797
8797
8797
8795
8794
8793
8792
8791
8791
8790
8789
8789
8787
8787
8786
8784
8784
8784
8784
8783
8781
8781
8781
8779
8778
8778
8778
8778
8777
8776
8773
8773
8773
8771
8771
8769
8769
8769
8768
8767
8766
8766
8766
8762
8761
8760
8759
8756
8756
8756
8755
8751
8751
8749
8747
8746
8744
8743
8741
8739
8737
8737
8736
8735
8733
8733
8733
8732
8732
8730
8730
8729
8728
8728
8727
8726
8724
8724
8723
8723
8723
8721
8721
8720
8720
8717
8717
8716
8715
8715
8715
8714
8714
8714
8714
8713
8711
8711
8710
8710
8710
8707
8705
8704
8702
8696
8696
8696
8695
8694
8694
8694
8692
8691
8689
8689
8688
8688
8686
8686
8685
8684
8683
8683
8682
8681
8678
8678
8677
8676
8676
8676
8675
8674
8673
8672
8672
8672
8671
8671
8671
8667
8666
8666
8666
8664
8663
8661
8660
8657
8656
8656
8655
8654
8653
8649
8648
8647
8646
8646
8646
8644
8643
8642
8641
8641
8639
8638
8637
8635
8635
8632
8631
8628
8627
8627
8626
8626
8626
8625
8625
8624
8623
8621
8620
8620
8618
8617
8617
8613
8611
8609
8609
8607
8606
8605
8605
8605
8604
8603
8603
8601
8599
8599
8594
8594
8594
8592
8592
8591
8591
8588
8587
8586
8586
8586
8585
8582
8581
8580
8578
8576
8575
8575
8573
8572
8572
8570
8568
8567
8567
8564
8562
8562
8562
8560
8559
8559
8558
8557
8557
8557
8556
8556
8556
8555
8554
8554
8553
8553
8551
8549
8549
8548
8548
8547
8547
8546
8545
8545
8543
8540
8539
8539
8537
8537
8535
8534
8534
8534
8533
8533
8531
8531
8531
8529
8529
8529
8529
8529
8527
8524
8524
8524
8524
8522
8519
8519
8519
8518
8518
8518
8516
8516
8516
8516
8515
8514
8514
8513
8513
8513
8512
8509
8509
8508
8507
8507
8503
8502
8502
8501
8501
8499
8496
8494
8494
8493
8492
8492
8491
8491
8491
8491
8489
8488
8488
8488
8486
8484
8484
8483
8482
8481
8480
8480
8479
8477
8477
8474
8472
8471
8468
8467
8466
8466
8465
8464
8464
8463
8462
8458
8456
8454
8454
8452
8452
8452
8452
8451
8448
8447
8446
8444
8444
8441
8441
8441
8439
8438
8438
8437
8436
8436
8432
8431
8430
8429
8429
8429
8428
8427
8427
8427
8425
8424
8423
8422
8422
8421
8420
8417
8417
8417
8415
8415
8415
8411
8410
8408
8408
8405
8405
8405
8405
8404
8404
8402
8400
8399
8399
8397
8397
8396
8393
8392
8391
8391
8391
8390
8389
8389
8389
8388
8386
8385
8385
8384
8383
8383
8382
8381
8381
8379
8379
8378
8378
8376
8375
8375
8375
8374
8373
8372
8368
8368
8368
8366
8364
8364
8363
8363
8363
8362
8361
8360
8359
8358
8357
8355
8355
8353
8353
8353
8353
8351
8350
8350
8349
8348
8348
8347
8346
8344
8342
8342
8342
8341
8339
8339
8338
8336
8336
8336
8331
8330
8325
8325
8322
8319
8318
8318
8318
8316
8315
8314
8314
8313
8313
8309
8306
8304
8303
8303
8302
8301
8298
8296
8294
8293
8293
8291
8290
8290
8290
8289
8288
8285
8285
8282
8281
8280
8280
8277
8276
8275
8274
8273
8271
8268
8266
8265
8264
8263
8262
8262
8261
8260
8260
8259
8256
8255
8255
8253
8253
8253
8251
8249
8247
8246
8243
8243
8241
8240
8238
8237
8236
8236
8233
8233
8232
8232
8232
8230
8230
8230
8229
8229
8229
8229
8228
8228
8227
8225
8225
8224
8224
8223
8223
8223
8222
8222
8221
8219
8219
8219
8217
8217
8215
8214
8211
8209
8209
8208
8207
8206
8205
8205
8203
8203
8201
8201
8201
8201
8199
8196
8196
8196
8195
8195
8194
8193
8193
8192
8191
8190
8190
8188
8188
8187
8187
8186
8186
8186
8185
8185
8184
8183
8182
8181
8180
8180
8179
8178
8177
8175
8175
8175
8175
8174
8174
8173
8171
8171
8169
8169
8169
8169
8167
8167
8165
8165
8164
8163
8163
8162
8162
8162
8162
8162
8160
8160
8158
8158
8157
8157
8152
8152
8151
8150
8148
8147
8146
8145
8145
8144
8143
8141
8141
8141
8140
8139
8138
8138
8134
8133
8132
8132
8132
8131
8131
8131
8130
8129
8129
8127
8126
8126
8126
8124
8124
8124
8124
8123
8121
8121
8120
8115
8115
8114
8112
8112
8108
8108
8108
8107
8107
8106
8105
8105
8104
8104
8104
8101
8100
8100
8098
8097
8096
8094
8093
8092
8092
8091
8091
8091
8091
8089
8089
8087
8086
8085
8084
8084
8083
8082
8081
8079
8078
8077
8076
8074
8074
8069
8069
8066
8066
8065
8063
8061
8060
8060
8058
8058
8058
8057
8056
8056
8053
8052
8048
8048
8047
8046
8044
8042
8041
8040
8039
8039
8038
8038
8038
8037
8035
8035
8034
8033
8031
8029
8028
8028
8027
8026
8026
8026
8026
8023
8023
8021
8021
8021
8021
8019
8019
8017
8016
8016
8014
8014
8014
8010
8008
8006
8005
8004
8003
8002
8001
8000
8000
7999
7998
7998
7998
7996
7996
7996
7995
7995
7991
7990
7990
7990
7989
7988
7988
7987
7987
7987
7987
7986
7986
7986
7986
7982
7982
7982
7980
7978
7978
7975
7974
7973
7973
7971
7971
7969
7969
7968
7966
7966
7966
7964
7964
7964
7964
7963
7963
7963
7963
7962
7962
7962
7961
7961
7959
7958
7958
7957
7957
7954
7953
7951
7950
7949
7948
7948
7948
7947
7947
7947
7946
7944
7943
7941
7941
7940
7939
7939
7937
7935
7934
7933
7932
7930
7930
7930
7930
7929
7929
7927
7924
7923
7922
7921
7919
7917
7916
7915
7914
7914
7913
7912
7911
7911
7910
7908
7908
7906
7905
7904
7903
7902
7902
7902
7901
7901
7901
7900
7900
7899
7896
7896
7895
7895
7895
7894
7891
7890
7890
7889
7888
7887
7884
7882
7881
7881
7881
7881
7880
7878
7878
7876
7874
7874
7872
7872
7872
7870
7866
7864
7864
7863
7863
7863
7862
7859
7859
7858
7858
7855
7855
7855
7853
7852
7851
7851
7851
7850
7849
7848
7847
7846
7844
7844
7844
7843
7840
7839
7837
7836
7835
7835
7835
7834
7834
7833
7832
7831
7831
7831
7831
7827
7826
7825
7825
7824
7824
7821
7819
7819
7818
7816
7816
7815
7814
7812
7810
7809
7809
7807
7805
7804
7804
7803
7803
7802
7799
7799
7798
7797
7795
7793
7792
7791
7791
7790
7789
7787
7786
7785
7782
7782
7781
7781
7780
7779
7778
7777
7775
7774
7772
7770
7769
7768
7767
7766
7765
7760
7760
7759
7759
7757
7754
7753
7753
7751
7750
7750
7750
7749
7749
7747
7746
7745
7745
7745
7744
7744
7744
7743
7742
7741
7740
7739
7738
7737
7737
7736
7736
7736
7736
7736
7735
7734
7734
7733
7732
7730
7727
7727
7726
7725
7724
7723
7722
7721
7720
7719
7719
7718
7718
7718
7718
7716
7716
7716
7715
7715
7713
7712
7712
7711
7711
7710
7709
7708
7705
7702
7702
7701
7699
7698
7697
7695
7694
7690
7690
7688
7688
7687
7687
7687
7684
7684
7684
7684
7683
7682
7682
7682
7682
7679
7678
7678
7675
7674
7674
7673
7673
7672
7672
7671
7671
7670
7670
7670
7668
7666
7665
7664
7664
7663
7662
7660
7660
7659
7655
7652
7649
7649
7649
7648
7646
7644
7644
7644
7644
7643
7641
7641
7638
7638
7635
7635
7631
7631
7631
7630
7630
7629
7629
7628
7628
7627
7627
7625
7624
7624
7623
7622
7621
7621
7620
7619
7619
7617
7616
7612
7612
7612
7610
7609
7607
7606
7606
7605
7605
7605
7604
7604
7602
7601
7601
7601
7600
7599
7598
7597
7596
7596
7595
7594
7593
7592
7585
7585
7584
7584
7582
7582
7582
7582
7582
7581
7581
7579
7578
7577
7577
7577
7577
7575
7574
7574
7574
7570
7569
7567
7567
7567
7567
7567
7567
7567
7566
7566
7565
7565
7562
7562
7561
7561
7560
7560
7557
7557
7556
7555
7552
7551
7551
7550
7549
7547
7547
7545
7545
7545
7544
7544
7543
7543
7540
7540
7538
7537
7536
7535
7534
7534
7533
7532
7531
7531
7531
7529
7529
7528
7528
7527
7526
7525
7525
7523
7521
7519
7519
7519
7518
7517
7517
7516
7515
7512
7511
7509
7506
7503
7502
7501
7501
7500
7498
7498
7498
7496
7496
7493
7492
7492
7491
7491
7490
7489
7488
7488
7484
7482
7481
7480
7480
7479
7478
7475
7475
7475
7473
7473
7472
7470
7470
7470
7469
7469
7468
7466
7466
7465
7464
7463
7462
7462
7460
7460
7459
7459
7458
7457
7452
7452
7451
7450
7450
7450
7449
7449
7449
7448
7448
7448
7448
7445
7445
7445
7445
7443
7442
7439
7438
7436
7435
7434
7433
7432
7432
7431
7431
7430
7430
7430
7429
7429
7427
7424
7424
7423
7422
7417
7417
7416
7416
7414
7414
7413
7412
7410
7410
7410
7409
7409
7408
7408
7405
7405
7405
7405
7404
7404
7403
7403
7401
7401
7399
7398
7397
7396
7395
7395
7393
7393
7392
7391
7391
7388
7388
7387
7387
7386
7385
7384
7383
7381
7380
7379
7379
7379
7375
7372
7371
7369
7368
7366
7365
7364
7362
7358
7358
7355
7354
7354
7354
7353
7351
7350
7350
7349
7348
7346
7345
7345
7345
7344
7343
7340
7338
7337
7337
7337
7336
7336
7336
7335
7334
7332
7332
7331
7329
7327
7326
7325
7322
7322
7320
7317
7315
7314
7313
7313
7312
7311
7311
7309
7308
7308
7308
7307
7306
7303
7303
7303
7303
7301
7299
7297
7297
7294
7293
7292
7291
7290
7289
7288
7287
7285
7285
7284
7282
7282
7281
7280
7279
7277
7276
7274
7272
7272
7270
7269
7268
7268
7267
7267
7266
7265
7262
7261
7261
7255
7255
7255
7255
7254
7254
7252
7251
7250
7248
7244
7243
7241
7241
7240
7238
7237
7236
7235
7231
7231
7230
7229
7229
7226
7226
7225
7224
7223
7222
7222
7222
7221
7220
7219
7219
7219
7218
7217
7217
7217
7213
7213
7212
7208
7207
7206
7205
7205
7204
7204
7202
7200
7200
7200
7198
7197
7194
7192
7192
7191
7190
7190
7189
7189
7188
7187
7185
7184
7183
7183
7183
7182
7181
7181
7180
7180
7179
7179
7178
7177
7174
7173
7172
7171
7170
7168
7167
7166
7165
7164
7164
7163
7163
7162
7161
7160
7160
7159
7159
7159
7158
7158
7157
7157
7156
7156
7153
7150
7149
7144
7143
7142
7138
7138
7137
7137
7137
7136
7134
7133
7133
7133
7132
7131
7130
7130
7130
7129
7129
7128
7126
7124
7122
7120
7117
7115
7112
7111
7110
7109
7109
7109
7106
7105
7105
7103
7102
7099
7099
7099
7096
7096
7095
7094
7093
7093
7092
7091
7089
7087
7084
7084
7083
7083
7082
7079
7078
7078
7077
7077
7077
7075
7075
7074
7073
7072
7066
7066
7065
7061
7060
7059
7057
7057
7057
7055
7054
7053
7053
7049
7046
7045
7043
7042
7041
7039
7036
7035
7035
7033
7031
7030
7030
7029
7027
7023
7022
7021
7021
7021
7021
7021
7019
7019
7018
7018
7017
7016
7014
7014
7013
7013
7011
7011
7010
7008
7006
7005
7002
7002
6998
6998
6997
6996
6994
6994
6993
6993
6992
6992
6992
6990
6987
6985
6985
6984
6984
6982
6982
6981
6981
6981
6980
6979
6978
6977
6977
6976
6976
6974
6973
6972
6971
6970
6970
6968
6967
6967
6963
6963
6963
6962
6961
6959
6958
6958
6957
6956
6955
6954
6952
6952
6951
6951
6947
6946
6946
6945
6944
6943
6943
6941
6940
6940
6939
6938
6935
6935
6935
6931
6930
6929
6928
6927
6927
6927
6926
6925
6923
6920
6919
6916
6914
6913
6911
6910
6909
6909
6908
6907
6907
6907
6904
6903
6902
6902
6901
6901
6897
6896
6895
6893
6892
6891
6890
6887
6884
6884
6883
6882
6881
6881
6881
6879
6879
6879
6878
6878
6878
6877
6877
6875
6873
6873
6872
6872
6872
6870
6869
6868
6867
6867
6867
6866
6862
6861
6861
6861
6860
6860
6859
6858
6857
6856
6856
6850
6849
6849
6848
6848
6845
6845
6845
6843
6842
6842
6841
6839
6839
6838
6838
6836
6832
6832
6831
6829
6828
6828
6827
6827
6827
6827
6827
6824
6824
6824
6823
6821
6819
6817
6816
6816
6816
6816
6812
6812
6811
6810
6809
6809
6808
6803
6803
6802
6801
6799
6797
6797
6797
6796
6796
6796
6795
6795
6794
6792
6791
6789
6789
6789
6788
6788
6786
6786
6785
6780
6780
6780
6780
6780
6779
6779
6778
6776
6774
6772
6771
6771
6771
6766
6765
6765
6761
6761
6760
6760
6759
6758
6757
6754
6754
6752
6748
6748
6747
6747
6747
6746
6745
6744
6744
6741
6740
6739
6739
6738
6737
6736
6736
6734
6734
6733
6730
6730
6727
6727
6727
6726
6726
6724
6723
6721
6719
6717
6716
6714
6713
6708
6708
6708
6706
6706
6703
6702
6700
6700
6698
6697
6697
6696
6695
6693
6692
6692
6692
6691
6690
6690
6689
6689
6688
6687
6684
6682
6681
6681
6680
6679
6679
6677
6676
6675
6675
6675
6671
6669
6669
6669
6668
6667
6667
6666
6666
6665
6665
6664
6662
6662
6661
6661
6661
6656
6654
6653
6652
6651
6650
6649
6648
6648
6646
6646
6645
6645
6645
6644
6644
6643
6643
6643
6642
6640
6640
6640
6638
6638
6637
6637
6637
6637
6636
6635
6635
6634
6634
6631
6631
6631
6631
6629
6629
6629
6628
6627
6624
6623
6623
6622
6621
6619
6619
6618
6616
6615
6615
6615
6614
6612
6611
6611
6609
6609
6609
6608
6608
6608
6608
6608
6607
6606
6605
6604
6603
6602
6601
6601
6600
6600
6600
6599
6599
6598
6592
6591
6591
6591
6590
6589
6589
6589
6589
6588
6586
6585
6585
6584
6583
6583
6581
6580
6580
6578
6577
6575
6575
6574
6572
6572
6571
6570
6569
6569
6567
6567
6567
6566
6565
6565
6564
6564
6563
6562
6561
6561
6560
6559
6558
6558
6558
6558
6551
6549
6547
6545
6545
6543
6540
6540
6538
6537
6536
6536
6536
6535
6535
6534
6532
6530
6529
6529
6528
6528
6527
6527
6525
6524
6523
6523
6522
6521
6521
6521
6521
6520
6519
6518
6517
6517
6517
6516
6514
6509
6509
6508
6506
6505
6505
6501
6498
6498
6495
6495
6495
6495
6493
6492
6491
6490
6490
6490
6489
6488
6488
6488
6488
6488
6487
6486
6483
6483
6482
6479
6479
6478
6477
6476
6475
6474
6473
6473
6472
6471
6468
6467
6466
6465
6465
6463
6462
6461
6460
6460
6456
6456
6454
6454
6453
6451
6450
6449
6448
6448
6447
6447
6445
6444
6444
6441
6439
6438
6438
6437
6436
6433
6430
6430
6430
6429
6428
6428
6427
6426
6426
6425
6422
6421
6420
6420
6420
6419
6417
6417
6416
6416
6410
6410
6409
6409
6407
6407
6406
6406
6405
6405
6404
6402
6401
6399
6397
6397
6397
6396
6393
6391
6390
6390
6389
6387
6385
6384
6384
6383
6381
6380
6379
6378
6378
6377
6376
6374
6374
6373
6371
6371
6371
6370
6369
6369
6365
6364
6362
6362
6361
6360
6360
6359
6359
6359
6359
6355
6355
6354
6353
6353
6353
6352
6351
6349
6348
6347
6346
6346
6344
6343
6343
6341
6341
6340
6340
6339
6336
6334
6334
6334
6333
6330
6327
6326
6326
6325
6324
6322
6319
6315
6315
6314
6314
6313
6311
6311
6311
6311
6311
6309
6304
6303
6303
6302
6299
6299
6298
6296
6295
6294
6293
6293
6293
6292
6291
6291
6291
6290
6290
6290
6288
6288
6286
6284
6284
6282
6281
6281
6281
6280
6280
6280
6279
6279
6279
6278
6277
6276
6276
6275
6274
6274
6271
6269
6269
6269
6268
6268
6266
6265
6264
6263
6263
6261
6260
6256
6255
6252
6251
6250
6249
6248
6246
6244
6242
6242
6236
6236
6234
6234
6233
6233
6232
6229
6229
6229
6225
6225
6224
6224
6224
6224
6223
6223
6222
6219
6218
6217
6217
6217
6215
6214
6214
6214
6212
6211
6209
6208
6207
6207
6204
6203
6201
6201
6201
6200
6197
6196
6195
6195
6194
6191
6189
6188
6187
6186
6186
6175
6175
6174
6174
6174
6173
6173
6172
6171
6170
6169
6168
6167
6166
6166
6165
6165
6164
6163
6163
6160
6160
6159
6159
6159
6158
6158
6157
6156
6156
6155
6155
6154
6154
6152
6152
6152
6152
6151
6150
6150
6149
6147
6147
6145
6144
6143
6143
6142
6141
6141
6140
6140
6137
6135
6134
6134
6134
6132
6131
6131
6131
6130
6128
6128
6128
6127
6127
6127
6126
6126
6124
6123
6122
6122
6122
6120
6119
6119
6118
6118
6116
6116
6116
6116
6115
6114
6114
6113
6113
6112
6111
6111
6110
6109
6107
6107
6103
6103
6102
6100
6100
6099
6099
6099
6098
6096
6095
6094
6094
6094
6093
6092
6090
6090
6089
6088
6086
6084
6084
6082
6081
6080
6080
6079
6076
6074
6073
6072
6071
6069
6068
6067
6065
6065
6062
6061
6061
6061
6060
6059
6059
6057
6057
6056
6055
6055
6055
6053
6053
6053
6052
6051
6051
6051
6051
6049
6046
6046
6045
6045
6044
6044
6040
6040
6039
6037
6035
6035
6034
6033
6032
6030
6030
6027
6025
6025
6024
6022
6021
6021
6021
6018
6018
6018
6017
6017
6016
6016
6014
6014
6013
6010
6009
6009
6008
6005
6005
6005
6002
6002
6001
6001
6001
5998
5998
5997
5997
5995
5995
5994
5994
5993
5993
5992
5991
5991
5990
5989
5988
5988
5988
5987
5987
5985
5984
5984
5984
5984
5983
5983
5982
5982
5981
5981
5981
5980
5980
5978
5978
5977
5977
5977
5977
5977
5976
5974
5973
5973
5973
5971
5971
5968
5968
5967
5967
5966
5965
5965
5963
5962
5962
5958
5955
5954
5954
5953
5953
5951
5951
5950
5950
5950
5949
5948
5948
5948
5946
5941
5940
5939
5935
5935
5933
5932
5931
5930
5929
5928
5926
5926
5925
5924
5924
5921
5921
5921
5917
5916
5916
5915
5915
5915
5914
5912
5912
5911
5910
5910
5905
5902
5901
5900
5899
5898
5898
5897
5895
5893
5892
5890
5890
5887
5887
5886
5885
5884
5883
5882
5882
5881
5881
5879
5878
5877
5876
5876
5875
5874
5872
5872
5871
5870
5870
5869
5868
5868
5867
5863
5859
5859
5859
5858
5856
5855
5855
5855
5854
5853
5852
5852
5849
5848
5847
5847
5845
5841
5839
5837
5837
5836
5835
5835
5835
5832
5831
5831
5830
5830
5829
5829
5827
5826
5825
5825
5824
5822
5821
5819
5819
5817
5816
5816
5814
5814
5814
5813
5813
5811
5810
5810
5810
5810
5809
5809
5809
5808
5808
5808
5807
5806
5804
5803
5803
5801
5801
5800
5799
5799
5799
5798
5797
5797
5796
5795
5790
5790
5787
5787
5785
5783
5783
5782
5781
5780
5780
5778
5777
5775
5774
5773
5773
5772
5770
5769
5768
5767
5765
5763
5762
5762
5761
5759
5758
5757
5757
5756
5754
5752
5751
5748
5747
5747
5746
5745
5744
5743
5743
5743
5743
5742
5742
5742
5741
5741
5740
5739
5738
5737
5737
5736
5734
5733
5733
5733
5732
5727
5724
5723
5722
5721
5720
5719
5718
5717
5717
5715
5715
5714
5711
5711
5711
5709
5707
5707
5707
5706
5706
5700
5699
5698
5698
5698
5697
5696
5694
5692
5691
5691
5687
5686
5683
5682
5682
5681
5681
5679
5677
5677
5676
5676
5675
5675
5675
5675
5674
5674
5673
5673
5672
5671
5670
5668
5667
5665
5664
5663
5662
5661
5658
5654
5654
5652
5652
5651
5651
5650
5648
5647
5646
5646
5645
5645
5645
5643
5643
5641
5640
5637
5637
5636
5636
5636
5635
5633
5633
5632
5632
5632
5629
5628
5627
5627
5624
5622
5621
5620
5620
5619
5618
5618
5617
5615
5614
5612
5612
5612
5611
5610
5609
5609
5608
5608
5608
5608
5607
5607
5606
5601
5601
5601
5600
5600
5599
5599
5598
5597
5597
5595
5593
5590
5588
5588
5588
5587
5585
5583
5582
5581
5580
5578
5577
5577
5571
5570
5568
5568
5567
5564
5564
5563
5561
5561
5559
5558
5558
5558
5557
5555
5555
5553
5553
5552
5550
5550
5550
5549
5548
5548
5546
5546
5545
5542
5542
5542
5542
5542
5539
5538
5536
5535
5533
5533
5533
5530
5527
5527
5527
5527
5526
5525
5524
5522
5522
5521
5520
5520
5520
5516
5514
5513
5512
5510
5510
5510
5508
5508
5507
5505
5504
5503
5503
5501
5500
5500
5500
5499
5499
5499
5498
5497
5496
5496
5496
5494
5494
5493
5491
5489
5489
5488
5487
5486
5485
5485
5485
5484
5480
5479
5478
5477
5476
5475
5474
5474
5472
5471
5471
5471
5467
5466
5465
5465
5465
5464
5461
5461
5460
5460
5460
5458
5457
5456
5454
5453
5453
5452
5447
5446
5446
5446
5444
5443
5443
5443
5442
5441
5440
5440
5436
5433
5432
5431
5430
5427
5427
5427
5426
5426
5425
5424
5424
5423
5422
5421
5420
5420
5419
5417
5416
5415
5415
5414
5414
5412
5412
5411
5409
5409
5409
5407
5407
5405
5404
5404
5404
5403
5401
5401
5401
5400
5398
5398
5398
5397
5396
5394
5390
5390
5389
5388
5387
5385
5383
5383
5383
5382
5381
5380
5378
5378
5376
5376
5375
5372
5371
5371
5370
5370
5369
5367
5367
5367
5366
5366
5365
5365
5364
5363
5360
5360
5358
5357
5357
5356
5356
5356
5356
5355
5354
5352
5349
5349
5348
5346
5343
5343
5343
5342
5341
5340
5337
5337
5334
5334
5334
5333
5332
5331
5331
5330
5329
5329
5328
5328
5328
5328
5328
5325
5324
5324
5324
5323
5322
5321
5320
5320
5317
5317
5317
5314
5314
5312
5308
5302
5300
5300
5299
5295
5295
5295
5294
5294
5293
5293
5293
5292
5291
5291
5289
5288
5288
5288
5288
5287
5287
5285
5285
5285
5285
5284
5282
5280
5278
5274
5273
5272
5271
5271
5270
5269
5268
5268
5266
5266
5266
5265
5264
5264
5261
5260
5260
5259
5256
5253
5252
5250
5249
5246
5245
5240
5240
5240
5237
5237
5236
5235
5235
5232
5231
5231
5231
5230
5228
5227
5226
5225
5224
5223
5221
5220
5220
5219
5219
5219
5217
5216
5216
5214
5214
5212
5211
5211
5209
5207
5207
5207
5207
5206
5205
5205
5205
5203
5202
5202
5201
5200
5199
5198
5197
5197
5195
5195
5194
5191
5190
5187
5187
5186
5184
5184
5182
5179
5177
5174
5173
5172
5171
5171
5171
5167
5167
5167
5166
5165
5165
5165
5163
5163
5162
5161
5161
5161
5160
5159
5158
5158
5158
5158
5158
5156
5155
5155
5155
5154
5152
5151
5151
5147
5146
5146
5146
5145
5145
5143
5141
5140
5139
5139
5139
5139
5139
5139
5138
5136
5136
5136
5136
5136
5135
5135
5134
5131
5125
5124
5123
5123
5122
5121
5121
5120
5116
5111
5111
5110
5110
5110
5107
5107
5106
5106
5106
5105
5103
5103
5102
5102
5102
5101
5100
5100
5097
5094
5093
5091
5091
5090
5089
5086
5084
5084
5083
5083
5082
5081
5081
5080
5080
5079
5078
5076
5076
5074
5074
5074
5073
5073
5071
5071
5071
5070
5069
5066
5065
5064
5063
5062
5060
5059
5058
5057
5057
5057
5057
5056
5056
5055
5052
5050
5049
5049
5049
5048
5046
5046
5045
5041
5040
5040
5040
5039
5034
5032
5032
5032
5031
5029
5025
5025
5022
5021
5020
5020
5019
5019
5017
5016
5016
5015
5013
5013
5011
5011
5010
5010
5009
5005
5004
5004
5003
5002
5001
5001
5001
5001
5001
4999
4999
4998
4998
4997
4996
4993
4993
4991
4991
4991
4990
4987
4986
4986
4985
4985
4984
4983
4982
4982
4982
4982
4979
4979
4979
4978
4978
4978
4978
4977
4976
4976
4975
4975
4975
4974
4973
4972
4971
4970
4968
4967
4966
4966
4965
4965
4965
4961
4959
4959
4958
4958
4954
4953
4953
4951
4951
4951
4951
4951
4950
4949
4946
4946
4945
4945
4944
4944
4942
4941
4941
4938
4938
4936
4935
4935
4935
4934
4931
4930
4926
4926
4926
4926
4925
4924
4923
4923
4922
4922
4921
4920
4918
4917
4917
4916
4915
4914
4913
4909
4909
4908
4908
4904
4904
4902
4902
4900
4899
4897
4896
4895
4894
4894
4894
4894
4892
4891
4890
4890
4889
4889
4888
4888
4887
4886
4886
4885
4885
4884
4883
4883
4882
4881
4880
4880
4879
4879
4878
4878
4878
4877
4877
4876
4876
4875
4875
4874
4873
4871
4868
4866
4866
4866
4864
4864
4864
4863
4863
4863
4861
4861
4859
4858
4857
4857
4856
4855
4854
4853
4852
4852
4852
4850
4848
4845
4844
4843
4843
4842
4841
4839
4839
4837
4836
4833
4832
4832
4831
4829
4827
4826
4825
4825
4824
4817
4815
4815
4815
4813
4813
4813
4812
4812
4811
4811
4808
4808
4808
4803
4803
4801
4801
4799
4798
4797
4797
4796
4796
4795
4795
4793
4793
4792
4790
4789
4789
4786
4785
4784
4784
4781
4779
4779
4778
4774
4773
4770
4768
4767
4764
4763
4760
4760
4755
4754
4753
4752
4750
4749
4749
4748
4747
4747
4746
4746
4745
4745
4743
4742
4741
4740
4739
4738
4737
4737
4737
4736
4736
4735
4732
4732
4731
4730
4729
4729
4728
4727
4727
4727
4726
4726
4726
4725
4722
4720
4720
4719
4717
4717
4716
4714
4713
4712
4711
4711
4709
4708
4707
4706
4706
4705
4704
4702
4702
4701
4701
4701
4699
4698
4698
4697
4695
4694
4692
4692
4691
4689
4689
4688
4686
4685
4684
4684
4683
4683
4682
4682
4682
4682
4682
4681
4681
4681
4680
4680
4679
4679
4678
4678
4677
4677
4676
4675
4674
4673
4672
4672
4671
4671
4670
4669
4669
4668
4668
4668
4667
4665
4663
4660
4658
4654
4654
4653
4653
4651
4650
4649
4649
4648
4645
4644
4643
4643
4641
4641
4641
4640
4638
4638
4638
4636
4634
4634
4633
4632
4631
4631
4630
4630
4630
4628
4628
4627
4626
4625
4623
4621
4620
4620
4619
4618
4616
4615
4615
4615
4615
4614
4613
4611
4610
4609
4607
4605
4601
4600
4598
4597
4596
4593
4593
4591
4590
4589
4587
4585
4585
4583
4583
4582
4582
4581
4580
4579
4579
4578
4575
4574
4571
4569
4569
4568
4568
4567
4566
4566
4565
4565
4564
4563
4563
4562
4562
4559
4559
4559
4553
4553
4553
4552
4550
4548
4547
4545
4545
4545
4544
4541
4541
4539
4538
4538
4537
4536
4536
4532
4532
4532
4531
4530
4528
4525
4523
4521
4521
4517
4516
4515
4514
4514
4513
4513
4511
4505
4505
4505
4505
4504
4503
4501
4500
4500
4499
4496
4495
4494
4493
4492
4492
4489
4488
4488
4487
4484
4484
4484
4482
4482
4482
4481
4478
4477
4475
4475
4472
4469
4469
4467
4467
4467
4466
4465
4463
4463
4461
4460
4459
4457
4457
4456
4450
4450
4450
4448
4448
4445
4438
4435
4433
4431
4431
4431
4428
4426
4421
4421
4421
4420
4419
4418
4418
4418
4417
4417
4416
4412
4411
4408
4407
4405
4405
4404
4401
4400
4400
4399
4398
4398
4398
4397
4397
4396
4395
4395
4395
4394
4394
4393
4392
4392
4392
4390
4389
4389
4388
4387
4387
4387
4386
4385
4382
4382
4381
4381
4378
4377
4375
4375
4374
4374
4373
4373
4373
4373
4372
4370
4368
4367
4367
4367
4365
4363
4362
4361
4361
4359
4357
4357
4357
4355
4354
4354
4353
4353
4353
4351
4350
4350
4350
4350
4346
4346
4345
4344
4344
4342
4342
4340
4340
4338
4338
4338
4337
4337
4335
4335
4334
4334
4333
4332
4330
4329
4329
4328
4326
4324
4324
4322
4322
4321
4320
4318
4318
4314
4314
4313
4313
4313
4311
4310
4309
4308
4306
4306
4305
4305
4304
4304
4303
4300
4298
4296
4296
4295
4295
4292
4292
4292
4292
4291
4290
4289
4288
4288
4287
4285
4283
4282
4282
4282
4281
4279
4276
4275
4275
4274
4273
4272
4272
4271
4267
4266
4264
4264
4264
4264
4262
4260
4260
4259
4257
4257
4256
4255
4255
4253
4253
4252
4252
4251
4251
4250
4249
4249
4249
4247
4246
4246
4246
4244
4243
4242
4240
4239
4239
4239
4237
4237
4233
4231
4230
4230
4228
4226
4226
4226
4226
4224
4224
4223
4222
4220
4220
4218
4217
4213
4213
4212
4209
4208
4207
4207
4207
4206
4206
4205
4204
4204
4203
4202
4202
4202
4201
4198
4198
4195
4193
4192
4191
4191
4189
4187
4183
4182
4182
4181
4180
4179
4179
4177
4177
4176
4175
4175
4174
4173
4173
4171
4170
4170
4170
4168
4167
4166
4165
4165
4163
4161
4160
4160
4160
4159
4159
4157
4155
4154
4153
4152
4151
4149
4149
4149
4146
4145
4143
4143
4143
4142
4141
4137
4137
4136
4133
4133
4133
4131
4130
4129
4127
4127
4127
4124
4124
4121
4121
4120
4119
4118
4118
4117
4116
4116
4115
4113
4111
4110
4110
4108
4107
4107
4106
4106
4104
4104
4103
4102
4099
4099
4099
4098
4096
4096
4095
4092
4091
4089
4088
4085
4084
4082
4081
4081
4079
4079
4078
4076
4074
4071
4071
4071
4070
4067
4063
4063
4063
4061
4058
4058
4057
4054
4051
4050
4050
4050
4049
4048
4047
4047
4043
4043
4042
4041
4040
4039
4037
4037
4036
4035
4035
4033
4033
4032
4030
4029
4029
4026
4018
4016
4016
4014
4014
4013
4010
4010
4009
4008
4008
4007
4006
4005
4005
4005
4004
4003
4002
4000
3999
3998
3996
3996
3994
3993
3992
3992
3989
3989
3988
3988
3988
3987
3986
3985
3985
3984
3981
3981
3981
3979
3978
3978
3977
3976
3975
3973
3973
3972
3972
3969
3968
3968
3963
3962
3961
3961
3961
3960
3959
3957
3956
3954
3953
3953
3952
3951
3950
3946
3945
3944
3942
3942
3941
3941
3940
3940
3940
3940
3940
3937
3935
3935
3935
3934
3932
3930
3930
3929
3929
3929
3926
3924
3923
3923
3923
3921
3921
3920
3917
3916
3915
3914
3914
3914
3910
3910
3909
3909
3905
3902
3902
3902
3899
3899
3897
3897
3895
3895
3893
3889
3889
3888
3887
3885
3885
3884
3884
3884
3883
3882
3881
3881
3880
3880
3880
3879
3878
3878
3877
3877
3877
3874
3871
3871
3870
3870
3869
3868
3867
3867
3864
3863
3863
3862
3862
3861
3861
3860
3859
3858
3857
3855
3853
3851
3851
3849
3848
3848
3847
3846
3842
3840
3840
3839
3839
3839
3838
3838
3836
3835
3833
3833
3831
3831
3831
3829
3826
3825
3824
3823
3823
3823
3823
3822
3822
3822
3822
3821
3821
3820
3817
3814
3811
3810
3807
3806
3804
3803
3803
3802
3800
3799
3799
3798
3798
3797
3796
3796
3795
3794
3792
3789
3787
3785
3785
3781
3781
3780
3780
3780
3779
3778
3774
3774
3774
3773
3773
3772
3771
3771
3770
3770
3770
3768
3768
3767
3765
3765
3764
3763
3761
3760
3759
3758
3758
3757
3756
3756
3755
3754
3753
3749
3747
3747
3745
3743
3741
3740
3740
3739
3737
3736
3736
3736
3735
3735
3735
3734
3733
3732
3732
3731
3731
3731
3729
3729
3729
3728
3728
3728
3727
3727
3727
3726
3726
3725
3722
3718
3717
3717
3717
3716
3715
3714
3714
3713
3712
3711
3710
3707
3705
3705
3704
3696
3693
3693
3693
3691
3690
3689
3689
3688
3687
3686
3685
3682
3679
3677
3677
3677
3677
3676
3675
3673
3672
3668
3668
3667
3665
3664
3663
3663
3662
3662
3661
3659
3657
3657
3656
3655
3654
3653
3652
3652
3651
3650
3650
3650
3649
3648
3647
3646
3646
3646
3645
3644
3643
3642
3641
3641
3640
3639
3639
3639
3638
3637
3637
3637
3636
3635
3634
3634
3633
3633
3633
3633
3632
3632
3632
3629
3628
3626
3625
3625
3623
3623
3622
3621
3621
3618
3617
3615
3615
3614
3612
3612
3611
3611
3609
3608
3607
3606
3606
3605
3602
3602
3601
3599
3598
3597
3595
3594
3594
3594
3593
3593
3592
3591
3590
3589
3588
3587
3586
3585
3585
3585
3584
3584
3581
3581
3581
3579
3579
3578
3574
3574
3573
3572
3571
3570
3570
3570
3569
3569
3569
3566
3566
3566
3566
3564
3564
3563
3560
3560
3558
3557
3556
3554
3552
3552
3552
3552
3552
3552
3550
3547
3546
3544
3543
3539
3537
3537
3537
3535
3534
3534
3532
3532
3531
3530
3528
3528
3527
3524
3522
3520
3518
3518
3516
3515
3515
3514
3513
3513
3510
3510
3508
3508
3508
3508
3505
3505
3505
3503
3500
3500
3500
3499
3499
3499
3499
3499
3496
3496
3496
3495
3494
3491
3491
3490
3489
3487
3486
3486
3484
3482
3481
3481
3481
3479
3478
3477
3476
3476
3476
3475
3474
3471
3469
3469
3468
3468
3467
3466
3466
3465
3465
3464
3462
3462
3460
3456
3456
3455
3455
3455
3455
3454
3454
3452
3452
3450
3450
3449
3449
3448
3447
3443
3443
3442
3439
3439
3438
3438
3437
3436
3436
3436
3436
3435
3434
3434
3433
3430
3430
3425
3424
3424
3423
3423
3422
3422
3421
3420
3419
3417
3415
3415
3413
3412
3412
3412
3412
3411
3407
3406
3405
3404
3403
3401
3399
3397
3397
3396
3396
3396
3395
3394
3388
3388
3387
3385
3383
3383
3381
3381
3381
3380
3380
3380
3379
3377
3377
3377
3377
3376
3376
3376
3374
3374
3373
3373
3373
3372
3372
3372
3370
3370
3368
3368
3367
3367
3366
3366
3365
3363
3362
3362
3362
3361
3358
3357
3356
3356
3354
3352
3352
3351
3351
3347
3347
3346
3346
3346
3345
3343
3343
3343
3343
3342
3342
3342
3340
3340
3340
3340
3339
3339
3339
3339
3338
3336
3336
3335
3334
3334
3334
3333
3331
3331
3331
3331
3328
3327
3327
3326
3326
3325
3322
3322
3322
3318
3318
3317
3317
3316
3314
3313
3312
3312
3311
3309
3308
3307
3306
3306
3305
3305
3304
3302
3302
3301
3301
3301
3301
3301
3300
3299
3299
3299
3298
3297
3296
3295
3295
3289
3288
3288
3287
3286
3285
3284
3283
3280
3276
3275
3275
3274
3274
3272
3270
3269
3267
3267
3266
3265
3263
3260
3260
3259
3258
3258
3256
3255
3255
3255
3254
3254
3253
3253
3252
3252
3250
3250
3250
3249
3248
3243
3243
3242
3241
3241
3240
3239
3238
3238
3237
3236
3236
3236
3236
3235
3231
3230
3229
3228
3224
3219
3219
3218
3218
3215
3215
3215
3213
3213
3209
3206
3204
3204
3203
3202
3199
3198
3197
3196
3196
3194
3194
3193
3192
3192
3191
3190
3190
3190
3189
3188
3187
3186
3182
3182
3181
3180
3179
3179
3178
3178
3177
3177
3176
3173
3172
3172
3171
3171
3171
3170
3168
3167
3167
3165
3164
3164
3162
3162
3162
3160
3160
3159
3159
3157
3156
3155
3152
3150
3150
3148
3148
3146
3146
3145
3144
3141
3139
3139
3139
3139
3139
3138
3133
3132
3132
3132
3131
3131
3130
3129
3128
3126
3125
3125
3123
3123
3122
3120
3120
3120
3119
3116
3115
3115
3113
3111
3110
3109
3109
3109
3107
3107
3106
3106
3106
3105
3104
3101
3101
3101
3099
3099
3098
3097
3097
3095
3095
3095
3092
3091
3091
3091
3090
3089
3089
3088
3088
3087
3087
3086
3085
3081
3079
3077
3075
3075
3075
3075
3075
3072
3070
3070
3069
3068
3068
3068
3065
3065
3063
3061
3061
3059
3058
3058
3056
3052
3049
3049
3049
3049
3049
3046
3046
3045
3044
3042
3039
3039
3036
3033
3032
3032
3032
3030
3030
3030
3029
3029
3028
3028
3027
3027
3027
3025
3023
3022
3020
3020
3019
3018
3018
3011
3009
3009
3008
3007
3006
3005
3005
3005
3003
3003
3001
2999
2998
2996
2995
2995
2993
2993
2992
2991
2989
2988
2988
2986
2983
2983
2983
2979
2977
2974
2973
2973
2973
2972
2971
2971
2970
2970
2970
2970
2968
2967
2966
2966
2965
2962
2961
2960
2960
2958
2957
2957
2955
2954
2954
2953
2953
2953
2951
2951
2947
2946
2945
2942
2941
2940
2938
2938
2937
2936
2936
2936
2935
2931
2929
2929
2927
2924
2923
2923
2922
2920
2918
2918
2917
2917
2917
2917
2916
2916
2916
2916
2914
2913
2913
2912
2912
2911
2911
2910
2910
2909
2909
2909
2908
2908
2907
2906
2906
2906
2906
2905
2904
2903
2902
2901
2900
2899
2899
2898
2897
2896
2895
2895
2894
2893
2892
2892
2890
2889
2889
2889
2889
2889
2888
2887
2887
2885
2885
2884
2884
2883
2883
2881
2881
2878
2878
2878
2878
2878
2878
2877
2877
2876
2875
2872
2872
2872
2871
2869
2869
2868
2867
2866
2865
2864
2863
2862
2860
2859
2858
2856
2856
2855
2855
2854
2852
2851
2851
2850
2847
2845
2845
2842
2841
2841
2840
2839
2838
2837
2837
2836
2836
2836
2833
2831
2831
2830
2830
2829
2827
2826
2826
2825
2824
2824
2823
2822
2822
2822
2820
2820
2818
2818
2818
2817
2817
2815
2813
2809
2808
2808
2807
2807
2806
2804
2803
2803
2803
2802
2802
2801
2801
2801
2800
2800
2799
2799
2799
2798
2798
2797
2793
2793
2792
2792
2788
2787
2785
2785
2784
2783
2782
2782
2782
2782
2782
2779
2777
2777
2775
2775
2774
2774
2773
2772
2771
2768
2767
2766
2766
2766
2764
2763
2763
2761
2761
2755
2754
2754
2753
2753
2752
2752
2752
2751
2750
2750
2749
2749
2746
2745
2745
2743
2743
2742
2742
2740
2740
2739
2739
2738
2738
2736
2736
2735
2734
2733
2733
2733
2732
2732
2730
2730
2729
2728
2724
2723
2723
2722
2722
2722
2721
2719
2718
2716
2716
2716
2715
2714
2712
2712
2710
2709
2709
2708
2705
2704
2704
2703
2703
2703
2702
2701
2700
2699
2697
2697
2697
2696
2696
2696
2695
2695
2693
2692
2692
2691
2691
2690
2689
2689
2687
2686
2686
2685
2685
2682
2679
2678
2672
2672
2671
2670
2670
2670
2669
2668
2667
2664
2662
2661
2661
2660
2660
2660
2659
2659
2659
2653
2650
2650
2648
2648
2647
2647
2646
2645
2644
2644
2644
2643
2643
2643
2643
2642
2640
2640
2640
2639
2639
2639
2637
2636
2636
2634
2634
2633
2629
2627
2625
2622
2621
2621
2620
2619
2618
2617
2613
2612
2612
2610
2609
2608
2605
2605
2604
2604
2602
2600
2600
2599
2598
2596
2594
2593
2593
2593
2593
2592
2592
2592
2592
2592
2591
2591
2591
2591
2590
2589
2587
2587
2587
2584
2583
2582
2581
2578
2577
2576
2575
2574
2574
2568
2567
2566
2564
2560
2557
2556
2555
2554
2553
2553
2549
2549
2549
2548
2547
2547
2546
2544
2544
2543
2542
2541
2540
2540
2539
2538
2538
2537
2537
2536
2536
2535
2534
2532
2532
2531
2531
2531
2531
2528
2527
2527
2526
2525
2525
2525
2520
2519
2519
2518
2516
2516
2516
2515
2513
2512
2512
2509
2508
2508
2506
2506
2505
2504
2504
2503
2502
2502
2499
2499
2497
2497
2495
2491
2491
2491
2490
2487
2486
2484
2483
2483
2482
2482
2482
2482
2480
2479
2478
2478
2475
2474
2474
2474
2473
2472
2471
2470
2469
2469
2469
2469
2467
2465
2465
2464
2462
2461
2461
2458
2458
2456
2455
2452
2451
2450
2450
2442
2441
2440
2440
2438
2438
2435
2434
2434
2434
2432
2429
2428
2426
2426
2425
2420
2420
2418
2417
2417
2416
2415
2414
2411
2409
2407
2407
2405
2405
2405
2404
2404
2404
2403
2403
2401
2400
2400
2399
2399
2398
2397
2396
2396
2396
2395
2394
2393
2392
2391
2391
2388
2385
2385
2384
2382
2381
2380
2377
2376
2376
2376
2375
2375
2375
2375
2374
2374
2373
2371
2371
2371
2369
2369
2366
2365
2365
2364
2364
2361
2360
2360
2360
2359
2359
2356
2355
2355
2355
2353
2352
2351
2350
2350
2348
2348
2347
2345
2345
2345
2345
2343
2342
2341
2341
2340
2340
2339
2338
2338
2336
2335
2334
2334
2333
2333
2332
2331
2331
2331
2330
2330
2328
2325
2324
2323
2323
2321
2318
2314
2311
2310
2310
2308
2308
2306
2305
2305
2305
2302
2300
2300
2299
2299
2299
2298
2297
2294
2294
2292
2291
2291
2291
2291
2290
2290
2289
2287
2287
2286
2285
2285
2284
2283
2283
2282
2281
2280
2280
2277
2277
2273
2271
2270
2270
2270
2270
2269
2269
2266
2264
2264
2264
2264
2263
2261
2261
2260
2260
2258
2258
2258
2258
2253
2253
2250
2249
2249
2248
2248
2247
2247
2247
2246
2246
2244
2242
2240
2238
2237
2237
2235
2235
2235
2234
2233
2232
2230
2230
2229
2226
2226
2225
2225
2223
2222
2220
2219
2219
2218
2218
2218
2217
2216
2216
2214
2214
2212
2206
2206
2206
2205
2205
2204
2203
2202
2202
2196
2195
2195
2194
2194
2194
2193
2191
2191
2189
2188
2186
2186
2186
2186
2185
2183
2180
2180
2179
2179
2179
2178
2178
2178
2176
2173
2173
2171
2169
2167
2166
2166
2165
2165
2164
2164
2164
2163
2163
2162
2162
2161
2158
2157
2153
2152
2150
2149
2147
2147
2146
2145
2144
2141
2139
2138
2138
2136
2136
2135
2134
2134
2134
2132
2131
2130
2129
2127
2125
2124
2123
2122
2120
2120
2119
2118
2118
2118
2115
2114
2112
2112
2111
2111
2110
2109
2105
2105
2104
2103
2103
2101
2098
2096
2093
2092
2092
2090
2088
2088
2087
2082
2081
2080
2078
2078
2075
2074
2074
2074
2072
2071
2068
2068
2068
2067
2066
2065
2065
2065
2060
2060
2059
2059
2058
2058
2056
2056
2056
2055
2055
2054
2052
2051
2050
2049
2048
2046
2044
2043
2043
2040
2040
2040
2039
2038
2038
2037
2037
2036
2034
2034
2032
2031
2030
2029
2028
2025
2025
2024
2024
2023
2022
2020
2020
2019
2019
2018
2016
2014
2012
2011
2010
2010
2009
2008
2007
2007
2002
2002
2000
2000
1999
1999
1999
1998
1994
1990
1990
1989
1989
1987
1987
1986
1985
1984
1984
1983
1982
1982
1980
1979
1979
1977
1976
1976
1974
1974
1973
1971
1971
1970
1969
1967
1964
1963
1963
1963
1961
1960
1959
1959
1958
1957
1957
1956
1955
1955
1954
1951
1951
1951
1951
1948
1947
1944
1944
1943
1943
1942
1942
1941
1940
1940
1939
1938
1937
1937
1930
1929
1928
1927
1925
1925
1924
1922
1918
1918
1916
1916
1916
1915
1914
1914
1913
1912
1911
1910
1905
1905
1904
1903
1902
1901
1898
1898
1898
1896
1895
1894
1890
1890
1889
1888
1888
1887
1887
1887
1886
1883
1883
1883
1880
1880
1879
1879
1879
1879
1877
1877
1874
1874
1873
1873
1872
1872
1870
1868
1868
1867
1864
1863
1858
1854
1854
1853
1852
1851
1851
1851
1850
1850
1849
1847
1844
1843
1843
1842
1841
1840
1840
1839
1839
1837
1837
1835
1835
1834
1834
1834
1833
1832
1832
1832
1831
1831
1830
1829
1828
1828
1828
1828
1827
1826
1825
1825
1823
1820
1817
1816
1816
1814
1813
1812
1811
1810
1808
1807
1807
1807
1806
1806
1806
1806
1806
1805
1804
1801
1799
1798
1797
1797
1796
1795
1795
1795
1790
1790
1788
1788
1786
1785
1779
1778
1777
1776
1775
1774
1774
1773
1773
1771
1771
1770
1770
1768
1764
1762
1761
1761
1761
1760
1760
1759
1757
1756
1755
1755
1753
1752
1751
1749
1748
1747
1747
1746
1745
1744
1744
1744
1744
1742
1742
1741
1740
1739
1739
1738
1738
1737
1737
1737
1735
1734
1733
1732
1730
1729
1729
1728
1728
1724
1723
1723
1723
1721
1721
1720
1717
1717
1717
1716
1714
1713
1713
1713
1712
1711
1710
1708
1708
1707
1707
1705
1703
1702
1702
1702
1700
1696
1695
1694
1694
1693
1692
1692
1689
1689
1687
1687
1685
1685
1684
1682
1682
1681
1681
1679
1674
1673
1671
1670
1669
1669
1668
1667
1665
1665
1663
1660
1660
1659
1658
1658
1657
1654
1654
1652
1651
1650
1646
1646
1645
1644
1643
1642
1642
1641
1639
1638
1638
1638
1636
1636
1634
1628
1627
1626
1625
1623
1622
1622
1622
1619
1619
1616
1616
1615
1615
1614
1612
1611
1609
1607
1607
1607
1606
1605
1603
1603
1599
1599
1599
1598
1598
1597
1594
1594
1593
1593
1592
1592
1592
1591
1590
1590
1589
1589
1588
1588
1587
1586
1585
1585
1584
1583
1580
1580
1579
1578
1576
1575
1574
1574
1573
1573
1573
1573
1569
1568
1566
1566
1565
1565
1565
1565
1564
1563
1562
1562
1561
1561
1561
1559
1557
1556
1555
1554
1554
1553
1553
1551
1550
1549
1549
1549
1548
1548
1547
1546
1546
1546
1543
1543
1542
1541
1541
1541
1538
1536
1534
1530
1530
1530
1529
1527
1526
1525
1524
1524
1524
1523
1522
1520
1519
1519
1519
1518
1517
1516
1513
1511
1510
1508
1508
1507
1505
1505
1504
1503
1502
1501
1501
1495
1494
1491
1491
1489
1489
1488
1486
1486
1486
1484
1483
1483
1482
1482
1479
1476
1475
1474
1473
1472
1471
1470
1469
1468
1468
1466
1465
1465
1462
1462
1461
1460
1458
1458
1457
1455
1454
1453
1453
1453
1452
1451
1451
1449
1448
1447
1447
1447
1447
1446
1446
1443
1442
1441
1440
1440
1440
1440
1438
1437
1437
1436
1434
1433
1432
1430
1428
1424
1423
1421
1420
1419
1419
1418
1415
1414
1414
1413
1412
1410
1409
1409
1408
1407
1406
1406
1406
1406
1405
1405
1402
1401
1399
1399
1399
1398
1397
1397
1396
1395
1393
1393
1391
1389
1389
1388
1388
1387
1387
1385
1385
1383
1383
1381
1381
1380
1379
1377
1377
1372
1372
1368
1368
1367
1366
1364
1363
1362
1361
1360
1360
1360
1359
1355
1355
1354
1354
1352
1352
1351
1350
1350
1346
1345
1345
1343
1343
1341
1339
1338
1337
1336
1336
1334
1334
1332
1332
1329
1328
1325
1324
1323
1323
1322
1322
1320
1320
1320
1318
1318
1315
1314
1314
1314
1312
1311
1310
1310
1309
1308
1308
1307
1305
1301
1300
1297
1297
1296
1296
1295
1292
1292
1292
1290
1290
1290
1289
1287
1286
1285
1285
1284
1283
1280
1277
1276
1276
1275
1275
1275
1274
1273
1269
1268
1266
1266
1265
1264
1261
1261
1261
1260
1259
1258
1257
1252
1250
1250
1247
1246
1245
1244
1240
1240
1240
1239
1237
1236
1235
1231
1230
1230
1227
1225
1225
1224
1224
1223
1223
1223
1222
1221
1220
1219
1216
1216
1216
1215
1215
1215
1214
1210
1209
1208
1207
1207
1202
1202
1201
1200
1200
1199
1198
1197
1197
1197
1197
1196
1195
1194
1193
1193
1191
1190
1189
1189
1188
1188
1187
1185
1184
1184
1184
1183
1181
1181
1180
1180
1180
1179
1179
1176
1176
1175
1175
1171
1171
1171
1170
1168
1168
1167
1167
1163
1163
1162
1161
1160
1159
1159
1159
1159
1158
1158
1155
1152
1152
1152
1151
1150
1149
1147
1147
1146
1145
1145
1145
1145
1144
1144
1143
1143
1141
1141
1141
1141
1140
1139
1139
1139
1139
1138
1136
1136
1131
1130
1130
1129
1128
1128
1127
1126
1125
1124
1122
1120
1116
1115
1113
1113
1113
1111
1110
1110
1106
1105
1105
1103
1100
1100
1099
1099
1098
1098
1097
1095
1095
1091
1090
1090
1089
1087
1087
1087
1087
1086
1085
1082
1081
1081
1077
1077
1076
1075
1075
1073
1072
1070
1069
1068
1067
1067
1067
1066
1065
1065
1062
1062
1062
1060
1060
1058
1058
1054
1052
1052
1051
1050
1049
1047
1044
1043
1040
1039
1039
1038
1038
1035
1035
1031
1031
1030
1030
1030
1029
1028
1027
1027
1027
1026
1026
1025
1024
1024
1024
1023
1023
1023
1022
1017
1017
1016
1016
1016
1016
1016
1015
1014
1014
1012
1011
1011
1010
1009
1009
1007
1003
1003
1002
1002
1001
1000
999
999
999
998
998
997
995
995
995
994
993
992
992
990
987
986
986
984
984
983
983
982
981
980
980
979
978
977
977
977
973
971
971
970
969
968
968
968
967
967
966
965
965
964
963
961
960
960
960
959
957
956
954
951
951
950
950
949
948
947
946
946
946
944
944
942
941
940
940
940
940
939
936
936
936
935
935
934
932
931
931
930
930
929
928
928
928
926
925
924
924
924
922
921
921
921
918
918
916
915
915
914
913
911
911
910
910
910
908
908
908
908
907
905
905
903
903
902
901
901
900
900
900
899
898
897
897
897
897
897
896
893
892
891
889
887
887
886
885
883
879
879
878
876
876
872
866
866
866
864
864
863
861
860
858
857
856
856
855
854
854
852
852
851
851
850
848
846
846
846
845
845
845
845
844
843
840
838
838
838
838
838
836
835
832
831
831
830
829
827
827
827
826
826
826
825
825
823
821
820
819
817
816
814
813
813
812
812
810
810
804
804
804
803
801
801
800
800
799
799
799
799
792
790
790
787
786
786
786
785
784
783
782
782
782
782
779
778
776
774
774
770
765
764
764
762
762
759
759
755
753
753
751
751
750
747
747
746
744
743
742
741
739
737
736
736
736
736
734
732
732
727
727
727
727
725
724
724
724
723
722
722
721
721
720
720
720
717
714
714
713
711
711
709
708
705
705
704
703
702
701
701
701
700
700
696
694
694
694
692
691
690
689
687
685
684
683
678
673
673
672
671
669
669
668
667
666
666
663
663
661
661
658
658
656
655
655
653
653
653
652
652
651
650
650
649
649
645
643
643
642
640
640
640
639
635
635
634
634
633
633
632
630
629
628
624
624
621
621
620
620
618
618
617
617
616
614
614
612
611
611
610
609
609
609
609
609
607
606
605
604
603
603
601
600
600
598
598
594
593
592
592
591
591
590
590
588
588
588
588
586
585
585
585
584
584
583
583
581
579
579
578
578
578
576
576
576
576
576
574
573
573
572
571
570
570
568
568
568
567
566
565
563
559
559
557
557
556
548
547
545
545
545
544
544
544
543
541
541
540
540
539
538
536
533
533
532
529
528
527
525
525
524
524
522
520
520
519
519
519
517
511
509
509
508
505
504
504
504
504
503
503
502
500
498
498
497
496
494
491
491
490
490
490
490
489
488
488
488
487
483
483
483
480
479
478
477
476
476
473
473
472
472
472
470
469
468
468
466
465
465
464
460
460
460
458
457
457
456
456
454
453
453
453
451
451
448
448
448
446
445
444
443
443
443
442
442
441
440
439
438
438
437
436
435
434
433
432
431
429
428
427
424
424
422
421
421
420
420
419
417
415
414
413
412
411
411
410
409
409
408
408
406
406
402
400
399
398
396
396
396
396
393
392
389
388
387
387
386
383
383
383
382
379
377
376
375
375
374
371
367
367
364
363
363
362
362
359
358
358
357
357
356
355
354
354
353
352
352
351
350
350
350
349
346
346
344
344
343
343
340
340
340
340
338
337
336
335
335
335
334
333
332
328
327
325
324
324
322
321
321
321
318
316
315
315
315
315
310
309
309
309
308
308
307
307
306
304
304
304
304
303
302
299
298
296
295
295
291
290
290
288
287
286
285
283
282
282
281
281
280
280
279
278
277
277
275
275
271
271
270
269
267
265
264
263
263
263
262
262
262
259
258
257
254
253
253
251
251
250
250
249
246
245
242
241
240
239
239
238
238
236
234
233
231
231
231
230
229
226
226
226
224
223
220
220
220
217
215
215
214
213
213
213
211
210
207
207
207
205
205
203
201
199
198
197
196
196
194
192
192
190
190
190
187
186
186
185
184
183
183
182
181
179
179
179
178
176
173
172
169
167
166
165
163
163
163
162
161
161
161
159
158
157
157
156
154
154
154
153
153
152
152
149
149
149
149
148
148
145
145
145
143
142
142
142
140
136
136
133
132
131
131
130
129
128
125
125
122
122
122
121
118
118
118
117
116
116
115
114
114
113
112
111
111
108
106
105
103
102
102
101
101
99
98
97
97
96
96
94
93
93
92
92
92
92
91
91
90
90
89
89
88
87
86
86
86
86
86
86
86
85
84
84
81
80
80
79
79
79
77
76
74
73
73
73
73
72
71
70
69
69
68
68
66
66
64
64
63
62
61
60
57
56
56
56
55
54
52
51
47
46
44
43
42
41
40
40
37
37
37
37
36
35
32
32
30
29
27
26
26
25
25
25
24
23
23
22
22
21
20
18
18
18
15
14
14
13
12
10
10
9
8
7
7
5
4
3
3
3
0
0
