9999
9998
9998
9997
9996
9996
9996
9995
9995
9994
9993
9992
9989
9988
9986
9984
9980
9979
9978
9977
9975
9975
9974
9973
9973
9972
9970
9969
9968
9968
9967
9967
9967
9965
9959
9959
9957
9952
9951
9951
9950
9950
9949
9948
9947
9946
9946
9945
9945
9944
9942
9942
9941
9940
9937
9937
9937
9935
9934
9933
9933
9932
9931
9931
9931
9931
9928
9927
9925
9925
9923
9921
9921
9920
9919
9917
9917
9916
9915
9915
9914
9913
9913
9911
9911
9910
9908
9908
9908
9908
9907
9907
9905
9904
9904
9903
9902
9901
9900
9898
9897
9897
9896
9896
9895
9895
9894
9891
9890
9890
9889
9888
9888
9888
9886
9884
9884
9883
9883
9880
9879
9879
9878
9878
9877
9877
9877
9877
9874
9873
9872
9871
9871
9870
9870
9869
9868
9866
9865
9865
9864
9862
9862
9861
9861
9858
9853
9853
9852
9851
9850
9849
9845
9845
9844
9843
9843
9842
9842
9841
9841
9840
9838
9838
9838
9838
9837
9837
9833
9833
9833
9832
9831
9831
9829
9828
9827
9827
9827
9827
9826
9825
9823
9823
9821
9821
9818
9818
9817
9815
9812
9812
9811
9810
9810
9809
9808
9808
9807
9807
9806
9805
9805
9805
9805
9803
9803
9801
9801
9801
9800
9796
9795
9793
9792
9791
9790
9789
9788
9787
9784
9782
9780
9779
9778
9778
9777
9776
9775
9772
9772
9771
9771
9771
9769
9768
9768
9767
9767
9766
9766
9763
9763
9761
9760
9758
9757
9756
9756
9755
9754
9754
9754
9754
9753
9752
9751
9751
9750
9749
9749
9748
9745
9743
9741
9741
9740
9738
9738
9736
9735
9732
9730
9728
9728
9728
9728
9727
9726
9726
9725
9722
9722
9721
9721
9720
9718
9715
9715
9709
9706
9706
9705
9705
9705
9704
9701
9700
9699
9696
9696
9696
9696
9694
9693
9692
9692
9691
9690
9689
9687
9685
9684
9683
9681
9681
9681
9680
9678
9678
9677
9676
9676
9676
9676
9675
9674
9674
9673
9672
9672
9671
9669
9668
9667
9665
9665
9663
9662
9662
9658
9657
9657
9656
9655
9652
9652
9652
9651
9651
9650
9650
9650
9649
9648
9647
9647
9647
9646
9645
9645
9644
9644
9644
9639
9638
9637
9637
9637
9637
9636
9636
9635
9634
9634
9632
9632
9630
9630
9630
9630
9629
9628
9627
9626
9624
9624
9622
9621
9621
9618
9617
9617
9616
9616
9616
9613
9612
9612
9611
9610
9610
9610
9610
9608
9606
9605
9603
9603
9601
9599
9599
9596
9596
9594
9592
9591
9589
9589
9588
9586
9585
9585
9584
9582
9580
9580
9579
9577
9576
9575
9574
9573
9572
9568
9567
9566
9566
9564
9564
9563
9562
9561
9561
9560
9556
9554
9554
9554
9553
9553
9552
9551
9549
9548
9545
9545
9544
9544
9543
9542
9540
9538
9538
9537
9535
9533
9531
9530
9528
9527
9527
9525
9524
9520
9520
9518
9516
9516
9516
9515
9513
9512
9511
9511
9509
9505
9503
9502
9502
9501
9500
9500
9500
9500
9498
9498
9497
9496
9496
9496
9492
9491
9490
9490
9489
9489
9489
9488
9488
9486
9485
9485
9483
9483
9480
9480
9480
9478
9477
9476
9474
9473
9472
9471
9469
9468
9468
9466
9463
9460
9460
9458
9457
9457
9455
9455
9454
9453
9452
9449
9449
9449
9448
9447
9447
9446
9445
9445
9444
9444
9444
9443
9442
9441
9441
9441
9441
9440
9439
9438
9437
9437
9437
9435
9428
9428
9427
9426
9426
9425
9425
9425
9424
9423
9422
9421
9421
9420
9420
9419
9418
9415
9413
9410
9409
9406
9406
9405
9404
9404
9401
9400
9400
9400
9399
9397
9396
9396
9396
9396
9394
9394
9392
9392
9390
9389
9387
9386
9386
9386
9385
9385
9384
9383
9382
9381
9380
9378
9377
9377
9376
9375
9375
9375
9374
9373
9373
9373
9372
9371
9369
9368
9368
9365
9364
9363
9363
9363
9362
9361
9361
9361
9360
9360
9359
9358
9357
9356
9356
9356
9356
9355
9355
9354
9354
9354
9354
9354
9354
9354
9353
9353
9351
9350
9350
9349
9348
9347
9346
9344
9342
9342
9342
9341
9341
9341
9339
9338
9338
9337
9336
9335
9333
9332
9332
9332
9330
9328
9326
9326
9325
9323
9322
9322
9321
9321
9318
9316
9314
9314
9311
9308
9308
9306
9306
9301
9300
9299
9298
9298
9297
9297
9296
9296
9296
9291
9291
9291
9291
9290
9290
9289
9288
9287
9287
9287
9285
9285
9282
9281
9281
9280
9280
9280
9279
9279
9279
9278
9277
9277
9275
9275
9274
9273
9271
9270
9270
9268
9267
9267
9266
9266
9265
9265
9262
9261
9260
9258
9257
9256
9255
9255
9253
9251
9251
9250
9248
9247
9245
9244
9244
9243
9243
9242
9242
9242
9242
9241
9240
9239
9238
9237
9236
9235
9235
9234
9233
9233
9232
9231
9230
9229
9227
9226
9226
9225
9225
9222
9222
9219
9218
9217
9213
9212
9212
9212
9211
9211
9211
9209
9208
9207
9207
9207
9205
9204
9204
9202
9201
9201
9201
9201
9200
9199
9199
9196
9195
9195
9194
9190
9190
9190
9189
9189
9189
9187
9185
9182
9179
9179
9178
9177
9177
9177
9172
9171
9170
9169
9167
9166
9165
9164
9163
9162
9161
9160
9160
9159
9158
9158
9157
9156
9155
9155
9155
9153
9153
9152
9152
9149
9147
9147
9147
9146
9146
9146
9145
9144
9143
9142
9142
9141
9140
9139
9137
9136
9135
9135
9134
9134
9134
9133
9132
9132
9132
9130
9128
9128
9126
9125
9124
9123
9123
9121
9116
9115
9114
9114
9113
9111
9110
9107
9107
9107
9105
9105
9103
9103
9102
9102
9101
9101
9099
9096
9096
9096
9095
9094
9094
9093
9091
9091
9091
9090
9090
9090
9089
9089
9088
9087
9087
9087
9087
9086
9085
9085
9085
9084
9084
9084
9084
9083
9080
9079
9078
9076
9075
9074
9073
9072
9072
9072
9071
9071
9066
9066
9066
9064
9064
9060
9058
9057
9056
9056
9056
9055
9053
9052
9052
9051
9051
9047
9047
9044
9042
9041
9039
9039
9038
9038
9036
9036
9035
9035
9034
9034
9032
9032
9031
9029
9028
9027
9027
9026
9025
9025
9024
9023
9023
9023
9023
9022
9021
9020
9019
9017
9017
9016
9015
9015
9015
9015
9014
9013
9013
9013
9012
9010
9010
9009
9007
9005
9004
9002
9002
9002
9002
9001
9001
9000
8999
8998
8998
8996
8996
8996
8995
8995
8995
8995
8994
8994
8994
8992
8992
8990
8989
8989
8988
8987
8986
8985
8983
8983
8983
8982
8982
8982
8980
8978
8978
8978
8977
8972
8971
8970
8970
8970
8969
8963
8961
8961
8960
8960
8953
8952
8951
8949
8946
8946
8944
8943
8943
8942
8940
8940
8939
8936
8936
8934
8928
8928
8928
8927
8927
8926
8925
8924
8924
8924
8921
8920
8919
8917
8916
8916
8915
8914
8914
8909
8906
8905
8905
8904
8903
8901
8901
8900
8899
8899
8899
8898
8896
8895
8894
8894
8893
8893
8893
8891
8889
8888
8885
8885
8885
8884
8883
8881
8880
8878
8876
8875
8875
8874
8871
8869
8868
8868
8867
8867
8865
8865
8865
8863
8863
8863
8862
8862
8862
8861
8861
8861
8860
8859
8859
8858
8858
8857
8857
8857
8856
8856
8854
8854
8854
8851
8850
8850
8850
8849
8846
8846
8846
8845
8845
8845
8844
8844
8843
8843
8841
8841
8839
8835
8835
8834
8833
8833
8832
8829
8828
8826
8825
8824
8824
8822
8822
8821
8820
8819
8818
8818
8818
8818
8818
8817
8817
8816
8816
8815
8813
8812
8811
8811
8809
8808
8808
8808
8806
8805
8803
8803
8803
8801
8796
8794
8794
8794
8793
8793
8792
8791
8788
8787
8787
8784
8783
8777
8777
8777
8777
8776
8772
8772
8772
8771
8769
8766
8765
8765
8764
8764
8763
8762
8762
8760
8760
8758
8757
8756
8755
8754
8754
8754
8753
8751
8750
8750
8750
8750
8749
8746
8746
8745
8743
8742
8742
8741
8741
8740
8740
8737
8735
8735
8734
8734
8729
8728
8728
8728
8727
8725
8723
8723
8722
8720
8720
8715
8714
8713
8712
8711
8711
8708
8707
8707
8706
8704
8703
8702
8702
8699
8699
8697
8696
8695
8689
8687
8687
8686
8686
8685
8685
8684
8682
8680
8679
8678
8677
8677
8676
8671
8670
8669
8669
8668
8664
8663
8662
8661
8661
8658
8658
8658
8657
8655
8653
8651
8650
8650
8649
8648
8646
8645
8645
8643
8643
8638
8638
8632
8629
8629
8629
8627
8626
8625
8624
8623
8623
8622
8620
8620
8619
8619
8618
8618
8616
8615
8614
8613
8612
8610
8609
8608
8604
8604
8603
8603
8601
8601
8601
8600
8598
8598
8597
8597
8596
8594
8593
8593
8593
8592
8592
8592
8591
8591
8590
8589
8589
8589
8588
8588
8587
8584
8584
8583
8583
8582
8581
8581
8580
8580
8580
8579
8578
8578
8577
8576
8576
8575
8574
8574
8574
8573
8573
8572
8572
8571
8570
8568
8567
8566
8565
8564
8564
8563
8562
8562
8562
8561
8560
8559
8559
8558
8557
8557
8557
8557
8557
8557
8555
8555
8553
8553
8551
8547
8546
8546
8546
8545
8542
8541
8541
8537
8536
8535
8535
8535
8533
8532
8531
8530
8529
8528
8528
8527
8526
8526
8525
8525
8523
8521
8518
8517
8515
8515
8513
8513
8513
8510
8509
8509
8509
8507
8507
8507
8505
8504
8504
8503
8502
8502
8502
8501
8494
8494
8494
8494
8493
8493
8492
8491
8491
8490
8490
8490
8489
8489
8487
8487
8484
8481
8481
8478
8476
8476
8476
8476
8474
8473
8473
8473
8471
8470
8468
8467
8467
8463
8461
8461
8461
8461
8460
8460
8460
8460
8459
8459
8458
8457
8457
8455
8455
8454
8454
8452
8451
8450
8450
8449
8448
8445
8443
8441
8440
8439
8439
8438
8438
8437
8436
8436
8434
8434
8433
8433
8432
8431
8430
8429
8425
8425
8423
8423
8421
8420
8418
8417
8417
8416
8415
8413
8413
8411
8411
8409
8408
8408
8408
8408
8406
8406
8406
8406
8405
8403
8402
8400
8400
8399
8399
8398
8398
8398
8397
8396
8395
8395
8395
8394
8393
8390
8387
8387
8382
8380
8379
8377
8375
8375
8375
8375
8375
8374
8374
8373
8372
8372
8372
8368
8367
8367
8364
8364
8363
8362
8361
8361
8360
8356
8356
8355
8352
8351
8351
8349
8347
8346
8343
8343
8343
8342
8342
8342
8341
8339
8338
8337
8336
8335
8334
8334
8333
8333
8332
8331
8330
8330
8330
8327
8325
8325
8324
8324
8322
8321
8320
8320
8318
8317
8316
8316
8315
8315
8314
8314
8313
8313
8313
8311
8309
8309
8309
8308
8308
8307
8306
8304
8304
8304
8304
8303
8303
8302
8301
8300
8297
8297
8296
8296
8295
8295
8294
8293
8292
8291
8289
8287
8287
8283
8282
8281
8281
8281
8279
8278
8277
8277
8277
8275
8274
8273
8273
8273
8271
8270
8270
8268
8268
8267
8267
8266
8261
8261
8260
8260
8258
8255
8254
8253
8252
8248
8248
8242
8241
8240
8240
8237
8234
8232
8232
8230
8230
8229
8228
8227
8227
8226
8224
8224
8222
8217
8214
8214
8213
8211
8210
8210
8209
8209
8208
8208
8206
8206
8205
8203
8202
8200
8199
8199
8197
8197
8197
8196
8196
8195
8195
8194
8194
8193
8192
8192
8188
8185
8185
8184
8184
8184
8183
8183
8181
8181
8179
8179
8178
8178
8176
8173
8173
8172
8171
8171
8168
8168
8168
8167
8166
8163
8162
8162
8160
8157
8157
8156
8152
8151
8149
8148
8148
8148
8147
8145
8144
8144
8143
8143
8142
8140
8140
8140
8135
8135
8135
8133
8131
8130
8128
8127
8125
8124
8124
8123
8123
8122
8120
8120
8115
8115
8115
8115
8115
8114
8113
8113
8112
8112
8112
8112
8112
8109
8107
8106
8105
8105
8104
8104
8104
8104
8103
8100
8099
8098
8098
8098
8097
8096
8094
8093
8092
8092
8090
8089
8089
8089
8088
8087
8087
8083
8082
8081
8080
8079
8077
8076
8076
8075
8075
8075
8075
8074
8074
8072
8068
8068
8067
8066
8065
8064
8064
8063
8063
8062
8061
8060
8059
8059
8057
8057
8057
8053
8052
8052
8050
8050
8050
8049
8047
8045
8044
8043
8042
8042
8040
8040
8038
8036
8035
8034
8031
8030
8028
8027
8026
8026
8025
8025
8023
8022
8022
8021
8019
8019
8016
8016
8015
8014
8014
8012
8012
8012
8012
8011
8008
8008
8007
8007
8005
8001
8000
7998
7997
7996
7995
7994
7994
7993
7992
7992
7991
7990
7989
7988
7985
7978
7976
7976
7975
7975
7973
7973
7973
7971
7971
7970
7970
7970
7969
7968
7967
7967
7966
7966
7966
7965
7963
7963
7962
7961
7961
7961
7961
7960
7959
7958
7957
7956
7956
7953
7952
7951
7951
7949
7949
7947
7946
7945
7944
7944
7944
7943
7943
7943
7943
7943
7942
7942
7941
7941
7940
7938
7936
7935
7933
7932
7931
7931
7930
7929
7924
7921
7921
7920
7915
7912
7909
7909
7906
7905
7903
7899
7899
7899
7897
7896
7895
7895
7891
7891
7887
7887
7886
7886
7884
7884
7883
7882
7882
7882
7879
7878
7878
7878
7877
7876
7876
7876
7876
7873
7872
7872
7872
7871
7870
7870
7869
7869
7868
7867
7867
7866
7861
7860
7858
7858
7852
7851
7851
7850
7848
7848
7846
7843
7841
7840
7839
7838
7838
7836
7836
7836
7834
7833
7832
7832
7830
7829
7829
7825
7825
7825
7823
7822
7822
7821
7820
7819
7818
7817
7816
7815
7815
7814
7813
7813
7809
7808
7805
7802
7802
7801
7800
7800
7800
7799
7798
7797
7796
7794
7794
7794
7792
7792
7789
7787
7786
7786
7781
7781
7779
7778
7774
7774
7774
7773
7772
7770
7770
7769
7769
7767
7767
7764
7763
7761
7761
7760
7759
7758
7758
7758
7758
7757
7757
7754
7754
7754
7753
7753
7752
7751
7749
7749
7749
7748
7747
7746
7744
7744
7740
7740
7739
7738
7738
7738
7738
7737
7736
7735
7735
7733
7733
7731
7731
7730
7730
7729
7729
7729
7729
7728
7727
7726
7724
7723
7723
7723
7722
7721
7721
7718
7717
7717
7716
7710
7709
7708
7707
7706
7706
7704
7704
7704
7703
7701
7701
7701
7700
7700
7698
7694
7689
7688
7688
7687
7687
7686
7683
7680
7680
7679
7678
7678
7677
7676
7676
7672
7671
7670
7670
7669
7667
7667
7666
7666
7665
7662
7655
7655
7654
7653
7653
7649
7645
7644
7644
7644
7642
7642
7641
7641
7640
7640
7640
7638
7638
7636
7636
7636
7633
7631
7631
7630
7629
7628
7628
7628
7627
7627
7626
7626
7625
7625
7625
7625
7625
7625
7624
7622
7621
7621
7620
7620
7620
7617
7616
7614
7613
7612
7611
7611
7611
7610
7609
7608
7606
7605
7602
7602
7600
7599
7598
7598
7594
7591
7591
7590
7589
7588
7586
7584
7582
7582
7582
7582
7580
7580
7579
7578
7578
7576
7575
7573
7573
7573
7573
7573
7571
7569
7568
7562
7560
7559
7559
7559
7558
7558
7558
7555
7554
7554
7553
7550
7549
7549
7548
7548
7548
7546
7544
7544
7542
7542
7541
7541
7541
7539
7539
7536
7535
7534
7533
7533
7531
7529
7529
7527
7527
7526
7526
7526
7524
7522
7522
7522
7521
7521
7518
7518
7518
7518
7517
7516
7516
7515
7514
7512
7511
7511
7511
7509
7508
7508
7507
7507
7502
7501
7500
7498
7498
7497
7495
7495
7494
7493
7493
7490
7490
7490
7489
7488
7487
7487
7486
7482
7480
7477
7477
7476
7475
7469
7469
7467
7467
7467
7467
7467
7466
7466
7462
7461
7457
7457
7457
7456
7455
7455
7455
7454
7454
7453
7453
7452
7451
7449
7447
7446
7446
7446
7444
7444
7441
7440
7439
7438
7438
7436
7436
7435
7434
7433
7432
7431
7428
7428
7428
7426
7426
7424
7423
7423
7422
7422
7421
7421
7420
7420
7419
7419
7416
7416
7415
7414
7411
7411
7409
7407
7407
7406
7405
7405
7405
7405
7405
7404
7404
7403
7400
7400
7400
7399
7399
7398
7398
7395
7395
7395
7394
7393
7393
7393
7391
7391
7389
7389
7388
7387
7384
7384
7383
7383
7383
7383
7382
7382
7381
7380
7379
7379
7378
7376
7376
7375
7373
7373
7372
7371
7366
7365
7363
7363
7363
7362
7360
7359
7357
7357
7357
7355
7354
7352
7351
7350
7350
7350
7349
7348
7348
7347
7347
7347
7347
7345
7344
7344
7343
7341
7341
7340
7339
7339
7338
7334
7332
7331
7331
7331
7329
7329
7328
7327
7326
7323
7322
7320
7320
7320
7319
7316
7314
7311
7311
7311
7311
7310
7310
7307
7306
7306
7305
7304
7302
7301
7299
7298
7297
7294
7292
7292
7290
7290
7289
7288
7288
7286
7286
7284
7284
7283
7283
7282
7282
7281
7281
7279
7279
7279
7278
7278
7278
7276
7275
7274
7273
7271
7269
7267
7266
7266
7266
7266
7265
7265
7264
7263
7262
7261
7261
7261
7260
7259
7259
7258
7257
7256
7255
7254
7253
7252
7252
7251
7250
7249
7248
7245
7244
7242
7241
7240
7239
7238
7237
7236
7236
7235
7234
7234
7233
7233
7233
7233
7232
7230
7229
7228
7228
7227
7227
7224
7224
7224
7224
7223
7223
7222
7222
7222
7221
7218
7217
7216
7215
7213
7212
7211
7207
7207
7205
7205
7205
7204
7202
7201
7201
7201
7199
7197
7197
7196
7196
7194
7194
7194
7193
7193
7192
7191
7191
7190
7188
7188
7187
7186
7186
7185
7184
7183
7183
7183
7183
7179
7178
7178
7177
7176
7176
7174
7172
7171
7171
7170
7170
7170
7169
7167
7167
7167
7166
7166
7164
7163
7162
7162
7161
7161
7161
7161
7161
7160
7160
7158
7155
7155
7154
7154
7152
7152
7151
7151
7151
7151
7150
7150
7148
7147
7145
7145
7144
7144
7143
7139
7138
7138
7138
7136
7136
7132
7132
7132
7130
7130
7130
7128
7127
7127
7126
7125
7123
7122
7121
7120
7119
7115
7112
7111
7110
7109
7107
7106
7106
7106
7106
7105
7105
7103
7102
7102
7101
7100
7097
7097
7097
7094
7094
7092
7092
7090
7088
7086
7086
7086
7085
7082
7080
7078
7078
7078
7077
7076
7076
7076
7075
7074
7072
7072
7071
7071
7070
7066
7064
7064
7064
7063
7061
7060
7060
7059
7056
7056
7054
7054
7053
7050
7044
7043
7041
7040
7039
7037
7037
7031
7030
7029
7029
7028
7028
7028
7027
7025
7024
7023
7023
7022
7022
7021
7021
7020
7019
7018
7017
7016
7015
7014
7014
7010
7009
7008
7008
7008
7003
7002
7002
7001
7001
7000
7000
6999
6999
6998
6997
6996
6993
6991
6990
6990
6990
6988
6987
6987
6986
6985
6985
6984
6984
6984
6983
6983
6983
6982
6981
6981
6981
6979
6978
6976
6975
6975
6972
6970
6969
6968
6965
6962
6961
6961
6961
6960
6957
6957
6956
6954
6951
6948
6948
6948
6947
6945
6944
6944
6943
6943
6942
6941
6940
6940
6939
6939
6938
6938
6937
6936
6934
6933
6933
6931
6930
6929
6929
6929
6929
6927
6927
6927
6926
6926
6925
6923
6923
6921
6921
6920
6920
6920
6920
6919
6918
6916
6915
6914
6912
6912
6912
6911
6909
6908
6907
6906
6906
6906
6906
6906
6906
6905
6904
6903
6902
6901
6901
6901
6900
6900
6899
6899
6899
6899
6898
6898
6897
6895
6894
6894
6894
6894
6894
6893
6893
6893
6891
6890
6888
6887
6887
6886
6885
6885
6884
6884
6884
6881
6880
6877
6876
6876
6873
6873
6873
6872
6870
6868
6867
6866
6866
6866
6865
6865
6864
6861
6860
6859
6858
6858
6857
6856
6856
6855
6855
6854
6854
6853
6852
6852
6850
6850
6847
6847
6847
6847
6846
6844
6843
6841
6839
6834
6834
6832
6830
6830
6829
6827
6826
6821
6821
6819
6817
6812
6812
6811
6810
6809
6808
6808
6807
6806
6806
6805
6805
6805
6803
6803
6802
6802
6801
6801
6800
6800
6800
6799
6799
6797
6795
6791
6790
6788
6787
6787
6785
6784
6783
6782
6780
6779
6779
6778
6776
6776
6774
6770
6770
6770
6769
6768
6767
6766
6765
6765
6765
6764
6764
6760
6759
6758
6757
6757
6756
6755
6755
6755
6753
6752
6751
6751
6750
6750
6750
6749
6748
6748
6747
6747
6743
6743
6741
6741
6740
6739
6739
6737
6737
6737
6736
6736
6734
6733
6732
6732
6731
6731
6730
6729
6729
6728
6728
6725
6725
6724
6724
6720
6720
6720
6720
6719
6718
6718
6714
6713
6712
6712
6711
6711
6709
6708
6708
6708
6707
6706
6705
6703
6703
6702
6701
6699
6699
6699
6696
6693
6692
6691
6688
6687
6687
6687
6684
6683
6682
6681
6681
6680
6680
6680
6677
6677
6675
6673
6671
6669
6668
6668
6667
6666
6664
6663
6663
6663
6662
6661
6661
6661
6660
6660
6660
6660
6660
6659
6658
6657
6657
6656
6655
6655
6654
6654
6651
6650
6648
6648
6647
6647
6647
6646
6645
6645
6644
6644
6643
6642
6639
6635
6632
6632
6631
6631
6631
6629
6628
6628
6627
6626
6626
6624
6623
6622
6621
6621
6620
6620
6619
6619
6619
6619
6617
6615
6614
6614
6613
6611
6609
6608
6607
6606
6606
6605
6604
6602
6602
6602
6602
6601
6600
6600
6600
6599
6596
6595
6592
6591
6591
6589
6588
6588
6586
6585
6584
6583
6583
6583
6581
6581
6581
6581
6579
6578
6577
6574
6574
6572
6569
6569
6569
6566
6565
6565
6565
6563
6562
6560
6560
6557
6557
6557
6557
6554
6552
6552
6549
6548
6545
6543
6543
6542
6542
6538
6537
6537
6537
6536
6536
6534
6534
6533
6531
6531
6530
6527
6527
6526
6525
6523
6520
6518
6518
6517
6517
6516
6516
6513
6511
6510
6509
6506
6505
6505
6505
6504
6501
6500
6498
6496
6494
6493
6492
6490
6490
6490
6490
6489
6487
6487
6487
6485
6481
6476
6476
6474
6474
6474
6474
6474
6472
6471
6471
6471
6470
6468
6467
6466
6465
6465
6463
6463
6463
6462
6461
6460
6459
6458
6457
6456
6455
6454
6454
6451
6449
6449
6448
6448
6447
6447
6446
6444
6443
6443
6443
6443
6442
6441
6440
6439
6439
6439
6437
6437
6436
6436
6435
6434
6434
6434
6432
6431
6431
6431
6431
6430
6429
6429
6427
6427
6426
6425
6425
6424
6424
6422
6421
6419
6419
6419
6418
6418
6418
6418
6417
6417
6416
6415
6414
6413
6413
6410
6409
6408
6405
6405
6403
6403
6403
6402
6400
6396
6396
6395
6393
6390
6390
6390
6389
6389
6388
6387
6387
6386
6386
6385
6384
6382
6381
6381
6380
6378
6378
6377
6377
6377
6377
6376
6376
6376
6375
6373
6373
6371
6369
6369
6366
6363
6363
6362
6359
6358
6358
6358
6357
6355
6354
6354
6354
6354
6351
6350
6350
6350
6349
6349
6348
6348
6346
6346
6346
6345
6344
6343
6342
6342
6341
6341
6341
6340
6339
6339
6336
6335
6332
6332
6330
6330
6329
6329
6328
6328
6328
6327
6326
6324
6324
6323
6323
6322
6322
6321
6321
6320
6316
6315
6315
6315
6315
6315
6314
6314
6314
6313
6312
6312
6310
6308
6304
6301
6301
6297
6297
6294
6293
6291
6290
6290
6289
6286
6286
6283
6283
6283
6282
6282
6282
6280
6279
6278
6277
6277
6277
6275
6272
6272
6268
6268
6266
6265
6265
6261
6261
6261
6261
6258
6258
6256
6255
6255
6251
6251
6250
6250
6250
6249
6247
6246
6244
6244
6243
6242
6241
6238
6238
6236
6234
6232
6231
6230
6229
6229
6227
6226
6224
6223
6223
6222
6220
6220
6219
6216
6216
6215
6215
6214
6213
6213
6213
6210
6207
6204
6203
6203
6203
6202
6202
6201
6201
6200
6198
6197
6195
6195
6194
6194
6194
6193
6193
6191
6190
6190
6189
6189
6189
6187
6187
6187
6186
6186
6185
6185
6182
6182
6182
6181
6181
6181
6180
6179
6178
6177
6176
6175
6175
6174
6173
6172
6172
6167
6165
6164
6164
6164
6164
6161
6160
6159
6157
6156
6152
6151
6151
6151
6150
6150
6148
6148
6148
6147
6146
6145
6145
6143
6143
6143
6141
6141
6138
6137
6137
6136
6135
6134
6134
6133
6133
6130
6129
6128
6127
6126
6126
6124
6124
6123
6122
6121
6121
6121
6120
6119
6119
6119
6116
6114
6111
6111
6111
6110
6110
6110
6107
6107
6106
6106
6105
6104
6103
6100
6100
6100
6099
6098
6097
6097
6096
6094
6093
6093
6089
6088
6088
6086
6085
6083
6083
6082
6080
6080
6078
6077
6077
6075
6075
6074
6072
6072
6072
6071
6071
6068
6067
6067
6067
6067
6067
6066
6065
6064
6063
6061
6058
6058
6058
6058
6058
6058
6056
6055
6054
6054
6053
6052
6051
6051
6050
6050
6050
6049
6048
6046
6045
6044
6041
6040
6033
6033
6032
6031
6031
6029
6028
6026
6026
6026
6024
6021
6020
6019
6019
6016
6014
6012
6012
6012
6012
6010
6010
6006
6006
6005
6004
6004
6002
6000
5999
5999
5998
5998
5997
5997
5996
5996
5993
5991
5990
5989
5989
5988
5985
5985
5983
5983
5980
5980
5976
5975
5974
5974
5973
5972
5971
5971
5971
5970
5969
5969
5967
5967
5965
5964
5962
5962
5961
5961
5961
5961
5959
5959
5957
5957
5956
5956
5956
5955
5955
5954
5952
5952
5951
5950
5949
5948
5948
5946
5945
5943
5943
5942
5940
5939
5937
5936
5934
5934
5934
5931
5931
5931
5931
5931
5930
5930
5927
5926
5925
5923
5920
5919
5918
5916
5914
5913
5911
5909
5908
5907
5906
5905
5905
5904
5903
5902
5902
5902
5901
5899
5897
5897
5897
5897
5894
5893
5892
5890
5889
5888
5887
5887
5886
5886
5886
5886
5886
5885
5884
5883
5883
5883
5882
5881
5881
5879
5878
5878
5877
5876
5876
5875
5874
5874
5871
5868
5868
5868
5867
5867
5866
5865
5865
5863
5861
5861
5860
5859
5859
5858
5858
5857
5857
5857
5857
5856
5856
5855
5855
5850
5850
5849
5849
5849
5847
5846
5846
5845
5844
5843
5842
5840
5839
5838
5835
5835
5833
5832
5832
5831
5831
5830
5830
5829
5829
5829
5829
5828
5827
5827
5825
5825
5823
5822
5820
5819
5819
5817
5817
5817
5817
5815
5814
5812
5812
5812
5811
5809
5808
5806
5804
5797
5797
5797
5797
5796
5796
5794
5794
5793
5793
5792
5791
5791
5791
5789
5787
5785
5782
5782
5781
5780
5778
5776
5774
5774
5772
5772
5771
5769
5766
5766
5757
5757
5755
5755
5754
5753
5752
5752
5751
5751
5748
5747
5746
5746
5745
5744
5743
5743
5743
5742
5742
5742
5742
5741
5741
5740
5740
5740
5740
5739
5739
5737
5737
5736
5735
5733
5732
5729
5728
5728
5727
5727
5725
5724
5724
5724
5723
5723
5722
5722
5718
5714
5714
5713
5713
5712
5711
5710
5710
5708
5708
5707
5707
5705
5705
5705
5705
5703
5703
5702
5701
5701
5701
5701
5700
5700
5699
5698
5697
5696
5694
5694
5688
5688
5686
5684
5684
5682
5680
5679
5679
5678
5676
5676
5675
5674
5673
5673
5672
5672
5672
5671
5670
5670
5669
5669
5667
5664
5664
5663
5662
5661
5659
5659
5658
5658
5658
5653
5651
5650
5648
5645
5645
5643
5643
5642
5641
5641
5641
5640
5640
5639
5639
5637
5635
5634
5633
5632
5630
5629
5628
5627
5627
5626
5626
5625
5624
5623
5623
5622
5621
5621
5619
5617
5617
5616
5615
5613
5612
5612
5611
5610
5610
5609
5607
5602
5599
5598
5596
5595
5593
5592
5592
5591
5590
5589
5589
5588
5587
5587
5586
5585
5583
5583
5581
5579
5576
5576
5573
5573
5572
5571
5571
5571
5570
5570
5569
5569
5569
5569
5568
5568
5568
5568
5567
5566
5566
5566
5566
5563
5563
5562
5562
5560
5559
5558
5557
5556
5555
5555
5553
5553
5552
5551
5549
5548
5546
5546
5546
5545
5545
5542
5541
5541
5541
5539
5535
5535
5535
5534
5533
5529
5529
5527
5526
5525
5523
5522
5522
5520
5519
5518
5518
5517
5517
5517
5517
5517
5517
5516
5516
5516
5516
5513
5513
5513
5512
5508
5508
5506
5505
5505
5501
5498
5497
5497
5496
5495
5494
5491
5490
5490
5486
5486
5486
5485
5484
5483
5482
5481
5481
5480
5479
5477
5476
5476
5474
5473
5471
5469
5467
5467
5466
5465
5465
5464
5464
5463
5460
5460
5460
5459
5459
5456
5456
5453
5452
5452
5452
5451
5450
5449
5448
5444
5444
5442
5440
5439
5437
5435
5435
5433
5433
5431
5431
5431
5430
5427
5426
5426
5423
5423
5423
5422
5421
5421
5420
5419
5419
5418
5417
5417
5416
5415
5415
5414
5413
5412
5412
5411
5411
5411
5408
5408
5408
5407
5405
5405
5405
5404
5402
5401
5401
5400
5400
5400
5399
5396
5396
5395
5394
5393
5393
5392
5391
5390
5389
5388
5388
5387
5387
5387
5386
5386
5385
5384
5383
5382
5379
5378
5377
5377
5376
5374
5373
5373
5372
5372
5370
5369
5369
5369
5369
5369
5367
5365
5364
5363
5361
5360
5360
5359
5357
5356
5354
5351
5351
5350
5348
5348
5348
5348
5347
5346
5346
5344
5344
5344
5344
5341
5340
5340
5340
5340
5339
5337
5337
5337
5336
5336
5335
5332
5332
5332
5331
5329
5328
5328
5328
5325
5324
5321
5320
5317
5316
5316
5316
5315
5313
5312
5311
5310
5310
5309
5309
5307
5306
5306
5305
5304
5302
5302
5301
5301
5300
5299
5298
5296
5295
5293
5293
5293
5290
5289
5288
5287
5287
5286
5286
5283
5280
5280
5278
5278
5278
5278
5278
5277
5277
5275
5275
5274
5273
5272
5271
5271
5270
5270
5268
5265
5262
5260
5260
5260
5257
5256
5256
5256
5255
5255
5254
5253
5253
5251
5250
5249
5249
5248
5247
5246
5245
5244
5243
5242
5242
5241
5240
5238
5238
5237
5236
5234
5233
5230
5228
5228
5227
5224
5223
5222
5222
5222
5221
5221
5220
5220
5220
5219
5219
5219
5218
5217
5217
5215
5212
5212
5211
5210
5209
5209
5209
5208
5206
5205
5204
5203
5203
5202
5201
5201
5201
5200
5197
5195
5194
5192
5192
5191
5191
5191
5190
5189
5187
5187
5185
5184
5184
5183
5182
5182
5181
5179
5178
5176
5176
5176
5175
5174
5174
5173
5173
5172
5171
5170
5168
5166
5161
5161
5160
5158
5158
5157
5156
5156
5155
5153
5152
5152
5151
5151
5150
5149
5148
5148
5147
5147
5146
5146
5146
5145
5145
5145
5144
5143
5142
5142
5141
5141
5141
5138
5136
5135
5134
5134
5134
5133
5130
5130
5130
5130
5129
5129
5128
5127
5126
5124
5124
5123
5121
5121
5121
5118
5118
5118
5117
5115
5114
5114
5113
5113
5110
5106
5104
5101
5100
5100
5099
5098
5097
5097
5097
5095
5095
5094
5094
5093
5093
5092
5091
5091
5090
5090
5089
5088
5086
5084
5083
5083
5081
5080
5078
5076
5076
5073
5073
5072
5072
5071
5070
5068
5066
5066
5065
5064
5064
5063
5063
5063
5062
5061
5061
5061
5061
5060
5060
5060
5059
5059
5059
5057
5054
5048
5048
5046
5046
5041
5041
5041
5040
5040
5038
5038
5037
5036
5036
5036
5035
5034
5033
5033
5032
5031
5028
5027
5026
5026
5025
5025
5025
5025
5024
5021
5019
5018
5017
5016
5014
5013
5013
5013
5012
5012
5010
5009
5008
5007
5006
5005
5003
5003
5002
5001
5001
5001
5000
5000
4999
4999
4998
4998
4997
4997
4994
4992
4992
4992
4991
4991
4990
4990
4989
4989
4988
4984
4983
4983
4981
4979
4978
4978
4977
4976
4976
4975
4974
4973
4972
4971
4970
4970
4968
4967
4966
4966
4966
4965
4964
4964
4961
4959
4958
4957
4956
4956
4954
4954
4952
4952
4950
4948
4948
4946
4945
4943
4942
4941
4941
4940
4939
4937
4933
4927
4926
4925
4924
4923
4923
4922
4922
4918
4916
4916
4916
4915
4914
4912
4912
4908
4904
4904
4902
4901
4899
4898
4898
4898
4898
4897
4896
4893
4893
4892
4890
4890
4890
4890
4889
4889
4888
4887
4886
4883
4883
4882
4880
4879
4877
4876
4875
4875
4873
4870
4868
4866
4866
4865
4865
4865
4864
4864
4863
4863
4862
4861
4861
4861
4858
4857
4857
4855
4853
4853
4851
4850
4850
4849
4848
4848
4845
4844
4843
4843
4842
4841
4841
4841
4840
4838
4837
4837
4836
4835
4834
4832
4829
4828
4823
4821
4821
4820
4818
4818
4817
4815
4815
4815
4812
4811
4811
4809
4808
4808
4807
4807
4806
4802
4799
4799
4797
4796
4796
4793
4793
4793
4791
4787
4787
4786
4786
4786
4786
4785
4784
4783
4781
4780
4779
4777
4777
4777
4777
4776
4776
4775
4774
4773
4773
4772
4772
4771
4770
4767
4767
4766
4765
4765
4763
4762
4761
4760
4757
4757
4755
4749
4748
4747
4746
4745
4745
4744
4742
4741
4739
4738
4737
4737
4737
4734
4731
4730
4729
4729
4727
4727
4726
4726
4723
4723
4722
4722
4721
4718
4718
4717
4717
4717
4715
4715
4715
4714
4712
4712
4711
4709
4709
4709
4706
4705
4704
4703
4703
4702
4702
4701
4700
4700
4696
4692
4690
4688
4688
4687
4687
4686
4685
4684
4683
4680
4680
4679
4672
4670
4670
4670
4669
4668
4668
4668
4667
4667
4666
4665
4662
4660
4660
4658
4657
4656
4655
4655
4653
4651
4651
4650
4649
4649
4647
4647
4647
4647
4645
4644
4643
4642
4640
4639
4636
4634
4634
4634
4633
4633
4632
4632
4632
4631
4631
4630
4629
4628
4627
4627
4626
4626
4624
4623
4622
4621
4621
4620
4620
4619
4618
4618
4617
4617
4615
4613
4613
4613
4612
4611
4611
4610
4609
4609
4608
4607
4607
4605
4603
4602
4600
4600
4597
4594
4594
4593
4592
4588
4588
4587
4586
4586
4586
4585
4585
4584
4579
4578
4578
4578
4578
4578
4577
4577
4577
4576
4576
4575
4574
4574
4572
4572
4571
4571
4570
4569
4569
4566
4562
4562
4562
4561
4561
4559
4559
4558
4557
4557
4556
4556
4554
4553
4553
4553
4552
4551
4551
4547
4546
4542
4541
4539
4538
4538
4537
4537
4535
4534
4533
4532
4532
4531
4530
4529
4529
4528
4527
4526
4525
4524
4523
4523
4521
4520
4518
4514
4513
4512
4510
4508
4508
4508
4505
4505
4502
4501
4501
4500
4500
4498
4494
4494
4494
4493
4493
4492
4487
4485
4483
4482
4481
4481
4479
4478
4478
4478
4474
4474
4474
4471
4467
4464
4463
4462
4460
4460
4458
4457
4456
4454
4454
4452
4451
4450
4449
4448
4446
4445
4445
4445
4444
4443
4443
4443
4442
4442
4441
4439
4439
4438
4438
4438
4437
4437
4436
4434
4434
4434
4431
4431
4430
4430
4429
4429
4428
4428
4427
4427
4427
4426
4426
4425
4425
4425
4424
4424
4423
4422
4419
4418
4417
4416
4415
4411
4411
4411
4409
4409
4407
4405
4405
4403
4402
4402
4401
4400
4398
4398
4396
4395
4394
4393
4392
4392
4392
4391
4390
4390
4389
4389
4386
4386
4385
4383
4383
4383
4381
4380
4380
4379
4377
4374
4372
4371
4370
4369
4368
4368
4367
4366
4366
4363
4362
4362
4362
4361
4361
4360
4358
4357
4357
4354
4354
4349
4348
4348
4347
4346
4346
4345
4345
4345
4344
4341
4340
4340
4340
4338
4338
4337
4334
4334
4332
4332
4331
4331
4331
4330
4330
4328
4328
4327
4325
4325
4324
4324
4324
4322
4321
4319
4316
4316
4316
4315
4313
4311
4309
4309
4309
4307
4307
4303
4303
4302
4302
4296
4296
4293
4293
4292
4292
4290
4289
4289
4288
4287
4287
4286
4283
4282
4281
4279
4277
4276
4272
4271
4271
4270
4270
4269
4269
4267
4267
4263
4263
4260
4259
4258
4258
4258
4255
4254
4253
4253
4253
4253
4252
4252
4250
4250
4250
4248
4248
4245
4243
4243
4242
4242
4241
4240
4238
4238
4237
4237
4236
4235
4233
4232
4232
4230
4230
4229
4229
4228
4226
4226
4225
4223
4223
4223
4221
4220
4218
4218
4216
4215
4215
4215
4213
4213
4211
4211
4209
4209
4208
4206
4205
4204
4201
4201
4200
4200
4196
4196
4195
4195
4193
4193
4192
4191
4191
4190
4189
4189
4188
4187
4185
4182
4180
4180
4179
4176
4176
4176
4175
4175
4175
4175
4173
4169
4167
4164
4163
4161
4161
4159
4159
4158
4157
4156
4156
4155
4154
4152
4151
4151
4150
4148
4146
4146
4144
4141
4141
4140
4139
4137
4136
4136
4135
4134
4134
4134
4130
4130
4129
4128
4127
4127
4124
4124
4122
4122
4122
4121
4118
4115
4114
4114
4114
4111
4110
4110
4106
4105
4105
4102
4100
4099
4098
4097
4094
4092
4091
4091
4090
4090
4090
4088
4087
4084
4081
4081
4080
4080
4079
4079
4077
4074
4074
4074
4072
4069
4069
4068
4067
4066
4065
4064
4063
4062
4061
4060
4059
4058
4057
4057
4055
4054
4053
4053
4052
4050
4050
4050
4049
4049
4049
4049
4049
4047
4047
4047
4047
4047
4047
4046
4045
4042
4041
4041
4041
4040
4039
4035
4035
4035
4035
4033
4033
4032
4032
4029
4029
4028
4026
4023
4023
4022
4021
4021
4021
4019
4018
4017
4017
4016
4015
4013
4010
4009
4009
4007
4006
4006
4005
4004
4003
4001
4000
3998
3998
3996
3996
3995
3995
3994
3994
3993
3993
3992
3991
3990
3990
3990
3989
3987
3987
3987
3986
3984
3983
3982
3981
3979
3979
3976
3976
3976
3974
3974
3973
3973
3973
3973
3970
3970
3968
3967
3966
3965
3965
3964
3960
3960
3957
3956
3956
3956
3950
3949
3949
3948
3948
3947
3946
3946
3945
3943
3941
3941
3938
3937
3937
3934
3930
3929
3928
3928
3927
3926
3926
3922
3922
3920
3919
3918
3916
3916
3916
3915
3913
3911
3911
3911
3910
3909
3909
3906
3905
3904
3903
3902
3901
3899
3898
3897
3897
3897
3897
3896
3896
3894
3891
3890
3890
3890
3890
3889
3888
3888
3888
3887
3887
3886
3886
3885
3884
3884
3883
3883
3882
3882
3881
3880
3877
3877
3877
3877
3876
3873
3870
3868
3865
3865
3861
3861
3858
3858
3858
3858
3857
3856
3855
3855
3853
3853
3853
3852
3849
3848
3848
3848
3846
3846
3845
3844
3842
3842
3840
3838
3837
3836
3836
3836
3835
3833
3832
3830
3827
3827
3827
3825
3823
3820
3820
3820
3819
3816
3813
3812
3809
3807
3805
3803
3800
3799
3799
3796
3796
3796
3796
3796
3796
3795
3795
3793
3792
3792
3792
3791
3789
3789
3787
3783
3783
3783
3782
3781
3781
3780
3779
3776
3775
3774
3773
3773
3767
3767
3766
3765
3764
3763
3762
3761
3761
3760
3760
3759
3759
3758
3756
3755
3755
3754
3752
3751
3749
3747
3744
3744
3744
3743
3743
3742
3742
3741
3741
3739
3739
3738
3738
3737
3736
3735
3734
3733
3732
3730
3730
3726
3720
3719
3719
3717
3717
3717
3713
3713
3712
3710
3709
3709
3708
3706
3705
3704
3704
3702
3701
3700
3697
3694
3693
3691
3688
3686
3685
3685
3682
3682
3681
3680
3680
3680
3679
3677
3677
3675
3675
3673
3672
3672
3671
3670
3668
3667
3667
3664
3663
3663
3663
3662
3662
3661
3660
3659
3657
3654
3654
3653
3650
3649
3649
3647
3647
3646
3643
3643
3643
3638
3638
3637
3637
3636
3635
3633
3633
3630
3630
3626
3625
3624
3621
3621
3620
3620
3620
3616
3615
3614
3613
3612
3612
3612
3611
3609
3608
3607
3606
3604
3603
3602
3601
3599
3599
3596
3596
3595
3594
3593
3592
3591
3587
3585
3585
3584
3582
3582
3578
3578
3577
3577
3577
3577
3576
3574
3574
3574
3574
3573
3572
3571
3567
3566
3566
3566
3565
3564
3563
3562
3559
3559
3558
3557
3557
3557
3552
3549
3548
3547
3546
3543
3542
3542
3542
3542
3541
3541
3540
3539
3537
3536
3534
3534
3534
3534
3531
3531
3526
3525
3523
3518
3518
3518
3516
3515
3515
3514
3512
3511
3510
3509
3507
3507
3506
3504
3503
3501
3501
3500
3500
3499
3499
3496
3496
3494
3494
3494
3491
3490
3489
3487
3484
3484
3481
3475
3474
3474
3473
3472
3470
3469
3469
3468
3466
3465
3462
3459
3458
3456
3454
3453
3450
3449
3448
3446
3445
3445
3445
3444
3442
3442
3441
3441
3440
3439
3439
3438
3438
3437
3437
3436
3436
3435
3435
3435
3430
3426
3425
3424
3422
3422
3419
3419
3419
3416
3415
3413
3413
3413
3412
3412
3411
3410
3410
3410
3410
3406
3406
3403
3403
3402
3401
3401
3401
3400
3399
3399
3398
3398
3398
3398
3397
3397
3397
3394
3393
3393
3390
3385
3383
3383
3383
3382
3381
3381
3376
3376
3376
3375
3375
3374
3373
3371
3369
3364
3364
3364
3363
3362
3359
3358
3357
3357
3356
3354
3354
3353
3352
3350
3349
3348
3348
3347
3347
3346
3344
3344
3342
3341
3339
3338
3338
3337
3337
3337
3337
3334
3333
3333
3332
3330
3329
3329
3328
3328
3327
3326
3325
3325
3324
3323
3323
3323
3322
3321
3321
3320
3319
3319
3318
3318
3317
3316
3315
3315
3315
3315
3312
3311
3311
3309
3308
3308
3307
3306
3306
3305
3304
3303
3301
3300
3297
3297
3293
3293
3292
3291
3291
3290
3289
3289
3289
3289
3288
3288
3288
3286
3285
3285
3284
3284
3283
3283
3282
3281
3281
3280
3280
3280
3279
3278
3277
3277
3276
3275
3275
3274
3271
3269
3269
3267
3267
3265
3264
3262
3259
3259
3259
3256
3255
3255
3254
3253
3253
3252
3249
3249
3249
3246
3246
3244
3244
3243
3242
3242
3242
3240
3239
3239
3239
3237
3237
3236
3235
3235
3234
3233
3232
3230
3230
3229
3228
3227
3226
3226
3225
3225
3225
3223
3221
3218
3217
3216
3215
3215
3214
3214
3214
3210
3208
3208
3207
3206
3206
3205
3203
3202
3201
3201
3199
3199
3198
3198
3198
3197
3197
3193
3190
3190
3188
3187
3186
3186
3183
3183
3183
3182
3179
3179
3178
3177
3176
3176
3175
3175
3174
3172
3171
3168
3167
3163
3162
3159
3159
3159
3159
3159
3157
3156
3156
3154
3152
3151
3151
3149
3149
3148
3148
3147
3146
3141
3141
3141
3141
3139
3139
3138
3137
3136
3135
3135
3133
3133
3132
3132
3132
3131
3131
3130
3130
3129
3129
3128
3127
3126
3124
3123
3122
3122
3121
3120
3119
3118
3118
3117
3117
3116
3116
3114
3114
3113
3113
3112
3111
3110
3110
3109
3109
3107
3105
3104
3103
3101
3101
3101
3100
3100
3099
3098
3098
3096
3096
3096
3094
3094
3093
3092
3091
3090
3089
3089
3087
3087
3085
3083
3083
3082
3081
3078
3073
3073
3072
3072
3071
3067
3067
3066
3065
3065
3065
3064
3061
3061
3061
3060
3060
3058
3057
3055
3052
3050
3050
3049
3049
3049
3048
3048
3047
3045
3045
3044
3043
3043
3042
3041
3041
3040
3040
3038
3034
3032
3029
3027
3027
3026
3026
3026
3025
3024
3023
3023
3023
3022
3020
3020
3018
3016
3016
3016
3016
3015
3013
3009
3009
3006
3005
3004
3003
3002
3000
2999
2998
2997
2997
2996
2996
2995
2995
2995
2992
2992
2990
2990
2989
2989
2988
2988
2988
2987
2985
2985
2985
2984
2984
2983
2980
2980
2980
2979
2978
2978
2978
2978
2977
2976
2976
2975
2973
2973
2973
2972
2971
2970
2969
2969
2966
2965
2964
2962
2962
2961
2960
2959
2958
2958
2958
2957
2956
2952
2950
2949
2948
2946
2946
2946
2944
2943
2943
2943
2942
2941
2941
2941
2941
2940
2940
2940
2939
2937
2936
2935
2934
2931
2930
2929
2929
2929
2929
2929
2928
2928
2927
2926
2926
2925
2924
2923
2922
2922
2917
2916
2916
2916
2915
2913
2912
2911
2910
2909
2908
2908
2908
2905
2901
2899
2899
2898
2898
2898
2897
2896
2896
2896
2894
2893
2892
2891
2891
2887
2886
2886
2885
2883
2883
2882
2882
2882
2881
2881
2879
2879
2879
2878
2878
2877
2876
2874
2874
2873
2871
2869
2867
2867
2867
2867
2865
2865
2864
2863
2862
2861
2860
2860
2860
2860
2859
2859
2859
2858
2858
2858
2857
2856
2854
2853
2851
2848
2848
2847
2847
2846
2846
2846
2845
2845
2843
2843
2842
2841
2840
2839
2839
2837
2836
2835
2835
2834
2834
2833
2833
2832
2831
2829
2828
2827
2827
2822
2822
2820
2816
2816
2816
2816
2815
2815
2815
2811
2809
2809
2807
2807
2806
2805
2803
2802
2801
2799
2798
2798
2797
2797
2796
2796
2795
2795
2795
2795
2795
2794
2794
2793
2791
2791
2791
2791
2787
2785
2781
2781
2781
2781
2780
2780
2779
2779
2779
2778
2778
2777
2776
2776
2776
2775
2773
2772
2772
2770
2769
2769
2769
2769
2766
2762
2762
2760
2760
2759
2759
2759
2758
2756
2756
2753
2753
2752
2752
2752
2752
2749
2748
2747
2744
2744
2744
2743
2742
2741
2741
2740
2738
2737
2734
2734
2734
2734
2733
2731
2729
2729
2727
2727
2726
2725
2725
2724
2723
2723
2721
2719
2716
2716
2715
2714
2712
2712
2711
2710
2707
2706
2706
2705
2705
2705
2704
2702
2702
2700
2700
2700
2700
2699
2699
2697
2693
2693
2693
2692
2692
2691
2689
2688
2688
2688
2688
2685
2684
2683
2683
2682
2679
2679
2675
2675
2674
2673
2668
2667
2666
2665
2665
2664
2662
2662
2662
2661
2661
2661
2659
2659
2658
2658
2655
2655
2654
2654
2653
2653
2651
2650
2650
2647
2646
2645
2643
2642
2640
2639
2636
2635
2635
2634
2633
2630
2630
2630
2630
2630
2629
2629
2629
2628
2627
2627
2626
2624
2624
2624
2624
2622
2621
2620
2620
2619
2619
2619
2618
2618
2618
2617
2616
2616
2616
2615
2614
2613
2613
2613
2613
2613
2613
2612
2609
2609
2609
2607
2604
2601
2601
2600
2600
2599
2598
2595
2594
2593
2593
2590
2589
2588
2588
2585
2585
2584
2584
2584
2578
2578
2577
2574
2574
2573
2572
2571
2571
2571
2571
2570
2570
2569
2567
2567
2564
2564
2562
2559
2557
2557
2556
2555
2555
2555
2553
2553
2552
2552
2551
2550
2549
2549
2548
2546
2544
2544
2543
2543
2541
2540
2538
2537
2536
2536
2536
2535
2534
2532
2529
2528
2528
2527
2527
2526
2524
2524
2524
2522
2522
2520
2520
2518
2514
2514
2510
2510
2509
2508
2508
2506
2506
2505
2505
2505
2505
2505
2504
2503
2503
2502
2501
2500
2499
2498
2497
2497
2497
2497
2495
2495
2495
2494
2493
2493
2492
2492
2492
2491
2491
2488
2486
2485
2482
2479
2478
2478
2477
2476
2476
2475
2471
2470
2470
2470
2467
2466
2462
2461
2461
2460
2460
2459
2458
2457
2457
2456
2454
2452
2452
2451
2450
2449
2449
2446
2445
2445
2445
2444
2443
2439
2439
2438
2437
2437
2437
2437
2436
2436
2436
2435
2433
2432
2431
2428
2426
2425
2425
2425
2425
2424
2423
2423
2421
2421
2420
2416
2415
2413
2412
2410
2409
2408
2408
2407
2407
2406
2405
2405
2405
2403
2402
2402
2401
2401
2399
2397
2396
2396
2394
2392
2391
2391
2390
2390
2390
2386
2386
2386
2385
2381
2380
2380
2380
2379
2378
2378
2378
2377
2376
2375
2375
2375
2375
2375
2374
2374
2372
2370
2370
2370
2369
2367
2366
2364
2364
2360
2359
2357
2357
2356
2355
2354
2353
2353
2350
2349
2348
2348
2343
2342
2341
2341
2339
2339
2338
2337
2334
2333
2332
2332
2332
2331
2331
2330
2329
2329
2329
2328
2327
2327
2325
2325
2324
2323
2319
2319
2317
2317
2312
2311
2311
2309
2307
2307
2305
2302
2301
2299
2299
2297
2296
2295
2294
2294
2294
2293
2293
2291
2289
2289
2289
2288
2286
2282
2281
2281
2280
2280
2279
2278
2278
2278
2278
2278
2275
2275
2275
2275
2273
2273
2272
2272
2271
2271
2270
2270
2270
2268
2268
2266
2266
2265
2265
2263
2263
2261
2261
2260
2260
2259
2258
2258
2258
2258
2257
2256
2255
2255
2253
2252
2252
2247
2245
2244
2244
2244
2243
2241
2240
2238
2236
2235
2233
2233
2230
2229
2229
2229
2228
2228
2226
2225
2225
2223
2222
2221
2220
2217
2216
2213
2213
2213
2213
2212
2209
2208
2208
2207
2207
2206
2205
2204
2202
2201
2201
2199
2197
2197
2196
2195
2194
2193
2193
2190
2189
2189
2189
2187
2185
2184
2183
2183
2182
2182
2181
2181
2181
2180
2178
2178
2178
2177
2177
2177
2175
2174
2173
2169
2169
2169
2168
2168
2167
2167
2167
2167
2164
2164
2163
2162
2160
2159
2159
2159
2158
2158
2157
2157
2155
2155
2155
2155
2154
2153
2151
2148
2147
2146
2145
2143
2143
2141
2141
2139
2139
2139
2139
2137
2137
2136
2135
2135
2135
2134
2133
2132
2130
2130
2129
2128
2128
2125
2124
2124
2123
2122
2122
2120
2117
2117
2117
2115
2114
2114
2112
2112
2111
2109
2106
2106
2104
2104
2104
2103
2103
2102
2099
2098
2097
2095
2093
2092
2090
2089
2089
2088
2088
2087
2086
2085
2084
2083
2081
2077
2074
2072
2071
2070
2069
2069
2068
2068
2065
2065
2064
2064
2063
2062
2061
2060
2060
2060
2060
2059
2059
2057
2057
2056
2055
2055
2053
2053
2050
2050
2049
2046
2046
2045
2045
2044
2042
2040
2037
2037
2036
2034
2034
2033
2033
2030
2030
2030
2029
2026
2025
2024
2023
2022
2020
2020
2017
2017
2015
2013
2013
2010
2010
2010
2008
2006
2006
2005
2004
2003
2003
2002
2001
2001
2001
1999
1998
1998
1996
1996
1996
1995
1992
1991
1988
1987
1986
1983
1982
1982
1980
1980
1979
1977
1974
1974
1973
1973
1972
1971
1970
1968
1966
1966
1966
1966
1965
1963
1963
1962
1959
1957
1956
1956
1956
1955
1953
1952
1946
1946
1945
1945
1944
1944
1944
1943
1943
1942
1942
1940
1939
1938
1938
1936
1936
1936
1935
1935
1934
1934
1934
1934
1933
1932
1932
1931
1931
1931
1930
1930
1929
1929
1928
1928
1927
1926
1925
1921
1919
1919
1918
1917
1916
1915
1913
1913
1911
1911
1910
1906
1903
1903
1903
1902
1901
1899
1899
1897
1897
1897
1896
1896
1894
1894
1893
1893
1893
1892
1892
1890
1890
1889
1889
1888
1888
1887
1884
1882
1882
1881
1880
1880
1878
1875
1875
1874
1870
1870
1869
1869
1868
1867
1867
1867
1865
1863
1862
1862
1852
1852
1851
1850
1849
1848
1847
1845
1844
1844
1843
1842
1841
1839
1838
1837
1836
1834
1833
1832
1832
1831
1831
1830
1828
1828
1827
1822
1819
1819
1816
1816
1815
1814
1813
1811
1810
1808
1806
1806
1806
1806
1805
1803
1803
1803
1803
1802
1801
1800
1799
1798
1798
1796
1795
1794
1793
1792
1791
1790
1789
1789
1788
1786
1784
1783
1783
1782
1779
1778
1778
1778
1777
1774
1774
1770
1767
1765
1763
1760
1758
1755
1754
1754
1752
1751
1750
1748
1746
1746
1745
1745
1743
1739
1737
1735
1733
1731
1731
1730
1729
1729
1727
1727
1727
1724
1724
1723
1723
1722
1720
1720
1719
1718
1718
1717
1716
1716
1714
1712
1711
1709
1709
1709
1707
1707
1707
1707
1706
1706
1705
1705
1705
1704
1701
1701
1700
1699
1697
1695
1690
1688
1687
1686
1684
1684
1683
1683
1682
1682
1682
1681
1680
1680
1679
1679
1679
1678
1678
1677
1677
1676
1675
1675
1673
1672
1672
1669
1667
1666
1665
1663
1662
1662
1661
1660
1658
1658
1658
1658
1656
1654
1654
1652
1652
1651
1650
1649
1645
1645
1644
1643
1643
1642
1641
1640
1639
1638
1638
1637
1637
1636
1634
1632
1632
1630
1625
1624
1623
1620
1619
1617
1616
1616
1615
1614
1612
1612
1612
1612
1612
1611
1611
1611
1611
1609
1609
1608
1607
1606
1603
1602
1601
1599
1596
1594
1594
1592
1590
1586
1585
1584
1583
1583
1582
1582
1582
1581
1581
1580
1579
1571
1567
1565
1563
1563
1563
1562
1562
1561
1560
1559
1559
1559
1558
1557
1556
1555
1554
1554
1553
1552
1552
1551
1550
1550
1550
1549
1549
1548
1548
1548
1548
1547
1546
1543
1542
1542
1541
1540
1540
1540
1539
1538
1535
1534
1534
1533
1532
1532
1530
1530
1528
1528
1524
1522
1521
1521
1519
1518
1518
1517
1517
1516
1512
1512
1512
1512
1511
1511
1509
1506
1505
1504
1504
1501
1500
1500
1498
1498
1496
1496
1495
1494
1493
1493
1493
1491
1486
1485
1484
1483
1482
1482
1482
1481
1479
1478
1477
1476
1476
1475
1474
1473
1470
1469
1469
1468
1468
1467
1464
1463
1462
1462
1462
1460
1459
1457
1456
1455
1451
1451
1450
1450
1449
1448
1447
1446
1446
1445
1445
1445
1443
1443
1442
1441
1441
1441
1440
1440
1438
1437
1436
1435
1433
1432
1431
1430
1429
1428
1427
1426
1424
1420
1420
1417
1417
1417
1416
1416
1416
1415
1413
1412
1410
1410
1408
1406
1406
1406
1405
1402
1402
1402
1400
1400
1400
1399
1398
1396
1394
1393
1390
1389
1389
1387
1385
1383
1382
1382
1380
1379
1379
1379
1377
1375
1375
1371
1371
1370
1369
1366
1366
1366
1365
1364
1364
1363
1362
1361
1360
1360
1359
1356
1355
1354
1351
1351
1351
1348
1347
1346
1344
1344
1344
1344
1343
1342
1342
1341
1341
1340
1338
1336
1334
1333
1332
1330
1330
1329
1328
1328
1327
1326
1325
1324
1324
1324
1322
1321
1321
1321
1319
1319
1318
1318
1315
1314
1314
1313
1312
1312
1309
1307
1307
1307
1307
1301
1299
1298
1297
1296
1295
1291
1290
1290
1289
1287
1287
1286
1286
1284
1283
1283
1280
1279
1279
1278
1277
1276
1276
1275
1274
1272
1272
1271
1270
1270
1270
1270
1269
1266
1265
1264
1262
1260
1260
1257
1257
1257
1256
1255
1254
1254
1253
1253
1252
1250
1248
1248
1246
1246
1244
1243
1242
1242
1239
1239
1238
1238
1237
1237
1236
1236
1235
1235
1234
1233
1232
1232
1231
1230
1229
1227
1227
1226
1223
1222
1222
1222
1221
1220
1219
1217
1214
1213
1213
1211
1210
1210
1210
1209
1209
1208
1207
1206
1206
1205
1204
1204
1203
1201
1200
1199
1198
1198
1197
1197
1197
1197
1196
1192
1191
1191
1188
1188
1188
1188
1188
1186
1186
1185
1183
1183
1181
1181
1180
1180
1180
1178
1178
1176
1171
1171
1171
1169
1168
1167
1164
1164
1161
1159
1159
1157
1157
1156
1156
1156
1154
1153
1153
1151
1151
1151
1147
1146
1144
1143
1142
1142
1140
1140
1139
1138
1136
1135
1135
1134
1133
1132
1132
1129
1129
1126
1126
1126
1124
1123
1122
1122
1122
1121
1119
1118
1118
1114
1112
1112
1111
1111
1110
1110
1106
1101
1101
1100
1099
1098
1097
1097
1096
1096
1096
1094
1093
1093
1093
1090
1089
1088
1087
1087
1086
1085
1082
1079
1078
1078
1078
1077
1076
1076
1072
1071
1071
1070
1067
1067
1065
1065
1063
1063
1063
1062
1060
1060
1059
1059
1057
1054
1054
1054
1052
1052
1047
1044
1043
1040
1040
1034
1034
1033
1032
1032
1032
1031
1030
1030
1030
1029
1027
1026
1026
1026
1025
1025
1024
1024
1024
1024
1022
1021
1021
1019
1018
1018
1018
1017
1017
1016
1016
1014
1013
1013
1013
1012
1010
1009
1009
1009
1008
1004
1004
1004
1004
1002
1002
1000
1000
999
998
998
996
994
991
990
988
986
985
984
984
982
981
980
979
979
978
978
976
976
974
973
973
972
972
972
971
971
970
970
968
968
964
963
963
962
961
961
958
957
957
955
953
953
953
953
952
952
951
950
948
948
947
946
946
943
943
942
941
939
939
939
939
939
938
937
937
936
934
934
932
930
929
928
926
926
924
924
923
921
920
919
918
915
914
914
914
912
911
910
909
908
908
907
904
903
903
902
901
900
898
896
894
892
889
888
887
887
887
886
885
885
885
884
883
882
882
881
881
880
878
876
875
875
872
871
870
870
869
869
868
866
865
865
862
861
861
859
857
857
857
857
853
853
852
852
852
852
850
850
850
850
847
846
843
843
841
841
839
837
836
835
834
833
832
831
831
830
830
830
829
829
826
826
826
822
821
820
819
819
819
818
818
818
817
816
812
812
810
810
809
808
805
804
801
800
800
798
797
794
793
792
791
791
789
788
788
787
786
786
781
780
773
773
773
772
771
769
769
767
766
766
765
764
764
760
758
758
757
757
753
753
753
752
752
751
750
750
750
747
747
746
746
746
742
740
739
739
739
736
735
734
734
732
730
730
730
727
725
725
722
722
720
720
720
719
719
719
718
717
716
716
716
713
712
711
710
710
710
709
708
706
705
704
703
696
695
695
694
693
692
689
689
688
686
686
685
685
684
684
682
680
680
678
678
676
676
675
675
674
674
673
673
671
669
669
668
668
667
664
663
663
662
661
660
658
654
653
652
651
647
646
642
641
640
640
638
638
634
633
633
632
631
630
629
629
627
627
627
627
626
624
624
622
622
622
621
620
619
617
617
616
615
614
613
611
608
607
607
605
604
602
600
599
598
598
598
597
597
596
592
592
591
589
585
584
581
581
579
579
578
578
576
576
576
573
573
572
571
571
566
566
565
564
563
561
561
561
560
560
559
558
557
556
555
553
552
552
551
551
550
550
550
549
547
547
546
545
545
543
542
538
536
535
535
534
534
532
532
531
530
529
526
522
521
520
518
518
516
514
514
512
512
511
511
511
511
510
510
510
506
506
505
505
503
502
502
502
500
499
495
494
492
489
486
486
484
483
483
482
482
481
480
480
478
478
478
476
475
475
473
471
471
470
468
467
466
465
465
464
464
463
461
460
459
459
458
458
458
458
457
457
454
451
444
444
444
444
443
443
443
442
440
435
434
433
433
432
432
432
431
430
429
429
429
428
428
428
425
424
424
423
421
421
421
421
420
419
418
415
414
414
412
412
411
408
407
405
404
404
403
400
400
399
398
398
397
396
395
394
394
393
393
392
390
390
389
383
383
382
381
380
379
377
376
374
373
369
361
361
361
360
359
359
356
356
354
352
351
350
347
347
347
342
340
340
339
338
338
338
336
335
335
334
332
331
329
328
325
323
322
320
320
317
317
316
315
314
313
310
308
307
305
305
304
303
301
301
299
298
296
294
294
291
291
290
289
288
288
287
286
282
282
280
278
277
276
276
275
275
274
272
272
271
270
270
268
267
266
266
263
262
261
260
257
257
257
256
255
253
253
253
252
250
249
249
248
248
247
247
246
246
245
245
244
243
243
241
238
237
237
236
235
235
235
233
227
226
226
222
222
222
221
219
218
218
217
217
217
215
214
212
212
210
209
209
208
208
207
207
206
205
204
203
203
202
202
197
197
196
195
195
194
194
190
188
188
188
187
186
186
186
185
183
182
182
182
180
180
180
179
179
177
175
175
174
172
172
171
171
169
168
166
166
165
165
163
163
160
157
156
154
154
153
153
150
149
147
145
145
145
145
144
144
144
143
140
140
139
138
137
135
135
134
131
131
128
128
127
126
126
126
124
121
121
121
120
120
118
118
117
116
115
115
115
112
109
109
106
102
100
100
99
99
98
98
97
97
96
96
96
95
94
94
94
93
93
92
90
89
89
88
88
86
82
81
80
80
79
77
76
75
74
74
74
73
73
73
71
71
70
69
69
69
68
66
65
64
63
61
60
58
58
58
57
57
56
55
53
52
51
51
51
50
49
49
49
49
48
47
45
45
45
44
44
43
42
42
42
41
40
39
39
36
35
35
34
33
33
32
31
30
29
27
26
26
25
25
23
22
21
20
19
19
19
19
17
17
16
15
15
14
13
12
10
10
10
9
8
7
6
6
5
5
4
4
3
3
2
0
0
