9999
9998
9998
9997
9996
9996
9994
9993
9993
9992
9989
9989
9988
9988
9986
9984
9984
9983
9983
9982
9982
9980
9977
9977
9973
9971
9970
9969
9968
9968
9967
9964
9961
9960
9960
9959
9959
9959
9958
9958
9957
9955
9954
9954
9953
9953
9951
9949
9949
9943
9943
9942
9941
9941
9941
9940
9939
9939
9938
9938
9937
9937
9937
9937
9936
9935
9934
9933
9933
9933
9932
9932
9931
9930
9930
9928
9928
9927
9925
9924
9923
9923
9922
9922
9922
9921
9921
9921
9920
9920
9919
9917
9917
9914
9913
9912
9912
9912
9911
9911
9910
9909
9908
9906
9906
9906
9905
9905
9904
9902
9902
9901
9900
9899
9898
9897
9897
9896
9895
9894
9893
9892
9891
9891
9891
9890
9886
9885
9884
9884
9883
9882
9882
9881
9880
9879
9877
9877
9876
9876
9876
9873
9872
9870
9868
9866
9866
9863
9863
9862
9862
9859
9858
9855
9853
9852
9852
9851
9851
9851
9849
9849
9847
9847
9847
9846
9846
9844
9842
9842
9841
9837
9837
9833
9833
9833
9832
9831
9831
9831
9831
9830
9830
9829
9827
9827
9825
9822
9821
9821
9818
9817
9815
9813
9812
9811
9808
9807
9805
9803
9803
9803
9802
9801
9800
9798
9797
9792
9788
9787
9783
9782
9780
9778
9778
9778
9777
9777
9776
9774
9772
9770
9770
9769
9767
9767
9762
9761
9761
9760
9760
9758
9757
9756
9754
9753
9753
9752
9752
9751
9750
9749
9748
9748
9748
9747
9747
9746
9745
9744
9744
9743
9743
9741
9741
9740
9739
9739
9738
9737
9737
9736
9733
9732
9732
9731
9730
9729
9729
9729
9728
9728
9727
9726
9726
9725
9725
9724
9723
9723
9722
9721
9719
9715
9715
9715
9714
9714
9713
9713
9711
9710
9710
9710
9707
9706
9705
9704
9703
9703
9703
9703
9702
9702
9702
9702
9701
9701
9699
9699
9697
9697
9696
9695
9695
9694
9693
9693
9692
9691
9691
9691
9690
9689
9685
9684
9680
9680
9677
9677
9675
9675
9673
9673
9672
9671
9671
9671
9670
9669
9668
9667
9666
9665
9664
9664
9664
9663
9661
9660
9660
9658
9658
9657
9656
9654
9650
9650
9650
9650
9650
9649
9648
9647
9646
9645
9645
9641
9641
9641
9640
9640
9639
9635
9634
9633
9633
9632
9631
9631
9630
9630
9629
9628
9625
9624
9623
9623
9621
9617
9615
9614
9614
9614
9613
9611
9609
9608
9607
9606
9606
9605
9602
9602
9600
9599
9599
9598
9598
9597
9597
9595
9594
9591
9590
9588
9587
9587
9586
9585
9585
9584
9580
9580
9580
9579
9579
9578
9576
9575
9575
9574
9573
9571
9571
9571
9571
9569
9567
9565
9564
9563
9563
9562
9562
9561
9560
9555
9555
9553
9550
9549
9547
9545
9541
9540
9539
9537
9536
9535
9535
9533
9532
9532
9531
9528
9526
9526
9525
9524
9524
9518
9518
9517
9516
9516
9514
9513
9512
9512
9511
9511
9511
9510
9510
9509
9507
9506
9505
9504
9503
9503
9502
9502
9500
9497
9496
9495
9494
9494
9493
9493
9492
9491
9491
9490
9490
9489
9488
9485
9485
9484
9483
9483
9482
9481
9480
9480
9479
9477
9474
9472
9470
9466
9466
9464
9464
9463
9463
9463
9462
9462
9461
9459
9459
9456
9456
9452
9452
9451
9450
9449
9449
9448
9447
9446
9446
9445
9440
9439
9436
9436
9436
9434
9434
9432
9432
9432
9432
9429
9429
9426
9425
9425
9424
9423
9423
9422
9419
9419
9417
9416
9416
9416
9414
9413
9412
9411
9411
9410
9409
9408
9408
9408
9407
9407
9406
9405
9405
9405
9403
9402
9402
9399
9399
9398
9396
9395
9394
9392
9389
9389
9388
9387
9385
9383
9383
9382
9379
9377
9372
9372
9372
9372
9372
9370
9368
9365
9365
9364
9361
9361
9361
9360
9360
9359
9359
9359
9358
9358
9358
9357
9356
9356
9355
9355
9353
9352
9350
9350
9350
9350
9347
9347
9346
9346
9346
9345
9344
9344
9343
9343
9340
9339
9336
9335
9334
9333
9333
9332
9331
9331
9329
9328
9328
9326
9324
9324
9323
9323
9322
9321
9321
9321
9321
9319
9318
9317
9317
9315
9315
9315
9314
9311
9311
9309
9308
9307
9306
9304
9303
9299
9294
9291
9291
9290
9289
9288
9285
9285
9283
9283
9282
9281
9280
9280
9280
9279
9279
9277
9276
9275
9274
9274
9273
9270
9266
9265
9262
9259
9259
9257
9256
9255
9254
9254
9253
9252
9252
9251
9251
9251
9249
9249
9249
9248
9248
9247
9247
9246
9246
9245
9245
9241
9241
9238
9238
9238
9237
9237
9237
9235
9234
9234
9231
9228
9228
9227
9225
9225
9223
9223
9223
9222
9221
9219
9219
9218
9218
9218
9217
9217
9215
9213
9212
9211
9210
9209
9208
9208
9207
9207
9207
9206
9205
9205
9205
9205
9203
9203
9202
9199
9197
9196
9196
9195
9194
9193
9192
9192
9188
9188
9187
9187
9186
9186
9186
9185
9185
9184
9184
9184
9182
9182
9182
9181
9181
9179
9178
9178
9177
9176
9175
9173
9173
9173
9172
9172
9172
9171
9171
9171
9171
9170
9169
9169
9168
9168
9167
9166
9166
9165
9165
9165
9165
9165
9164
9163
9162
9160
9160
9159
9158
9157
9156
9154
9153
9152
9152
9151
9151
9150
9150
9150
9150
9149
9149
9148
9147
9145
9145
9143
9142
9141
9139
9139
9137
9136
9136
9136
9134
9132
9129
9128
9128
9126
9125
9125
9125
9124
9123
9123
9122
9121
9121
9120
9119
9119
9118
9118
9117
9116
9115
9115
9115
9113
9113
9112
9111
9110
9110
9109
9108
9107
9103
9103
9101
9100
9099
9098
9097
9096
9096
9096
9095
9094
9093
9092
9091
9090
9089
9089
9088
9087
9087
9082
9082
9081
9080
9079
9079
9079
9077
9077
9077
9076
9075
9074
9073
9072
9071
9071
9071
9070
9070
9069
9069
9068
9068
9067
9067
9067
9066
9065
9064
9064
9063
9063
9062
9062
9062
9061
9060
9060
9059
9057
9055
9055
9054
9052
9051
9051
9051
9049
9048
9044
9044
9043
9042
9042
9041
9041
9040
9039
9039
9037
9035
9032
9031
9031
9031
9030
9030
9030
9029
9027
9027
9027
9027
9023
9021
9019
9019
9017
9015
9012
9012
9011
9011
9007
9006
9006
9005
9005
9000
8998
8997
8996
8995
8994
8993
8993
8992
8991
8991
8991
8990
8990
8989
8988
8988
8986
8986
8985
8984
8984
8982
8980
8979
8978
8977
8975
8974
8970
8967
8967
8966
8966
8965
8964
8964
8962
8962
8961
8961
8961
8959
8958
8957
8957
8957
8956
8954
8954
8953
8953
8952
8950
8947
8944
8943
8943
8940
8940
8939
8939
8938
8936
8936
8935
8935
8935
8934
8933
8933
8932
8931
8931
8931
8928
8927
8927
8927
8926
8925
8925
8923
8922
8921
8920
8919
8919
8919
8918
8918
8915
8914
8913
8913
8913
8912
8911
8909
8909
8908
8908
8905
8905
8904
8901
8898
8898
8897
8896
8896
8894
8892
8892
8890
8890
8890
8889
8888
8885
8885
8885
8884
8884
8883
8883
8883
8881
8880
8880
8880
8877
8877
8877
8874
8874
8874
8873
8873
8870
8869
8868
8867
8866
8866
8866
8865
8865
8865
8864
8864
8861
8859
8859
8858
8858
8856
8856
8856
8855
8855
8853
8847
8847
8847
8846
8846
8846
8844
8844
8842
8841
8841
8841
8841
8840
8837
8837
8837
8836
8836
8835
8835
8834
8833
8833
8832
8830
8828
8828
8828
8827
8826
8821
8821
8820
8818
8818
8817
8817
8817
8815
8814
8813
8812
8809
8809
8807
8807
8807
8806
8805
8804
8804
8802
8801
8801
8801
8801
8799
8799
8794
8794
8788
8787
8787
8786
8786
8786
8786
8785
8783
8783
8783
8783
8782
8782
8782
8780
8778
8777
8777
8776
8775
8772
8771
8769
8769
8768
8767
8766
8765
8764
8762
8762
8761
8751
8750
8750
8749
8749
8749
8749
8749
8748
8748
8748
8748
8747
8747
8746
8744
8744
8743
8741
8741
8740
8739
8738
8738
8737
8737
8736
8735
8735
8733
8733
8732
8732
8730
8729
8729
8728
8726
8724
8723
8722
8717
8716
8716
8716
8714
8714
8714
8713
8712
8710
8710
8709
8708
8708
8707
8707
8706
8705
8704
8700
8699
8699
8698
8698
8697
8695
8695
8692
8690
8690
8690
8690
8689
8688
8683
8682
8682
8682
8677
8676
8676
8674
8673
8672
8671
8671
8670
8670
8670
8670
8668
8665
8663
8662
8662
8659
8658
8655
8654
8654
8653
8652
8652
8651
8650
8649
8649
8647
8646
8646
8646
8645
8644
8644
8644
8644
8643
8643
8643
8639
8639
8638
8637
8637
8637
8636
8636
8635
8634
8633
8632
8632
8630
8628
8628
8628
8625
8622
8622
8620
8619
8616
8615
8614
8614
8613
8612
8611
8611
8609
8609
8607
8606
8606
8605
8604
8604
8602
8601
8600
8598
8597
8593
8593
8592
8592
8591
8591
8589
8587
8586
8582
8582
8578
8577
8576
8576
8576
8576
8574
8573
8572
8571
8571
8567
8565
8560
8559
8558
8558
8556
8556
8551
8550
8548
8548
8547
8546
8544
8543
8542
8540
8540
8535
8535
8533
8532
8531
8531
8530
8529
8529
8529
8523
8523
8523
8522
8521
8520
8519
8519
8519
8518
8516
8515
8515
8514
8514
8513
8513
8511
8510
8510
8509
8507
8507
8507
8505
8502
8501
8501
8497
8497
8496
8496
8495
8495
8495
8494
8492
8491
8489
8489
8488
8488
8488
8487
8486
8486
8485
8484
8482
8481
8478
8478
8477
8477
8474
8474
8474
8473
8472
8472
8472
8472
8471
8471
8468
8466
8465
8465
8465
8463
8462
8462
8461
8461
8460
8459
8459
8458
8457
8456
8456
8455
8454
8453
8451
8451
8450
8450
8449
8448
8448
8448
8445
8443
8443
8442
8441
8441
8441
8440
8438
8437
8437
8436
8436
8435
8435
8433
8432
8432
8432
8430
8430
8429
8428
8428
8426
8423
8421
8420
8419
8419
8418
8417
8417
8417
8417
8416
8416
8415
8415
8414
8414
8413
8413
8412
8410
8410
8410
8407
8406
8403
8403
8403
8403
8402
8402
8401
8401
8401
8401
8400
8397
8396
8394
8393
8392
8392
8391
8391
8390
8389
8388
8388
8388
8387
8386
8385
8385
8384
8384
8384
8383
8382
8380
8379
8377
8377
8376
8376
8376
8376
8376
8375
8375
8372
8372
8370
8369
8367
8367
8366
8366
8366
8365
8363
8362
8362
8360
8358
8357
8354
8353
8352
8352
8349
8348
8348
8345
8344
8344
8340
8340
8340
8338
8338
8336
8334
8334
8333
8332
8329
8327
8326
8326
8325
8324
8323
8322
8322
8319
8318
8314
8314
8312
8312
8312
8309
8309
8304
8303
8302
8300
8300
8299
8295
8295
8294
8291
8291
8291
8290
8290
8287
8287
8286
8286
8284
8284
8283
8283
8282
8282
8280
8280
8280
8275
8275
8275
8275
8274
8273
8273
8272
8272
8271
8271
8270
8267
8265
8264
8263
8261
8255
8254
8253
8253
8252
8250
8250
8249
8249
8248
8248
8247
8247
8245
8243
8243
8242
8241
8240
8240
8239
8238
8237
8236
8236
8235
8233
8229
8229
8229
8229
8229
8229
8227
8227
8226
8226
8225
8225
8222
8221
8221
8220
8219
8218
8217
8215
8214
8212
8212
8212
8212
8208
8208
8208
8207
8206
8206
8206
8205
8205
8202
8200
8200
8199
8198
8198
8197
8197
8196
8196
8195
8192
8192
8190
8188
8187
8186
8186
8186
8185
8185
8184
8184
8184
8183
8182
8181
8180
8179
8178
8177
8176
8174
8174
8173
8173
8172
8172
8171
8168
8167
8166
8166
8164
8164
8162
8160
8159
8156
8154
8154
8152
8151
8151
8151
8149
8148
8147
8146
8145
8144
8144
8143
8143
8140
8136
8135
8134
8133
8133
8132
8131
8131
8130
8130
8130
8126
8126
8125
8125
8123
8121
8120
8119
8117
8110
8109
8108
8107
8106
8106
8104
8101
8100
8099
8099
8097
8095
8095
8095
8094
8094
8094
8093
8091
8091
8090
8090
8088
8087
8085
8084
8084
8084
8083
8083
8081
8080
8078
8077
8076
8075
8074
8073
8072
8072
8072
8072
8072
8070
8070
8069
8065
8064
8060
8060
8060
8058
8058
8056
8056
8055
8055
8055
8054
8053
8053
8053
8052
8051
8050
8047
8047
8046
8045
8045
8043
8040
8040
8037
8037
8035
8035
8035
8032
8031
8028
8028
8027
8026
8025
8022
8021
8021
8020
8018
8018
8017
8016
8015
8015
8015
8014
8013
8011
8010
8010
8009
8009
8009
8008
8008
8007
8006
8006
8005
8005
8005
8003
8001
8000
7999
7999
7998
7998
7998
7996
7995
7991
7987
7986
7986
7986
7986
7984
7983
7983
7983
7982
7981
7979
7979
7979
7979
7978
7977
7976
7975
7974
7973
7973
7972
7972
7970
7970
7970
7969
7967
7967
7967
7967
7967
7966
7966
7964
7963
7962
7962
7962
7961
7959
7956
7955
7955
7955
7953
7952
7952
7951
7950
7950
7950
7950
7949
7949
7948
7948
7948
7947
7946
7946
7946
7946
7945
7945
7941
7939
7936
7934
7933
7933
7931
7930
7930
7929
7926
7925
7924
7922
7919
7919
7918
7917
7917
7916
7915
7914
7912
7912
7911
7910
7910
7909
7909
7909
7909
7909
7907
7907
7906
7906
7906
7903
7902
7901
7901
7901
7901
7900
7900
7899
7898
7896
7896
7896
7895
7894
7893
7893
7892
7889
7888
7888
7888
7885
7885
7884
7883
7883
7882
7882
7880
7879
7879
7878
7876
7875
7874
7874
7872
7872
7868
7866
7866
7865
7863
7863
7863
7861
7860
7859
7859
7858
7857
7855
7851
7851
7850
7849
7849
7849
7849
7848
7848
7847
7846
7846
7845
7844
7841
7840
7838
7834
7833
7831
7831
7831
7830
7830
7829
7828
7827
7826
7826
7825
7825
7825
7824
7824
7823
7821
7820
7819
7819
7817
7816
7812
7810
7809
7807
7805
7799
7798
7798
7797
7797
7797
7797
7796
7794
7793
7793
7793
7791
7788
7786
7785
7784
7783
7780
7780
7778
7777
7775
7775
7775
7775
7772
7771
7768
7768
7766
7766
7765
7765
7763
7760
7760
7756
7756
7755
7754
7754
7754
7753
7751
7751
7751
7750
7750
7750
7749
7749
7749
7748
7748
7748
7747
7747
7746
7746
7743
7743
7742
7742
7742
7740
7740
7740
7739
7737
7735
7734
7734
7729
7729
7727
7727
7725
7724
7724
7723
7721
7719
7719
7718
7717
7716
7713
7711
7708
7707
7705
7704
7704
7703
7702
7701
7699
7699
7698
7697
7696
7695
7694
7692
7691
7691
7690
7689
7689
7686
7686
7684
7684
7683
7681
7679
7678
7678
7678
7678
7677
7676
7675
7675
7673
7673
7669
7666
7664
7663
7662
7662
7661
7660
7659
7659
7659
7656
7652
7650
7650
7650
7650
7649
7648
7644
7644
7643
7642
7641
7640
7639
7638
7638
7637
7637
7637
7637
7635
7635
7635
7635
7633
7633
7631
7629
7628
7627
7626
7626
7625
7623
7623
7621
7620
7619
7615
7613
7613
7613
7612
7612
7611
7611
7611
7610
7610
7609
7609
7608
7608
7604
7600
7599
7596
7596
7596
7593
7593
7592
7592
7592
7591
7590
7590
7589
7587
7585
7585
7584
7583
7582
7580
7578
7574
7574
7573
7571
7568
7566
7565
7565
7564
7563
7562
7561
7556
7556
7556
7555
7554
7553
7552
7551
7550
7550
7550
7550
7547
7545
7544
7544
7543
7541
7537
7537
7537
7535
7534
7532
7531
7531
7530
7530
7529
7528
7528
7527
7527
7526
7526
7526
7525
7525
7525
7524
7524
7524
7521
7520
7520
7520
7519
7517
7516
7516
7514
7512
7511
7510
7509
7507
7507
7506
7505
7503
7501
7498
7498
7498
7497
7496
7496
7496
7495
7494
7493
7489
7489
7488
7487
7485
7485
7485
7484
7484
7484
7481
7481
7481
7481
7479
7478
7476
7474
7474
7473
7473
7472
7471
7470
7470
7470
7468
7468
7466
7465
7464
7463
7463
7458
7455
7453
7452
7452
7451
7450
7450
7450
7450
7447
7446
7444
7442
7442
7441
7441
7440
7439
7436
7436
7436
7435
7432
7431
7430
7429
7427
7425
7424
7422
7421
7420
7420
7418
7418
7416
7415
7414
7413
7413
7409
7409
7409
7408
7408
7408
7407
7407
7406
7406
7406
7406
7402
7401
7399
7397
7396
7394
7393
7392
7391
7391
7391
7390
7389
7388
7387
7387
7386
7384
7382
7381
7379
7379
7378
7377
7377
7374
7373
7373
7372
7370
7369
7368
7368
7368
7367
7367
7367
7366
7364
7364
7364
7364
7364
7363
7362
7360
7360
7358
7355
7354
7354
7353
7352
7352
7352
7351
7350
7350
7348
7347
7347
7347
7346
7345
7344
7343
7343
7340
7340
7337
7337
7336
7336
7336
7334
7330
7330
7329
7326
7326
7325
7324
7323
7323
7322
7320
7320
7320
7319
7316
7316
7316
7314
7313
7312
7311
7309
7308
7308
7308
7308
7306
7304
7304
7301
7298
7298
7297
7296
7292
7291
7291
7287
7287
7284
7284
7284
7284
7281
7277
7274
7273
7271
7267
7266
7263
7262
7262
7262
7261
7261
7260
7259
7256
7255
7255
7253
7252
7252
7251
7249
7246
7245
7243
7239
7238
7236
7236
7236
7236
7235
7234
7234
7233
7231
7230
7229
7227
7225
7224
7222
7220
7219
7219
7219
7218
7216
7216
7215
7213
7213
7212
7212
7211
7207
7206
7206
7206
7203
7203
7203
7203
7203
7203
7201
7201
7199
7199
7197
7196
7196
7195
7193
7193
7193
7191
7190
7190
7187
7187
7185
7184
7182
7182
7182
7181
7181
7180
7176
7175
7175
7175
7175
7174
7172
7172
7170
7170
7168
7168
7167
7167
7167
7165
7164
7164
7164
7163
7162
7159
7156
7152
7151
7150
7149
7149
7149
7149
7148
7146
7143
7141
7141
7141
7139
7138
7138
7137
7136
7136
7136
7136
7133
7132
7130
7129
7128
7128
7127
7127
7126
7126
7125
7124
7123
7123
7122
7120
7120
7120
7120
7118
7117
7113
7111
7109
7105
7104
7103
7101
7099
7097
7096
7096
7093
7091
7090
7089
7088
7088
7086
7085
7085
7084
7084
7084
7083
7082
7081
7076
7075
7073
7071
7070
7070
7069
7069
7067
7067
7066
7064
7063
7063
7063
7060
7057
7056
7054
7054
7053
7053
7052
7048
7048
7048
7047
7047
7047
7047
7046
7046
7045
7045
7044
7043
7043
7042
7039
7038
7038
7037
7036
7036
7035
7035
7034
7032
7031
7031
7028
7028
7028
7027
7027
7027
7027
7026
7026
7025
7024
7023
7023
7022
7021
7019
7019
7019
7019
7017
7016
7016
7015
7015
7013
7009
7009
7008
7007
7005
7002
7002
7001
7000
6999
6998
6997
6995
6995
6995
6993
6992
6992
6990
6989
6989
6989
6987
6983
6982
6982
6981
6979
6978
6976
6976
6970
6969
6964
6964
6964
6963
6961
6961
6960
6960
6960
6959
6957
6954
6953
6952
6949
6949
6946
6945
6944
6944
6943
6942
6942
6942
6940
6940
6940
6939
6937
6937
6935
6933
6927
6927
6926
6926
6923
6923
6923
6923
6921
6921
6920
6920
6920
6920
6917
6915
6915
6914
6914
6914
6912
6910
6910
6909
6909
6909
6908
6906
6906
6906
6905
6904
6901
6901
6900
6898
6898
6897
6896
6895
6894
6894
6892
6891
6891
6890
6888
6888
6887
6886
6886
6886
6886
6884
6883
6882
6882
6881
6881
6880
6879
6878
6877
6876
6875
6873
6873
6873
6872
6872
6872
6872
6871
6868
6867
6865
6865
6863
6863
6862
6859
6859
6859
6858
6858
6858
6857
6856
6854
6852
6851
6851
6850
6850
6848
6847
6844
6843
6842
6842
6841
6840
6838
6837
6834
6833
6833
6832
6830
6829
6828
6827
6827
6826
6825
6823
6822
6821
6820
6818
6817
6815
6814
6814
6813
6813
6813
6813
6812
6811
6811
6811
6810
6810
6810
6809
6809
6807
6806
6805
6805
6804
6804
6804
6804
6801
6797
6796
6795
6793
6793
6792
6791
6791
6789
6789
6789
6786
6785
6784
6784
6784
6783
6780
6779
6778
6776
6774
6774
6773
6772
6768
6767
6766
6765
6765
6764
6763
6762
6761
6760
6758
6757
6756
6756
6752
6750
6749
6749
6748
6745
6744
6743
6743
6743
6742
6742
6742
6742
6741
6741
6741
6740
6739
6739
6735
6734
6733
6732
6731
6731
6731
6730
6729
6728
6728
6726
6725
6725
6724
6724
6723
6723
6722
6720
6718
6717
6714
6712
6710
6709
6708
6708
6707
6706
6705
6704
6704
6703
6702
6702
6700
6698
6696
6694
6693
6692
6692
6691
6691
6690
6689
6687
6685
6683
6681
6680
6680
6680
6679
6679
6678
6678
6677
6677
6677
6674
6671
6670
6670
6668
6668
6668
6668
6668
6666
6666
6666
6665
6664
6664
6663
6662
6660
6660
6658
6658
6658
6655
6655
6654
6653
6653
6652
6652
6651
6651
6649
6649
6647
6645
6645
6642
6640
6640
6639
6639
6638
6637
6637
6636
6634
6634
6634
6632
6632
6632
6630
6628
6628
6626
6624
6622
6622
6622
6621
6621
6620
6620
6617
6617
6617
6617
6616
6616
6615
6614
6611
6611
6610
6610
6609
6609
6607
6606
6605
6603
6602
6602
6602
6602
6601
6601
6600
6599
6598
6598
6598
6598
6597
6596
6596
6596
6596
6596
6595
6595
6594
6592
6592
6591
6591
6590
6590
6589
6589
6588
6587
6586
6583
6582
6581
6580
6580
6579
6578
6578
6577
6576
6576
6575
6575
6573
6573
6573
6572
6569
6569
6568
6566
6566
6564
6564
6562
6562
6559
6557
6556
6556
6554
6552
6552
6549
6548
6547
6546
6545
6545
6543
6542
6540
6540
6539
6537
6535
6534
6532
6532
6530
6530
6529
6529
6527
6527
6525
6524
6522
6521
6520
6520
6519
6519
6518
6518
6518
6516
6516
6514
6514
6513
6513
6512
6512
6511
6510
6509
6508
6507
6506
6505
6504
6504
6502
6497
6497
6493
6493
6492
6492
6491
6491
6491
6491
6489
6489
6488
6486
6485
6484
6482
6481
6481
6479
6478
6477
6476
6476
6474
6474
6473
6473
6471
6471
6469
6469
6468
6465
6465
6464
6463
6461
6461
6460
6456
6455
6454
6454
6454
6452
6450
6448
6446
6446
6445
6444
6444
6443
6442
6439
6438
6438
6437
6436
6436
6436
6436
6435
6435
6435
6435
6435
6434
6431
6431
6431
6431
6430
6430
6426
6425
6425
6420
6419
6419
6418
6417
6417
6416
6416
6415
6414
6413
6412
6409
6408
6405
6404
6404
6404
6403
6402
6401
6399
6398
6396
6394
6394
6393
6389
6389
6388
6387
6387
6386
6385
6385
6384
6384
6383
6383
6381
6381
6380
6380
6378
6376
6375
6374
6373
6373
6372
6371
6370
6370
6370
6367
6367
6365
6364
6364
6361
6358
6352
6352
6351
6351
6351
6351
6350
6350
6350
6349
6348
6348
6348
6347
6346
6345
6345
6344
6344
6343
6343
6342
6341
6340
6338
6338
6336
6332
6332
6331
6328
6327
6327
6326
6325
6324
6324
6321
6321
6320
6317
6315
6315
6315
6314
6314
6312
6310
6310
6307
6307
6307
6305
6305
6304
6303
6303
6302
6300
6297
6297
6296
6296
6296
6295
6295
6294
6294
6294
6293
6293
6292
6291
6290
6286
6286
6286
6284
6283
6283
6283
6279
6278
6276
6275
6272
6270
6269
6268
6265
6263
6261
6260
6258
6258
6258
6257
6254
6254
6253
6253
6252
6251
6250
6249
6248
6246
6245
6244
6244
6241
6240
6240
6237
6237
6234
6234
6233
6228
6227
6227
6225
6225
6225
6224
6223
6223
6223
6221
6219
6217
6217
6216
6216
6212
6211
6209
6208
6207
6205
6205
6203
6203
6202
6201
6201
6200
6200
6200
6199
6199
6199
6197
6194
6192
6192
6192
6190
6190
6188
6187
6187
6187
6186
6184
6184
6183
6180
6178
6178
6178
6175
6174
6173
6173
6172
6171
6170
6169
6166
6165
6165
6163
6163
6163
6160
6160
6158
6157
6157
6156
6155
6155
6155
6153
6152
6151
6150
6149
6149
6148
6147
6147
6145
6145
6144
6143
6142
6142
6140
6139
6138
6138
6138
6136
6136
6136
6135
6135
6133
6132
6131
6131
6129
6125
6124
6124
6121
6120
6120
6118
6118
6116
6112
6111
6111
6111
6110
6110
6109
6108
6108
6107
6107
6106
6106
6106
6106
6105
6105
6105
6104
6103
6103
6102
6100
6099
6098
6097
6094
6090
6090
6089
6089
6089
6088
6085
6085
6085
6083
6083
6083
6082
6082
6080
6078
6076
6075
6075
6075
6073
6072
6070
6069
6067
6066
6065
6065
6063
6061
6061
6061
6059
6058
6058
6057
6054
6053
6052
6052
6050
6050
6050
6050
6048
6048
6048
6047
6047
6047
6044
6043
6043
6041
6037
6036
6035
6032
6031
6030
6029
6028
6027
6027
6026
6024
6023
6021
6018
6017
6016
6015
6015
6014
6014
6013
6012
6011
6011
6010
6009
6009
6009
6009
6007
6004
6001
5999
5998
5997
5995
5993
5993
5993
5992
5990
5988
5986
5986
5985
5982
5980
5979
5979
5978
5978
5977
5971
5970
5968
5968
5967
5966
5966
5963
5962
5961
5958
5957
5955
5953
5951
5950
5950
5949
5948
5946
5946
5946
5945
5944
5944
5943
5943
5939
5938
5937
5937
5937
5936
5936
5935
5931
5928
5927
5927
5926
5926
5925
5924
5923
5923
5922
5922
5922
5920
5920
5919
5917
5916
5915
5915
5913
5912
5911
5911
5909
5909
5907
5907
5906
5905
5904
5902
5901
5898
5891
5890
5889
5887
5886
5884
5884
5884
5883
5882
5879
5879
5879
5879
5878
5877
5876
5876
5876
5875
5874
5872
5871
5871
5870
5869
5868
5865
5863
5863
5862
5862
5861
5860
5860
5859
5858
5857
5857
5856
5856
5855
5852
5852
5852
5852
5850
5849
5848
5848
5848
5847
5847
5846
5845
5845
5844
5844
5843
5843
5842
5840
5840
5840
5838
5838
5837
5837
5836
5836
5836
5835
5835
5835
5835
5834
5834
5833
5832
5831
5829
5828
5828
5827
5827
5826
5824
5819
5818
5817
5817
5816
5814
5813
5812
5806
5806
5804
5804
5800
5799
5799
5797
5797
5796
5796
5795
5795
5794
5792
5791
5790
5789
5789
5789
5788
5786
5780
5780
5779
5778
5778
5777
5775
5775
5774
5774
5773
5773
5771
5771
5771
5767
5766
5763
5761
5761
5761
5761
5760
5758
5757
5755
5753
5752
5752
5752
5751
5751
5749
5749
5749
5748
5747
5746
5746
5746
5745
5743
5743
5743
5737
5736
5736
5735
5734
5733
5733
5732
5732
5732
5731
5730
5728
5727
5726
5725
5725
5725
5723
5722
5722
5722
5721
5721
5721
5720
5720
5719
5718
5717
5717
5716
5714
5711
5710
5709
5709
5708
5708
5707
5707
5707
5707
5706
5703
5703
5702
5701
5700
5699
5699
5699
5699
5698
5698
5696
5696
5696
5694
5694
5692
5692
5688
5687
5687
5687
5686
5686
5686
5684
5682
5682
5681
5681
5680
5679
5678
5678
5677
5676
5676
5673
5672
5672
5672
5669
5669
5668
5668
5667
5667
5666
5665
5664
5664
5663
5662
5660
5657
5655
5654
5653
5652
5652
5650
5648
5648
5647
5647
5643
5642
5641
5640
5640
5639
5638
5638
5638
5637
5637
5636
5633
5633
5633
5632
5632
5630
5629
5628
5627
5626
5624
5624
5621
5620
5620
5619
5619
5618
5615
5614
5614
5612
5610
5609
5606
5606
5605
5605
5603
5601
5601
5599
5598
5598
5596
5595
5595
5593
5593
5593
5592
5592
5590
5590
5589
5589
5589
5588
5588
5587
5586
5582
5581
5579
5579
5578
5577
5575
5575
5573
5572
5569
5567
5567
5566
5566
5564
5562
5562
5561
5561
5560
5559
5559
5557
5556
5555
5555
5552
5552
5551
5550
5549
5549
5548
5546
5546
5545
5542
5539
5535
5535
5535
5534
5534
5533
5533
5530
5530
5529
5528
5527
5523
5523
5521
5520
5520
5520
5516
5516
5516
5515
5514
5514
5512
5512
5510
5507
5505
5505
5505
5504
5504
5502
5500
5499
5498
5498
5495
5493
5493
5493
5492
5487
5487
5486
5485
5484
5484
5484
5481
5480
5480
5479
5479
5479
5478
5477
5477
5477
5475
5475
5474
5472
5472
5470
5470
5470
5468
5468
5467
5466
5465
5464
5461
5458
5457
5457
5456
5456
5456
5455
5454
5454
5452
5450
5447
5447
5446
5446
5445
5442
5441
5441
5440
5439
5438
5437
5437
5437
5435
5434
5432
5431
5430
5429
5429
5428
5428
5426
5426
5426
5426
5425
5423
5422
5419
5416
5415
5415
5414
5412
5412
5411
5411
5410
5409
5408
5407
5407
5406
5406
5406
5404
5403
5399
5398
5397
5390
5389
5389
5388
5385
5384
5382
5382
5381
5381
5380
5380
5379
5378
5372
5371
5368
5367
5366
5366
5365
5364
5364
5363
5363
5358
5358
5357
5357
5356
5355
5355
5352
5349
5349
5346
5345
5345
5345
5345
5344
5343
5342
5341
5339
5336
5336
5335
5334
5334
5334
5334
5334
5333
5331
5327
5326
5324
5324
5322
5322
5321
5320
5320
5318
5317
5316
5316
5314
5313
5312
5312
5311
5311
5308
5308
5307
5306
5306
5304
5303
5302
5301
5300
5300
5299
5298
5296
5288
5287
5286
5285
5283
5282
5282
5282
5280
5280
5279
5279
5278
5277
5277
5277
5277
5276
5276
5275
5271
5271
5268
5268
5267
5265
5264
5263
5262
5262
5261
5261
5261
5260
5260
5259
5257
5257
5257
5255
5254
5254
5252
5251
5251
5251
5248
5248
5247
5247
5247
5247
5246
5246
5245
5243
5243
5242
5242
5239
5238
5237
5237
5236
5236
5231
5230
5228
5227
5227
5225
5224
5224
5222
5222
5218
5218
5218
5217
5216
5216
5215
5215
5215
5215
5212
5212
5212
5210
5210
5210
5210
5210
5208
5207
5207
5207
5206
5205
5205
5205
5205
5203
5203
5202
5201
5201
5198
5197
5196
5195
5192
5190
5189
5188
5188
5187
5183
5182
5178
5177
5177
5177
5177
5176
5176
5175
5174
5173
5173
5172
5171
5171
5169
5168
5167
5166
5165
5165
5162
5162
5161
5159
5155
5155
5155
5155
5154
5153
5153
5152
5151
5150
5149
5147
5146
5146
5146
5145
5145
5142
5139
5137
5136
5135
5135
5134
5131
5131
5131
5130
5130
5130
5129
5129
5127
5126
5125
5124
5121
5120
5119
5118
5117
5114
5114
5112
5111
5110
5109
5108
5108
5107
5103
5103
5103
5102
5100
5100
5099
5098
5096
5093
5089
5088
5087
5087
5087
5086
5086
5086
5086
5085
5084
5084
5083
5083
5081
5080
5080
5080
5079
5079
5076
5076
5076
5074
5073
5067
5064
5064
5063
5061
5061
5058
5056
5056
5054
5054
5054
5053
5053
5052
5052
5050
5050
5048
5048
5047
5047
5047
5047
5046
5046
5043
5043
5042
5041
5041
5039
5038
5038
5036
5036
5036
5035
5035
5035
5034
5033
5032
5032
5031
5030
5030
5025
5025
5025
5025
5024
5023
5023
5021
5020
5018
5016
5015
5014
5013
5013
5012
5010
5010
5007
5006
5004
5004
5004
5003
5002
5002
5002
5001
5001
4999
4999
4997
4991
4990
4989
4988
4986
4986
4985
4984
4981
4981
4975
4974
4972
4972
4970
4970
4968
4968
4968
4966
4966
4965
4965
4965
4964
4962
4960
4957
4956
4954
4950
4949
4949
4947
4947
4943
4943
4939
4938
4938
4938
4938
4937
4937
4936
4936
4935
4934
4933
4932
4931
4929
4926
4925
4923
4923
4923
4923
4921
4920
4919
4915
4915
4915
4913
4912
4910
4910
4909
4908
4907
4907
4906
4903
4902
4901
4900
4900
4900
4900
4899
4898
4898
4898
4897
4896
4895
4895
4894
4891
4889
4888
4887
4886
4882
4882
4880
4880
4880
4879
4878
4877
4876
4876
4875
4871
4870
4868
4868
4868
4868
4866
4864
4863
4863
4859
4858
4857
4856
4855
4855
4849
4848
4848
4847
4846
4846
4845
4842
4842
4840
4840
4839
4839
4838
4838
4837
4837
4837
4836
4836
4835
4834
4834
4832
4832
4829
4828
4827
4827
4827
4827
4826
4826
4825
4825
4823
4823
4822
4821
4821
4821
4820
4816
4815
4814
4813
4813
4813
4812
4810
4810
4808
4806
4804
4804
4804
4803
4800
4800
4800
4797
4796
4795
4795
4795
4793
4792
4792
4791
4790
4790
4789
4788
4787
4784
4781
4781
4781
4780
4778
4778
4778
4777
4775
4773
4772
4769
4768
4767
4767
4766
4765
4764
4762
4761
4759
4759
4758
4757
4756
4756
4753
4753
4753
4753
4753
4752
4752
4751
4750
4750
4747
4746
4744
4744
4743
4742
4741
4739
4739
4739
4739
4736
4736
4734
4732
4730
4729
4729
4727
4727
4726
4725
4724
4724
4724
4724
4724
4724
4723
4722
4721
4720
4720
4720
4718
4718
4714
4714
4712
4711
4711
4704
4704
4703
4702
4702
4702
4702
4702
4701
4701
4701
4699
4698
4697
4697
4696
4695
4695
4695
4695
4694
4694
4693
4692
4692
4690
4690
4689
4689
4687
4685
4685
4684
4684
4682
4682
4680
4679
4679
4678
4678
4677
4677
4676
4676
4675
4675
4672
4671
4669
4669
4668
4667
4664
4663
4662
4662
4662
4660
4659
4659
4658
4658
4658
4657
4656
4654
4652
4652
4651
4650
4649
4644
4644
4642
4639
4639
4639
4638
4636
4636
4636
4636
4635
4625
4625
4624
4623
4621
4620
4620
4620
4620
4618
4617
4616
4616
4615
4613
4612
4610
4608
4606
4605
4605
4605
4605
4605
4605
4603
4602
4601
4601
4600
4597
4596
4596
4596
4595
4594
4594
4594
4592
4590
4589
4587
4585
4584
4584
4582
4581
4580
4578
4578
4577
4576
4576
4576
4573
4571
4571
4570
4567
4566
4564
4563
4563
4561
4561
4560
4559
4558
4558
4554
4553
4553
4551
4550
4549
4548
4547
4546
4545
4544
4543
4543
4541
4539
4538
4534
4533
4531
4531
4530
4530
4529
4526
4525
4524
4523
4520
4520
4520
4518
4516
4513
4512
4511
4509
4509
4508
4507
4507
4506
4506
4504
4504
4497
4497
4497
4497
4495
4494
4493
4492
4491
4490
4489
4489
4489
4488
4488
4485
4484
4483
4483
4482
4480
4477
4477
4475
4473
4471
4471
4471
4470
4470
4469
4469
4468
4467
4465
4464
4464
4463
4461
4460
4460
4460
4459
4459
4458
4456
4456
4455
4455
4455
4454
4454
4453
4452
4451
4449
4449
4448
4448
4448
4446
4445
4445
4443
4441
4441
4440
4438
4438
4438
4435
4435
4434
4433
4433
4432
4432
4430
4430
4430
4429
4428
4428
4426
4425
4424
4424
4421
4421
4420
4419
4419
4419
4418
4415
4414
4414
4413
4413
4409
4408
4407
4406
4406
4406
4406
4405
4405
4404
4403
4403
4402
4400
4399
4398
4394
4394
4392
4392
4392
4391
4390
4390
4390
4389
4388
4386
4385
4385
4385
4384
4381
4381
4379
4376
4375
4375
4374
4373
4371
4367
4367
4366
4366
4365
4363
4361
4360
4360
4359
4358
4358
4357
4357
4356
4356
4356
4355
4354
4354
4354
4352
4351
4351
4350
4349
4349
4348
4346
4345
4345
4340
4339
4337
4336
4335
4332
4331
4330
4329
4328
4326
4324
4323
4323
4320
4318
4318
4318
4314
4312
4311
4310
4310
4308
4306
4306
4305
4304
4303
4303
4302
4300
4299
4297
4296
4294
4294
4294
4293
4292
4289
4288
4288
4287
4285
4283
4283
4283
4282
4282
4282
4282
4280
4280
4279
4275
4274
4273
4273
4272
4272
4270
4269
4268
4266
4265
4264
4264
4263
4261
4261
4261
4259
4254
4253
4246
4245
4242
4236
4235
4234
4233
4233
4232
4231
4231
4230
4230
4230
4230
4229
4229
4229
4227
4227
4226
4224
4222
4221
4221
4221
4219
4219
4217
4216
4214
4214
4214
4213
4212
4212
4212
4211
4211
4210
4210
4210
4209
4209
4208
4208
4207
4207
4206
4206
4206
4206
4204
4201
4200
4199
4198
4197
4197
4196
4194
4194
4194
4193
4193
4192
4190
4190
4188
4188
4187
4186
4185
4183
4183
4182
4179
4179
4178
4178
4177
4177
4177
4174
4171
4169
4168
4166
4164
4163
4162
4161
4160
4159
4159
4159
4159
4158
4158
4157
4156
4155
4153
4152
4150
4149
4148
4147
4146
4142
4139
4138
4138
4137
4132
4132
4132
4132
4127
4126
4124
4124
4124
4121
4121
4121
4120
4118
4117
4116
4115
4115
4113
4112
4112
4112
4111
4109
4109
4108
4107
4107
4105
4105
4105
4105
4105
4104
4103
4103
4102
4102
4101
4101
4100
4099
4098
4097
4097
4097
4094
4091
4090
4090
4089
4089
4089
4089
4087
4087
4087
4087
4086
4086
4085
4085
4084
4084
4083
4083
4082
4078
4078
4076
4075
4075
4075
4073
4070
4070
4069
4069
4069
4069
4068
4067
4066
4064
4063
4063
4062
4062
4061
4061
4060
4058
4057
4055
4054
4054
4053
4053
4053
4051
4049
4047
4046
4044
4043
4043
4043
4043
4040
4040
4039
4038
4034
4034
4034
4032
4032
4031
4030
4028
4026
4026
4025
4024
4024
4021
4019
4017
4015
4015
4013
4012
4012
4011
4011
4011
4009
4009
4009
4008
4006
4004
4003
4003
4002
4002
4001
4000
4000
3997
3997
3997
3995
3994
3994
3993
3993
3991
3991
3987
3986
3984
3983
3982
3981
3980
3978
3978
3977
3977
3976
3976
3976
3975
3975
3974
3974
3973
3972
3969
3968
3966
3966
3965
3963
3959
3956
3956
3955
3954
3952
3951
3950
3949
3949
3949
3948
3947
3947
3945
3945
3944
3943
3941
3940
3940
3940
3939
3937
3937
3936
3936
3935
3935
3935
3934
3934
3933
3932
3931
3931
3930
3930
3929
3926
3926
3926
3925
3925
3924
3924
3923
3923
3923
3921
3921
3916
3916
3910
3910
3910
3909
3908
3906
3905
3905
3903
3899
3898
3898
3896
3895
3895
3895
3894
3894
3894
3893
3892
3889
3888
3884
3884
3883
3883
3881
3880
3880
3880
3879
3877
3876
3876
3873
3872
3871
3871
3868
3864
3863
3863
3861
3860
3860
3859
3859
3859
3858
3857
3857
3855
3854
3853
3849
3849
3847
3845
3845
3845
3845
3843
3843
3840
3837
3836
3836
3836
3836
3835
3831
3830
3829
3828
3828
3826
3826
3822
3820
3819
3819
3818
3818
3817
3815
3815
3813
3812
3810
3810
3810
3808
3806
3805
3804
3804
3804
3803
3800
3799
3797
3795
3795
3794
3794
3793
3791
3790
3790
3789
3789
3788
3788
3788
3785
3784
3783
3783
3783
3783
3782
3782
3780
3779
3778
3778
3776
3775
3774
3773
3773
3772
3772
3771
3770
3768
3767
3767
3767
3766
3766
3765
3764
3764
3764
3763
3763
3762
3760
3758
3756
3756
3755
3754
3754
3752
3750
3750
3747
3747
3745
3744
3742
3737
3737
3737
3736
3736
3736
3734
3733
3733
3732
3731
3730
3729
3729
3728
3726
3723
3723
3723
3723
3722
3721
3721
3721
3721
3720
3718
3717
3717
3717
3717
3717
3716
3714
3714
3714
3713
3713
3712
3711
3710
3709
3709
3709
3707
3707
3707
3706
3706
3703
3700
3700
3700
3699
3699
3698
3698
3698
3697
3697
3696
3696
3693
3693
3690
3690
3689
3688
3687
3682
3682
3682
3681
3679
3678
3678
3678
3677
3676
3676
3676
3675
3674
3673
3672
3672
3669
3668
3667
3662
3661
3661
3660
3659
3658
3657
3656
3654
3653
3653
3653
3651
3649
3646
3645
3644
3644
3643
3641
3640
3638
3638
3635
3634
3634
3630
3629
3628
3628
3628
3625
3625
3624
3621
3621
3620
3617
3616
3616
3615
3614
3613
3613
3610
3609
3608
3607
3606
3604
3604
3604
3603
3603
3602
3602
3602
3601
3600
3600
3599
3599
3599
3597
3597
3595
3595
3594
3593
3590
3590
3588
3586
3586
3583
3582
3582
3581
3579
3577
3577
3576
3575
3574
3574
3573
3572
3572
3567
3566
3563
3563
3563
3562
3561
3560
3559
3556
3556
3555
3552
3552
3551
3549
3547
3547
3546
3545
3543
3542
3542
3541
3541
3541
3540
3539
3537
3536
3534
3534
3532
3530
3526
3524
3524
3523
3522
3521
3520
3519
3519
3518
3517
3516
3516
3512
3510
3509
3509
3508
3508
3506
3505
3505
3505
3503
3502
3502
3502
3501
3501
3500
3500
3499
3498
3496
3496
3496
3495
3494
3494
3493
3492
3491
3491
3490
3487
3485
3484
3480
3480
3479
3478
3477
3476
3476
3473
3470
3469
3466
3465
3465
3463
3458
3458
3457
3457
3456
3456
3456
3455
3455
3453
3452
3449
3448
3447
3446
3445
3445
3445
3445
3443
3443
3443
3442
3442
3441
3440
3439
3439
3438
3436
3435
3434
3433
3433
3433
3433
3433
3426
3426
3424
3423
3422
3422
3422
3422
3421
3421
3421
3420
3419
3416
3416
3416
3415
3412
3412
3412
3410
3408
3408
3406
3406
3406
3402
3402
3400
3399
3398
3395
3394
3391
3388
3388
3385
3385
3385
3384
3382
3381
3380
3378
3378
3378
3377
3375
3374
3374
3374
3373
3372
3372
3371
3368
3367
3366
3366
3365
3364
3364
3364
3364
3364
3363
3361
3360
3357
3357
3357
3357
3355
3354
3353
3353
3351
3351
3351
3350
3349
3349
3349
3349
3349
3349
3348
3348
3347
3346
3345
3345
3345
3345
3345
3343
3343
3342
3342
3341
3340
3340
3340
3339
3338
3332
3330
3328
3326
3325
3325
3324
3324
3324
3323
3322
3321
3319
3318
3318
3318
3318
3316
3315
3314
3311
3310
3308
3308
3306
3304
3304
3303
3302
3302
3302
3302
3300
3299
3299
3299
3299
3298
3297
3293
3292
3288
3288
3288
3288
3287
3286
3286
3284
3284
3283
3283
3279
3278
3276
3276
3276
3275
3275
3273
3272
3271
3271
3271
3269
3267
3265
3263
3261
3261
3260
3259
3258
3258
3256
3256
3255
3255
3252
3252
3251
3250
3249
3249
3248
3248
3248
3248
3247
3247
3245
3245
3245
3243
3242
3239
3239
3239
3238
3238
3237
3236
3236
3235
3234
3232
3231
3229
3228
3228
3227
3227
3225
3225
3224
3224
3222
3221
3221
3221
3221
3220
3218
3214
3213
3213
3212
3211
3211
3211
3210
3209
3209
3208
3208
3207
3206
3206
3206
3203
3202
3200
3199
3199
3198
3196
3196
3193
3193
3192
3192
3191
3189
3188
3186
3183
3182
3181
3179
3178
3177
3177
3177
3176
3176
3175
3175
3169
3168
3168
3168
3168
3167
3166
3166
3166
3165
3162
3162
3161
3160
3160
3159
3157
3156
3156
3155
3155
3154
3154
3153
3152
3150
3149
3146
3146
3145
3144
3144
3143
3143
3142
3140
3137
3136
3136
3136
3135
3135
3134
3133
3133
3132
3132
3127
3126
3124
3124
3123
3122
3122
3122
3120
3119
3119
3117
3117
3117
3115
3114
3114
3113
3112
3112
3112
3110
3108
3108
3108
3107
3106
3101
3100
3099
3099
3098
3096
3095
3093
3092
3089
3087
3084
3082
3079
3075
3075
3073
3072
3070
3065
3064
3064
3063
3062
3061
3060
3060
3059
3059
3057
3054
3053
3053
3052
3050
3050
3048
3048
3046
3044
3044
3043
3042
3042
3040
3040
3039
3038
3036
3034
3034
3033
3032
3032
3031
3028
3028
3026
3025
3024
3024
3023
3022
3020
3020
3018
3018
3017
3017
3017
3016
3013
3012
3012
3010
3006
3006
3006
3005
3002
3002
3001
3001
2998
2998
2998
2995
2994
2994
2993
2992
2991
2990
2990
2990
2989
2989
2988
2988
2987
2985
2984
2982
2980
2980
2979
2976
2975
2973
2973
2972
2972
2972
2972
2971
2969
2969
2966
2965
2962
2961
2959
2959
2957
2957
2956
2956
2955
2954
2953
2953
2953
2952
2950
2949
2948
2948
2948
2947
2947
2947
2947
2947
2947
2946
2945
2943
2943
2943
2941
2933
2932
2932
2932
2930
2930
2927
2926
2926
2926
2925
2925
2923
2920
2915
2913
2913
2912
2911
2910
2909
2909
2909
2908
2907
2906
2906
2904
2904
2903
2903
2903
2903
2901
2901
2901
2900
2900
2899
2898
2898
2895
2895
2895
2893
2892
2891
2890
2889
2888
2886
2885
2885
2884
2884
2883
2883
2883
2883
2881
2880
2877
2876
2873
2873
2872
2871
2870
2868
2868
2866
2865
2864
2861
2861
2860
2860
2858
2857
2857
2855
2854
2854
2853
2853
2853
2850
2850
2850
2849
2846
2845
2844
2843
2843
2843
2841
2841
2838
2837
2837
2835
2835
2834
2834
2832
2831
2829
2826
2825
2825
2825
2821
2821
2821
2821
2817
2815
2815
2814
2814
2814
2813
2813
2812
2811
2810
2809
2808
2808
2807
2805
2805
2805
2805
2803
2803
2802
2801
2800
2800
2800
2800
2797
2797
2795
2794
2793
2787
2786
2784
2784
2783
2782
2782
2782
2780
2780
2780
2780
2777
2777
2777
2777
2776
2776
2775
2775
2775
2774
2771
2770
2766
2764
2761
2759
2759
2759
2758
2757
2754
2754
2754
2751
2751
2748
2747
2746
2746
2746
2746
2746
2742
2741
2741
2740
2740
2738
2738
2737
2736
2735
2735
2734
2731
2730
2730
2729
2728
2727
2726
2726
2726
2725
2722
2722
2721
2720
2720
2719
2718
2717
2717
2717
2715
2714
2714
2713
2711
2711
2709
2706
2705
2704
2703
2703
2702
2700
2700
2699
2697
2696
2695
2693
2693
2693
2693
2692
2690
2688
2688
2687
2686
2683
2681
2681
2681
2680
2678
2678
2677
2675
2674
2673
2673
2672
2670
2669
2669
2665
2665
2664
2663
2662
2659
2658
2658
2657
2657
2656
2655
2653
2652
2651
2651
2650
2650
2647
2647
2645
2645
2644
2642
2642
2641
2641
2641
2641
2640
2640
2637
2636
2636
2634
2634
2634
2631
2630
2629
2629
2629
2628
2627
2627
2627
2627
2626
2626
2625
2625
2622
2620
2620
2619
2617
2615
2615
2613
2610
2610
2609
2608
2608
2608
2608
2608
2606
2605
2605
2604
2603
2603
2602
2601
2599
2599
2599
2597
2596
2596
2596
2595
2592
2591
2590
2588
2588
2587
2586
2584
2583
2582
2580
2579
2579
2579
2575
2573
2573
2572
2572
2572
2569
2568
2565
2565
2564
2564
2564
2562
2556
2555
2552
2552
2550
2550
2548
2547
2545
2543
2542
2542
2542
2541
2539
2539
2538
2537
2537
2536
2535
2534
2531
2527
2527
2526
2526
2523
2523
2521
2521
2518
2518
2516
2515
2514
2512
2510
2509
2509
2508
2508
2504
2503
2502
2502
2501
2499
2499
2498
2497
2495
2494
2494
2493
2492
2492
2490
2490
2490
2489
2489
2487
2486
2485
2480
2479
2479
2477
2477
2477
2474
2474
2471
2471
2470
2470
2468
2467
2466
2464
2464
2461
2461
2460
2459
2458
2458
2457
2455
2455
2454
2453
2451
2450
2448
2444
2443
2440
2440
2437
2436
2436
2434
2434
2433
2433
2433
2433
2431
2429
2428
2427
2427
2427
2426
2426
2422
2422
2422
2422
2421
2420
2420
2420
2418
2418
2417
2416
2415
2413
2409
2409
2408
2407
2407
2406
2405
2404
2403
2400
2400
2399
2398
2397
2396
2394
2393
2393
2391
2391
2390
2389
2386
2385
2384
2383
2382
2382
2381
2381
2377
2375
2374
2374
2372
2370
2370
2369
2368
2367
2366
2365
2365
2364
2364
2363
2362
2362
2360
2360
2357
2356
2356
2353
2352
2352
2351
2350
2350
2350
2347
2344
2344
2344
2343
2341
2341
2340
2339
2339
2337
2335
2334
2334
2332
2331
2331
2326
2321
2319
2319
2319
2318
2315
2315
2313
2310
2308
2307
2307
2306
2305
2305
2304
2304
2304
2303
2303
2303
2303
2301
2301
2299
2299
2298
2298
2298
2297
2297
2295
2294
2288
2287
2283
2282
2282
2281
2281
2281
2281
2281
2277
2276
2276
2275
2272
2272
2270
2268
2267
2267
2267
2267
2266
2266
2265
2264
2264
2262
2260
2258
2258
2255
2255
2254
2251
2249
2249
2249
2247
2246
2245
2243
2242
2242
2242
2241
2241
2240
2240
2238
2236
2236
2236
2235
2235
2233
2232
2231
2230
2229
2228
2228
2228
2228
2228
2228
2227
2225
2224
2224
2224
2223
2222
2222
2222
2221
2221
2221
2221
2220
2220
2219
2219
2219
2214
2212
2211
2211
2210
2209
2208
2207
2206
2206
2206
2204
2202
2202
2202
2201
2201
2201
2200
2199
2199
2199
2198
2198
2198
2195
2195
2194
2194
2193
2193
2189
2186
2186
2186
2185
2184
2184
2184
2184
2183
2182
2182
2179
2179
2179
2178
2178
2176
2174
2173
2171
2170
2169
2168
2168
2168
2168
2167
2166
2165
2165
2163
2160
2160
2160
2159
2158
2158
2158
2158
2156
2155
2155
2155
2152
2151
2150
2149
2148
2148
2148
2147
2145
2142
2142
2142
2141
2141
2141
2140
2140
2139
2139
2139
2132
2131
2131
2129
2128
2127
2126
2125
2124
2123
2123
2122
2118
2118
2118
2117
2116
2116
2115
2113
2113
2112
2110
2107
2105
2105
2104
2099
2098
2097
2096
2095
2095
2094
2091
2091
2090
2089
2089
2087
2084
2083
2083
2083
2082
2082
2081
2081
2080
2078
2077
2076
2075
2074
2074
2073
2073
2073
2073
2068
2068
2067
2066
2065
2064
2064
2062
2060
2060
2059
2057
2057
2056
2055
2055
2054
2054
2053
2053
2049
2049
2044
2043
2042
2040
2038
2038
2037
2035
2034
2034
2033
2033
2033
2031
2030
2028
2028
2027
2025
2024
2022
2021
2019
2018
2018
2017
2013
2013
2012
2012
2012
2011
2009
2009
2007
2007
2004
2004
2000
1999
1996
1994
1992
1991
1990
1990
1990
1988
1988
1988
1988
1986
1986
1986
1984
1983
1982
1982
1981
1979
1979
1978
1978
1977
1976
1975
1974
1972
1971
1970
1968
1968
1968
1968
1967
1967
1966
1964
1960
1958
1958
1956
1954
1954
1954
1950
1949
1949
1948
1944
1943
1942
1942
1941
1940
1939
1939
1939
1937
1937
1937
1935
1935
1934
1934
1934
1933
1932
1932
1932
1932
1931
1929
1929
1929
1928
1928
1927
1926
1925
1925
1923
1921
1921
1921
1920
1920
1915
1915
1914
1913
1911
1911
1909
1907
1907
1907
1907
1906
1905
1904
1903
1902
1901
1899
1898
1898
1898
1898
1897
1897
1896
1896
1893
1893
1892
1891
1890
1890
1889
1888
1884
1884
1883
1880
1879
1878
1875
1874
1873
1872
1872
1872
1871
1870
1867
1866
1865
1865
1864
1863
1863
1861
1860
1859
1858
1857
1856
1855
1855
1849
1849
1849
1848
1848
1848
1848
1846
1846
1845
1845
1844
1844
1844
1843
1843
1843
1842
1841
1839
1837
1837
1837
1836
1836
1836
1836
1835
1835
1834
1833
1831
1831
1829
1829
1828
1826
1826
1823
1822
1820
1819
1817
1816
1815
1814
1813
1811
1805
1805
1804
1801
1799
1799
1799
1799
1798
1796
1795
1791
1789
1789
1788
1787
1787
1787
1787
1786
1785
1785
1784
1783
1783
1782
1780
1779
1778
1777
1774
1773
1771
1770
1769
1768
1768
1767
1767
1766
1766
1763
1763
1763
1763
1762
1762
1760
1759
1758
1757
1756
1756
1756
1756
1753
1750
1750
1750
1750
1749
1749
1748
1746
1743
1740
1740
1740
1738
1737
1737
1736
1735
1735
1733
1732
1729
1729
1725
1725
1725
1724
1724
1724
1722
1722
1721
1720
1718
1718
1717
1717
1717
1712
1711
1710
1710
1710
1702
1700
1700
1700
1697
1696
1696
1696
1695
1695
1695
1694
1694
1693
1693
1692
1691
1690
1689
1689
1688
1687
1687
1687
1686
1686
1686
1685
1684
1684
1683
1682
1682
1678
1678
1677
1677
1676
1676
1675
1675
1675
1675
1673
1672
1672
1672
1672
1672
1671
1667
1667
1666
1665
1665
1664
1663
1662
1661
1660
1658
1656
1651
1651
1648
1647
1647
1646
1646
1646
1645
1644
1643
1639
1639
1637
1637
1636
1634
1634
1632
1631
1630
1630
1629
1629
1628
1628
1627
1627
1626
1626
1625
1623
1623
1620
1620
1620
1618
1616
1616
1615
1615
1614
1613
1612
1612
1612
1609
1608
1608
1607
1607
1606
1606
1604
1604
1603
1603
1602
1602
1601
1601
1600
1598
1595
1595
1595
1594
1594
1593
1592
1589
1589
1585
1585
1584
1583
1581
1581
1580
1580
1579
1579
1579
1579
1575
1575
1573
1572
1572
1572
1571
1571
1569
1568
1566
1564
1563
1563
1562
1560
1559
1556
1556
1555
1553
1552
1551
1550
1550
1547
1546
1544
1542
1540
1539
1539
1536
1536
1535
1534
1534
1533
1532
1530
1527
1526
1523
1522
1519
1516
1516
1516
1516
1516
1515
1512
1509
1509
1506
1506
1506
1506
1505
1504
1503
1501
1500
1499
1499
1499
1499
1498
1498
1498
1497
1497
1495
1494
1493
1489
1487
1485
1483
1483
1482
1482
1480
1480
1479
1477
1477
1476
1476
1476
1475
1475
1475
1473
1472
1472
1471
1468
1464
1463
1462
1460
1458
1457
1457
1456
1455
1453
1451
1451
1451
1450
1449
1449
1449
1449
1449
1448
1448
1447
1445
1445
1444
1444
1437
1436
1435
1433
1432
1432
1430
1429
1427
1426
1426
1423
1423
1422
1422
1421
1421
1420
1418
1417
1416
1416
1416
1414
1414
1411
1411
1411
1410
1410
1408
1407
1407
1405
1403
1402
1401
1396
1396
1396
1394
1392
1392
1389
1388
1386
1386
1385
1385
1384
1384
1384
1382
1378
1378
1377
1376
1375
1374
1373
1372
1371
1370
1369
1365
1364
1362
1362
1361
1361
1360
1359
1359
1359
1358
1357
1355
1354
1353
1352
1350
1349
1349
1348
1343
1342
1342
1339
1339
1337
1333
1332
1330
1329
1326
1326
1325
1323
1323
1322
1321
1321
1319
1319
1316
1316
1314
1314
1313
1312
1307
1307
1306
1306
1306
1304
1304
1303
1302
1301
1301
1300
1300
1299
1298
1296
1295
1295
1295
1294
1294
1292
1292
1291
1291
1289
1289
1288
1288
1287
1287
1287
1286
1285
1285
1285
1285
1284
1282
1282
1281
1280
1279
1279
1279
1279
1278
1275
1275
1274
1272
1271
1271
1271
1270
1268
1267
1264
1264
1263
1263
1259
1259
1257
1257
1257
1256
1256
1256
1256
1254
1249
1249
1248
1246
1246
1245
1245
1244
1244
1242
1240
1240
1239
1239
1238
1238
1237
1233
1231
1229
1228
1226
1226
1226
1226
1225
1224
1224
1223
1222
1220
1220
1220
1219
1219
1218
1217
1215
1215
1214
1214
1212
1212
1211
1209
1209
1209
1207
1207
1204
1202
1202
1202
1201
1200
1200
1199
1199
1198
1198
1196
1196
1195
1194
1194
1193
1192
1191
1191
1190
1188
1188
1188
1188
1187
1186
1186
1185
1185
1183
1181
1180
1180
1178
1177
1176
1174
1173
1171
1169
1169
1169
1168
1166
1165
1165
1164
1163
1162
1162
1162
1161
1160
1159
1158
1157
1155
1155
1155
1155
1154
1154
1154
1153
1150
1146
1145
1144
1143
1143
1142
1141
1141
1141
1140
1134
1134
1134
1134
1132
1129
1129
1128
1125
1123
1123
1122
1121
1119
1119
1118
1117
1117
1117
1116
1114
1113
1112
1112
1111
1111
1108
1107
1106
1106
1105
1105
1105
1104
1104
1099
1099
1099
1099
1098
1098
1096
1096
1095
1092
1092
1091
1091
1088
1087
1086
1086
1085
1085
1084
1082
1081
1081
1081
1080
1080
1079
1077
1076
1076
1076
1075
1075
1074
1074
1074
1074
1073
1072
1072
1070
1070
1070
1069
1068
1067
1067
1064
1063
1063
1063
1062
1061
1061
1060
1059
1058
1058
1056
1056
1054
1053
1048
1047
1046
1046
1045
1044
1043
1043
1042
1042
1042
1038
1038
1037
1036
1035
1034
1034
1033
1032
1032
1031
1031
1030
1029
1028
1027
1027
1026
1023
1022
1022
1021
1021
1020
1019
1017
1017
1016
1015
1015
1013
1012
1010
1010
1009
1008
1007
1007
1007
1006
1000
1000
998
995
994
994
993
990
990
988
986
984
982
980
979
978
978
975
974
971
970
970
970
970
969
969
968
967
967
965
965
965
965
965
964
964
963
963
961
961
961
960
960
959
958
957
956
955
953
951
951
950
949
948
948
947
945
944
943
938
937
937
937
936
935
934
933
927
927
926
925
925
924
923
922
922
922
922
921
921
921
921
918
917
917
914
913
912
911
908
907
906
906
904
898
898
897
897
896
894
892
891
890
886
886
882
881
873
872
872
872
871
871
870
868
867
866
864
862
862
861
860
858
857
857
856
855
855
851
850
850
847
846
846
845
844
844
843
842
842
841
839
838
837
837
835
835
835
834
833
833
832
829
829
829
829
828
828
828
826
822
820
819
818
818
817
817
816
815
814
814
812
811
807
806
803
803
803
801
800
799
799
798
798
797
797
796
795
794
794
793
793
793
791
791
790
790
790
789
788
788
787
785
784
784
781
779
776
774
773
771
771
770
769
767
767
767
766
766
765
764
763
763
762
762
760
760
758
758
757
755
754
754
754
752
752
752
751
750
749
748
747
746
745
745
744
744
742
741
741
741
741
741
740
738
738
737
737
737
737
735
734
734
734
733
730
730
729
726
724
723
723
722
721
720
719
717
714
714
714
713
712
710
709
708
707
705
704
704
704
703
703
703
702
701
701
698
698
696
696
696
696
695
694
694
692
691
690
688
688
686
685
685
685
684
683
682
681
679
679
678
675
672
671
671
668
667
666
665
665
664
663
662
662
659
659
658
658
657
657
656
655
655
655
653
653
651
651
650
648
647
647
646
645
645
644
643
642
639
639
639
638
637
636
635
633
633
633
631
629
629
628
627
626
626
626
625
625
625
624
623
623
622
621
621
621
619
618
616
615
615
613
611
610
610
609
609
608
605
604
603
602
601
600
598
598
596
595
595
595
594
594
594
593
590
590
590
590
589
588
586
586
586
585
584
583
583
582
581
581
579
578
577
576
576
574
574
571
570
570
569
569
568
568
567
567
566
564
562
560
560
560
559
559
559
557
556
556
555
554
553
553
553
549
548
547
546
545
545
545
544
541
540
540
539
538
538
535
533
533
532
531
530
529
528
528
526
526
522
522
518
517
516
515
514
513
512
507
506
505
505
505
504
503
501
499
499
499
498
498
498
497
494
494
493
491
490
488
486
486
482
481
480
479
478
474
473
471
470
468
467
467
467
462
462
460
459
459
458
457
457
455
455
454
454
452
451
450
448
447
446
445
443
443
442
441
441
440
440
438
437
436
435
435
433
431
431
431
430
430
430
430
430
429
428
427
423
422
422
421
420
420
420
418
417
417
416
416
415
415
412
412
412
409
408
408
408
406
405
404
404
404
403
401
400
400
395
394
393
393
393
389
388
388
387
386
386
386
386
385
385
385
384
383
382
380
377
377
375
375
372
371
371
371
369
369
366
366
360
358
358
358
358
357
356
354
354
352
349
349
349
346
344
342
341
341
341
339
339
339
337
337
337
336
334
333
331
329
328
324
321
320
319
319
316
316
316
316
316
315
314
314
314
313
313
310
309
307
307
307
307
306
306
306
303
300
299
299
299
299
299
299
298
296
296
296
294
293
293
291
290
288
287
286
283
280
280
280
278
276
276
273
273
272
270
269
268
268
267
267
265
264
262
262
261
260
258
258
257
256
256
256
255
254
253
253
253
250
250
249
248
247
247
245
245
245
245
242
242
242
241
241
240
238
234
234
233
232
230
230
229
228
228
227
226
225
225
225
222
220
219
218
214
214
214
214
214
214
213
212
211
211
208
207
207
203
202
202
201
201
200
199
198
197
194
192
191
190
190
189
189
186
183
183
183
183
182
181
181
179
178
178
176
176
175
175
174
174
172
171
169
168
167
167
166
166
164
163
163
162
161
160
160
160
160
159
158
156
154
153
152
152
151
151
151
147
145
143
142
142
141
140
139
138
137
137
136
135
134
133
130
128
127
127
126
124
122
120
120
120
119
119
118
117
116
116
115
115
115
113
112
112
112
111
110
109
108
108
107
107
106
106
104
103
103
102
102
97
97
95
93
92
91
89
88
87
85
85
85
84
84
84
84
83
83
83
82
82
82
81
81
81
80
80
80
79
79
75
75
74
73
70
70
68
67
66
65
65
63
61
59
57
57
57
56
55
55
54
54
53
52
51
49
47
47
46
45
44
43
43
43
42
42
41
40
40
38
38
37
34
34
32
31
31
29
25
21
21
18
16
15
14
14
13
11
9
8
8
7
6
6
6
3
2
2
0
