9999
9998
9998
9996
9995
9995
9994
9994
9993
9992
9992
9991
9991
9990
9990
9990
9985
9985
9984
9983
9980
9979
9978
9974
9973
9972
9972
9972
9968
9968
9968
9966
9966
9965
9964
9963
9963
9962
9959
9959
9957
9956
9954
9953
9951
9951
9950
9950
9947
9947
9943
9943
9942
9939
9939
9938
9937
9936
9936
9936
9933
9933
9932
9931
9929
9929
9928
9927
9925
9924
9924
9923
9922
9921
9919
9916
9915
9914
9913
9912
9911
9910
9909
9909
9909
9909
9906
9905
9905
9905
9905
9904
9904
9904
9903
9902
9901
9901
9899
9899
9898
9897
9894
9893
9893
9890
9890
9888
9888
9887
9887
9884
9881
9881
9879
9879
9877
9876
9876
9874
9873
9873
9872
9872
9871
9871
9868
9868
9866
9863
9863
9862
9860
9859
9859
9857
9856
9855
9853
9851
9849
9848
9845
9845
9844
9843
9840
9839
9838
9838
9837
9837
9837
9835
9835
9834
9831
9831
9830
9830
9829
9828
9827
9824
9823
9823
9823
9822
9820
9819
9817
9817
9816
9813
9813
9811
9810
9808
9807
9807
9806
9805
9804
9803
9800
9800
9799
9799
9798
9797
9796
9795
9793
9790
9789
9789
9787
9786
9786
9785
9785
9783
9783
9783
9782
9782
9782
9782
9781
9780
9778
9778
9776
9776
9775
9773
9770
9768
9766
9765
9765
9764
9764
9763
9763
9762
9761
9760
9757
9757
9756
9756
9753
9752
9748
9748
9747
9745
9743
9743
9742
9740
9738
9738
9737
9737
9736
9736
9734
9734
9734
9734
9733
9732
9732
9732
9730
9729
9729
9728
9726
9726
9725
9724
9724
9723
9722
9722
9722
9721
9720
9718
9718
9718
9718
9718
9718
9716
9714
9714
9710
9710
9708
9707
9706
9703
9701
9698
9696
9696
9695
9695
9691
9690
9690
9688
9687
9686
9685
9685
9685
9683
9683
9681
9680
9680
9680
9679
9678
9677
9676
9674
9671
9670
9670
9669
9668
9667
9667
9665
9665
9664
9664
9663
9663
9662
9661
9660
9654
9654
9653
9652
9651
9650
9650
9650
9649
9649
9649
9648
9647
9647
9645
9643
9643
9642
9641
9640
9638
9637
9636
9636
9636
9635
9635
9634
9633
9633
9629
9629
9627
9627
9626
9625
9625
9624
9624
9623
9623
9622
9622
9621
9621
9620
9615
9615
9614
9613
9611
9611
9609
9609
9608
9608
9606
9606
9606
9602
9601
9600
9591
9590
9589
9589
9586
9585
9584
9582
9581
9581
9581
9581
9580
9580
9578
9578
9578
9578
9576
9575
9572
9571
9570
9567
9566
9565
9565
9564
9564
9563
9559
9556
9555
9555
9554
9553
9552
9552
9552
9551
9550
9549
9548
9547
9546
9545
9545
9544
9541
9540
9539
9539
9538
9537
9536
9535
9533
9532
9531
9528
9526
9523
9521
9520
9518
9518
9517
9516
9516
9516
9516
9515
9515
9513
9513
9512
9511
9511
9509
9509
9508
9508
9507
9505
9500
9500
9500
9499
9499
9498
9497
9495
9494
9494
9493
9492
9492
9488
9488
9487
9487
9485
9484
9483
9478
9478
9476
9476
9475
9475
9475
9473
9473
9472
9471
9471
9469
9469
9468
9468
9467
9467
9466
9466
9464
9463
9461
9460
9456
9456
9452
9451
9450
9449
9449
9448
9448
9447
9447
9447
9445
9445
9445
9440
9440
9438
9438
9438
9438
9436
9435
9435
9433
9430
9430
9430
9430
9428
9428
9428
9428
9426
9424
9423
9423
9422
9419
9418
9418
9418
9418
9417
9416
9415
9415
9413
9410
9408
9408
9406
9403
9402
9401
9401
9401
9399
9398
9397
9396
9396
9396
9396
9395
9395
9395
9394
9394
9393
9391
9389
9384
9383
9381
9381
9380
9380
9378
9378
9373
9372
9372
9372
9371
9371
9370
9369
9369
9369
9368
9367
9366
9366
9364
9362
9361
9361
9361
9357
9357
9356
9356
9356
9354
9354
9354
9351
9350
9350
9349
9349
9349
9348
9347
9347
9342
9342
9342
9342
9341
9341
9340
9340
9339
9339
9339
9337
9336
9335
9335
9333
9333
9332
9332
9332
9332
9331
9326
9326
9325
9324
9324
9323
9318
9317
9317
9316
9316
9315
9315
9315
9314
9313
9313
9312
9312
9310
9309
9305
9305
9304
9303
9303
9302
9302
9298
9298
9298
9297
9297
9294
9293
9293
9293
9292
9292
9291
9290
9289
9288
9287
9287
9286
9285
9284
9283
9283
9282
9282
9281
9279
9279
9275
9274
9274
9273
9273
9272
9272
9272
9271
9271
9271
9269
9267
9267
9266
9266
9266
9264
9264
9263
9263
9262
9261
9261
9259
9257
9257
9257
9257
9255
9255
9254
9252
9250
9248
9248
9247
9245
9245
9244
9242
9242
9241
9240
9240
9240
9240
9240
9239
9238
9238
9236
9235
9229
9229
9225
9225
9224
9223
9223
9222
9220
9219
9215
9213
9213
9212
9212
9211
9210
9210
9209
9209
9206
9206
9206
9205
9205
9205
9204
9202
9202
9201
9200
9198
9195
9194
9194
9194
9193
9192
9190
9190
9189
9189
9188
9188
9188
9186
9186
9185
9185
9184
9184
9181
9180
9180
9179
9179
9179
9178
9177
9177
9176
9174
9174
9170
9169
9169
9168
9168
9168
9166
9165
9164
9164
9162
9162
9162
9162
9159
9159
9158
9156
9155
9155
9155
9154
9154
9147
9147
9147
9147
9146
9145
9145
9142
9142
9141
9139
9138
9136
9136
9135
9133
9133
9133
9131
9129
9128
9127
9125
9125
9123
9122
9121
9121
9118
9114
9114
9114
9113
9113
9111
9110
9110
9106
9105
9105
9105
9105
9104
9104
9102
9101
9101
9101
9099
9098
9098
9096
9094
9094
9094
9093
9093
9093
9093
9092
9092
9091
9091
9090
9089
9089
9087
9087
9087
9083
9080
9080
9080
9079
9078
9078
9077
9076
9075
9074
9074
9073
9073
9072
9071
9071
9071
9071
9070
9069
9069
9068
9068
9067
9065
9063
9062
9062
9061
9061
9061
9061
9058
9057
9056
9055
9052
9051
9051
9050
9049
9049
9049
9049
9048
9044
9043
9043
9041
9040
9040
9039
9039
9039
9036
9036
9035
9032
9029
9027
9027
9027
9027
9027
9025
9025
9023
9020
9019
9019
9018
9018
9018
9016
9016
9015
9014
9014
9014
9014
9013
9013
9011
9010
9009
9008
9008
9004
9003
9003
9003
9002
9001
9001
9000
8999
8999
8997
8994
8994
8993
8993
8992
8991
8991
8991
8990
8990
8989
8988
8988
8987
8986
8986
8985
8983
8983
8982
8981
8981
8981
8979
8978
8978
8977
8977
8977
8977
8976
8975
8974
8974
8973
8973
8972
8972
8970
8969
8967
8964
8964
8964
8963
8962
8962
8960
8958
8958
8958
8957
8956
8956
8955
8954
8954
8953
8953
8953
8953
8952
8949
8948
8948
8947
8946
8946
8945
8944
8944
8942
8941
8941
8941
8940
8939
8939
8939
8938
8937
8937
8937
8937
8935
8932
8932
8931
8927
8926
8926
8926
8925
8924
8922
8920
8918
8917
8915
8913
8912
8911
8911
8911
8911
8908
8908
8908
8907
8907
8907
8904
8904
8902
8902
8902
8902
8901
8900
8897
8896
8896
8895
8894
8894
8892
8891
8890
8889
8887
8887
8886
8884
8884
8883
8883
8881
8881
8880
8880
8878
8878
8876
8876
8875
8873
8871
8871
8870
8870
8870
8869
8869
8869
8868
8866
8863
8863
8863
8861
8860
8860
8860
8859
8858
8856
8855
8854
8853
8853
8852
8850
8850
8850
8850
8850
8849
8849
8849
8849
8846
8846
8846
8844
8844
8843
8838
8838
8836
8836
8835
8832
8831
8830
8830
8829
8825
8825
8824
8824
8822
8822
8822
8821
8819
8818
8817
8816
8816
8816
8815
8814
8814
8813
8812
8808
8805
8803
8803
8802
8802
8800
8799
8796
8796
8795
8790
8789
8786
8786
8785
8782
8781
8780
8780
8778
8778
8777
8776
8775
8775
8773
8771
8770
8770
8769
8768
8764
8764
8761
8759
8758
8758
8758
8757
8757
8757
8756
8754
8753
8753
8752
8751
8750
8750
8749
8747
8746
8745
8745
8744
8742
8740
8740
8739
8738
8737
8737
8734
8728
8727
8726
8725
8724
8724
8723
8722
8719
8719
8719
8719
8718
8717
8716
8714
8714
8714
8713
8713
8712
8712
8710
8710
8709
8708
8707
8707
8707
8706
8705
8705
8704
8701
8700
8699
8698
8697
8697
8695
8694
8694
8694
8693
8693
8692
8692
8691
8690
8687
8685
8684
8683
8681
8681
8680
8679
8678
8677
8676
8675
8674
8674
8674
8673
8673
8670
8670
8669
8666
8663
8663
8662
8662
8661
8661
8661
8661
8659
8658
8655
8652
8651
8649
8648
8647
8647
8647
8646
8645
8645
8644
8643
8643
8641
8639
8639
8639
8637
8637
8637
8635
8635
8634
8632
8631
8630
8628
8627
8626
8626
8626
8626
8625
8624
8624
8624
8622
8621
8620
8620
8618
8617
8617
8616
8614
8614
8610
8608
8605
8603
8600
8598
8596
8594
8593
8592
8591
8590
8589
8587
8587
8586
8585
8584
8584
8584
8584
8583
8583
8582
8581
8581
8581
8581
8580
8579
8579
8579
8576
8576
8575
8575
8574
8573
8572
8569
8569
8566
8565
8565
8565
8565
8562
8560
8557
8557
8557
8555
8553
8552
8552
8551
8550
8550
8549
8547
8547
8547
8546
8545
8544
8544
8544
8543
8543
8543
8543
8542
8540
8538
8536
8535
8535
8535
8534
8531
8531
8530
8530
8528
8528
8527
8525
8523
8523
8521
8521
8521
8520
8520
8520
8519
8519
8516
8516
8515
8515
8515
8512
8512
8511
8510
8510
8508
8506
8505
8505
8504
8504
8503
8502
8502
8501
8497
8497
8496
8493
8492
8492
8492
8491
8489
8489
8489
8489
8488
8487
8486
8486
8485
8485
8484
8483
8483
8483
8483
8482
8482
8481
8481
8479
8479
8477
8476
8476
8476
8473
8472
8470
8467
8466
8465
8463
8462
8461
8461
8460
8459
8459
8459
8457
8456
8456
8456
8455
8454
8454
8453
8453
8453
8451
8451
8450
8449
8448
8446
8446
8443
8443
8442
8440
8440
8440
8439
8437
8436
8435
8434
8432
8431
8431
8428
8426
8425
8425
8425
8424
8423
8422
8422
8421
8421
8417
8416
8416
8414
8413
8413
8412
8410
8406
8406
8404
8399
8397
8397
8397
8396
8395
8392
8391
8390
8389
8389
8388
8387
8385
8385
8384
8384
8382
8382
8380
8379
8379
8376
8376
8376
8375
8375
8373
8373
8370
8370
8369
8369
8368
8367
8366
8364
8363
8363
8363
8363
8362
8361
8361
8358
8357
8354
8353
8353
8352
8352
8350
8349
8349
8349
8348
8347
8347
8346
8344
8344
8344
8343
8343
8343
8342
8342
8341
8340
8339
8338
8337
8336
8336
8333
8333
8332
8330
8329
8328
8326
8326
8326
8326
8325
8324
8324
8324
8322
8320
8320
8320
8318
8318
8318
8318
8317
8317
8317
8316
8314
8311
8310
8309
8307
8306
8306
8306
8305
8305
8301
8301
8301
8301
8300
8299
8298
8298
8298
8296
8296
8295
8293
8293
8293
8292
8291
8288
8287
8287
8284
8283
8282
8281
8281
8280
8280
8279
8279
8278
8278
8277
8276
8276
8275
8275
8275
8273
8270
8270
8268
8265
8265
8263
8262
8262
8259
8259
8258
8256
8254
8254
8252
8250
8250
8249
8247
8247
8246
8245
8245
8244
8241
8240
8240
8240
8238
8237
8236
8234
8234
8232
8232
8230
8230
8230
8229
8228
8228
8227
8227
8224
8223
8222
8222
8221
8218
8218
8218
8217
8217
8215
8214
8213
8213
8209
8209
8209
8208
8208
8208
8205
8203
8202
8201
8199
8199
8198
8197
8193
8191
8189
8188
8188
8188
8188
8187
8186
8186
8185
8185
8184
8181
8181
8180
8179
8179
8179
8178
8176
8173
8172
8171
8168
8168
8168
8167
8165
8165
8164
8162
8162
8161
8159
8158
8158
8158
8156
8156
8155
8155
8155
8153
8152
8152
8148
8147
8147
8147
8147
8145
8145
8144
8143
8143
8142
8141
8141
8140
8140
8140
8139
8138
8137
8134
8133
8133
8132
8132
8131
8130
8130
8128
8128
8127
8125
8125
8120
8120
8119
8119
8119
8117
8117
8115
8115
8114
8114
8114
8113
8113
8112
8111
8110
8109
8108
8101
8098
8097
8097
8097
8095
8095
8093
8086
8086
8086
8085
8085
8084
8080
8080
8080
8077
8076
8074
8072
8072
8070
8069
8067
8066
8065
8065
8064
8063
8063
8062
8062
8062
8060
8058
8057
8057
8055
8053
8053
8052
8051
8050
8050
8048
8047
8047
8046
8046
8046
8044
8042
8042
8040
8039
8039
8039
8039
8036
8030
8030
8028
8027
8025
8025
8024
8022
8021
8021
8020
8018
8018
8018
8017
8017
8015
8013
8012
8012
8011
8011
8011
8010
8008
8008
8007
8006
8001
8001
7999
7999
7999
7997
7997
7996
7995
7994
7993
7991
7990
7990
7986
7986
7986
7985
7984
7982
7979
7979
7979
7979
7979
7978
7978
7978
7977
7977
7977
7974
7974
7972
7971
7968
7968
7967
7965
7964
7964
7963
7962
7961
7961
7960
7958
7958
7958
7957
7956
7954
7953
7952
7950
7949
7947
7946
7946
7946
7945
7944
7942
7941
7938
7936
7935
7935
7932
7932
7931
7930
7930
7929
7929
7928
7928
7926
7926
7925
7924
7923
7923
7923
7922
7920
7919
7919
7917
7916
7916
7914
7913
7910
7910
7909
7909
7908
7908
7908
7908
7906
7904
7902
7901
7897
7897
7895
7895
7895
7894
7893
7887
7886
7885
7885
7882
7881
7881
7880
7878
7878
7877
7875
7875
7874
7873
7871
7869
7867
7866
7865
7865
7865
7864
7864
7863
7863
7862
7862
7860
7859
7859
7859
7859
7856
7856
7855
7854
7852
7852
7850
7850
7850
7848
7848
7845
7842
7840
7839
7838
7836
7835
7835
7834
7834
7834
7833
7832
7830
7830
7829
7827
7827
7824
7823
7821
7819
7818
7818
7817
7816
7815
7814
7813
7813
7808
7808
7808
7808
7808
7808
7807
7807
7806
7804
7803
7797
7796
7796
7795
7795
7795
7794
7794
7793
7792
7792
7792
7789
7789
7788
7787
7785
7785
7783
7781
7780
7780
7778
7777
7777
7777
7776
7773
7771
7770
7769
7769
7768
7767
7765
7765
7764
7763
7763
7762
7761
7760
7760
7758
7757
7757
7756
7756
7756
7755
7752
7751
7751
7750
7748
7747
7746
7745
7745
7743
7740
7738
7738
7737
7735
7733
7733
7732
7732
7730
7729
7728
7727
7727
7726
7725
7723
7723
7723
7722
7722
7721
7720
7719
7716
7715
7715
7712
7712
7711
7709
7709
7707
7705
7703
7703
7701
7701
7701
7700
7699
7699
7699
7698
7697
7697
7695
7695
7694
7692
7691
7691
7689
7688
7685
7685
7685
7684
7684
7684
7683
7683
7681
7681
7679
7679
7677
7676
7676
7676
7675
7672
7671
7666
7666
7665
7664
7664
7662
7662
7660
7659
7659
7656
7656
7656
7653
7652
7651
7651
7650
7650
7650
7649
7649
7648
7646
7645
7642
7642
7641
7640
7640
7638
7637
7635
7635
7634
7632
7632
7632
7630
7628
7627
7625
7625
7625
7621
7620
7619
7618
7617
7612
7609
7608
7606
7606
7605
7605
7605
7604
7601
7601
7600
7600
7599
7597
7596
7596
7596
7595
7595
7594
7594
7594
7594
7593
7593
7593
7593
7589
7589
7587
7585
7584
7583
7582
7582
7581
7579
7573
7573
7573
7571
7571
7570
7568
7568
7567
7567
7565
7565
7564
7563
7562
7561
7561
7561
7560
7558
7557
7556
7555
7555
7554
7553
7552
7551
7547
7546
7545
7545
7543
7542
7540
7540
7538
7535
7534
7534
7532
7531
7531
7531
7531
7529
7528
7526
7525
7523
7521
7520
7520
7520
7519
7515
7514
7513
7513
7511
7510
7510
7509
7508
7508
7508
7508
7507
7507
7505
7505
7505
7504
7504
7503
7503
7503
7501
7500
7497
7493
7492
7489
7488
7487
7487
7487
7486
7486
7485
7485
7485
7483
7483
7483
7482
7482
7477
7477
7475
7472
7472
7471
7471
7469
7469
7467
7466
7465
7464
7464
7463
7462
7461
7461
7460
7460
7459
7457
7456
7455
7455
7451
7450
7449
7449
7449
7448
7448
7447
7447
7447
7445
7444
7444
7443
7443
7443
7442
7442
7438
7437
7436
7436
7436
7436
7434
7431
7431
7430
7430
7429
7427
7426
7423
7422
7422
7421
7420
7419
7419
7419
7418
7418
7418
7418
7417
7417
7416
7413
7413
7412
7411
7411
7410
7410
7409
7408
7402
7402
7402
7401
7396
7396
7396
7394
7392
7390
7388
7388
7387
7386
7386
7382
7381
7381
7381
7380
7379
7379
7377
7374
7374
7373
7372
7371
7371
7370
7367
7366
7363
7361
7361
7361
7357
7356
7356
7355
7354
7353
7352
7352
7352
7352
7351
7351
7349
7347
7347
7346
7343
7342
7341
7341
7338
7334
7334
7333
7333
7331
7331
7330
7329
7325
7324
7324
7323
7322
7321
7320
7320
7320
7318
7317
7315
7315
7313
7313
7312
7312
7310
7310
7310
7308
7308
7306
7304
7304
7303
7302
7300
7299
7299
7298
7298
7297
7296
7295
7295
7295
7294
7289
7289
7287
7287
7287
7284
7284
7283
7283
7282
7282
7282
7281
7281
7281
7280
7278
7276
7274
7274
7273
7273
7272
7272
7272
7271
7270
7269
7268
7267
7267
7267
7266
7266
7265
7265
7264
7264
7263
7263
7260
7258
7257
7256
7254
7254
7254
7253
7253
7252
7252
7251
7251
7251
7249
7248
7246
7246
7245
7244
7244
7243
7242
7242
7241
7241
7240
7239
7237
7232
7231
7230
7228
7227
7225
7224
7224
7224
7223
7223
7223
7222
7221
7221
7220
7220
7218
7217
7217
7214
7213
7213
7209
7207
7206
7203
7202
7200
7200
7198
7198
7195
7195
7194
7194
7194
7193
7192
7192
7191
7191
7191
7190
7190
7190
7189
7189
7188
7186
7183
7183
7183
7182
7181
7181
7180
7180
7178
7178
7177
7176
7176
7176
7172
7172
7172
7172
7171
7169
7166
7163
7161
7161
7161
7160
7160
7159
7159
7159
7157
7156
7156
7154
7154
7152
7152
7152
7148
7147
7146
7146
7145
7145
7145
7144
7143
7143
7139
7139
7138
7137
7137
7137
7136
7133
7132
7132
7131
7131
7130
7129
7129
7128
7128
7127
7125
7124
7124
7122
7122
7119
7118
7118
7117
7116
7115
7114
7113
7112
7112
7111
7111
7110
7110
7108
7108
7107
7107
7107
7107
7106
7105
7105
7104
7102
7101
7101
7101
7101
7098
7096
7096
7096
7095
7094
7094
7093
7093
7092
7091
7091
7090
7089
7086
7085
7085
7084
7083
7081
7079
7078
7075
7073
7072
7072
7071
7070
7068
7067
7067
7067
7067
7067
7065
7064
7064
7063
7063
7063
7060
7057
7057
7057
7056
7056
7054
7054
7051
7051
7051
7050
7049
7047
7047
7046
7045
7045
7040
7040
7039
7038
7038
7035
7034
7029
7029
7028
7028
7026
7026
7024
7019
7018
7017
7017
7015
7014
7014
7013
7012
7012
7011
7011
7011
7010
7009
7009
7008
7008
7006
7005
7004
7002
7001
7001
7001
7000
7000
6999
6999
6996
6995
6993
6992
6988
6988
6986
6985
6984
6983
6982
6980
6979
6979
6978
6977
6977
6976
6976
6971
6969
6969
6967
6967
6964
6964
6964
6963
6962
6962
6961
6960
6959
6959
6958
6958
6957
6957
6957
6956
6956
6955
6951
6950
6949
6947
6946
6945
6945
6942
6941
6940
6940
6938
6938
6938
6936
6935
6935
6933
6933
6930
6929
6929
6929
6926
6923
6922
6922
6922
6920
6918
6917
6916
6914
6913
6912
6912
6912
6911
6911
6909
6909
6908
6906
6904
6904
6903
6901
6900
6898
6898
6898
6897
6896
6896
6894
6891
6891
6889
6889
6887
6886
6886
6886
6882
6880
6879
6878
6878
6878
6875
6875
6875
6874
6872
6871
6870
6869
6868
6868
6867
6864
6863
6860
6860
6858
6857
6856
6855
6854
6849
6849
6848
6847
6846
6846
6845
6844
6844
6842
6841
6841
6841
6840
6840
6840
6839
6839
6836
6835
6835
6833
6833
6831
6830
6829
6828
6828
6827
6826
6826
6825
6824
6819
6819
6819
6818
6818
6817
6816
6815
6815
6811
6810
6809
6807
6807
6806
6804
6803
6800
6800
6799
6798
6796
6795
6790
6789
6789
6787
6786
6785
6785
6782
6780
6776
6775
6774
6774
6771
6770
6770
6769
6767
6765
6765
6764
6763
6763
6761
6760
6756
6755
6755
6753
6752
6752
6751
6751
6750
6750
6749
6748
6748
6748
6748
6748
6747
6747
6747
6747
6746
6746
6745
6744
6743
6743
6742
6738
6738
6737
6737
6737
6736
6735
6732
6732
6732
6731
6729
6729
6728
6725
6722
6721
6721
6720
6720
6720
6717
6717
6716
6714
6711
6711
6709
6709
6708
6706
6706
6701
6701
6697
6695
6693
6692
6692
6692
6692
6691
6690
6689
6689
6689
6688
6685
6684
6683
6681
6680
6680
6680
6679
6677
6673
6672
6671
6671
6670
6670
6670
6668
6668
6667
6666
6664
6664
6663
6662
6662
6659
6656
6656
6652
6650
6649
6648
6648
6647
6646
6646
6644
6643
6643
6642
6642
6640
6639
6639
6639
6637
6637
6636
6635
6635
6635
6633
6633
6633
6632
6631
6631
6630
6629
6629
6629
6628
6626
6626
6625
6625
6625
6624
6623
6622
6621
6621
6621
6620
6619
6618
6618
6617
6615
6614
6614
6612
6610
6609
6608
6607
6607
6604
6604
6603
6600
6600
6598
6597
6597
6597
6596
6595
6594
6594
6593
6593
6593
6592
6591
6591
6590
6588
6588
6587
6587
6586
6584
6584
6584
6583
6583
6583
6582
6581
6580
6579
6578
6573
6573
6573
6573
6572
6570
6570
6569
6569
6569
6568
6568
6567
6565
6564
6563
6562
6561
6560
6559
6558
6555
6553
6550
6549
6548
6548
6547
6547
6546
6546
6546
6545
6543
6543
6543
6543
6538
6535
6533
6531
6530
6529
6528
6526
6525
6525
6524
6524
6523
6523
6522
6520
6519
6519
6519
6517
6517
6516
6514
6514
6513
6512
6512
6511
6510
6510
6509
6507
6506
6504
6504
6503
6502
6502
6502
6501
6501
6501
6496
6496
6494
6494
6493
6493
6493
6492
6492
6490
6490
6489
6487
6487
6486
6486
6486
6482
6482
6481
6478
6478
6478
6477
6475
6475
6474
6473
6472
6472
6471
6470
6470
6470
6470
6470
6469
6469
6467
6467
6467
6467
6465
6464
6464
6464
6463
6461
6460
6460
6458
6458
6456
6456
6455
6454
6452
6451
6450
6448
6445
6444
6444
6443
6443
6442
6442
6441
6441
6440
6437
6436
6436
6435
6434
6433
6432
6431
6430
6429
6429
6428
6428
6427
6427
6425
6425
6424
6424
6423
6423
6423
6422
6421
6418
6413
6412
6412
6411
6410
6407
6406
6405
6404
6403
6403
6401
6401
6400
6399
6398
6397
6394
6394
6393
6393
6393
6392
6392
6392
6392
6392
6390
6390
6389
6389
6387
6387
6386
6386
6383
6383
6382
6381
6381
6379
6379
6376
6376
6375
6375
6374
6372
6370
6370
6369
6367
6366
6365
6362
6362
6362
6358
6357
6356
6356
6355
6355
6355
6355
6354
6350
6347
6346
6346
6345
6344
6344
6342
6342
6341
6340
6340
6340
6339
6337
6335
6334
6334
6331
6331
6329
6329
6329
6328
6328
6327
6327
6326
6325
6325
6325
6322
6321
6321
6321
6319
6319
6319
6318
6318
6318
6315
6314
6314
6312
6311
6311
6307
6306
6305
6305
6305
6304
6304
6300
6298
6294
6294
6294
6292
6291
6291
6288
6287
6285
6284
6281
6280
6278
6277
6275
6275
6274
6274
6273
6269
6269
6268
6266
6266
6266
6265
6262
6262
6261
6260
6259
6259
6257
6257
6257
6255
6251
6250
6250
6247
6246
6245
6245
6244
6243
6243
6242
6242
6242
6242
6241
6237
6237
6237
6237
6236
6235
6235
6235
6232
6232
6232
6230
6230
6230
6225
6224
6219
6219
6218
6218
6218
6218
6215
6214
6213
6213
6211
6209
6208
6208
6205
6205
6204
6204
6204
6203
6203
6203
6203
6202
6201
6200
6200
6198
6198
6198
6197
6197
6196
6195
6195
6191
6188
6187
6186
6185
6185
6183
6183
6183
6181
6180
6179
6179
6178
6177
6173
6172
6172
6171
6169
6169
6168
6168
6165
6165
6164
6163
6161
6161
6159
6158
6158
6158
6157
6156
6156
6155
6154
6154
6153
6151
6150
6149
6148
6147
6146
6146
6146
6143
6141
6141
6140
6138
6137
6135
6134
6134
6132
6131
6129
6129
6127
6125
6124
6123
6122
6122
6121
6119
6118
6117
6116
6113
6112
6112
6112
6111
6109
6106
6105
6104
6103
6102
6099
6097
6096
6096
6095
6095
6094
6092
6092
6091
6091
6089
6089
6088
6088
6088
6087
6086
6086
6084
6082
6080
6080
6080
6080
6079
6076
6076
6074
6073
6071
6070
6070
6068
6067
6065
6065
6064
6063
6061
6060
6060
6060
6060
6057
6057
6056
6056
6053
6046
6046
6045
6045
6045
6044
6041
6039
6039
6038
6038
6035
6035
6034
6033
6030
6029
6029
6028
6028
6027
6025
6023
6023
6023
6023
6021
6021
6020
6019
6019
6019
6018
6018
6018
6017
6015
6015
6013
6013
6013
6012
6011
6010
6010
6010
6010
6008
6006
6005
6005
6004
6004
6003
6003
6003
6002
5999
5999
5998
5998
5997
5997
5992
5989
5988
5988
5987
5986
5984
5984
5983
5981
5980
5976
5975
5974
5974
5973
5972
5971
5971
5970
5969
5969
5969
5968
5966
5964
5963
5962
5962
5962
5962
5961
5960
5957
5956
5955
5954
5954
5954
5953
5952
5951
5950
5948
5946
5945
5943
5940
5939
5939
5938
5938
5936
5933
5930
5928
5928
5927
5924
5921
5918
5917
5915
5915
5914
5912
5912
5911
5910
5910
5910
5910
5909
5907
5904
5903
5903
5901
5901
5897
5895
5893
5893
5892
5891
5891
5888
5888
5886
5886
5885
5885
5885
5885
5883
5882
5879
5879
5878
5876
5875
5873
5873
5873
5873
5872
5872
5872
5871
5871
5869
5869
5865
5865
5865
5864
5863
5863
5862
5862
5861
5860
5860
5860
5860
5859
5859
5858
5858
5855
5851
5850
5849
5848
5848
5847
5845
5844
5844
5844
5843
5843
5842
5842
5841
5841
5841
5839
5837
5836
5836
5834
5826
5826
5824
5823
5822
5820
5818
5817
5813
5807
5807
5807
5806
5803
5803
5803
5799
5799
5795
5794
5793
5791
5787
5785
5785
5784
5782
5782
5781
5780
5777
5776
5774
5773
5772
5772
5771
5770
5769
5768
5767
5767
5767
5766
5765
5765
5764
5764
5763
5762
5761
5757
5756
5754
5753
5752
5751
5751
5749
5748
5746
5745
5742
5742
5741
5740
5739
5737
5736
5736
5736
5736
5736
5735
5734
5730
5724
5723
5719
5718
5717
5716
5714
5710
5709
5708
5708
5708
5705
5702
5700
5700
5698
5697
5696
5696
5695
5691
5690
5689
5689
5688
5687
5685
5685
5685
5683
5683
5682
5679
5679
5678
5674
5673
5673
5672
5672
5672
5671
5671
5670
5670
5668
5666
5665
5664
5662
5661
5661
5660
5660
5659
5657
5656
5654
5654
5653
5652
5651
5651
5651
5650
5649
5649
5649
5649
5649
5647
5646
5645
5645
5644
5644
5644
5643
5642
5641
5640
5640
5639
5638
5638
5637
5636
5636
5634
5634
5633
5631
5629
5629
5628
5628
5627
5625
5624
5623
5622
5622
5621
5620
5619
5619
5618
5618
5618
5617
5616
5615
5615
5614
5613
5611
5610
5605
5603
5602
5601
5601
5601
5599
5598
5597
5597
5595
5595
5594
5592
5592
5591
5590
5589
5586
5586
5585
5585
5584
5584
5578
5578
5575
5572
5569
5569
5569
5569
5567
5566
5565
5565
5564
5563
5560
5558
5555
5554
5553
5552
5551
5549
5548
5548
5548
5546
5543
5543
5543
5542
5542
5540
5540
5538
5536
5535
5531
5529
5528
5527
5526
5526
5525
5523
5522
5522
5522
5519
5518
5516
5516
5516
5516
5516
5514
5514
5513
5512
5510
5509
5509
5507
5506
5506
5504
5504
5503
5501
5498
5498
5498
5497
5497
5496
5496
5496
5494
5491
5491
5491
5489
5489
5487
5485
5483
5482
5481
5481
5480
5479
5478
5477
5476
5476
5476
5474
5474
5473
5472
5471
5471
5469
5469
5469
5468
5467
5467
5465
5465
5463
5462
5462
5462
5461
5460
5459
5459
5458
5458
5458
5457
5455
5454
5451
5451
5449
5447
5447
5446
5445
5444
5441
5439
5439
5439
5438
5437
5436
5435
5429
5429
5428
5428
5427
5427
5426
5425
5425
5424
5422
5418
5417
5417
5416
5414
5413
5412
5412
5412
5411
5410
5409
5409
5407
5406
5405
5404
5402
5402
5401
5401
5399
5397
5397
5396
5392
5391
5390
5389
5389
5384
5384
5381
5378
5376
5375
5374
5374
5374
5373
5373
5373
5372
5370
5364
5363
5363
5362
5360
5360
5359
5357
5357
5356
5355
5355
5354
5353
5353
5352
5350
5347
5346
5346
5346
5344
5344
5344
5343
5342
5341
5340
5339
5338
5338
5337
5336
5335
5332
5330
5329
5329
5329
5328
5326
5326
5325
5325
5323
5322
5322
5322
5321
5320
5319
5318
5318
5316
5315
5314
5308
5308
5307
5306
5306
5305
5305
5304
5304
5304
5302
5301
5301
5300
5297
5297
5297
5296
5295
5295
5295
5294
5294
5294
5293
5292
5290
5289
5288
5287
5287
5286
5286
5286
5286
5285
5283
5283
5282
5281
5281
5280
5280
5279
5278
5278
5277
5274
5274
5274
5272
5271
5270
5269
5268
5265
5265
5264
5260
5259
5257
5257
5256
5253
5253
5252
5251
5251
5250
5250
5250
5248
5248
5248
5248
5246
5246
5244
5244
5243
5242
5241
5241
5240
5239
5237
5237
5235
5234
5234
5231
5230
5229
5229
5228
5228
5227
5225
5222
5220
5219
5218
5216
5215
5214
5211
5211
5210
5210
5210
5208
5207
5204
5201
5199
5198
5198
5197
5196
5196
5195
5195
5195
5195
5195
5194
5192
5192
5191
5191
5191
5189
5188
5186
5181
5180
5178
5178
5177
5177
5177
5176
5176
5175
5175
5175
5174
5173
5173
5172
5171
5170
5170
5169
5168
5168
5167
5166
5166
5166
5165
5165
5165
5164
5162
5161
5160
5159
5158
5156
5156
5154
5152
5151
5151
5150
5150
5149
5148
5148
5147
5146
5146
5145
5145
5144
5143
5142
5142
5140
5140
5140
5140
5139
5137
5136
5136
5134
5134
5133
5132
5132
5131
5130
5129
5128
5127
5124
5124
5124
5123
5121
5121
5116
5114
5112
5111
5109
5106
5104
5104
5104
5103
5102
5102
5102
5101
5100
5099
5098
5095
5095
5094
5094
5090
5089
5087
5085
5083
5083
5082
5081
5080
5079
5078
5076
5074
5073
5071
5071
5069
5069
5067
5066
5066
5063
5063
5062
5060
5060
5060
5059
5057
5056
5054
5054
5054
5051
5051
5051
5045
5044
5043
5042
5042
5041
5041
5041
5039
5037
5037
5034
5034
5030
5029
5028
5024
5022
5021
5021
5020
5020
5017
5015
5015
5015
5015
5013
5011
5010
5010
5009
5008
5007
5006
5005
5004
5004
5003
5002
5001
5000
4999
4999
4998
4998
4998
4997
4997
4995
4995
4992
4992
4991
4990
4990
4984
4984
4983
4982
4981
4981
4981
4979
4979
4978
4978
4976
4976
4975
4974
4974
4973
4973
4970
4966
4964
4963
4962
4962
4962
4961
4961
4961
4961
4961
4960
4958
4956
4955
4951
4950
4950
4950
4949
4949
4949
4947
4945
4945
4944
4943
4941
4940
4937
4937
4936
4936
4934
4931
4929
4928
4926
4926
4925
4923
4921
4919
4916
4916
4913
4912
4912
4911
4910
4910
4910
4909
4908
4908
4907
4907
4907
4906
4906
4905
4904
4904
4903
4903
4902
4900
4899
4899
4898
4896
4895
4895
4893
4893
4893
4889
4888
4888
4887
4887
4886
4885
4885
4884
4883
4882
4882
4881
4880
4880
4879
4877
4877
4877
4876
4870
4869
4869
4868
4867
4866
4866
4864
4864
4863
4862
4861
4860
4859
4859
4859
4858
4858
4857
4856
4856
4855
4854
4853
4853
4852
4851
4850
4850
4849
4848
4846
4846
4843
4841
4838
4838
4837
4837
4835
4834
4829
4829
4829
4828
4827
4827
4826
4826
4823
4822
4820
4819
4813
4813
4813
4812
4811
4805
4805
4802
4799
4798
4798
4798
4798
4798
4796
4796
4795
4793
4792
4792
4792
4791
4789
4788
4786
4784
4784
4783
4783
4781
4781
4778
4778
4778
4777
4777
4776
4775
4775
4773
4773
4773
4771
4770
4770
4769
4768
4768
4768
4767
4766
4766
4766
4764
4760
4758
4757
4756
4755
4754
4753
4750
4749
4749
4748
4746
4745
4745
4744
4743
4742
4742
4742
4742
4740
4737
4736
4736
4733
4733
4732
4729
4729
4725
4724
4724
4723
4722
4722
4721
4717
4717
4716
4716
4715
4715
4715
4712
4711
4711
4710
4710
4710
4709
4709
4708
4707
4707
4706
4705
4704
4704
4703
4702
4701
4700
4698
4697
4697
4697
4696
4695
4695
4695
4694
4693
4693
4692
4689
4688
4687
4686
4685
4685
4682
4682
4682
4678
4677
4677
4676
4675
4675
4673
4673
4671
4669
4669
4666
4666
4666
4664
4663
4663
4659
4657
4657
4656
4655
4655
4655
4653
4652
4650
4649
4648
4647
4644
4644
4643
4643
4642
4642
4641
4640
4639
4639
4639
4639
4637
4637
4636
4635
4633
4632
4632
4630
4629
4629
4628
4628
4628
4628
4627
4625
4623
4620
4620
4617
4612
4611
4611
4610
4609
4609
4608
4608
4607
4607
4605
4604
4604
4602
4598
4598
4596
4594
4594
4594
4593
4593
4593
4592
4589
4589
4588
4588
4587
4585
4584
4583
4583
4582
4582
4581
4581
4578
4576
4576
4576
4572
4572
4571
4568
4568
4567
4566
4564
4564
4562
4560
4558
4558
4558
4557
4556
4553
4551
4551
4551
4549
4548
4548
4547
4545
4545
4545
4543
4543
4542
4542
4542
4539
4539
4539
4535
4532
4532
4532
4531
4528
4526
4523
4523
4523
4521
4519
4518
4517
4516
4516
4515
4515
4514
4514
4512
4510
4510
4510
4509
4509
4508
4508
4508
4508
4507
4507
4506
4504
4502
4501
4500
4497
4497
4496
4495
4492
4491
4491
4489
4489
4487
4486
4486
4485
4484
4483
4482
4481
4477
4477
4476
4474
4474
4472
4471
4471
4471
4470
4468
4466
4466
4465
4464
4463
4460
4460
4460
4460
4458
4457
4457
4455
4454
4454
4454
4453
4452
4452
4451
4450
4449
4447
4447
4445
4444
4443
4443
4439
4438
4437
4437
4437
4436
4434
4432
4432
4432
4430
4430
4430
4429
4428
4427
4425
4424
4423
4421
4421
4421
4420
4419
4419
4419
4419
4419
4418
4417
4413
4413
4412
4409
4408
4408
4407
4407
4406
4406
4406
4404
4401
4400
4399
4398
4397
4397
4396
4394
4394
4391
4390
4389
4389
4388
4388
4384
4384
4383
4383
4382
4379
4377
4376
4375
4375
4374
4374
4373
4373
4373
4372
4371
4371
4371
4368
4368
4367
4364
4362
4362
4362
4360
4359
4357
4356
4354
4354
4353
4353
4351
4348
4347
4347
4346
4344
4343
4341
4341
4341
4340
4338
4337
4335
4333
4333
4331
4330
4329
4329
4328
4328
4328
4327
4324
4324
4323
4323
4323
4323
4320
4317
4317
4315
4314
4313
4312
4309
4308
4307
4306
4305
4304
4304
4303
4301
4300
4300
4298
4296
4296
4296
4295
4293
4291
4291
4291
4291
4291
4290
4289
4288
4288
4285
4285
4284
4284
4283
4283
4282
4281
4280
4279
4279
4278
4278
4278
4278
4277
4277
4275
4275
4274
4274
4273
4273
4268
4267
4266
4265
4265
4263
4263
4262
4259
4259
4258
4258
4256
4254
4254
4254
4253
4252
4252
4251
4250
4250
4249
4249
4248
4248
4247
4246
4246
4245
4243
4242
4241
4241
4241
4239
4239
4237
4237
4236
4235
4234
4234
4233
4233
4233
4231
4231
4229
4226
4226
4225
4224
4222
4221
4220
4220
4219
4218
4218
4214
4213
4212
4211
4211
4210
4208
4207
4206
4205
4205
4203
4201
4201
4199
4199
4194
4194
4194
4194
4194
4193
4191
4190
4189
4189
4186
4182
4182
4179
4178
4178
4178
4175
4175
4175
4173
4169
4168
4165
4163
4160
4160
4159
4158
4156
4155
4155
4155
4153
4153
4153
4152
4150
4149
4146
4145
4144
4143
4143
4142
4141
4140
4140
4138
4137
4133
4132
4131
4131
4130
4128
4127
4123
4121
4121
4121
4119
4118
4116
4113
4113
4112
4112
4111
4110
4110
4109
4109
4109
4106
4106
4104
4103
4103
4102
4102
4102
4100
4100
4098
4097
4096
4091
4091
4091
4091
4090
4090
4088
4087
4086
4085
4084
4083
4082
4082
4081
4080
4078
4075
4074
4072
4072
4071
4069
4069
4068
4067
4062
4060
4058
4058
4058
4056
4056
4056
4056
4053
4053
4050
4048
4047
4046
4044
4044
4043
4042
4041
4041
4039
4037
4034
4032
4029
4028
4028
4027
4025
4025
4023
4022
4022
4020
4019
4018
4018
4017
4015
4014
4014
4010
4008
4008
4007
4007
4006
4006
4004
4002
4002
4002
4001
4001
4000
3999
3998
3998
3998
3998
3997
3996
3994
3994
3993
3992
3991
3991
3991
3991
3990
3987
3985
3985
3983
3980
3979
3979
3978
3977
3976
3976
3974
3974
3972
3972
3971
3965
3964
3963
3961
3960
3959
3958
3958
3957
3955
3954
3954
3952
3951
3950
3950
3949
3948
3946
3944
3943
3943
3941
3940
3938
3938
3937
3935
3935
3933
3933
3932
3932
3932
3932
3930
3930
3929
3929
3929
3929
3928
3927
3927
3926
3926
3925
3924
3924
3922
3921
3920
3917
3916
3915
3914
3914
3914
3913
3913
3913
3912
3911
3909
3908
3908
3907
3907
3907
3907
3906
3905
3904
3903
3903
3903
3903
3900
3899
3899
3896
3896
3896
3895
3894
3892
3891
3889
3888
3886
3885
3885
3884
3884
3883
3883
3882
3881
3881
3879
3878
3877
3877
3876
3876
3873
3871
3871
3870
3868
3864
3863
3863
3863
3861
3861
3860
3860
3859
3857
3856
3854
3853
3852
3852
3851
3850
3849
3848
3845
3844
3844
3844
3842
3842
3841
3840
3839
3837
3837
3834
3833
3833
3832
3832
3832
3831
3831
3831
3830
3830
3829
3828
3827
3824
3823
3822
3822
3821
3821
3820
3820
3818
3817
3816
3816
3816
3813
3811
3810
3806
3806
3806
3804
3804
3803
3803
3803
3802
3801
3800
3798
3796
3795
3794
3793
3792
3790
3789
3787
3786
3785
3785
3784
3783
3781
3780
3779
3776
3774
3774
3772
3772
3770
3770
3770
3766
3765
3765
3762
3762
3761
3761
3757
3757
3755
3753
3752
3749
3747
3747
3744
3742
3742
3741
3739
3739
3738
3738
3737
3737
3736
3736
3736
3733
3732
3731
3730
3730
3730
3728
3727
3727
3725
3724
3723
3723
3722
3722
3722
3721
3721
3721
3720
3719
3719
3719
3718
3713
3712
3711
3710
3710
3709
3708
3708
3707
3707
3706
3705
3705
3704
3702
3702
3702
3701
3698
3697
3697
3696
3694
3692
3691
3690
3690
3689
3688
3686
3684
3681
3680
3678
3677
3677
3676
3674
3674
3672
3672
3671
3671
3670
3670
3670
3670
3670
3669
3669
3668
3668
3663
3663
3663
3662
3661
3660
3656
3656
3654
3654
3653
3653
3652
3650
3648
3647
3644
3644
3643
3643
3643
3643
3642
3642
3641
3641
3639
3639
3638
3638
3637
3636
3632
3632
3631
3630
3630
3629
3628
3628
3627
3627
3625
3624
3623
3622
3621
3621
3620
3620
3620
3619
3619
3619
3619
3615
3615
3615
3612
3611
3610
3610
3609
3607
3606
3605
3604
3604
3601
3601
3600
3600
3598
3597
3596
3595
3592
3591
3591
3589
3588
3586
3586
3586
3585
3584
3582
3582
3581
3580
3580
3579
3577
3575
3575
3575
3574
3574
3574
3572
3571
3571
3570
3570
3569
3569
3567
3567
3566
3565
3564
3564
3564
3563
3562
3561
3557
3557
3556
3555
3554
3554
3554
3553
3551
3549
3546
3546
3545
3545
3545
3544
3542
3542
3541
3541
3539
3539
3538
3538
3538
3537
3537
3537
3535
3535
3535
3534
3532
3530
3528
3528
3527
3527
3525
3525
3523
3522
3522
3522
3521
3520
3519
3519
3517
3517
3516
3516
3515
3511
3510
3509
3508
3507
3507
3505
3504
3504
3504
3504
3502
3502
3501
3501
3499
3499
3498
3498
3497
3496
3495
3491
3489
3489
3487
3484
3484
3483
3482
3478
3473
3470
3467
3467
3466
3465
3465
3464
3463
3463
3463
3463
3463
3459
3456
3454
3453
3453
3453
3452
3452
3448
3447
3446
3446
3445
3445
3444
3443
3442
3437
3436
3436
3436
3435
3434
3433
3431
3430
3428
3428
3427
3427
3426
3425
3423
3423
3422
3422
3422
3422
3421
3420
3420
3420
3419
3419
3418
3415
3415
3414
3413
3412
3412
3411
3409
3406
3405
3405
3404
3403
3403
3402
3400
3398
3397
3395
3393
3391
3391
3390
3389
3387
3386
3385
3384
3379
3378
3377
3376
3376
3375
3373
3372
3372
3370
3368
3367
3366
3366
3365
3365
3365
3364
3363
3361
3360
3358
3357
3356
3356
3355
3355
3355
3353
3352
3350
3350
3350
3349
3348
3347
3346
3346
3345
3343
3342
3341
3340
3338
3335
3335
3335
3335
3334
3334
3334
3333
3328
3328
3328
3327
3327
3324
3322
3322
3321
3319
3318
3318
3317
3317
3316
3315
3314
3314
3314
3313
3312
3311
3310
3309
3308
3306
3304
3303
3301
3300
3300
3299
3298
3298
3298
3297
3297
3297
3297
3297
3296
3295
3293
3290
3289
3289
3284
3283
3283
3282
3281
3278
3278
3277
3272
3272
3271
3271
3271
3270
3269
3268
3267
3266
3265
3265
3264
3263
3263
3263
3262
3262
3260
3260
3259
3257
3256
3255
3253
3253
3252
3252
3252
3251
3250
3250
3249
3248
3247
3247
3244
3241
3241
3241
3240
3238
3238
3237
3237
3236
3235
3233
3233
3233
3232
3232
3230
3230
3228
3228
3228
3227
3227
3227
3226
3225
3224
3224
3223
3221
3221
3220
3217
3216
3216
3216
3215
3211
3210
3206
3206
3205
3204
3203
3201
3201
3199
3199
3199
3199
3198
3197
3196
3195
3195
3195
3194
3194
3193
3193
3193
3191
3187
3186
3185
3185
3182
3181
3180
3177
3177
3176
3176
3175
3174
3173
3172
3170
3169
3168
3168
3167
3166
3164
3163
3163
3160
3159
3157
3155
3155
3155
3153
3153
3149
3149
3148
3147
3147
3146
3145
3143
3143
3142
3140
3139
3139
3138
3137
3137
3137
3137
3136
3135
3133
3132
3132
3132
3131
3130
3130
3130
3127
3126
3124
3123
3123
3119
3119
3117
3114
3114
3113
3113
3112
3111
3111
3108
3108
3107
3106
3102
3102
3100
3098
3098
3097
3097
3096
3096
3095
3093
3093
3093
3092
3091
3091
3090
3089
3089
3085
3084
3083
3083
3083
3081
3081
3079
3079
3078
3077
3075
3074
3074
3073
3073
3071
3070
3066
3065
3065
3063
3062
3062
3062
3061
3061
3060
3059
3058
3057
3057
3057
3054
3054
3053
3053
3052
3051
3051
3051
3047
3047
3047
3047
3046
3046
3045
3044
3043
3043
3041
3038
3037
3035
3034
3034
3034
3032
3031
3031
3031
3030
3030
3029
3027
3027
3027
3027
3025
3023
3022
3022
3021
3021
3019
3018
3018
3016
3015
3015
3012
3010
3007
3007
3007
3007
3006
3004
3001
3000
2999
2999
2998
2998
2997
2996
2996
2995
2995
2995
2995
2994
2994
2992
2989
2988
2986
2985
2985
2984
2983
2982
2980
2979
2979
2977
2976
2976
2976
2974
2971
2971
2970
2970
2970
2967
2965
2965
2964
2964
2963
2962
2961
2961
2961
2961
2958
2958
2957
2956
2955
2955
2954
2952
2945
2943
2943
2942
2941
2941
2941
2940
2940
2940
2939
2939
2939
2939
2938
2938
2936
2936
2935
2935
2934
2934
2933
2931
2931
2931
2931
2931
2930
2927
2927
2925
2924
2924
2923
2922
2921
2921
2919
2919
2918
2918
2918
2917
2915
2914
2913
2913
2911
2910
2909
2908
2908
2907
2906
2903
2903
2903
2903
2903
2902
2899
2898
2898
2898
2897
2896
2896
2896
2895
2893
2893
2893
2892
2891
2887
2884
2882
2881
2880
2880
2879
2877
2875
2875
2872
2871
2867
2867
2865
2865
2864
2863
2862
2862
2862
2860
2860
2859
2858
2858
2855
2853
2853
2853
2851
2851
2851
2850
2850
2850
2849
2849
2848
2848
2847
2845
2844
2844
2841
2839
2838
2838
2837
2837
2834
2834
2832
2831
2831
2822
2821
2819
2819
2818
2818
2818
2814
2812
2811
2811
2803
2802
2798
2795
2793
2793
2792
2792
2788
2788
2788
2785
2784
2783
2779
2779
2779
2778
2777
2777
2776
2776
2776
2775
2771
2770
2770
2767
2765
2765
2765
2762
2758
2758
2756
2756
2755
2754
2753
2753
2753
2752
2749
2748
2747
2744
2743
2742
2741
2740
2740
2739
2739
2738
2737
2734
2732
2731
2731
2729
2729
2729
2725
2724
2723
2721
2721
2720
2718
2713
2710
2710
2710
2709
2708
2708
2706
2706
2706
2704
2703
2703
2703
2702
2699
2698
2697
2695
2695
2694
2694
2694
2693
2693
2692
2692
2691
2688
2686
2686
2684
2683
2680
2680
2679
2678
2677
2677
2677
2676
2674
2672
2672
2670
2670
2669
2669
2668
2666
2665
2662
2661
2659
2659
2658
2657
2656
2655
2654
2653
2653
2651
2651
2649
2649
2649
2647
2646
2645
2645
2644
2644
2642
2639
2639
2639
2639
2638
2637
2636
2635
2633
2632
2630
2630
2624
2624
2621
2619
2617
2617
2616
2615
2614
2611
2611
2610
2607
2605
2604
2604
2601
2600
2598
2596
2594
2594
2593
2592
2592
2592
2591
2590
2590
2589
2589
2587
2587
2586
2583
2583
2582
2581
2580
2579
2579
2578
2577
2577
2577
2574
2573
2572
2572
2569
2569
2567
2565
2565
2563
2562
2562
2558
2557
2556
2555
2554
2554
2552
2551
2550
2550
2549
2549
2549
2548
2544
2544
2541
2538
2538
2536
2536
2535
2533
2532
2530
2526
2526
2521
2520
2520
2520
2519
2519
2518
2518
2518
2517
2516
2516
2515
2515
2515
2515
2515
2514
2512
2512
2512
2512
2511
2511
2510
2510
2510
2509
2509
2509
2508
2508
2508
2508
2507
2506
2506
2506
2505
2505
2504
2504
2502
2501
2500
2499
2499
2498
2497
2496
2495
2492
2491
2491
2490
2489
2489
2489
2487
2486
2486
2484
2483
2480
2480
2480
2479
2477
2475
2474
2473
2471
2470
2469
2468
2468
2467
2463
2463
2463
2460
2458
2456
2456
2455
2455
2454
2454
2453
2452
2451
2451
2450
2448
2448
2447
2445
2445
2444
2443
2443
2443
2441
2439
2439
2438
2438
2437
2437
2437
2435
2434
2431
2431
2429
2424
2424
2419
2417
2417
2416
2416
2416
2415
2414
2414
2413
2412
2411
2411
2411
2411
2409
2408
2407
2407
2407
2406
2405
2405
2404
2404
2403
2403
2403
2403
2400
2400
2400
2400
2399
2398
2398
2397
2397
2396
2394
2392
2392
2391
2391
2389
2389
2389
2389
2388
2388
2387
2387
2386
2386
2386
2386
2385
2385
2385
2385
2384
2384
2384
2382
2382
2381
2380
2380
2377
2377
2376
2375
2373
2370
2370
2369
2369
2369
2368
2365
2364
2364
2363
2362
2361
2357
2357
2356
2355
2354
2353
2353
2351
2351
2350
2346
2345
2344
2344
2342
2340
2340
2338
2338
2337
2335
2335
2333
2333
2331
2330
2329
2328
2327
2326
2325
2325
2320
2319
2317
2317
2316
2314
2313
2313
2313
2311
2311
2311
2310
2310
2310
2308
2305
2304
2304
2303
2302
2301
2298
2298
2297
2296
2295
2295
2292
2290
2288
2288
2286
2285
2284
2283
2283
2281
2281
2280
2279
2279
2278
2278
2277
2277
2276
2275
2273
2271
2270
2270
2269
2266
2265
2262
2261
2261
2261
2260
2258
2257
2256
2256
2254
2253
2253
2252
2252
2252
2252
2251
2250
2249
2249
2247
2245
2243
2243
2242
2241
2241
2240
2238
2238
2234
2232
2232
2232
2231
2229
2228
2227
2226
2226
2226
2225
2225
2224
2224
2223
2222
2222
2219
2219
2218
2217
2217
2216
2216
2215
2214
2212
2212
2210
2209
2207
2207
2206
2206
2206
2205
2204
2202
2202
2202
2201
2200
2200
2198
2198
2193
2192
2192
2191
2188
2188
2185
2180
2180
2179
2179
2177
2176
2175
2174
2173
2172
2172
2171
2171
2170
2170
2169
2169
2167
2167
2166
2166
2165
2165
2164
2164
2164
2163
2163
2162
2162
2161
2161
2161
2160
2159
2158
2157
2157
2155
2154
2153
2153
2152
2149
2149
2149
2149
2147
2146
2145
2141
2140
2140
2138
2138
2138
2137
2134
2133
2132
2132
2132
2131
2131
2130
2128
2128
2127
2127
2126
2126
2125
2124
2124
2124
2123
2122
2119
2118
2114
2114
2113
2112
2111
2111
2109
2108
2108
2103
2102
2102
2102
2099
2097
2097
2096
2096
2096
2096
2095
2095
2094
2094
2093
2092
2091
2091
2088
2087
2086
2085
2085
2084
2082
2080
2079
2078
2078
2078
2077
2074
2073
2072
2071
2070
2070
2070
2069
2069
2066
2065
2064
2063
2062
2062
2061
2061
2060
2060
2060
2060
2059
2056
2055
2055
2050
2049
2046
2046
2045
2045
2045
2044
2042
2041
2041
2041
2040
2040
2039
2037
2036
2036
2035
2034
2034
2034
2031
2031
2030
2030
2029
2027
2024
2023
2023
2023
2022
2022
2016
2015
2014
2012
2011
2009
2006
2004
2003
2002
2002
2002
2001
2001
2001
1999
1999
1999
1998
1995
1994
1993
1992
1992
1990
1989
1984
1984
1983
1980
1977
1977
1977
1974
1973
1972
1971
1970
1969
1969
1969
1969
1968
1968
1967
1967
1967
1967
1966
1964
1963
1962
1960
1956
1956
1955
1952
1951
1951
1948
1947
1947
1946
1944
1944
1944
1940
1937
1937
1936
1935
1935
1933
1932
1932
1930
1930
1930
1928
1927
1926
1925
1921
1921
1921
1920
1919
1914
1913
1913
1912
1912
1910
1909
1908
1908
1908
1906
1906
1905
1903
1903
1900
1900
1898
1897
1897
1895
1895
1895
1895
1893
1893
1893
1892
1889
1888
1887
1886
1886
1884
1883
1883
1883
1882
1881
1880
1879
1878
1877
1877
1876
1875
1872
1871
1870
1869
1869
1868
1868
1868
1867
1865
1865
1861
1860
1859
1857
1857
1856
1856
1856
1855
1854
1854
1853
1849
1849
1847
1844
1843
1843
1842
1841
1840
1839
1839
1839
1839
1838
1835
1834
1834
1834
1834
1833
1833
1832
1829
1827
1823
1821
1821
1820
1818
1818
1817
1816
1816
1815
1814
1814
1811
1811
1810
1810
1806
1804
1804
1803
1802
1801
1801
1801
1799
1797
1797
1797
1797
1791
1791
1790
1790
1790
1789
1789
1788
1786
1786
1784
1784
1783
1778
1778
1778
1777
1777
1774
1774
1773
1771
1771
1769
1767
1767
1766
1765
1763
1761
1760
1758
1757
1757
1757
1754
1753
1753
1750
1749
1749
1748
1747
1747
1747
1743
1742
1741
1740
1739
1738
1738
1737
1736
1736
1735
1735
1733
1733
1732
1732
1732
1732
1731
1728
1726
1725
1724
1724
1724
1722
1721
1719
1719
1718
1717
1714
1713
1709
1708
1708
1707
1707
1707
1706
1706
1705
1705
1705
1704
1703
1702
1701
1699
1698
1694
1694
1691
1689
1688
1687
1686
1685
1684
1684
1684
1684
1681
1680
1679
1678
1677
1677
1674
1673
1673
1672
1671
1668
1668
1667
1666
1665
1665
1664
1662
1660
1660
1659
1658
1658
1658
1657
1657
1657
1656
1655
1655
1655
1653
1652
1650
1648
1647
1647
1646
1646
1646
1645
1644
1644
1643
1643
1640
1639
1639
1639
1639
1636
1635
1635
1632
1632
1632
1630
1629
1628
1628
1627
1626
1625
1625
1625
1624
1621
1621
1621
1620
1620
1618
1618
1617
1617
1616
1614
1614
1613
1613
1613
1613
1612
1610
1610
1609
1609
1608
1608
1608
1607
1606
1604
1603
1603
1600
1600
1597
1595
1593
1590
1590
1588
1588
1586
1584
1583
1582
1580
1579
1577
1577
1577
1574
1574
1573
1572
1572
1572
1572
1570
1569
1569
1568
1568
1567
1566
1565
1563
1562
1562
1561
1561
1559
1557
1557
1556
1556
1556
1554
1554
1553
1551
1550
1550
1550
1549
1549
1549
1548
1548
1547
1547
1546
1546
1544
1543
1543
1543
1542
1540
1538
1537
1537
1535
1533
1531
1530
1530
1529
1529
1528
1528
1527
1523
1522
1522
1521
1521
1520
1520
1520
1519
1518
1516
1515
1515
1514
1508
1507
1506
1504
1503
1502
1501
1500
1500
1499
1499
1498
1498
1498
1497
1497
1496
1495
1495
1494
1494
1494
1492
1492
1491
1491
1489
1488
1487
1484
1484
1480
1478
1478
1478
1477
1477
1472
1472
1471
1467
1466
1466
1464
1463
1462
1460
1460
1459
1458
1458
1456
1455
1455
1455
1451
1450
1449
1449
1448
1448
1447
1446
1443
1443
1440
1440
1439
1439
1438
1438
1437
1437
1436
1436
1434
1434
1433
1433
1430
1428
1427
1427
1426
1426
1424
1424
1424
1424
1424
1422
1421
1418
1418
1416
1416
1414
1414
1413
1410
1410
1408
1408
1407
1406
1406
1406
1404
1403
1402
1401
1400
1400
1400
1396
1396
1396
1396
1393
1392
1392
1387
1387
1386
1386
1385
1385
1380
1378
1378
1378
1378
1376
1373
1372
1372
1370
1369
1368
1365
1364
1360
1359
1359
1359
1357
1355
1355
1355
1355
1354
1352
1350
1350
1348
1348
1347
1346
1346
1345
1343
1343
1343
1343
1341
1339
1337
1336
1336
1335
1335
1335
1335
1333
1332
1330
1330
1330
1329
1328
1325
1325
1325
1322
1321
1321
1317
1315
1315
1313
1312
1312
1309
1309
1308
1306
1305
1302
1302
1302
1302
1301
1299
1298
1298
1298
1298
1296
1296
1295
1295
1294
1294
1294
1293
1292
1291
1289
1287
1287
1286
1285
1284
1284
1282
1280
1279
1279
1278
1277
1276
1274
1273
1272
1271
1271
1270
1270
1270
1269
1268
1265
1265
1263
1263
1262
1260
1259
1257
1256
1254
1252
1248
1248
1244
1244
1243
1242
1241
1239
1238
1237
1237
1236
1236
1236
1234
1232
1231
1230
1229
1228
1228
1227
1226
1226
1226
1224
1220
1218
1215
1215
1213
1213
1211
1211
1210
1206
1206
1205
1205
1205
1205
1204
1204
1203
1202
1202
1201
1197
1196
1192
1190
1188
1187
1186
1186
1184
1184
1183
1183
1182
1182
1180
1180
1180
1179
1179
1179
1178
1177
1177
1176
1174
1173
1172
1171
1170
1170
1169
1168
1167
1167
1163
1163
1162
1161
1160
1159
1159
1158
1158
1158
1156
1156
1153
1151
1151
1151
1150
1150
1149
1148
1147
1146
1146
1146
1142
1141
1140
1140
1140
1140
1139
1139
1138
1138
1136
1136
1136
1135
1134
1134
1134
1130
1129
1127
1127
1126
1126
1125
1125
1125
1124
1123
1122
1121
1119
1119
1119
1119
1118
1117
1116
1116
1116
1116
1114
1113
1112
1112
1112
1111
1111
1111
1110
1109
1107
1106
1104
1103
1103
1102
1102
1098
1098
1097
1095
1095
1094
1093
1089
1089
1088
1087
1085
1084
1082
1082
1081
1081
1080
1080
1080
1078
1077
1076
1076
1076
1076
1075
1074
1073
1066
1066
1063
1063
1061
1058
1058
1058
1057
1056
1056
1056
1055
1055
1054
1054
1054
1052
1052
1051
1051
1051
1050
1046
1044
1044
1044
1042
1040
1038
1038
1038
1038
1035
1034
1034
1034
1029
1029
1028
1027
1027
1025
1024
1023
1023
1020
1018
1017
1015
1015
1015
1015
1015
1014
1013
1013
1010
1010
1009
1008
1007
1004
1003
1002
1001
1001
1001
1001
998
997
997
996
996
994
994
993
992
992
991
988
986
986
985
983
982
982
979
979
979
977
974
974
973
972
970
967
966
964
963
962
961
959
958
958
956
955
953
953
951
949
949
947
945
943
942
941
940
939
938
936
936
936
935
935
934
933
932
931
930
929
927
925
925
924
924
922
920
919
919
918
918
917
917
916
915
914
914
912
910
909
908
908
906
905
904
904
904
903
903
902
901
901
901
900
899
899
898
897
896
896
895
893
891
890
888
888
886
884
883
882
882
880
879
879
877
876
871
871
870
870
870
869
867
866
866
866
864
860
860
857
856
856
854
853
852
850
850
849
849
848
848
848
848
844
842
841
841
839
839
839
839
839
838
836
836
833
830
829
828
828
828
827
827
827
827
827
826
825
825
825
824
824
824
820
820
818
818
816
815
815
814
812
812
811
809
807
805
804
800
800
800
800
800
800
799
799
795
794
794
791
790
789
789
788
787
787
787
786
786
785
784
783
783
783
783
782
781
781
781
780
780
779
777
776
775
774
774
771
771
770
770
769
769
768
768
766
765
765
762
758
754
750
749
748
745
744
744
743
742
742
741
741
741
740
739
739
738
737
736
735
735
733
733
733
732
732
732
732
731
730
730
730
728
725
725
724
721
721
719
719
718
712
709
709
708
705
705
703
702
701
700
699
698
698
698
697
694
692
691
691
690
686
684
683
682
682
681
679
679
678
678
678
677
677
675
675
675
674
673
672
670
670
668
668
668
667
667
667
666
665
664
664
664
663
663
662
660
659
658
657
656
654
654
651
650
650
649
649
649
648
648
647
645
642
642
642
642
642
640
640
640
637
635
633
631
631
631
629
628
628
628
628
628
628
626
625
623
619
617
615
614
613
613
612
612
612
611
611
610
610
609
609
609
608
607
603
601
598
596
596
596
595
595
595
592
592
588
587
587
586
584
583
582
582
582
580
580
578
578
577
576
576
575
574
574
572
572
572
571
571
571
566
565
565
564
564
562
560
559
558
557
557
557
556
554
553
552
547
547
546
546
544
544
542
538
537
536
535
534
532
528
527
526
526
524
523
523
522
520
519
515
515
514
514
514
513
511
511
510
510
505
505
504
503
502
500
499
499
498
497
497
496
495
495
495
495
495
493
492
489
489
485
479
478
477
474
474
474
473
472
472
471
470
468
467
467
465
465
465
464
459
459
457
456
456
456
456
456
455
454
454
454
452
452
450
450
450
449
447
446
446
445
445
442
442
441
441
439
438
437
437
435
435
434
433
433
433
431
430
430
428
427
427
426
426
424
422
421
421
420
419
419
419
419
418
417
417
416
415
415
414
413
413
411
411
411
411
410
409
409
408
407
406
404
402
402
402
401
400
397
397
397
396
395
394
392
391
388
387
386
386
383
383
382
381
381
381
381
380
380
379
378
373
371
369
368
367
367
365
365
364
364
363
362
361
361
360
359
359
358
357
356
356
356
356
356
355
352
352
352
351
348
348
348
347
347
346
345
345
345
345
345
344
343
342
342
341
341
338
338
336
335
333
333
332
332
329
328
326
326
325
323
320
319
317
316
316
315
315
314
314
314
311
310
310
309
309
306
304
303
300
300
300
299
298
297
297
297
296
296
296
295
294
294
293
292
292
291
289
288
288
287
286
286
285
285
285
284
283
283
283
283
281
281
280
278
278
277
277
276
275
274
274
273
272
268
267
267
266
265
265
264
264
264
263
263
262
262
258
258
257
256
255
253
252
251
249
246
245
244
243
243
243
238
235
233
232
231
230
230
230
230
229
229
227
227
223
222
222
218
217
217
217
217
215
213
213
212
210
210
210
209
208
208
208
207
207
202
200
194
194
193
193
193
193
191
190
189
189
186
186
185
184
184
184
183
181
181
180
178
176
176
172
172
170
168
168
168
167
166
165
164
164
163
162
161
160
160
158
158
156
156
155
154
153
153
148
146
143
140
140
140
138
137
136
136
136
136
136
134
133
132
132
131
130
130
129
128
127
127
124
123
122
120
118
118
116
116
115
114
113
112
112
111
111
111
109
108
108
107
106
102
102
100
100
100
98
96
96
94
94
93
92
91
89
88
86
86
84
84
83
82
80
79
77
77
76
76
75
72
71
70
68
68
67
66
64
63
63
63
63
62
61
61
60
60
60
59
59
58
57
57
57
55
54
53
52
51
51
48
48
47
47
45
43
43
42
41
38
38
36
34
33
33
33
31
30
28
26
25
25
25
24
24
23
23
22
22
21
20
20
15
14
14
13
12
12
11
10
8
8
6
4
4
2
0
