9997
9997
9997
9996
9994
9994
9993
9991
9988
9986
9986
9984
9981
9980
9979
9978
9978
9978
9977
9975
9973
9972
9971
9969
9969
9966
9965
9965
9964
9964
9964
9964
9963
9963
9962
9961
9961
9960
9960
9959
9959
9958
9958
9955
9953
9953
9950
9950
9950
9949
9948
9947
9945
9944
9942
9942
9941
9940
9938
9938
9937
9937
9936
9935
9935
9934
9934
9933
9932
9931
9930
9930
9929
9929
9926
9925
9924
9923
9922
9922
9918
9917
9917
9917
9916
9915
9915
9914
9909
9908
9907
9905
9905
9904
9902
9902
9901
9899
9899
9896
9894
9894
9894
9893
9892
9890
9890
9890
9888
9888
9887
9883
9881
9881
9881
9878
9878
9877
9872
9871
9870
9869
9869
9869
9867
9865
9865
9864
9863
9860
9857
9857
9856
9856
9855
9854
9848
9847
9845
9845
9844
9844
9840
9840
9834
9832
9829
9825
9824
9824
9823
9822
9821
9820
9819
9818
9815
9814
9814
9813
9811
9810
9809
9809
9809
9808
9806
9806
9806
9804
9802
9802
9802
9801
9801
9800
9798
9798
9794
9794
9792
9792
9791
9790
9788
9787
9784
9784
9784
9783
9781
9781
9780
9779
9777
9777
9777
9776
9773
9773
9772
9772
9771
9770
9768
9768
9768
9767
9766
9765
9764
9763
9761
9760
9760
9759
9759
9758
9757
9757
9757
9757
9755
9753
9752
9749
9749
9749
9747
9746
9743
9743
9742
9740
9740
9739
9737
9737
9731
9730
9730
9730
9729
9729
9727
9727
9726
9726
9725
9724
9724
9723
9723
9716
9713
9713
9713
9713
9710
9710
9710
9709
9708
9707
9706
9706
9705
9705
9704
9703
9703
9703
9702
9701
9700
9699
9699
9699
9698
9697
9697
9696
9695
9695
9692
9692
9691
9691
9690
9688
9688
9688
9687
9685
9684
9683
9681
9681
9680
9679
9679
9679
9678
9676
9676
9675
9673
9673
9672
9671
9671
9670
9669
9666
9665
9663
9662
9662
9659
9659
9659
9658
9657
9656
9656
9654
9653
9653
9653
9652
9652
9649
9646
9646
9644
9644
9643
9638
9637
9636
9635
9635
9634
9633
9632
9631
9630
9629
9629
9628
9628
9627
9626
9625
9624
9623
9623
9623
9622
9620
9620
9619
9618
9618
9618
9617
9615
9613
9612
9611
9611
9607
9607
9606
9604
9603
9603
9603
9602
9602
9601
9600
9600
9599
9599
9599
9598
9597
9597
9596
9596
9596
9595
9595
9594
9593
9593
9592
9592
9591
9591
9590
9590
9589
9588
9584
9583
9583
9582
9581
9581
9580
9578
9575
9573
9572
9571
9571
9571
9568
9567
9567
9566
9566
9565
9564
9564
9562
9562
9559
9559
9559
9559
9559
9558
9557
9556
9554
9554
9554
9553
9552
9551
9550
9550
9549
9548
9546
9546
9546
9545
9544
9543
9541
9540
9539
9538
9538
9538
9537
9536
9536
9536
9534
9534
9534
9533
9533
9531
9531
9529
9527
9527
9526
9525
9525
9523
9523
9523
9522
9521
9520
9519
9519
9517
9515
9514
9513
9509
9509
9508
9508
9508
9508
9506
9506
9504
9504
9502
9501
9501
9499
9498
9497
9496
9496
9496
9495
9495
9494
9492
9491
9489
9489
9488
9488
9486
9486
9485
9484
9484
9484
9482
9482
9480
9479
9477
9474
9473
9472
9472
9471
9470
9469
9469
9468
9466
9464
9464
9464
9463
9461
9459
9458
9457
9454
9453
9452
9451
9451
9450
9450
9446
9446
9444
9443
9442
9441
9440
9438
9436
9435
9434
9434
9434
9433
9432
9432
9432
9428
9426
9424
9424
9422
9422
9418
9417
9415
9414
9413
9413
9412
9409
9407
9406
9405
9405
9404
9403
9401
9399
9398
9398
9398
9395
9394
9394
9393
9393
9392
9391
9390
9387
9384
9383
9383
9382
9382
9382
9379
9379
9379
9379
9379
9378
9378
9377
9375
9374
9373
9373
9372
9371
9370
9367
9363
9362
9362
9362
9360
9360
9359
9358
9358
9357
9357
9354
9352
9351
9351
9350
9349
9349
9349
9348
9348
9347
9346
9346
9346
9345
9344
9344
9344
9343
9342
9342
9340
9340
9338
9336
9334
9334
9334
9333
9331
9328
9327
9327
9327
9326
9324
9323
9323
9322
9321
9320
9319
9318
9318
9315
9314
9314
9312
9311
9310
9308
9308
9306
9305
9304
9303
9302
9301
9300
9299
9298
9296
9296
9295
9294
9293
9292
9291
9290
9288
9288
9286
9285
9285
9284
9283
9283
9283
9283
9281
9280
9279
9279
9276
9274
9274
9273
9273
9272
9271
9271
9271
9268
9268
9267
9266
9266
9264
9262
9260
9257
9255
9255
9252
9252
9250
9250
9249
9247
9245
9244
9244
9241
9241
9241
9239
9239
9238
9237
9236
9235
9234
9234
9233
9233
9232
9232
9232
9232
9232
9231
9230
9230
9227
9227
9225
9224
9224
9223
9220
9220
9220
9219
9218
9217
9216
9216
9215
9214
9214
9213
9212
9211
9209
9208
9208
9207
9207
9206
9205
9204
9203
9202
9202
9200
9200
9200
9199
9198
9198
9197
9196
9194
9194
9191
9189
9189
9188
9188
9186
9185
9184
9183
9182
9178
9176
9176
9176
9175
9174
9174
9173
9172
9171
9170
9168
9168
9167
9167
9167
9166
9165
9164
9164
9164
9164
9163
9162
9161
9159
9157
9157
9157
9157
9153
9152
9152
9151
9150
9150
9149
9149
9148
9147
9144
9143
9141
9141
9141
9140
9138
9137
9135
9135
9134
9133
9133
9132
9132
9129
9128
9128
9127
9127
9125
9124
9123
9123
9122
9121
9121
9118
9117
9116
9115
9114
9112
9112
9109
9109
9107
9106
9106
9101
9101
9099
9096
9095
9094
9093
9093
9093
9091
9091
9090
9089
9088
9088
9088
9085
9084
9084
9083
9083
9083
9083
9083
9082
9079
9079
9076
9076
9075
9074
9074
9073
9073
9072
9070
9070
9070
9069
9068
9068
9065
9064
9064
9064
9064
9063
9063
9063
9063
9062
9061
9059
9059
9058
9058
9056
9056
9056
9054
9052
9052
9051
9051
9050
9049
9048
9047
9043
9042
9037
9036
9033
9032
9031
9031
9031
9029
9028
9027
9027
9026
9025
9021
9020
9020
9020
9018
9017
9017
9016
9014
9013
9012
9012
9011
9009
9008
9006
9006
9005
9005
9004
9004
9004
9004
9003
9001
9001
9000
8998
8998
8994
8993
8992
8989
8988
8987
8987
8987
8986
8985
8981
8980
8980
8980
8979
8979
8978
8978
8978
8977
8977
8976
8975
8972
8972
8971
8968
8968
8967
8966
8965
8963
8963
8962
8962
8960
8960
8959
8955
8952
8952
8952
8951
8951
8949
8948
8947
8947
8947
8947
8946
8945
8945
8944
8944
8944
8942
8941
8941
8940
8939
8939
8939
8938
8938
8937
8935
8935
8933
8932
8932
8932
8931
8930
8928
8927
8925
8923
8922
8921
8921
8921
8920
8919
8918
8917
8916
8916
8916
8915
8914
8910
8910
8905
8904
8903
8901
8901
8901
8900
8900
8898
8898
8895
8892
8891
8890
8888
8886
8882
8882
8882
8882
8880
8879
8878
8878
8877
8877
8875
8873
8872
8867
8866
8864
8863
8860
8860
8858
8857
8854
8853
8853
8853
8853
8851
8850
8849
8848
8846
8844
8842
8840
8840
8839
8839
8838
8838
8834
8833
8833
8833
8833
8833
8832
8832
8831
8830
8826
8824
8824
8823
8822
8821
8821
8819
8819
8818
8816
8815
8815
8815
8815
8811
8811
8810
8809
8805
8805
8804
8804
8803
8803
8802
8802
8802
8801
8800
8799
8798
8798
8794
8794
8794
8794
8793
8793
8792
8790
8790
8789
8789
8787
8786
8784
8783
8782
8782
8779
8778
8778
8777
8776
8775
8774
8774
8772
8771
8771
8768
8767
8767
8766
8764
8763
8763
8762
8761
8761
8760
8760
8759
8759
8759
8758
8758
8757
8756
8753
8753
8752
8752
8752
8752
8751
8749
8748
8746
8743
8742
8741
8741
8740
8739
8739
8736
8736
8735
8733
8732
8731
8731
8729
8727
8727
8724
8723
8722
8722
8720
8719
8718
8717
8716
8715
8714
8714
8713
8712
8712
8711
8708
8708
8708
8707
8707
8706
8706
8705
8703
8703
8702
8699
8697
8697
8696
8692
8691
8690
8688
8686
8686
8684
8684
8683
8683
8683
8682
8682
8682
8680
8680
8680
8680
8680
8675
8674
8672
8672
8672
8668
8667
8667
8666
8665
8665
8663
8663
8661
8659
8657
8656
8655
8654
8654
8654
8653
8652
8649
8647
8647
8647
8646
8646
8640
8640
8638
8637
8637
8637
8637
8636
8635
8635
8633
8633
8631
8630
8629
8629
8629
8628
8626
8625
8625
8625
8625
8625
8622
8622
8621
8620
8610
8610
8609
8609
8608
8606
8605
8603
8603
8597
8597
8595
8594
8590
8590
8585
8582
8582
8578
8578
8576
8575
8574
8574
8573
8573
8573
8571
8571
8571
8571
8570
8570
8570
8570
8568
8567
8563
8563
8562
8560
8559
8559
8558
8556
8554
8554
8553
8550
8547
8544
8544
8543
8543
8543
8543
8542
8541
8539
8539
8538
8536
8534
8534
8533
8532
8532
8532
8532
8532
8531
8530
8527
8527
8526
8525
8525
8524
8523
8523
8522
8520
8520
8519
8516
8516
8515
8514
8514
8513
8513
8513
8513
8512
8512
8511
8511
8510
8509
8507
8506
8504
8503
8503
8502
8501
8501
8496
8493
8491
8490
8490
8490
8489
8489
8488
8488
8487
8487
8485
8483
8482
8482
8482
8481
8481
8480
8479
8477
8476
8476
8473
8472
8472
8472
8471
8467
8467
8466
8465
8464
8462
8460
8459
8459
8459
8458
8458
8457
8456
8456
8456
8454
8454
8453
8453
8451
8449
8449
8448
8446
8445
8445
8442
8442
8442
8441
8441
8440
8439
8438
8437
8437
8437
8435
8434
8434
8433
8432
8430
8430
8430
8429
8429
8427
8426
8424
8423
8420
8419
8418
8418
8417
8417
8417
8416
8415
8414
8413
8413
8412
8412
8409
8408
8408
8407
8407
8407
8406
8404
8403
8400
8400
8399
8396
8396
8394
8394
8392
8392
8391
8390
8389
8388
8386
8385
8384
8383
8382
8381
8381
8380
8379
8378
8378
8377
8375
8374
8374
8373
8372
8370
8370
8370
8366
8364
8363
8361
8355
8354
8354
8353
8351
8351
8350
8348
8348
8348
8346
8346
8344
8344
8344
8339
8339
8338
8338
8337
8337
8336
8336
8335
8335
8335
8334
8330
8329
8328
8327
8326
8325
8325
8325
8324
8323
8322
8322
8322
8320
8320
8318
8318
8318
8317
8315
8315
8314
8314
8313
8313
8312
8312
8312
8312
8309
8309
8309
8308
8307
8305
8305
8302
8300
8300
8299
8295
8295
8295
8295
8293
8290
8289
8288
8287
8286
8286
8285
8284
8284
8283
8281
8280
8280
8278
8277
8277
8274
8274
8273
8272
8272
8271
8270
8270
8270
8269
8269
8268
8267
8265
8265
8264
8263
8262
8261
8259
8259
8258
8257
8254
8254
8253
8253
8253
8252
8251
8250
8249
8248
8248
8246
8246
8245
8245
8244
8244
8244
8243
8241
8241
8241
8239
8239
8239
8238
8237
8235
8234
8233
8233
8232
8232
8231
8230
8229
8229
8228
8227
8227
8226
8224
8221
8219
8218
8218
8216
8216
8216
8215
8214
8213
8213
8213
8212
8212
8211
8209
8206
8204
8204
8204
8203
8203
8202
8198
8198
8197
8197
8197
8196
8196
8195
8193
8193
8191
8190
8190
8189
8189
8189
8187
8187
8186
8186
8186
8185
8185
8183
8182
8182
8181
8181
8178
8172
8172
8172
8172
8171
8171
8169
8168
8166
8165
8163
8162
8162
8161
8161
8160
8158
8158
8158
8157
8154
8154
8153
8152
8152
8151
8151
8150
8148
8148
8148
8147
8145
8145
8145
8143
8142
8142
8140
8140
8139
8138
8138
8137
8137
8137
8136
8134
8133
8133
8132
8132
8131
8130
8130
8128
8128
8128
8127
8126
8124
8124
8123
8123
8119
8119
8118
8117
8117
8116
8116
8115
8114
8112
8108
8107
8105
8105
8105
8105
8104
8104
8102
8102
8102
8099
8098
8096
8095
8094
8094
8094
8093
8092
8088
8088
8086
8086
8086
8085
8084
8084
8083
8081
8079
8076
8075
8073
8073
8073
8072
8072
8071
8070
8068
8068
8066
8065
8064
8063
8063
8063
8062
8061
8060
8060
8060
8058
8058
8055
8055
8053
8052
8051
8050
8048
8045
8044
8043
8043
8042
8040
8040
8039
8037
8035
8032
8031
8031
8027
8027
8025
8020
8019
8019
8018
8016
8015
8015
8014
8014
8013
8013
8012
8012
8011
8010
8009
8008
8008
8007
8005
8005
8004
8000
7999
7999
7997
7997
7997
7996
7995
7995
7994
7993
7991
7990
7990
7990
7990
7990
7989
7988
7987
7987
7986
7985
7984
7983
7981
7978
7977
7977
7976
7975
7974
7974
7971
7969
7969
7968
7968
7968
7966
7966
7963
7963
7962
7962
7961
7961
7961
7959
7958
7957
7956
7956
7955
7955
7954
7953
7952
7951
7951
7949
7947
7947
7946
7946
7945
7942
7941
7939
7936
7936
7935
7934
7934
7933
7933
7932
7931
7930
7929
7929
7928
7927
7927
7927
7926
7925
7924
7924
7919
7919
7918
7918
7917
7915
7913
7910
7910
7908
7908
7907
7906
7906
7905
7903
7903
7902
7900
7899
7898
7896
7896
7895
7895
7894
7893
7893
7893
7891
7889
7888
7887
7887
7887
7887
7885
7885
7883
7882
7880
7879
7878
7877
7877
7876
7875
7875
7875
7874
7874
7873
7873
7872
7871
7871
7864
7863
7863
7860
7858
7857
7856
7856
7856
7856
7854
7853
7853
7852
7852
7851
7851
7849
7849
7848
7848
7848
7847
7847
7846
7846
7845
7845
7844
7843
7840
7840
7840
7840
7839
7836
7836
7836
7834
7833
7832
7832
7832
7831
7830
7829
7829
7828
7827
7827
7827
7826
7826
7825
7824
7823
7822
7819
7818
7818
7816
7816
7814
7812
7811
7811
7810
7810
7810
7808
7808
7803
7802
7802
7802
7799
7799
7796
7794
7793
7789
7789
7789
7788
7788
7788
7787
7785
7785
7782
7781
7779
7775
7775
7775
7772
7771
7770
7766
7766
7765
7763
7761
7760
7759
7759
7759
7755
7755
7753
7751
7751
7749
7749
7749
7748
7745
7744
7744
7742
7741
7740
7737
7736
7736
7736
7733
7732
7731
7731
7729
7725
7724
7723
7718
7714
7714
7713
7713
7711
7711
7710
7709
7709
7708
7708
7708
7705
7704
7703
7703
7702
7701
7699
7699
7699
7698
7698
7696
7696
7695
7694
7693
7693
7690
7690
7688
7687
7687
7686
7686
7685
7684
7682
7682
7680
7679
7677
7676
7674
7672
7672
7670
7668
7668
7668
7668
7667
7667
7667
7666
7666
7665
7665
7665
7665
7664
7664
7663
7663
7661
7661
7660
7660
7659
7658
7657
7656
7656
7656
7654
7651
7647
7647
7647
7647
7645
7645
7643
7642
7642
7640
7640
7637
7637
7636
7634
7633
7633
7631
7631
7630
7629
7628
7626
7625
7625
7625
7621
7617
7617
7617
7615
7613
7613
7612
7611
7607
7606
7606
7605
7604
7604
7603
7603
7603
7602
7602
7601
7601
7600
7597
7597
7594
7594
7592
7592
7591
7589
7588
7588
7587
7586
7585
7583
7583
7578
7577
7577
7577
7576
7576
7574
7573
7572
7571
7569
7569
7569
7567
7567
7565
7565
7565
7564
7562
7561
7561
7561
7560
7559
7559
7557
7553
7553
7552
7551
7550
7548
7548
7548
7548
7548
7544
7543
7543
7543
7542
7541
7541
7541
7540
7540
7539
7539
7539
7538
7536
7535
7535
7531
7529
7529
7528
7526
7524
7523
7518
7518
7518
7514
7514
7514
7513
7513
7512
7511
7510
7508
7508
7508
7507
7507
7505
7505
7504
7503
7503
7502
7500
7500
7497
7497
7496
7495
7494
7494
7492
7491
7491
7489
7487
7485
7483
7482
7482
7481
7476
7475
7473
7473
7473
7472
7470
7469
7467
7467
7467
7466
7464
7462
7462
7462
7461
7459
7457
7455
7454
7454
7453
7452
7449
7449
7449
7448
7445
7441
7441
7441
7438
7438
7438
7438
7435
7434
7432
7432
7431
7429
7426
7424
7424
7424
7422
7421
7420
7418
7416
7416
7416
7413
7409
7409
7409
7408
7408
7407
7405
7405
7404
7404
7403
7402
7401
7400
7400
7398
7397
7396
7387
7386
7386
7385
7385
7383
7383
7382
7381
7381
7379
7379
7377
7376
7374
7374
7370
7368
7367
7367
7366
7366
7365
7364
7363
7361
7359
7359
7358
7358
7358
7357
7355
7355
7354
7354
7353
7352
7349
7349
7347
7346
7345
7345
7342
7340
7340
7339
7336
7335
7334
7334
7333
7331
7331
7330
7329
7329
7329
7328
7327
7323
7323
7321
7320
7319
7318
7317
7317
7316
7316
7315
7314
7313
7311
7309
7308
7305
7305
7302
7302
7299
7299
7299
7296
7296
7295
7295
7295
7294
7294
7293
7293
7292
7290
7290
7290
7289
7287
7286
7286
7286
7286
7285
7284
7284
7281
7280
7280
7279
7278
7277
7276
7276
7275
7275
7273
7273
7272
7271
7268
7267
7267
7265
7264
7262
7261
7260
7258
7256
7256
7255
7255
7254
7254
7253
7253
7250
7249
7247
7245
7243
7243
7243
7239
7235
7235
7235
7234
7232
7232
7231
7231
7230
7230
7229
7228
7226
7225
7223
7223
7222
7222
7219
7217
7217
7217
7216
7211
7211
7210
7208
7207
7206
7205
7205
7203
7203
7203
7201
7199
7199
7196
7196
7196
7194
7194
7194
7194
7192
7191
7188
7187
7184
7184
7183
7183
7183
7177
7175
7175
7175
7174
7173
7173
7173
7172
7168
7167
7167
7167
7166
7166
7165
7164
7163
7162
7161
7159
7156
7155
7153
7153
7153
7153
7151
7150
7150
7149
7149
7149
7148
7147
7147
7147
7146
7146
7145
7143
7142
7141
7137
7136
7136
7135
7135
7135
7133
7132
7132
7130
7130
7128
7127
7127
7126
7126
7125
7125
7125
7125
7123
7122
7122
7121
7117
7117
7116
7115
7115
7114
7113
7113
7112
7112
7111
7108
7108
7106
7106
7105
7103
7103
7103
7102
7100
7100
7095
7095
7094
7094
7094
7093
7093
7093
7093
7090
7088
7085
7083
7082
7081
7079
7078
7078
7078
7076
7076
7074
7073
7073
7069
7068
7068
7067
7067
7067
7067
7066
7066
7066
7065
7064
7061
7061
7058
7058
7058
7057
7057
7055
7055
7055
7055
7054
7053
7051
7050
7049
7049
7049
7047
7047
7046
7046
7046
7045
7044
7044
7044
7044
7043
7042
7041
7040
7040
7039
7038
7037
7037
7036
7033
7031
7030
7030
7028
7027
7026
7025
7025
7023
7022
7020
7018
7017
7016
7016
7015
7014
7013
7012
7011
7009
7009
7006
7003
7003
7002
7001
7000
7000
6999
6997
6995
6994
6992
6991
6991
6990
6988
6988
6986
6986
6986
6985
6984
6983
6980
6980
6978
6978
6977
6977
6976
6975
6975
6975
6975
6972
6971
6971
6968
6967
6966
6966
6965
6964
6962
6962
6962
6961
6958
6958
6958
6957
6955
6955
6955
6952
6952
6952
6951
6951
6951
6950
6950
6948
6947
6947
6946
6946
6946
6945
6943
6939
6938
6937
6937
6934
6934
6932
6931
6931
6929
6929
6929
6929
6929
6925
6923
6922
6922
6922
6921
6921
6921
6920
6919
6919
6918
6918
6916
6916
6915
6913
6913
6912
6910
6909
6909
6908
6907
6907
6907
6905
6905
6905
6904
6903
6902
6902
6901
6900
6897
6897
6896
6896
6895
6894
6893
6892
6892
6892
6890
6888
6887
6885
6885
6883
6883
6881
6881
6877
6876
6876
6875
6873
6873
6873
6872
6872
6872
6870
6870
6868
6868
6868
6868
6867
6866
6865
6865
6864
6864
6863
6863
6859
6859
6859
6858
6858
6858
6856
6852
6851
6850
6849
6848
6844
6842
6842
6841
6839
6839
6838
6836
6834
6833
6833
6833
6831
6830
6830
6829
6829
6828
6826
6826
6826
6824
6821
6817
6816
6814
6811
6810
6807
6807
6806
6806
6804
6804
6803
6802
6802
6796
6794
6794
6794
6793
6792
6791
6791
6791
6790
6788
6788
6788
6786
6786
6785
6785
6784
6784
6784
6781
6780
6779
6778
6775
6775
6774
6772
6771
6770
6768
6763
6763
6763
6762
6761
6761
6760
6759
6759
6759
6759
6759
6757
6755
6753
6752
6750
6750
6749
6749
6747
6745
6745
6745
6744
6743
6742
6741
6740
6739
6739
6738
6738
6738
6737
6736
6736
6736
6735
6731
6731
6730
6730
6728
6728
6727
6727
6727
6725
6724
6722
6720
6720
6719
6717
6717
6717
6717
6717
6716
6713
6713
6711
6708
6705
6704
6703
6702
6701
6701
6701
6701
6700
6699
6698
6697
6697
6694
6693
6693
6693
6691
6691
6688
6687
6687
6683
6683
6679
6678
6676
6674
6673
6673
6673
6671
6671
6669
6668
6667
6666
6665
6664
6664
6663
6663
6662
6662
6658
6656
6656
6656
6656
6656
6653
6652
6650
6650
6648
6646
6641
6641
6639
6639
6637
6636
6635
6633
6632
6627
6625
6625
6623
6622
6621
6621
6621
6621
6620
6618
6616
6613
6612
6612
6611
6611
6609
6608
6607
6607
6606
6605
6604
6604
6604
6604
6603
6601
6601
6599
6597
6596
6596
6595
6595
6595
6594
6594
6594
6593
6591
6590
6590
6588
6588
6587
6586
6586
6585
6583
6583
6582
6582
6581
6580
6580
6579
6577
6574
6572
6571
6571
6568
6567
6564
6563
6561
6560
6559
6559
6559
6557
6556
6556
6555
6553
6547
6546
6546
6545
6545
6545
6543
6542
6542
6540
6540
6539
6538
6536
6536
6536
6535
6533
6532
6531
6530
6530
6527
6526
6526
6524
6524
6522
6522
6522
6521
6521
6521
6521
6520
6519
6518
6516
6516
6514
6514
6514
6513
6512
6512
6510
6510
6509
6508
6507
6507
6506
6504
6503
6502
6502
6502
6499
6497
6497
6497
6495
6495
6494
6494
6494
6493
6493
6492
6490
6489
6487
6485
6485
6484
6484
6484
6483
6483
6483
6481
6480
6478
6476
6475
6475
6474
6473
6469
6467
6466
6463
6463
6462
6461
6459
6457
6455
6454
6454
6453
6452
6452
6451
6451
6450
6449
6449
6449
6448
6448
6447
6445
6445
6443
6443
6442
6440
6439
6439
6439
6437
6437
6435
6433
6433
6432
6431
6431
6431
6430
6429
6429
6428
6427
6426
6425
6425
6423
6421
6420
6419
6418
6418
6418
6417
6416
6413
6413
6413
6411
6407
6407
6406
6405
6404
6403
6401
6401
6400
6399
6399
6398
6395
6395
6394
6394
6393
6393
6392
6391
6389
6388
6388
6388
6387
6386
6386
6385
6385
6385
6384
6382
6382
6381
6380
6379
6379
6379
6378
6378
6377
6377
6375
6375
6374
6372
6371
6371
6370
6369
6369
6369
6369
6368
6368
6368
6367
6365
6364
6363
6363
6363
6362
6361
6357
6357
6357
6357
6355
6354
6352
6352
6352
6350
6350
6350
6350
6349
6348
6348
6347
6347
6345
6343
6341
6341
6340
6337
6336
6333
6333
6333
6333
6333
6332
6330
6329
6328
6328
6325
6324
6320
6319
6314
6314
6314
6313
6312
6311
6311
6311
6311
6310
6309
6308
6306
6303
6303
6301
6301
6300
6300
6299
6298
6296
6295
6294
6293
6292
6290
6290
6290
6289
6288
6287
6283
6283
6282
6279
6278
6277
6273
6273
6270
6270
6270
6269
6267
6267
6266
6266
6265
6264
6264
6264
6264
6263
6263
6263
6262
6260
6259
6256
6255
6255
6254
6254
6254
6250
6250
6248
6246
6245
6243
6242
6242
6239
6239
6238
6237
6236
6233
6227
6227
6220
6220
6220
6220
6219
6218
6217
6217
6217
6217
6216
6216
6215
6214
6213
6211
6209
6208
6208
6207
6207
6207
6205
6205
6203
6202
6202
6201
6199
6199
6198
6197
6196
6194
6193
6191
6190
6189
6188
6185
6185
6184
6183
6183
6183
6181
6180
6179
6178
6175
6174
6174
6172
6171
6171
6170
6168
6166
6165
6165
6164
6164
6163
6163
6163
6161
6160
6160
6159
6157
6156
6156
6155
6154
6153
6152
6152
6151
6151
6151
6151
6150
6148
6148
6148
6148
6147
6147
6147
6146
6145
6144
6141
6141
6139
6139
6139
6138
6138
6138
6137
6135
6133
6133
6133
6131
6130
6129
6129
6129
6128
6126
6126
6125
6124
6123
6120
6120
6118
6117
6117
6117
6115
6114
6111
6111
6110
6107
6107
6106
6106
6105
6104
6103
6103
6101
6100
6099
6098
6097
6096
6096
6095
6095
6094
6094
6094
6093
6092
6092
6091
6091
6089
6088
6088
6088
6086
6086
6084
6083
6080
6076
6076
6075
6073
6073
6071
6066
6063
6063
6062
6058
6056
6053
6052
6051
6050
6048
6048
6046
6045
6041
6040
6039
6039
6039
6036
6036
6036
6034
6031
6030
6029
6029
6028
6025
6022
6020
6020
6011
6009
6009
6009
6006
6006
6005
6005
6005
6004
6004
6003
6000
5999
5999
5998
5997
5997
5996
5995
5994
5994
5994
5994
5993
5993
5993
5993
5992
5992
5990
5990
5988
5988
5987
5986
5985
5984
5983
5982
5982
5981
5981
5980
5978
5978
5978
5977
5976
5975
5975
5971
5971
5967
5967
5966
5965
5965
5965
5963
5963
5963
5962
5962
5960
5959
5959
5959
5958
5958
5957
5957
5956
5955
5954
5953
5953
5953
5951
5950
5949
5946
5945
5944
5943
5943
5942
5942
5942
5941
5940
5935
5934
5933
5931
5930
5929
5929
5929
5929
5921
5921
5921
5920
5919
5916
5915
5914
5913
5912
5911
5911
5910
5910
5906
5905
5905
5905
5903
5902
5901
5899
5898
5897
5894
5891
5890
5887
5886
5886
5885
5885
5885
5884
5883
5883
5881
5880
5878
5876
5876
5875
5873
5873
5872
5872
5872
5872
5871
5871
5870
5868
5868
5867
5864
5862
5860
5860
5859
5859
5859
5859
5858
5857
5855
5855
5854
5851
5848
5848
5848
5847
5844
5844
5843
5843
5843
5841
5839
5838
5838
5836
5835
5834
5832
5829
5829
5829
5827
5827
5826
5824
5823
5823
5822
5821
5820
5820
5814
5814
5814
5813
5812
5811
5808
5807
5804
5803
5802
5801
5801
5800
5798
5796
5796
5795
5795
5795
5790
5790
5790
5789
5789
5785
5785
5784
5784
5784
5784
5780
5779
5778
5778
5777
5776
5775
5775
5775
5774
5772
5772
5771
5770
5768
5768
5766
5765
5764
5764
5764
5762
5761
5761
5760
5759
5757
5757
5754
5754
5752
5752
5752
5749
5748
5747
5746
5745
5745
5744
5744
5743
5742
5739
5738
5738
5738
5737
5737
5736
5735
5735
5734
5732
5732
5731
5729
5729
5728
5727
5726
5725
5722
5721
5721
5717
5715
5715
5714
5712
5711
5711
5710
5709
5709
5708
5706
5706
5706
5705
5704
5704
5704
5704
5703
5701
5700
5699
5699
5699
5697
5697
5695
5694
5694
5692
5692
5692
5691
5688
5686
5685
5685
5679
5679
5676
5674
5674
5672
5671
5667
5666
5666
5665
5665
5664
5664
5661
5661
5661
5660
5659
5657
5654
5654
5652
5652
5650
5646
5644
5644
5643
5643
5643
5642
5642
5642
5641
5641
5640
5640
5639
5639
5638
5636
5634
5633
5631
5630
5630
5629
5626
5626
5626
5624
5623
5622
5622
5620
5620
5618
5618
5616
5616
5614
5613
5612
5612
5611
5610
5610
5610
5607
5606
5606
5604
5604
5603
5602
5601
5600
5599
5596
5591
5590
5590
5588
5587
5587
5587
5587
5585
5584
5584
5581
5581
5581
5579
5578
5576
5576
5575
5574
5573
5571
5570
5569
5567
5564
5563
5563
5563
5562
5562
5561
5561
5561
5560
5557
5556
5553
5553
5551
5551
5550
5549
5549
5549
5548
5548
5548
5548
5547
5547
5546
5546
5546
5545
5542
5540
5539
5539
5539
5538
5537
5535
5534
5534
5534
5534
5533
5532
5532
5532
5527
5527
5526
5525
5523
5522
5521
5520
5519
5517
5516
5516
5513
5512
5512
5511
5511
5511
5511
5510
5510
5510
5509
5508
5508
5506
5505
5505
5505
5505
5502
5502
5499
5499
5499
5498
5497
5495
5495
5495
5495
5494
5493
5492
5491
5487
5487
5487
5484
5476
5476
5475
5474
5474
5474
5470
5469
5466
5466
5464
5463
5463
5462
5462
5460
5460
5459
5457
5452
5452
5452
5451
5450
5449
5447
5446
5446
5445
5445
5444
5444
5444
5443
5442
5440
5440
5440
5438
5438
5437
5437
5435
5435
5432
5432
5431
5429
5428
5427
5426
5424
5423
5422
5422
5421
5420
5419
5419
5417
5416
5416
5415
5413
5412
5411
5411
5410
5408
5408
5406
5406
5405
5405
5403
5403
5402
5401
5398
5398
5397
5396
5396
5394
5394
5393
5393
5392
5391
5391
5390
5389
5387
5385
5384
5382
5379
5379
5376
5375
5374
5374
5373
5372
5370
5369
5368
5366
5366
5366
5366
5365
5365
5362
5362
5360
5360
5359
5358
5358
5357
5355
5355
5350
5348
5347
5346
5346
5345
5340
5340
5340
5330
5330
5328
5328
5327
5327
5324
5324
5322
5322
5321
5320
5320
5320
5320
5319
5317
5317
5313
5312
5312
5311
5309
5307
5306
5306
5305
5304
5304
5304
5302
5302
5301
5295
5295
5294
5292
5292
5291
5291
5291
5287
5285
5284
5283
5283
5280
5278
5277
5277
5274
5274
5273
5273
5273
5269
5268
5265
5265
5264
5262
5261
5260
5257
5257
5257
5256
5254
5254
5253
5249
5247
5245
5245
5243
5241
5241
5241
5240
5238
5237
5236
5235
5232
5231
5230
5229
5229
5228
5228
5227
5226
5221
5220
5220
5220
5218
5212
5211
5211
5211
5211
5209
5208
5208
5207
5207
5206
5206
5204
5202
5202
5200
5199
5198
5198
5198
5197
5196
5196
5195
5194
5194
5192
5191
5190
5189
5185
5184
5184
5183
5182
5180
5180
5179
5179
5179
5178
5176
5176
5175
5175
5175
5173
5172
5171
5170
5166
5166
5165
5164
5160
5159
5158
5158
5157
5157
5157
5157
5155
5154
5153
5152
5151
5150
5149
5148
5147
5145
5143
5143
5143
5142
5142
5141
5139
5138
5138
5137
5136
5135
5135
5133
5132
5130
5129
5129
5124
5123
5122
5121
5121
5121
5117
5116
5116
5115
5114
5114
5111
5111
5111
5110
5110
5109
5106
5105
5104
5104
5103
5101
5101
5100
5099
5098
5097
5097
5096
5096
5094
5094
5092
5091
5091
5090
5090
5090
5089
5087
5084
5083
5083
5081
5081
5079
5079
5078
5078
5077
5076
5076
5076
5075
5075
5073
5070
5069
5069
5069
5068
5067
5066
5066
5063
5063
5057
5056
5056
5055
5052
5052
5051
5050
5050
5048
5048
5047
5044
5042
5040
5039
5037
5036
5035
5035
5034
5034
5034
5031
5030
5030
5029
5029
5029
5027
5025
5025
5025
5024
5024
5024
5023
5022
5021
5021
5020
5019
5018
5017
5017
5017
5015
5014
5012
5012
5010
5010
5009
5008
5007
5006
5006
5006
5004
5004
5004
5003
5000
4999
4999
4999
4997
4996
4996
4995
4994
4994
4993
4993
4991
4991
4989
4988
4988
4986
4986
4986
4986
4984
4984
4983
4982
4980
4979
4979
4978
4978
4976
4976
4971
4970
4967
4966
4966
4965
4965
4963
4963
4961
4960
4960
4959
4957
4956
4956
4955
4952
4951
4951
4951
4951
4950
4950
4950
4950
4949
4947
4945
4942
4942
4942
4941
4938
4938
4938
4937
4936
4935
4935
4931
4929
4928
4928
4926
4925
4925
4924
4923
4921
4920
4920
4920
4919
4916
4914
4914
4914
4913
4912
4911
4910
4910
4909
4908
4905
4902
4902
4902
4899
4899
4898
4898
4897
4895
4894
4892
4892
4890
4890
4888
4886
4885
4883
4879
4879
4878
4877
4877
4876
4875
4873
4873
4872
4871
4869
4869
4865
4865
4863
4862
4860
4860
4859
4856
4855
4855
4854
4853
4853
4850
4849
4848
4845
4845
4844
4844
4843
4842
4842
4841
4841
4839
4839
4837
4837
4834
4834
4834
4834
4833
4832
4831
4830
4829
4829
4828
4823
4823
4823
4821
4818
4818
4817
4816
4816
4814
4811
4811
4810
4810
4806
4805
4805
4804
4802
4802
4802
4800
4800
4799
4799
4799
4799
4796
4793
4793
4792
4791
4791
4789
4788
4786
4785
4785
4784
4781
4779
4778
4778
4775
4773
4772
4771
4770
4769
4767
4766
4765
4764
4764
4763
4763
4762
4762
4762
4761
4760
4760
4758
4755
4754
4752
4752
4751
4750
4747
4745
4744
4743
4739
4737
4736
4734
4733
4733
4733
4732
4729
4729
4727
4726
4725
4724
4723
4722
4721
4720
4717
4716
4716
4716
4713
4712
4710
4710
4709
4709
4707
4707
4706
4705
4705
4704
4704
4703
4700
4700
4700
4699
4698
4698
4697
4697
4697
4696
4695
4694
4694
4694
4693
4692
4689
4687
4685
4683
4683
4682
4682
4681
4680
4679
4679
4679
4678
4677
4676
4676
4676
4674
4672
4672
4672
4671
4670
4669
4666
4666
4666
4665
4662
4662
4661
4660
4660
4659
4659
4656
4655
4653
4650
4650
4650
4649
4649
4647
4646
4645
4644
4643
4641
4641
4640
4640
4640
4640
4639
4639
4638
4638
4637
4635
4634
4632
4632
4631
4631
4629
4629
4629
4628
4628
4626
4625
4624
4623
4623
4620
4618
4618
4616
4616
4616
4616
4612
4612
4611
4611
4610
4609
4607
4606
4606
4606
4605
4605
4605
4604
4601
4601
4599
4599
4598
4597
4597
4597
4596
4595
4594
4593
4591
4591
4591
4589
4589
4587
4587
4586
4584
4584
4583
4583
4582
4579
4578
4578
4578
4577
4576
4576
4575
4574
4574
4572
4570
4566
4566
4564
4563
4561
4560
4560
4558
4557
4555
4554
4550
4550
4550
4547
4546
4546
4545
4545
4542
4542
4542
4541
4540
4540
4538
4538
4537
4536
4536
4535
4530
4530
4530
4528
4527
4526
4526
4526
4525
4525
4523
4522
4521
4519
4519
4519
4519
4517
4517
4516
4516
4516
4516
4514
4513
4512
4511
4508
4508
4505
4505
4503
4503
4502
4502
4501
4501
4501
4499
4497
4497
4495
4494
4494
4494
4494
4493
4492
4491
4490
4489
4489
4488
4486
4486
4486
4484
4484
4483
4479
4476
4475
4475
4472
4472
4472
4471
4470
4469
4469
4469
4468
4468
4467
4467
4465
4464
4461
4460
4454
4454
4454
4453
4453
4451
4450
4448
4446
4446
4445
4439
4439
4438
4437
4437
4436
4434
4434
4433
4432
4427
4425
4425
4424
4422
4421
4421
4421
4419
4419
4413
4412
4408
4407
4406
4404
4403
4402
4402
4399
4395
4394
4394
4387
4387
4386
4385
4384
4384
4384
4382
4381
4381
4381
4380
4380
4379
4376
4375
4372
4372
4372
4369
4367
4364
4363
4363
4362
4361
4360
4359
4359
4359
4359
4358
4358
4358
4358
4357
4353
4353
4351
4349
4349
4348
4347
4347
4346
4345
4345
4345
4343
4342
4342
4341
4339
4338
4337
4337
4336
4335
4335
4335
4334
4334
4333
4333
4332
4331
4330
4330
4329
4329
4329
4328
4328
4327
4327
4325
4325
4324
4323
4322
4322
4321
4320
4318
4317
4316
4315
4314
4313
4312
4311
4311
4309
4309
4309
4307
4306
4305
4304
4303
4303
4303
4302
4300
4300
4296
4295
4291
4291
4288
4287
4286
4286
4286
4286
4284
4284
4283
4282
4280
4280
4280
4279
4274
4273
4273
4273
4271
4270
4270
4268
4266
4266
4265
4265
4263
4260
4259
4258
4256
4256
4253
4252
4252
4247
4245
4245
4244
4244
4243
4241
4241
4241
4240
4240
4239
4238
4236
4235
4234
4233
4233
4233
4231
4230
4229
4228
4227
4226
4223
4223
4223
4222
4220
4219
4218
4218
4217
4217
4216
4216
4215
4215
4214
4212
4212
4212
4210
4210
4210
4209
4208
4205
4204
4202
4200
4198
4198
4198
4197
4194
4194
4193
4193
4193
4191
4190
4189
4189
4189
4188
4188
4187
4186
4185
4185
4185
4184
4184
4183
4182
4180
4177
4177
4176
4175
4172
4172
4172
4171
4171
4170
4169
4168
4167
4167
4166
4166
4165
4164
4163
4162
4160
4160
4160
4159
4157
4156
4156
4155
4154
4154
4152
4152
4149
4149
4148
4146
4145
4145
4141
4141
4140
4139
4138
4138
4138
4137
4133
4133
4132
4132
4131
4131
4130
4130
4129
4128
4128
4127
4127
4127
4126
4123
4123
4123
4122
4121
4121
4118
4117
4117
4117
4115
4114
4113
4113
4112
4110
4110
4110
4107
4106
4106
4104
4104
4103
4102
4101
4101
4099
4099
4098
4097
4096
4096
4096
4096
4094
4093
4091
4091
4090
4090
4090
4089
4088
4088
4087
4086
4084
4084
4083
4083
4081
4080
4078
4077
4077
4076
4074
4073
4073
4073
4073
4072
4072
4072
4071
4070
4068
4067
4067
4066
4066
4065
4064
4064
4064
4063
4062
4062
4062
4061
4061
4061
4059
4058
4058
4057
4055
4054
4054
4054
4052
4052
4051
4050
4050
4050
4047
4046
4046
4045
4045
4043
4042
4042
4037
4036
4036
4034
4033
4033
4033
4032
4031
4031
4029
4028
4027
4027
4027
4027
4027
4025
4025
4024
4023
4023
4022
4021
4020
4017
4017
4016
4016
4015
4013
4013
4012
4012
4010
4010
4009
4008
4008
4008
4007
4006
4005
4005
4004
4002
3999
3997
3997
3996
3995
3994
3993
3992
3989
3989
3987
3986
3985
3984
3984
3984
3982
3982
3982
3980
3975
3975
3975
3973
3972
3971
3971
3970
3970
3968
3966
3966
3966
3964
3960
3959
3957
3956
3954
3951
3951
3950
3950
3949
3949
3948
3946
3945
3944
3944
3940
3940
3940
3939
3939
3939
3939
3938
3938
3936
3934
3933
3932
3931
3930
3929
3926
3925
3925
3925
3925
3924
3924
3923
3923
3922
3922
3921
3920
3919
3916
3916
3916
3916
3915
3915
3914
3910
3909
3909
3906
3906
3905
3905
3902
3902
3901
3899
3899
3899
3897
3896
3895
3895
3895
3893
3893
3892
3891
3889
3888
3885
3884
3884
3884
3883
3880
3879
3879
3878
3877
3876
3875
3874
3874
3871
3871
3870
3869
3869
3868
3863
3862
3860
3860
3860
3859
3857
3854
3853
3853
3851
3849
3849
3849
3847
3846
3846
3845
3841
3838
3838
3837
3836
3835
3834
3834
3831
3830
3830
3830
3830
3829
3829
3828
3826
3823
3822
3822
3821
3820
3819
3818
3817
3816
3816
3816
3814
3814
3814
3813
3813
3812
3809
3808
3807
3805
3803
3803
3802
3798
3798
3796
3794
3792
3791
3791
3790
3790
3789
3788
3788
3788
3787
3785
3784
3784
3781
3780
3779
3779
3778
3777
3777
3771
3770
3770
3770
3768
3768
3768
3768
3767
3767
3767
3765
3764
3763
3763
3762
3762
3762
3761
3761
3760
3760
3759
3759
3758
3758
3757
3757
3756
3750
3749
3746
3745
3745
3744
3742
3741
3740
3738
3738
3737
3736
3736
3734
3734
3733
3733
3733
3732
3731
3731
3730
3729
3729
3728
3727
3726
3725
3725
3724
3724
3724
3723
3721
3720
3720
3719
3719
3717
3717
3717
3715
3715
3712
3710
3710
3710
3709
3706
3702
3702
3701
3701
3699
3698
3697
3697
3697
3694
3693
3693
3690
3690
3688
3688
3687
3684
3683
3682
3678
3677
3677
3675
3675
3675
3670
3670
3670
3668
3668
3667
3665
3665
3664
3664
3663
3662
3661
3659
3658
3658
3657
3657
3657
3656
3655
3654
3654
3653
3652
3652
3652
3650
3650
3650
3648
3646
3646
3644
3644
3641
3640
3637
3636
3635
3635
3634
3633
3633
3632
3631
3630
3629
3628
3627
3625
3624
3624
3623
3621
3617
3617
3616
3614
3612
3611
3609
3609
3609
3608
3608
3608
3608
3607
3607
3606
3606
3605
3604
3603
3603
3602
3602
3601
3600
3596
3595
3594
3593
3593
3593
3593
3592
3591
3590
3588
3586
3586
3585
3583
3583
3583
3583
3582
3582
3582
3581
3581
3581
3580
3580
3579
3578
3577
3573
3572
3572
3569
3569
3568
3568
3567
3567
3566
3564
3564
3563
3560
3560
3559
3558
3558
3558
3555
3555
3554
3554
3552
3550
3549
3548
3548
3548
3547
3546
3545
3543
3543
3543
3542
3541
3540
3536
3534
3533
3533
3531
3531
3529
3529
3526
3526
3526
3523
3522
3521
3520
3519
3518
3516
3516
3515
3515
3514
3513
3513
3513
3512
3512
3511
3508
3506
3506
3504
3503
3501
3498
3497
3496
3496
3495
3493
3492
3489
3488
3488
3487
3487
3484
3483
3482
3480
3479
3479
3478
3477
3477
3476
3476
3475
3474
3472
3472
3471
3467
3459
3456
3455
3455
3454
3453
3453
3452
3450
3449
3447
3445
3444
3444
3442
3441
3440
3439
3439
3436
3436
3433
3429
3429
3429
3428
3427
3426
3425
3424
3424
3419
3419
3418
3418
3417
3417
3417
3414
3414
3414
3413
3412
3411
3411
3410
3410
3410
3409
3406
3404
3404
3402
3401
3401
3401
3400
3400
3400
3400
3399
3394
3392
3392
3391
3390
3389
3389
3387
3387
3385
3384
3384
3379
3378
3376
3376
3375
3375
3375
3375
3375
3374
3374
3372
3371
3370
3370
3369
3368
3368
3367
3365
3365
3363
3361
3360
3360
3360
3359
3356
3356
3355
3354
3353
3351
3349
3347
3346
3346
3345
3344
3344
3343
3341
3340
3340
3340
3340
3339
3338
3336
3334
3334
3334
3333
3333
3333
3330
3328
3328
3325
3325
3324
3323
3319
3319
3317
3316
3316
3316
3311
3310
3310
3310
3310
3310
3310
3308
3308
3308
3305
3305
3303
3302
3301
3299
3298
3297
3296
3296
3294
3293
3291
3290
3290
3289
3289
3286
3286
3286
3286
3285
3284
3282
3281
3280
3278
3278
3277
3276
3276
3275
3273
3273
3272
3272
3270
3267
3266
3266
3266
3265
3265
3264
3263
3263
3262
3262
3261
3261
3259
3258
3258
3257
3256
3254
3253
3253
3252
3251
3249
3248
3247
3246
3243
3243
3240
3239
3239
3239
3238
3236
3235
3235
3234
3234
3232
3232
3229
3228
3227
3227
3225
3224
3224
3222
3221
3220
3219
3218
3218
3215
3213
3213
3212
3209
3209
3207
3207
3206
3205
3203
3203
3203
3201
3201
3201
3201
3197
3196
3192
3191
3188
3188
3188
3187
3187
3187
3186
3185
3185
3185
3184
3184
3184
3182
3180
3180
3178
3178
3178
3176
3175
3174
3174
3174
3173
3173
3172
3172
3171
3171
3170
3170
3169
3169
3169
3169
3169
3168
3168
3166
3163
3163
3161
3161
3160
3159
3158
3158
3157
3156
3156
3153
3153
3152
3151
3150
3148
3147
3146
3146
3141
3140
3139
3138
3138
3137
3137
3136
3135
3135
3134
3134
3133
3132
3132
3131
3131
3131
3130
3129
3126
3125
3122
3121
3121
3120
3119
3116
3116
3115
3113
3113
3113
3108
3108
3108
3108
3107
3107
3107
3107
3106
3106
3105
3105
3104
3103
3103
3102
3102
3100
3099
3099
3098
3096
3096
3095
3094
3093
3092
3091
3090
3090
3088
3086
3082
3080
3078
3075
3075
3074
3073
3071
3070
3069
3069
3068
3066
3065
3064
3063
3063
3062
3061
3060
3060
3060
3059
3058
3058
3055
3054
3052
3052
3051
3049
3049
3048
3043
3043
3041
3040
3040
3039
3038
3038
3036
3035
3034
3034
3033
3032
3031
3030
3029
3027
3026
3022
3021
3019
3018
3016
3015
3013
3012
3010
3010
3009
3008
3007
3007
3005
3004
3004
3003
3002
3001
3001
3001
3001
3000
3000
2997
2994
2994
2993
2993
2992
2992
2991
2989
2989
2986
2985
2983
2980
2977
2976
2975
2974
2972
2971
2970
2970
2970
2970
2969
2969
2968
2968
2967
2965
2963
2962
2961
2959
2958
2958
2958
2957
2956
2955
2955
2954
2954
2954
2953
2952
2952
2951
2950
2949
2949
2949
2947
2947
2945
2944
2944
2943
2943
2940
2940
2940
2940
2940
2939
2939
2937
2936
2934
2932
2929
2928
2927
2927
2926
2926
2922
2922
2921
2920
2920
2920
2920
2919
2918
2917
2916
2916
2915
2914
2913
2913
2913
2912
2910
2909
2909
2908
2907
2906
2904
2904
2902
2901
2900
2900
2900
2899
2898
2896
2896
2893
2893
2889
2889
2888
2887
2885
2884
2884
2883
2882
2881
2878
2878
2874
2873
2872
2870
2870
2870
2870
2870
2867
2866
2865
2865
2864
2862
2861
2860
2860
2860
2859
2858
2858
2858
2858
2857
2856
2855
2854
2850
2850
2849
2848
2848
2848
2847
2847
2845
2845
2842
2842
2841
2841
2841
2840
2837
2837
2836
2836
2835
2834
2832
2831
2830
2830
2830
2830
2827
2827
2826
2826
2825
2823
2823
2822
2820
2819
2818
2817
2817
2816
2815
2813
2812
2812
2812
2811
2811
2810
2810
2810
2807
2807
2805
2804
2802
2802
2801
2801
2799
2795
2794
2793
2793
2792
2792
2789
2786
2785
2785
2784
2783
2783
2782
2782
2782
2781
2781
2779
2777
2777
2776
2775
2775
2771
2771
2764
2763
2761
2761
2760
2760
2760
2759
2759
2759
2759
2759
2759
2758
2756
2756
2755
2752
2752
2751
2750
2748
2748
2747
2745
2745
2744
2744
2743
2741
2738
2736
2735
2735
2734
2733
2731
2727
2726
2726
2725
2723
2722
2722
2721
2721
2720
2718
2717
2717
2717
2713
2711
2710
2710
2710
2710
2706
2706
2705
2703
2702
2701
2701
2700
2700
2700
2700
2697
2696
2696
2695
2691
2688
2688
2687
2686
2683
2682
2682
2681
2678
2677
2675
2675
2674
2674
2672
2671
2670
2665
2665
2665
2663
2661
2660
2660
2659
2657
2657
2656
2655
2655
2654
2654
2652
2649
2649
2647
2646
2646
2646
2646
2644
2644
2644
2642
2641
2641
2640
2640
2639
2638
2637
2637
2635
2634
2634
2632
2630
2628
2628
2628
2628
2627
2627
2626
2625
2621
2620
2619
2618
2618
2617
2616
2614
2612
2612
2612
2611
2610
2610
2610
2610
2610
2608
2607
2607
2607
2606
2602
2602
2601
2601
2600
2598
2593
2589
2589
2587
2587
2586
2586
2585
2585
2585
2580
2580
2579
2578
2577
2576
2576
2576
2575
2575
2574
2573
2572
2571
2571
2569
2568
2568
2568
2568
2567
2566
2566
2565
2565
2561
2559
2559
2556
2555
2554
2554
2551
2549
2548
2547
2547
2546
2546
2543
2542
2541
2539
2539
2539
2539
2539
2538
2537
2537
2536
2535
2535
2535
2534
2532
2531
2531
2530
2529
2529
2526
2525
2525
2525
2524
2524
2521
2520
2519
2518
2518
2518
2516
2513
2509
2507
2506
2506
2504
2503
2503
2502
2502
2502
2499
2497
2496
2495
2493
2492
2491
2491
2491
2490
2490
2490
2489
2489
2489
2489
2488
2488
2487
2486
2484
2483
2481
2481
2481
2480
2479
2477
2477
2476
2476
2475
2474
2473
2472
2472
2470
2469
2466
2465
2464
2463
2462
2461
2460
2456
2455
2455
2455
2454
2454
2453
2452
2450
2449
2447
2446
2444
2444
2443
2442
2442
2441
2440
2438
2436
2435
2433
2433
2433
2432
2431
2430
2430
2429
2429
2428
2427
2426
2425
2424
2424
2422
2422
2418
2417
2416
2415
2415
2414
2412
2410
2409
2408
2407
2406
2405
2405
2405
2404
2402
2401
2399
2399
2398
2397
2397
2396
2395
2394
2393
2393
2393
2390
2390
2390
2390
2390
2385
2378
2377
2376
2376
2375
2375
2374
2374
2373
2373
2372
2372
2371
2371
2367
2367
2365
2365
2364
2363
2362
2362
2361
2360
2358
2358
2357
2357
2356
2352
2352
2352
2350
2350
2350
2350
2349
2347
2346
2346
2345
2344
2343
2342
2342
2342
2341
2341
2340
2340
2340
2338
2338
2337
2337
2337
2336
2336
2335
2334
2333
2333
2329
2328
2328
2328
2327
2327
2324
2324
2322
2321
2321
2320
2320
2320
2320
2319
2319
2318
2317
2317
2315
2314
2311
2310
2308
2308
2308
2307
2306
2305
2304
2304
2301
2301
2299
2297
2297
2296
2296
2296
2295
2294
2294
2294
2292
2292
2292
2289
2289
2289
2288
2284
2284
2283
2282
2281
2280
2280
2279
2278
2278
2278
2277
2274
2273
2272
2271
2269
2268
2267
2267
2265
2262
2261
2261
2261
2261
2259
2259
2257
2254
2253
2252
2251
2251
2250
2248
2246
2245
2242
2242
2241
2241
2240
2238
2236
2236
2235
2233
2230
2230
2229
2229
2226
2226
2224
2224
2223
2221
2221
2221
2220
2220
2219
2219
2218
2218
2217
2214
2213
2212
2211
2211
2211
2210
2210
2209
2208
2206
2205
2203
2202
2200
2197
2196
2195
2195
2195
2194
2193
2191
2190
2188
2187
2186
2186
2185
2185
2185
2185
2184
2184
2184
2181
2181
2181
2179
2179
2179
2176
2176
2175
2175
2174
2171
2171
2170
2169
2169
2168
2167
2166
2166
2163
2163
2163
2160
2160
2159
2156
2156
2155
2155
2155
2153
2152
2149
2148
2147
2144
2144
2143
2143
2143
2143
2143
2142
2142
2142
2141
2141
2140
2140
2139
2138
2138
2138
2137
2136
2136
2135
2134
2132
2131
2130
2129
2129
2128
2128
2128
2124
2124
2122
2121
2121
2120
2116
2116
2115
2114
2113
2112
2112
2112
2112
2111
2109
2108
2107
2107
2106
2106
2106
2104
2103
2102
2099
2099
2099
2098
2096
2095
2093
2093
2091
2091
2089
2089
2089
2089
2089
2087
2087
2086
2085
2085
2083
2079
2078
2077
2076
2076
2076
2075
2073
2073
2073
2072
2071
2070
2069
2069
2068
2067
2067
2067
2067
2063
2062
2061
2059
2058
2057
2057
2056
2055
2055
2054
2052
2052
2049
2048
2048
2046
2044
2044
2044
2041
2040
2040
2040
2039
2036
2035
2035
2034
2034
2033
2032
2031
2031
2029
2028
2027
2027
2026
2025
2025
2025
2024
2022
2021
2021
2020
2019
2016
2014
2012
2012
2011
2009
2009
2009
2007
2007
2006
2006
2006
2005
2002
2001
2000
1999
1999
1998
1997
1997
1996
1996
1994
1994
1993
1992
1990
1989
1989
1988
1988
1984
1984
1983
1982
1981
1980
1980
1979
1976
1975
1973
1973
1971
1971
1971
1971
1971
1968
1967
1967
1965
1963
1962
1962
1962
1961
1960
1957
1956
1954
1953
1951
1951
1950
1950
1950
1950
1948
1947
1945
1945
1944
1942
1941
1939
1937
1937
1936
1936
1934
1934
1933
1932
1932
1931
1929
1928
1926
1925
1924
1923
1923
1923
1922
1922
1922
1921
1921
1921
1920
1920
1919
1919
1918
1918
1917
1914
1913
1912
1912
1911
1911
1911
1910
1910
1909
1909
1909
1909
1908
1905
1904
1902
1902
1901
1900
1899
1897
1897
1895
1895
1895
1894
1892
1891
1891
1889
1888
1887
1887
1886
1885
1884
1884
1884
1883
1883
1881
1877
1877
1877
1875
1873
1873
1873
1873
1872
1870
1867
1867
1867
1866
1865
1864
1861
1861
1860
1859
1859
1859
1858
1857
1855
1855
1855
1853
1852
1852
1851
1851
1851
1850
1848
1847
1846
1844
1843
1842
1840
1838
1837
1837
1837
1834
1833
1833
1832
1832
1832
1832
1831
1831
1831
1830
1830
1829
1829
1829
1828
1827
1827
1826
1825
1821
1820
1819
1819
1819
1818
1817
1816
1815
1815
1815
1814
1814
1814
1813
1812
1808
1808
1808
1807
1807
1806
1805
1803
1803
1801
1800
1799
1798
1798
1797
1796
1795
1795
1792
1791
1789
1789
1788
1787
1785
1783
1783
1783
1778
1775
1774
1773
1770
1770
1770
1769
1768
1768
1764
1759
1758
1758
1757
1756
1756
1755
1753
1753
1752
1750
1749
1746
1746
1744
1744
1744
1743
1742
1742
1741
1737
1736
1734
1734
1734
1732
1732
1731
1731
1731
1731
1729
1729
1728
1727
1726
1725
1724
1724
1723
1722
1721
1720
1720
1719
1718
1718
1717
1715
1714
1714
1714
1714
1713
1713
1712
1712
1711
1710
1709
1709
1708
1707
1706
1704
1704
1704
1704
1703
1703
1703
1702
1699
1698
1696
1694
1693
1691
1691
1690
1689
1688
1688
1687
1684
1683
1682
1681
1681
1680
1680
1678
1677
1677
1676
1675
1674
1674
1672
1671
1670
1670
1669
1667
1667
1666
1666
1665
1664
1664
1664
1662
1662
1661
1660
1659
1658
1657
1657
1656
1656
1656
1655
1654
1652
1651
1650
1650
1648
1647
1645
1643
1641
1640
1638
1638
1638
1637
1636
1635
1634
1633
1631
1631
1630
1627
1627
1627
1622
1621
1620
1620
1619
1617
1616
1612
1611
1610
1609
1609
1609
1609
1607
1606
1604
1604
1603
1602
1602
1602
1602
1601
1600
1600
1599
1598
1594
1594
1593
1593
1592
1591
1590
1590
1589
1587
1587
1586
1586
1584
1584
1583
1583
1582
1581
1579
1577
1574
1573
1571
1570
1570
1569
1566
1565
1565
1564
1562
1562
1562
1559
1558
1558
1557
1556
1555
1553
1553
1552
1552
1552
1550
1550
1550
1550
1550
1550
1550
1548
1548
1548
1546
1546
1544
1543
1543
1543
1542
1542
1542
1541
1541
1541
1540
1539
1538
1537
1536
1534
1533
1533
1533
1532
1531
1530
1529
1527
1526
1525
1524
1523
1523
1523
1522
1520
1517
1517
1516
1515
1513
1510
1509
1509
1508
1508
1508
1507
1507
1507
1503
1502
1498
1496
1492
1490
1490
1488
1488
1486
1485
1484
1483
1483
1482
1473
1472
1472
1471
1471
1471
1470
1470
1469
1469
1468
1467
1466
1466
1464
1462
1462
1462
1461
1459
1455
1455
1453
1453
1450
1450
1449
1449
1448
1445
1444
1442
1441
1440
1438
1436
1436
1434
1434
1432
1432
1430
1430
1428
1426
1424
1424
1424
1420
1419
1416
1416
1415
1414
1413
1412
1410
1410
1409
1408
1408
1407
1407
1407
1406
1403
1402
1402
1402
1401
1399
1399
1398
1398
1397
1397
1396
1391
1390
1389
1389
1387
1382
1382
1381
1381
1381
1379
1378
1378
1377
1377
1377
1376
1375
1374
1374
1374
1372
1370
1369
1369
1368
1367
1367
1366
1365
1365
1365
1364
1363
1362
1362
1361
1361
1360
1360
1360
1359
1358
1357
1356
1356
1355
1353
1352
1348
1346
1345
1345
1340
1338
1336
1335
1334
1334
1333
1331
1331
1330
1330
1330
1329
1327
1326
1326
1323
1323
1322
1320
1320
1320
1318
1317
1317
1317
1316
1316
1316
1312
1312
1311
1311
1310
1310
1308
1306
1306
1305
1301
1300
1299
1299
1298
1297
1296
1296
1294
1294
1289
1289
1288
1288
1288
1287
1287
1285
1283
1281
1281
1281
1280
1279
1279
1278
1277
1276
1275
1274
1272
1271
1270
1269
1267
1262
1262
1259
1257
1256
1256
1254
1253
1252
1252
1251
1250
1250
1249
1249
1249
1248
1248
1247
1247
1246
1245
1244
1240
1237
1236
1236
1235
1235
1234
1234
1232
1230
1230
1226
1223
1223
1222
1222
1222
1222
1221
1219
1219
1216
1216
1215
1214
1213
1212
1211
1211
1209
1209
1208
1206
1206
1203
1203
1202
1202
1202
1201
1200
1199
1198
1197
1195
1193
1191
1189
1188
1187
1185
1184
1183
1182
1182
1181
1180
1180
1179
1176
1175
1174
1173
1172
1171
1170
1169
1166
1166
1164
1163
1162
1160
1159
1159
1158
1158
1158
1156
1156
1155
1155
1153
1149
1148
1147
1146
1144
1140
1139
1137
1136
1136
1133
1133
1131
1130
1129
1129
1128
1127
1126
1125
1124
1124
1123
1122
1121
1120
1120
1119
1116
1116
1115
1115
1114
1114
1113
1113
1111
1111
1107
1106
1106
1101
1101
1100
1100
1099
1099
1098
1097
1097
1097
1095
1095
1094
1092
1091
1091
1090
1089
1088
1087
1086
1086
1086
1086
1085
1081
1080
1079
1079
1079
1079
1079
1077
1074
1072
1072
1072
1072
1072
1071
1070
1070
1067
1066
1063
1063
1062
1061
1061
1060
1058
1058
1058
1058
1057
1056
1056
1055
1055
1054
1054
1053
1053
1052
1051
1051
1048
1047
1045
1043
1042
1038
1038
1038
1037
1036
1036
1035
1034
1034
1033
1032
1032
1031
1031
1029
1029
1029
1028
1027
1026
1025
1021
1021
1020
1020
1014
1014
1013
1009
1009
1009
1008
1006
1006
1005
1005
1004
1003
1003
1002
1001
999
997
997
997
997
996
995
994
994
993
993
992
992
992
992
992
991
991
990
989
989
987
985
985
985
984
983
980
979
979
978
977
974
973
971
971
970
970
969
969
968
968
965
965
964
964
964
963
962
961
960
958
958
957
956
956
954
952
952
952
952
952
951
951
950
949
949
948
948
946
945
944
943
942
941
941
940
939
938
938
935
933
933
930
930
930
929
928
928
927
927
927
926
926
925
925
923
923
921
921
921
920
920
919
919
919
918
917
915
914
909
909
908
908
908
907
898
898
895
895
895
894
891
891
891
890
888
888
887
885
885
882
882
880
878
877
875
873
871
870
870
867
866
865
865
864
861
860
859
857
855
853
850
850
849
849
846
846
845
844
842
842
841
840
840
839
839
839
839
837
837
837
837
837
837
836
833
830
829
828
827
827
826
826
823
822
817
816
816
815
811
811
810
809
807
804
801
800
799
799
797
797
795
792
790
789
787
786
784
784
784
783
782
781
781
780
779
779
778
776
773
772
772
771
770
769
767
766
765
764
762
762
761
760
759
758
757
756
756
755
753
753
751
751
750
749
749
748
747
747
745
745
743
742
742
739
736
736
736
735
733
733
730
729
729
729
729
727
726
725
725
722
721
720
720
720
719
718
718
717
717
713
711
710
710
709
709
705
704
704
703
701
701
701
700
700
699
698
698
697
696
692
688
688
686
685
682
681
674
673
671
670
670
669
668
667
667
666
662
662
660
659
659
659
659
658
657
657
656
656
654
653
653
653
652
651
650
650
648
647
645
645
645
643
643
641
641
640
640
640
638
638
637
634
633
632
632
632
632
630
629
629
629
628
628
627
626
626
625
623
623
623
622
621
618
617
615
615
614
613
613
612
612
610
609
603
601
601
600
600
600
600
600
599
599
599
598
598
598
597
595
595
595
593
591
591
590
590
587
587
587
587
586
585
585
585
583
581
581
580
579
579
579
576
576
576
575
572
572
571
570
570
570
569
568
568
566
565
563
562
560
559
559
557
554
553
551
550
547
547
546
546
544
543
543
543
541
540
538
535
534
532
532
531
530
529
528
528
527
526
526
525
525
524
523
522
522
522
519
517
516
516
512
512
512
512
510
510
507
507
506
505
504
504
503
501
501
500
498
495
495
494
492
490
489
488
487
487
486
485
483
483
481
480
478
477
474
474
473
472
471
470
470
470
467
467
464
464
464
463
462
460
460
457
456
456
456
453
450
449
449
447
446
446
445
442
442
441
437
436
436
435
435
434
427
426
425
424
424
423
422
421
421
420
419
419
419
418
418
417
416
416
415
415
413
411
410
410
408
408
408
408
408
408
408
406
405
405
404
404
404
403
402
402
402
401
400
399
399
399
399
398
397
396
396
395
395
395
394
394
394
390
389
389
388
388
387
386
386
385
385
384
384
383
383
383
383
382
382
381
381
379
378
378
377
377
377
375
374
373
373
372
371
369
369
369
367
366
366
365
365
365
364
364
363
361
360
359
355
354
353
351
351
350
350
349
348
347
347
343
342
340
340
338
337
335
334
334
331
329
328
327
327
326
319
319
318
317
315
314
313
312
308
307
307
307
306
305
305
302
302
301
301
301
300
300
300
300
299
298
297
294
292
292
290
290
289
288
287
284
282
280
280
280
279
276
273
270
270
270
269
267
264
264
261
261
261
261
260
256
255
255
255
254
253
253
253
252
252
251
250
249
249
249
245
244
242
241
240
239
239
239
237
236
235
235
233
233
232
232
231
231
230
226
225
223
222
221
221
220
217
216
215
211
210
209
209
208
206
203
203
202
201
199
198
198
198
197
194
193
192
192
191
190
189
189
187
187
186
184
183
182
181
179
179
177
177
176
176
175
175
174
173
172
172
172
171
171
171
171
169
168
168
168
167
166
165
164
164
162
160
159
159
158
156
155
153
152
151
150
150
150
149
148
147
144
142
142
142
141
141
140
139
139
135
134
134
133
132
131
129
128
127
126
124
124
124
120
120
119
119
117
116
115
113
112
109
108
108
108
107
107
106
106
106
104
103
103
103
102
102
98
95
94
94
92
92
92
89
89
86
86
86
85
85
84
83
83
81
78
77
75
75
74
73
72
70
68
66
65
62
61
60
60
60
60
57
57
57
55
54
54
54
53
53
51
51
50
49
48
47
47
47
46
45
45
44
43
43
42
39
39
39
38
37
35
35
34
34
33
33
33
32
30
29
28
27
25
24
21
20
20
19
17
15
14
14
12
9
7
7
7
6
5
4
