9999
9998
9997
9996
9996
9993
9991
9991
9988
9988
9987
9987
9986
9985
9983
9982
9981
9980
9980
9979
9977
9976
9976
9976
9975
9975
9975
9975
9974
9969
9969
9966
9966
9966
9966
9965
9964
9960
9960
9960
9959
9959
9959
9959
9957
9955
9954
9954
9954
9953
9952
9950
9950
9950
9949
9948
9948
9947
9945
9944
9944
9944
9944
9943
9943
9942
9940
9939
9936
9936
9936
9934
9933
9933
9932
9932
9931
9930
9930
9929
9929
9928
9927
9927
9926
9925
9924
9924
9923
9923
9921
9920
9920
9920
9917
9916
9915
9914
9913
9913
9912
9911
9910
9908
9906
9905
9905
9904
9902
9899
9898
9896
9896
9896
9895
9894
9894
9891
9891
9891
9891
9890
9888
9888
9887
9887
9886
9886
9885
9884
9884
9883
9882
9880
9880
9878
9877
9877
9876
9874
9873
9872
9872
9870
9869
9869
9869
9868
9868
9867
9867
9866
9866
9865
9864
9862
9861
9861
9860
9860
9860
9860
9859
9858
9858
9857
9856
9855
9855
9855
9854
9854
9853
9853
9852
9850
9850
9850
9849
9849
9848
9848
9844
9843
9842
9842
9841
9839
9838
9838
9836
9836
9835
9833
9833
9831
9831
9830
9829
9829
9829
9829
9828
9828
9828
9827
9827
9826
9826
9825
9825
9823
9821
9821
9820
9820
9819
9819
9818
9817
9817
9814
9813
9813
9811
9811
9811
9809
9809
9809
9808
9807
9806
9806
9804
9803
9803
9803
9803
9803
9803
9801
9800
9800
9800
9800
9799
9797
9797
9795
9795
9794
9793
9793
9791
9790
9790
9789
9789
9789
9788
9787
9787
9786
9785
9785
9784
9783
9782
9779
9778
9778
9777
9777
9777
9776
9776
9774
9774
9773
9773
9773
9772
9771
9769
9769
9768
9766
9764
9763
9763
9762
9760
9757
9757
9754
9753
9751
9748
9747
9746
9746
9745
9743
9742
9742
9741
9741
9740
9740
9738
9737
9736
9736
9735
9735
9734
9732
9727
9726
9725
9724
9722
9722
9721
9719
9719
9718
9716
9715
9713
9712
9711
9711
9710
9707
9706
9706
9706
9705
9704
9703
9703
9703
9701
9701
9699
9696
9695
9694
9694
9692
9692
9690
9688
9687
9686
9686
9685
9685
9684
9684
9682
9682
9681
9681
9681
9680
9680
9680
9679
9678
9678
9677
9677
9674
9673
9671
9669
9669
9668
9668
9667
9664
9664
9663
9663
9661
9658
9658
9657
9656
9655
9655
9654
9652
9651
9651
9651
9650
9649
9647
9643
9643
9642
9642
9640
9636
9635
9634
9631
9631
9631
9630
9627
9627
9625
9624
9624
9623
9623
9622
9621
9620
9620
9619
9619
9618
9617
9616
9616
9614
9614
9613
9613
9608
9608
9607
9606
9606
9605
9605
9603
9599
9597
9597
9596
9596
9595
9595
9595
9594
9592
9590
9589
9588
9587
9587
9587
9586
9585
9585
9582
9581
9580
9579
9577
9577
9575
9575
9574
9573
9573
9572
9571
9571
9568
9566
9566
9565
9565
9565
9565
9564
9563
9563
9562
9561
9560
9559
9558
9557
9557
9555
9554
9551
9551
9546
9546
9546
9545
9545
9542
9541
9541
9541
9540
9539
9539
9539
9539
9537
9536
9535
9533
9532
9532
9532
9531
9530
9528
9527
9527
9527
9525
9525
9525
9524
9523
9523
9520
9518
9517
9517
9515
9515
9514
9514
9514
9513
9513
9512
9511
9511
9509
9507
9507
9505
9504
9504
9502
9500
9500
9499
9498
9495
9495
9494
9490
9490
9489
9488
9487
9483
9482
9482
9482
9480
9480
9480
9478
9478
9476
9474
9473
9471
9469
9469
9468
9467
9466
9466
9464
9461
9458
9458
9457
9457
9456
9456
9455
9455
9454
9454
9454
9453
9453
9452
9451
9451
9448
9446
9445
9444
9444
9442
9440
9439
9435
9435
9434
9434
9431
9431
9429
9427
9426
9426
9425
9424
9421
9421
9416
9416
9416
9413
9411
9411
9410
9409
9409
9408
9405
9404
9404
9402
9402
9401
9401
9400
9400
9399
9397
9396
9394
9394
9393
9391
9389
9389
9387
9387
9386
9384
9381
9381
9380
9379
9379
9379
9379
9378
9378
9378
9376
9375
9375
9375
9374
9373
9371
9371
9371
9369
9369
9367
9366
9365
9364
9364
9364
9362
9361
9360
9360
9357
9355
9351
9351
9349
9348
9348
9348
9347
9347
9346
9345
9345
9343
9342
9341
9340
9339
9339
9336
9335
9334
9334
9333
9333
9333
9332
9328
9328
9328
9325
9325
9323
9322
9321
9318
9317
9317
9316
9315
9314
9310
9308
9308
9307
9306
9304
9302
9301
9300
9299
9299
9299
9298
9296
9296
9294
9294
9294
9293
9293
9293
9293
9290
9290
9288
9287
9285
9283
9283
9283
9279
9277
9276
9275
9275
9273
9271
9271
9271
9270
9270
9268
9267
9265
9264
9264
9263
9263
9261
9260
9260
9260
9259
9257
9256
9255
9255
9255
9251
9251
9250
9250
9249
9249
9248
9247
9247
9247
9245
9244
9242
9242
9241
9241
9240
9240
9239
9237
9237
9236
9234
9232
9232
9231
9229
9229
9228
9228
9224
9223
9222
9217
9216
9215
9214
9213
9213
9213
9213
9211
9211
9210
9209
9209
9208
9204
9203
9203
9203
9203
9202
9200
9198
9196
9195
9194
9194
9193
9193
9193
9192
9192
9191
9190
9189
9188
9187
9187
9187
9185
9185
9183
9182
9179
9176
9175
9174
9174
9173
9172
9171
9171
9171
9168
9168
9167
9164
9161
9161
9160
9160
9159
9158
9157
9155
9154
9151
9150
9148
9147
9147
9147
9145
9144
9143
9142
9141
9141
9140
9139
9138
9137
9135
9134
9134
9134
9134
9134
9133
9132
9131
9130
9130
9126
9124
9124
9122
9122
9120
9120
9118
9118
9116
9116
9115
9113
9111
9111
9110
9110
9108
9108
9108
9107
9107
9101
9099
9099
9096
9095
9095
9095
9095
9095
9095
9093
9093
9093
9092
9092
9090
9088
9088
9087
9085
9084
9081
9081
9081
9080
9079
9075
9073
9073
9072
9070
9068
9067
9065
9064
9064
9061
9059
9059
9059
9059
9059
9059
9058
9058
9055
9053
9053
9052
9052
9052
9052
9051
9050
9050
9050
9049
9048
9047
9046
9046
9043
9043
9041
9041
9041
9039
9039
9038
9038
9038
9037
9037
9036
9034
9034
9034
9034
9033
9032
9032
9029
9028
9025
9025
9024
9024
9024
9023
9022
9021
9021
9020
9018
9018
9017
9016
9016
9014
9013
9012
9010
9009
9009
9007
9007
9006
9005
9003
9002
8999
8999
8998
8997
8994
8993
8993
8991
8991
8989
8989
8988
8987
8986
8986
8985
8985
8984
8983
8982
8982
8980
8977
8975
8975
8974
8973
8973
8972
8972
8971
8969
8968
8966
8965
8965
8960
8960
8960
8959
8957
8956
8954
8954
8954
8952
8951
8950
8949
8949
8948
8948
8946
8946
8943
8942
8942
8941
8941
8940
8939
8939
8939
8936
8935
8934
8933
8932
8932
8928
8927
8926
8925
8924
8922
8921
8921
8921
8921
8920
8920
8919
8919
8918
8918
8917
8917
8917
8916
8913
8912
8912
8911
8910
8910
8909
8909
8908
8907
8906
8904
8903
8903
8900
8899
8899
8899
8898
8896
8896
8895
8894
8893
8892
8892
8891
8890
8889
8889
8888
8887
8886
8886
8885
8885
8884
8883
8882
8881
8879
8879
8879
8877
8876
8875
8875
8875
8875
8875
8874
8874
8874
8870
8869
8869
8867
8866
8863
8862
8861
8860
8857
8856
8855
8854
8854
8853
8853
8850
8849
8849
8849
8848
8845
8845
8845
8845
8843
8843
8842
8841
8841
8841
8840
8839
8838
8838
8838
8837
8837
8836
8836
8836
8836
8833
8831
8831
8830
8830
8828
8828
8825
8825
8824
8824
8822
8822
8820
8820
8820
8820
8819
8818
8818
8818
8817
8817
8816
8816
8815
8814
8812
8812
8811
8811
8809
8809
8807
8807
8806
8804
8804
8801
8800
8799
8799
8798
8797
8796
8795
8794
8794
8793
8790
8789
8786
8785
8785
8784
8783
8782
8779
8779
8777
8775
8773
8772
8772
8771
8770
8770
8769
8768
8767
8767
8766
8765
8764
8764
8764
8763
8761
8761
8760
8757
8757
8756
8755
8755
8753
8753
8753
8752
8752
8752
8749
8748
8748
8747
8747
8743
8740
8737
8735
8733
8733
8732
8732
8732
8731
8730
8730
8729
8728
8727
8726
8725
8725
8724
8723
8723
8722
8721
8721
8720
8720
8718
8717
8716
8715
8715
8714
8713
8710
8710
8709
8709
8709
8706
8704
8703
8702
8698
8697
8695
8695
8694
8693
8693
8692
8692
8691
8691
8690
8689
8686
8685
8684
8683
8683
8682
8682
8681
8679
8679
8678
8678
8677
8673
8672
8672
8672
8672
8671
8671
8670
8670
8670
8670
8669
8668
8668
8667
8666
8665
8665
8663
8663
8663
8661
8660
8658
8657
8656
8656
8655
8655
8654
8654
8652
8652
8651
8651
8649
8649
8648
8648
8646
8645
8644
8642
8642
8642
8641
8640
8639
8638
8636
8636
8634
8631
8631
8630
8630
8630
8629
8628
8627
8626
8625
8625
8624
8623
8623
8620
8620
8620
8619
8619
8618
8616
8616
8616
8616
8614
8613
8613
8612
8610
8609
8609
8608
8606
8605
8604
8602
8602
8601
8600
8599
8597
8596
8595
8593
8592
8592
8592
8592
8591
8591
8591
8590
8590
8590
8589
8586
8586
8586
8585
8580
8580
8580
8579
8579
8574
8573
8572
8571
8569
8566
8564
8564
8564
8563
8562
8558
8558
8557
8557
8552
8550
8550
8550
8550
8549
8549
8548
8547
8547
8546
8545
8545
8544
8543
8543
8542
8541
8540
8540
8539
8538
8537
8536
8536
8536
8533
8533
8532
8530
8529
8527
8527
8524
8524
8523
8523
8521
8520
8520
8516
8515
8515
8512
8510
8509
8507
8506
8505
8503
8502
8502
8501
8500
8500
8499
8498
8497
8497
8497
8496
8493
8492
8492
8490
8489
8489
8488
8486
8486
8485
8485
8482
8480
8480
8480
8479
8477
8477
8477
8476
8476
8475
8473
8471
8470
8469
8468
8467
8465
8465
8465
8464
8463
8463
8462
8462
8461
8461
8461
8460
8460
8455
8454
8453
8453
8452
8450
8446
8443
8442
8440
8440
8440
8440
8438
8438
8438
8436
8435
8435
8433
8433
8433
8432
8431
8431
8430
8429
8428
8427
8425
8423
8421
8420
8420
8419
8415
8414
8413
8411
8409
8406
8405
8405
8405
8405
8402
8402
8401
8400
8398
8397
8397
8396
8395
8395
8394
8394
8394
8392
8392
8390
8389
8388
8388
8386
8385
8385
8383
8382
8382
8382
8382
8381
8381
8379
8379
8378
8377
8377
8376
8373
8372
8368
8368
8368
8367
8367
8367
8366
8364
8362
8361
8360
8360
8358
8358
8357
8356
8355
8355
8355
8355
8355
8354
8354
8354
8354
8353
8353
8352
8351
8351
8351
8350
8348
8348
8348
8348
8347
8347
8347
8347
8345
8345
8342
8339
8339
8338
8338
8337
8336
8335
8334
8332
8328
8328
8325
8324
8324
8316
8315
8312
8311
8310
8309
8308
8307
8306
8306
8305
8305
8304
8304
8303
8303
8303
8302
8302
8300
8298
8298
8297
8296
8295
8295
8295
8294
8294
8294
8293
8293
8293
8290
8290
8290
8289
8289
8288
8286
8284
8284
8283
8283
8282
8282
8280
8280
8279
8278
8278
8277
8276
8275
8275
8275
8271
8270
8265
8261
8260
8259
8258
8258
8256
8255
8254
8251
8250
8248
8245
8236
8235
8235
8235
8235
8235
8234
8231
8231
8231
8231
8228
8228
8227
8227
8226
8221
8221
8219
8219
8217
8214
8212
8212
8211
8209
8208
8208
8206
8205
8205
8205
8204
8204
8203
8202
8201
8200
8199
8195
8193
8192
8190
8189
8188
8187
8187
8187
8185
8184
8183
8182
8182
8180
8179
8176
8175
8173
8170
8166
8166
8166
8166
8166
8164
8164
8164
8163
8162
8159
8158
8158
8156
8156
8152
8152
8152
8151
8146
8146
8145
8145
8144
8141
8138
8138
8137
8136
8136
8135
8134
8132
8132
8130
8129
8128
8128
8128
8128
8127
8127
8126
8125
8124
8123
8123
8122
8121
8120
8120
8120
8117
8117
8114
8114
8113
8113
8112
8111
8109
8109
8109
8108
8108
8107
8106
8106
8106
8105
8102
8102
8101
8098
8098
8098
8097
8095
8094
8093
8092
8092
8091
8089
8088
8088
8087
8086
8086
8085
8085
8084
8084
8083
8083
8082
8080
8078
8076
8075
8075
8074
8074
8074
8071
8071
8069
8066
8064
8062
8062
8061
8061
8060
8059
8058
8058
8057
8056
8056
8056
8054
8054
8054
8051
8050
8049
8049
8048
8047
8047
8047
8046
8045
8045
8042
8042
8041
8039
8039
8038
8038
8038
8036
8035
8034
8034
8034
8034
8032
8031
8031
8031
8030
8030
8029
8029
8029
8028
8028
8027
8027
8027
8025
8025
8021
8020
8017
8014
8014
8013
8013
8012
8012
8011
8011
8010
8010
8008
8007
8006
8003
8001
8000
8000
7999
7999
7998
7998
7997
7997
7995
7995
7995
7995
7993
7992
7991
7988
7987
7987
7984
7982
7981
7981
7981
7981
7981
7980
7973
7972
7972
7972
7971
7971
7970
7969
7968
7968
7967
7966
7965
7962
7961
7961
7961
7960
7959
7959
7958
7957
7956
7955
7953
7952
7952
7952
7951
7951
7950
7948
7948
7947
7947
7947
7946
7945
7944
7943
7943
7941
7941
7941
7940
7939
7938
7938
7937
7936
7932
7930
7928
7926
7926
7926
7924
7923
7920
7920
7920
7919
7918
7918
7917
7916
7916
7912
7912
7911
7911
7910
7909
7909
7909
7909
7903
7898
7897
7896
7896
7894
7893
7888
7885
7883
7883
7882
7882
7880
7877
7877
7876
7875
7875
7874
7874
7874
7872
7870
7870
7870
7869
7868
7867
7865
7863
7861
7860
7857
7856
7853
7853
7852
7851
7851
7851
7850
7850
7849
7848
7848
7846
7845
7843
7843
7842
7841
7840
7839
7839
7839
7837
7832
7831
7831
7829
7828
7828
7828
7828
7826
7826
7826
7825
7824
7823
7823
7822
7822
7821
7820
7819
7819
7818
7817
7816
7812
7811
7810
7809
7808
7808
7806
7805
7805
7805
7803
7803
7801
7800
7800
7800
7800
7799
7799
7799
7798
7797
7793
7793
7792
7791
7791
7791
7788
7787
7784
7783
7782
7782
7780
7778
7776
7775
7775
7775
7773
7772
7771
7767
7765
7764
7764
7763
7763
7760
7760
7759
7758
7757
7757
7753
7753
7753
7753
7752
7752
7750
7749
7749
7749
7747
7746
7746
7745
7745
7744
7744
7744
7744
7743
7742
7740
7740
7740
7739
7739
7738
7737
7737
7734
7731
7730
7729
7728
7728
7725
7723
7722
7722
7721
7721
7721
7720
7719
7719
7717
7715
7714
7714
7713
7713
7711
7710
7708
7708
7708
7708
7708
7707
7705
7704
7703
7701
7700
7699
7698
7697
7697
7697
7697
7695
7695
7694
7693
7691
7688
7687
7686
7685
7685
7684
7683
7681
7680
7679
7678
7678
7677
7676
7673
7672
7672
7671
7671
7669
7667
7667
7665
7664
7662
7662
7661
7661
7659
7659
7658
7657
7656
7655
7655
7655
7653
7652
7652
7651
7650
7649
7648
7647
7645
7644
7644
7643
7642
7638
7638
7638
7637
7636
7635
7634
7633
7633
7631
7631
7629
7629
7629
7626
7625
7624
7623
7622
7622
7621
7621
7621
7619
7619
7610
7610
7609
7609
7608
7608
7608
7605
7605
7604
7604
7604
7602
7602
7599
7599
7599
7598
7593
7592
7591
7590
7589
7589
7589
7588
7586
7585
7583
7583
7583
7582
7582
7582
7581
7580
7578
7577
7577
7576
7573
7572
7572
7571
7570
7570
7569
7569
7568
7568
7568
7567
7566
7564
7563
7562
7561
7561
7559
7558
7555
7555
7555
7553
7552
7552
7552
7551
7549
7549
7549
7548
7548
7548
7547
7547
7546
7546
7543
7540
7540
7539
7537
7537
7537
7536
7534
7529
7527
7526
7526
7525
7524
7524
7523
7522
7520
7519
7519
7516
7516
7514
7513
7513
7512
7512
7510
7510
7509
7509
7508
7507
7505
7504
7504
7503
7501
7501
7501
7500
7499
7499
7497
7495
7493
7492
7491
7489
7487
7487
7486
7481
7480
7480
7479
7478
7477
7477
7476
7475
7475
7474
7474
7473
7472
7470
7469
7468
7467
7461
7461
7460
7459
7458
7458
7457
7457
7457
7455
7455
7455
7453
7450
7446
7446
7444
7443
7441
7439
7438
7435
7435
7434
7433
7433
7431
7430
7428
7427
7426
7425
7425
7424
7423
7423
7422
7421
7421
7420
7419
7419
7418
7417
7416
7415
7413
7413
7411
7411
7410
7410
7410
7410
7409
7408
7407
7406
7403
7403
7402
7402
7402
7400
7400
7400
7399
7399
7398
7398
7396
7393
7393
7392
7391
7389
7388
7388
7387
7386
7384
7383
7383
7383
7382
7381
7381
7380
7380
7380
7379
7379
7379
7378
7377
7376
7374
7369
7368
7367
7367
7366
7364
7364
7364
7363
7362
7360
7358
7357
7356
7355
7354
7353
7352
7352
7351
7348
7348
7346
7345
7345
7343
7343
7343
7340
7340
7340
7340
7340
7339
7337
7337
7336
7336
7335
7330
7329
7328
7327
7327
7325
7324
7324
7324
7323
7322
7322
7322
7321
7320
7320
7320
7318
7317
7317
7317
7316
7314
7314
7314
7313
7313
7310
7309
7307
7305
7303
7301
7301
7300
7298
7297
7293
7291
7290
7289
7288
7287
7286
7285
7285
7283
7282
7279
7279
7278
7277
7277
7277
7276
7276
7275
7274
7272
7272
7272
7271
7271
7270
7270
7270
7267
7267
7267
7266
7265
7264
7263
7262
7262
7262
7261
7260
7259
7259
7257
7256
7253
7252
7252
7251
7251
7251
7250
7248
7248
7247
7246
7246
7246
7245
7245
7244
7243
7242
7239
7238
7237
7235
7234
7233
7233
7232
7231
7231
7231
7231
7231
7229
7224
7219
7218
7217
7216
7216
7215
7214
7214
7214
7212
7212
7211
7210
7209
7209
7208
7208
7207
7206
7206
7203
7202
7201
7201
7199
7198
7198
7197
7195
7194
7194
7192
7191
7191
7188
7187
7186
7185
7185
7183
7183
7181
7180
7180
7180
7179
7179
7179
7177
7175
7173
7173
7173
7171
7171
7171
7169
7168
7167
7167
7166
7165
7165
7164
7164
7163
7159
7158
7158
7157
7155
7155
7154
7153
7153
7151
7150
7149
7149
7147
7146
7145
7145
7145
7143
7142
7141
7141
7140
7139
7137
7137
7137
7136
7136
7136
7136
7133
7132
7132
7129
7128
7128
7127
7125
7125
7122
7120
7119
7118
7118
7115
7115
7115
7112
7112
7112
7111
7110
7110
7110
7110
7109
7109
7100
7100
7098
7093
7093
7092
7092
7091
7090
7090
7087
7086
7085
7084
7083
7083
7081
7079
7079
7076
7076
7075
7074
7074
7073
7072
7072
7069
7067
7067
7067
7066
7065
7062
7060
7059
7059
7058
7058
7057
7056
7054
7053
7052
7051
7050
7048
7047
7046
7043
7042
7039
7039
7039
7038
7036
7035
7035
7034
7033
7032
7030
7029
7028
7026
7026
7024
7022
7021
7020
7018
7018
7018
7015
7015
7010
7009
7008
7008
7006
7006
7006
7006
7005
7005
7004
7004
7002
7002
7000
7000
6998
6997
6994
6993
6992
6990
6990
6990
6987
6985
6985
6985
6984
6982
6981
6980
6980
6978
6977
6976
6975
6975
6972
6972
6969
6969
6966
6966
6965
6965
6963
6963
6961
6960
6959
6958
6957
6957
6953
6953
6952
6952
6951
6948
6947
6947
6946
6946
6943
6943
6943
6942
6940
6939
6938
6938
6937
6936
6936
6934
6934
6933
6932
6931
6931
6930
6929
6929
6929
6928
6923
6923
6921
6920
6920
6919
6919
6918
6918
6917
6913
6912
6912
6911
6910
6910
6908
6906
6904
6902
6900
6895
6894
6894
6894
6892
6888
6887
6887
6886
6886
6886
6885
6884
6883
6882
6882
6881
6877
6874
6874
6874
6873
6873
6873
6868
6865
6862
6862
6861
6859
6858
6856
6848
6847
6847
6846
6845
6845
6842
6841
6840
6839
6838
6838
6838
6835
6834
6832
6831
6831
6829
6829
6828
6828
6827
6827
6826
6825
6825
6824
6824
6824
6822
6822
6822
6822
6821
6821
6820
6819
6819
6819
6816
6816
6815
6814
6814
6812
6812
6811
6810
6810
6808
6807
6807
6806
6806
6806
6804
6803
6803
6801
6801
6800
6800
6800
6798
6798
6796
6796
6795
6793
6792
6787
6787
6786
6784
6783
6783
6781
6779
6778
6778
6777
6775
6775
6772
6770
6768
6768
6767
6765
6764
6763
6763
6761
6758
6758
6758
6755
6754
6754
6753
6752
6752
6752
6750
6749
6748
6747
6743
6742
6740
6736
6735
6734
6734
6732
6729
6728
6728
6727
6724
6723
6723
6721
6720
6717
6716
6716
6715
6713
6712
6711
6710
6709
6709
6709
6709
6709
6707
6706
6705
6704
6703
6703
6701
6700
6700
6700
6699
6698
6697
6697
6691
6691
6690
6687
6687
6686
6683
6683
6683
6682
6682
6679
6678
6678
6675
6675
6674
6674
6674
6674
6673
6673
6670
6669
6668
6667
6667
6664
6663
6661
6659
6659
6659
6658
6657
6657
6654
6652
6652
6652
6651
6648
6646
6645
6645
6644
6643
6642
6641
6639
6639
6638
6638
6637
6637
6636
6634
6632
6632
6631
6631
6630
6629
6629
6629
6628
6625
6625
6624
6622
6621
6620
6619
6619
6619
6617
6616
6615
6615
6614
6613
6612
6611
6611
6611
6611
6610
6608
6606
6606
6605
6601
6601
6600
6599
6598
6596
6596
6595
6594
6594
6593
6591
6590
6588
6587
6587
6586
6585
6585
6585
6585
6584
6583
6583
6582
6581
6578
6575
6575
6573
6573
6572
6571
6569
6568
6567
6567
6565
6565
6564
6563
6562
6562
6562
6561
6561
6560
6559
6559
6557
6557
6556
6553
6552
6550
6549
6547
6546
6546
6545
6542
6542
6542
6542
6541
6540
6540
6539
6539
6534
6534
6533
6532
6532
6532
6532
6529
6529
6527
6527
6526
6525
6524
6524
6523
6523
6521
6521
6519
6518
6518
6517
6514
6513
6511
6510
6509
6508
6508
6508
6506
6505
6504
6503
6502
6502
6501
6500
6498
6497
6496
6495
6493
6493
6493
6491
6490
6490
6490
6489
6489
6488
6488
6488
6488
6488
6487
6487
6487
6486
6485
6483
6481
6480
6480
6479
6477
6476
6475
6475
6474
6473
6473
6472
6471
6470
6469
6469
6469
6468
6468
6468
6467
6466
6464
6464
6463
6461
6459
6459
6458
6458
6458
6457
6457
6457
6457
6456
6456
6454
6453
6452
6452
6452
6451
6451
6451
6450
6450
6449
6449
6447
6446
6446
6446
6445
6444
6440
6439
6438
6437
6435
6435
6435
6434
6431
6429
6427
6426
6425
6422
6421
6420
6417
6417
6416
6416
6415
6414
6414
6411
6411
6409
6409
6408
6408
6406
6406
6402
6402
6400
6400
6398
6397
6393
6393
6393
6390
6387
6386
6384
6382
6382
6382
6381
6380
6379
6379
6378
6378
6377
6376
6375
6374
6374
6374
6373
6372
6370
6369
6369
6368
6367
6366
6366
6363
6360
6360
6357
6351
6349
6349
6347
6347
6346
6345
6344
6339
6339
6338
6338
6338
6337
6335
6333
6333
6333
6332
6332
6332
6331
6330
6329
6325
6324
6323
6321
6320
6319
6319
6319
6318
6318
6315
6314
6314
6314
6313
6313
6312
6312
6311
6309
6309
6308
6307
6307
6306
6302
6301
6301
6301
6301
6300
6300
6299
6299
6297
6295
6293
6292
6291
6290
6289
6288
6287
6286
6285
6283
6283
6282
6279
6278
6276
6275
6275
6274
6271
6271
6270
6269
6269
6269
6268
6268
6267
6267
6266
6266
6265
6264
6264
6262
6260
6260
6258
6257
6257
6256
6254
6254
6253
6252
6250
6248
6245
6245
6244
6242
6240
6238
6237
6237
6236
6235
6234
6234
6232
6232
6232
6231
6231
6230
6229
6229
6228
6227
6227
6227
6226
6224
6224
6223
6222
6222
6220
6220
6219
6218
6218
6217
6217
6217
6214
6212
6212
6209
6209
6208
6208
6207
6207
6206
6205
6204
6204
6203
6202
6202
6202
6201
6200
6200
6199
6198
6195
6192
6192
6191
6190
6189
6189
6189
6189
6188
6187
6186
6184
6183
6181
6180
6180
6178
6178
6178
6176
6174
6173
6172
6171
6169
6169
6169
6168
6168
6167
6166
6163
6163
6161
6161
6157
6156
6156
6156
6156
6156
6155
6155
6155
6155
6154
6154
6152
6151
6151
6149
6146
6146
6146
6145
6144
6144
6144
6144
6142
6141
6137
6135
6134
6134
6131
6130
6130
6129
6128
6124
6123
6122
6122
6122
6122
6120
6120
6119
6117
6116
6116
6116
6115
6115
6113
6113
6112
6112
6111
6111
6110
6109
6108
6108
6106
6104
6104
6104
6103
6103
6101
6101
6101
6098
6097
6097
6096
6095
6093
6092
6092
6091
6091
6091
6091
6091
6088
6088
6087
6086
6086
6086
6084
6082
6082
6082
6082
6078
6077
6074
6071
6071
6070
6069
6067
6067
6067
6066
6065
6065
6065
6064
6063
6061
6060
6060
6059
6059
6059
6058
6055
6054
6054
6054
6053
6053
6052
6050
6048
6047
6047
6047
6045
6043
6043
6042
6042
6041
6040
6040
6039
6038
6038
6037
6037
6037
6036
6035
6033
6032
6031
6031
6030
6027
6025
6021
6020
6019
6018
6017
6016
6015
6015
6014
6014
6014
6013
6013
6013
6011
6011
6011
6009
6006
6006
6005
6004
6002
6001
6000
6000
5998
5996
5995
5995
5991
5989
5987
5987
5985
5984
5984
5984
5982
5982
5982
5981
5981
5980
5979
5979
5976
5975
5975
5975
5974
5973
5972
5972
5971
5970
5968
5967
5967
5966
5966
5965
5965
5964
5962
5961
5960
5958
5958
5955
5952
5952
5952
5950
5950
5950
5949
5949
5947
5946
5946
5946
5945
5944
5943
5943
5942
5940
5940
5937
5935
5934
5933
5932
5932
5931
5931
5930
5930
5930
5929
5929
5928
5928
5927
5926
5922
5921
5921
5921
5920
5919
5919
5919
5918
5917
5917
5917
5916
5915
5913
5913
5912
5911
5911
5910
5908
5907
5907
5905
5903
5902
5902
5900
5900
5898
5894
5893
5893
5892
5891
5890
5890
5890
5887
5886
5886
5886
5884
5884
5884
5884
5883
5882
5882
5882
5882
5881
5880
5879
5879
5877
5877
5876
5876
5875
5873
5873
5872
5872
5869
5869
5868
5867
5867
5866
5866
5865
5864
5863
5863
5862
5861
5859
5859
5858
5858
5858
5855
5854
5854
5853
5852
5851
5849
5849
5848
5847
5844
5844
5843
5841
5840
5840
5840
5839
5837
5837
5836
5836
5835
5833
5831
5831
5831
5829
5828
5828
5827
5827
5824
5824
5823
5822
5821
5818
5818
5818
5816
5815
5813
5813
5812
5811
5810
5809
5809
5808
5808
5807
5807
5807
5805
5803
5802
5801
5800
5800
5799
5798
5797
5797
5797
5796
5795
5795
5793
5793
5793
5792
5789
5788
5788
5785
5785
5784
5783
5782
5780
5780
5780
5779
5778
5778
5778
5777
5776
5776
5775
5771
5768
5768
5768
5764
5757
5755
5755
5754
5754
5753
5752
5752
5751
5751
5750
5749
5749
5746
5745
5742
5739
5739
5737
5737
5736
5734
5734
5733
5732
5731
5730
5730
5728
5726
5725
5724
5722
5722
5722
5722
5721
5719
5718
5718
5718
5718
5718
5718
5717
5715
5713
5704
5704
5703
5701
5699
5695
5695
5695
5695
5694
5693
5692
5691
5691
5688
5688
5687
5686
5686
5684
5684
5683
5682
5681
5679
5679
5677
5676
5676
5675
5675
5672
5671
5671
5669
5669
5668
5668
5668
5667
5667
5667
5663
5663
5663
5662
5662
5661
5661
5661
5661
5660
5657
5656
5656
5656
5656
5655
5655
5654
5653
5651
5651
5651
5651
5650
5645
5645
5642
5641
5640
5639
5639
5639
5636
5636
5634
5633
5632
5631
5628
5628
5628
5627
5623
5623
5623
5622
5619
5618
5616
5614
5612
5610
5609
5608
5606
5605
5604
5604
5604
5603
5603
5602
5601
5601
5597
5593
5592
5591
5590
5587
5581
5579
5579
5579
5576
5574
5574
5571
5568
5566
5564
5564
5560
5560
5558
5557
5557
5556
5554
5554
5553
5552
5550
5550
5549
5549
5547
5546
5544
5543
5539
5539
5538
5538
5537
5535
5534
5530
5529
5528
5526
5526
5526
5525
5525
5522
5521
5521
5520
5518
5518
5516
5515
5515
5514
5514
5512
5512
5512
5511
5511
5511
5511
5508
5506
5506
5504
5503
5503
5502
5500
5499
5499
5498
5497
5496
5495
5495
5495
5495
5494
5494
5493
5491
5490
5490
5488
5488
5488
5488
5488
5487
5483
5483
5482
5481
5480
5480
5479
5478
5478
5476
5475
5474
5474
5472
5471
5471
5469
5468
5467
5466
5466
5464
5463
5463
5463
5462
5462
5461
5461
5460
5460
5460
5460
5459
5458
5455
5455
5454
5453
5453
5452
5450
5449
5447
5447
5445
5443
5441
5439
5438
5438
5437
5436
5436
5436
5434
5430
5430
5429
5429
5428
5426
5426
5419
5417
5415
5415
5414
5413
5410
5410
5410
5408
5405
5403
5402
5401
5400
5399
5399
5398
5398
5398
5397
5396
5395
5393
5393
5389
5388
5388
5387
5384
5383
5382
5382
5379
5377
5375
5374
5372
5370
5363
5363
5361
5360
5357
5356
5355
5355
5354
5353
5353
5352
5350
5348
5348
5347
5347
5346
5346
5345
5344
5344
5344
5342
5340
5339
5339
5337
5335
5335
5334
5334
5333
5332
5331
5330
5330
5326
5326
5325
5323
5323
5323
5322
5321
5321
5320
5319
5319
5317
5313
5308
5305
5304
5304
5303
5303
5303
5302
5301
5300
5298
5297
5297
5297
5296
5294
5293
5293
5292
5291
5291
5290
5290
5290
5289
5289
5287
5285
5279
5278
5277
5277
5275
5274
5274
5274
5273
5272
5272
5271
5271
5270
5269
5268
5268
5267
5267
5266
5265
5264
5261
5258
5258
5255
5254
5252
5252
5250
5250
5248
5248
5248
5247
5247
5246
5245
5242
5241
5241
5241
5239
5239
5238
5237
5236
5235
5235
5235
5234
5233
5233
5232
5232
5231
5227
5226
5225
5225
5222
5220
5220
5219
5218
5218
5217
5216
5215
5215
5213
5212
5211
5207
5206
5206
5205
5202
5201
5201
5201
5199
5198
5197
5197
5197
5195
5195
5194
5194
5192
5192
5192
5191
5190
5189
5188
5186
5184
5182
5181
5181
5180
5179
5178
5175
5175
5175
5174
5173
5173
5173
5172
5170
5170
5168
5168
5168
5168
5168
5167
5167
5167
5164
5162
5162
5161
5159
5158
5158
5158
5158
5157
5156
5155
5153
5153
5153
5152
5152
5152
5152
5151
5150
5149
5148
5147
5147
5146
5145
5144
5144
5143
5143
5142
5141
5140
5140
5139
5139
5135
5131
5131
5128
5126
5126
5126
5124
5123
5123
5122
5122
5122
5120
5118
5116
5115
5115
5113
5112
5111
5111
5109
5109
5107
5107
5106
5106
5105
5104
5104
5104
5099
5099
5098
5098
5096
5094
5094
5094
5092
5092
5091
5090
5089
5088
5086
5082
5081
5080
5079
5078
5078
5077
5076
5076
5076
5075
5074
5071
5071
5069
5069
5066
5066
5063
5062
5061
5060
5059
5059
5059
5059
5058
5057
5055
5055
5053
5053
5053
5052
5050
5047
5046
5046
5045
5040
5039
5038
5038
5033
5033
5032
5030
5029
5028
5028
5028
5024
5023
5021
5020
5019
5016
5016
5014
5013
5011
5009
5006
5006
5004
5004
5004
5004
5002
5000
4999
4998
4995
4995
4994
4993
4992
4992
4991
4990
4989
4988
4987
4987
4981
4981
4980
4980
4976
4976
4976
4975
4974
4974
4973
4973
4966
4965
4964
4963
4962
4962
4960
4960
4959
4959
4956
4955
4954
4954
4953
4953
4953
4951
4949
4949
4948
4947
4946
4946
4946
4946
4946
4945
4945
4945
4941
4941
4936
4936
4936
4934
4933
4931
4930
4930
4928
4927
4927
4927
4926
4925
4925
4925
4924
4924
4923
4922
4917
4917
4916
4915
4914
4914
4913
4909
4909
4905
4905
4904
4903
4902
4901
4900
4899
4899
4899
4897
4896
4890
4890
4889
4889
4889
4888
4887
4887
4886
4886
4884
4884
4884
4884
4884
4883
4883
4883
4883
4882
4882
4881
4881
4881
4880
4880
4880
4878
4877
4875
4875
4869
4869
4867
4867
4866
4865
4863
4862
4862
4861
4861
4860
4860
4859
4858
4858
4856
4856
4854
4852
4850
4850
4849
4849
4849
4848
4848
4848
4847
4847
4846
4845
4844
4843
4841
4841
4838
4836
4836
4834
4833
4833
4833
4833
4833
4830
4830
4827
4826
4825
4822
4820
4820
4819
4817
4815
4813
4812
4812
4811
4810
4809
4807
4806
4806
4805
4805
4805
4803
4802
4801
4800
4799
4798
4796
4794
4793
4792
4792
4789
4789
4789
4789
4787
4786
4786
4785
4784
4783
4781
4780
4779
4778
4778
4777
4777
4775
4775
4773
4771
4770
4768
4767
4767
4767
4766
4765
4764
4763
4762
4762
4761
4758
4756
4754
4752
4751
4750
4750
4747
4747
4746
4745
4742
4742
4741
4736
4732
4731
4730
4730
4729
4727
4721
4721
4719
4719
4719
4718
4718
4716
4716
4716
4714
4714
4713
4709
4708
4702
4701
4698
4698
4698
4696
4695
4693
4692
4690
4689
4689
4686
4684
4684
4682
4680
4680
4679
4677
4674
4673
4672
4671
4670
4669
4668
4667
4666
4666
4664
4664
4663
4663
4662
4660
4660
4659
4659
4657
4655
4654
4652
4652
4652
4652
4652
4651
4651
4651
4649
4646
4645
4645
4643
4642
4641
4641
4637
4636
4635
4633
4632
4631
4630
4629
4629
4627
4625
4624
4624
4624
4623
4623
4623
4623
4622
4621
4618
4617
4616
4616
4616
4616
4616
4616
4614
4612
4612
4612
4611
4609
4608
4607
4606
4605
4603
4603
4600
4599
4598
4596
4595
4594
4592
4590
4590
4590
4589
4588
4585
4583
4581
4581
4581
4581
4581
4580
4580
4580
4580
4577
4577
4575
4574
4571
4568
4567
4565
4563
4561
4560
4559
4558
4557
4554
4554
4552
4552
4552
4550
4549
4549
4546
4545
4545
4544
4543
4541
4537
4537
4536
4536
4535
4534
4532
4530
4529
4527
4527
4526
4526
4525
4521
4520
4520
4519
4516
4516
4516
4516
4513
4511
4510
4509
4509
4507
4507
4505
4504
4504
4504
4504
4503
4502
4499
4498
4498
4497
4497
4496
4496
4494
4493
4492
4492
4491
4490
4489
4488
4488
4486
4484
4484
4484
4483
4483
4482
4481
4481
4481
4480
4480
4480
4480
4479
4477
4476
4474
4472
4471
4471
4469
4467
4466
4466
4466
4465
4464
4463
4463
4461
4460
4460
4459
4459
4458
4457
4455
4453
4453
4448
4447
4446
4444
4443
4443
4443
4442
4439
4439
4437
4437
4436
4433
4433
4431
4431
4428
4426
4426
4423
4422
4422
4419
4418
4417
4417
4416
4415
4415
4414
4414
4413
4411
4411
4411
4410
4410
4407
4407
4405
4405
4404
4404
4402
4402
4401
4401
4400
4398
4398
4397
4395
4394
4394
4394
4393
4392
4391
4391
4390
4390
4389
4388
4387
4387
4385
4385
4385
4383
4383
4382
4382
4381
4379
4378
4378
4377
4377
4376
4375
4371
4371
4371
4370
4370
4370
4369
4368
4366
4365
4363
4363
4362
4362
4360
4360
4358
4357
4355
4354
4352
4350
4348
4348
4347
4347
4347
4344
4343
4342
4342
4341
4341
4341
4340
4339
4339
4339
4338
4337
4337
4337
4336
4336
4336
4336
4333
4333
4332
4331
4329
4329
4328
4325
4320
4320
4319
4319
4318
4315
4315
4313
4311
4311
4310
4310
4308
4308
4306
4303
4303
4303
4302
4302
4300
4300
4300
4299
4297
4297
4296
4295
4294
4291
4290
4290
4289
4289
4289
4288
4288
4286
4284
4284
4282
4282
4281
4281
4281
4281
4280
4279
4276
4276
4274
4273
4273
4273
4273
4271
4271
4271
4271
4268
4267
4263
4263
4263
4262
4259
4257
4257
4256
4255
4253
4253
4253
4252
4251
4251
4249
4248
4247
4247
4246
4243
4240
4240
4239
4239
4238
4238
4237
4231
4229
4227
4227
4226
4225
4225
4225
4224
4221
4221
4220
4220
4219
4217
4217
4217
4215
4214
4213
4212
4210
4208
4207
4202
4200
4200
4200
4200
4198
4198
4196
4195
4195
4195
4194
4194
4192
4188
4188
4187
4186
4186
4186
4185
4183
4183
4182
4182
4181
4180
4179
4179
4171
4171
4171
4170
4169
4167
4165
4163
4161
4160
4160
4160
4158
4157
4157
4157
4156
4156
4155
4154
4150
4149
4148
4146
4145
4145
4144
4143
4141
4137
4137
4137
4135
4133
4133
4132
4132
4128
4124
4124
4123
4123
4122
4120
4119
4118
4118
4118
4118
4117
4117
4116
4116
4114
4113
4112
4110
4104
4103
4103
4103
4103
4102
4102
4101
4100
4100
4096
4094
4094
4093
4092
4091
4091
4090
4090
4090
4089
4089
4088
4088
4087
4086
4086
4083
4081
4080
4079
4075
4075
4075
4074
4074
4073
4073
4073
4072
4071
4070
4069
4069
4068
4068
4066
4065
4065
4064
4064
4063
4062
4061
4061
4060
4060
4060
4058
4057
4056
4056
4055
4055
4053
4052
4052
4051
4051
4049
4049
4048
4048
4048
4047
4046
4046
4045
4045
4043
4041
4041
4041
4040
4038
4036
4035
4035
4035
4034
4033
4029
4027
4026
4026
4025
4024
4023
4023
4022
4022
4022
4021
4021
4020
4017
4017
4017
4015
4015
4014
4014
4013
4013
4013
4012
4011
4010
4009
4009
4007
4007
4006
4006
4006
4005
4005
4000
4000
4000
3999
3998
3997
3996
3995
3991
3990
3989
3988
3988
3987
3986
3984
3983
3981
3981
3979
3979
3979
3978
3977
3976
3976
3975
3975
3973
3972
3970
3969
3967
3967
3965
3965
3965
3961
3960
3960
3959
3958
3955
3954
3954
3953
3953
3948
3947
3945
3942
3942
3942
3942
3940
3940
3938
3937
3936
3936
3935
3934
3933
3931
3930
3929
3929
3929
3928
3926
3925
3924
3924
3921
3921
3921
3921
3919
3919
3918
3916
3915
3915
3914
3914
3913
3913
3911
3909
3908
3908
3905
3904
3903
3903
3901
3901
3901
3900
3900
3900
3899
3899
3897
3895
3895
3894
3893
3893
3891
3889
3889
3886
3886
3886
3885
3885
3884
3884
3881
3881
3881
3880
3880
3878
3878
3877
3877
3876
3875
3874
3872
3871
3871
3870
3870
3866
3864
3864
3863
3863
3861
3861
3861
3861
3860
3859
3859
3858
3856
3854
3854
3854
3853
3851
3849
3848
3848
3847
3846
3844
3844
3844
3842
3839
3838
3838
3837
3837
3837
3836
3834
3834
3830
3829
3828
3825
3824
3822
3820
3819
3819
3818
3817
3817
3815
3814
3813
3811
3811
3811
3810
3810
3810
3808
3807
3806
3802
3802
3800
3799
3798
3797
3795
3795
3794
3792
3792
3790
3790
3790
3789
3789
3785
3785
3785
3781
3780
3780
3780
3778
3777
3776
3775
3774
3773
3773
3773
3773
3773
3772
3772
3772
3771
3771
3771
3767
3767
3766
3764
3763
3762
3762
3761
3760
3759
3758
3758
3758
3758
3756
3756
3755
3754
3754
3751
3750
3748
3747
3747
3746
3745
3745
3743
3743
3742
3741
3741
3741
3740
3737
3737
3736
3736
3736
3735
3734
3730
3729
3728
3728
3728
3727
3726
3725
3724
3722
3722
3722
3721
3720
3719
3718
3716
3715
3715
3715
3713
3713
3711
3711
3711
3711
3710
3710
3709
3707
3705
3705
3704
3704
3704
3702
3701
3701
3700
3700
3698
3697
3695
3694
3694
3693
3690
3688
3687
3687
3687
3686
3686
3685
3685
3683
3681
3681
3680
3680
3680
3679
3678
3677
3677
3676
3675
3675
3675
3675
3673
3671
3671
3667
3666
3666
3665
3663
3663
3662
3662
3661
3658
3655
3654
3652
3651
3651
3649
3647
3646
3645
3644
3643
3640
3639
3636
3635
3635
3635
3634
3632
3631
3629
3629
3629
3629
3629
3628
3626
3625
3625
3624
3624
3622
3621
3621
3619
3619
3617
3617
3615
3615
3613
3611
3611
3608
3608
3607
3606
3606
3605
3605
3604
3602
3600
3600
3598
3598
3597
3597
3596
3595
3595
3592
3591
3590
3589
3588
3588
3587
3587
3579
3579
3578
3576
3575
3573
3572
3571
3567
3567
3567
3566
3565
3565
3564
3564
3563
3561
3560
3559
3558
3557
3557
3556
3555
3555
3555
3553
3551
3549
3549
3548
3547
3547
3546
3546
3543
3542
3542
3540
3539
3539
3538
3538
3536
3536
3535
3535
3532
3529
3527
3525
3525
3524
3523
3523
3521
3518
3517
3516
3515
3514
3514
3514
3513
3512
3512
3510
3510
3509
3509
3508
3508
3508
3503
3503
3500
3499
3499
3499
3496
3496
3496
3495
3494
3494
3494
3494
3493
3493
3492
3491
3491
3491
3490
3490
3488
3487
3487
3487
3486
3485
3484
3484
3483
3480
3480
3477
3477
3475
3472
3470
3468
3467
3466
3466
3466
3466
3465
3464
3464
3458
3458
3457
3457
3456
3455
3455
3452
3449
3448
3447
3447
3446
3446
3445
3445
3445
3443
3443
3440
3440
3440
3438
3438
3437
3437
3436
3435
3435
3433
3432
3432
3431
3431
3431
3430
3429
3428
3428
3427
3426
3425
3424
3423
3422
3421
3420
3420
3420
3419
3419
3419
3415
3415
3415
3415
3415
3413
3410
3410
3409
3408
3408
3406
3404
3404
3403
3403
3402
3402
3401
3401
3400
3399
3398
3398
3398
3398
3396
3395
3394
3393
3393
3391
3390
3390
3390
3388
3385
3385
3385
3384
3383
3380
3378
3376
3374
3372
3372
3371
3370
3367
3364
3364
3363
3362
3361
3360
3360
3360
3358
3358
3358
3357
3355
3354
3352
3351
3351
3345
3345
3344
3344
3340
3340
3340
3340
3339
3337
3336
3335
3334
3334
3331
3331
3331
3330
3330
3328
3327
3325
3325
3323
3322
3321
3320
3319
3318
3316
3316
3315
3314
3313
3308
3307
3304
3304
3301
3300
3300
3298
3298
3298
3298
3296
3293
3292
3289
3289
3289
3288
3285
3278
3276
3276
3276
3274
3274
3273
3273
3273
3272
3272
3271
3271
3270
3269
3269
3268
3267
3267
3264
3264
3263
3263
3263
3262
3261
3261
3258
3257
3257
3256
3256
3253
3253
3252
3251
3248
3247
3246
3245
3245
3243
3242
3242
3241
3240
3239
3239
3239
3239
3238
3235
3233
3233
3232
3229
3226
3226
3225
3225
3225
3225
3224
3222
3221
3221
3221
3218
3218
3216
3216
3216
3215
3214
3214
3213
3213
3212
3212
3212
3212
3211
3210
3209
3206
3205
3203
3202
3201
3200
3199
3199
3198
3194
3193
3193
3190
3188
3188
3186
3184
3183
3182
3182
3182
3181
3180
3177
3175
3175
3172
3172
3172
3170
3170
3170
3169
3167
3166
3166
3163
3162
3160
3158
3158
3156
3156
3155
3151
3151
3151
3151
3148
3148
3148
3146
3146
3146
3146
3144
3143
3142
3142
3142
3141
3141
3140
3140
3139
3139
3136
3136
3134
3133
3131
3129
3125
3125
3122
3122
3122
3122
3121
3121
3118
3117
3116
3116
3115
3114
3112
3110
3110
3110
3109
3108
3107
3107
3107
3107
3106
3105
3104
3104
3103
3103
3102
3101
3100
3099
3098
3096
3096
3096
3095
3094
3092
3092
3092
3089
3087
3087
3087
3086
3086
3084
3084
3084
3083
3082
3081
3081
3080
3079
3079
3077
3076
3075
3074
3074
3074
3074
3074
3073
3073
3069
3067
3066
3064
3064
3064
3064
3061
3061
3058
3057
3054
3053
3053
3049
3048
3048
3046
3046
3045
3045
3044
3041
3040
3039
3039
3038
3035
3035
3034
3034
3033
3032
3026
3026
3026
3025
3024
3023
3021
3020
3020
3020
3020
3018
3018
3018
3018
3018
3018
3017
3016
3016
3016
3015
3013
3012
3012
3012
3011
3011
3011
3010
3010
3010
3009
3008
3007
3007
3006
3006
3006
3005
3005
3002
3001
2999
2999
2999
2998
2997
2996
2996
2993
2992
2991
2991
2989
2987
2984
2983
2982
2980
2980
2980
2977
2977
2976
2975
2975
2973
2973
2972
2971
2971
2969
2968
2966
2965
2965
2964
2962
2960
2958
2957
2956
2956
2954
2954
2953
2952
2952
2950
2948
2946
2945
2943
2943
2942
2939
2937
2935
2934
2933
2932
2930
2930
2927
2925
2924
2924
2924
2923
2923
2923
2922
2922
2922
2921
2919
2917
2915
2914
2912
2910
2905
2905
2904
2904
2904
2902
2902
2901
2901
2901
2900
2898
2898
2898
2898
2895
2891
2890
2889
2889
2889
2889
2887
2886
2885
2885
2884
2883
2883
2882
2882
2882
2882
2882
2881
2880
2880
2879
2878
2877
2877
2876
2876
2875
2873
2872
2871
2870
2870
2870
2869
2869
2868
2867
2863
2863
2862
2862
2859
2859
2858
2857
2857
2856
2853
2853
2852
2852
2851
2851
2851
2848
2845
2844
2844
2844
2842
2842
2841
2840
2839
2839
2838
2836
2835
2835
2834
2833
2832
2832
2829
2828
2828
2828
2825
2824
2824
2822
2822
2820
2817
2816
2816
2816
2815
2815
2813
2811
2811
2811
2810
2807
2807
2807
2805
2804
2803
2801
2801
2800
2800
2800
2800
2798
2798
2796
2792
2791
2791
2791
2787
2786
2786
2785
2785
2784
2783
2781
2781
2780
2779
2779
2778
2778
2776
2775
2774
2772
2772
2771
2771
2770
2770
2770
2767
2766
2766
2765
2765
2765
2763
2761
2759
2759
2758
2757
2756
2756
2753
2753
2752
2752
2751
2750
2750
2748
2748
2747
2744
2743
2742
2741
2741
2740
2740
2739
2732
2732
2731
2731
2731
2730
2729
2728
2728
2728
2726
2725
2724
2724
2722
2722
2718
2715
2715
2714
2713
2712
2711
2710
2708
2706
2706
2705
2704
2702
2700
2699
2699
2698
2698
2697
2696
2695
2692
2692
2692
2691
2689
2689
2689
2687
2686
2686
2685
2685
2682
2682
2681
2681
2681
2680
2678
2678
2675
2675
2675
2675
2674
2674
2671
2670
2669
2668
2668
2667
2666
2666
2665
2664
2663
2661
2658
2658
2656
2655
2654
2654
2653
2653
2652
2651
2650
2648
2648
2646
2646
2646
2642
2642
2641
2639
2638
2637
2634
2632
2632
2631
2631
2629
2629
2628
2627
2625
2625
2623
2622
2619
2619
2618
2617
2615
2614
2614
2611
2611
2610
2609
2608
2607
2604
2604
2604
2603
2603
2603
2602
2601
2600
2600
2599
2598
2597
2595
2593
2593
2591
2590
2590
2590
2589
2589
2581
2580
2578
2577
2576
2574
2573
2572
2572
2570
2570
2569
2569
2569
2569
2568
2567
2567
2567
2566
2563
2562
2562
2558
2557
2556
2556
2555
2554
2554
2552
2552
2551
2549
2548
2548
2547
2547
2546
2546
2546
2546
2544
2543
2542
2541
2540
2540
2539
2537
2537
2535
2535
2533
2533
2532
2532
2532
2532
2530
2529
2528
2527
2526
2526
2526
2526
2525
2524
2524
2523
2522
2521
2519
2519
2519
2517
2516
2515
2509
2509
2509
2509
2508
2507
2506
2504
2504
2502
2501
2501
2501
2501
2500
2499
2498
2498
2498
2497
2497
2497
2496
2492
2490
2487
2487
2487
2484
2482
2481
2481
2479
2478
2476
2476
2476
2475
2474
2473
2471
2470
2470
2467
2465
2465
2463
2463
2463
2462
2461
2461
2458
2457
2453
2453
2452
2450
2450
2446
2446
2446
2445
2441
2440
2440
2439
2439
2436
2434
2433
2432
2430
2429
2428
2428
2427
2426
2424
2423
2422
2421
2421
2421
2420
2416
2415
2413
2412
2411
2409
2408
2407
2405
2402
2402
2401
2401
2401
2399
2398
2397
2396
2390
2390
2390
2380
2379
2379
2378
2377
2376
2375
2374
2373
2373
2373
2369
2367
2366
2366
2366
2365
2362
2360
2359
2357
2357
2354
2353
2352
2352
2351
2350
2348
2347
2347
2346
2346
2344
2341
2340
2340
2338
2338
2336
2334
2333
2333
2332
2332
2330
2330
2329
2328
2328
2326
2326
2324
2324
2323
2322
2319
2319
2319
2319
2317
2316
2313
2313
2312
2312
2311
2310
2310
2310
2308
2307
2305
2304
2303
2303
2301
2300
2300
2298
2298
2298
2296
2296
2296
2292
2290
2290
2289
2288
2287
2287
2286
2284
2282
2282
2278
2277
2277
2276
2275
2274
2274
2273
2273
2273
2272
2272
2270
2269
2268
2268
2267
2266
2266
2266
2266
2265
2259
2259
2259
2255
2255
2255
2254
2254
2252
2252
2251
2251
2250
2248
2246
2244
2244
2244
2243
2243
2242
2241
2241
2240
2239
2238
2236
2236
2234
2233
2233
2232
2231
2231
2228
2227
2226
2226
2225
2225
2225
2223
2220
2219
2218
2217
2216
2216
2215
2215
2214
2213
2213
2212
2211
2210
2210
2210
2208
2207
2207
2207
2206
2205
2204
2203
2203
2203
2200
2200
2199
2199
2198
2197
2197
2197
2197
2196
2194
2193
2193
2192
2191
2186
2185
2185
2185
2184
2182
2180
2180
2179
2178
2178
2178
2177
2177
2177
2177
2176
2173
2169
2169
2169
2169
2168
2168
2167
2166
2166
2165
2164
2163
2162
2159
2158
2158
2156
2156
2155
2154
2152
2152
2151
2151
2148
2148
2147
2146
2146
2145
2145
2143
2143
2143
2143
2142
2142
2138
2137
2136
2134
2133
2132
2130
2130
2129
2129
2129
2128
2127
2126
2125
2125
2125
2125
2124
2123
2123
2123
2122
2121
2119
2119
2118
2115
2115
2115
2114
2112
2111
2109
2106
2106
2106
2105
2104
2103
2101
2100
2100
2099
2098
2098
2098
2097
2096
2092
2092
2091
2091
2087
2087
2087
2086
2085
2085
2084
2083
2082
2082
2081
2081
2081
2081
2080
2077
2077
2076
2075
2074
2071
2071
2068
2067
2064
2064
2063
2061
2060
2060
2059
2059
2059
2057
2056
2056
2055
2051
2050
2049
2049
2048
2047
2046
2045
2045
2044
2043
2036
2036
2034
2034
2034
2034
2034
2034
2034
2034
2032
2032
2030
2030
2028
2027
2025
2024
2021
2020
2019
2019
2017
2017
2017
2016
2016
2016
2016
2015
2015
2014
2013
2013
2012
2011
2009
2008
2008
2007
2006
2006
2005
2004
2004
2002
2002
2002
2001
2000
2000
1998
1998
1996
1994
1993
1992
1991
1990
1989
1988
1987
1986
1985
1984
1984
1983
1982
1982
1982
1979
1978
1977
1977
1976
1976
1975
1974
1973
1971
1971
1971
1970
1967
1967
1966
1966
1964
1964
1963
1963
1963
1963
1958
1958
1957
1956
1951
1950
1950
1950
1949
1948
1946
1943
1943
1942
1941
1940
1940
1938
1938
1937
1937
1936
1936
1934
1934
1934
1933
1933
1930
1930
1929
1929
1928
1924
1922
1922
1921
1921
1919
1919
1917
1917
1917
1914
1914
1913
1913
1913
1912
1911
1909
1906
1905
1905
1903
1902
1902
1899
1898
1896
1895
1894
1893
1893
1893
1892
1892
1892
1891
1890
1889
1886
1885
1884
1881
1881
1880
1880
1879
1878
1874
1874
1873
1873
1871
1870
1869
1869
1869
1867
1865
1864
1863
1863
1862
1862
1861
1861
1861
1860
1857
1857
1856
1856
1856
1854
1851
1850
1850
1846
1845
1844
1842
1842
1839
1837
1836
1836
1832
1831
1830
1829
1829
1826
1826
1825
1822
1822
1821
1817
1816
1815
1814
1813
1812
1812
1811
1811
1810
1810
1808
1807
1805
1803
1794
1791
1791
1790
1790
1790
1788
1786
1786
1784
1784
1780
1779
1779
1778
1778
1775
1774
1774
1774
1773
1773
1772
1771
1771
1770
1768
1768
1767
1767
1764
1762
1762
1761
1757
1757
1756
1755
1755
1755
1754
1753
1752
1752
1750
1747
1747
1744
1744
1744
1743
1743
1742
1741
1741
1740
1740
1739
1738
1738
1738
1737
1737
1737
1735
1735
1734
1734
1733
1732
1732
1730
1728
1727
1726
1726
1724
1722
1720
1719
1719
1719
1718
1717
1716
1715
1715
1715
1714
1713
1713
1711
1711
1710
1708
1705
1702
1701
1700
1700
1699
1698
1697
1696
1695
1693
1693
1692
1689
1687
1686
1686
1686
1686
1683
1683
1683
1680
1680
1680
1680
1680
1680
1678
1678
1677
1675
1674
1673
1672
1669
1667
1667
1667
1667
1666
1666
1666
1665
1664
1663
1663
1660
1660
1658
1656
1656
1654
1653
1653
1652
1652
1652
1650
1650
1650
1649
1648
1646
1646
1645
1642
1642
1639
1636
1636
1634
1631
1630
1630
1630
1630
1628
1628
1626
1626
1625
1622
1621
1620
1619
1619
1618
1617
1616
1614
1614
1612
1611
1611
1609
1607
1606
1604
1603
1601
1601
1598
1596
1595
1595
1593
1593
1592
1592
1591
1590
1590
1590
1588
1588
1586
1586
1585
1585
1585
1584
1583
1582
1581
1578
1577
1573
1573
1572
1572
1571
1565
1565
1564
1564
1562
1561
1559
1559
1559
1557
1557
1556
1553
1552
1551
1551
1550
1549
1546
1546
1545
1542
1542
1541
1540
1539
1539
1538
1538
1538
1537
1537
1536
1536
1535
1535
1534
1533
1532
1531
1531
1531
1530
1528
1528
1528
1526
1525
1524
1523
1523
1522
1520
1520
1520
1519
1519
1518
1518
1518
1518
1516
1515
1515
1515
1515
1514
1514
1514
1513
1512
1512
1511
1511
1507
1506
1505
1505
1504
1503
1501
1500
1498
1498
1496
1496
1496
1495
1494
1493
1493
1491
1491
1489
1488
1486
1486
1485
1485
1483
1481
1476
1474
1474
1474
1473
1473
1467
1467
1464
1464
1464
1462
1461
1457
1456
1455
1454
1454
1453
1452
1451
1449
1449
1445
1442
1441
1440
1436
1434
1433
1429
1429
1428
1427
1427
1425
1425
1424
1422
1417
1416
1415
1413
1411
1409
1408
1407
1406
1402
1401
1401
1401
1400
1398
1398
1398
1398
1397
1396
1396
1395
1394
1393
1393
1392
1391
1390
1390
1389
1389
1389
1389
1388
1387
1386
1384
1382
1381
1381
1381
1381
1380
1379
1378
1377
1375
1374
1374
1371
1371
1371
1371
1371
1370
1368
1368
1368
1367
1367
1365
1364
1362
1360
1360
1359
1358
1358
1358
1357
1357
1356
1353
1353
1351
1351
1350
1350
1348
1346
1346
1345
1344
1344
1342
1340
1338
1337
1335
1334
1333
1333
1332
1329
1329
1326
1325
1324
1324
1324
1323
1322
1322
1321
1320
1320
1319
1319
1317
1314
1313
1312
1311
1311
1309
1309
1308
1308
1307
1306
1305
1304
1302
1302
1300
1300
1297
1297
1297
1297
1296
1296
1296
1295
1294
1290
1288
1288
1288
1288
1287
1285
1285
1284
1284
1284
1283
1283
1280
1278
1278
1277
1277
1277
1275
1275
1275
1274
1274
1273
1273
1273
1270
1270
1270
1268
1267
1266
1266
1266
1265
1265
1263
1263
1262
1261
1260
1260
1251
1250
1248
1247
1247
1247
1247
1245
1244
1243
1243
1241
1238
1237
1235
1232
1230
1229
1228
1226
1226
1224
1223
1223
1221
1221
1221
1220
1219
1217
1213
1212
1212
1211
1211
1210
1210
1209
1208
1208
1207
1205
1202
1200
1199
1198
1197
1197
1195
1195
1194
1194
1193
1192
1192
1191
1189
1189
1188
1188
1185
1184
1184
1183
1182
1182
1182
1181
1181
1181
1181
1179
1178
1178
1177
1176
1174
1173
1172
1172
1170
1165
1162
1162
1161
1160
1160
1159
1154
1153
1153
1151
1149
1148
1148
1147
1147
1147
1146
1146
1145
1145
1142
1141
1140
1139
1138
1138
1134
1133
1133
1132
1131
1129
1128
1123
1120
1119
1116
1116
1114
1113
1111
1109
1108
1107
1106
1103
1102
1102
1101
1099
1094
1094
1093
1093
1091
1090
1087
1086
1086
1085
1083
1083
1083
1083
1082
1081
1079
1077
1076
1075
1074
1074
1074
1069
1069
1066
1066
1064
1063
1061
1060
1057
1057
1055
1052
1049
1048
1048
1047
1043
1043
1043
1041
1040
1036
1035
1033
1033
1032
1032
1030
1029
1029
1028
1026
1025
1024
1022
1022
1021
1020
1018
1018
1015
1015
1014
1013
1013
1012
1012
1012
1012
1009
1007
1007
1006
1001
1000
1000
998
996
995
994
993
993
990
990
990
989
989
988
988
988
986
986
985
985
983
982
982
982
981
980
978
977
975
970
964
964
963
962
960
960
959
958
957
957
956
955
955
946
945
945
945
938
935
934
933
929
929
928
928
926
926
920
914
914
913
912
911
909
909
908
908
906
906
905
904
903
902
901
901
900
900
900
899
898
897
896
896
895
894
894
892
890
889
889
888
887
886
886
884
883
882
882
881
881
880
877
876
876
875
875
869
868
866
865
864
862
862
860
858
857
857
856
852
852
852
851
849
846
846
845
845
845
844
844
844
843
841
840
839
839
839
836
835
834
834
834
833
833
833
833
832
829
829
829
827
826
825
824
823
823
823
823
821
820
820
816
815
814
813
812
812
810
807
807
802
801
800
798
798
797
796
796
795
795
795
794
794
794
792
789
789
788
787
787
787
787
787
787
786
786
785
785
783
782
780
778
778
777
777
777
776
775
773
772
772
771
770
770
770
770
769
769
769
768
766
766
765
764
763
758
758
757
755
755
753
752
752
751
751
750
749
748
748
747
745
744
743
743
743
741
740
738
737
737
736
735
734
734
733
733
733
732
732
731
731
731
729
728
728
728
727
726
725
723
722
720
718
717
716
715
715
714
712
712
711
710
709
709
709
708
708
708
707
706
704
703
702
701
700
700
696
696
693
693
693
692
690
688
683
683
682
679
678
678
677
677
674
674
673
672
671
671
669
665
664
664
663
661
660
659
659
658
652
651
651
650
648
646
646
645
642
639
638
637
636
636
634
631
631
630
628
628
627
626
626
626
626
625
624
622
622
622
622
620
617
617
617
616
615
615
615
615
615
614
613
613
613
612
612
610
610
609
608
607
606
604
603
602
600
598
598
597
596
596
595
593
593
593
593
592
592
591
590
590
588
588
588
587
587
586
586
584
581
581
579
579
578
578
577
575
571
571
571
571
571
570
569
562
560
560
558
558
557
557
555
555
554
552
552
549
548
547
545
545
545
543
542
540
538
538
537
537
536
536
534
533
530
529
528
525
525
522
520
518
517
515
514
514
514
514
511
511
509
508
507
503
503
499
499
498
497
493
492
491
490
489
488
488
486
486
484
482
479
478
478
477
477
477
475
471
469
468
467
467
467
466
463
462
461
460
460
459
458
456
455
454
453
453
452
450
450
445
444
443
443
441
440
439
439
439
438
437
437
437
437
435
435
433
432
432
430
428
427
425
425
422
420
420
420
418
417
417
417
416
416
415
413
412
411
411
411
411
410
410
409
408
408
408
407
405
405
405
405
403
403
399
398
396
395
394
393
393
392
391
389
389
386
383
381
381
378
377
377
375
374
372
371
369
368
368
368
368
367
367
366
366
361
359
358
358
358
358
356
355
353
353
353
351
351
349
349
349
349
346
345
345
345
345
342
341
340
340
339
339
339
338
338
337
337
335
334
332
331
331
329
327
325
325
322
320
319
319
317
315
315
315
314
313
312
312
310
309
309
308
307
307
305
305
301
301
300
298
297
295
291
289
289
288
286
285
284
284
280
279
278
278
277
277
277
275
274
274
272
270
270
270
269
269
268
267
267
266
265
264
263
263
263
261
260
259
259
258
258
257
257
254
254
253
251
250
247
245
245
244
243
243
242
242
242
242
240
240
240
239
239
236
234
234
233
233
232
228
228
227
227
226
226
223
222
222
221
220
220
219
219
217
212
212
211
209
208
208
208
207
206
205
205
205
205
204
204
204
203
203
202
201
201
200
199
199
199
198
198
197
197
195
195
194
192
190
189
189
188
187
187
186
185
182
180
179
179
179
178
175
175
174
173
172
172
171
170
169
168
168
167
165
165
164
163
163
162
162
161
159
158
157
157
155
155
152
152
149
149
147
147
147
146
145
145
144
144
143
137
136
135
135
135
135
134
133
131
131
131
130
129
128
127
127
126
125
125
124
123
123
123
123
123
121
121
119
119
119
118
116
115
115
115
113
113
112
111
110
110
110
109
108
107
107
106
103
103
102
101
100
100
97
96
96
95
94
94
94
93
91
90
89
88
87
84
84
84
84
81
80
79
79
78
78
77
76
76
74
74
74
73
73
73
72
72
71
71
70
67
66
63
63
63
62
60
59
57
54
54
53
53
52
51
50
50
50
50
50
49
48
48
46
44
43
43
42
41
41
41
41
41
36
34
34
33
33
33
32
32
30
30
29
28
27
26
25
25
24
20
20
18
17
16
16
15
14
13
13
13
12
12
11
11
10
10
10
9
8
6
6
4
4
3
2
2
1
