9999
9997
9996
9996
9995
9994
9994
9993
9993
9992
9990
9990
9989
9986
9984
9976
9975
9974
9972
9971
9970
9969
9969
9967
9965
9964
9963
9959
9959
9957
9957
9955
9954
9953
9953
9950
9949
9948
9947
9947
9945
9944
9944
9943
9942
9942
9941
9941
9941
9940
9940
9938
9937
9937
9936
9936
9935
9935
9934
9932
9932
9932
9931
9930
9929
9928
9928
9928
9927
9926
9925
9924
9923
9923
9923
9923
9923
9923
9922
9921
9916
9916
9915
9914
9913
9912
9910
9909
9909
9909
9908
9908
9907
9907
9906
9906
9905
9904
9903
9903
9902
9901
9901
9900
9899
9899
9895
9894
9893
9892
9891
9891
9889
9886
9885
9885
9881
9881
9880
9880
9880
9879
9878
9877
9877
9876
9875
9875
9873
9873
9870
9870
9869
9869
9868
9868
9868
9867
9866
9866
9866
9866
9864
9862
9861
9861
9853
9853
9851
9851
9851
9849
9845
9845
9844
9844
9842
9842
9842
9841
9840
9839
9839
9838
9838
9838
9835
9835
9833
9830
9829
9829
9827
9825
9825
9824
9824
9823
9821
9819
9818
9818
9817
9817
9815
9815
9814
9813
9813
9812
9811
9810
9810
9809
9807
9804
9803
9803
9802
9801
9799
9799
9798
9796
9796
9795
9793
9792
9792
9791
9790
9788
9788
9786
9786
9785
9783
9781
9780
9778
9778
9777
9777
9777
9776
9775
9775
9772
9771
9771
9771
9769
9769
9768
9767
9767
9766
9766
9762
9761
9761
9760
9759
9758
9757
9754
9754
9751
9751
9751
9750
9749
9747
9745
9743
9743
9741
9741
9740
9740
9740
9740
9737
9736
9736
9735
9734
9733
9733
9732
9732
9731
9730
9730
9730
9729
9728
9728
9725
9724
9723
9722
9721
9720
9720
9719
9718
9717
9716
9716
9716
9716
9714
9712
9712
9711
9710
9710
9710
9709
9705
9704
9703
9702
9701
9699
9698
9698
9697
9697
9697
9696
9693
9693
9692
9692
9692
9691
9690
9689
9688
9687
9687
9687
9684
9683
9682
9682
9682
9680
9679
9678
9677
9677
9675
9674
9674
9672
9672
9671
9670
9669
9668
9667
9666
9665
9664
9664
9662
9662
9662
9661
9661
9658
9658
9652
9650
9650
9649
9649
9649
9649
9646
9645
9644
9644
9643
9642
9639
9639
9638
9638
9637
9636
9635
9634
9634
9634
9634
9633
9633
9631
9630
9630
9627
9625
9624
9622
9621
9621
9619
9613
9612
9611
9609
9608
9607
9605
9604
9603
9603
9602
9599
9598
9597
9597
9596
9596
9595
9590
9589
9588
9588
9588
9588
9588
9588
9587
9586
9585
9585
9585
9584
9584
9582
9581
9581
9578
9575
9574
9574
9573
9571
9570
9569
9569
9567
9567
9567
9565
9562
9560
9560
9560
9559
9559
9559
9558
9555
9555
9554
9554
9553
9553
9553
9552
9550
9548
9547
9544
9542
9540
9539
9538
9538
9538
9537
9537
9536
9536
9536
9535
9535
9534
9533
9530
9530
9526
9525
9525
9524
9524
9523
9522
9521
9521
9520
9518
9517
9517
9517
9517
9517
9514
9514
9512
9512
9511
9511
9508
9506
9506
9505
9501
9500
9500
9498
9497
9497
9497
9497
9496
9492
9491
9491
9490
9490
9489
9489
9488
9488
9488
9487
9487
9486
9484
9484
9483
9483
9482
9481
9480
9479
9478
9475
9473
9471
9470
9469
9468
9467
9467
9467
9466
9466
9464
9460
9458
9458
9458
9457
9456
9456
9455
9454
9453
9452
9451
9450
9450
9449
9448
9447
9446
9445
9445
9442
9441
9440
9440
9438
9437
9437
9436
9436
9436
9434
9434
9433
9433
9431
9431
9431
9429
9426
9425
9425
9424
9423
9423
9422
9418
9418
9417
9417
9417
9416
9415
9413
9411
9410
9410
9409
9408
9408
9404
9404
9402
9402
9401
9401
9399
9398
9398
9397
9397
9396
9396
9393
9393
9391
9387
9387
9386
9386
9385
9380
9380
9379
9373
9373
9371
9370
9370
9369
9368
9364
9364
9361
9361
9360
9359
9359
9359
9358
9358
9358
9358
9356
9356
9355
9355
9353
9353
9352
9352
9351
9351
9351
9348
9347
9345
9345
9341
9339
9336
9336
9336
9335
9335
9332
9332
9329
9327
9327
9326
9325
9324
9322
9321
9320
9317
9317
9317
9316
9314
9313
9313
9313
9312
9309
9308
9308
9307
9307
9307
9306
9303
9302
9300
9300
9300
9300
9299
9299
9298
9297
9297
9297
9296
9294
9293
9291
9290
9290
9289
9287
9286
9285
9285
9285
9285
9284
9284
9283
9283
9278
9275
9274
9274
9273
9273
9272
9271
9269
9264
9264
9263
9260
9260
9259
9257
9256
9256
9255
9253
9252
9251
9250
9250
9249
9248
9248
9248
9246
9246
9245
9245
9243
9243
9242
9241
9241
9239
9239
9239
9238
9237
9234
9232
9231
9231
9231
9230
9229
9227
9226
9224
9224
9222
9220
9217
9217
9216
9215
9214
9213
9212
9211
9210
9210
9208
9208
9207
9206
9203
9202
9202
9199
9197
9196
9196
9195
9193
9193
9191
9190
9185
9185
9185
9181
9180
9179
9177
9175
9174
9173
9171
9170
9170
9169
9168
9168
9168
9168
9167
9167
9166
9165
9164
9164
9163
9163
9162
9162
9162
9161
9160
9160
9160
9159
9156
9156
9156
9156
9151
9150
9148
9145
9145
9142
9141
9140
9140
9139
9135
9134
9133
9132
9132
9130
9129
9128
9127
9127
9126
9126
9126
9125
9123
9121
9120
9120
9119
9119
9117
9116
9115
9114
9113
9113
9113
9113
9112
9112
9111
9111
9109
9108
9107
9107
9104
9103
9103
9102
9101
9099
9098
9097
9096
9096
9096
9093
9092
9091
9091
9090
9090
9090
9089
9089
9088
9088
9088
9083
9081
9081
9080
9080
9079
9078
9077
9075
9075
9075
9072
9072
9071
9069
9069
9068
9066
9066
9066
9064
9063
9063
9062
9061
9059
9059
9057
9056
9054
9053
9053
9051
9050
9048
9044
9041
9040
9040
9040
9037
9036
9036
9033
9031
9030
9028
9026
9026
9025
9025
9024
9020
9020
9020
9019
9017
9017
9016
9013
9012
9012
9010
9008
9007
9007
9007
9006
9006
9005
9005
9004
9003
8999
8996
8995
8994
8993
8992
8992
8990
8987
8984
8983
8982
8980
8976
8976
8974
8973
8973
8971
8971
8970
8970
8968
8967
8965
8963
8962
8962
8961
8961
8960
8959
8957
8955
8954
8952
8951
8950
8950
8948
8947
8946
8945
8944
8943
8942
8942
8942
8940
8937
8937
8935
8935
8934
8934
8933
8933
8932
8931
8931
8929
8927
8927
8927
8926
8926
8926
8922
8920
8919
8919
8918
8917
8917
8916
8913
8913
8911
8910
8909
8909
8909
8908
8908
8906
8905
8904
8904
8903
8902
8902
8901
8899
8898
8898
8897
8895
8894
8894
8893
8893
8893
8893
8892
8891
8891
8890
8887
8887
8886
8884
8884
8883
8882
8880
8878
8877
8877
8874
8872
8867
8865
8865
8863
8863
8863
8860
8857
8857
8857
8853
8852
8852
8850
8849
8848
8845
8845
8845
8844
8844
8844
8843
8842
8842
8842
8840
8840
8840
8838
8837
8837
8834
8834
8833
8831
8831
8830
8830
8826
8825
8825
8825
8824
8823
8822
8822
8820
8819
8818
8818
8817
8817
8814
8813
8812
8811
8810
8808
8806
8805
8805
8804
8803
8803
8802
8800
8800
8799
8797
8796
8796
8796
8794
8794
8793
8793
8791
8791
8790
8789
8789
8789
8788
8788
8786
8785
8784
8783
8783
8781
8780
8780
8779
8779
8778
8775
8775
8775
8775
8775
8775
8774
8774
8773
8773
8772
8771
8771
8769
8769
8767
8764
8764
8764
8762
8761
8760
8758
8757
8755
8755
8753
8753
8753
8752
8751
8751
8749
8749
8748
8748
8748
8747
8746
8746
8745
8742
8742
8741
8739
8739
8737
8735
8734
8733
8733
8733
8731
8730
8729
8728
8727
8726
8726
8725
8721
8719
8718
8717
8717
8716
8716
8716
8715
8715
8714
8712
8710
8709
8709
8706
8704
8704
8704
8702
8701
8701
8700
8700
8699
8699
8699
8698
8698
8698
8698
8697
8695
8694
8692
8692
8692
8691
8688
8688
8687
8685
8683
8683
8683
8682
8680
8679
8679
8679
8678
8676
8676
8674
8674
8673
8673
8673
8672
8671
8669
8669
8667
8667
8666
8663
8661
8660
8659
8659
8658
8657
8657
8656
8656
8654
8654
8653
8651
8650
8649
8649
8649
8647
8647
8645
8643
8640
8640
8639
8639
8638
8638
8637
8635
8629
8628
8625
8625
8624
8623
8622
8620
8620
8617
8616
8614
8614
8613
8610
8610
8610
8610
8610
8610
8609
8605
8605
8604
8602
8595
8593
8592
8591
8590
8589
8589
8587
8585
8582
8582
8581
8581
8581
8580
8580
8578
8576
8576
8575
8575
8575
8574
8572
8569
8567
8567
8565
8559
8557
8557
8557
8556
8555
8553
8553
8553
8553
8552
8551
8550
8550
8549
8548
8546
8546
8545
8545
8544
8544
8544
8543
8542
8541
8538
8537
8537
8535
8535
8535
8534
8534
8534
8531
8530
8530
8529
8529
8529
8528
8526
8524
8522
8521
8520
8519
8519
8518
8516
8515
8514
8513
8509
8508
8508
8507
8506
8505
8505
8505
8504
8503
8500
8499
8498
8497
8497
8497
8496
8496
8495
8494
8493
8493
8491
8491
8488
8487
8486
8484
8483
8481
8481
8475
8474
8470
8470
8468
8468
8467
8467
8466
8464
8462
8458
8455
8455
8455
8454
8450
8448
8446
8445
8444
8443
8443
8442
8440
8439
8439
8439
8438
8437
8437
8436
8436
8433
8431
8431
8430
8430
8429
8429
8429
8427
8427
8425
8424
8424
8424
8421
8421
8420
8419
8419
8416
8415
8414
8413
8412
8410
8408
8407
8406
8405
8402
8400
8400
8399
8398
8397
8397
8397
8396
8394
8392
8392
8392
8391
8390
8389
8388
8387
8386
8384
8384
8384
8384
8382
8381
8378
8377
8377
8375
8374
8373
8373
8371
8368
8368
8368
8368
8367
8366
8365
8364
8364
8360
8359
8358
8357
8357
8356
8356
8356
8355
8354
8352
8351
8351
8351
8350
8350
8349
8347
8347
8346
8345
8344
8343
8343
8343
8342
8342
8341
8341
8340
8339
8338
8337
8337
8337
8333
8331
8330
8329
8329
8327
8325
8325
8324
8323
8323
8322
8320
8320
8320
8318
8317
8317
8316
8316
8314
8313
8313
8313
8310
8309
8309
8309
8308
8307
8307
8306
8304
8304
8303
8303
8302
8301
8301
8300
8299
8298
8297
8296
8296
8295
8295
8295
8294
8293
8291
8291
8290
8287
8286
8286
8285
8284
8283
8281
8281
8280
8280
8278
8277
8275
8274
8273
8273
8273
8270
8267
8266
8266
8265
8265
8263
8263
8263
8262
8259
8258
8257
8255
8253
8253
8252
8251
8249
8247
8247
8247
8246
8246
8245
8242
8241
8241
8239
8238
8237
8237
8237
8236
8236
8235
8233
8233
8233
8230
8230
8229
8229
8228
8226
8225
8225
8224
8224
8223
8223
8223
8221
8220
8219
8219
8218
8218
8218
8217
8217
8217
8212
8211
8211
8209
8207
8207
8207
8205
8204
8203
8202
8202
8202
8201
8201
8199
8199
8199
8197
8196
8195
8195
8195
8195
8194
8189
8189
8188
8188
8186
8186
8186
8185
8184
8184
8181
8181
8180
8180
8177
8177
8175
8175
8174
8172
8171
8162
8161
8159
8155
8154
8151
8149
8149
8149
8148
8148
8147
8146
8145
8144
8143
8143
8141
8139
8138
8138
8137
8136
8136
8136
8135
8134
8134
8134
8132
8132
8132
8131
8130
8128
8127
8127
8125
8124
8123
8123
8123
8122
8121
8120
8119
8118
8117
8116
8113
8112
8111
8108
8108
8106
8105
8104
8102
8101
8098
8098
8096
8096
8095
8095
8094
8093
8092
8091
8090
8090
8090
8086
8086
8086
8086
8085
8085
8084
8084
8082
8082
8080
8079
8079
8076
8075
8075
8074
8073
8072
8070
8066
8063
8062
8061
8059
8058
8056
8055
8054
8054
8054
8053
8052
8052
8050
8049
8048
8048
8047
8047
8047
8047
8046
8046
8045
8045
8044
8042
8041
8040
8037
8036
8034
8033
8032
8032
8028
8026
8023
8023
8023
8023
8022
8022
8022
8020
8019
8018
8018
8014
8013
8013
8013
8011
8010
8009
8009
8006
8005
8005
8003
8003
8002
8001
7999
7995
7991
7990
7989
7988
7988
7988
7987
7987
7986
7986
7986
7985
7985
7984
7983
7982
7980
7980
7979
7979
7978
7978
7977
7977
7975
7974
7973
7972
7971
7971
7970
7970
7968
7967
7966
7965
7964
7964
7964
7963
7962
7962
7961
7961
7961
7961
7960
7960
7960
7959
7959
7959
7959
7959
7959
7958
7958
7957
7955
7954
7954
7954
7954
7951
7951
7950
7950
7949
7949
7949
7947
7946
7946
7946
7945
7945
7945
7944
7944
7943
7938
7938
7937
7934
7934
7933
7931
7931
7930
7929
7927
7923
7922
7922
7918
7916
7915
7914
7914
7914
7912
7912
7910
7910
7909
7909
7907
7907
7906
7906
7906
7903
7902
7902
7900
7898
7898
7897
7896
7895
7890
7889
7889
7887
7887
7886
7884
7883
7883
7881
7880
7879
7879
7879
7879
7879
7875
7874
7874
7874
7874
7873
7873
7871
7871
7870
7869
7869
7867
7867
7864
7864
7863
7863
7861
7861
7861
7861
7860
7859
7857
7854
7854
7853
7851
7850
7850
7848
7846
7846
7845
7844
7843
7843
7840
7839
7837
7836
7836
7836
7835
7835
7832
7831
7830
7829
7828
7827
7826
7826
7825
7824
7823
7819
7818
7817
7817
7813
7813
7811
7811
7810
7810
7808
7808
7807
7807
7807
7807
7807
7805
7802
7802
7801
7798
7797
7796
7796
7795
7794
7794
7793
7792
7792
7792
7791
7788
7786
7786
7786
7786
7783
7783
7783
7782
7782
7782
7782
7782
7782
7781
7781
7780
7779
7777
7776
7776
7776
7775
7774
7773
7773
7772
7771
7770
7769
7769
7767
7766
7766
7766
7765
7765
7763
7763
7761
7761
7760
7760
7758
7757
7757
7756
7756
7756
7754
7753
7752
7751
7747
7745
7745
7744
7744
7744
7740
7740
7738
7737
7735
7731
7730
7729
7728
7728
7728
7728
7727
7726
7726
7724
7722
7721
7721
7717
7716
7716
7716
7715
7715
7715
7714
7714
7714
7711
7711
7711
7710
7705
7705
7704
7702
7702
7697
7692
7692
7691
7689
7688
7687
7681
7680
7680
7680
7679
7679
7678
7677
7677
7677
7675
7671
7666
7665
7664
7663
7662
7661
7660
7659
7658
7658
7655
7654
7654
7654
7652
7650
7649
7649
7647
7646
7645
7644
7643
7643
7643
7642
7642
7642
7641
7640
7638
7637
7637
7637
7636
7636
7635
7634
7634
7632
7630
7630
7629
7628
7624
7624
7624
7624
7623
7623
7623
7622
7622
7621
7621
7619
7618
7618
7618
7617
7617
7617
7617
7615
7615
7614
7614
7613
7612
7611
7610
7610
7610
7609
7609
7609
7608
7608
7606
7606
7605
7605
7602
7601
7601
7600
7600
7599
7599
7597
7596
7595
7595
7595
7595
7594
7594
7594
7593
7592
7590
7588
7587
7584
7583
7582
7581
7580
7579
7579
7578
7577
7577
7577
7576
7576
7575
7574
7571
7571
7570
7567
7567
7567
7566
7561
7561
7561
7561
7561
7559
7559
7558
7558
7557
7556
7554
7554
7554
7551
7550
7549
7547
7545
7545
7545
7544
7543
7543
7543
7543
7543
7540
7540
7540
7537
7537
7537
7536
7535
7535
7533
7533
7532
7532
7532
7531
7531
7531
7530
7527
7527
7526
7524
7523
7520
7520
7517
7517
7513
7512
7511
7511
7511
7509
7508
7508
7508
7507
7505
7505
7505
7503
7502
7502
7502
7501
7499
7498
7498
7498
7497
7496
7495
7492
7491
7490
7487
7487
7484
7482
7482
7481
7480
7480
7480
7480
7479
7475
7471
7471
7471
7470
7469
7469
7468
7467
7465
7464
7464
7458
7457
7455
7454
7453
7453
7452
7450
7449
7449
7449
7445
7445
7445
7443
7442
7440
7439
7437
7436
7436
7435
7435
7434
7433
7433
7432
7430
7430
7430
7429
7427
7427
7423
7422
7421
7421
7421
7421
7420
7419
7417
7416
7416
7415
7414
7414
7411
7410
7410
7407
7406
7405
7403
7402
7401
7400
7399
7399
7398
7398
7398
7397
7396
7396
7395
7394
7393
7392
7391
7390
7388
7387
7386
7386
7383
7381
7380
7380
7380
7379
7376
7376
7374
7374
7373
7371
7371
7370
7369
7369
7367
7367
7366
7366
7366
7365
7365
7363
7363
7362
7362
7362
7361
7360
7360
7355
7355
7354
7354
7353
7350
7349
7349
7348
7346
7344
7344
7343
7343
7342
7341
7338
7338
7337
7337
7336
7334
7333
7333
7332
7331
7330
7329
7328
7327
7327
7326
7325
7325
7325
7323
7321
7320
7320
7319
7318
7318
7317
7316
7315
7315
7314
7314
7311
7311
7310
7309
7309
7305
7303
7303
7302
7302
7301
7299
7299
7298
7298
7292
7292
7291
7290
7290
7290
7290
7287
7285
7284
7284
7281
7280
7278
7278
7277
7277
7276
7276
7275
7273
7270
7270
7268
7266
7264
7262
7262
7261
7260
7259
7259
7258
7258
7258
7257
7257
7256
7255
7253
7252
7248
7248
7247
7247
7245
7245
7243
7241
7241
7239
7238
7237
7237
7235
7234
7232
7231
7229
7229
7227
7226
7226
7225
7224
7224
7223
7220
7220
7219
7219
7219
7219
7217
7216
7214
7214
7214
7213
7212
7212
7210
7208
7206
7204
7202
7200
7199
7198
7196
7195
7195
7194
7193
7193
7192
7191
7187
7185
7185
7183
7180
7178
7178
7177
7176
7174
7174
7173
7173
7171
7171
7171
7171
7170
7169
7169
7167
7167
7166
7163
7163
7163
7160
7157
7153
7153
7153
7153
7152
7152
7150
7149
7149
7148
7148
7148
7147
7146
7145
7145
7143
7143
7142
7141
7141
7141
7140
7140
7139
7139
7138
7136
7136
7135
7134
7134
7134
7133
7133
7133
7133
7128
7127
7127
7126
7125
7121
7121
7120
7119
7119
7119
7118
7118
7118
7116
7115
7114
7113
7112
7111
7111
7110
7110
7108
7107
7105
7105
7102
7102
7101
7101
7099
7097
7095
7093
7093
7092
7090
7089
7089
7087
7087
7085
7084
7084
7083
7079
7077
7073
7073
7073
7071
7069
7068
7068
7066
7065
7063
7060
7060
7059
7058
7057
7057
7056
7056
7053
7053
7052
7051
7051
7050
7050
7049
7048
7048
7047
7047
7046
7044
7044
7043
7043
7043
7043
7042
7041
7041
7039
7038
7038
7038
7035
7033
7033
7031
7030
7028
7028
7027
7027
7027
7026
7026
7023
7021
7020
7020
7018
7016
7016
7015
7014
7013
7010
7009
7008
7008
7008
7007
7004
7004
7004
7004
7003
7002
7002
7001
7000
6999
6997
6997
6997
6995
6994
6993
6993
6990
6990
6990
6990
6989
6989
6989
6988
6988
6988
6984
6984
6980
6979
6979
6979
6978
6977
6977
6977
6975
6974
6974
6973
6971
6971
6970
6969
6966
6963
6963
6963
6963
6961
6960
6959
6959
6959
6957
6956
6953
6953
6952
6951
6949
6949
6948
6948
6948
6948
6947
6947
6946
6946
6945
6944
6942
6940
6940
6939
6937
6935
6935
6935
6934
6934
6930
6930
6922
6921
6921
6919
6919
6918
6916
6913
6912
6912
6911
6910
6908
6907
6907
6907
6906
6904
6902
6901
6901
6900
6900
6900
6900
6899
6898
6897
6897
6895
6892
6891
6890
6889
6889
6888
6887
6887
6887
6885
6885
6884
6884
6884
6882
6882
6881
6879
6878
6877
6870
6870
6869
6867
6866
6865
6865
6864
6861
6861
6859
6858
6853
6853
6850
6849
6848
6847
6845
6842
6840
6840
6839
6838
6837
6836
6836
6836
6835
6834
6832
6828
6827
6827
6827
6826
6824
6824
6824
6824
6823
6823
6822
6820
6818
6817
6816
6816
6816
6815
6815
6812
6812
6812
6808
6808
6808
6808
6807
6807
6805
6804
6802
6801
6801
6801
6800
6799
6799
6799
6798
6794
6793
6793
6793
6792
6791
6790
6790
6789
6787
6787
6787
6786
6786
6785
6785
6785
6784
6782
6780
6779
6778
6775
6774
6774
6773
6772
6771
6769
6769
6769
6768
6767
6766
6766
6764
6762
6762
6762
6762
6761
6761
6760
6760
6760
6759
6758
6755
6752
6751
6751
6750
6750
6749
6748
6748
6747
6747
6747
6746
6745
6744
6744
6744
6743
6742
6741
6741
6740
6740
6739
6738
6737
6734
6734
6734
6732
6731
6729
6729
6729
6729
6727
6725
6725
6720
6719
6719
6718
6718
6717
6714
6714
6712
6712
6712
6711
6709
6708
6708
6707
6705
6705
6704
6704
6702
6702
6701
6700
6700
6698
6698
6697
6697
6697
6697
6695
6695
6695
6694
6693
6693
6692
6690
6688
6688
6687
6687
6686
6686
6685
6685
6684
6683
6683
6682
6680
6680
6679
6676
6673
6673
6673
6671
6670
6670
6669
6669
6669
6668
6666
6665
6664
6663
6660
6659
6659
6656
6656
6655
6654
6653
6652
6650
6650
6650
6648
6648
6647
6647
6646
6645
6645
6643
6643
6641
6640
6639
6638
6637
6635
6633
6632
6632
6632
6632
6631
6630
6629
6627
6627
6625
6624
6622
6620
6618
6618
6616
6614
6613
6609
6607
6605
6605
6605
6605
6602
6602
6601
6601
6600
6600
6598
6597
6596
6595
6593
6593
6593
6589
6586
6586
6585
6585
6583
6583
6582
6582
6579
6579
6578
6577
6576
6575
6574
6574
6572
6568
6568
6567
6567
6565
6562
6562
6561
6560
6559
6556
6555
6555
6553
6552
6551
6550
6550
6550
6550
6547
6546
6545
6544
6544
6544
6543
6543
6543
6543
6542
6541
6540
6538
6538
6537
6537
6535
6535
6534
6533
6531
6530
6529
6527
6526
6524
6523
6523
6523
6518
6518
6516
6514
6514
6513
6512
6511
6508
6507
6507
6507
6507
6504
6502
6502
6501
6501
6501
6499
6499
6497
6497
6497
6494
6494
6493
6492
6490
6490
6489
6486
6484
6484
6483
6482
6482
6480
6480
6479
6478
6476
6476
6475
6475
6471
6471
6469
6468
6467
6467
6466
6466
6465
6464
6464
6464
6463
6461
6459
6457
6457
6457
6454
6453
6452
6451
6451
6451
6448
6448
6448
6446
6445
6443
6442
6442
6442
6441
6437
6436
6436
6436
6436
6435
6433
6432
6431
6431
6425
6425
6425
6425
6424
6424
6423
6422
6422
6421
6420
6420
6420
6420
6420
6419
6418
6416
6416
6416
6415
6414
6414
6413
6412
6411
6409
6408
6406
6404
6404
6404
6404
6404
6402
6400
6400
6400
6398
6398
6398
6398
6397
6396
6395
6395
6393
6393
6391
6390
6389
6389
6388
6386
6385
6385
6383
6383
6383
6383
6381
6380
6380
6378
6374
6373
6372
6370
6370
6369
6369
6368
6368
6367
6361
6360
6359
6357
6357
6356
6354
6352
6350
6348
6347
6346
6343
6343
6343
6342
6342
6340
6338
6338
6337
6336
6335
6335
6331
6330
6330
6328
6326
6322
6322
6322
6320
6318
6318
6317
6316
6316
6316
6316
6314
6314
6313
6312
6312
6312
6310
6310
6308
6308
6306
6306
6305
6304
6304
6303
6301
6300
6299
6299
6298
6298
6296
6295
6293
6292
6291
6290
6290
6289
6288
6287
6286
6284
6280
6280
6279
6277
6277
6276
6276
6275
6274
6273
6272
6271
6271
6270
6268
6268
6267
6264
6263
6263
6263
6262
6262
6261
6260
6260
6260
6257
6257
6256
6253
6253
6253
6252
6252
6251
6251
6251
6250
6250
6248
6248
6247
6247
6247
6246
6246
6246
6244
6243
6241
6240
6239
6238
6235
6233
6233
6232
6230
6230
6228
6228
6226
6225
6224
6223
6222
6222
6221
6221
6221
6220
6220
6219
6219
6218
6214
6212
6210
6210
6209
6209
6208
6208
6207
6205
6205
6203
6203
6200
6199
6196
6196
6196
6196
6196
6195
6194
6194
6194
6193
6190
6190
6188
6187
6187
6186
6186
6185
6184
6184
6183
6181
6180
6179
6176
6176
6176
6175
6175
6174
6174
6172
6170
6170
6168
6168
6167
6167
6167
6166
6165
6165
6164
6164
6164
6162
6161
6159
6157
6154
6154
6154
6153
6153
6153
6153
6152
6150
6149
6149
6148
6148
6145
6142
6142
6142
6142
6142
6141
6141
6139
6139
6139
6137
6137
6134
6134
6133
6132
6132
6131
6131
6129
6127
6126
6125
6123
6123
6121
6121
6120
6119
6118
6117
6115
6114
6113
6109
6109
6108
6106
6105
6104
6104
6103
6102
6101
6101
6100
6100
6099
6099
6099
6096
6095
6094
6094
6093
6090
6089
6089
6089
6086
6085
6084
6083
6081
6080
6079
6079
6078
6078
6076
6076
6075
6074
6073
6073
6071
6071
6069
6067
6066
6062
6062
6061
6060
6059
6058
6057
6057
6056
6056
6056
6055
6055
6054
6054
6052
6051
6050
6049
6048
6047
6047
6046
6045
6042
6041
6041
6041
6040
6040
6039
6039
6037
6036
6035
6034
6034
6034
6033
6033
6032
6032
6030
6029
6028
6028
6026
6025
6024
6024
6023
6022
6019
6019
6019
6018
6018
6017
6017
6017
6013
6010
6008
6007
6007
6006
6006
6006
6006
6005
6003
6002
6001
6000
6000
5999
5999
5999
5997
5996
5993
5992
5991
5991
5991
5991
5990
5990
5990
5990
5990
5989
5988
5987
5987
5987
5987
5985
5984
5984
5983
5982
5982
5981
5980
5980
5978
5978
5977
5977
5977
5973
5972
5971
5970
5970
5969
5969
5969
5968
5968
5968
5965
5964
5964
5963
5963
5961
5960
5959
5958
5957
5957
5953
5949
5949
5948
5948
5947
5947
5947
5947
5947
5945
5945
5945
5943
5943
5942
5940
5940
5939
5938
5937
5936
5935
5934
5933
5933
5933
5931
5931
5930
5930
5929
5929
5928
5926
5926
5924
5923
5923
5923
5922
5922
5920
5919
5914
5914
5913
5913
5911
5910
5908
5907
5907
5906
5905
5904
5903
5903
5901
5901
5900
5898
5898
5895
5894
5892
5890
5886
5883
5882
5880
5878
5877
5875
5874
5873
5872
5871
5870
5870
5868
5867
5864
5864
5863
5862
5860
5858
5857
5857
5855
5855
5855
5854
5854
5853
5852
5852
5852
5851
5850
5850
5849
5849
5849
5849
5848
5848
5846
5845
5844
5844
5844
5843
5842
5842
5840
5840
5839
5838
5834
5833
5833
5832
5831
5830
5829
5828
5827
5826
5825
5825
5825
5822
5820
5819
5818
5818
5816
5815
5815
5815
5812
5810
5810
5809
5809
5807
5807
5804
5804
5804
5802
5802
5801
5801
5801
5800
5797
5797
5797
5797
5797
5795
5795
5794
5790
5790
5790
5789
5789
5786
5786
5785
5783
5783
5783
5781
5781
5781
5777
5777
5776
5770
5769
5767
5765
5765
5765
5764
5762
5762
5760
5759
5758
5758
5755
5755
5754
5751
5750
5747
5746
5745
5742
5741
5740
5740
5738
5738
5737
5736
5734
5734
5734
5733
5731
5729
5727
5725
5725
5722
5719
5718
5717
5714
5713
5713
5712
5710
5710
5710
5709
5707
5706
5706
5705
5704
5703
5700
5697
5696
5695
5693
5691
5690
5688
5688
5688
5687
5684
5684
5683
5681
5681
5681
5680
5679
5677
5674
5674
5673
5672
5672
5672
5670
5668
5667
5666
5663
5661
5660
5658
5654
5653
5651
5650
5650
5648
5647
5645
5643
5642
5641
5641
5637
5637
5635
5635
5635
5634
5634
5632
5632
5631
5629
5624
5623
5623
5623
5622
5622
5621
5621
5620
5617
5616
5616
5613
5611
5610
5610
5609
5609
5608
5608
5607
5607
5607
5605
5605
5604
5602
5602
5602
5602
5602
5600
5599
5598
5597
5597
5594
5593
5593
5592
5591
5588
5588
5585
5583
5582
5579
5579
5577
5576
5576
5576
5576
5575
5574
5574
5574
5573
5573
5570
5570
5568
5567
5566
5566
5565
5565
5564
5564
5564
5562
5561
5561
5561
5559
5559
5559
5558
5557
5557
5556
5555
5553
5552
5550
5547
5547
5546
5545
5543
5543
5543
5543
5542
5542
5542
5541
5541
5539
5538
5537
5537
5535
5534
5533
5533
5530
5528
5528
5528
5527
5524
5523
5517
5517
5517
5517
5517
5514
5513
5513
5513
5511
5510
5510
5509
5509
5508
5507
5505
5504
5502
5502
5500
5500
5498
5498
5498
5497
5497
5496
5496
5495
5495
5494
5493
5493
5492
5490
5490
5490
5490
5489
5489
5489
5489
5488
5488
5486
5484
5483
5482
5481
5480
5478
5477
5474
5473
5472
5469
5468
5468
5467
5466
5464
5463
5461
5461
5461
5461
5460
5460
5456
5454
5454
5454
5453
5452
5451
5450
5450
5449
5446
5446
5445
5444
5444
5443
5442
5440
5438
5437
5436
5436
5433
5432
5431
5431
5430
5428
5428
5426
5426
5425
5424
5423
5423
5422
5420
5419
5419
5418
5417
5417
5413
5412
5411
5411
5411
5409
5407
5401
5401
5400
5398
5397
5396
5395
5395
5394
5393
5392
5390
5390
5387
5384
5383
5383
5383
5379
5377
5377
5376
5375
5373
5371
5369
5368
5368
5367
5364
5364
5363
5363
5362
5362
5361
5361
5360
5360
5358
5357
5357
5356
5356
5356
5351
5351
5347
5346
5346
5346
5342
5341
5341
5341
5338
5335
5335
5332
5332
5331
5330
5330
5328
5327
5327
5327
5326
5325
5322
5320
5318
5318
5318
5317
5316
5316
5315
5314
5314
5313
5312
5312
5311
5311
5310
5309
5308
5306
5306
5305
5304
5302
5301
5300
5299
5298
5298
5298
5297
5296
5294
5291
5290
5290
5290
5288
5287
5286
5286
5286
5285
5283
5283
5279
5278
5278
5277
5277
5277
5272
5270
5268
5266
5266
5266
5264
5264
5263
5260
5259
5257
5255
5255
5253
5251
5250
5249
5249
5248
5247
5245
5244
5244
5241
5239
5239
5238
5237
5236
5235
5235
5235
5235
5234
5234
5233
5226
5226
5226
5225
5225
5224
5223
5223
5222
5222
5222
5219
5219
5217
5217
5216
5216
5215
5214
5213
5210
5209
5207
5207
5207
5206
5205
5205
5204
5201
5200
5199
5199
5195
5194
5194
5191
5191
5191
5190
5188
5187
5187
5186
5184
5184
5184
5184
5184
5183
5180
5180
5179
5177
5177
5177
5177
5175
5174
5174
5171
5170
5169
5169
5168
5168
5167
5166
5165
5164
5164
5164
5163
5162
5162
5160
5158
5157
5156
5155
5154
5154
5154
5153
5153
5152
5151
5151
5149
5149
5149
5147
5145
5143
5142
5141
5141
5138
5138
5137
5137
5136
5135
5135
5134
5133
5133
5131
5130
5129
5128
5126
5125
5125
5123
5122
5122
5121
5120
5118
5118
5118
5117
5116
5114
5114
5112
5112
5111
5110
5110
5110
5108
5108
5106
5105
5105
5103
5101
5101
5098
5098
5097
5097
5097
5097
5095
5095
5093
5092
5090
5090
5090
5090
5090
5089
5087
5086
5085
5084
5083
5081
5081
5079
5078
5078
5075
5075
5074
5073
5072
5072
5072
5071
5071
5069
5067
5067
5066
5065
5064
5064
5062
5062
5062
5062
5062
5061
5060
5057
5057
5056
5056
5054
5053
5052
5052
5052
5052
5050
5049
5047
5047
5045
5045
5044
5043
5042
5040
5040
5039
5036
5035
5034
5034
5033
5033
5028
5028
5028
5027
5025
5024
5023
5022
5021
5020
5020
5018
5016
5016
5016
5015
5015
5013
5005
5005
5004
5004
5004
5003
5003
5002
5001
5001
5000
4999
4999
4997
4996
4995
4995
4994
4991
4990
4990
4989
4988
4986
4986
4985
4985
4984
4984
4984
4984
4983
4983
4982
4981
4980
4979
4978
4978
4977
4977
4974
4973
4972
4969
4967
4966
4965
4964
4962
4961
4961
4960
4959
4957
4956
4956
4956
4955
4954
4954
4953
4953
4950
4947
4947
4946
4941
4940
4939
4938
4937
4937
4935
4935
4935
4935
4932
4932
4931
4929
4928
4928
4927
4926
4925
4925
4923
4923
4922
4920
4919
4917
4916
4916
4916
4911
4910
4908
4907
4906
4905
4904
4903
4903
4902
4901
4900
4898
4896
4896
4895
4895
4895
4895
4894
4894
4891
4891
4889
4889
4887
4886
4886
4883
4882
4881
4881
4878
4878
4878
4878
4877
4877
4876
4876
4873
4871
4871
4869
4868
4867
4866
4866
4865
4865
4864
4863
4863
4862
4862
4862
4861
4860
4858
4857
4853
4852
4851
4850
4846
4846
4846
4846
4843
4835
4833
4832
4831
4830
4830
4829
4828
4826
4826
4826
4826
4825
4825
4822
4821
4821
4821
4821
4820
4819
4819
4819
4818
4818
4818
4815
4814
4812
4811
4811
4811
4810
4810
4808
4808
4807
4807
4807
4807
4807
4806
4806
4803
4799
4797
4796
4795
4794
4790
4790
4790
4787
4787
4786
4784
4784
4783
4782
4781
4781
4780
4780
4780
4780
4779
4778
4777
4776
4775
4775
4770
4769
4768
4768
4768
4768
4767
4766
4766
4766
4765
4765
4764
4764
4762
4762
4762
4761
4759
4759
4758
4758
4758
4757
4757
4756
4756
4754
4753
4753
4752
4752
4751
4751
4750
4750
4749
4749
4748
4747
4747
4746
4745
4743
4743
4742
4739
4739
4738
4738
4738
4736
4735
4735
4734
4732
4732
4730
4729
4728
4726
4726
4725
4725
4722
4722
4719
4719
4717
4717
4716
4713
4713
4710
4710
4709
4708
4706
4706
4705
4705
4704
4701
4700
4700
4700
4697
4696
4696
4695
4694
4693
4693
4692
4689
4687
4686
4686
4686
4685
4684
4684
4682
4682
4681
4678
4678
4676
4675
4675
4674
4672
4670
4668
4668
4667
4665
4665
4664
4663
4663
4663
4663
4662
4659
4658
4658
4657
4655
4654
4654
4654
4653
4652
4652
4652
4652
4652
4652
4650
4650
4648
4647
4643
4643
4642
4641
4641
4641
4640
4639
4639
4638
4637
4636
4634
4630
4626
4623
4622
4621
4621
4620
4620
4619
4618
4617
4616
4615
4614
4614
4613
4613
4612
4611
4611
4610
4610
4608
4608
4606
4605
4604
4604
4602
4601
4597
4597
4596
4595
4594
4593
4590
4590
4590
4588
4587
4587
4587
4585
4585
4584
4583
4583
4582
4579
4579
4578
4577
4575
4575
4575
4573
4573
4572
4570
4568
4567
4567
4566
4563
4563
4563
4562
4561
4559
4559
4559
4558
4557
4557
4557
4557
4557
4556
4555
4555
4554
4552
4552
4551
4550
4550
4549
4548
4547
4547
4545
4542
4541
4540
4540
4539
4537
4535
4535
4534
4533
4533
4533
4531
4531
4529
4528
4527
4527
4527
4527
4524
4524
4524
4522
4518
4518
4518
4514
4513
4512
4511
4511
4509
4509
4505
4505
4504
4504
4502
4502
4501
4501
4499
4498
4498
4497
4496
4494
4492
4491
4490
4490
4488
4487
4485
4485
4484
4484
4483
4483
4480
4479
4478
4477
4476
4474
4472
4472
4472
4471
4469
4469
4466
4466
4465
4464
4463
4462
4460
4460
4460
4459
4459
4458
4454
4452
4452
4452
4450
4450
4448
4447
4447
4447
4446
4446
4445
4445
4445
4441
4439
4438
4436
4436
4435
4434
4432
4432
4432
4431
4431
4429
4429
4429
4427
4425
4423
4423
4421
4420
4420
4418
4418
4418
4417
4416
4410
4409
4409
4404
4403
4402
4402
4401
4400
4400
4400
4400
4398
4398
4397
4396
4396
4395
4395
4394
4393
4392
4392
4391
4391
4388
4387
4387
4383
4383
4383
4382
4382
4382
4382
4381
4377
4377
4376
4375
4374
4373
4373
4373
4372
4372
4371
4370
4368
4368
4368
4363
4363
4359
4359
4357
4356
4355
4353
4353
4352
4347
4345
4345
4343
4341
4341
4341
4340
4340
4338
4336
4336
4335
4334
4334
4332
4331
4330
4330
4329
4328
4327
4326
4326
4323
4323
4323
4322
4320
4320
4316
4314
4314
4313
4311
4311
4311
4310
4310
4308
4308
4307
4306
4304
4303
4302
4300
4299
4298
4297
4296
4295
4293
4293
4291
4291
4290
4288
4287
4287
4285
4284
4282
4279
4279
4279
4279
4276
4274
4274
4273
4272
4272
4271
4271
4269
4266
4265
4264
4264
4263
4260
4259
4259
4259
4258
4256
4255
4254
4253
4252
4252
4251
4251
4251
4250
4249
4249
4249
4248
4247
4245
4243
4242
4242
4240
4239
4239
4239
4238
4238
4237
4237
4236
4236
4235
4232
4232
4231
4228
4223
4222
4221
4220
4219
4219
4219
4217
4216
4214
4214
4213
4213
4212
4211
4210
4210
4209
4209
4208
4208
4207
4207
4206
4205
4204
4201
4201
4199
4199
4197
4197
4196
4194
4193
4192
4192
4188
4186
4185
4185
4185
4185
4184
4184
4183
4183
4182
4182
4181
4180
4180
4178
4174
4174
4174
4171
4168
4167
4166
4165
4165
4165
4164
4164
4163
4161
4160
4159
4159
4154
4150
4146
4145
4145
4144
4144
4141
4140
4140
4137
4137
4137
4135
4134
4134
4133
4133
4132
4132
4131
4131
4131
4131
4130
4129
4129
4128
4124
4123
4122
4121
4119
4117
4116
4116
4115
4115
4115
4115
4114
4113
4112
4112
4111
4107
4103
4102
4102
4100
4100
4099
4098
4098
4097
4097
4097
4096
4096
4096
4092
4092
4091
4089
4089
4089
4087
4087
4087
4086
4085
4084
4083
4083
4082
4082
4082
4079
4077
4077
4074
4071
4070
4069
4068
4067
4066
4064
4063
4059
4058
4058
4057
4055
4055
4055
4054
4052
4051
4050
4050
4048
4047
4047
4047
4046
4045
4043
4043
4041
4040
4037
4035
4030
4030
4029
4028
4026
4026
4024
4024
4024
4023
4020
4019
4019
4017
4016
4011
4011
4010
4009
4009
4008
4007
4006
4006
4002
4001
3998
3996
3995
3994
3992
3992
3991
3990
3986
3986
3986
3986
3985
3985
3984
3984
3983
3983
3980
3978
3975
3975
3972
3971
3970
3970
3969
3969
3969
3968
3965
3965
3964
3963
3961
3960
3960
3959
3958
3956
3954
3953
3950
3950
3949
3949
3948
3948
3947
3946
3945
3943
3942
3941
3940
3939
3939
3938
3938
3937
3935
3935
3933
3931
3930
3929
3929
3926
3926
3925
3925
3925
3921
3920
3919
3918
3917
3915
3915
3914
3911
3909
3909
3908
3907
3907
3905
3903
3902
3900
3899
3899
3894
3894
3894
3893
3892
3891
3890
3890
3889
3888
3888
3888
3887
3887
3885
3885
3885
3883
3883
3881
3877
3876
3874
3873
3872
3872
3870
3869
3869
3867
3867
3866
3865
3865
3865
3864
3862
3862
3861
3860
3859
3858
3857
3856
3856
3854
3854
3851
3848
3847
3846
3846
3846
3845
3845
3845
3844
3843
3841
3836
3836
3835
3835
3833
3833
3831
3830
3830
3826
3825
3822
3821
3820
3820
3818
3817
3816
3814
3813
3813
3811
3811
3809
3808
3807
3806
3805
3804
3804
3803
3802
3801
3800
3800
3800
3799
3798
3797
3795
3794
3793
3792
3790
3789
3788
3785
3784
3782
3781
3780
3780
3780
3779
3779
3777
3776
3775
3774
3774
3773
3768
3768
3767
3767
3764
3764
3764
3764
3761
3761
3761
3760
3758
3758
3756
3755
3753
3753
3752
3749
3747
3747
3746
3743
3742
3741
3739
3737
3734
3734
3733
3733
3732
3731
3731
3730
3725
3724
3723
3722
3719
3718
3717
3714
3712
3712
3709
3709
3709
3708
3706
3705
3703
3702
3702
3700
3699
3699
3699
3698
3696
3696
3692
3691
3690
3689
3688
3686
3685
3684
3684
3683
3682
3682
3679
3678
3675
3675
3674
3673
3669
3667
3664
3664
3663
3662
3662
3662
3661
3659
3659
3658
3657
3656
3656
3656
3656
3655
3655
3654
3654
3654
3654
3652
3652
3652
3652
3651
3651
3650
3648
3647
3644
3643
3643
3642
3641
3640
3640
3639
3639
3638
3636
3634
3634
3633
3632
3631
3631
3629
3629
3627
3625
3625
3624
3623
3623
3622
3621
3620
3618
3617
3616
3616
3615
3614
3612
3612
3611
3611
3610
3608
3607
3606
3604
3604
3603
3602
3601
3601
3600
3598
3598
3598
3597
3596
3596
3594
3593
3593
3592
3590
3590
3588
3588
3588
3587
3586
3586
3585
3583
3583
3583
3582
3581
3579
3577
3572
3572
3570
3568
3567
3564
3564
3562
3562
3560
3560
3560
3559
3559
3559
3558
3557
3553
3553
3553
3552
3551
3549
3549
3546
3546
3545
3543
3543
3542
3542
3542
3541
3540
3539
3538
3538
3537
3534
3533
3533
3533
3532
3530
3529
3529
3527
3526
3524
3523
3521
3521
3520
3520
3519
3518
3515
3515
3514
3513
3512
3508
3507
3507
3507
3506
3506
3505
3504
3504
3502
3501
3500
3500
3499
3496
3495
3489
3488
3488
3486
3483
3482
3476
3475
3473
3472
3472
3472
3471
3469
3465
3464
3464
3463
3462
3461
3461
3460
3459
3458
3457
3455
3452
3452
3452
3452
3447
3447
3446
3444
3443
3443
3440
3439
3439
3438
3438
3438
3438
3437
3437
3436
3436
3436
3436
3436
3436
3435
3434
3434
3433
3433
3432
3429
3428
3426
3425
3424
3424
3424
3423
3423
3422
3422
3419
3419
3419
3418
3418
3418
3417
3417
3417
3416
3415
3415
3412
3409
3409
3409
3409
3407
3406
3403
3401
3400
3399
3398
3396
3395
3394
3393
3393
3392
3392
3392
3392
3392
3391
3391
3391
3390
3390
3389
3388
3388
3386
3384
3383
3383
3381
3381
3380
3379
3375
3375
3373
3372
3369
3367
3367
3367
3366
3365
3365
3364
3364
3362
3362
3361
3360
3360
3359
3359
3359
3357
3357
3354
3353
3353
3352
3352
3352
3350
3346
3346
3346
3346
3342
3342
3341
3341
3341
3341
3339
3339
3335
3335
3334
3332
3328
3328
3327
3326
3326
3324
3324
3324
3324
3323
3323
3322
3321
3314
3313
3312
3311
3311
3309
3309
3307
3306
3304
3299
3299
3299
3295
3294
3294
3293
3291
3290
3288
3287
3286
3285
3283
3283
3282
3282
3281
3281
3279
3279
3278
3276
3275
3275
3274
3272
3271
3269
3269
3267
3267
3267
3266
3265
3264
3263
3262
3261
3261
3260
3258
3258
3257
3254
3254
3252
3250
3249
3247
3247
3246
3246
3246
3245
3242
3242
3242
3242
3238
3237
3237
3236
3235
3234
3233
3231
3229
3227
3227
3226
3224
3222
3221
3220
3218
3217
3216
3216
3215
3214
3214
3214
3211
3211
3209
3207
3206
3204
3203
3203
3202
3201
3198
3197
3196
3196
3192
3191
3191
3188
3188
3187
3187
3186
3186
3184
3182
3182
3182
3181
3179
3174
3174
3173
3171
3171
3171
3169
3167
3166
3165
3164
3164
3163
3162
3160
3160
3159
3159
3158
3158
3157
3157
3156
3156
3156
3155
3154
3153
3153
3152
3152
3152
3151
3151
3150
3149
3147
3146
3146
3145
3144
3144
3142
3141
3140
3140
3140
3140
3139
3139
3138
3138
3136
3136
3135
3133
3132
3131
3131
3130
3130
3128
3126
3125
3125
3124
3124
3124
3123
3122
3122
3121
3120
3119
3119
3119
3118
3117
3117
3116
3115
3114
3112
3111
3110
3109
3107
3107
3106
3102
3101
3100
3100
3099
3099
3098
3098
3098
3097
3097
3097
3097
3096
3093
3092
3091
3091
3090
3088
3087
3085
3083
3082
3081
3080
3077
3076
3076
3076
3075
3075
3075
3074
3073
3072
3071
3071
3064
3064
3062
3060
3056
3056
3054
3053
3051
3048
3046
3046
3044
3044
3044
3043
3042
3042
3041
3041
3036
3035
3034
3031
3030
3029
3028
3027
3026
3025
3025
3025
3024
3023
3022
3021
3020
3020
3020
3019
3016
3015
3015
3014
3014
3014
3012
3011
3010
3006
3004
3003
3003
3002
3002
3001
3000
3000
3000
2999
2999
2998
2997
2997
2996
2996
2996
2995
2993
2992
2991
2988
2988
2986
2985
2984
2984
2982
2981
2981
2980
2980
2979
2978
2977
2976
2976
2975
2973
2972
2971
2971
2971
2967
2966
2966
2965
2965
2965
2963
2962
2960
2960
2956
2956
2949
2948
2946
2945
2945
2943
2941
2940
2938
2936
2935
2934
2934
2933
2932
2931
2930
2930
2929
2928
2928
2926
2926
2925
2924
2923
2921
2921
2921
2920
2918
2917
2917
2916
2915
2911
2910
2910
2910
2909
2908
2903
2902
2900
2900
2898
2898
2898
2897
2896
2895
2895
2894
2894
2893
2893
2892
2891
2890
2890
2890
2889
2885
2885
2883
2879
2879
2878
2877
2877
2876
2876
2876
2872
2872
2871
2871
2871
2870
2870
2869
2869
2869
2868
2868
2868
2866
2864
2864
2863
2862
2861
2861
2859
2858
2857
2855
2852
2851
2850
2849
2848
2848
2848
2846
2846
2846
2846
2845
2844
2844
2844
2843
2843
2841
2841
2840
2839
2836
2833
2833
2833
2832
2832
2832
2831
2830
2829
2828
2825
2825
2824
2823
2820
2819
2819
2818
2818
2817
2816
2816
2816
2815
2813
2812
2812
2812
2806
2805
2804
2802
2802
2802
2801
2801
2800
2799
2799
2799
2799
2798
2798
2798
2798
2794
2794
2794
2793
2791
2790
2790
2790
2789
2788
2788
2784
2782
2781
2781
2780
2780
2780
2779
2776
2775
2773
2773
2773
2771
2770
2767
2767
2767
2764
2763
2761
2760
2759
2758
2757
2756
2756
2752
2751
2750
2750
2750
2748
2747
2747
2746
2745
2745
2744
2743
2740
2740
2739
2737
2736
2735
2735
2734
2734
2729
2729
2729
2726
2726
2726
2724
2723
2721
2718
2716
2716
2715
2713
2713
2712
2711
2710
2709
2709
2707
2707
2702
2702
2701
2700
2694
2693
2693
2689
2689
2687
2687
2685
2685
2685
2684
2682
2681
2681
2680
2680
2679
2677
2675
2673
2671
2670
2670
2665
2665
2664
2663
2663
2660
2659
2659
2659
2657
2654
2652
2652
2651
2651
2650
2648
2641
2638
2637
2636
2636
2635
2635
2633
2632
2630
2630
2628
2626
2626
2622
2622
2621
2621
2618
2618
2617
2616
2615
2613
2613
2612
2611
2611
2611
2611
2611
2610
2610
2609
2607
2605
2605
2602
2601
2601
2599
2599
2594
2594
2593
2591
2590
2590
2589
2588
2588
2587
2586
2586
2586
2585
2584
2584
2584
2582
2582
2582
2581
2580
2579
2578
2578
2577
2575
2574
2571
2566
2564
2563
2563
2562
2558
2557
2557
2557
2556
2554
2553
2553
2551
2550
2549
2548
2547
2545
2545
2544
2544
2543
2543
2541
2541
2540
2540
2537
2537
2536
2536
2535
2534
2533
2532
2529
2524
2523
2523
2521
2521
2519
2518
2515
2513
2512
2511
2511
2510
2508
2508
2507
2506
2505
2505
2504
2503
2502
2501
2499
2498
2498
2497
2495
2493
2493
2493
2491
2488
2487
2485
2484
2481
2480
2480
2479
2479
2477
2474
2470
2469
2468
2467
2467
2467
2466
2465
2464
2463
2462
2461
2461
2460
2459
2458
2457
2456
2455
2454
2454
2450
2450
2449
2449
2449
2449
2448
2448
2448
2447
2446
2446
2445
2444
2442
2441
2440
2440
2438
2434
2433
2433
2432
2430
2429
2427
2427
2427
2426
2425
2422
2420
2419
2419
2415
2414
2413
2411
2410
2409
2407
2406
2405
2405
2404
2403
2402
2401
2400
2399
2394
2393
2392
2392
2392
2391
2391
2391
2390
2389
2388
2388
2385
2385
2381
2381
2379
2376
2376
2375
2375
2374
2371
2371
2371
2370
2370
2370
2367
2366
2366
2365
2364
2363
2360
2360
2359
2358
2357
2357
2357
2356
2355
2352
2350
2350
2349
2348
2348
2346
2343
2341
2340
2337
2336
2335
2334
2334
2332
2331
2330
2328
2327
2327
2326
2326
2326
2326
2324
2323
2321
2321
2318
2317
2316
2316
2314
2314
2313
2313
2311
2310
2310
2309
2307
2307
2307
2306
2306
2305
2305
2303
2303
2301
2301
2299
2299
2298
2297
2296
2294
2294
2293
2292
2292
2288
2287
2287
2287
2286
2282
2281
2281
2279
2279
2279
2275
2274
2274
2274
2274
2273
2271
2269
2269
2268
2267
2266
2266
2263
2263
2262
2262
2259
2259
2257
2254
2253
2253
2251
2251
2251
2250
2250
2249
2248
2241
2241
2240
2238
2237
2237
2237
2236
2236
2236
2236
2235
2234
2233
2232
2230
2228
2227
2226
2225
2225
2225
2224
2222
2221
2221
2221
2220
2220
2219
2219
2217
2217
2215
2215
2214
2212
2212
2211
2211
2211
2211
2211
2209
2209
2207
2207
2204
2203
2202
2202
2201
2200
2200
2199
2198
2197
2197
2196
2195
2194
2194
2194
2193
2191
2191
2189
2189
2189
2189
2188
2188
2186
2186
2183
2183
2181
2179
2178
2177
2175
2173
2173
2172
2172
2170
2170
2169
2163
2163
2162
2162
2160
2159
2158
2157
2157
2157
2155
2153
2153
2152
2151
2150
2149
2149
2147
2146
2144
2142
2140
2138
2138
2137
2136
2135
2134
2133
2132
2131
2130
2130
2129
2128
2128
2127
2127
2127
2126
2126
2124
2122
2122
2121
2121
2120
2119
2119
2117
2117
2117
2116
2116
2115
2114
2114
2113
2110
2108
2108
2107
2106
2105
2105
2105
2104
2104
2104
2103
2103
2102
2102
2102
2101
2101
2101
2100
2100
2099
2099
2098
2097
2096
2096
2095
2095
2094
2093
2093
2093
2092
2092
2090
2088
2088
2086
2085
2085
2085
2084
2083
2082
2082
2082
2079
2078
2076
2074
2074
2073
2072
2071
2070
2070
2068
2068
2068
2067
2067
2066
2066
2066
2065
2064
2061
2060
2060
2060
2056
2056
2054
2049
2049
2048
2047
2046
2046
2045
2045
2044
2044
2043
2041
2041
2041
2041
2041
2041
2040
2039
2036
2034
2033
2031
2030
2028
2028
2028
2027
2027
2022
2021
2021
2020
2018
2018
2017
2017
2017
2016
2016
2014
2013
2013
2012
2010
2010
2009
2009
2008
2008
2008
2008
2007
2007
2006
2006
2005
2005
2005
2003
2001
2001
2000
1999
1996
1993
1992
1988
1988
1988
1988
1988
1987
1987
1985
1984
1983
1981
1981
1981
1979
1978
1977
1977
1976
1976
1975
1974
1973
1972
1970
1969
1969
1968
1968
1967
1967
1965
1963
1962
1962
1961
1960
1960
1959
1958
1957
1956
1954
1954
1954
1952
1951
1951
1950
1948
1948
1945
1945
1945
1945
1944
1944
1943
1942
1942
1941
1939
1938
1937
1937
1936
1931
1930
1929
1929
1929
1925
1924
1924
1924
1923
1923
1923
1923
1921
1920
1919
1919
1917
1917
1914
1914
1914
1912
1912
1912
1911
1911
1911
1910
1910
1908
1906
1906
1906
1904
1903
1903
1902
1901
1900
1900
1899
1898
1898
1898
1896
1895
1892
1892
1892
1891
1890
1890
1890
1890
1889
1888
1887
1887
1887
1886
1886
1883
1882
1881
1880
1880
1880
1878
1876
1876
1876
1873
1873
1873
1871
1871
1870
1870
1867
1864
1864
1863
1863
1861
1861
1860
1860
1859
1859
1858
1858
1857
1853
1853
1853
1851
1850
1850
1850
1846
1845
1844
1841
1838
1838
1837
1835
1832
1832
1831
1830
1829
1828
1827
1826
1825
1825
1824
1824
1824
1821
1819
1817
1817
1814
1813
1813
1811
1811
1810
1810
1808
1808
1807
1807
1806
1803
1803
1802
1802
1801
1799
1797
1797
1794
1792
1792
1792
1791
1791
1791
1790
1790
1789
1789
1786
1785
1785
1784
1784
1784
1783
1781
1781
1780
1780
1780
1779
1778
1778
1778
1778
1777
1776
1776
1772
1771
1769
1766
1765
1762
1762
1759
1759
1759
1758
1756
1754
1754
1749
1749
1747
1746
1746
1745
1744
1743
1742
1740
1739
1739
1738
1737
1737
1736
1736
1735
1732
1731
1729
1719
1719
1718
1718
1717
1715
1715
1712
1712
1710
1710
1709
1709
1708
1708
1707
1706
1706
1705
1705
1702
1702
1702
1701
1701
1700
1699
1694
1694
1694
1692
1692
1691
1691
1690
1689
1687
1687
1687
1687
1686
1685
1685
1683
1682
1680
1679
1675
1675
1674
1674
1673
1670
1670
1669
1668
1667
1665
1664
1664
1662
1661
1660
1660
1656
1656
1655
1655
1655
1653
1652
1652
1651
1651
1651
1649
1648
1647
1646
1646
1646
1645
1643
1642
1642
1641
1640
1638
1636
1636
1635
1634
1632
1632
1630
1630
1629
1629
1629
1628
1627
1626
1625
1625
1624
1622
1622
1620
1620
1620
1619
1616
1615
1614
1614
1614
1613
1613
1613
1613
1612
1612
1611
1611
1610
1608
1607
1607
1606
1605
1605
1605
1602
1598
1597
1596
1595
1592
1591
1591
1590
1589
1588
1588
1586
1584
1580
1580
1576
1575
1575
1574
1573
1572
1571
1570
1570
1569
1567
1566
1559
1559
1559
1557
1556
1555
1555
1554
1553
1552
1552
1551
1550
1550
1549
1549
1549
1547
1547
1547
1545
1545
1545
1544
1544
1543
1542
1540
1540
1539
1538
1535
1534
1533
1532
1530
1527
1525
1525
1518
1518
1517
1517
1516
1516
1512
1512
1512
1510
1510
1509
1508
1506
1504
1504
1501
1499
1499
1499
1498
1496
1496
1495
1494
1494
1493
1493
1493
1493
1491
1490
1487
1485
1485
1484
1484
1483
1483
1481
1480
1478
1477
1477
1476
1472
1472
1470
1468
1468
1468
1467
1466
1466
1466
1463
1463
1462
1461
1461
1460
1460
1457
1456
1455
1455
1454
1453
1453
1450
1450
1448
1446
1445
1443
1442
1442
1441
1438
1438
1438
1437
1437
1437
1436
1436
1435
1434
1433
1433
1432
1432
1431
1430
1430
1429
1428
1428
1426
1425
1425
1424
1420
1419
1417
1417
1416
1415
1415
1414
1411
1410
1410
1409
1407
1406
1405
1405
1402
1400
1397
1397
1396
1396
1394
1393
1390
1389
1388
1386
1386
1385
1385
1383
1382
1382
1382
1382
1378
1377
1377
1376
1374
1374
1373
1373
1368
1368
1367
1366
1366
1366
1365
1365
1364
1360
1359
1358
1358
1358
1356
1356
1354
1354
1353
1352
1351
1350
1350
1350
1348
1347
1344
1342
1341
1339
1339
1339
1338
1338
1338
1338
1337
1336
1333
1333
1332
1331
1330
1330
1327
1327
1327
1325
1325
1324
1322
1322
1321
1320
1320
1320
1319
1317
1316
1316
1315
1314
1313
1312
1311
1307
1305
1305
1304
1304
1304
1304
1302
1302
1301
1301
1298
1298
1297
1293
1291
1291
1290
1289
1288
1287
1285
1285
1283
1283
1282
1282
1282
1282
1281
1279
1278
1278
1277
1277
1276
1276
1276
1275
1274
1273
1273
1271
1270
1267
1266
1263
1262
1261
1260
1259
1258
1258
1257
1257
1256
1256
1255
1255
1253
1252
1250
1250
1248
1247
1246
1246
1244
1243
1243
1243
1242
1240
1238
1235
1234
1234
1233
1232
1231
1230
1228
1227
1226
1225
1225
1223
1223
1222
1220
1220
1219
1218
1216
1214
1213
1213
1211
1210
1209
1208
1206
1206
1204
1204
1203
1199
1199
1197
1196
1196
1195
1195
1195
1195
1194
1194
1193
1190
1189
1187
1186
1183
1182
1176
1175
1173
1173
1171
1171
1171
1167
1167
1165
1164
1164
1164
1163
1163
1162
1161
1161
1159
1158
1158
1157
1156
1155
1154
1154
1153
1153
1153
1151
1151
1149
1149
1143
1143
1143
1142
1140
1137
1137
1137
1136
1135
1134
1133
1132
1132
1130
1130
1129
1128
1128
1128
1128
1126
1126
1125
1124
1124
1123
1122
1121
1119
1117
1115
1114
1113
1113
1111
1110
1110
1110
1108
1106
1106
1105
1103
1102
1099
1099
1099
1099
1096
1095
1095
1094
1090
1089
1089
1089
1089
1088
1087
1086
1086
1085
1085
1084
1084
1083
1082
1081
1081
1081
1080
1079
1076
1075
1074
1072
1071
1070
1070
1069
1068
1067
1066
1066
1066
1064
1063
1062
1062
1062
1061
1060
1060
1060
1059
1058
1058
1057
1056
1055
1054
1053
1052
1051
1051
1051
1050
1048
1048
1046
1045
1044
1044
1044
1043
1043
1042
1041
1040
1037
1036
1036
1032
1032
1031
1030
1029
1029
1028
1027
1027
1024
1022
1022
1019
1019
1018
1018
1018
1018
1017
1017
1016
1015
1014
1013
1013
1012
1010
1010
1009
1009
1009
1009
1008
1007
1005
1005
1005
1003
1003
1002
998
997
997
996
994
993
993
992
992
989
989
988
987
987
985
984
984
981
981
981
980
980
979
977
976
976
974
973
972
971
970
970
969
969
968
967
967
964
964
963
960
960
960
959
958
958
955
955
954
951
950
948
945
943
941
941
940
939
939
937
936
936
936
936
936
933
930
930
930
929
929
929
928
927
927
926
924
920
920
919
919
917
916
915
914
913
912
910
908
906
906
904
904
902
900
899
898
898
896
895
895
894
893
893
891
886
885
885
885
883
883
882
877
877
876
875
874
869
868
867
867
866
865
865
864
863
862
861
859
859
857
856
854
853
853
851
851
851
850
850
850
847
847
846
845
844
843
843
843
843
841
840
838
838
832
831
831
831
828
827
827
827
826
825
824
824
823
822
822
821
821
819
819
817
817
815
815
814
814
813
811
810
810
810
809
808
806
806
803
802
802
802
801
801
801
801
801
800
800
799
798
797
796
795
793
792
790
790
788
788
788
788
787
786
785
785
783
781
780
779
779
779
779
778
776
773
772
772
771
771
769
768
767
766
766
765
763
762
762
760
759
758
757
757
756
755
755
755
753
753
749
745
744
743
743
742
742
742
741
740
740
740
739
737
736
736
735
735
735
732
731
730
729
727
726
726
725
724
723
723
722
721
720
718
717
717
716
715
715
713
713
712
712
710
710
710
707
706
706
705
703
703
701
700
700
699
697
696
696
694
693
693
691
690
690
689
687
685
685
685
685
682
682
682
680
679
678
678
677
676
676
674
674
673
673
673
673
668
667
667
666
665
664
664
663
661
661
661
660
660
659
658
656
655
653
649
648
647
647
647
646
645
644
643
642
641
641
638
635
635
635
634
631
631
627
627
626
625
625
625
624
620
619
619
618
618
618
617
617
617
614
613
613
609
608
606
606
605
603
603
601
600
600
599
597
597
596
596
596
592
592
592
591
591
591
588
584
582
582
579
579
578
577
577
576
575
574
571
571
569
568
567
567
566
565
564
563
561
557
557
557
555
554
553
551
550
550
549
548
547
547
547
544
543
542
541
539
539
538
538
537
537
536
536
536
535
533
532
529
529
529
528
527
526
526
525
524
523
523
522
521
519
519
519
518
517
517
515
513
510
509
509
509
508
508
507
507
507
506
504
504
503
501
500
499
499
497
496
494
494
491
490
489
489
489
487
485
484
483
483
482
479
477
476
476
474
473
472
472
470
469
469
468
468
467
464
464
463
463
460
460
459
459
459
457
456
456
456
455
455
455
455
453
452
451
450
449
446
444
444
440
439
438
437
436
434
431
430
426
424
423
422
421
421
420
420
418
418
417
417
415
415
412
411
411
411
410
410
409
408
403
401
400
398
397
397
394
392
392
391
390
390
390
389
388
386
386
386
385
385
385
384
383
382
382
381
379
377
377
377
376
376
374
371
371
369
365
364
364
361
361
360
360
359
358
357
356
356
354
352
351
350
349
349
348
348
347
347
347
344
344
342
341
341
341
341
340
340
340
340
339
338
338
338
337
337
336
334
332
331
331
331
330
329
329
329
328
327
327
327
323
323
320
319
318
318
316
316
314
312
312
312
311
310
307
307
307
306
306
305
304
304
302
300
298
297
297
296
294
294
293
292
292
292
292
291
290
288
288
287
285
285
285
285
283
281
281
280
277
277
272
272
272
270
270
270
269
269
269
269
269
267
266
265
264
262
261
261
261
261
260
260
259
259
259
259
258
258
257
257
257
257
257
257
257
256
256
256
255
252
252
252
244
243
242
242
241
241
241
240
239
239
235
235
235
235
233
232
229
229
227
227
227
226
226
226
226
225
225
224
223
222
222
219
219
216
216
215
213
212
211
211
211
210
210
209
208
207
206
202
198
198
197
195
195
194
194
194
194
193
193
192
191
190
189
189
188
188
186
181
181
180
180
176
175
173
170
170
169
168
168
165
165
164
163
163
163
162
161
161
161
160
159
158
155
155
151
151
150
150
148
148
148
147
146
144
144
143
143
142
141
141
138
138
137
136
136
135
135
132
131
129
127
127
126
126
123
123
122
121
120
119
118
118
118
117
116
115
115
112
111
110
110
108
106
105
105
103
103
102
101
101
97
96
95
94
94
93
92
91
91
90
89
89
89
89
89
87
87
85
85
85
84
83
82
81
81
80
79
79
78
77
75
75
73
72
71
69
69
67
64
64
63
62
60
59
57
56
54
54
52
51
51
51
51
50
49
46
44
44
42
42
40
40
40
39
39
38
35
35
33
31
31
31
31
31
31
30
30
30
30
26
25
25
25
24
24
24
24
22
22
21
20
18
18
15
14
14
10
9
8
7
5
5
3
3
3
3
3
2
1
