9999
9999
9998
9998
9998
9997
9995
9994
9993
9993
9992
9990
9988
9988
9986
9983
9980
9980
9979
9978
9978
9978
9975
9975
9972
9970
9969
9967
9966
9966
9965
9962
9962
9962
9961
9959
9959
9958
9957
9957
9954
9954
9953
9951
9949
9948
9945
9944
9944
9943
9942
9939
9935
9933
9933
9933
9932
9932
9931
9931
9930
9930
9927
9927
9927
9927
9927
9926
9926
9921
9921
9919
9918
9916
9916
9916
9914
9913
9912
9910
9909
9908
9906
9903
9901
9900
9900
9899
9898
9897
9893
9892
9891
9890
9890
9889
9889
9888
9888
9886
9885
9885
9884
9882
9880
9880
9879
9879
9876
9875
9875
9875
9867
9865
9864
9863
9860
9859
9859
9858
9857
9856
9855
9855
9854
9854
9851
9850
9847
9846
9845
9842
9839
9837
9837
9835
9834
9833
9833
9833
9831
9830
9830
9829
9828
9826
9826
9826
9824
9820
9820
9820
9819
9817
9817
9816
9815
9815
9814
9813
9812
9809
9807
9805
9804
9800
9800
9798
9797
9796
9795
9794
9792
9789
9786
9786
9786
9786
9785
9784
9783
9783
9783
9783
9782
9779
9774
9774
9773
9773
9772
9771
9771
9770
9770
9769
9767
9767
9767
9766
9765
9765
9765
9764
9764
9763
9762
9761
9758
9757
9755
9753
9753
9752
9752
9750
9750
9749
9748
9748
9748
9748
9748
9746
9746
9746
9745
9744
9743
9741
9739
9739
9739
9736
9736
9735
9735
9734
9732
9731
9730
9730
9729
9729
9726
9725
9725
9725
9724
9722
9721
9719
9719
9719
9718
9716
9716
9716
9715
9715
9711
9711
9710
9709
9708
9707
9702
9701
9699
9698
9698
9696
9696
9694
9693
9690
9689
9689
9688
9688
9687
9687
9687
9686
9684
9683
9683
9681
9679
9678
9678
9678
9677
9676
9675
9675
9675
9674
9673
9673
9672
9671
9671
9671
9671
9667
9665
9663
9662
9661
9660
9660
9660
9660
9660
9659
9657
9655
9653
9652
9652
9651
9649
9648
9647
9646
9646
9646
9644
9644
9643
9642
9639
9637
9637
9637
9636
9635
9632
9632
9630
9630
9629
9629
9628
9627
9627
9626
9624
9622
9620
9620
9618
9618
9618
9617
9616
9615
9613
9612
9611
9610
9610
9609
9609
9609
9608
9608
9607
9607
9603
9603
9602
9602
9602
9601
9600
9600
9595
9591
9591
9591
9591
9591
9590
9587
9587
9586
9586
9585
9584
9584
9583
9582
9582
9581
9580
9578
9577
9577
9577
9576
9575
9574
9572
9568
9568
9567
9567
9567
9566
9566
9566
9565
9565
9564
9561
9561
9555
9555
9555
9554
9553
9553
9552
9552
9551
9550
9550
9550
9547
9547
9546
9543
9542
9540
9538
9538
9536
9536
9535
9534
9534
9534
9532
9531
9531
9529
9528
9526
9525
9524
9524
9523
9523
9521
9519
9518
9517
9516
9515
9515
9515
9513
9513
9511
9509
9507
9504
9503
9503
9502
9501
9501
9501
9499
9498
9498
9497
9497
9492
9488
9488
9487
9486
9486
9486
9484
9483
9480
9479
9479
9478
9475
9474
9474
9474
9473
9473
9472
9472
9471
9469
9469
9468
9467
9467
9466
9465
9465
9464
9464
9463
9463
9461
9461
9460
9459
9459
9459
9457
9456
9454
9454
9453
9453
9449
9449
9449
9447
9445
9443
9443
9443
9442
9441
9438
9437
9434
9434
9434
9434
9433
9433
9432
9431
9429
9429
9429
9428
9426
9425
9422
9422
9421
9420
9418
9418
9415
9414
9414
9411
9411
9410
9410
9409
9406
9406
9405
9403
9403
9400
9400
9399
9398
9397
9397
9396
9396
9396
9395
9394
9394
9393
9392
9392
9388
9388
9384
9384
9382
9381
9378
9378
9376
9376
9375
9375
9374
9374
9372
9372
9371
9370
9370
9369
9367
9367
9363
9363
9362
9361
9361
9360
9358
9357
9353
9352
9351
9351
9351
9351
9351
9350
9349
9347
9345
9342
9341
9341
9341
9339
9339
9338
9337
9334
9333
9332
9331
9328
9328
9326
9325
9325
9324
9323
9322
9320
9320
9319
9318
9317
9316
9314
9314
9312
9312
9310
9309
9309
9308
9308
9305
9304
9303
9302
9301
9299
9299
9298
9298
9298
9297
9297
9297
9295
9293
9292
9291
9291
9290
9290
9286
9286
9286
9285
9281
9281
9279
9279
9278
9277
9277
9275
9274
9273
9273
9269
9269
9267
9267
9266
9265
9264
9263
9263
9259
9257
9256
9255
9253
9252
9252
9252
9246
9246
9245
9245
9244
9243
9242
9240
9239
9239
9238
9238
9238
9237
9237
9236
9236
9235
9235
9235
9234
9234
9233
9233
9232
9232
9232
9230
9230
9229
9229
9228
9227
9226
9225
9224
9223
9222
9221
9220
9217
9216
9216
9215
9215
9213
9213
9213
9212
9212
9211
9209
9208
9208
9207
9207
9206
9205
9203
9202
9201
9200
9199
9197
9197
9196
9196
9195
9195
9194
9190
9189
9188
9186
9186
9186
9185
9182
9182
9181
9178
9177
9175
9175
9173
9173
9173
9170
9170
9170
9168
9165
9162
9161
9161
9159
9158
9158
9157
9157
9156
9155
9154
9154
9154
9154
9153
9153
9152
9150
9149
9148
9148
9146
9146
9145
9144
9143
9143
9142
9141
9139
9138
9138
9137
9136
9136
9135
9133
9132
9130
9130
9127
9125
9124
9124
9124
9122
9118
9118
9116
9116
9115
9115
9114
9113
9110
9110
9110
9110
9110
9110
9109
9108
9107
9105
9105
9103
9102
9102
9102
9100
9098
9095
9095
9094
9092
9091
9091
9090
9089
9088
9088
9087
9086
9086
9085
9084
9083
9080
9080
9079
9079
9078
9076
9075
9074
9073
9072
9069
9068
9067
9065
9065
9063
9060
9060
9060
9060
9059
9057
9057
9057
9056
9055
9054
9054
9053
9053
9051
9051
9049
9049
9047
9046
9045
9043
9041
9039
9039
9037
9037
9036
9035
9033
9032
9031
9029
9028
9028
9027
9026
9025
9025
9023
9019
9016
9016
9015
9014
9012
9011
9011
9010
9009
9008
9008
9006
9004
9003
9002
9001
9000
9000
9000
9000
8997
8996
8996
8996
8996
8995
8995
8995
8994
8993
8993
8992
8991
8989
8986
8986
8985
8985
8985
8984
8984
8984
8984
8983
8983
8982
8981
8980
8980
8979
8975
8975
8974
8974
8973
8972
8970
8968
8966
8966
8964
8962
8961
8961
8960
8957
8956
8956
8955
8955
8954
8954
8953
8952
8952
8951
8950
8950
8949
8949
8948
8948
8948
8948
8947
8947
8944
8943
8942
8942
8941
8941
8938
8936
8934
8934
8932
8931
8931
8930
8930
8930
8929
8928
8927
8927
8926
8926
8925
8924
8923
8923
8922
8922
8921
8921
8920
8920
8919
8919
8916
8916
8915
8915
8912
8911
8911
8910
8907
8906
8905
8902
8900
8894
8893
8893
8890
8890
8889
8886
8886
8886
8886
8884
8883
8882
8882
8881
8881
8877
8876
8874
8874
8873
8873
8870
8869
8869
8867
8867
8866
8865
8864
8863
8862
8861
8860
8860
8860
8859
8859
8857
8856
8855
8855
8855
8853
8851
8851
8850
8850
8847
8845
8843
8843
8842
8841
8841
8840
8839
8838
8838
8836
8835
8833
8833
8831
8830
8829
8828
8827
8827
8827
8827
8827
8826
8824
8823
8822
8821
8819
8818
8818
8817
8817
8816
8814
8814
8813
8813
8812
8811
8811
8810
8810
8809
8809
8809
8807
8806
8805
8805
8804
8802
8802
8799
8798
8797
8796
8794
8794
8794
8792
8791
8790
8787
8787
8785
8784
8783
8779
8777
8777
8774
8774
8774
8771
8771
8771
8771
8771
8770
8769
8769
8769
8769
8769
8769
8767
8766
8765
8763
8763
8763
8763
8761
8760
8760
8757
8757
8757
8753
8751
8751
8750
8749
8748
8748
8745
8744
8743
8742
8742
8741
8740
8739
8738
8737
8733
8733
8733
8732
8731
8731
8730
8730
8730
8729
8728
8728
8727
8726
8725
8724
8724
8722
8721
8721
8719
8719
8718
8718
8717
8716
8715
8715
8714
8713
8711
8710
8708
8708
8707
8706
8706
8705
8702
8701
8701
8700
8700
8699
8699
8698
8697
8696
8696
8691
8691
8689
8689
8689
8688
8688
8686
8686
8686
8686
8685
8684
8684
8683
8683
8680
8679
8679
8678
8678
8677
8677
8676
8673
8673
8672
8672
8672
8672
8670
8669
8667
8665
8663
8663
8662
8661
8661
8661
8660
8659
8659
8658
8656
8655
8655
8655
8653
8652
8650
8649
8649
8648
8648
8648
8647
8647
8646
8645
8644
8643
8641
8641
8641
8640
8639
8639
8639
8638
8637
8636
8636
8636
8634
8634
8634
8633
8632
8630
8628
8626
8626
8626
8625
8624
8623
8623
8623
8622
8621
8619
8619
8617
8616
8616
8615
8611
8611
8609
8608
8606
8606
8606
8605
8604
8599
8599
8597
8597
8596
8594
8594
8594
8593
8593
8589
8588
8588
8585
8584
8583
8583
8580
8580
8579
8578
8577
8577
8577
8575
8575
8574
8573
8573
8571
8569
8568
8567
8565
8564
8563
8559
8558
8558
8556
8556
8555
8555
8555
8554
8553
8551
8549
8548
8548
8547
8544
8544
8543
8543
8542
8542
8542
8541
8541
8540
8538
8538
8538
8536
8535
8533
8532
8531
8530
8528
8528
8527
8524
8523
8523
8520
8519
8519
8516
8515
8514
8513
8512
8512
8511
8510
8510
8510
8509
8509
8509
8508
8508
8507
8505
8504
8504
8499
8498
8497
8496
8491
8489
8487
8486
8485
8483
8482
8482
8482
8481
8481
8480
8479
8479
8475
8475
8474
8474
8472
8471
8470
8469
8469
8467
8463
8462
8462
8460
8458
8457
8455
8453
8452
8450
8449
8449
8445
8443
8442
8442
8440
8439
8439
8438
8438
8437
8435
8435
8435
8433
8431
8430
8430
8430
8429
8428
8427
8427
8427
8425
8424
8422
8422
8419
8418
8417
8414
8413
8412
8411
8411
8409
8409
8407
8407
8404
8402
8400
8399
8399
8399
8398
8398
8398
8397
8395
8395
8393
8391
8391
8390
8387
8385
8385
8382
8381
8380
8379
8377
8377
8377
8373
8370
8370
8370
8369
8366
8364
8361
8361
8360
8359
8359
8357
8354
8354
8353
8352
8351
8350
8350
8349
8347
8347
8346
8345
8345
8344
8343
8342
8341
8340
8339
8337
8333
8329
8328
8328
8326
8325
8325
8323
8322
8317
8317
8317
8315
8314
8311
8311
8310
8309
8306
8306
8304
8304
8304
8303
8302
8301
8300
8300
8298
8298
8298
8297
8293
8289
8288
8288
8285
8285
8285
8284
8283
8282
8282
8280
8280
8279
8279
8277
8277
8276
8275
8274
8270
8262
8262
8262
8262
8259
8258
8256
8256
8256
8255
8254
8254
8253
8252
8252
8251
8250
8250
8249
8249
8246
8246
8242
8242
8240
8239
8238
8236
8235
8234
8234
8233
8233
8231
8230
8226
8226
8225
8224
8223
8221
8221
8221
8220
8220
8220
8218
8218
8216
8216
8216
8216
8214
8213
8213
8210
8210
8209
8208
8208
8207
8206
8206
8206
8206
8205
8205
8204
8204
8204
8203
8203
8201
8200
8199
8198
8197
8197
8195
8192
8190
8189
8188
8187
8186
8184
8183
8183
8183
8182
8180
8180
8179
8179
8179
8177
8177
8175
8173
8173
8172
8170
8169
8169
8168
8166
8163
8163
8162
8160
8159
8159
8156
8155
8155
8154
8153
8151
8149
8148
8147
8147
8146
8144
8144
8144
8142
8141
8140
8139
8139
8139
8138
8137
8137
8137
8136
8134
8133
8132
8127
8126
8125
8124
8122
8120
8117
8116
8116
8116
8115
8113
8112
8111
8111
8111
8109
8109
8109
8109
8108
8108
8107
8107
8106
8105
8105
8104
8103
8102
8102
8100
8099
8098
8095
8093
8092
8091
8090
8090
8090
8089
8088
8087
8086
8084
8084
8083
8082
8082
8081
8079
8077
8077
8075
8073
8073
8073
8072
8071
8069
8069
8068
8067
8066
8063
8062
8057
8057
8056
8056
8055
8055
8053
8051
8050
8049
8047
8047
8043
8043
8040
8040
8039
8038
8038
8037
8037
8036
8035
8034
8033
8032
8032
8030
8029
8029
8027
8024
8023
8022
8019
8019
8018
8017
8017
8016
8015
8013
8012
8010
8010
8009
8009
8008
8007
8007
8007
8007
8006
8006
8005
8004
8003
8003
8001
8001
8001
8001
8000
8000
7999
7997
7996
7996
7995
7994
7991
7990
7987
7987
7987
7986
7983
7981
7979
7979
7977
7977
7977
7976
7975
7974
7974
7974
7973
7969
7965
7962
7961
7960
7959
7959
7959
7955
7955
7955
7952
7952
7952
7952
7951
7951
7951
7949
7948
7947
7947
7946
7945
7944
7942
7942
7941
7941
7941
7941
7940
7940
7939
7937
7935
7932
7930
7929
7926
7924
7923
7923
7921
7921
7919
7919
7915
7914
7914
7913
7912
7911
7911
7911
7910
7910
7909
7908
7908
7907
7905
7904
7904
7902
7902
7902
7901
7899
7898
7898
7893
7893
7893
7892
7891
7891
7891
7890
7889
7889
7888
7886
7886
7886
7884
7883
7883
7880
7879
7878
7876
7875
7873
7872
7871
7870
7869
7867
7865
7865
7865
7863
7861
7859
7858
7858
7857
7855
7849
7849
7849
7848
7848
7847
7847
7846
7845
7843
7842
7841
7839
7838
7838
7836
7835
7834
7832
7829
7829
7828
7827
7826
7826
7823
7823
7822
7820
7819
7819
7818
7817
7813
7810
7810
7809
7808
7807
7806
7803
7800
7799
7799
7799
7797
7797
7796
7796
7795
7794
7793
7793
7791
7790
7790
7790
7789
7789
7788
7786
7786
7784
7784
7783
7781
7780
7780
7778
7778
7777
7777
7777
7774
7771
7770
7770
7769
7769
7769
7769
7769
7768
7767
7767
7767
7764
7763
7763
7763
7762
7761
7761
7761
7761
7761
7760
7758
7757
7757
7755
7755
7755
7754
7754
7752
7752
7749
7749
7748
7748
7747
7747
7747
7746
7746
7745
7745
7745
7745
7744
7743
7742
7741
7741
7741
7740
7738
7738
7736
7736
7736
7736
7734
7732
7731
7731
7730
7729
7729
7727
7727
7727
7726
7723
7723
7722
7721
7719
7718
7717
7717
7716
7716
7714
7713
7712
7711
7710
7710
7710
7709
7708
7708
7706
7706
7706
7704
7703
7703
7702
7702
7702
7701
7701
7700
7696
7696
7695
7693
7693
7692
7691
7690
7689
7688
7687
7685
7685
7684
7684
7682
7682
7681
7680
7680
7680
7677
7675
7675
7674
7672
7672
7672
7671
7670
7668
7667
7667
7667
7667
7666
7663
7662
7660
7659
7657
7657
7654
7653
7653
7652
7649
7648
7648
7647
7646
7646
7645
7645
7644
7640
7640
7637
7635
7635
7633
7633
7633
7633
7633
7632
7632
7632
7631
7631
7631
7630
7630
7629
7628
7628
7628
7627
7627
7626
7626
7626
7626
7624
7623
7622
7619
7618
7616
7614
7614
7612
7612
7611
7611
7608
7606
7605
7605
7604
7604
7603
7602
7601
7601
7599
7599
7599
7598
7598
7595
7595
7595
7594
7592
7591
7588
7584
7582
7582
7582
7582
7578
7577
7575
7575
7574
7573
7572
7570
7570
7568
7567
7566
7564
7564
7563
7561
7561
7561
7559
7558
7558
7557
7557
7556
7555
7554
7554
7550
7550
7548
7547
7547
7545
7543
7543
7543
7542
7541
7541
7538
7537
7537
7536
7535
7534
7534
7532
7531
7530
7530
7529
7529
7528
7528
7524
7523
7521
7521
7521
7520
7519
7518
7517
7517
7516
7515
7515
7515
7515
7514
7512
7510
7507
7507
7505
7503
7503
7501
7501
7500
7499
7496
7495
7494
7494
7491
7491
7491
7490
7490
7488
7488
7485
7483
7482
7481
7479
7479
7479
7478
7477
7474
7474
7473
7473
7472
7471
7471
7471
7470
7470
7467
7467
7467
7466
7466
7464
7462
7459
7458
7458
7457
7457
7457
7456
7456
7454
7454
7454
7452
7446
7443
7443
7442
7441
7440
7440
7439
7439
7439
7439
7438
7436
7436
7435
7435
7435
7434
7430
7430
7429
7429
7428
7427
7427
7427
7426
7426
7426
7425
7424
7424
7424
7423
7422
7422
7420
7420
7418
7418
7417
7416
7416
7416
7415
7414
7413
7413
7412
7410
7409
7408
7408
7404
7403
7398
7398
7398
7395
7394
7392
7392
7391
7387
7387
7387
7383
7383
7382
7382
7381
7381
7378
7378
7377
7375
7375
7374
7373
7373
7371
7371
7370
7368
7368
7368
7366
7365
7365
7364
7363
7363
7363
7363
7362
7361
7360
7360
7359
7359
7355
7354
7354
7352
7352
7352
7351
7351
7351
7350
7349
7347
7343
7338
7338
7337
7337
7336
7336
7336
7333
7330
7330
7329
7329
7326
7323
7323
7323
7321
7320
7318
7318
7317
7316
7314
7314
7313
7311
7310
7308
7307
7307
7306
7306
7306
7306
7305
7304
7301
7300
7300
7298
7296
7296
7295
7295
7294
7294
7291
7290
7290
7290
7290
7290
7289
7289
7288
7287
7285
7285
7284
7283
7282
7282
7281
7280
7279
7277
7276
7276
7274
7274
7272
7270
7268
7263
7262
7262
7262
7261
7261
7260
7258
7258
7257
7256
7254
7254
7251
7250
7249
7248
7248
7248
7246
7243
7240
7239
7238
7237
7236
7234
7232
7231
7231
7230
7229
7226
7225
7225
7225
7224
7222
7220
7219
7218
7218
7217
7213
7211
7210
7209
7209
7206
7206
7206
7204
7204
7203
7202
7202
7202
7200
7199
7198
7196
7194
7188
7187
7187
7186
7186
7185
7184
7183
7182
7180
7179
7179
7179
7179
7178
7177
7176
7176
7176
7176
7174
7173
7173
7173
7172
7172
7172
7171
7169
7168
7168
7166
7165
7165
7165
7165
7164
7163
7161
7160
7159
7156
7156
7154
7154
7153
7150
7149
7149
7148
7148
7148
7147
7147
7147
7145
7145
7145
7144
7144
7142
7142
7141
7141
7140
7140
7138
7136
7136
7135
7135
7133
7133
7130
7127
7127
7125
7125
7123
7123
7122
7121
7119
7119
7117
7116
7115
7114
7111
7111
7109
7108
7107
7105
7103
7102
7102
7099
7099
7098
7097
7097
7096
7095
7095
7093
7091
7090
7089
7089
7088
7088
7088
7088
7087
7087
7086
7086
7086
7085
7083
7083
7082
7081
7080
7078
7076
7076
7076
7075
7072
7071
7071
7069
7068
7068
7067
7063
7063
7063
7062
7062
7061
7060
7060
7059
7057
7055
7055
7053
7053
7049
7047
7047
7045
7044
7044
7041
7041
7040
7039
7038
7036
7036
7035
7034
7033
7033
7032
7030
7029
7029
7029
7027
7027
7025
7024
7024
7023
7022
7021
7021
7021
7021
7021
7019
7014
7013
7013
7012
7011
7011
7010
7009
7008
7008
7006
7005
7003
7002
7001
7000
6999
6998
6997
6997
6996
6996
6993
6993
6993
6989
6988
6988
6987
6986
6983
6983
6982
6982
6981
6980
6979
6979
6978
6978
6977
6975
6975
6974
6973
6973
6973
6971
6971
6965
6965
6965
6964
6964
6962
6962
6961
6961
6958
6957
6956
6954
6952
6952
6951
6951
6949
6949
6949
6949
6948
6948
6947
6946
6946
6942
6941
6941
6937
6935
6933
6933
6932
6929
6927
6927
6927
6927
6927
6925
6923
6922
6921
6920
6920
6919
6918
6918
6916
6914
6913
6912
6909
6907
6906
6901
6901
6899
6896
6896
6895
6893
6893
6893
6891
6890
6889
6889
6888
6885
6882
6882
6879
6879
6876
6874
6874
6873
6871
6870
6870
6868
6867
6866
6865
6864
6863
6858
6855
6854
6854
6852
6851
6850
6849
6848
6847
6845
6844
6844
6843
6841
6841
6841
6841
6841
6840
6837
6837
6836
6834
6834
6833
6833
6833
6833
6833
6832
6832
6829
6828
6826
6825
6825
6824
6824
6821
6821
6820
6819
6818
6818
6818
6818
6817
6815
6814
6814
6814
6812
6811
6808
6808
6807
6805
6805
6803
6801
6799
6799
6799
6798
6798
6798
6796
6794
6792
6790
6788
6787
6787
6786
6786
6785
6783
6782
6782
6781
6780
6779
6779
6779
6777
6777
6776
6773
6773
6771
6769
6768
6768
6767
6767
6766
6766
6765
6764
6763
6761
6761
6758
6758
6756
6755
6755
6753
6753
6752
6752
6751
6750
6750
6750
6746
6746
6744
6743
6742
6742
6741
6740
6739
6739
6738
6738
6737
6733
6733
6732
6730
6727
6726
6724
6723
6723
6723
6721
6719
6719
6718
6717
6716
6716
6715
6715
6715
6709
6708
6708
6708
6706
6706
6706
6704
6704
6702
6700
6697
6696
6695
6695
6695
6694
6694
6693
6693
6691
6691
6690
6689
6689
6689
6688
6687
6687
6686
6685
6684
6682
6682
6681
6676
6675
6674
6673
6673
6671
6669
6668
6668
6667
6665
6665
6665
6664
6663
6663
6661
6661
6661
6660
6659
6659
6656
6655
6655
6654
6653
6651
6650
6650
6649
6648
6648
6647
6647
6646
6646
6645
6645
6644
6643
6642
6642
6641
6641
6640
6640
6639
6638
6637
6637
6636
6635
6635
6634
6633
6633
6633
6629
6626
6622
6622
6622
6621
6621
6619
6618
6616
6616
6615
6615
6614
6613
6612
6612
6612
6611
6610
6609
6607
6607
6606
6605
6604
6604
6603
6601
6601
6600
6600
6600
6599
6599
6598
6597
6593
6593
6592
6587
6586
6585
6585
6583
6583
6583
6582
6580
6579
6579
6578
6577
6575
6574
6571
6571
6566
6565
6563
6563
6562
6562
6561
6561
6560
6560
6560
6557
6557
6556
6555
6555
6554
6554
6554
6552
6551
6551
6551
6550
6549
6548
6547
6546
6546
6545
6545
6545
6544
6543
6541
6537
6536
6536
6535
6535
6533
6533
6533
6533
6531
6530
6529
6528
6526
6526
6525
6522
6522
6520
6519
6517
6514
6514
6513
6513
6511
6511
6511
6510
6510
6507
6507
6505
6504
6501
6501
6501
6499
6498
6496
6496
6493
6493
6492
6492
6488
6487
6486
6484
6484
6484
6483
6481
6481
6480
6479
6479
6478
6478
6476
6475
6473
6470
6470
6469
6469
6467
6467
6467
6466
6465
6461
6461
6461
6461
6457
6457
6455
6454
6449
6449
6447
6446
6446
6446
6445
6445
6445
6443
6442
6442
6437
6436
6436
6434
6434
6433
6432
6432
6432
6431
6431
6427
6427
6427
6427
6427
6425
6425
6423
6422
6422
6418
6417
6417
6417
6415
6413
6412
6411
6411
6410
6410
6410
6410
6409
6409
6408
6408
6408
6406
6405
6404
6402
6401
6400
6399
6399
6398
6397
6396
6395
6394
6393
6391
6388
6387
6384
6383
6383
6382
6381
6380
6378
6378
6377
6377
6376
6375
6374
6373
6372
6372
6371
6371
6370
6369
6367
6367
6366
6366
6365
6364
6363
6362
6361
6360
6360
6359
6358
6357
6357
6355
6352
6352
6351
6350
6345
6345
6345
6344
6343
6343
6343
6343
6342
6341
6339
6338
6337
6336
6336
6335
6334
6329
6329
6329
6329
6327
6326
6322
6322
6320
6318
6317
6317
6316
6315
6314
6314
6313
6313
6310
6309
6309
6308
6307
6307
6307
6307
6306
6306
6305
6304
6303
6302
6302
6299
6299
6297
6297
6294
6292
6292
6292
6290
6289
6287
6286
6283
6283
6283
6281
6280
6280
6279
6277
6277
6274
6274
6273
6273
6273
6271
6271
6269
6269
6268
6267
6267
6266
6266
6266
6266
6265
6263
6263
6262
6260
6259
6258
6255
6253
6250
6249
6249
6247
6247
6247
6247
6244
6243
6243
6243
6242
6241
6240
6240
6238
6237
6237
6235
6235
6234
6233
6233
6232
6231
6231
6231
6230
6229
6229
6228
6228
6227
6226
6225
6223
6221
6220
6220
6220
6219
6217
6217
6217
6215
6212
6212
6211
6210
6208
6204
6203
6202
6202
6199
6198
6195
6194
6193
6191
6189
6189
6188
6187
6186
6186
6185
6183
6183
6183
6182
6182
6182
6182
6182
6179
6174
6173
6172
6167
6167
6166
6166
6165
6164
6163
6162
6160
6160
6160
6159
6158
6158
6157
6155
6153
6151
6151
6150
6147
6147
6146
6146
6146
6144
6142
6142
6140
6140
6139
6137
6137
6137
6136
6135
6135
6134
6132
6131
6128
6128
6127
6126
6125
6124
6124
6123
6123
6123
6122
6122
6121
6121
6120
6118
6118
6118
6117
6117
6115
6114
6113
6112
6112
6111
6111
6110
6110
6109
6108
6108
6108
6107
6106
6103
6103
6102
6101
6100
6099
6098
6098
6098
6098
6098
6097
6097
6093
6093
6089
6088
6087
6087
6083
6083
6082
6081
6080
6078
6078
6077
6075
6075
6073
6072
6071
6071
6069
6069
6068
6068
6067
6066
6065
6063
6063
6062
6062
6062
6062
6061
6060
6059
6059
6059
6059
6055
6055
6053
6052
6052
6050
6050
6050
6049
6048
6048
6048
6047
6042
6040
6039
6039
6038
6031
6030
6029
6028
6028
6027
6027
6027
6023
6023
6022
6020
6016
6016
6014
6013
6013
6012
6012
6012
6010
6009
6009
6009
6008
6008
6007
6007
6006
6005
6003
6003
6002
6000
5998
5998
5998
5996
5995
5995
5995
5994
5994
5993
5993
5991
5990
5985
5984
5982
5980
5979
5975
5975
5973
5971
5970
5970
5970
5969
5968
5965
5964
5963
5959
5958
5957
5957
5956
5956
5954
5954
5953
5953
5953
5950
5950
5949
5948
5945
5942
5942
5941
5941
5941
5940
5937
5935
5934
5932
5931
5931
5930
5930
5929
5928
5925
5924
5922
5921
5918
5918
5916
5913
5912
5912
5910
5909
5909
5908
5907
5904
5904
5902
5901
5900
5899
5895
5895
5894
5894
5893
5890
5890
5886
5886
5886
5884
5884
5883
5883
5882
5882
5881
5881
5881
5878
5877
5877
5877
5874
5872
5871
5871
5870
5868
5867
5867
5867
5866
5865
5862
5862
5862
5861
5858
5858
5857
5856
5855
5855
5855
5854
5854
5851
5851
5851
5850
5849
5849
5848
5843
5843
5842
5841
5840
5840
5839
5838
5838
5838
5836
5835
5834
5833
5833
5832
5830
5830
5830
5829
5829
5828
5828
5827
5826
5826
5826
5826
5826
5825
5822
5820
5820
5819
5819
5819
5818
5818
5817
5816
5816
5815
5812
5810
5809
5807
5805
5804
5804
5804
5803
5803
5801
5801
5801
5800
5800
5799
5799
5798
5795
5794
5793
5793
5791
5791
5788
5788
5787
5786
5785
5783
5783
5783
5783
5782
5782
5779
5778
5778
5777
5776
5776
5775
5775
5775
5774
5774
5773
5773
5772
5772
5770
5767
5767
5767
5766
5766
5766
5766
5764
5763
5763
5762
5762
5759
5758
5758
5758
5756
5751
5746
5739
5737
5736
5735
5735
5735
5734
5734
5733
5732
5732
5730
5729
5729
5729
5725
5723
5720
5719
5718
5716
5714
5714
5712
5710
5710
5708
5708
5707
5706
5705
5705
5704
5703
5702
5701
5700
5699
5699
5697
5697
5695
5695
5694
5694
5690
5690
5689
5689
5686
5686
5685
5685
5685
5684
5683
5683
5683
5682
5680
5680
5679
5678
5677
5676
5675
5675
5674
5674
5673
5672
5672
5670
5668
5668
5665
5663
5661
5660
5657
5656
5656
5653
5652
5651
5649
5648
5648
5646
5645
5642
5642
5642
5640
5640
5639
5637
5636
5634
5633
5632
5631
5631
5631
5630
5625
5625
5625
5624
5623
5623
5623
5623
5622
5622
5621
5619
5619
5618
5618
5617
5616
5616
5616
5616
5615
5614
5611
5610
5608
5606
5604
5603
5602
5601
5600
5599
5599
5598
5597
5594
5594
5591
5591
5590
5588
5586
5585
5583
5582
5582
5581
5578
5576
5575
5575
5574
5572
5572
5572
5571
5571
5570
5568
5566
5564
5564
5563
5563
5562
5562
5562
5562
5560
5558
5558
5557
5557
5556
5556
5555
5555
5555
5553
5552
5552
5551
5550
5549
5549
5548
5548
5548
5547
5547
5545
5545
5545
5545
5542
5541
5541
5541
5537
5535
5534
5533
5532
5531
5530
5527
5527
5527
5526
5524
5523
5520
5519
5519
5519
5516
5514
5514
5514
5512
5510
5507
5506
5506
5504
5502
5500
5500
5499
5498
5498
5497
5497
5497
5495
5495
5493
5493
5492
5490
5485
5483
5482
5482
5481
5479
5479
5477
5475
5475
5472
5471
5469
5466
5466
5464
5464
5463
5461
5461
5461
5459
5458
5452
5449
5444
5444
5441
5441
5439
5439
5438
5438
5438
5437
5437
5436
5431
5430
5427
5424
5423
5423
5422
5422
5421
5421
5421
5420
5419
5419
5419
5414
5413
5409
5408
5407
5407
5406
5405
5402
5400
5400
5399
5395
5395
5392
5390
5387
5387
5387
5386
5386
5385
5385
5385
5380
5380
5380
5379
5378
5375
5374
5373
5373
5373
5372
5372
5371
5369
5368
5368
5367
5367
5366
5366
5364
5363
5362
5361
5357
5354
5354
5353
5353
5353
5350
5350
5350
5350
5346
5345
5345
5343
5342
5342
5340
5339
5339
5337
5335
5334
5334
5326
5324
5324
5324
5323
5323
5321
5321
5319
5316
5315
5314
5311
5309
5309
5307
5306
5306
5305
5305
5304
5303
5303
5302
5302
5297
5297
5297
5296
5295
5294
5294
5290
5288
5287
5284
5283
5283
5282
5275
5273
5273
5272
5272
5271
5271
5270
5268
5267
5263
5261
5261
5260
5259
5258
5258
5257
5256
5256
5256
5255
5255
5254
5253
5251
5250
5249
5249
5246
5245
5243
5243
5242
5241
5240
5240
5238
5237
5237
5233
5233
5233
5232
5229
5226
5226
5224
5224
5223
5221
5220
5216
5216
5216
5214
5213
5210
5204
5204
5202
5202
5201
5201
5198
5198
5194
5191
5188
5187
5184
5184
5183
5183
5182
5180
5178
5178
5177
5176
5175
5175
5173
5172
5171
5171
5171
5171
5169
5169
5168
5167
5167
5166
5166
5165
5165
5164
5163
5161
5161
5159
5157
5156
5153
5152
5151
5150
5150
5148
5148
5146
5146
5146
5146
5142
5140
5139
5138
5138
5138
5138
5138
5138
5137
5137
5137
5137
5137
5136
5135
5135
5134
5134
5133
5130
5130
5129
5129
5129
5126
5125
5125
5124
5124
5122
5122
5120
5119
5118
5118
5117
5117
5116
5116
5115
5114
5113
5112
5111
5111
5110
5110
5109
5109
5108
5108
5107
5102
5102
5100
5099
5099
5096
5095
5094
5094
5094
5093
5092
5092
5091
5091
5090
5090
5089
5087
5086
5083
5083
5081
5080
5080
5080
5079
5079
5078
5076
5076
5075
5075
5074
5074
5073
5072
5072
5071
5070
5068
5063
5062
5062
5060
5058
5057
5057
5056
5055
5054
5052
5052
5051
5050
5046
5045
5045
5044
5043
5043
5040
5040
5039
5038
5037
5037
5036
5035
5033
5033
5033
5032
5029
5029
5026
5025
5025
5025
5023
5021
5021
5021
5021
5018
5018
5018
5018
5017
5016
5016
5013
5013
5011
5010
5008
5008
5007
5004
5002
5001
5001
5000
4999
4997
4996
4994
4994
4993
4991
4991
4991
4990
4990
4989
4988
4983
4982
4981
4980
4980
4977
4977
4977
4975
4975
4973
4972
4970
4970
4969
4968
4968
4963
4962
4961
4961
4960
4960
4960
4958
4954
4953
4951
4950
4949
4949
4949
4949
4948
4948
4947
4946
4945
4943
4942
4942
4941
4940
4939
4938
4938
4935
4934
4932
4932
4927
4927
4927
4926
4924
4924
4923
4923
4920
4919
4918
4918
4916
4916
4915
4914
4913
4913
4911
4911
4910
4910
4910
4909
4907
4904
4904
4903
4903
4901
4899
4896
4892
4890
4890
4890
4889
4888
4887
4885
4881
4880
4879
4877
4871
4871
4871
4870
4870
4869
4869
4869
4869
4867
4862
4862
4861
4860
4859
4858
4857
4855
4855
4855
4855
4853
4853
4852
4852
4851
4850
4850
4849
4848
4847
4847
4846
4845
4845
4842
4840
4838
4836
4835
4834
4834
4833
4832
4829
4829
4829
4827
4827
4827
4826
4826
4825
4825
4824
4824
4823
4822
4821
4820
4820
4815
4814
4814
4813
4813
4813
4812
4811
4808
4807
4806
4806
4805
4805
4805
4803
4802
4799
4798
4798
4796
4796
4796
4795
4794
4793
4790
4789
4787
4786
4784
4783
4777
4777
4776
4776
4775
4773
4773
4772
4771
4770
4770
4769
4768
4768
4768
4768
4767
4767
4766
4765
4765
4762
4760
4759
4758
4756
4755
4755
4753
4751
4750
4748
4744
4744
4742
4742
4742
4736
4735
4735
4735
4734
4734
4732
4732
4732
4731
4730
4729
4728
4728
4727
4727
4726
4725
4725
4724
4723
4721
4721
4721
4721
4720
4720
4720
4719
4718
4717
4716
4716
4716
4715
4712
4712
4711
4711
4711
4710
4709
4708
4707
4707
4706
4706
4704
4704
4704
4703
4703
4701
4701
4701
4701
4701
4699
4698
4697
4693
4693
4692
4690
4689
4688
4687
4686
4685
4684
4683
4681
4681
4677
4677
4677
4677
4677
4673
4671
4671
4670
4670
4669
4668
4668
4668
4667
4665
4665
4664
4661
4661
4661
4660
4660
4659
4656
4655
4654
4654
4653
4652
4651
4650
4649
4647
4647
4646
4646
4645
4642
4642
4641
4641
4640
4639
4639
4639
4638
4638
4635
4631
4630
4630
4630
4629
4628
4628
4628
4627
4627
4626
4624
4624
4623
4622
4621
4621
4621
4620
4620
4620
4619
4618
4618
4617
4617
4616
4616
4616
4616
4613
4613
4612
4612
4609
4609
4608
4607
4607
4605
4603
4600
4598
4596
4595
4593
4592
4592
4592
4589
4589
4583
4580
4577
4577
4575
4574
4573
4571
4570
4570
4569
4568
4568
4564
4564
4563
4563
4563
4562
4559
4558
4556
4556
4556
4555
4553
4553
4552
4552
4551
4549
4548
4545
4545
4544
4544
4543
4541
4541
4540
4540
4539
4539
4539
4537
4537
4536
4534
4534
4534
4533
4531
4531
4530
4529
4528
4527
4527
4526
4526
4526
4526
4524
4523
4522
4522
4521
4520
4520
4518
4516
4515
4514
4513
4513
4512
4512
4512
4510
4508
4507
4506
4506
4506
4504
4504
4503
4503
4502
4501
4501
4500
4500
4499
4498
4497
4493
4493
4490
4490
4489
4488
4487
4485
4485
4484
4481
4481
4480
4479
4479
4478
4478
4477
4476
4476
4475
4475
4473
4473
4472
4472
4472
4469
4468
4468
4467
4466
4466
4464
4464
4463
4462
4462
4461
4461
4460
4460
4458
4458
4457
4455
4454
4452
4451
4450
4448
4447
4446
4445
4444
4444
4444
4442
4442
4442
4440
4440
4439
4437
4435
4434
4434
4433
4433
4433
4433
4431
4431
4430
4427
4425
4425
4423
4421
4421
4421
4420
4419
4418
4417
4416
4416
4415
4415
4414
4414
4413
4411
4411
4410
4410
4409
4409
4409
4409
4408
4408
4408
4407
4406
4403
4403
4402
4402
4402
4402
4399
4398
4396
4395
4393
4390
4388
4385
4383
4382
4381
4381
4381
4380
4380
4380
4379
4378
4378
4376
4375
4373
4373
4373
4370
4369
4369
4368
4368
4367
4364
4364
4361
4361
4361
4360
4360
4359
4358
4357
4357
4355
4354
4351
4351
4351
4350
4349
4349
4348
4347
4345
4345
4343
4343
4342
4341
4341
4338
4338
4337
4334
4334
4333
4333
4333
4331
4329
4329
4327
4325
4324
4324
4323
4323
4323
4318
4317
4317
4317
4317
4317
4316
4316
4315
4315
4314
4312
4311
4307
4305
4304
4303
4303
4302
4302
4302
4301
4298
4297
4297
4294
4294
4292
4292
4292
4290
4290
4290
4290
4290
4288
4287
4286
4286
4286
4283
4281
4280
4279
4279
4277
4277
4272
4271
4270
4270
4267
4266
4266
4265
4265
4264
4263
4262
4261
4259
4257
4255
4254
4253
4253
4253
4251
4250
4250
4250
4250
4249
4247
4247
4246
4246
4246
4243
4241
4239
4238
4238
4237
4236
4236
4236
4236
4235
4235
4235
4233
4231
4230
4230
4229
4229
4227
4226
4226
4224
4223
4221
4220
4220
4219
4218
4216
4216
4215
4215
4214
4214
4214
4212
4212
4211
4211
4207
4206
4205
4204
4203
4202
4202
4202
4202
4201
4200
4197
4197
4196
4196
4195
4195
4194
4194
4194
4193
4190
4190
4188
4188
4185
4185
4184
4183
4182
4180
4179
4177
4176
4175
4174
4174
4174
4173
4173
4170
4169
4169
4169
4168
4168
4167
4166
4165
4164
4163
4163
4161
4161
4159
4159
4157
4157
4157
4156
4156
4156
4154
4154
4153
4152
4151
4151
4150
4149
4148
4148
4147
4147
4146
4144
4144
4144
4142
4142
4142
4141
4138
4138
4134
4134
4133
4132
4132
4132
4132
4131
4130
4130
4130
4130
4128
4128
4127
4126
4126
4126
4126
4125
4124
4121
4121
4120
4119
4118
4118
4116
4114
4114
4113
4112
4112
4112
4112
4111
4110
4110
4109
4109
4109
4106
4106
4103
4103
4103
4102
4102
4100
4100
4099
4098
4096
4095
4094
4093
4093
4093
4090
4089
4089
4089
4089
4089
4089
4088
4088
4086
4085
4085
4082
4080
4079
4079
4077
4077
4076
4075
4075
4075
4074
4074
4071
4069
4069
4069
4066
4064
4064
4064
4064
4062
4062
4060
4060
4060
4055
4055
4055
4053
4049
4048
4047
4047
4047
4045
4045
4041
4041
4040
4039
4039
4039
4038
4036
4035
4034
4034
4033
4032
4030
4030
4028
4027
4026
4026
4025
4023
4023
4023
4021
4020
4019
4019
4017
4017
4017
4016
4014
4013
4013
4013
4012
4009
4009
4008
4007
4006
4005
4003
4003
4001
4000
3998
3998
3998
3996
3994
3993
3991
3991
3990
3989
3989
3987
3986
3984
3980
3979
3978
3977
3977
3975
3972
3972
3971
3968
3968
3966
3965
3964
3963
3962
3961
3960
3959
3957
3954
3954
3953
3952
3951
3951
3950
3947
3945
3945
3944
3943
3943
3943
3941
3938
3936
3934
3932
3931
3930
3929
3929
3928
3927
3926
3926
3925
3920
3919
3918
3915
3915
3915
3915
3914
3914
3913
3913
3912
3912
3911
3910
3907
3907
3907
3907
3906
3906
3905
3905
3905
3905
3905
3904
3904
3902
3899
3899
3896
3896
3895
3894
3893
3893
3893
3892
3892
3892
3889
3888
3888
3888
3887
3887
3887
3884
3881
3879
3878
3878
3874
3874
3872
3872
3871
3867
3867
3867
3866
3865
3863
3862
3862
3862
3861
3861
3861
3861
3859
3859
3859
3858
3856
3856
3855
3854
3854
3853
3852
3851
3850
3850
3849
3847
3845
3845
3845
3842
3841
3840
3839
3833
3833
3832
3831
3828
3827
3827
3825
3825
3824
3823
3823
3822
3821
3820
3820
3819
3818
3817
3814
3814
3814
3814
3813
3813
3810
3806
3805
3804
3804
3804
3801
3801
3800
3797
3794
3793
3793
3792
3792
3791
3787
3787
3787
3786
3783
3779
3778
3775
3774
3773
3773
3772
3772
3772
3771
3771
3768
3768
3768
3768
3767
3766
3764
3763
3761
3759
3758
3757
3756
3755
3750
3750
3750
3748
3747
3747
3746
3743
3743
3742
3741
3740
3740
3739
3739
3739
3739
3739
3738
3737
3734
3733
3733
3733
3731
3731
3730
3729
3727
3726
3725
3723
3721
3721
3720
3714
3714
3712
3712
3710
3707
3707
3706
3703
3703
3702
3701
3700
3700
3699
3699
3699
3699
3697
3696
3696
3694
3694
3694
3693
3692
3692
3690
3688
3687
3687
3687
3687
3685
3685
3685
3684
3684
3682
3682
3678
3677
3677
3676
3676
3676
3675
3674
3673
3670
3667
3666
3666
3666
3665
3665
3664
3663
3663
3662
3660
3660
3658
3657
3657
3656
3655
3655
3655
3655
3654
3653
3652
3652
3651
3650
3650
3649
3646
3645
3644
3644
3642
3642
3642
3641
3640
3638
3636
3635
3634
3634
3632
3631
3630
3629
3628
3626
3625
3625
3624
3624
3623
3623
3622
3622
3622
3622
3621
3621
3620
3619
3618
3617
3615
3615
3614
3614
3613
3612
3606
3605
3604
3603
3603
3603
3602
3601
3601
3600
3598
3598
3598
3598
3597
3596
3596
3595
3595
3595
3594
3592
3592
3591
3590
3590
3589
3589
3588
3586
3585
3584
3583
3580
3578
3578
3577
3576
3576
3574
3573
3571
3570
3569
3567
3566
3565
3564
3564
3564
3564
3563
3559
3557
3556
3555
3555
3554
3553
3552
3549
3548
3548
3548
3547
3546
3546
3544
3544
3544
3543
3542
3541
3540
3539
3539
3536
3535
3535
3533
3530
3529
3528
3525
3524
3524
3522
3522
3521
3520
3520
3520
3518
3518
3515
3515
3513
3512
3512
3512
3512
3508
3508
3507
3504
3503
3503
3500
3499
3496
3496
3496
3496
3494
3494
3493
3492
3491
3491
3491
3488
3488
3488
3487
3484
3484
3482
3480
3480
3479
3479
3478
3477
3476
3476
3470
3469
3469
3469
3468
3468
3468
3465
3462
3460
3459
3458
3458
3458
3458
3457
3456
3456
3456
3455
3454
3454
3451
3451
3450
3450
3449
3447
3446
3445
3444
3442
3442
3441
3439
3436
3435
3434
3434
3433
3432
3431
3431
3430
3428
3427
3427
3425
3425
3423
3423
3423
3423
3422
3422
3421
3420
3420
3417
3416
3416
3416
3415
3414
3412
3412
3411
3411
3409
3409
3408
3408
3408
3407
3407
3406
3406
3406
3405
3405
3402
3401
3397
3397
3397
3394
3394
3394
3393
3391
3391
3389
3388
3387
3387
3386
3385
3385
3383
3382
3382
3382
3382
3381
3380
3380
3380
3377
3374
3374
3374
3371
3371
3370
3370
3370
3368
3367
3366
3366
3365
3365
3364
3363
3362
3361
3359
3359
3356
3356
3355
3355
3349
3349
3349
3348
3346
3344
3343
3342
3342
3341
3341
3340
3340
3339
3339
3338
3338
3338
3337
3337
3336
3335
3333
3332
3332
3332
3332
3332
3329
3328
3327
3327
3326
3326
3325
3323
3323
3322
3322
3320
3318
3317
3316
3315
3315
3313
3313
3313
3312
3311
3310
3309
3309
3308
3308
3307
3304
3304
3303
3302
3302
3301
3301
3301
3298
3298
3297
3297
3295
3293
3293
3292
3292
3290
3290
3290
3289
3289
3288
3287
3287
3286
3285
3285
3284
3283
3282
3282
3281
3279
3278
3278
3277
3277
3276
3275
3272
3271
3269
3268
3267
3266
3265
3264
3264
3263
3261
3259
3258
3256
3256
3255
3255
3254
3252
3249
3245
3245
3244
3243
3241
3239
3238
3235
3234
3231
3230
3229
3228
3227
3227
3226
3225
3222
3220
3217
3216
3216
3215
3214
3211
3211
3209
3209
3208
3208
3208
3207
3207
3206
3206
3206
3206
3203
3202
3202
3201
3200
3199
3197
3195
3195
3194
3194
3190
3189
3188
3187
3187
3186
3184
3183
3181
3180
3180
3178
3177
3177
3177
3176
3175
3174
3172
3172
3171
3170
3167
3167
3167
3167
3166
3164
3163
3163
3162
3161
3161
3160
3160
3158
3157
3157
3153
3152
3147
3146
3145
3144
3141
3141
3140
3140
3139
3139
3135
3134
3133
3133
3132
3131
3131
3131
3129
3128
3128
3127
3126
3125
3124
3123
3122
3121
3121
3121
3121
3120
3119
3117
3117
3116
3112
3111
3110
3108
3106
3106
3105
3105
3103
3099
3099
3098
3098
3098
3098
3096
3096
3096
3095
3095
3093
3092
3092
3087
3086
3084
3082
3082
3081
3079
3079
3078
3076
3074
3073
3072
3071
3071
3070
3070
3068
3068
3067
3066
3066
3065
3065
3065
3065
3064
3062
3061
3060
3060
3057
3057
3055
3054
3054
3052
3052
3052
3051
3050
3050
3048
3047
3046
3046
3046
3045
3045
3045
3044
3043
3042
3041
3041
3040
3040
3039
3037
3037
3036
3036
3036
3036
3035
3035
3033
3032
3032
3032
3030
3029
3028
3028
3027
3026
3025
3024
3024
3023
3023
3021
3020
3019
3019
3019
3018
3018
3017
3017
3014
3012
3010
3010
3010
3009
3009
3009
3008
3006
3004
3003
3003
3002
3001
3000
3000
2999
2996
2994
2993
2991
2990
2987
2984
2983
2982
2981
2980
2980
2980
2980
2978
2976
2976
2975
2975
2975
2975
2973
2973
2970
2970
2969
2969
2968
2967
2966
2966
2963
2963
2963
2962
2962
2960
2959
2956
2956
2955
2954
2953
2953
2952
2950
2950
2950
2950
2948
2947
2945
2942
2941
2938
2938
2932
2929
2929
2929
2928
2927
2925
2924
2924
2923
2921
2921
2920
2919
2918
2915
2915
2914
2913
2912
2910
2906
2905
2904
2902
2902
2901
2901
2900
2900
2899
2899
2898
2898
2897
2895
2895
2895
2894
2894
2892
2892
2892
2892
2890
2889
2888
2888
2886
2886
2886
2885
2884
2883
2883
2882
2882
2880
2880
2880
2879
2879
2874
2874
2874
2871
2871
2870
2870
2870
2869
2868
2866
2866
2866
2862
2861
2861
2860
2859
2859
2856
2856
2856
2853
2852
2850
2850
2849
2849
2849
2848
2846
2846
2845
2845
2844
2844
2843
2843
2842
2842
2841
2841
2839
2837
2836
2835
2835
2833
2833
2832
2831
2828
2826
2826
2825
2824
2824
2823
2822
2821
2819
2816
2816
2813
2813
2811
2811
2810
2807
2806
2806
2806
2805
2805
2804
2804
2801
2801
2801
2799
2799
2798
2797
2795
2793
2792
2792
2791
2789
2789
2788
2786
2785
2784
2782
2781
2779
2779
2779
2779
2778
2777
2775
2775
2775
2775
2774
2772
2772
2770
2770
2768
2767
2766
2765
2764
2763
2761
2761
2760
2760
2759
2759
2757
2755
2755
2755
2755
2755
2754
2753
2752
2751
2750
2750
2749
2749
2749
2748
2747
2746
2746
2745
2745
2744
2744
2743
2743
2742
2741
2740
2739
2737
2736
2736
2735
2734
2733
2733
2731
2731
2730
2730
2729
2729
2729
2728
2728
2727
2727
2725
2723
2723
2722
2722
2721
2720
2719
2717
2717
2716
2715
2713
2712
2711
2709
2707
2707
2706
2706
2705
2705
2705
2704
2704
2703
2702
2701
2700
2700
2700
2699
2698
2696
2696
2695
2693
2692
2692
2691
2688
2686
2686
2684
2684
2677
2676
2676
2674
2670
2669
2668
2668
2667
2665
2664
2663
2661
2658
2658
2658
2658
2657
2657
2654
2653
2652
2651
2649
2649
2649
2648
2648
2648
2645
2644
2642
2641
2640
2639
2638
2638
2637
2637
2634
2632
2632
2631
2629
2628
2627
2627
2627
2626
2624
2623
2622
2622
2621
2621
2620
2619
2618
2616
2616
2616
2615
2615
2614
2614
2613
2613
2613
2611
2610
2608
2607
2605
2605
2604
2602
2602
2598
2598
2598
2596
2595
2595
2587
2587
2587
2586
2585
2585
2584
2584
2583
2583
2582
2582
2581
2581
2579
2578
2577
2576
2576
2575
2573
2573
2571
2569
2569
2568
2566
2565
2564
2564
2562
2561
2560
2559
2558
2555
2554
2554
2552
2551
2551
2548
2547
2547
2546
2545
2544
2543
2540
2538
2538
2538
2538
2536
2533
2532
2531
2529
2529
2527
2525
2525
2524
2523
2523
2521
2520
2517
2516
2515
2515
2514
2514
2514
2514
2513
2511
2511
2511
2510
2510
2509
2509
2508
2507
2506
2504
2503
2502
2499
2498
2498
2496
2495
2494
2493
2493
2493
2493
2492
2490
2489
2487
2486
2484
2481
2481
2480
2479
2478
2477
2477
2476
2475
2475
2473
2473
2472
2471
2471
2469
2465
2465
2462
2461
2461
2461
2460
2460
2459
2458
2456
2455
2453
2452
2452
2451
2451
2451
2449
2447
2447
2446
2446
2445
2444
2442
2440
2438
2437
2436
2436
2435
2435
2434
2434
2434
2432
2431
2428
2428
2426
2426
2423
2422
2421
2421
2420
2418
2416
2415
2413
2412
2410
2410
2410
2409
2409
2408
2408
2407
2407
2407
2406
2406
2405
2403
2403
2402
2400
2399
2398
2398
2394
2394
2393
2393
2393
2387
2386
2385
2384
2381
2380
2379
2379
2378
2378
2377
2376
2375
2373
2372
2370
2370
2367
2366
2365
2364
2363
2362
2361
2361
2361
2356
2355
2355
2352
2351
2351
2351
2350
2350
2349
2349
2348
2347
2345
2345
2342
2341
2340
2340
2339
2338
2335
2334
2333
2329
2329
2327
2327
2325
2325
2324
2324
2324
2323
2322
2322
2321
2320
2320
2319
2319
2318
2318
2317
2317
2315
2314
2313
2312
2310
2309
2308
2308
2307
2307
2304
2304
2303
2302
2300
2300
2294
2293
2293
2290
2289
2288
2286
2285
2284
2284
2284
2283
2281
2281
2281
2280
2279
2278
2278
2277
2275
2275
2275
2275
2275
2275
2273
2272
2270
2268
2266
2265
2265
2265
2264
2264
2264
2262
2261
2260
2259
2257
2257
2254
2253
2250
2250
2250
2247
2246
2244
2244
2243
2243
2243
2243
2243
2242
2241
2241
2241
2240
2239
2239
2238
2238
2234
2234
2232
2230
2225
2224
2224
2223
2222
2222
2216
2215
2215
2211
2211
2210
2208
2206
2206
2206
2205
2203
2203
2200
2199
2198
2198
2198
2196
2196
2193
2192
2191
2191
2191
2190
2190
2189
2188
2187
2186
2186
2185
2184
2183
2182
2182
2181
2181
2181
2181
2179
2179
2178
2176
2176
2174
2172
2171
2170
2169
2167
2165
2165
2165
2163
2163
2163
2163
2163
2162
2161
2159
2159
2159
2157
2157
2156
2156
2156
2155
2155
2154
2154
2153
2153
2151
2151
2150
2149
2148
2148
2148
2148
2148
2147
2146
2146
2146
2144
2144
2144
2142
2142
2140
2140
2140
2139
2138
2138
2136
2135
2134
2134
2134
2134
2131
2131
2131
2129
2128
2128
2127
2125
2123
2121
2119
2119
2118
2117
2116
2115
2112
2111
2110
2110
2109
2109
2108
2108
2105
2104
2103
2100
2099
2099
2098
2098
2097
2097
2097
2096
2095
2094
2094
2093
2093
2091
2090
2090
2088
2088
2088
2086
2085
2085
2082
2081
2076
2075
2075
2073
2073
2073
2073
2072
2072
2072
2071
2071
2069
2069
2069
2068
2067
2067
2064
2064
2063
2062
2062
2061
2061
2060
2060
2059
2058
2058
2058
2058
2058
2057
2053
2053
2053
2052
2050
2049
2049
2048
2047
2046
2045
2045
2045
2044
2043
2042
2042
2042
2040
2040
2039
2037
2036
2035
2035
2034
2034
2033
2033
2032
2031
2029
2024
2024
2024
2024
2023
2021
2020
2019
2019
2017
2017
2012
2012
2011
2010
2010
2009
2008
2008
2006
2006
2004
2003
2003
2003
2002
2002
2001
2001
1999
1996
1995
1995
1994
1993
1993
1990
1990
1988
1988
1984
1984
1984
1982
1978
1978
1976
1976
1976
1976
1975
1971
1970
1969
1969
1968
1965
1962
1961
1957
1957
1956
1956
1956
1955
1955
1954
1954
1953
1952
1952
1952
1951
1951
1950
1949
1949
1948
1947
1946
1945
1942
1942
1941
1941
1938
1938
1937
1936
1935
1932
1928
1927
1927
1924
1922
1921
1921
1916
1914
1912
1912
1911
1910
1909
1908
1908
1907
1907
1907
1905
1903
1903
1903
1902
1902
1901
1900
1899
1898
1898
1898
1896
1896
1891
1891
1890
1890
1889
1886
1885
1884
1883
1882
1882
1880
1880
1878
1878
1878
1877
1877
1876
1874
1872
1872
1872
1869
1868
1868
1867
1867
1865
1862
1861
1861
1861
1860
1860
1859
1859
1858
1857
1856
1856
1855
1855
1853
1852
1852
1851
1851
1851
1848
1847
1846
1846
1844
1842
1839
1839
1839
1834
1834
1834
1834
1834
1832
1832
1831
1831
1831
1830
1829
1827
1827
1827
1826
1826
1825
1824
1823
1822
1822
1821
1819
1819
1817
1811
1810
1810
1808
1808
1808
1808
1806
1805
1805
1805
1804
1803
1801
1801
1801
1797
1795
1794
1792
1792
1791
1791
1788
1787
1784
1783
1782
1782
1781
1778
1778
1775
1773
1772
1772
1771
1770
1768
1768
1767
1766
1766
1765
1763
1761
1761
1760
1760
1759
1759
1757
1757
1752
1751
1751
1750
1749
1747
1741
1740
1739
1738
1736
1735
1733
1733
1731
1731
1730
1729
1728
1727
1727
1727
1726
1725
1723
1723
1723
1722
1720
1718
1716
1714
1713
1713
1712
1712
1711
1711
1711
1711
1710
1710
1708
1705
1703
1702
1700
1698
1698
1696
1694
1694
1693
1693
1690
1689
1689
1689
1688
1688
1687
1687
1687
1685
1682
1682
1681
1681
1681
1679
1679
1677
1677
1677
1676
1675
1669
1669
1668
1668
1666
1666
1666
1665
1664
1664
1663
1662
1662
1661
1661
1660
1658
1654
1654
1652
1652
1650
1648
1647
1647
1647
1645
1642
1642
1642
1640
1639
1639
1639
1636
1635
1635
1633
1631
1631
1629
1628
1628
1628
1627
1627
1625
1625
1625
1625
1625
1624
1622
1621
1620
1619
1619
1619
1617
1615
1614
1612
1611
1610
1608
1607
1607
1607
1607
1606
1605
1605
1604
1601
1601
1601
1601
1601
1601
1601
1600
1600
1600
1599
1599
1597
1597
1595
1595
1594
1594
1593
1592
1591
1591
1591
1589
1589
1589
1588
1588
1587
1586
1585
1584
1583
1583
1583
1582
1582
1580
1579
1577
1576
1574
1572
1571
1571
1571
1570
1567
1566
1563
1558
1556
1554
1552
1552
1550
1549
1547
1546
1545
1545
1544
1543
1542
1542
1542
1540
1538
1538
1537
1536
1536
1536
1535
1533
1532
1529
1528
1527
1527
1525
1525
1525
1520
1519
1519
1519
1517
1517
1516
1515
1515
1512
1511
1510
1510
1510
1507
1504
1504
1504
1504
1502
1500
1496
1495
1495
1494
1494
1493
1493
1492
1490
1486
1486
1483
1483
1481
1477
1477
1477
1473
1472
1467
1466
1465
1464
1464
1463
1463
1463
1462
1461
1460
1459
1456
1455
1454
1453
1453
1452
1452
1451
1450
1449
1448
1448
1447
1445
1444
1443
1440
1440
1440
1440
1438
1436
1436
1434
1433
1431
1429
1428
1427
1427
1426
1426
1423
1423
1422
1422
1422
1421
1421
1420
1420
1418
1417
1416
1416
1415
1414
1412
1412
1410
1410
1410
1409
1409
1408
1405
1404
1404
1403
1403
1403
1403
1402
1399
1397
1396
1396
1395
1394
1394
1394
1391
1390
1389
1389
1388
1387
1387
1386
1386
1385
1384
1383
1381
1381
1381
1381
1379
1378
1378
1377
1376
1376
1375
1372
1370
1368
1367
1367
1365
1365
1365
1364
1363
1363
1359
1358
1358
1357
1357
1357
1356
1355
1355
1354
1354
1353
1353
1353
1352
1351
1350
1348
1348
1346
1345
1344
1344
1344
1344
1339
1339
1338
1336
1335
1334
1333
1332
1332
1331
1331
1330
1328
1328
1328
1326
1326
1322
1322
1320
1319
1317
1317
1316
1315
1314
1314
1313
1308
1308
1307
1307
1302
1302
1300
1300
1298
1297
1296
1296
1295
1294
1293
1293
1293
1292
1291
1290
1289
1289
1289
1286
1285
1284
1282
1282
1282
1281
1280
1278
1278
1278
1277
1276
1276
1276
1275
1274
1274
1273
1272
1269
1268
1267
1266
1265
1264
1263
1263
1262
1260
1258
1258
1257
1257
1253
1252
1251
1251
1248
1246
1245
1245
1244
1244
1244
1243
1243
1241
1239
1238
1237
1236
1236
1236
1235
1233
1233
1228
1226
1223
1223
1221
1221
1221
1219
1219
1218
1218
1216
1215
1215
1215
1214
1214
1212
1212
1211
1211
1211
1208
1207
1207
1206
1206
1201
1200
1199
1198
1198
1198
1198
1196
1195
1195
1195
1195
1191
1191
1190
1189
1189
1187
1187
1186
1184
1184
1184
1183
1183
1181
1181
1180
1180
1179
1179
1179
1178
1178
1177
1177
1176
1176
1175
1174
1171
1170
1170
1166
1166
1164
1163
1162
1161
1160
1160
1158
1157
1157
1157
1156
1151
1148
1147
1147
1146
1145
1142
1142
1141
1141
1140
1140
1138
1135
1134
1133
1132
1131
1131
1131
1130
1130
1130
1129
1128
1127
1126
1126
1126
1124
1122
1122
1122
1119
1119
1118
1117
1117
1116
1116
1116
1115
1113
1112
1111
1110
1109
1108
1107
1107
1107
1105
1105
1103
1102
1102
1102
1102
1101
1100
1100
1099
1098
1097
1095
1095
1094
1094
1092
1092
1091
1090
1086
1086
1085
1083
1082
1082
1080
1079
1079
1079
1078
1076
1075
1074
1072
1072
1071
1070
1067
1066
1065
1065
1064
1063
1062
1061
1061
1060
1060
1059
1056
1056
1056
1056
1056
1055
1055
1054
1054
1052
1051
1050
1050
1050
1049
1048
1045
1045
1045
1044
1044
1044
1041
1038
1035
1035
1034
1033
1033
1032
1032
1031
1028
1025
1025
1024
1022
1021
1020
1019
1018
1018
1017
1017
1017
1013
1012
1011
1011
1009
1009
1009
1008
1008
1007
1007
1005
1004
1004
1004
1002
1001
1001
1001
1000
1000
996
995
994
993
993
993
992
992
990
988
988
985
984
982
982
982
981
980
979
978
978
974
973
973
973
971
971
969
967
963
962
960
960
958
954
951
951
950
950
950
948
947
946
945
944
943
942
941
940
939
938
938
938
938
934
934
934
933
932
932
931
930
930
930
928
926
924
920
920
920
919
919
919
919
916
916
915
914
914
912
910
910
910
909
909
909
908
908
908
905
904
903
903
902
901
900
900
898
898
898
896
893
893
892
891
891
891
891
889
889
887
887
884
882
881
880
880
880
879
879
878
878
877
876
875
875
874
873
871
870
867
867
866
865
864
863
860
859
859
859
858
855
854
854
853
851
849
848
841
840
840
839
839
838
838
837
835
835
835
835
832
832
832
830
830
825
825
825
825
824
824
822
821
820
819
816
816
816
816
815
813
812
812
812
811
811
810
809
808
806
806
803
801
800
800
799
799
795
795
794
794
794
792
790
790
790
789
789
787
786
786
785
785
785
784
783
780
776
775
774
774
773
769
769
769
768
767
767
767
767
765
763
763
763
759
757
757
756
756
755
755
755
754
747
743
739
739
738
736
734
733
732
731
731
728
728
725
725
724
723
723
722
721
721
721
721
717
717
716
716
715
713
713
713
711
710
707
707
704
704
704
703
703
701
700
699
695
695
694
693
693
693
693
692
690
690
689
688
685
685
683
683
680
680
678
678
678
677
677
677
676
675
675
671
670
670
669
668
667
667
665
665
663
660
660
658
658
657
656
655
653
653
653
653
651
651
649
648
647
646
646
645
642
641
641
638
635
635
634
632
631
631
626
626
625
623
621
621
621
619
619
617
617
616
616
616
614
614
612
610
609
609
609
608
607
606
605
604
604
603
603
603
602
599
594
593
592
592
592
592
591
591
589
589
588
587
586
586
585
583
582
581
581
581
579
578
578
574
574
574
572
571
569
568
568
568
567
566
566
565
563
562
560
559
559
558
558
558
553
551
550
550
549
546
546
545
543
543
542
542
541
541
541
540
537
536
535
535
535
534
533
533
532
532
528
525
525
524
524
523
523
522
522
520
520
520
518
517
517
516
516
515
514
513
513
512
508
506
503
502
500
500
500
499
496
496
494
494
494
493
493
492
492
491
491
489
488
488
487
486
485
484
483
482
481
481
480
480
479
479
478
478
477
476
475
475
475
472
472
471
470
469
464
464
462
462
458
458
456
455
455
454
454
454
453
452
450
450
449
448
447
446
445
444
443
442
441
441
439
438
437
437
437
437
436
434
433
433
433
433
432
431
430
426
425
423
422
422
420
418
416
410
408
408
407
406
403
402
402
400
400
400
399
398
398
396
396
394
393
393
393
391
390
389
385
384
383
382
381
381
380
380
378
378
377
376
374
373
372
371
371
370
370
368
365
364
364
364
363
361
360
359
359
358
358
357
355
355
354
353
352
351
350
350
349
349
348
347
347
345
343
343
343
343
341
340
339
337
336
335
334
333
331
331
331
331
330
330
330
330
330
330
329
328
326
326
325
324
322
322
322
322
321
320
320
320
315
311
310
309
309
308
308
308
307
305
304
303
303
302
301
299
299
298
297
295
294
293
292
292
292
291
289
289
287
286
286
286
285
285
285
284
280
280
280
280
280
279
279
277
271
271
270
270
268
267
266
266
266
265
265
264
263
262
260
260
260
259
259
257
256
256
255
254
253
252
252
252
251
249
248
247
246
246
245
244
244
244
242
242
241
241
240
240
237
237
235
234
234
234
233
232
232
230
229
227
226
225
221
219
213
212
212
211
209
209
209
209
204
203
202
201
200
198
195
193
192
192
192
191
190
189
188
187
186
184
181
181
179
179
178
177
176
175
175
174
174
172
171
171
168
168
168
165
165
164
164
164
161
160
159
159
157
156
153
152
151
151
147
146
145
145
144
143
140
137
137
136
134
133
131
131
130
130
127
127
127
126
125
125
121
119
117
117
117
116
114
112
112
112
111
111
110
110
109
108
106
104
103
103
102
102
99
98
98
96
95
94
94
94
93
93
92
91
91
91
89
86
84
83
79
78
77
77
76
76
73
73
73
73
72
71
71
70
69
68
66
66
65
65
64
63
62
61
61
61
60
59
59
58
56
54
54
53
51
51
51
51
50
50
49
49
46
46
46
44
44
43
43
41
39
38
37
37
37
34
33
32
31
28
28
27
26
26
24
23
23
23
22
19
19
17
15
14
14
13
13
12
12
12
9
8
7
7
7
6
5
4
3
2
2
2
2
1
1
1
1
0
0
