9999
9998
9992
9990
9990
9990
9989
9986
9986
9984
9984
9982
9981
9980
9979
9977
9977
9976
9972
9972
9971
9971
9970
9969
9968
9967
9967
9966
9964
9963
9962
9962
9962
9961
9960
9960
9959
9958
9958
9958
9958
9956
9954
9953
9950
9950
9947
9946
9946
9946
9945
9944
9944
9943
9942
9941
9941
9940
9940
9938
9938
9936
9935
9934
9934
9934
9933
9932
9931
9931
9927
9927
9926
9926
9923
9923
9920
9919
9919
9919
9917
9917
9917
9916
9916
9914
9914
9914
9913
9913
9913
9910
9906
9905
9902
9902
9901
9901
9896
9895
9893
9891
9890
9887
9886
9886
9885
9885
9884
9883
9883
9882
9881
9880
9879
9877
9877
9877
9876
9874
9873
9872
9872
9871
9871
9870
9869
9868
9867
9866
9864
9864
9863
9860
9860
9858
9858
9857
9856
9854
9854
9854
9851
9849
9848
9848
9846
9845
9844
9844
9842
9842
9842
9842
9840
9838
9837
9837
9836
9835
9834
9834
9833
9833
9833
9832
9831
9831
9830
9830
9829
9829
9826
9826
9826
9826
9826
9822
9822
9818
9817
9817
9816
9814
9814
9813
9813
9811
9811
9810
9810
9810
9809
9809
9808
9806
9805
9805
9803
9803
9803
9801
9801
9800
9798
9796
9795
9793
9792
9792
9791
9790
9788
9788
9787
9786
9786
9786
9786
9785
9784
9783
9781
9781
9781
9778
9778
9777
9775
9774
9773
9771
9770
9770
9769
9768
9767
9767
9766
9765
9765
9764
9761
9760
9758
9756
9756
9754
9753
9752
9752
9751
9750
9750
9750
9750
9749
9749
9745
9745
9744
9742
9741
9741
9741
9740
9740
9739
9737
9736
9734
9733
9733
9733
9731
9731
9731
9729
9728
9728
9726
9726
9726
9723
9721
9721
9721
9720
9719
9719
9718
9717
9717
9717
9717
9716
9715
9715
9714
9713
9713
9713
9712
9711
9710
9709
9709
9708
9707
9707
9707
9707
9705
9703
9702
9701
9700
9700
9700
9700
9699
9699
9699
9698
9697
9697
9696
9695
9694
9694
9693
9690
9688
9687
9687
9686
9686
9685
9684
9684
9684
9681
9680
9679
9679
9678
9676
9676
9675
9672
9669
9668
9668
9668
9666
9665
9665
9664
9663
9662
9662
9661
9660
9659
9658
9658
9656
9654
9654
9653
9650
9650
9650
9646
9645
9642
9641
9639
9636
9634
9632
9632
9631
9631
9630
9630
9623
9621
9619
9619
9617
9615
9614
9613
9613
9613
9612
9612
9611
9611
9611
9610
9607
9607
9607
9606
9605
9604
9603
9601
9600
9600
9598
9598
9598
9597
9596
9596
9596
9594
9593
9592
9592
9592
9591
9590
9587
9586
9585
9585
9582
9582
9578
9576
9575
9575
9574
9572
9570
9570
9567
9567
9567
9567
9566
9562
9561
9560
9559
9559
9559
9558
9558
9557
9557
9556
9554
9553
9550
9550
9550
9549
9548
9547
9545
9545
9544
9543
9541
9541
9540
9539
9538
9538
9536
9536
9535
9532
9532
9530
9527
9526
9523
9522
9522
9520
9520
9515
9515
9513
9512
9509
9508
9506
9505
9505
9503
9501
9501
9501
9501
9500
9500
9498
9496
9496
9496
9495
9495
9495
9494
9494
9493
9490
9489
9488
9488
9487
9487
9485
9485
9484
9483
9482
9482
9482
9481
9476
9476
9476
9475
9475
9475
9475
9469
9469
9467
9459
9457
9456
9456
9453
9450
9450
9450
9449
9448
9447
9446
9446
9445
9445
9444
9443
9443
9442
9442
9440
9439
9438
9438
9438
9437
9436
9436
9435
9432
9431
9430
9425
9422
9421
9420
9420
9420
9419
9419
9418
9418
9417
9416
9414
9414
9413
9413
9411
9411
9410
9408
9408
9408
9406
9405
9405
9405
9405
9404
9399
9399
9399
9398
9394
9393
9392
9392
9387
9387
9386
9385
9385
9384
9384
9384
9382
9380
9380
9376
9375
9375
9375
9375
9373
9372
9371
9371
9366
9366
9366
9366
9364
9364
9364
9363
9363
9362
9361
9360
9359
9359
9358
9357
9357
9357
9356
9355
9355
9354
9354
9354
9354
9353
9353
9353
9353
9352
9350
9348
9348
9348
9348
9347
9346
9346
9345
9345
9342
9342
9340
9339
9338
9337
9334
9333
9331
9330
9329
9327
9327
9327
9325
9323
9323
9323
9323
9322
9322
9318
9316
9316
9316
9314
9312
9312
9309
9308
9307
9306
9306
9306
9305
9305
9304
9303
9303
9302
9302
9302
9301
9297
9297
9297
9297
9295
9295
9292
9291
9288
9288
9288
9286
9286
9284
9283
9282
9280
9280
9279
9279
9278
9278
9276
9276
9272
9269
9268
9266
9265
9265
9264
9264
9262
9262
9262
9258
9256
9251
9251
9250
9249
9246
9244
9244
9243
9243
9239
9238
9237
9236
9236
9235
9235
9231
9230
9229
9229
9228
9228
9227
9224
9223
9222
9222
9222
9220
9220
9218
9217
9216
9215
9214
9214
9214
9214
9214
9211
9210
9209
9209
9207
9207
9206
9205
9205
9205
9202
9201
9200
9200
9199
9199
9198
9197
9196
9195
9193
9190
9188
9187
9186
9186
9186
9185
9185
9184
9183
9181
9178
9178
9177
9177
9177
9172
9172
9171
9170
9169
9169
9169
9167
9166
9166
9166
9166
9165
9164
9162
9160
9159
9158
9153
9153
9150
9150
9150
9148
9140
9140
9139
9137
9136
9135
9135
9134
9134
9134
9133
9133
9132
9132
9131
9129
9129
9129
9126
9123
9122
9120
9117
9116
9114
9113
9113
9112
9112
9112
9111
9110
9110
9109
9109
9108
9105
9104
9102
9101
9101
9100
9100
9099
9099
9097
9097
9096
9095
9089
9089
9085
9085
9083
9081
9080
9080
9079
9079
9078
9076
9075
9074
9074
9073
9073
9073
9072
9072
9071
9068
9065
9065
9064
9063
9063
9062
9062
9061
9060
9059
9059
9057
9055
9052
9051
9045
9044
9039
9038
9038
9037
9037
9035
9034
9033
9033
9030
9030
9026
9026
9024
9022
9019
9018
9018
9017
9016
9015
9015
9015
9013
9013
9012
9010
9008
9007
9007
9002
9000
9000
8999
8997
8997
8993
8993
8993
8991
8991
8991
8989
8987
8986
8984
8983
8982
8981
8980
8979
8977
8974
8974
8974
8974
8974
8974
8973
8972
8972
8971
8968
8967
8966
8965
8965
8963
8962
8962
8962
8962
8961
8961
8959
8959
8958
8957
8956
8955
8952
8952
8950
8949
8948
8946
8943
8943
8942
8940
8936
8936
8935
8933
8931
8930
8928
8928
8926
8924
8924
8923
8918
8917
8916
8916
8916
8915
8914
8912
8910
8909
8908
8908
8905
8905
8904
8904
8902
8901
8899
8898
8897
8895
8895
8894
8893
8892
8890
8890
8890
8887
8886
8884
8884
8880
8879
8878
8876
8875
8873
8872
8871
8868
8867
8866
8866
8865
8862
8861
8860
8859
8859
8858
8857
8856
8856
8856
8854
8854
8854
8853
8852
8852
8851
8851
8850
8850
8848
8846
8846
8845
8843
8843
8841
8841
8841
8839
8839
8839
8839
8839
8838
8838
8836
8836
8836
8832
8831
8829
8827
8826
8826
8826
8826
8825
8824
8823
8822
8821
8820
8817
8816
8815
8814
8813
8812
8812
8810
8809
8808
8807
8806
8804
8804
8804
8804
8803
8803
8802
8799
8799
8797
8796
8794
8793
8791
8787
8786
8786
8785
8785
8785
8784
8784
8783
8783
8779
8779
8779
8776
8774
8773
8773
8771
8771
8769
8767
8767
8766
8766
8765
8765
8762
8760
8760
8759
8758
8757
8757
8756
8755
8753
8751
8749
8747
8747
8746
8746
8744
8744
8743
8742
8742
8742
8741
8740
8740
8740
8739
8738
8738
8737
8735
8735
8735
8735
8735
8733
8732
8732
8731
8730
8729
8728
8727
8727
8727
8726
8726
8726
8725
8724
8724
8722
8721
8719
8718
8717
8716
8715
8713
8713
8713
8713
8710
8710
8709
8708
8707
8705
8704
8704
8703
8700
8700
8700
8698
8697
8697
8696
8695
8695
8695
8694
8692
8690
8689
8688
8687
8686
8684
8684
8682
8681
8681
8681
8680
8680
8679
8678
8676
8676
8674
8674
8674
8673
8672
8672
8671
8669
8667
8666
8664
8664
8663
8663
8662
8658
8658
8658
8657
8657
8655
8655
8655
8653
8653
8652
8651
8651
8649
8648
8648
8648
8646
8643
8640
8639
8637
8637
8637
8634
8634
8631
8630
8628
8626
8625
8625
8624
8622
8622
8621
8619
8618
8618
8616
8616
8614
8614
8614
8613
8612
8611
8611
8611
8611
8610
8610
8607
8607
8607
8606
8605
8605
8602
8596
8596
8593
8592
8591
8591
8591
8591
8589
8589
8588
8587
8587
8587
8584
8584
8583
8582
8581
8581
8581
8579
8579
8579
8578
8577
8576
8572
8571
8570
8570
8568
8568
8567
8563
8563
8562
8561
8561
8559
8559
8559
8558
8556
8554
8552
8549
8549
8548
8548
8547
8546
8546
8546
8544
8542
8541
8541
8539
8539
8538
8537
8537
8537
8536
8534
8533
8532
8530
8528
8528
8528
8528
8528
8526
8523
8522
8522
8520
8519
8518
8515
8510
8509
8506
8506
8506
8506
8505
8505
8504
8503
8503
8502
8502
8501
8500
8500
8498
8498
8498
8497
8496
8496
8496
8495
8495
8494
8493
8491
8491
8490
8489
8489
8487
8487
8487
8487
8486
8483
8483
8483
8481
8480
8479
8478
8478
8477
8477
8474
8473
8470
8470
8468
8467
8467
8465
8464
8464
8464
8462
8461
8459
8458
8456
8456
8454
8453
8453
8452
8449
8448
8447
8446
8445
8445
8443
8441
8441
8441
8440
8440
8438
8437
8435
8435
8435
8434
8432
8432
8430
8429
8429
8429
8429
8427
8427
8427
8427
8427
8426
8424
8424
8422
8421
8421
8421
8420
8419
8419
8418
8415
8414
8413
8413
8412
8412
8412
8411
8411
8411
8411
8410
8410
8410
8408
8407
8406
8406
8405
8403
8399
8399
8398
8397
8397
8397
8396
8395
8394
8393
8392
8391
8390
8389
8389
8389
8389
8386
8386
8386
8383
8381
8380
8378
8378
8376
8376
8375
8375
8373
8369
8367
8363
8362
8361
8361
8360
8360
8360
8359
8359
8358
8356
8355
8352
8351
8350
8349
8347
8345
8345
8344
8344
8343
8342
8341
8340
8340
8338
8337
8337
8336
8336
8334
8334
8333
8330
8330
8330
8330
8329
8328
8327
8327
8327
8323
8322
8322
8321
8321
8321
8321
8318
8317
8316
8314
8314
8313
8312
8311
8309
8308
8308
8306
8304
8302
8301
8300
8297
8296
8295
8295
8294
8293
8293
8292
8292
8290
8290
8289
8289
8288
8288
8288
8287
8286
8284
8283
8283
8281
8281
8279
8275
8274
8272
8272
8272
8272
8271
8270
8270
8269
8268
8268
8267
8267
8267
8266
8265
8265
8265
8263
8263
8263
8263
8262
8262
8258
8258
8258
8258
8258
8257
8256
8256
8254
8250
8249
8247
8247
8246
8246
8243
8243
8242
8242
8241
8240
8239
8238
8237
8236
8235
8234
8233
8233
8233
8231
8231
8231
8231
8231
8230
8230
8229
8229
8228
8228
8228
8228
8227
8227
8227
8227
8226
8225
8223
8222
8220
8220
8217
8216
8215
8215
8215
8214
8214
8212
8211
8208
8207
8207
8206
8205
8205
8204
8204
8203
8203
8202
8202
8201
8201
8201
8200
8199
8196
8196
8196
8195
8193
8192
8190
8188
8186
8186
8183
8181
8179
8178
8175
8175
8174
8172
8172
8171
8170
8169
8168
8167
8166
8164
8163
8163
8162
8162
8161
8161
8161
8159
8159
8156
8155
8154
8152
8152
8149
8148
8145
8144
8143
8142
8142
8140
8137
8137
8136
8135
8135
8134
8133
8133
8131
8131
8130
8130
8128
8128
8125
8125
8125
8125
8124
8122
8122
8121
8121
8120
8120
8118
8117
8116
8112
8112
8109
8108
8107
8106
8106
8106
8103
8102
8099
8097
8096
8096
8093
8092
8091
8090
8088
8088
8088
8087
8087
8087
8085
8084
8084
8083
8082
8081
8081
8079
8079
8078
8078
8078
8078
8077
8074
8074
8074
8071
8071
8071
8071
8069
8069
8068
8068
8066
8066
8065
8065
8064
8063
8062
8061
8061
8060
8058
8057
8057
8056
8056
8055
8055
8054
8054
8052
8051
8049
8049
8048
8047
8047
8047
8047
8046
8041
8041
8040
8039
8038
8031
8031
8031
8030
8030
8030
8029
8028
8028
8028
8027
8022
8022
8022
8021
8021
8020
8019
8019
8017
8016
8015
8014
8013
8012
8011
8010
8010
8008
8006
8003
8003
8003
8003
8002
8001
7999
7999
7999
7998
7995
7992
7992
7990
7989
7989
7988
7988
7987
7987
7985
7985
7985
7984
7983
7982
7979
7979
7979
7979
7979
7977
7974
7973
7972
7972
7969
7968
7968
7968
7968
7966
7966
7964
7964
7963
7963
7960
7960
7959
7957
7957
7954
7952
7950
7949
7949
7948
7944
7942
7942
7942
7941
7938
7937
7937
7937
7935
7935
7934
7934
7933
7932
7932
7931
7931
7930
7927
7926
7926
7926
7924
7924
7921
7920
7920
7920
7919
7917
7916
7915
7915
7914
7914
7911
7910
7909
7909
7908
7908
7906
7906
7905
7904
7904
7903
7902
7902
7900
7900
7899
7897
7897
7896
7895
7894
7894
7893
7893
7892
7892
7892
7888
7885
7882
7880
7879
7879
7877
7875
7875
7874
7870
7869
7869
7867
7863
7863
7861
7860
7860
7859
7858
7857
7857
7855
7853
7853
7850
7849
7845
7845
7844
7844
7842
7841
7841
7838
7837
7837
7836
7836
7836
7835
7834
7834
7834
7833
7831
7830
7829
7827
7827
7826
7825
7824
7824
7823
7823
7823
7821
7820
7819
7818
7817
7816
7814
7814
7814
7812
7811
7807
7806
7805
7802
7802
7802
7802
7801
7801
7799
7798
7797
7794
7791
7791
7791
7790
7789
7788
7787
7787
7786
7786
7785
7782
7781
7776
7775
7775
7774
7773
7772
7771
7770
7770
7770
7770
7769
7769
7769
7769
7768
7768
7767
7766
7766
7765
7762
7760
7760
7755
7754
7754
7754
7752
7752
7751
7751
7751
7749
7749
7749
7748
7747
7747
7747
7747
7745
7745
7744
7743
7742
7739
7737
7734
7734
7733
7733
7729
7729
7729
7728
7727
7727
7725
7725
7725
7724
7723
7721
7721
7720
7718
7718
7718
7716
7715
7714
7713
7712
7711
7709
7708
7708
7708
7708
7704
7704
7702
7701
7699
7699
7698
7698
7697
7696
7696
7695
7693
7692
7692
7691
7691
7691
7690
7690
7690
7689
7689
7688
7688
7688
7687
7687
7685
7683
7680
7680
7680
7680
7678
7678
7674
7673
7673
7672
7672
7669
7669
7669
7668
7668
7667
7666
7665
7665
7663
7662
7662
7662
7662
7661
7660
7660
7659
7658
7657
7657
7657
7654
7651
7649
7649
7648
7645
7644
7641
7638
7638
7637
7635
7632
7632
7632
7630
7629
7629
7628
7627
7626
7625
7624
7624
7624
7624
7622
7621
7621
7621
7619
7619
7618
7615
7615
7614
7614
7614
7611
7611
7608
7607
7607
7605
7604
7604
7603
7603
7603
7601
7601
7600
7599
7599
7598
7594
7594
7592
7591
7588
7585
7584
7582
7581
7579
7578
7575
7575
7575
7575
7571
7570
7569
7568
7568
7567
7566
7566
7565
7563
7559
7558
7557
7556
7555
7555
7552
7549
7548
7547
7545
7545
7540
7537
7536
7536
7534
7533
7530
7528
7528
7527
7527
7527
7525
7524
7523
7523
7522
7515
7515
7515
7514
7513
7512
7512
7512
7511
7509
7509
7507
7507
7507
7507
7506
7506
7505
7504
7503
7501
7500
7500
7499
7496
7495
7495
7494
7494
7494
7494
7493
7493
7492
7492
7492
7491
7489
7489
7488
7486
7484
7483
7482
7479
7478
7475
7474
7472
7469
7469
7467
7466
7463
7463
7461
7460
7458
7457
7457
7457
7456
7456
7455
7452
7451
7449
7449
7448
7445
7444
7444
7442
7441
7440
7439
7439
7437
7437
7437
7435
7431
7431
7431
7430
7430
7430
7428
7426
7426
7425
7424
7423
7422
7421
7420
7420
7417
7416
7416
7416
7415
7415
7415
7414
7413
7413
7413
7412
7412
7411
7409
7406
7403
7403
7401
7399
7396
7394
7394
7394
7393
7392
7391
7390
7389
7388
7387
7386
7386
7384
7384
7384
7382
7381
7380
7379
7378
7377
7376
7375
7374
7370
7370
7369
7369
7369
7369
7368
7368
7368
7367
7366
7365
7364
7364
7364
7363
7362
7362
7362
7362
7361
7360
7360
7359
7359
7358
7358
7358
7357
7356
7356
7354
7353
7352
7352
7351
7351
7350
7349
7348
7346
7346
7345
7343
7343
7343
7342
7342
7341
7340
7340
7339
7337
7337
7334
7333
7332
7332
7331
7330
7330
7328
7326
7325
7324
7323
7323
7322
7322
7320
7319
7317
7317
7316
7316
7315
7315
7314
7313
7313
7311
7308
7306
7303
7303
7302
7301
7299
7299
7297
7297
7297
7296
7296
7295
7294
7293
7293
7293
7292
7291
7288
7288
7288
7287
7284
7283
7283
7283
7279
7279
7278
7277
7277
7276
7275
7275
7275
7273
7273
7273
7273
7272
7269
7262
7261
7259
7257
7256
7255
7254
7249
7247
7246
7246
7244
7244
7242
7241
7240
7240
7239
7236
7236
7236
7235
7234
7234
7234
7232
7232
7230
7229
7228
7227
7226
7226
7225
7225
7221
7221
7220
7218
7217
7216
7214
7212
7211
7210
7210
7208
7207
7206
7205
7204
7203
7203
7203
7202
7202
7201
7201
7201
7201
7200
7199
7198
7198
7197
7196
7194
7192
7192
7189
7188
7187
7187
7187
7186
7185
7184
7184
7182
7181
7181
7181
7180
7179
7179
7179
7177
7174
7174
7172
7171
7170
7170
7170
7170
7169
7169
7169
7168
7167
7166
7166
7163
7163
7159
7158
7158
7158
7157
7157
7156
7156
7155
7155
7155
7154
7152
7151
7150
7150
7148
7148
7148
7147
7147
7145
7144
7144
7143
7143
7142
7141
7141
7138
7136
7136
7136
7136
7135
7135
7134
7134
7134
7134
7132
7130
7129
7128
7127
7127
7126
7124
7123
7123
7122
7122
7119
7119
7118
7117
7115
7114
7112
7112
7111
7111
7110
7110
7109
7108
7108
7107
7107
7106
7106
7106
7105
7105
7103
7103
7098
7098
7097
7096
7095
7095
7094
7094
7091
7090
7090
7088
7088
7088
7088
7087
7087
7085
7085
7084
7083
7082
7080
7078
7078
7078
7077
7076
7075
7075
7074
7074
7072
7072
7071
7069
7068
7067
7066
7064
7064
7063
7062
7061
7061
7060
7060
7059
7058
7058
7057
7057
7057
7056
7053
7053
7053
7052
7051
7051
7049
7046
7046
7044
7044
7043
7039
7038
7038
7036
7035
7034
7031
7029
7029
7027
7027
7026
7025
7024
7023
7021
7020
7020
7019
7015
7014
7014
7012
7011
7011
7011
7010
7009
7009
7009
7007
7007
7005
7001
7001
7000
7000
7000
6998
6997
6995
6994
6991
6991
6990
6989
6989
6988
6987
6987
6985
6984
6983
6981
6981
6981
6981
6980
6977
6977
6976
6974
6972
6972
6971
6970
6969
6969
6966
6966
6964
6961
6960
6960
6957
6957
6956
6956
6953
6951
6950
6949
6949
6948
6947
6945
6945
6943
6941
6939
6939
6938
6935
6934
6934
6933
6933
6933
6933
6932
6932
6932
6931
6931
6930
6928
6928
6926
6926
6925
6923
6923
6921
6921
6918
6917
6915
6913
6912
6912
6910
6909
6908
6907
6906
6905
6904
6904
6904
6903
6902
6900
6900
6900
6899
6898
6898
6897
6897
6896
6895
6892
6890
6890
6890
6889
6889
6888
6888
6887
6885
6885
6883
6883
6883
6881
6880
6878
6878
6877
6877
6877
6877
6876
6875
6875
6874
6874
6872
6872
6872
6871
6870
6868
6866
6863
6863
6862
6862
6861
6861
6859
6859
6859
6859
6858
6857
6857
6856
6852
6846
6845
6845
6844
6844
6844
6842
6842
6841
6840
6840
6838
6837
6836
6834
6831
6830
6828
6828
6827
6827
6827
6827
6826
6825
6823
6822
6822
6822
6820
6818
6818
6817
6816
6816
6814
6813
6813
6813
6810
6809
6809
6807
6806
6806
6806
6805
6805
6804
6804
6803
6803
6803
6802
6802
6802
6802
6801
6799
6799
6797
6795
6794
6794
6793
6792
6791
6789
6789
6787
6787
6786
6784
6784
6784
6783
6783
6783
6781
6781
6780
6779
6779
6779
6777
6777
6777
6774
6772
6772
6772
6771
6770
6769
6769
6769
6768
6768
6766
6766
6764
6763
6761
6761
6761
6760
6759
6755
6755
6755
6755
6750
6749
6749
6749
6748
6747
6746
6746
6746
6744
6744
6743
6743
6741
6741
6739
6738
6737
6735
6735
6735
6734
6734
6732
6730
6728
6728
6728
6727
6726
6724
6724
6722
6722
6721
6720
6720
6720
6720
6719
6718
6718
6717
6717
6717
6716
6715
6713
6712
6712
6711
6710
6709
6709
6708
6708
6707
6706
6706
6706
6705
6705
6705
6705
6702
6700
6700
6700
6700
6699
6695
6695
6694
6692
6691
6691
6691
6690
6689
6688
6687
6687
6683
6681
6681
6680
6677
6677
6677
6675
6675
6674
6674
6674
6673
6670
6669
6669
6668
6668
6667
6665
6665
6664
6663
6662
6662
6661
6660
6658
6658
6656
6655
6655
6655
6653
6652
6651
6651
6651
6650
6649
6648
6648
6647
6645
6644
6642
6642
6641
6641
6639
6638
6638
6636
6634
6634
6632
6627
6626
6626
6625
6624
6623
6622
6621
6621
6620
6620
6619
6616
6616
6616
6614
6614
6614
6614
6612
6612
6612
6611
6609
6609
6607
6606
6603
6603
6601
6601
6601
6601
6600
6598
6596
6596
6593
6593
6593
6591
6591
6585
6584
6583
6583
6582
6574
6573
6572
6570
6570
6569
6569
6568
6567
6565
6565
6564
6563
6563
6562
6561
6560
6559
6559
6557
6555
6553
6553
6552
6549
6549
6549
6547
6547
6547
6546
6544
6541
6538
6538
6536
6536
6535
6535
6533
6533
6532
6532
6527
6527
6526
6525
6524
6524
6524
6523
6523
6522
6519
6518
6517
6516
6515
6511
6510
6510
6509
6509
6509
6507
6507
6506
6505
6505
6503
6503
6503
6501
6501
6501
6501
6500
6497
6497
6496
6496
6496
6494
6494
6493
6492
6490
6490
6488
6488
6487
6487
6486
6483
6481
6480
6480
6478
6474
6471
6469
6468
6466
6465
6465
6464
6464
6459
6459
6458
6458
6458
6458
6457
6456
6456
6456
6456
6455
6453
6452
6452
6451
6450
6450
6449
6449
6449
6448
6448
6447
6447
6446
6446
6445
6445
6443
6442
6441
6441
6438
6438
6438
6438
6436
6434
6432
6432
6432
6431
6431
6431
6430
6430
6429
6428
6427
6427
6425
6424
6422
6421
6421
6420
6419
6419
6419
6417
6417
6416
6413
6412
6412
6411
6408
6408
6407
6407
6406
6406
6405
6404
6404
6404
6402
6402
6402
6401
6401
6401
6401
6400
6399
6399
6398
6396
6396
6394
6394
6394
6394
6393
6393
6392
6392
6391
6391
6390
6389
6389
6388
6387
6387
6387
6386
6384
6384
6382
6381
6379
6379
6378
6376
6375
6374
6373
6373
6371
6370
6370
6370
6369
6369
6369
6368
6368
6366
6365
6365
6364
6364
6363
6363
6361
6361
6359
6358
6357
6356
6355
6355
6353
6351
6351
6349
6348
6347
6343
6342
6341
6341
6339
6339
6339
6338
6338
6338
6335
6334
6331
6331
6331
6329
6329
6329
6327
6326
6326
6325
6323
6322
6321
6321
6318
6317
6316
6314
6312
6312
6312
6310
6309
6309
6307
6306
6301
6300
6299
6298
6298
6296
6295
6294
6293
6293
6292
6292
6292
6292
6291
6291
6290
6290
6289
6289
6285
6284
6284
6283
6282
6281
6281
6281
6280
6280
6279
6279
6279
6277
6277
6277
6275
6274
6273
6273
6273
6272
6268
6268
6267
6267
6265
6264
6263
6263
6260
6260
6260
6260
6259
6259
6255
6254
6254
6254
6253
6252
6251
6251
6251
6250
6248
6247
6246
6246
6246
6244
6242
6240
6239
6239
6239
6239
6238
6238
6237
6237
6237
6236
6236
6235
6235
6234
6233
6233
6232
6232
6228
6227
6227
6226
6225
6225
6225
6224
6223
6223
6220
6218
6218
6217
6217
6217
6216
6214
6213
6213
6212
6209
6209
6207
6206
6203
6202
6201
6200
6199
6199
6199
6197
6195
6193
6192
6192
6192
6191
6189
6188
6185
6185
6185
6181
6180
6179
6178
6178
6177
6174
6173
6173
6173
6172
6168
6168
6168
6168
6166
6165
6163
6161
6158
6158
6154
6153
6153
6152
6147
6146
6146
6143
6143
6142
6142
6141
6140
6140
6139
6137
6137
6135
6135
6135
6132
6131
6130
6130
6129
6125
6125
6125
6124
6122
6121
6120
6119
6119
6119
6117
6117
6116
6115
6114
6112
6110
6110
6110
6109
6108
6107
6105
6101
6101
6100
6100
6099
6099
6097
6093
6091
6091
6090
6090
6086
6084
6084
6081
6079
6078
6077
6077
6076
6076
6076
6075
6075
6074
6074
6074
6073
6071
6069
6069
6068
6068
6065
6064
6064
6063
6063
6063
6061
6060
6060
6059
6054
6054
6054
6051
6048
6048
6048
6048
6047
6047
6047
6047
6046
6044
6044
6042
6041
6041
6040
6039
6038
6036
6034
6033
6029
6028
6027
6027
6026
6023
6023
6018
6017
6015
6014
6011
6009
6009
6008
6008
6008
6004
6003
6001
6000
6000
5998
5996
5995
5994
5994
5994
5994
5992
5991
5990
5990
5989
5989
5985
5985
5983
5983
5983
5982
5981
5981
5978
5978
5975
5974
5974
5973
5971
5971
5971
5970
5967
5967
5967
5966
5964
5964
5963
5959
5959
5958
5956
5955
5952
5950
5946
5944
5943
5941
5940
5937
5934
5932
5931
5930
5930
5929
5929
5928
5928
5928
5925
5925
5925
5924
5923
5922
5921
5921
5920
5918
5918
5918
5916
5915
5915
5914
5913
5913
5912
5911
5908
5903
5902
5900
5900
5898
5897
5894
5893
5893
5890
5890
5889
5888
5888
5886
5886
5882
5881
5880
5880
5880
5879
5879
5879
5877
5877
5876
5876
5875
5874
5874
5873
5871
5870
5869
5867
5866
5866
5865
5865
5863
5860
5860
5852
5850
5849
5844
5842
5840
5838
5837
5836
5836
5836
5834
5834
5833
5832
5832
5829
5826
5825
5824
5824
5823
5822
5822
5821
5821
5818
5814
5812
5812
5812
5811
5811
5811
5811
5810
5808
5807
5804
5802
5802
5801
5799
5799
5799
5799
5796
5794
5794
5794
5793
5789
5787
5784
5784
5783
5783
5783
5782
5782
5782
5781
5780
5779
5778
5778
5776
5775
5775
5774
5773
5772
5772
5771
5767
5767
5766
5766
5761
5760
5760
5759
5759
5757
5756
5752
5750
5750
5749
5744
5742
5742
5741
5741
5740
5737
5737
5736
5736
5735
5733
5733
5732
5732
5730
5729
5728
5726
5725
5725
5722
5722
5722
5719
5718
5717
5717
5716
5716
5716
5715
5715
5709
5705
5704
5704
5703
5703
5703
5701
5699
5698
5698
5698
5697
5696
5695
5694
5693
5692
5687
5687
5687
5687
5686
5682
5681
5681
5681
5679
5676
5673
5673
5672
5670
5669
5668
5667
5667
5666
5666
5665
5665
5663
5662
5660
5660
5659
5657
5657
5656
5655
5654
5654
5651
5650
5645
5645
5644
5644
5643
5641
5641
5641
5639
5637
5635
5635
5634
5633
5633
5631
5630
5630
5629
5627
5626
5625
5624
5624
5621
5621
5621
5619
5616
5616
5616
5615
5615
5614
5613
5613
5613
5610
5610
5610
5609
5609
5607
5606
5606
5606
5605
5603
5602
5597
5597
5596
5595
5595
5595
5594
5593
5593
5591
5590
5589
5588
5588
5587
5585
5585
5585
5584
5583
5582
5580
5578
5577
5576
5574
5573
5571
5570
5569
5569
5568
5568
5562
5560
5560
5560
5559
5557
5556
5553
5550
5548
5547
5545
5545
5542
5541
5541
5540
5537
5537
5537
5537
5536
5536
5533
5533
5530
5530
5529
5529
5527
5527
5525
5525
5524
5523
5521
5521
5519
5518
5518
5518
5516
5515
5514
5514
5513
5512
5511
5511
5510
5510
5508
5506
5504
5504
5504
5503
5502
5502
5499
5499
5498
5498
5498
5497
5495
5495
5494
5494
5490
5489
5489
5488
5488
5487
5487
5486
5485
5484
5483
5480
5480
5479
5477
5477
5476
5476
5475
5475
5474
5474
5473
5473
5472
5471
5470
5470
5469
5468
5468
5465
5465
5463
5457
5457
5456
5456
5456
5456
5456
5456
5456
5456
5455
5454
5451
5450
5450
5448
5447
5447
5446
5444
5444
5441
5440
5438
5437
5436
5435
5435
5432
5430
5427
5427
5425
5424
5422
5421
5421
5418
5417
5416
5415
5415
5414
5411
5411
5408
5406
5404
5404
5403
5401
5401
5400
5400
5399
5399
5399
5399
5397
5395
5394
5394
5393
5391
5390
5389
5386
5385
5384
5380
5379
5379
5378
5377
5377
5375
5373
5372
5367
5367
5361
5360
5360
5356
5356
5355
5355
5354
5354
5353
5352
5352
5350
5350
5348
5348
5347
5345
5343
5342
5342
5341
5340
5339
5334
5331
5330
5329
5329
5329
5329
5328
5328
5327
5321
5321
5320
5319
5316
5315
5314
5313
5312
5311
5309
5308
5307
5307
5305
5305
5299
5297
5296
5294
5291
5291
5290
5290
5289
5288
5287
5286
5286
5286
5286
5284
5283
5280
5280
5279
5279
5277
5276
5274
5273
5273
5272
5272
5270
5270
5268
5268
5267
5266
5265
5265
5263
5262
5260
5260
5259
5259
5255
5253
5253
5253
5249
5249
5248
5248
5247
5247
5245
5244
5243
5242
5242
5242
5242
5241
5241
5240
5239
5238
5238
5237
5237
5237
5237
5236
5236
5236
5235
5234
5234
5233
5233
5233
5232
5232
5232
5230
5229
5228
5227
5225
5224
5224
5224
5223
5223
5219
5218
5217
5217
5216
5215
5214
5213
5212
5212
5211
5210
5209
5208
5208
5208
5208
5207
5206
5206
5205
5204
5201
5201
5201
5200
5200
5200
5199
5198
5198
5195
5194
5194
5193
5191
5191
5190
5188
5188
5187
5185
5184
5184
5183
5181
5180
5179
5178
5178
5177
5173
5173
5173
5172
5171
5170
5170
5166
5163
5162
5162
5162
5160
5158
5158
5157
5155
5155
5155
5153
5153
5151
5150
5146
5144
5142
5140
5139
5138
5138
5137
5135
5135
5135
5135
5134
5134
5132
5131
5131
5130
5129
5127
5127
5126
5124
5122
5120
5118
5118
5117
5116
5114
5112
5111
5111
5110
5110
5109
5106
5106
5105
5103
5103
5101
5101
5099
5099
5098
5098
5097
5094
5093
5090
5086
5085
5083
5083
5082
5080
5079
5079
5079
5079
5078
5078
5077
5076
5075
5073
5071
5071
5071
5071
5070
5069
5069
5068
5068
5067
5066
5064
5063
5062
5061
5061
5061
5061
5058
5057
5055
5054
5053
5053
5052
5051
5050
5049
5048
5048
5047
5047
5046
5045
5044
5043
5043
5040
5036
5036
5032
5032
5030
5028
5026
5026
5025
5024
5024
5022
5022
5022
5021
5019
5016
5015
5012
5011
5011
5006
5006
5005
5005
5004
5004
5004
5003
5003
5003
4998
4997
4996
4994
4991
4990
4989
4989
4989
4986
4986
4983
4982
4981
4981
4981
4980
4980
4980
4978
4973
4973
4972
4971
4970
4969
4969
4968
4968
4967
4966
4965
4963
4963
4963
4962
4959
4959
4959
4957
4956
4956
4955
4955
4954
4954
4952
4951
4950
4950
4950
4948
4946
4945
4945
4944
4944
4944
4942
4941
4940
4939
4938
4938
4937
4937
4936
4936
4935
4935
4935
4932
4930
4928
4928
4927
4927
4925
4924
4923
4922
4922
4922
4922
4921
4920
4919
4914
4914
4913
4913
4912
4912
4911
4910
4909
4908
4907
4906
4906
4906
4904
4903
4902
4902
4901
4898
4896
4896
4893
4893
4892
4890
4890
4890
4889
4887
4886
4885
4884
4883
4883
4883
4883
4882
4881
4881
4880
4880
4879
4879
4879
4878
4878
4877
4876
4876
4875
4875
4874
4872
4869
4869
4868
4868
4868
4868
4867
4867
4866
4864
4864
4863
4860
4860
4859
4859
4859
4858
4857
4857
4855
4851
4847
4846
4846
4845
4843
4842
4842
4840
4839
4838
4837
4834
4833
4833
4833
4831
4831
4830
4830
4829
4828
4828
4827
4826
4825
4825
4823
4823
4823
4822
4820
4820
4819
4818
4818
4816
4815
4814
4814
4811
4811
4810
4810
4809
4808
4807
4807
4806
4806
4805
4802
4802
4799
4799
4797
4796
4796
4796
4795
4791
4790
4789
4787
4787
4785
4784
4784
4783
4781
4774
4772
4771
4770
4767
4767
4767
4766
4766
4765
4762
4762
4762
4761
4760
4757
4756
4754
4753
4753
4752
4751
4750
4750
4749
4746
4744
4743
4743
4742
4741
4741
4740
4732
4727
4727
4727
4726
4726
4726
4725
4724
4723
4723
4722
4721
4720
4719
4718
4717
4716
4716
4714
4711
4710
4710
4708
4707
4704
4703
4702
4701
4701
4701
4697
4697
4696
4694
4693
4693
4693
4693
4692
4692
4690
4689
4688
4688
4688
4688
4687
4687
4687
4687
4687
4686
4685
4685
4681
4680
4680
4680
4679
4677
4676
4673
4673
4670
4669
4668
4667
4667
4666
4665
4663
4662
4661
4660
4660
4659
4659
4659
4659
4659
4659
4658
4657
4656
4654
4653
4653
4651
4650
4649
4649
4648
4647
4645
4645
4645
4644
4643
4642
4642
4639
4638
4637
4637
4634
4631
4631
4630
4630
4628
4628
4628
4627
4627
4627
4626
4624
4624
4623
4623
4622
4622
4622
4621
4619
4618
4617
4617
4616
4616
4610
4610
4609
4609
4608
4608
4605
4605
4603
4603
4602
4599
4596
4595
4594
4594
4593
4593
4591
4591
4591
4588
4588
4588
4584
4584
4583
4583
4582
4581
4581
4580
4579
4578
4576
4575
4575
4574
4573
4572
4570
4567
4567
4567
4565
4565
4563
4563
4561
4560
4560
4560
4560
4560
4558
4556
4556
4556
4555
4554
4553
4552
4550
4550
4550
4548
4548
4547
4544
4541
4541
4538
4537
4535
4535
4533
4533
4532
4531
4531
4531
4530
4530
4529
4528
4527
4527
4526
4526
4525
4525
4522
4522
4521
4521
4519
4518
4517
4516
4516
4515
4515
4514
4514
4513
4511
4510
4509
4508
4507
4506
4506
4505
4504
4503
4503
4503
4503
4502
4502
4499
4498
4497
4496
4496
4496
4495
4494
4493
4493
4493
4491
4489
4489
4488
4487
4485
4485
4485
4482
4482
4482
4478
4477
4477
4477
4476
4476
4475
4475
4474
4471
4470
4470
4469
4469
4469
4469
4468
4468
4467
4466
4466
4464
4463
4462
4459
4458
4454
4451
4450
4449
4449
4448
4446
4445
4444
4444
4443
4442
4442
4441
4439
4439
4438
4435
4434
4433
4432
4429
4428
4428
4427
4425
4425
4425
4424
4419
4418
4418
4416
4416
4416
4416
4413
4413
4411
4409
4409
4408
4406
4406
4405
4405
4405
4404
4402
4401
4398
4396
4394
4392
4392
4392
4391
4391
4390
4389
4388
4385
4385
4384
4383
4383
4383
4381
4380
4379
4378
4373
4373
4372
4372
4368
4367
4367
4364
4363
4362
4362
4361
4361
4360
4358
4357
4357
4355
4355
4354
4354
4354
4353
4353
4353
4352
4351
4350
4350
4348
4348
4347
4347
4346
4343
4342
4341
4341
4340
4340
4339
4339
4339
4335
4333
4330
4330
4328
4328
4326
4325
4325
4324
4324
4323
4323
4321
4320
4319
4317
4315
4315
4313
4313
4312
4312
4308
4308
4308
4307
4303
4302
4302
4302
4302
4302
4301
4300
4300
4300
4299
4299
4297
4297
4295
4295
4294
4293
4292
4292
4291
4290
4290
4287
4287
4282
4279
4279
4279
4279
4278
4277
4276
4276
4274
4273
4273
4272
4271
4271
4271
4271
4270
4269
4269
4268
4266
4266
4266
4265
4265
4265
4263
4263
4261
4260
4259
4259
4259
4255
4254
4253
4252
4251
4250
4250
4249
4249
4247
4247
4246
4245
4245
4244
4244
4243
4241
4241
4241
4240
4240
4239
4238
4237
4237
4237
4237
4237
4236
4235
4235
4235
4233
4231
4230
4229
4228
4226
4225
4221
4220
4219
4219
4218
4218
4215
4214
4212
4210
4209
4208
4208
4208
4207
4206
4206
4204
4200
4200
4200
4199
4199
4198
4198
4197
4197
4195
4193
4193
4188
4180
4180
4178
4178
4177
4175
4174
4174
4171
4168
4168
4168
4166
4166
4165
4165
4163
4161
4160
4159
4156
4154
4154
4152
4152
4152
4151
4150
4148
4148
4147
4146
4146
4146
4146
4145
4144
4143
4142
4141
4139
4137
4134
4134
4131
4130
4130
4129
4127
4124
4124
4121
4120
4116
4115
4114
4114
4111
4111
4110
4107
4107
4104
4104
4104
4102
4101
4099
4098
4095
4092
4091
4091
4091
4090
4089
4085
4085
4084
4083
4083
4081
4080
4078
4077
4075
4074
4073
4070
4069
4067
4065
4062
4060
4060
4060
4060
4058
4057
4057
4057
4057
4057
4056
4055
4053
4053
4051
4050
4049
4049
4049
4049
4047
4047
4046
4046
4044
4042
4042
4041
4039
4039
4037
4036
4036
4035
4033
4032
4032
4030
4030
4028
4027
4026
4025
4024
4022
4021
4020
4020
4018
4017
4016
4013
4012
4011
4010
4007
4007
4007
4006
4004
4004
4000
3999
3999
3998
3997
3997
3996
3995
3994
3993
3992
3987
3987
3986
3984
3984
3984
3984
3984
3983
3983
3982
3981
3981
3979
3978
3977
3976
3975
3974
3974
3974
3973
3972
3971
3971
3971
3968
3968
3966
3964
3963
3962
3962
3962
3960
3960
3957
3957
3955
3954
3954
3953
3952
3952
3952
3950
3949
3947
3947
3947
3947
3946
3944
3943
3942
3942
3941
3939
3935
3935
3933
3932
3930
3930
3929
3927
3925
3924
3924
3922
3921
3921
3920
3919
3918
3917
3917
3916
3915
3914
3914
3914
3913
3910
3908
3907
3906
3905
3904
3903
3902
3898
3898
3898
3897
3895
3890
3889
3889
3888
3886
3883
3882
3880
3878
3876
3876
3875
3872
3871
3870
3869
3866
3866
3865
3862
3860
3859
3858
3854
3853
3851
3851
3850
3848
3848
3847
3847
3847
3846
3846
3846
3845
3844
3844
3842
3841
3841
3840
3839
3839
3837
3837
3837
3836
3835
3835
3835
3834
3834
3834
3833
3833
3833
3833
3832
3831
3830
3829
3829
3827
3827
3826
3826
3825
3823
3822
3822
3819
3819
3819
3818
3818
3816
3816
3815
3814
3814
3813
3812
3809
3809
3808
3807
3806
3806
3805
3805
3804
3804
3803
3802
3800
3800
3799
3799
3799
3796
3795
3794
3792
3792
3791
3791
3790
3790
3790
3789
3787
3787
3787
3786
3785
3785
3781
3781
3779
3779
3778
3778
3777
3776
3772
3772
3770
3770
3769
3769
3768
3767
3766
3765
3765
3764
3763
3762
3762
3761
3761
3759
3759
3759
3759
3757
3756
3755
3755
3754
3754
3753
3753
3752
3750
3750
3750
3748
3747
3746
3745
3745
3745
3745
3742
3742
3741
3740
3740
3738
3738
3737
3736
3736
3736
3735
3735
3735
3735
3734
3733
3733
3731
3730
3729
3728
3727
3727
3727
3726
3726
3726
3724
3722
3722
3722
3722
3719
3718
3717
3715
3715
3713
3713
3712
3712
3712
3710
3709
3709
3709
3709
3707
3704
3703
3702
3701
3698
3697
3696
3696
3695
3694
3694
3694
3694
3692
3692
3692
3691
3690
3690
3688
3685
3685
3684
3684
3684
3684
3684
3682
3681
3681
3681
3681
3680
3679
3679
3678
3677
3676
3676
3675
3675
3673
3671
3671
3671
3668
3667
3666
3664
3663
3663
3662
3661
3661
3660
3660
3658
3658
3657
3656
3654
3654
3653
3652
3652
3652
3651
3650
3649
3648
3647
3644
3644
3642
3642
3641
3641
3639
3638
3637
3636
3635
3635
3632
3631
3631
3629
3629
3627
3626
3626
3625
3624
3623
3623
3622
3622
3619
3617
3615
3614
3612
3612
3611
3608
3608
3607
3605
3604
3602
3602
3601
3598
3598
3597
3596
3595
3595
3595
3593
3592
3592
3591
3591
3591
3590
3590
3588
3586
3584
3584
3581
3580
3580
3579
3578
3578
3577
3575
3575
3574
3574
3571
3571
3570
3569
3568
3567
3567
3567
3566
3565
3564
3563
3563
3561
3560
3560
3560
3559
3559
3559
3555
3554
3553
3553
3551
3551
3550
3550
3549
3548
3547
3547
3547
3547
3543
3543
3542
3542
3538
3538
3536
3535
3533
3532
3532
3528
3528
3526
3525
3525
3525
3524
3522
3521
3519
3518
3518
3517
3517
3516
3514
3513
3512
3512
3511
3511
3509
3509
3508
3507
3506
3505
3505
3505
3503
3501
3501
3498
3497
3497
3495
3494
3493
3492
3490
3490
3490
3489
3489
3488
3488
3487
3487
3486
3486
3486
3485
3484
3484
3481
3480
3478
3472
3472
3472
3471
3471
3469
3468
3468
3467
3465
3463
3463
3463
3463
3462
3462
3461
3461
3459
3459
3457
3457
3455
3455
3455
3455
3454
3452
3452
3452
3451
3450
3448
3447
3446
3443
3443
3443
3442
3441
3440
3440
3439
3439
3436
3436
3434
3433
3430
3429
3427
3426
3426
3424
3424
3422
3421
3421
3420
3420
3419
3418
3415
3414
3413
3411
3410
3409
3409
3409
3409
3409
3409
3408
3408
3406
3404
3403
3403
3400
3398
3398
3397
3396
3396
3394
3390
3390
3389
3388
3386
3384
3382
3381
3381
3380
3379
3374
3371
3370
3369
3369
3369
3366
3366
3363
3363
3362
3362
3361
3361
3361
3360
3360
3360
3355
3354
3354
3353
3353
3352
3351
3349
3349
3349
3348
3344
3342
3341
3341
3338
3338
3336
3335
3334
3333
3332
3331
3330
3330
3329
3329
3329
3327
3326
3326
3323
3323
3322
3322
3321
3321
3320
3318
3315
3314
3314
3314
3313
3313
3311
3308
3308
3306
3305
3305
3305
3303
3301
3297
3297
3295
3294
3294
3293
3293
3291
3289
3289
3288
3288
3287
3286
3286
3283
3282
3281
3281
3281
3281
3281
3281
3280
3279
3279
3279
3277
3277
3276
3272
3272
3271
3270
3270
3270
3267
3264
3264
3262
3261
3260
3260
3259
3256
3255
3254
3252
3251
3250
3249
3248
3248
3246
3245
3245
3244
3244
3242
3241
3241
3240
3240
3240
3239
3239
3239
3237
3237
3236
3235
3234
3233
3231
3231
3230
3229
3227
3227
3227
3226
3226
3226
3225
3225
3225
3223
3222
3221
3220
3220
3218
3216
3216
3216
3215
3215
3215
3214
3214
3212
3212
3210
3210
3209
3209
3208
3208
3207
3206
3204
3203
3203
3203
3202
3202
3201
3199
3199
3199
3196
3195
3194
3194
3193
3192
3192
3191
3191
3189
3188
3187
3184
3182
3182
3180
3179
3179
3179
3178
3178
3177
3176
3176
3174
3174
3172
3172
3171
3170
3169
3168
3167
3167
3165
3164
3164
3164
3163
3161
3159
3158
3158
3156
3155
3155
3155
3152
3151
3151
3151
3148
3148
3148
3147
3144
3142
3141
3140
3140
3139
3139
3139
3138
3137
3135
3134
3133
3131
3128
3127
3126
3126
3126
3125
3124
3124
3123
3121
3120
3120
3120
3120
3119
3119
3117
3113
3112
3111
3110
3109
3109
3109
3108
3108
3106
3106
3106
3106
3104
3104
3104
3103
3103
3102
3101
3101
3100
3098
3095
3095
3094
3093
3089
3089
3088
3088
3087
3084
3083
3080
3077
3076
3073
3073
3072
3070
3070
3069
3069
3068
3067
3067
3066
3066
3066
3065
3065
3064
3063
3063
3063
3062
3062
3058
3058
3057
3057
3055
3053
3052
3051
3049
3047
3047
3047
3046
3044
3043
3043
3042
3040
3039
3039
3038
3037
3036
3034
3031
3031
3029
3029
3029
3028
3025
3024
3023
3022
3022
3022
3017
3017
3016
3015
3015
3014
3014
3012
3012
3007
3005
3004
3004
3004
3003
3002
3002
3001
3000
3000
2997
2997
2996
2996
2995
2992
2992
2991
2991
2991
2990
2990
2989
2989
2988
2988
2985
2985
2984
2982
2981
2980
2978
2976
2975
2975
2975
2973
2972
2971
2970
2970
2967
2960
2960
2959
2959
2959
2958
2958
2956
2956
2954
2953
2953
2952
2951
2951
2948
2948
2948
2945
2944
2943
2943
2942
2938
2938
2937
2937
2937
2937
2936
2935
2933
2933
2932
2932
2932
2931
2931
2931
2929
2929
2929
2928
2927
2927
2926
2925
2924
2924
2920
2920
2920
2920
2919
2918
2917
2916
2916
2911
2911
2907
2907
2906
2903
2902
2901
2899
2898
2897
2895
2894
2894
2894
2893
2893
2892
2892
2892
2891
2891
2890
2890
2890
2884
2883
2883
2882
2882
2881
2881
2880
2879
2879
2878
2877
2877
2877
2876
2876
2875
2874
2871
2869
2869
2865
2865
2865
2864
2863
2861
2860
2859
2857
2857
2857
2855
2852
2852
2852
2850
2849
2849
2849
2849
2848
2844
2839
2839
2839
2836
2835
2834
2832
2832
2831
2828
2828
2828
2828
2827
2825
2824
2823
2822
2820
2820
2819
2812
2811
2809
2808
2808
2808
2807
2806
2806
2805
2801
2801
2799
2799
2799
2798
2798
2797
2796
2796
2793
2792
2791
2791
2791
2789
2789
2788
2787
2787
2785
2784
2783
2783
2782
2781
2781
2777
2777
2776
2772
2767
2767
2766
2765
2763
2762
2762
2760
2759
2756
2755
2754
2754
2752
2752
2750
2750
2750
2749
2749
2749
2748
2747
2746
2745
2743
2742
2741
2740
2740
2740
2738
2738
2734
2734
2731
2730
2729
2729
2724
2724
2724
2722
2722
2722
2721
2720
2720
2720
2719
2718
2718
2717
2717
2715
2715
2713
2713
2713
2712
2712
2710
2710
2709
2709
2708
2707
2705
2705
2705
2705
2703
2701
2700
2700
2700
2699
2698
2697
2696
2696
2694
2692
2691
2691
2690
2690
2690
2689
2686
2685
2685
2684
2683
2682
2681
2681
2680
2677
2676
2676
2674
2674
2673
2672
2672
2671
2671
2667
2662
2662
2662
2661
2660
2660
2659
2658
2656
2656
2655
2653
2652
2652
2652
2650
2649
2648
2648
2645
2645
2644
2643
2643
2643
2642
2641
2641
2641
2639
2637
2636
2635
2632
2632
2631
2631
2630
2629
2629
2628
2628
2625
2625
2622
2621
2621
2620
2620
2620
2619
2617
2613
2612
2612
2611
2611
2610
2610
2610
2609
2609
2609
2608
2608
2608
2606
2606
2606
2606
2603
2599
2599
2596
2594
2593
2593
2590
2589
2587
2587
2587
2586
2586
2585
2585
2583
2581
2578
2577
2576
2575
2575
2574
2574
2573
2573
2571
2571
2568
2568
2567
2565
2563
2563
2563
2562
2561
2561
2561
2559
2558
2557
2556
2554
2552
2550
2546
2545
2545
2545
2544
2542
2542
2540
2538
2537
2535
2535
2534
2534
2534
2532
2531
2531
2528
2526
2525
2523
2523
2523
2522
2522
2519
2519
2518
2518
2518
2517
2517
2516
2515
2514
2513
2512
2510
2510
2510
2509
2509
2508
2506
2505
2504
2504
2504
2504
2502
2501
2498
2498
2497
2494
2494
2494
2492
2491
2490
2490
2489
2489
2487
2485
2484
2484
2484
2483
2482
2480
2480
2479
2479
2478
2476
2475
2472
2470
2469
2469
2467
2466
2466
2464
2463
2462
2462
2462
2456
2456
2454
2452
2450
2449
2449
2449
2448
2447
2444
2444
2441
2439
2438
2437
2435
2435
2434
2433
2431
2430
2430
2428
2427
2425
2424
2424
2422
2421
2419
2418
2418
2417
2417
2416
2415
2413
2413
2410
2410
2409
2409
2408
2406
2406
2405
2404
2403
2402
2402
2399
2398
2397
2397
2396
2396
2393
2392
2392
2390
2386
2385
2385
2384
2383
2383
2379
2379
2378
2378
2376
2376
2375
2374
2374
2373
2372
2372
2371
2370
2370
2369
2369
2369
2368
2368
2366
2366
2366
2365
2363
2362
2360
2360
2359
2357
2357
2356
2356
2355
2353
2353
2351
2351
2351
2350
2350
2350
2350
2348
2348
2347
2346
2346
2346
2339
2339
2339
2338
2337
2337
2332
2331
2328
2328
2327
2326
2326
2325
2324
2324
2323
2321
2319
2319
2318
2318
2316
2316
2314
2313
2312
2312
2311
2310
2309
2308
2307
2306
2305
2304
2303
2300
2300
2299
2299
2297
2296
2295
2294
2294
2293
2292
2291
2291
2290
2290
2290
2285
2285
2285
2285
2285
2284
2284
2283
2281
2279
2279
2278
2278
2278
2277
2276
2274
2274
2273
2272
2271
2271
2271
2270
2270
2269
2268
2267
2267
2266
2265
2261
2260
2260
2260
2260
2259
2259
2257
2257
2256
2255
2254
2253
2252
2252
2252
2251
2251
2251
2250
2249
2249
2249
2249
2248
2246
2246
2244
2243
2242
2242
2241
2240
2238
2238
2236
2234
2234
2234
2232
2232
2228
2227
2227
2223
2223
2221
2220
2217
2215
2214
2212
2211
2209
2208
2208
2208
2208
2206
2206
2205
2204
2203
2203
2203
2203
2202
2201
2201
2201
2200
2200
2199
2196
2196
2196
2195
2195
2194
2192
2190
2190
2189
2187
2187
2183
2180
2179
2178
2178
2177
2177
2176
2173
2172
2172
2172
2169
2169
2168
2168
2168
2168
2168
2167
2167
2166
2165
2164
2162
2162
2160
2159
2159
2157
2157
2154
2153
2151
2151
2149
2148
2147
2145
2143
2143
2142
2139
2137
2136
2136
2135
2134
2133
2132
2120
2119
2118
2117
2116
2115
2114
2113
2113
2113
2112
2112
2108
2108
2104
2104
2103
2101
2100
2099
2099
2099
2098
2097
2096
2095
2094
2093
2092
2091
2089
2088
2088
2086
2085
2084
2083
2083
2079
2078
2078
2078
2077
2076
2076
2074
2073
2068
2066
2066
2065
2065
2064
2061
2061
2061
2061
2059
2059
2055
2054
2054
2053
2049
2049
2048
2048
2045
2045
2045
2043
2043
2043
2041
2038
2038
2037
2036
2035
2035
2034
2034
2034
2033
2032
2031
2029
2028
2025
2025
2024
2022
2021
2021
2021
2018
2016
2016
2014
2009
2009
2008
2006
2002
1998
1994
1994
1994
1993
1993
1991
1991
1991
1990
1989
1989
1989
1988
1986
1985
1985
1985
1982
1981
1980
1980
1977
1975
1974
1972
1970
1969
1969
1968
1965
1965
1962
1962
1961
1960
1957
1957
1957
1955
1954
1953
1953
1952
1951
1951
1950
1950
1949
1947
1945
1945
1944
1944
1942
1941
1941
1940
1938
1938
1938
1937
1937
1935
1934
1933
1932
1931
1930
1928
1928
1925
1923
1923
1922
1922
1922
1920
1918
1918
1918
1917
1915
1915
1912
1911
1911
1911
1910
1908
1907
1907
1906
1905
1905
1905
1904
1904
1901
1899
1899
1898
1898
1898
1897
1894
1892
1892
1891
1890
1889
1888
1887
1886
1884
1883
1880
1876
1874
1873
1871
1870
1870
1869
1868
1868
1867
1867
1864
1862
1861
1861
1861
1859
1858
1857
1856
1855
1854
1852
1852
1852
1852
1851
1851
1849
1849
1848
1848
1847
1847
1845
1845
1844
1844
1843
1842
1841
1839
1838
1838
1836
1836
1834
1830
1830
1828
1826
1826
1825
1825
1824
1824
1819
1818
1816
1816
1814
1813
1810
1809
1808
1807
1806
1803
1802
1802
1801
1800
1798
1798
1797
1797
1796
1795
1794
1793
1793
1792
1790
1790
1788
1784
1784
1781
1780
1779
1779
1778
1777
1777
1776
1774
1774
1773
1773
1772
1772
1772
1771
1770
1770
1770
1769
1768
1767
1767
1766
1766
1765
1764
1761
1761
1760
1759
1758
1757
1757
1753
1753
1753
1752
1750
1750
1750
1749
1749
1748
1747
1747
1747
1744
1744
1743
1741
1739
1739
1739
1738
1738
1738
1737
1735
1733
1730
1730
1730
1729
1729
1728
1728
1727
1727
1727
1726
1725
1725
1722
1722
1718
1716
1715
1714
1714
1713
1712
1711
1710
1707
1707
1706
1705
1705
1705
1705
1704
1703
1703
1703
1702
1700
1700
1700
1698
1697
1697
1697
1697
1696
1695
1695
1695
1694
1694
1691
1690
1689
1689
1685
1685
1684
1683
1682
1680
1680
1679
1676
1676
1676
1675
1672
1671
1670
1669
1668
1667
1667
1665
1663
1663
1662
1662
1661
1661
1660
1659
1658
1657
1657
1653
1653
1652
1649
1648
1648
1646
1645
1645
1644
1644
1642
1642
1641
1641
1641
1641
1639
1636
1634
1632
1630
1627
1623
1623
1622
1622
1621
1621
1620
1620
1620
1620
1618
1618
1618
1616
1615
1614
1611
1611
1610
1610
1609
1608
1608
1607
1606
1605
1605
1603
1600
1598
1597
1596
1596
1594
1592
1592
1590
1590
1587
1586
1585
1585
1584
1583
1582
1582
1579
1578
1576
1575
1574
1573
1571
1570
1569
1567
1567
1566
1566
1564
1564
1564
1562
1561
1558
1554
1552
1550
1549
1548
1546
1546
1546
1546
1545
1543
1543
1541
1541
1541
1540
1540
1539
1538
1538
1537
1537
1536
1536
1535
1530
1530
1528
1527
1527
1526
1524
1523
1523
1521
1521
1521
1519
1519
1519
1518
1516
1515
1515
1515
1515
1514
1512
1512
1511
1511
1511
1511
1509
1508
1505
1503
1502
1501
1499
1497
1497
1495
1494
1494
1494
1492
1492
1491
1490
1488
1488
1488
1488
1488
1484
1483
1483
1482
1481
1480
1479
1479
1479
1476
1476
1474
1474
1471
1471
1470
1469
1467
1465
1464
1464
1462
1461
1460
1457
1457
1456
1454
1454
1453
1451
1450
1450
1449
1448
1447
1445
1445
1442
1442
1439
1438
1437
1437
1436
1436
1433
1432
1431
1430
1429
1428
1428
1428
1427
1427
1423
1421
1421
1421
1420
1420
1420
1419
1418
1418
1417
1412
1411
1411
1410
1409
1409
1408
1407
1407
1406
1404
1402
1402
1401
1397
1397
1396
1394
1393
1390
1389
1389
1388
1388
1388
1386
1385
1385
1383
1382
1382
1381
1380
1380
1379
1378
1378
1378
1378
1378
1377
1373
1373
1373
1371
1370
1368
1366
1366
1365
1363
1363
1361
1360
1359
1358
1357
1357
1357
1357
1357
1355
1353
1350
1350
1349
1348
1348
1348
1347
1346
1346
1346
1345
1344
1342
1342
1341
1339
1338
1336
1336
1335
1333
1332
1332
1330
1329
1329
1329
1327
1324
1324
1323
1322
1320
1318
1316
1316
1316
1316
1315
1313
1313
1311
1310
1310
1309
1309
1308
1308
1308
1306
1303
1302
1302
1302
1301
1301
1300
1299
1299
1296
1296
1295
1294
1294
1294
1292
1290
1290
1288
1286
1286
1285
1285
1285
1284
1282
1281
1281
1280
1280
1279
1279
1279
1278
1278
1278
1278
1276
1275
1274
1273
1273
1273
1273
1272
1271
1269
1267
1267
1266
1266
1265
1265
1264
1263
1260
1259
1259
1258
1258
1256
1256
1254
1251
1249
1249
1247
1246
1246
1245
1245
1242
1242
1241
1241
1241
1240
1240
1239
1239
1239
1238
1238
1235
1235
1235
1232
1232
1231
1231
1229
1229
1229
1229
1228
1224
1224
1224
1224
1221
1221
1220
1219
1216
1216
1215
1214
1214
1214
1213
1211
1207
1206
1206
1206
1206
1205
1204
1203
1200
1199
1198
1197
1197
1196
1194
1193
1193
1191
1191
1191
1190
1190
1188
1188
1185
1182
1180
1179
1178
1178
1173
1172
1170
1168
1168
1164
1163
1163
1159
1159
1159
1158
1158
1158
1155
1154
1153
1153
1153
1151
1151
1149
1148
1147
1146
1143
1143
1142
1141
1140
1140
1140
1137
1137
1135
1134
1134
1133
1133
1131
1128
1127
1127
1127
1126
1125
1125
1122
1122
1121
1120
1119
1117
1117
1116
1116
1116
1114
1114
1114
1113
1113
1113
1113
1112
1109
1109
1108
1107
1106
1104
1103
1101
1101
1100
1099
1097
1096
1096
1096
1096
1096
1095
1094
1094
1093
1089
1087
1086
1086
1086
1086
1086
1086
1081
1079
1079
1078
1078
1074
1073
1072
1072
1070
1069
1068
1068
1066
1066
1064
1063
1062
1061
1061
1059
1059
1058
1058
1058
1058
1057
1057
1056
1055
1053
1052
1051
1051
1049
1049
1049
1047
1047
1047
1046
1046
1046
1045
1045
1045
1045
1044
1043
1042
1042
1042
1041
1037
1036
1036
1035
1034
1033
1033
1032
1032
1031
1031
1028
1027
1025
1024
1023
1022
1022
1020
1020
1019
1018
1014
1013
1013
1012
1012
1011
1010
1009
1007
1005
1004
1003
1002
1002
1001
996
995
995
995
995
994
994
993
993
991
990
989
989
988
987
986
985
985
983
983
982
982
982
981
980
980
979
978
978
976
975
975
974
973
973
972
972
971
970
970
970
969
969
969
968
967
967
965
964
963
961
961
961
959
958
955
955
953
952
951
948
946
945
944
942
942
941
940
939
938
934
930
930
930
929
929
927
926
924
924
923
923
923
923
923
923
922
921
920
919
919
919
918
918
918
917
916
916
911
907
906
906
905
904
903
903
901
901
901
900
900
899
899
899
898
898
897
896
895
895
895
894
893
893
893
892
891
891
891
891
891
889
887
887
886
886
886
885
884
883
882
882
879
879
879
879
876
875
875
875
874
873
873
872
871
870
868
868
868
865
865
862
860
860
859
857
855
854
852
851
850
850
849
849
849
848
847
847
846
846
845
843
838
837
835
835
831
828
828
827
826
825
824
822
821
821
821
819
816
815
815
813
813
813
812
812
809
808
808
807
806
806
805
802
801
800
800
800
800
800
800
799
799
799
798
797
796
796
795
795
793
789
789
787
784
784
783
781
781
780
779
778
778
778
778
777
776
774
772
772
771
770
767
767
767
766
766
764
763
762
760
758
755
754
753
752
751
751
750
749
747
747
746
746
742
742
741
740
740
739
737
737
736
731
730
728
728
726
726
721
720
718
717
717
716
716
716
714
714
713
712
712
712
712
712
711
709
709
708
708
708
707
705
704
700
700
699
699
698
697
695
695
695
694
694
693
692
688
687
686
686
685
685
684
683
682
681
681
680
680
679
678
678
678
678
678
677
677
677
677
677
677
675
675
675
674
672
671
670
670
669
669
669
668
667
667
666
661
660
659
659
658
657
656
654
654
652
651
647
647
646
646
644
644
644
643
642
640
638
637
635
634
633
633
633
628
628
627
626
626
625
617
616
616
615
615
613
610
609
609
608
608
608
606
603
602
602
601
601
598
598
597
597
595
592
591
591
587
587
584
584
583
581
580
579
579
579
577
576
575
575
574
573
570
569
563
563
562
561
559
558
557
557
557
555
553
551
551
551
550
550
549
548
548
545
544
543
543
542
539
539
538
538
537
535
535
535
534
532
532
531
531
530
530
530
529
526
525
525
524
524
521
520
519
518
516
515
512
511
511
510
509
509
508
505
504
502
502
500
500
498
496
496
494
491
489
488
488
487
486
484
484
484
484
484
483
482
482
481
481
480
477
476
475
472
471
470
468
468
468
467
467
466
466
464
464
462
462
462
460
459
458
457
455
454
453
453
451
449
449
447
446
446
444
442
441
440
439
438
438
437
436
431
430
430
428
428
427
427
426
426
424
423
423
422
419
419
418
416
415
415
413
413
411
409
408
407
406
405
404
403
403
403
403
401
399
399
398
395
394
393
393
392
391
391
390
389
388
388
388
386
384
384
384
384
383
382
381
380
379
378
377
377
377
376
376
374
374
373
373
373
373
372
371
371
370
370
367
366
364
363
362
361
361
360
358
356
356
354
353
353
352
351
351
350
348
347
346
344
344
342
341
341
340
340
340
340
339
339
338
337
337
335
335
334
333
333
332
331
329
328
327
327
324
322
320
319
318
317
316
315
314
312
310
309
309
307
307
306
306
306
304
304
304
303
303
303
302
301
300
300
299
297
296
295
294
293
288
287
286
285
285
284
283
283
283
281
280
277
276
274
269
269
266
264
264
263
263
262
261
261
261
259
258
258
258
257
256
255
255
255
252
252
252
250
250
248
247
247
246
242
241
240
238
238
238
237
236
235
234
234
233
233
232
231
230
230
230
230
229
226
226
225
225
224
223
223
223
222
222
218
217
217
216
215
215
214
214
213
212
211
210
209
207
206
206
206
200
200
200
199
197
197
196
196
195
193
191
190
189
188
185
185
184
184
183
183
183
182
182
181
177
176
176
175
173
173
172
172
170
170
169
168
168
167
166
165
164
164
163
163
161
160
160
159
158
156
156
154
154
151
151
148
148
146
145
145
144
144
140
140
140
137
135
134
132
131
127
124
123
123
123
123
122
121
121
121
118
115
115
113
111
109
107
107
106
104
102
101
99
97
97
97
95
94
94
92
89
89
89
89
88
88
87
87
86
86
85
85
84
83
82
82
82
82
81
77
77
76
76
74
74
73
73
72
69
68
67
64
61
60
60
58
57
57
57
55
55
53
52
52
51
50
50
45
44
44
43
43
39
38
37
37
35
34
34
34
32
31
31
29
29
28
25
25
21
21
19
19
17
17
16
16
15
13
13
12
11
10
5
3
3
1
