9999
9998
9998
9997
9996
9994
9994
9991
9990
9990
9989
9989
9986
9986
9984
9984
9981
9978
9977
9976
9973
9971
9971
9971
9970
9969
9968
9967
9966
9964
9963
9961
9960
9957
9956
9956
9955
9955
9954
9953
9951
9950
9948
9948
9947
9947
9946
9945
9944
9943
9942
9942
9941
9940
9939
9938
9937
9937
9936
9935
9935
9934
9933
9933
9932
9930
9928
9927
9924
9920
9919
9918
9917
9917
9917
9917
9914
9913
9913
9912
9911
9910
9909
9909
9908
9908
9906
9903
9903
9903
9901
9899
9898
9898
9897
9897
9896
9896
9895
9893
9893
9892
9892
9891
9890
9889
9888
9887
9886
9886
9885
9882
9879
9879
9878
9877
9876
9875
9873
9872
9871
9869
9868
9867
9866
9862
9862
9861
9861
9860
9859
9857
9856
9852
9850
9849
9849
9849
9848
9848
9846
9844
9844
9844
9843
9843
9843
9843
9842
9841
9841
9841
9840
9839
9839
9836
9835
9833
9833
9831
9831
9830
9830
9830
9829
9828
9825
9823
9822
9822
9820
9815
9813
9813
9812
9812
9811
9810
9810
9806
9805
9805
9804
9803
9802
9801
9801
9801
9800
9800
9800
9798
9798
9796
9796
9796
9794
9793
9793
9792
9792
9792
9792
9789
9789
9788
9784
9781
9776
9776
9775
9775
9774
9774
9773
9772
9772
9772
9770
9769
9769
9769
9768
9767
9767
9767
9766
9765
9762
9762
9761
9760
9760
9755
9754
9754
9752
9751
9749
9748
9746
9745
9745
9745
9745
9743
9741
9740
9739
9737
9736
9735
9734
9734
9734
9733
9732
9727
9726
9725
9725
9724
9724
9723
9723
9722
9719
9715
9715
9714
9714
9713
9709
9705
9703
9702
9700
9697
9697
9696
9696
9695
9694
9693
9693
9692
9692
9691
9691
9689
9688
9687
9687
9687
9687
9684
9684
9684
9683
9683
9680
9679
9679
9678
9678
9677
9677
9676
9675
9674
9672
9671
9670
9670
9670
9670
9669
9669
9668
9667
9667
9667
9667
9665
9663
9660
9659
9659
9658
9656
9653
9646
9643
9643
9643
9642
9641
9640
9638
9637
9637
9635
9635
9632
9630
9630
9629
9628
9627
9627
9627
9626
9625
9625
9619
9619
9617
9616
9616
9615
9615
9614
9614
9613
9612
9611
9610
9609
9609
9608
9608
9607
9607
9605
9605
9605
9605
9604
9603
9603
9602
9602
9602
9601
9601
9600
9600
9599
9599
9598
9598
9597
9594
9594
9591
9590
9588
9588
9587
9587
9587
9586
9586
9586
9585
9584
9583
9582
9582
9580
9580
9580
9577
9575
9575
9573
9573
9573
9573
9571
9571
9568
9568
9567
9567
9566
9565
9564
9564
9563
9562
9560
9558
9557
9553
9549
9549
9548
9548
9547
9545
9543
9543
9542
9541
9540
9540
9539
9537
9537
9537
9536
9535
9535
9535
9532
9530
9530
9529
9528
9528
9526
9526
9524
9524
9523
9523
9522
9521
9518
9517
9517
9517
9516
9515
9514
9514
9512
9509
9509
9509
9507
9506
9504
9504
9503
9502
9502
9501
9501
9500
9498
9497
9497
9495
9494
9494
9493
9493
9493
9492
9492
9492
9491
9491
9491
9490
9490
9486
9486
9485
9485
9485
9484
9482
9481
9480
9476
9476
9475
9474
9471
9470
9469
9468
9467
9466
9466
9465
9465
9462
9461
9461
9460
9459
9459
9454
9454
9453
9451
9451
9450
9449
9446
9445
9444
9443
9438
9436
9434
9433
9433
9432
9431
9429
9429
9428
9428
9427
9427
9424
9424
9422
9421
9421
9420
9418
9417
9417
9413
9413
9408
9408
9408
9407
9406
9405
9403
9402
9401
9401
9400
9398
9398
9397
9397
9397
9395
9394
9393
9392
9391
9390
9389
9388
9388
9387
9387
9386
9385
9385
9384
9381
9380
9378
9378
9375
9374
9374
9373
9373
9372
9371
9371
9368
9368
9366
9365
9365
9363
9362
9362
9362
9360
9358
9356
9353
9352
9352
9351
9351
9349
9348
9346
9346
9345
9344
9344
9341
9341
9341
9340
9340
9338
9336
9336
9336
9334
9331
9329
9329
9329
9328
9327
9327
9326
9324
9324
9324
9323
9322
9321
9321
9320
9319
9318
9316
9313
9313
9312
9311
9311
9310
9308
9306
9306
9306
9305
9302
9302
9301
9300
9298
9297
9296
9294
9294
9294
9293
9292
9292
9290
9289
9289
9288
9287
9287
9286
9286
9285
9285
9283
9283
9282
9282
9281
9280
9279
9278
9277
9276
9276
9276
9275
9273
9273
9272
9272
9271
9270
9270
9269
9267
9267
9267
9266
9265
9265
9264
9263
9263
9261
9260
9259
9259
9258
9256
9256
9254
9253
9253
9252
9251
9251
9251
9251
9250
9248
9246
9245
9245
9244
9244
9244
9244
9243
9243
9243
9241
9240
9240
9238
9237
9235
9233
9233
9232
9231
9230
9230
9230
9229
9229
9229
9226
9225
9225
9225
9224
9224
9223
9223
9222
9219
9214
9214
9214
9213
9212
9212
9212
9211
9211
9211
9211
9209
9209
9208
9207
9207
9207
9207
9207
9206
9204
9203
9202
9200
9200
9200
9199
9198
9198
9198
9197
9196
9196
9194
9194
9193
9189
9189
9188
9188
9187
9187
9187
9186
9185
9185
9183
9183
9181
9181
9180
9178
9177
9176
9176
9173
9172
9171
9169
9167
9167
9165
9164
9164
9164
9164
9163
9163
9162
9161
9160
9156
9155
9155
9153
9153
9150
9150
9150
9144
9142
9141
9141
9140
9138
9133
9132
9131
9131
9131
9130
9128
9127
9127
9124
9124
9123
9123
9121
9121
9120
9118
9115
9114
9113
9110
9107
9106
9106
9106
9103
9103
9101
9100
9099
9099
9098
9097
9093
9093
9092
9090
9089
9088
9088
9086
9086
9086
9083
9083
9082
9082
9081
9080
9079
9077
9077
9077
9076
9075
9075
9074
9074
9073
9072
9072
9071
9070
9070
9070
9070
9066
9063
9062
9060
9060
9060
9059
9059
9058
9057
9057
9056
9056
9055
9055
9055
9054
9054
9053
9051
9049
9049
9048
9047
9046
9046
9043
9043
9042
9042
9041
9038
9038
9038
9037
9037
9036
9035
9034
9034
9032
9030
9030
9029
9026
9025
9025
9025
9025
9024
9022
9021
9021
9020
9020
9020
9020
9020
9018
9018
9017
9014
9014
9012
9011
9009
9008
9008
9007
9006
9006
9006
9006
9004
9003
9001
8999
8996
8995
8994
8992
8991
8991
8988
8987
8986
8985
8985
8985
8984
8983
8981
8978
8976
8976
8975
8974
8974
8974
8968
8967
8967
8966
8965
8964
8964
8962
8961
8961
8959
8959
8958
8957
8957
8956
8955
8955
8954
8954
8953
8953
8952
8950
8949
8949
8948
8948
8948
8947
8947
8945
8945
8944
8942
8941
8941
8941
8940
8940
8938
8937
8937
8936
8935
8931
8931
8929
8927
8927
8926
8925
8923
8921
8920
8920
8918
8918
8918
8918
8915
8915
8914
8913
8912
8909
8909
8907
8906
8906
8905
8905
8904
8903
8903
8903
8901
8901
8900
8900
8899
8898
8897
8896
8895
8894
8893
8893
8893
8893
8892
8891
8889
8888
8887
8887
8884
8881
8881
8879
8878
8878
8876
8874
8873
8872
8872
8871
8871
8870
8870
8868
8868
8867
8867
8865
8863
8862
8861
8861
8859
8856
8855
8853
8852
8851
8851
8850
8850
8849
8847
8847
8847
8844
8843
8839
8837
8835
8835
8834
8834
8834
8834
8833
8833
8831
8831
8830
8830
8830
8829
8828
8827
8826
8824
8824
8823
8823
8822
8821
8820
8820
8819
8819
8818
8816
8815
8815
8815
8814
8813
8811
8810
8809
8809
8807
8807
8807
8806
8804
8804
8803
8801
8798
8796
8795
8793
8792
8791
8791
8789
8787
8786
8784
8784
8783
8783
8781
8780
8780
8779
8779
8779
8779
8778
8777
8777
8775
8775
8774
8774
8773
8772
8772
8772
8772
8770
8770
8767
8767
8765
8764
8763
8763
8763
8763
8760
8758
8758
8755
8755
8755
8754
8754
8752
8751
8750
8748
8748
8747
8746
8746
8746
8745
8742
8741
8741
8740
8739
8736
8736
8735
8735
8733
8731
8731
8730
8729
8725
8725
8725
8724
8724
8723
8722
8720
8720
8719
8717
8717
8716
8716
8714
8714
8713
8711
8710
8710
8710
8710
8708
8706
8704
8703
8702
8701
8701
8701
8701
8700
8700
8699
8698
8697
8697
8697
8694
8692
8692
8692
8687
8687
8687
8683
8682
8682
8680
8677
8676
8675
8672
8670
8670
8670
8669
8669
8669
8668
8668
8668
8668
8666
8666
8666
8664
8663
8663
8661
8661
8661
8660
8659
8657
8656
8656
8654
8654
8654
8652
8650
8650
8650
8649
8648
8648
8647
8647
8647
8646
8646
8643
8642
8639
8639
8637
8637
8636
8636
8634
8633
8632
8631
8629
8628
8627
8627
8626
8626
8624
8623
8622
8621
8621
8620
8620
8616
8616
8615
8615
8615
8614
8614
8614
8613
8611
8611
8610
8610
8608
8607
8605
8605
8604
8603
8602
8601
8600
8600
8600
8600
8600
8599
8598
8598
8598
8598
8596
8595
8595
8595
8595
8595
8593
8593
8589
8589
8588
8588
8587
8585
8584
8583
8582
8581
8581
8581
8579
8578
8577
8577
8576
8575
8575
8574
8572
8570
8568
8567
8564
8563
8559
8559
8558
8558
8556
8550
8550
8549
8548
8547
8546
8545
8545
8545
8541
8540
8537
8537
8536
8536
8536
8533
8531
8531
8529
8528
8528
8527
8524
8521
8520
8520
8516
8514
8513
8513
8508
8508
8507
8507
8506
8505
8504
8504
8499
8499
8498
8497
8496
8495
8494
8493
8493
8493
8490
8488
8488
8486
8484
8484
8482
8482
8482
8481
8481
8481
8480
8480
8480
8478
8477
8477
8477
8477
8477
8475
8474
8474
8472
8470
8467
8466
8465
8465
8464
8464
8462
8461
8460
8459
8459
8458
8458
8456
8456
8456
8456
8455
8455
8454
8453
8453
8452
8452
8451
8451
8451
8448
8442
8442
8441
8438
8437
8436
8436
8435
8434
8432
8432
8431
8430
8429
8428
8427
8427
8427
8427
8425
8425
8423
8423
8420
8420
8420
8419
8418
8416
8415
8415
8415
8414
8414
8414
8414
8412
8412
8411
8411
8410
8410
8409
8408
8408
8408
8403
8403
8402
8401
8396
8394
8394
8393
8392
8391
8388
8387
8386
8384
8384
8383
8377
8376
8376
8369
8367
8364
8364
8362
8362
8362
8359
8359
8359
8359
8356
8356
8354
8354
8352
8347
8347
8345
8344
8341
8340
8340
8338
8336
8336
8332
8329
8329
8329
8328
8328
8328
8327
8326
8326
8326
8325
8324
8322
8321
8321
8320
8319
8319
8318
8316
8316
8315
8315
8314
8314
8314
8312
8312
8311
8310
8310
8310
8309
8308
8307
8307
8304
8303
8302
8301
8301
8301
8301
8300
8300
8300
8299
8299
8298
8297
8297
8296
8295
8294
8292
8292
8291
8291
8289
8289
8288
8287
8285
8285
8283
8283
8279
8277
8276
8276
8275
8274
8274
8273
8273
8272
8271
8271
8271
8268
8267
8267
8267
8266
8266
8263
8262
8262
8262
8262
8262
8261
8259
8259
8257
8257
8254
8253
8253
8252
8250
8250
8250
8250
8247
8246
8245
8244
8242
8242
8240
8239
8235
8235
8235
8235
8234
8234
8234
8233
8233
8233
8232
8230
8230
8229
8229
8229
8229
8229
8228
8228
8226
8225
8224
8224
8222
8221
8220
8218
8217
8216
8214
8214
8213
8213
8211
8210
8208
8205
8205
8203
8202
8202
8202
8201
8200
8197
8195
8195
8194
8192
8192
8190
8186
8186
8184
8184
8183
8183
8181
8180
8180
8179
8179
8179
8179
8178
8178
8178
8174
8171
8171
8170
8170
8169
8168
8168
8168
8168
8167
8166
8166
8166
8165
8164
8164
8164
8163
8163
8163
8162
8161
8160
8158
8158
8157
8156
8155
8152
8150
8148
8147
8147
8146
8145
8143
8143
8143
8142
8141
8139
8138
8137
8135
8132
8130
8128
8127
8127
8126
8126
8125
8124
8123
8123
8123
8123
8120
8119
8119
8118
8117
8117
8116
8116
8116
8116
8116
8116
8114
8113
8113
8112
8111
8111
8109
8108
8106
8103
8103
8103
8102
8101
8101
8100
8098
8097
8097
8096
8095
8094
8094
8094
8094
8094
8093
8092
8091
8090
8089
8089
8089
8087
8087
8085
8083
8083
8082
8081
8079
8078
8077
8077
8075
8069
8068
8067
8065
8063
8063
8062
8062
8059
8058
8057
8057
8052
8051
8050
8050
8048
8047
8046
8046
8044
8044
8043
8041
8039
8038
8036
8035
8032
8032
8029
8029
8029
8025
8024
8017
8014
8013
8013
8013
8011
8009
8006
8006
8005
8004
8004
8002
8001
8000
7996
7996
7993
7992
7992
7989
7989
7988
7987
7987
7983
7983
7983
7983
7982
7981
7981
7981
7981
7980
7978
7976
7974
7973
7973
7973
7973
7972
7971
7971
7971
7970
7969
7969
7968
7968
7967
7965
7963
7962
7962
7961
7961
7961
7960
7960
7959
7959
7957
7954
7954
7953
7952
7951
7951
7950
7949
7949
7947
7944
7942
7941
7941
7940
7939
7939
7937
7936
7936
7935
7934
7934
7933
7932
7932
7931
7931
7930
7930
7930
7929
7929
7925
7924
7924
7922
7922
7921
7920
7920
7920
7918
7918
7918
7917
7915
7914
7913
7910
7909
7909
7908
7905
7905
7904
7903
7902
7901
7901
7900
7899
7898
7898
7897
7897
7896
7895
7893
7892
7892
7890
7890
7890
7889
7887
7886
7886
7886
7885
7884
7882
7882
7879
7878
7875
7874
7872
7871
7870
7869
7867
7867
7867
7866
7866
7866
7865
7865
7864
7863
7860
7857
7854
7854
7852
7852
7851
7851
7851
7849
7849
7848
7847
7846
7845
7843
7841
7841
7840
7840
7839
7838
7838
7835
7834
7834
7834
7831
7830
7828
7827
7827
7827
7827
7826
7826
7824
7824
7822
7821
7821
7819
7817
7817
7816
7815
7814
7813
7811
7811
7810
7810
7808
7805
7805
7805
7804
7804
7803
7803
7802
7802
7802
7802
7800
7797
7793
7792
7792
7790
7789
7788
7783
7783
7783
7783
7782
7781
7778
7777
7777
7776
7772
7771
7771
7771
7770
7769
7769
7768
7768
7767
7766
7765
7765
7764
7763
7762
7762
7760
7760
7760
7759
7759
7758
7758
7758
7756
7756
7754
7751
7751
7748
7748
7748
7748
7747
7741
7740
7738
7738
7737
7735
7734
7734
7733
7731
7730
7730
7730
7729
7729
7728
7726
7725
7725
7724
7724
7724
7722
7722
7720
7719
7719
7718
7717
7717
7714
7712
7710
7709
7709
7708
7703
7703
7703
7702
7702
7698
7696
7694
7691
7689
7689
7687
7686
7685
7684
7683
7683
7681
7681
7680
7680
7679
7678
7678
7678
7678
7677
7676
7675
7675
7674
7674
7674
7673
7672
7669
7669
7669
7669
7668
7667
7665
7664
7661
7660
7659
7659
7655
7654
7653
7652
7651
7651
7651
7650
7650
7649
7649
7645
7645
7642
7640
7638
7638
7637
7636
7635
7635
7634
7632
7632
7631
7629
7629
7628
7625
7625
7625
7623
7622
7621
7620
7619
7618
7616
7616
7616
7614
7614
7613
7610
7608
7607
7605
7604
7598
7598
7596
7594
7593
7593
7588
7587
7586
7586
7585
7585
7585
7585
7582
7582
7581
7581
7580
7579
7577
7575
7573
7573
7573
7573
7572
7572
7572
7571
7570
7569
7567
7567
7567
7566
7565
7564
7563
7562
7561
7561
7561
7561
7560
7557
7556
7555
7555
7554
7553
7552
7552
7551
7549
7547
7546
7544
7544
7542
7542
7537
7537
7537
7537
7537
7536
7536
7535
7535
7534
7534
7532
7532
7531
7531
7530
7530
7530
7530
7528
7528
7526
7524
7521
7520
7519
7518
7518
7515
7515
7514
7513
7512
7511
7511
7509
7507
7506
7506
7506
7505
7505
7505
7504
7501
7501
7501
7499
7499
7498
7497
7497
7497
7496
7496
7495
7495
7492
7492
7487
7487
7486
7485
7485
7484
7483
7479
7478
7475
7473
7471
7470
7470
7470
7470
7468
7465
7463
7463
7463
7463
7461
7461
7461
7461
7458
7457
7456
7455
7455
7453
7453
7452
7450
7447
7446
7444
7444
7444
7443
7442
7440
7439
7438
7437
7435
7430
7430
7430
7428
7428
7427
7427
7425
7424
7422
7421
7420
7419
7419
7417
7416
7415
7414
7412
7411
7410
7409
7406
7406
7406
7406
7404
7403
7402
7401
7400
7399
7399
7399
7399
7397
7396
7395
7395
7394
7394
7394
7393
7392
7391
7388
7384
7384
7384
7382
7382
7382
7381
7379
7377
7377
7376
7375
7374
7372
7371
7370
7366
7363
7361
7358
7358
7357
7357
7357
7355
7354
7354
7351
7350
7349
7343
7341
7341
7340
7339
7338
7337
7336
7336
7333
7333
7331
7330
7330
7329
7329
7327
7326
7325
7324
7323
7323
7321
7319
7319
7318
7318
7316
7316
7315
7313
7310
7308
7307
7306
7305
7305
7305
7304
7303
7301
7299
7298
7297
7297
7297
7296
7296
7296
7293
7293
7293
7293
7291
7291
7289
7288
7288
7287
7287
7287
7284
7283
7283
7283
7282
7281
7279
7278
7278
7278
7270
7270
7270
7269
7268
7268
7267
7266
7264
7264
7263
7263
7263
7262
7261
7261
7260
7257
7257
7256
7255
7254
7253
7252
7248
7247
7247
7246
7246
7245
7243
7243
7242
7242
7241
7240
7240
7239
7239
7238
7237
7237
7237
7236
7235
7235
7234
7234
7234
7233
7233
7232
7230
7229
7226
7226
7224
7222
7221
7220
7220
7219
7219
7217
7216
7215
7215
7214
7213
7213
7212
7207
7206
7206
7204
7202
7200
7199
7198
7195
7195
7192
7192
7191
7189
7189
7188
7188
7180
7180
7179
7178
7177
7175
7174
7173
7172
7171
7170
7169
7167
7167
7165
7164
7161
7159
7158
7158
7158
7157
7156
7155
7155
7155
7154
7154
7153
7152
7152
7148
7146
7144
7144
7144
7143
7143
7142
7142
7142
7141
7139
7139
7139
7138
7137
7136
7135
7133
7133
7133
7132
7132
7131
7131
7131
7128
7127
7127
7126
7126
7121
7120
7120
7119
7118
7117
7116
7114
7114
7113
7113
7112
7111
7110
7110
7109
7109
7108
7107
7107
7107
7106
7104
7104
7104
7104
7103
7103
7100
7100
7099
7099
7098
7097
7095
7095
7094
7092
7089
7089
7089
7089
7088
7087
7087
7086
7085
7077
7076
7074
7073
7069
7069
7067
7066
7060
7059
7057
7057
7056
7055
7053
7052
7050
7049
7048
7048
7046
7044
7043
7042
7042
7041
7040
7035
7035
7035
7035
7034
7034
7034
7034
7034
7033
7031
7031
7031
7029
7028
7027
7027
7025
7025
7024
7024
7024
7022
7020
7019
7019
7018
7018
7017
7011
7011
7007
7006
7005
7005
7002
7002
7001
7000
7000
7000
6999
6999
6997
6997
6996
6995
6995
6995
6994
6994
6993
6992
6991
6991
6990
6990
6990
6989
6989
6988
6988
6987
6987
6985
6985
6984
6984
6981
6979
6978
6978
6977
6976
6974
6972
6970
6968
6968
6967
6967
6967
6965
6962
6961
6960
6959
6958
6956
6955
6955
6955
6954
6954
6954
6954
6954
6954
6953
6953
6951
6950
6949
6949
6946
6945
6944
6943
6942
6942
6940
6940
6938
6937
6935
6933
6933
6933
6933
6931
6931
6930
6929
6929
6928
6928
6926
6926
6925
6924
6924
6923
6921
6921
6921
6921
6920
6918
6917
6913
6912
6911
6910
6910
6909
6907
6906
6906
6904
6903
6901
6900
6900
6898
6895
6895
6895
6893
6891
6889
6889
6889
6888
6888
6886
6886
6883
6881
6880
6879
6876
6875
6875
6874
6872
6871
6870
6869
6868
6866
6866
6862
6861
6861
6857
6857
6857
6855
6855
6855
6855
6854
6851
6850
6847
6847
6846
6846
6844
6842
6842
6839
6839
6838
6838
6837
6836
6835
6834
6834
6833
6832
6832
6832
6831
6831
6830
6829
6829
6828
6828
6826
6822
6822
6821
6817
6816
6813
6813
6813
6812
6811
6808
6808
6808
6805
6805
6802
6799
6799
6795
6794
6794
6794
6793
6790
6789
6786
6784
6782
6782
6782
6782
6780
6778
6775
6773
6772
6772
6771
6771
6771
6768
6766
6766
6766
6765
6764
6763
6761
6761
6760
6760
6759
6758
6758
6757
6754
6754
6754
6752
6752
6752
6752
6752
6752
6750
6750
6748
6747
6746
6746
6745
6745
6745
6744
6744
6741
6741
6740
6739
6739
6738
6736
6736
6735
6732
6729
6728
6726
6726
6723
6721
6720
6716
6715
6715
6714
6714
6711
6705
6704
6703
6703
6701
6699
6698
6698
6698
6697
6697
6696
6696
6695
6694
6694
6694
6692
6692
6692
6691
6690
6689
6689
6688
6688
6688
6688
6687
6687
6687
6685
6685
6685
6683
6683
6683
6683
6682
6681
6681
6681
6679
6677
6676
6673
6672
6669
6668
6668
6663
6662
6660
6657
6657
6656
6655
6655
6654
6654
6652
6652
6650
6647
6646
6643
6642
6638
6636
6635
6634
6630
6630
6630
6630
6629
6628
6627
6627
6626
6625
6624
6624
6624
6623
6622
6622
6622
6621
6621
6620
6620
6617
6616
6615
6615
6615
6614
6613
6611
6611
6611
6610
6608
6607
6606
6605
6603
6602
6602
6601
6600
6599
6596
6595
6594
6594
6594
6592
6592
6590
6589
6587
6582
6581
6581
6579
6579
6578
6578
6575
6575
6575
6573
6573
6572
6571
6571
6569
6568
6565
6565
6562
6562
6558
6558
6558
6554
6553
6550
6549
6548
6548
6544
6543
6542
6542
6542
6541
6541
6540
6540
6539
6537
6537
6537
6537
6537
6536
6533
6533
6531
6531
6530
6529
6528
6527
6524
6521
6520
6520
6519
6518
6517
6515
6514
6514
6513
6513
6512
6512
6511
6511
6511
6511
6509
6509
6508
6507
6507
6506
6506
6505
6505
6500
6500
6497
6496
6496
6495
6493
6493
6492
6491
6488
6488
6487
6487
6486
6486
6486
6486
6486
6484
6484
6484
6484
6483
6482
6482
6481
6481
6480
6472
6472
6471
6471
6471
6471
6469
6468
6467
6466
6465
6465
6464
6462
6461
6458
6458
6457
6456
6456
6455
6453
6452
6450
6450
6447
6447
6447
6444
6443
6441
6439
6438
6436
6433
6433
6433
6431
6430
6430
6429
6428
6428
6427
6427
6427
6425
6424
6424
6424
6424
6422
6422
6419
6418
6417
6416
6415
6414
6414
6413
6412
6412
6408
6408
6407
6405
6404
6402
6401
6400
6400
6398
6398
6397
6396
6394
6394
6393
6393
6392
6391
6391
6391
6387
6385
6384
6384
6384
6383
6383
6383
6383
6383
6382
6379
6379
6378
6377
6377
6376
6373
6369
6369
6367
6367
6366
6366
6365
6364
6363
6362
6361
6360
6359
6359
6358
6354
6353
6352
6349
6349
6346
6344
6344
6344
6343
6342
6341
6341
6340
6339
6338
6334
6334
6332
6332
6331
6329
6328
6327
6326
6325
6325
6324
6318
6317
6315
6314
6314
6314
6313
6312
6312
6308
6307
6307
6306
6306
6304
6303
6302
6299
6299
6299
6297
6296
6295
6293
6293
6292
6292
6292
6289
6288
6287
6285
6285
6284
6284
6283
6281
6281
6279
6278
6278
6277
6276
6274
6273
6272
6271
6265
6265
6262
6262
6262
6261
6261
6260
6259
6258
6257
6256
6253
6251
6250
6249
6247
6247
6246
6245
6245
6244
6244
6243
6242
6240
6240
6240
6238
6238
6238
6237
6237
6237
6236
6236
6236
6235
6233
6233
6232
6231
6231
6229
6228
6228
6228
6228
6227
6227
6225
6224
6223
6223
6221
6219
6216
6216
6214
6212
6210
6208
6208
6208
6205
6204
6201
6199
6198
6196
6196
6196
6196
6195
6195
6195
6194
6194
6193
6193
6192
6192
6192
6191
6191
6187
6184
6182
6182
6182
6182
6181
6180
6180
6178
6176
6173
6172
6171
6171
6170
6170
6169
6166
6164
6162
6162
6162
6161
6161
6159
6156
6156
6153
6151
6150
6149
6148
6148
6148
6147
6147
6147
6147
6145
6145
6144
6143
6143
6143
6142
6141
6141
6139
6138
6138
6137
6137
6137
6136
6136
6135
6135
6131
6131
6129
6128
6127
6126
6125
6125
6125
6125
6124
6123
6123
6122
6121
6119
6117
6115
6115
6111
6111
6111
6110
6110
6109
6105
6104
6104
6103
6102
6102
6102
6099
6098
6097
6096
6095
6093
6092
6092
6089
6088
6088
6087
6086
6085
6085
6085
6084
6084
6083
6082
6082
6080
6078
6077
6075
6072
6072
6068
6068
6067
6066
6066
6066
6066
6066
6064
6061
6060
6056
6055
6054
6054
6053
6053
6051
6050
6050
6048
6047
6042
6039
6039
6038
6037
6036
6036
6036
6035
6034
6033
6033
6032
6031
6031
6030
6029
6026
6025
6023
6022
6022
6020
6019
6019
6016
6016
6015
6013
6013
6012
6011
6010
6010
6008
6006
6006
6005
6005
6004
6004
6003
6002
6001
5999
5999
5999
5997
5997
5997
5995
5994
5993
5993
5993
5991
5991
5991
5989
5988
5986
5986
5984
5980
5980
5978
5977
5976
5974
5971
5969
5964
5963
5962
5961
5960
5958
5954
5953
5953
5953
5949
5949
5949
5949
5948
5948
5947
5946
5941
5940
5940
5939
5938
5937
5937
5936
5936
5936
5934
5933
5933
5931
5929
5928
5927
5926
5926
5922
5921
5920
5919
5918
5914
5914
5912
5912
5911
5911
5911
5908
5907
5906
5905
5905
5905
5904
5903
5901
5901
5898
5896
5894
5894
5893
5892
5889
5889
5888
5887
5884
5884
5884
5883
5881
5881
5880
5879
5878
5878
5878
5877
5876
5875
5871
5870
5870
5869
5869
5868
5868
5868
5867
5867
5865
5865
5864
5864
5864
5863
5863
5863
5862
5862
5862
5861
5859
5857
5857
5857
5853
5853
5853
5853
5852
5849
5849
5848
5848
5847
5847
5846
5844
5844
5843
5843
5843
5843
5843
5843
5842
5842
5841
5838
5835
5833
5833
5831
5827
5824
5821
5817
5815
5815
5813
5813
5811
5808
5807
5802
5800
5798
5798
5797
5797
5796
5796
5796
5795
5794
5793
5792
5792
5792
5791
5791
5788
5788
5787
5787
5784
5781
5780
5779
5778
5777
5775
5774
5772
5769
5768
5768
5767
5765
5764
5764
5762
5761
5761
5760
5760
5757
5757
5756
5755
5753
5752
5750
5749
5748
5747
5746
5744
5744
5743
5743
5742
5740
5740
5740
5737
5736
5736
5736
5735
5735
5735
5733
5732
5730
5726
5725
5723
5722
5719
5717
5717
5711
5707
5705
5704
5704
5702
5702
5701
5701
5699
5699
5696
5695
5694
5694
5693
5693
5693
5692
5691
5690
5689
5689
5689
5689
5688
5688
5687
5686
5684
5683
5683
5682
5678
5677
5676
5674
5673
5672
5671
5668
5667
5667
5667
5667
5663
5662
5661
5660
5657
5655
5655
5653
5653
5650
5649
5648
5647
5647
5644
5644
5644
5644
5644
5640
5638
5638
5636
5635
5635
5633
5633
5631
5631
5627
5626
5626
5626
5626
5626
5625
5624
5624
5623
5623
5623
5622
5621
5620
5620
5618
5618
5617
5616
5616
5613
5612
5612
5611
5610
5610
5608
5607
5606
5606
5605
5604
5604
5603
5601
5601
5600
5600
5595
5593
5593
5593
5592
5592
5592
5589
5589
5587
5587
5587
5586
5585
5585
5584
5584
5579
5578
5578
5577
5575
5574
5572
5572
5572
5571
5570
5570
5569
5569
5569
5567
5566
5565
5565
5564
5563
5563
5562
5562
5561
5560
5559
5557
5556
5556
5555
5555
5555
5555
5554
5553
5552
5549
5548
5548
5546
5544
5543
5542
5542
5542
5542
5540
5539
5537
5535
5534
5531
5531
5528
5527
5526
5525
5525
5524
5524
5523
5523
5522
5522
5518
5516
5515
5515
5514
5514
5514
5513
5513
5510
5510
5507
5505
5503
5502
5499
5499
5497
5497
5497
5496
5496
5495
5495
5494
5493
5491
5491
5490
5488
5487
5484
5484
5484
5484
5484
5484
5481
5481
5480
5479
5478
5478
5476
5474
5473
5473
5472
5471
5471
5470
5468
5467
5466
5466
5465
5464
5464
5464
5462
5462
5462
5461
5460
5459
5459
5458
5458
5458
5456
5454
5453
5452
5452
5452
5449
5447
5446
5443
5442
5441
5441
5441
5439
5439
5439
5437
5436
5435
5435
5434
5433
5429
5428
5427
5426
5425
5423
5423
5422
5422
5420
5419
5418
5418
5417
5417
5417
5415
5415
5414
5413
5412
5412
5409
5409
5408
5408
5406
5404
5404
5401
5400
5399
5399
5396
5396
5395
5393
5392
5392
5392
5390
5389
5388
5387
5387
5387
5387
5386
5385
5382
5382
5380
5379
5379
5379
5378
5374
5374
5372
5372
5372
5371
5369
5368
5367
5367
5364
5362
5361
5359
5358
5357
5355
5355
5355
5354
5354
5354
5351
5351
5351
5350
5346
5344
5343
5340
5339
5339
5338
5337
5337
5336
5336
5335
5335
5335
5333
5333
5332
5331
5331
5330
5329
5328
5328
5324
5323
5322
5320
5319
5319
5316
5316
5314
5314
5313
5313
5311
5310
5310
5309
5309
5309
5308
5308
5308
5308
5308
5308
5307
5307
5306
5305
5305
5305
5304
5303
5303
5302
5301
5297
5288
5287
5286
5283
5283
5282
5280
5278
5277
5277
5275
5274
5274
5272
5272
5271
5271
5270
5269
5267
5264
5263
5262
5261
5260
5259
5258
5258
5258
5258
5257
5256
5255
5254
5253
5253
5253
5252
5252
5251
5249
5248
5247
5247
5242
5241
5239
5239
5239
5237
5236
5236
5236
5234
5233
5232
5232
5232
5231
5229
5229
5228
5224
5224
5222
5219
5219
5216
5215
5213
5211
5211
5211
5210
5209
5209
5209
5208
5208
5205
5205
5205
5204
5204
5202
5201
5200
5200
5200
5200
5199
5199
5198
5195
5195
5191
5190
5190
5190
5188
5187
5184
5182
5180
5179
5177
5175
5174
5174
5173
5172
5171
5171
5168
5168
5168
5168
5167
5165
5163
5160
5159
5159
5158
5158
5156
5156
5156
5154
5154
5154
5154
5151
5150
5149
5147
5142
5141
5140
5140
5140
5140
5138
5136
5135
5135
5132
5130
5130
5129
5128
5128
5125
5124
5124
5123
5123
5122
5122
5116
5116
5111
5109
5107
5107
5106
5105
5105
5104
5103
5100
5097
5097
5094
5093
5093
5091
5090
5088
5085
5084
5084
5083
5083
5082
5081
5081
5081
5077
5077
5076
5076
5076
5075
5074
5074
5073
5072
5072
5071
5070
5070
5068
5067
5065
5064
5063
5062
5061
5061
5058
5057
5057
5056
5056
5054
5054
5054
5053
5052
5050
5050
5050
5048
5046
5045
5043
5043
5041
5041
5039
5038
5038
5036
5036
5036
5034
5033
5030
5030
5029
5027
5027
5025
5025
5022
5021
5020
5017
5016
5014
5014
5014
5012
5011
5010
5008
5007
5005
5003
5002
4998
4997
4997
4996
4996
4992
4990
4989
4987
4987
4987
4987
4985
4984
4984
4983
4982
4978
4978
4973
4971
4969
4969
4969
4968
4967
4966
4965
4965
4964
4961
4961
4961
4960
4959
4959
4958
4957
4957
4952
4951
4947
4947
4945
4945
4943
4941
4940
4940
4939
4938
4936
4936
4934
4933
4933
4932
4931
4931
4931
4930
4930
4928
4926
4926
4925
4924
4922
4921
4921
4919
4919
4918
4917
4917
4916
4914
4914
4914
4914
4913
4913
4912
4911
4910
4910
4909
4909
4907
4907
4903
4903
4900
4898
4898
4897
4896
4893
4893
4892
4892
4891
4890
4888
4885
4884
4882
4879
4879
4878
4877
4876
4875
4875
4874
4873
4871
4870
4864
4864
4864
4862
4861
4861
4861
4858
4858
4857
4851
4850
4848
4846
4846
4846
4846
4845
4845
4842
4842
4841
4841
4839
4838
4838
4838
4836
4836
4836
4835
4835
4834
4833
4832
4830
4828
4827
4826
4825
4824
4824
4824
4824
4823
4823
4820
4819
4819
4817
4816
4814
4813
4811
4810
4809
4809
4809
4808
4808
4808
4807
4805
4805
4804
4804
4803
4802
4802
4801
4799
4798
4798
4798
4797
4796
4794
4792
4791
4791
4788
4787
4786
4786
4786
4784
4784
4783
4782
4780
4779
4779
4777
4776
4776
4775
4774
4773
4773
4772
4770
4769
4769
4769
4769
4767
4767
4767
4766
4764
4763
4761
4760
4759
4757
4755
4755
4753
4752
4749
4748
4748
4745
4745
4743
4742
4742
4739
4739
4738
4737
4737
4733
4733
4732
4731
4731
4730
4729
4729
4728
4727
4727
4726
4726
4725
4725
4725
4723
4722
4721
4719
4718
4714
4710
4708
4706
4706
4704
4704
4704
4702
4702
4700
4699
4697
4697
4696
4695
4694
4694
4692
4691
4690
4687
4687
4687
4687
4687
4686
4685
4685
4684
4684
4684
4683
4681
4680
4679
4677
4677
4674
4673
4671
4670
4669
4669
4669
4666
4666
4666
4666
4665
4663
4663
4662
4660
4660
4660
4659
4659
4655
4655
4655
4652
4651
4651
4651
4651
4651
4650
4648
4647
4647
4646
4646
4645
4644
4644
4644
4644
4643
4643
4642
4642
4641
4640
4639
4639
4637
4635
4634
4631
4624
4623
4623
4623
4622
4621
4621
4620
4619
4619
4619
4617
4617
4617
4616
4616
4615
4615
4615
4614
4611
4610
4608
4607
4607
4607
4606
4606
4606
4605
4604
4604
4603
4602
4602
4602
4602
4601
4598
4598
4598
4594
4593
4592
4591
4591
4589
4588
4588
4587
4586
4586
4586
4581
4581
4581
4579
4578
4577
4577
4577
4576
4574
4573
4573
4573
4572
4570
4566
4565
4565
4565
4564
4562
4562
4560
4560
4559
4553
4550
4550
4549
4549
4548
4547
4545
4544
4542
4540
4540
4540
4539
4539
4537
4536
4534
4534
4533
4529
4529
4528
4527
4526
4526
4525
4524
4523
4523
4523
4520
4519
4518
4514
4513
4512
4512
4511
4510
4510
4509
4509
4508
4506
4506
4505
4505
4505
4505
4504
4504
4503
4502
4501
4500
4500
4500
4500
4498
4496
4496
4495
4491
4491
4487
4486
4486
4485
4484
4481
4480
4480
4479
4475
4475
4475
4473
4473
4471
4469
4469
4469
4468
4467
4467
4466
4465
4464
4463
4462
4461
4461
4459
4459
4459
4457
4457
4456
4456
4455
4453
4453
4452
4452
4452
4449
4449
4447
4445
4443
4443
4442
4442
4441
4441
4441
4441
4440
4440
4440
4440
4440
4440
4436
4434
4433
4433
4432
4429
4429
4428
4427
4426
4425
4424
4423
4423
4422
4420
4419
4418
4418
4417
4417
4415
4415
4414
4413
4412
4409
4407
4407
4406
4406
4404
4403
4403
4402
4401
4400
4399
4399
4398
4397
4397
4396
4394
4394
4391
4390
4389
4388
4384
4383
4382
4381
4380
4380
4379
4377
4376
4376
4374
4374
4373
4373
4372
4372
4372
4370
4369
4369
4369
4366
4365
4364
4364
4364
4360
4360
4360
4358
4357
4355
4355
4355
4355
4355
4355
4354
4350
4349
4349
4349
4348
4347
4346
4345
4345
4344
4344
4343
4342
4341
4340
4340
4339
4338
4337
4336
4336
4335
4335
4334
4331
4330
4328
4328
4327
4327
4327
4325
4325
4324
4323
4322
4321
4321
4320
4319
4319
4318
4318
4316
4315
4314
4313
4311
4310
4310
4309
4308
4308
4308
4308
4307
4306
4302
4301
4301
4301
4300
4299
4298
4297
4296
4296
4296
4294
4292
4291
4291
4290
4290
4290
4289
4288
4288
4288
4288
4287
4286
4285
4285
4285
4285
4284
4284
4282
4281
4279
4273
4270
4269
4267
4266
4266
4265
4264
4262
4261
4260
4260
4258
4257
4257
4256
4256
4254
4254
4251
4251
4250
4250
4249
4248
4248
4247
4247
4247
4246
4245
4244
4241
4241
4240
4240
4240
4238
4237
4237
4236
4235
4235
4235
4234
4232
4231
4231
4229
4226
4224
4224
4222
4221
4221
4221
4218
4217
4217
4216
4215
4214
4214
4213
4210
4209
4206
4206
4205
4205
4203
4203
4201
4199
4198
4196
4196
4191
4188
4187
4186
4186
4185
4183
4183
4183
4182
4181
4180
4179
4179
4178
4178
4176
4175
4174
4174
4173
4173
4171
4170
4166
4165
4164
4163
4162
4162
4162
4159
4158
4157
4157
4153
4153
4149
4149
4149
4149
4148
4147
4147
4145
4145
4145
4140
4139
4139
4137
4135
4135
4135
4135
4134
4133
4133
4132
4132
4131
4131
4131
4130
4129
4128
4127
4127
4126
4126
4126
4125
4124
4123
4122
4119
4118
4118
4117
4116
4115
4114
4114
4113
4112
4112
4109
4109
4109
4109
4109
4108
4108
4107
4106
4106
4105
4105
4104
4104
4104
4102
4101
4100
4100
4098
4098
4096
4094
4092
4089
4086
4086
4086
4086
4085
4085
4085
4083
4080
4080
4079
4077
4077
4076
4076
4076
4076
4075
4072
4069
4066
4066
4062
4061
4061
4061
4060
4057
4055
4055
4055
4055
4054
4054
4051
4050
4050
4049
4048
4048
4048
4046
4045
4044
4043
4041
4039
4039
4039
4038
4038
4037
4037
4037
4036
4034
4034
4034
4033
4032
4032
4032
4030
4029
4029
4028
4027
4026
4026
4025
4025
4025
4024
4024
4023
4021
4021
4019
4019
4014
4013
4008
4005
4004
4003
4003
4003
4002
4001
4000
4000
4000
3999
3999
3999
3999
3998
3996
3995
3995
3995
3994
3994
3993
3993
3992
3991
3991
3988
3988
3984
3982
3982
3982
3981
3978
3978
3977
3977
3976
3976
3975
3975
3973
3971
3970
3970
3969
3969
3967
3965
3965
3964
3964
3962
3962
3962
3960
3960
3959
3955
3955
3955
3955
3954
3954
3953
3953
3947
3947
3944
3944
3942
3940
3940
3940
3940
3936
3933
3932
3932
3931
3931
3931
3931
3930
3930
3929
3928
3927
3927
3926
3926
3926
3925
3925
3925
3924
3919
3918
3916
3914
3913
3912
3911
3909
3908
3908
3905
3905
3905
3904
3898
3898
3897
3896
3896
3896
3896
3896
3896
3895
3894
3894
3891
3891
3889
3885
3884
3883
3881
3879
3878
3877
3877
3876
3876
3875
3875
3874
3874
3874
3873
3872
3872
3871
3871
3870
3869
3869
3867
3866
3865
3864
3864
3863
3862
3862
3862
3860
3860
3859
3858
3858
3855
3855
3854
3853
3850
3849
3848
3848
3848
3845
3843
3843
3843
3841
3841
3841
3840
3840
3839
3837
3836
3836
3835
3835
3835
3835
3832
3832
3829
3828
3825
3825
3824
3824
3823
3819
3819
3817
3816
3816
3815
3814
3813
3812
3812
3809
3809
3808
3808
3807
3806
3804
3804
3802
3802
3801
3799
3799
3798
3797
3797
3796
3795
3794
3793
3789
3789
3788
3788
3787
3787
3785
3785
3784
3783
3783
3783
3782
3782
3781
3780
3780
3780
3779
3777
3776
3775
3774
3774
3773
3772
3769
3769
3769
3767
3765
3765
3764
3761
3761
3759
3758
3758
3755
3753
3752
3751
3751
3750
3749
3749
3749
3748
3748
3748
3748
3747
3746
3746
3744
3740
3736
3735
3735
3735
3734
3733
3733
3731
3731
3730
3726
3726
3725
3725
3724
3723
3722
3721
3721
3719
3719
3718
3715
3713
3713
3713
3709
3709
3706
3706
3704
3703
3703
3703
3702
3701
3700
3700
3699
3699
3699
3696
3696
3695
3691
3688
3688
3688
3682
3681
3681
3680
3679
3679
3677
3677
3674
3673
3671
3671
3670
3667
3667
3666
3664
3664
3664
3662
3660
3660
3660
3658
3657
3656
3655
3652
3652
3651
3651
3651
3650
3650
3648
3645
3645
3645
3643
3642
3639
3637
3637
3636
3635
3634
3634
3633
3632
3632
3631
3631
3629
3629
3626
3626
3625
3624
3620
3619
3616
3616
3615
3614
3613
3612
3611
3610
3608
3607
3606
3604
3603
3603
3601
3600
3599
3597
3597
3597
3595
3594
3594
3593
3592
3592
3591
3590
3590
3589
3588
3588
3587
3585
3582
3581
3581
3581
3580
3580
3579
3579
3578
3577
3575
3574
3573
3573
3572
3572
3572
3571
3570
3568
3565
3565
3564
3563
3563
3561
3560
3559
3559
3558
3556
3553
3553
3552
3551
3550
3550
3550
3549
3548
3547
3546
3545
3544
3543
3543
3542
3542
3542
3541
3541
3537
3537
3535
3534
3533
3532
3531
3530
3528
3528
3525
3523
3521
3518
3515
3515
3514
3514
3512
3512
3511
3508
3507
3506
3505
3505
3504
3502
3501
3500
3500
3499
3498
3496
3496
3493
3491
3488
3487
3487
3484
3483
3482
3479
3476
3476
3476
3475
3475
3474
3472
3472
3470
3470
3469
3469
3469
3467
3467
3466
3462
3461
3461
3461
3459
3458
3456
3455
3455
3454
3454
3453
3452
3450
3450
3447
3446
3443
3441
3440
3439
3439
3438
3438
3437
3436
3435
3434
3433
3433
3433
3432
3431
3431
3430
3430
3429
3428
3428
3425
3425
3424
3424
3424
3424
3423
3422
3421
3421
3421
3421
3420
3420
3419
3418
3417
3415
3415
3413
3413
3413
3411
3407
3406
3403
3401
3401
3400
3399
3398
3397
3394
3394
3393
3393
3392
3392
3391
3390
3389
3389
3387
3385
3383
3382
3381
3381
3380
3377
3376
3373
3372
3371
3370
3368
3368
3368
3368
3367
3366
3366
3365
3364
3363
3363
3363
3361
3360
3360
3358
3356
3355
3355
3354
3351
3349
3349
3349
3348
3346
3345
3345
3344
3343
3343
3342
3341
3341
3340
3339
3338
3337
3336
3333
3333
3329
3327
3326
3325
3324
3323
3321
3320
3320
3317
3317
3317
3316
3316
3315
3311
3309
3309
3308
3307
3307
3306
3305
3304
3304
3302
3301
3301
3297
3297
3296
3295
3294
3293
3293
3291
3290
3290
3289
3288
3287
3286
3286
3286
3285
3284
3284
3283
3283
3283
3280
3279
3278
3277
3276
3274
3272
3269
3269
3269
3267
3267
3266
3266
3266
3265
3265
3264
3263
3262
3261
3259
3259
3258
3257
3257
3256
3255
3254
3254
3250
3248
3248
3248
3244
3243
3242
3239
3239
3236
3236
3234
3233
3231
3230
3228
3227
3225
3225
3224
3224
3223
3221
3220
3220
3219
3217
3216
3216
3216
3215
3215
3215
3214
3213
3213
3213
3213
3212
3212
3209
3209
3209
3208
3208
3207
3206
3206
3205
3204
3204
3203
3202
3199
3199
3199
3199
3199
3199
3199
3196
3196
3195
3194
3193
3192
3191
3191
3190
3190
3188
3188
3186
3186
3186
3186
3185
3183
3183
3182
3179
3178
3177
3176
3176
3175
3174
3174
3171
3171
3169
3169
3169
3168
3165
3164
3163
3160
3160
3160
3159
3158
3158
3157
3156
3155
3153
3153
3152
3152
3149
3145
3142
3141
3141
3141
3141
3137
3137
3137
3135
3134
3133
3132
3132
3131
3130
3129
3129
3129
3128
3128
3128
3127
3127
3125
3125
3125
3124
3123
3122
3122
3120
3120
3119
3119
3119
3118
3117
3117
3114
3114
3114
3114
3113
3113
3113
3113
3111
3111
3110
3110
3106
3105
3105
3105
3104
3103
3103
3101
3100
3098
3097
3097
3097
3096
3096
3096
3092
3092
3088
3088
3085
3083
3082
3081
3081
3079
3079
3077
3075
3075
3074
3073
3072
3072
3071
3069
3067
3066
3064
3062
3059
3058
3058
3055
3054
3053
3053
3051
3049
3048
3047
3046
3046
3046
3045
3042
3041
3040
3040
3040
3038
3035
3034
3033
3032
3032
3032
3031
3030
3030
3030
3029
3029
3027
3026
3026
3025
3024
3024
3022
3021
3018
3018
3016
3016
3014
3014
3013
3012
3011
3010
3009
3008
3008
3006
3005
3005
3005
3005
3002
3001
3001
3000
2999
2997
2996
2995
2995
2995
2994
2993
2993
2992
2991
2990
2990
2990
2989
2988
2988
2987
2986
2984
2983
2983
2982
2981
2980
2979
2979
2979
2979
2979
2977
2976
2976
2974
2974
2974
2972
2971
2970
2967
2966
2963
2960
2960
2959
2959
2958
2957
2956
2954
2954
2954
2953
2952
2952
2950
2949
2949
2948
2947
2946
2944
2944
2943
2942
2939
2937
2937
2936
2933
2933
2932
2932
2931
2931
2931
2929
2929
2929
2929
2927
2926
2924
2923
2922
2922
2920
2916
2915
2913
2912
2912
2912
2910
2910
2905
2905
2903
2902
2902
2901
2899
2899
2898
2897
2896
2896
2895
2895
2893
2892
2888
2888
2886
2884
2883
2880
2879
2876
2876
2873
2872
2871
2871
2871
2870
2869
2869
2867
2866
2864
2862
2862
2861
2860
2857
2855
2853
2853
2853
2853
2851
2850
2848
2847
2846
2845
2845
2844
2844
2844
2843
2842
2840
2840
2839
2838
2835
2831
2830
2830
2830
2822
2822
2820
2820
2820
2819
2818
2818
2817
2817
2816
2815
2812
2812
2811
2811
2810
2810
2809
2809
2808
2808
2805
2804
2804
2801
2800
2800
2800
2799
2799
2798
2797
2797
2794
2792
2791
2789
2789
2788
2788
2788
2787
2786
2786
2785
2785
2784
2783
2783
2782
2781
2779
2777
2776
2776
2776
2775
2775
2769
2768
2767
2767
2767
2765
2765
2765
2764
2763
2762
2758
2756
2755
2755
2754
2754
2751
2750
2750
2749
2748
2747
2746
2744
2742
2741
2741
2740
2740
2740
2740
2737
2737
2737
2735
2733
2733
2731
2730
2730
2729
2728
2728
2727
2726
2726
2725
2724
2723
2722
2721
2720
2719
2718
2718
2718
2718
2716
2716
2715
2714
2714
2713
2713
2712
2711
2709
2709
2709
2708
2707
2707
2707
2703
2702
2702
2700
2699
2699
2698
2697
2696
2695
2692
2691
2691
2690
2690
2688
2687
2686
2686
2684
2682
2681
2681
2681
2681
2680
2679
2678
2678
2676
2676
2674
2673
2671
2670
2670
2669
2669
2668
2667
2667
2667
2665
2665
2664
2663
2662
2661
2661
2661
2658
2657
2657
2654
2654
2654
2651
2651
2650
2649
2649
2647
2647
2646
2644
2644
2643
2643
2642
2641
2641
2639
2638
2637
2637
2635
2635
2634
2634
2633
2632
2631
2631
2631
2631
2628
2628
2627
2627
2626
2621
2620
2619
2618
2617
2617
2616
2614
2612
2612
2611
2611
2610
2608
2606
2603
2601
2600
2600
2599
2599
2599
2595
2594
2594
2592
2592
2592
2589
2589
2586
2586
2585
2585
2583
2582
2578
2578
2577
2575
2575
2575
2574
2574
2573
2573
2569
2568
2568
2567
2567
2565
2565
2565
2563
2559
2559
2558
2557
2556
2554
2553
2552
2551
2549
2548
2548
2547
2546
2545
2542
2542
2537
2535
2534
2533
2533
2533
2532
2531
2529
2529
2528
2528
2526
2526
2526
2526
2525
2525
2525
2524
2522
2522
2521
2521
2517
2515
2515
2513
2511
2511
2511
2510
2509
2509
2508
2508
2506
2505
2505
2503
2502
2501
2500
2500
2500
2498
2497
2496
2496
2496
2496
2491
2490
2489
2488
2487
2486
2485
2484
2482
2482
2482
2480
2479
2479
2478
2476
2473
2466
2465
2465
2464
2464
2464
2463
2462
2462
2462
2462
2462
2461
2458
2458
2458
2458
2458
2458
2457
2456
2455
2455
2455
2454
2454
2452
2452
2448
2448
2446
2445
2444
2444
2444
2443
2437
2436
2436
2435
2432
2431
2431
2431
2430
2430
2429
2429
2429
2428
2428
2423
2423
2422
2421
2420
2420
2418
2416
2416
2414
2413
2412
2411
2410
2410
2409
2408
2406
2406
2406
2403
2402
2402
2400
2399
2398
2397
2395
2394
2392
2392
2392
2392
2391
2391
2389
2385
2384
2383
2382
2381
2380
2380
2379
2379
2378
2378
2377
2374
2374
2374
2373
2372
2372
2371
2370
2369
2368
2368
2367
2366
2366
2365
2362
2361
2361
2359
2359
2358
2357
2357
2356
2355
2354
2353
2351
2350
2349
2348
2347
2347
2346
2345
2344
2344
2343
2340
2340
2339
2338
2337
2335
2334
2334
2333
2330
2329
2329
2329
2328
2327
2324
2323
2323
2321
2320
2317
2317
2317
2316
2314
2314
2314
2313
2313
2313
2313
2312
2311
2310
2310
2309
2307
2305
2305
2304
2303
2303
2302
2298
2295
2295
2293
2293
2293
2292
2290
2290
2290
2289
2289
2288
2288
2287
2285
2284
2283
2282
2281
2281
2281
2280
2280
2278
2274
2272
2272
2272
2269
2269
2269
2268
2267
2266
2263
2260
2260
2260
2260
2259
2257
2257
2256
2256
2256
2256
2256
2256
2254
2250
2249
2248
2247
2247
2244
2243
2242
2242
2242
2241
2241
2241
2240
2239
2239
2237
2236
2235
2235
2235
2234
2233
2233
2232
2232
2232
2232
2232
2231
2230
2227
2226
2224
2223
2223
2222
2222
2221
2220
2220
2220
2219
2217
2217
2216
2215
2215
2215
2212
2211
2210
2208
2208
2208
2207
2207
2206
2206
2204
2202
2202
2201
2199
2197
2197
2197
2196
2193
2193
2190
2189
2189
2186
2185
2185
2180
2180
2178
2178
2177
2177
2176
2176
2176
2175
2175
2174
2173
2173
2172
2171
2170
2169
2168
2167
2165
2164
2162
2160
2157
2154
2154
2154
2153
2151
2150
2150
2149
2148
2148
2147
2147
2147
2146
2146
2145
2145
2144
2144
2143
2143
2142
2142
2141
2140
2139
2139
2137
2136
2136
2133
2131
2127
2127
2126
2124
2124
2124
2123
2123
2121
2121
2121
2120
2120
2120
2117
2116
2115
2114
2114
2113
2113
2112
2112
2111
2110
2109
2108
2105
2104
2103
2103
2103
2102
2102
2100
2100
2098
2098
2098
2098
2096
2095
2094
2094
2093
2092
2087
2086
2085
2085
2084
2084
2083
2082
2081
2081
2078
2077
2075
2074
2073
2071
2070
2070
2069
2066
2064
2064
2063
2060
2059
2058
2056
2055
2054
2053
2053
2051
2051
2050
2050
2048
2048
2047
2047
2044
2044
2042
2041
2041
2041
2038
2038
2038
2036
2034
2034
2033
2033
2032
2031
2031
2031
2029
2029
2028
2027
2027
2027
2026
2024
2021
2021
2020
2019
2019
2018
2018
2018
2016
2015
2014
2014
2013
2012
2011
2011
2009
2009
2009
2008
2007
2006
2006
2006
2005
2004
2003
2003
2003
2003
2003
1999
1998
1996
1996
1993
1991
1991
1990
1987
1986
1984
1984
1983
1983
1983
1982
1982
1982
1979
1976
1976
1976
1974
1973
1973
1971
1970
1970
1970
1970
1970
1969
1969
1968
1965
1965
1963
1963
1961
1960
1958
1957
1956
1955
1955
1953
1953
1953
1953
1950
1950
1950
1949
1948
1946
1945
1945
1944
1944
1943
1943
1943
1942
1941
1941
1941
1938
1936
1936
1935
1934
1934
1934
1934
1934
1932
1932
1932
1930
1929
1929
1929
1929
1928
1927
1926
1925
1925
1921
1919
1919
1917
1915
1914
1913
1912
1912
1912
1911
1911
1910
1910
1910
1907
1907
1906
1906
1904
1903
1902
1901
1901
1900
1900
1898
1898
1893
1893
1891
1891
1890
1889
1887
1885
1884
1882
1881
1881
1880
1879
1879
1877
1876
1873
1871
1869
1869
1864
1864
1862
1862
1862
1861
1859
1858
1856
1854
1853
1853
1853
1852
1849
1844
1844
1844
1840
1840
1839
1838
1836
1835
1832
1831
1831
1829
1828
1828
1828
1827
1826
1825
1824
1823
1821
1821
1821
1819
1819
1815
1815
1814
1814
1812
1810
1807
1807
1807
1806
1806
1806
1805
1805
1803
1803
1802
1800
1799
1799
1799
1799
1798
1798
1798
1796
1795
1794
1794
1792
1787
1787
1787
1786
1786
1786
1784
1783
1783
1782
1782
1780
1779
1779
1777
1777
1776
1776
1775
1774
1772
1772
1771
1770
1770
1768
1768
1765
1765
1764
1763
1763
1763
1760
1759
1757
1757
1756
1752
1751
1750
1747
1746
1746
1744
1744
1742
1742
1741
1735
1735
1735
1735
1734
1733
1732
1731
1731
1731
1729
1727
1727
1724
1724
1723
1722
1720
1720
1719
1716
1716
1716
1715
1715
1713
1713
1712
1709
1709
1708
1707
1706
1706
1706
1705
1704
1703
1700
1696
1696
1696
1695
1694
1693
1692
1691
1691
1690
1690
1690
1687
1686
1686
1683
1683
1683
1683
1680
1680
1679
1679
1677
1676
1673
1672
1670
1669
1667
1667
1667
1665
1664
1664
1662
1662
1661
1661
1659
1656
1654
1651
1650
1648
1648
1645
1645
1642
1641
1640
1639
1637
1637
1636
1635
1635
1634
1633
1632
1631
1630
1630
1628
1627
1627
1626
1626
1623
1622
1616
1615
1614
1614
1613
1612
1608
1608
1605
1605
1605
1603
1602
1602
1601
1600
1599
1596
1596
1594
1594
1593
1591
1591
1589
1589
1589
1588
1588
1587
1587
1587
1586
1585
1582
1582
1582
1578
1577
1577
1575
1573
1572
1572
1570
1570
1569
1568
1567
1567
1565
1564
1564
1562
1561
1560
1560
1559
1558
1557
1556
1555
1555
1555
1554
1553
1552
1547
1547
1545
1544
1543
1542
1542
1542
1542
1540
1540
1540
1540
1539
1539
1539
1536
1535
1535
1534
1531
1531
1531
1530
1529
1524
1524
1523
1522
1522
1521
1521
1520
1519
1516
1514
1513
1512
1512
1512
1511
1510
1504
1503
1500
1499
1498
1498
1497
1495
1495
1493
1493
1491
1490
1489
1489
1483
1481
1481
1480
1480
1480
1478
1477
1475
1475
1474
1474
1472
1472
1471
1471
1470
1470
1469
1468
1467
1467
1467
1466
1465
1465
1464
1463
1462
1462
1461
1460
1459
1459
1459
1457
1457
1457
1457
1456
1455
1455
1455
1454
1454
1453
1453
1452
1451
1451
1450
1448
1448
1448
1447
1444
1442
1441
1440
1438
1437
1437
1432
1428
1428
1427
1427
1421
1420
1420
1419
1418
1417
1415
1413
1413
1413
1413
1412
1412
1412
1412
1411
1411
1410
1410
1410
1409
1409
1408
1406
1406
1405
1405
1405
1403
1402
1400
1398
1397
1396
1395
1395
1395
1392
1392
1392
1388
1388
1386
1386
1384
1384
1383
1383
1381
1379
1376
1375
1375
1373
1372
1370
1368
1368
1360
1359
1359
1359
1358
1355
1353
1351
1351
1351
1350
1350
1350
1349
1349
1345
1343
1343
1342
1342
1340
1340
1340
1335
1333
1331
1331
1329
1328
1326
1325
1324
1324
1322
1321
1321
1320
1319
1319
1319
1317
1316
1314
1313
1312
1310
1310
1309
1308
1308
1307
1307
1307
1306
1305
1303
1301
1299
1299
1298
1298
1297
1297
1297
1297
1296
1295
1295
1294
1294
1293
1292
1291
1290
1289
1287
1287
1286
1286
1285
1284
1283
1283
1282
1281
1278
1276
1276
1272
1271
1270
1270
1270
1268
1267
1266
1266
1265
1265
1263
1263
1262
1258
1258
1255
1255
1253
1252
1252
1250
1247
1247
1247
1246
1246
1242
1242
1242
1239
1236
1235
1235
1235
1234
1233
1233
1228
1228
1227
1227
1226
1225
1225
1221
1221
1221
1221
1220
1220
1220
1220
1216
1216
1213
1212
1212
1211
1210
1209
1206
1205
1205
1204
1204
1203
1202
1200
1200
1198
1197
1197
1196
1195
1194
1193
1193
1190
1189
1187
1187
1186
1185
1185
1185
1184
1183
1182
1182
1180
1180
1180
1177
1177
1177
1177
1176
1176
1174
1174
1173
1172
1172
1170
1168
1164
1162
1162
1162
1162
1161
1161
1161
1161
1159
1157
1156
1155
1154
1153
1153
1153
1152
1151
1149
1148
1147
1147
1147
1143
1141
1140
1139
1139
1137
1136
1135
1135
1134
1133
1131
1131
1129
1129
1127
1127
1125
1125
1125
1125
1124
1123
1121
1121
1121
1121
1120
1119
1118
1118
1118
1116
1115
1114
1113
1113
1113
1112
1111
1111
1109
1109
1109
1108
1107
1107
1107
1104
1104
1103
1102
1101
1101
1100
1099
1098
1098
1095
1095
1094
1094
1094
1093
1092
1090
1089
1088
1087
1087
1086
1085
1085
1083
1082
1082
1080
1079
1076
1074
1074
1074
1072
1070
1068
1066
1065
1065
1065
1064
1064
1063
1062
1058
1058
1056
1056
1056
1055
1055
1055
1054
1052
1051
1050
1050
1050
1049
1049
1049
1047
1047
1047
1046
1045
1044
1041
1039
1039
1038
1038
1038
1037
1035
1034
1033
1032
1032
1031
1031
1029
1028
1028
1027
1025
1025
1024
1024
1022
1021
1021
1019
1018
1017
1017
1017
1016
1015
1015
1014
1014
1013
1008
1007
1007
1005
1004
1003
1003
1001
1001
1001
1000
999
999
999
999
998
996
994
993
993
992
992
992
992
991
991
990
988
986
986
984
983
982
982
981
979
978
976
976
975
973
972
971
970
969
969
967
964
962
962
962
961
960
960
959
958
958
956
954
953
953
951
951
951
950
950
950
948
946
945
944
943
941
941
941
940
938
938
938
937
937
935
935
933
933
933
932
931
931
929
926
926
925
925
921
921
920
920
918
918
917
915
915
914
914
913
911
911
909
909
906
905
904
903
903
902
902
902
901
901
900
898
895
895
894
894
894
891
889
887
884
883
882
882
878
877
876
876
875
872
872
871
870
870
870
869
869
868
868
866
864
862
861
860
858
856
855
855
854
854
853
852
852
846
845
845
844
844
843
841
841
841
838
837
837
834
833
832
831
831
830
829
827
827
826
826
825
825
824
823
823
822
821
821
821
820
820
818
818
818
817
814
814
811
811
810
808
808
805
805
805
804
802
802
801
798
797
797
796
796
794
794
792
792
791
789
789
788
786
785
785
785
784
784
783
782
782
782
782
782
782
781
781
781
780
779
777
776
774
774
773
772
771
770
770
770
769
769
768
767
767
767
765
765
765
764
763
763
762
760
760
760
759
759
754
752
752
751
751
750
748
748
748
746
744
743
741
740
740
738
738
738
735
734
732
732
732
731
729
729
728
726
724
723
723
722
719
718
718
718
716
715
715
715
714
714
713
712
712
711
711
710
709
709
707
707
707
706
705
701
699
696
691
687
686
685
685
681
681
679
678
677
676
676
674
673
672
671
669
669
669
666
666
665
663
662
662
662
661
660
659
659
659
658
658
657
657
657
656
656
655
651
651
650
649
649
649
647
646
644
644
643
643
643
642
639
637
637
637
636
634
633
632
630
630
630
629
628
626
624
623
623
621
621
621
620
619
619
615
615
613
613
612
610
610
610
609
609
609
608
607
605
605
604
604
601
600
600
599
599
597
597
596
595
594
594
593
589
589
588
587
586
586
585
584
583
582
581
581
576
576
575
575
574
573
571
571
569
567
566
565
565
564
563
562
560
559
558
557
556
556
555
553
551
550
550
548
547
544
543
543
541
540
540
540
540
539
537
537
536
535
535
534
533
531
530
526
523
523
523
519
518
515
515
513
513
512
511
509
508
508
507
507
503
503
503
502
502
501
501
500
498
498
498
498
497
496
492
492
492
490
489
488
488
488
485
485
484
483
483
483
482
481
481
480
479
476
475
475
473
472
470
469
467
467
467
467
465
464
462
462
462
461
461
460
460
460
457
454
454
454
452
449
448
448
445
445
445
442
440
440
439
439
439
438
438
437
437
437
435
433
431
429
426
424
422
421
420
419
419
416
413
412
411
411
410
409
408
407
407
406
406
405
404
403
402
402
401
400
399
398
397
395
394
393
391
390
388
383
383
381
380
378
376
370
368
368
368
367
367
367
365
364
364
364
364
362
362
361
360
359
358
358
356
356
356
355
353
353
352
351
350
349
346
345
344
344
344
342
342
341
341
339
339
339
336
336
336
336
334
334
333
332
332
332
331
329
327
326
326
325
325
323
323
322
322
321
321
318
318
317
314
314
314
311
309
309
308
307
307
307
305
304
304
303
303
303
303
302
302
301
301
300
300
299
297
297
296
295
294
293
293
292
292
291
291
290
290
289
288
288
287
286
285
284
283
278
277
274
274
273
272
271
271
271
266
265
263
262
262
261
260
259
258
258
257
257
256
255
252
251
250
250
247
246
246
245
245
245
245
244
244
244
243
243
242
240
240
235
234
234
234
233
233
232
232
232
231
230
229
224
224
224
223
223
223
222
222
221
220
218
217
216
215
211
210
209
207
206
205
205
204
203
203
202
202
202
201
200
199
198
198
198
198
197
197
194
192
192
191
191
191
190
188
188
187
187
186
185
185
183
183
183
182
182
181
180
178
177
176
174
173
172
171
171
170
169
168
167
165
165
164
163
162
161
160
159
157
157
157
157
155
155
155
154
153
152
152
152
151
150
149
148
148
147
147
146
145
144
144
143
140
139
139
138
138
134
133
132
132
131
130
130
130
128
126
125
125
122
122
122
121
117
117
116
116
115
114
114
113
112
112
110
109
109
108
106
104
103
99
99
99
99
99
98
97
96
96
94
94
94
91
91
90
90
89
88
88
88
87
83
82
82
81
81
80
78
77
77
73
72
69
68
68
68
67
67
67
66
65
63
63
63
63
62
61
61
61
61
60
57
57
56
55
55
54
53
51
49
48
48
47
46
43
41
41
40
40
40
39
38
37
37
36
35
35
35
33
32
32
31
31
31
30
29
28
27
26
24
24
24
17
17
16
15
14
12
12
8
7
6
6
6
6
3
3
2
0
