9999
9995
9995
9993
9990
9988
9987
9985
9984
9984
9981
9979
9978
9977
9975
9973
9973
9972
9969
9968
9968
9967
9967
9965
9965
9964
9964
9964
9964
9963
9963
9962
9960
9960
9959
9959
9958
9956
9955
9955
9952
9952
9949
9949
9948
9947
9946
9943
9942
9941
9940
9940
9940
9940
9938
9935
9932
9932
9932
9930
9930
9929
9928
9926
9926
9924
9922
9922
9920
9920
9920
9919
9919
9916
9915
9915
9915
9912
9911
9911
9910
9909
9907
9906
9905
9905
9903
9902
9902
9902
9901
9900
9900
9900
9900
9899
9898
9897
9896
9896
9895
9895
9894
9894
9891
9889
9888
9887
9886
9886
9885
9885
9883
9882
9882
9880
9880
9878
9878
9878
9874
9872
9872
9871
9871
9871
9870
9869
9869
9867
9867
9866
9866
9865
9863
9862
9859
9858
9857
9856
9856
9855
9855
9854
9853
9852
9852
9851
9851
9850
9850
9849
9848
9847
9847
9846
9846
9844
9844
9844
9843
9843
9839
9837
9836
9833
9832
9831
9830
9828
9828
9821
9821
9821
9821
9820
9819
9819
9819
9818
9817
9817
9816
9815
9815
9814
9814
9813
9813
9812
9811
9811
9811
9809
9808
9807
9806
9805
9804
9804
9801
9801
9801
9798
9795
9794
9793
9792
9791
9790
9789
9787
9787
9785
9783
9782
9781
9777
9774
9772
9771
9770
9769
9768
9767
9765
9763
9763
9763
9762
9761
9760
9759
9757
9755
9754
9753
9753
9752
9751
9750
9749
9747
9746
9745
9744
9741
9741
9741
9740
9739
9738
9737
9737
9736
9736
9735
9735
9735
9734
9732
9730
9729
9727
9726
9725
9724
9723
9721
9721
9721
9718
9718
9718
9717
9715
9713
9712
9712
9712
9712
9710
9710
9710
9709
9709
9709
9707
9707
9706
9706
9701
9701
9700
9700
9700
9698
9698
9697
9697
9696
9694
9694
9692
9692
9691
9689
9688
9687
9686
9686
9685
9685
9684
9683
9683
9683
9683
9682
9681
9680
9680
9679
9679
9679
9676
9675
9675
9671
9670
9669
9669
9668
9668
9667
9666
9663
9663
9663
9661
9661
9661
9660
9659
9659
9658
9657
9657
9657
9656
9655
9655
9654
9652
9651
9651
9651
9649
9648
9646
9646
9644
9643
9638
9638
9636
9634
9634
9634
9633
9633
9630
9627
9624
9624
9622
9621
9620
9619
9618
9615
9614
9613
9610
9607
9607
9606
9604
9603
9603
9598
9595
9594
9593
9593
9593
9592
9590
9589
9589
9587
9586
9586
9585
9583
9582
9581
9581
9579
9576
9576
9573
9572
9572
9570
9569
9568
9565
9564
9562
9562
9562
9561
9559
9559
9558
9556
9554
9554
9551
9550
9550
9549
9549
9548
9548
9547
9546
9544
9544
9539
9538
9537
9536
9536
9535
9535
9534
9533
9533
9532
9530
9528
9528
9528
9525
9525
9525
9524
9523
9522
9522
9521
9521
9521
9520
9518
9517
9514
9513
9509
9508
9507
9507
9507
9505
9504
9503
9500
9497
9495
9494
9493
9490
9490
9489
9489
9488
9488
9483
9482
9482
9482
9481
9477
9474
9474
9472
9472
9470
9470
9467
9467
9467
9466
9466
9462
9462
9460
9459
9456
9454
9453
9453
9453
9451
9450
9449
9446
9446
9446
9445
9442
9442
9440
9439
9439
9438
9436
9435
9433
9432
9431
9431
9430
9429
9429
9427
9427
9427
9426
9426
9425
9424
9423
9422
9420
9419
9419
9417
9416
9416
9415
9410
9409
9409
9408
9407
9406
9405
9404
9404
9402
9401
9401
9399
9398
9396
9396
9395
9393
9393
9392
9392
9390
9389
9385
9383
9382
9381
9381
9379
9377
9377
9376
9374
9374
9373
9367
9366
9366
9364
9361
9361
9360
9358
9358
9355
9354
9354
9352
9350
9350
9346
9345
9345
9344
9343
9342
9340
9337
9337
9336
9336
9336
9335
9335
9335
9332
9331
9330
9329
9328
9327
9326
9324
9323
9322
9321
9318
9317
9317
9317
9316
9316
9315
9315
9312
9310
9308
9308
9307
9306
9306
9306
9306
9304
9304
9303
9302
9302
9301
9301
9301
9300
9299
9298
9298
9297
9297
9295
9295
9294
9294
9293
9293
9292
9292
9292
9291
9291
9291
9290
9290
9289
9287
9286
9285
9283
9281
9281
9279
9278
9277
9277
9277
9275
9274
9273
9273
9272
9269
9269
9268
9267
9265
9264
9263
9263
9260
9260
9260
9259
9258
9257
9257
9254
9253
9253
9253
9250
9250
9250
9249
9246
9246
9245
9242
9241
9239
9237
9232
9231
9231
9230
9230
9229
9229
9228
9227
9226
9226
9220
9218
9217
9216
9216
9216
9215
9214
9214
9214
9213
9209
9206
9205
9205
9203
9203
9202
9202
9202
9200
9199
9195
9194
9194
9193
9192
9190
9187
9186
9184
9184
9184
9182
9180
9179
9179
9177
9176
9176
9176
9175
9174
9173
9173
9172
9171
9171
9170
9166
9164
9163
9162
9162
9161
9160
9158
9157
9157
9156
9155
9153
9152
9152
9151
9150
9150
9150
9148
9147
9145
9143
9143
9142
9142
9140
9139
9138
9138
9137
9136
9136
9135
9133
9133
9130
9130
9126
9126
9126
9125
9124
9122
9122
9120
9119
9118
9118
9117
9117
9117
9115
9114
9112
9111
9110
9108
9108
9108
9106
9104
9103
9103
9101
9100
9099
9098
9097
9097
9096
9096
9096
9096
9095
9094
9092
9090
9090
9089
9088
9087
9086
9086
9085
9082
9080
9080
9079
9076
9075
9075
9075
9073
9071
9069
9069
9068
9063
9062
9061
9061
9060
9060
9059
9058
9055
9055
9055
9054
9054
9053
9052
9052
9051
9050
9050
9050
9050
9049
9048
9048
9048
9047
9047
9046
9045
9041
9039
9039
9034
9034
9034
9033
9031
9030
9030
9030
9029
9028
9028
9027
9027
9026
9026
9025
9024
9023
9021
9021
9021
9019
9018
9018
9018
9016
9016
9014
9011
9011
9007
9007
9006
9005
9003
9003
9002
9000
8999
8996
8996
8996
8990
8989
8989
8988
8987
8987
8987
8986
8985
8984
8984
8983
8983
8982
8980
8979
8979
8979
8977
8977
8976
8976
8976
8976
8975
8975
8970
8970
8970
8969
8966
8966
8965
8962
8962
8961
8959
8958
8957
8954
8953
8953
8952
8951
8950
8949
8949
8947
8945
8944
8943
8941
8941
8940
8940
8938
8937
8937
8936
8936
8935
8935
8935
8933
8933
8931
8931
8931
8930
8929
8928
8928
8927
8922
8921
8921
8918
8918
8917
8915
8915
8915
8913
8912
8911
8909
8908
8905
8903
8903
8902
8902
8901
8900
8900
8896
8895
8894
8894
8892
8888
8887
8885
8885
8884
8883
8881
8879
8879
8877
8876
8875
8875
8874
8871
8870
8870
8869
8869
8864
8863
8863
8862
8862
8861
8859
8859
8857
8856
8856
8856
8847
8846
8845
8844
8844
8844
8843
8842
8842
8840
8840
8839
8838
8837
8836
8834
8833
8830
8830
8830
8830
8829
8829
8829
8827
8826
8821
8821
8820
8819
8818
8816
8815
8814
8812
8812
8812
8812
8811
8810
8807
8807
8806
8804
8803
8802
8801
8801
8798
8798
8797
8796
8793
8790
8789
8788
8787
8787
8787
8785
8785
8784
8783
8781
8781
8781
8778
8777
8777
8776
8776
8776
8775
8775
8775
8773
8765
8765
8763
8761
8757
8757
8754
8752
8751
8749
8748
8748
8746
8745
8744
8741
8740
8739
8739
8737
8734
8733
8732
8732
8732
8729
8726
8725
8724
8724
8723
8723
8722
8722
8721
8720
8720
8719
8718
8717
8715
8715
8714
8714
8713
8712
8712
8711
8708
8707
8707
8706
8704
8702
8700
8700
8697
8696
8695
8694
8694
8693
8692
8692
8691
8690
8690
8689
8681
8681
8680
8679
8679
8678
8676
8676
8675
8675
8673
8673
8673
8673
8670
8669
8667
8667
8666
8666
8665
8664
8663
8662
8662
8662
8661
8661
8661
8657
8656
8654
8654
8653
8650
8649
8648
8648
8648
8646
8645
8645
8645
8644
8642
8641
8641
8640
8639
8638
8638
8638
8638
8637
8635
8634
8631
8630
8627
8626
8625
8625
8623
8622
8622
8622
8621
8620
8620
8619
8618
8618
8618
8616
8616
8615
8615
8614
8612
8612
8611
8609
8609
8609
8609
8608
8608
8608
8607
8606
8606
8606
8605
8605
8602
8601
8600
8600
8600
8599
8598
8598
8597
8594
8594
8594
8593
8593
8593
8591
8589
8587
8585
8585
8584
8584
8584
8583
8583
8581
8581
8581
8580
8579
8578
8577
8576
8576
8575
8574
8574
8573
8571
8568
8568
8568
8567
8567
8566
8566
8562
8561
8560
8559
8559
8557
8557
8556
8555
8553
8552
8551
8551
8550
8548
8548
8545
8542
8540
8539
8538
8537
8537
8535
8535
8534
8532
8532
8530
8529
8527
8526
8525
8524
8524
8522
8521
8521
8521
8519
8519
8519
8519
8519
8518
8518
8516
8516
8515
8510
8509
8509
8508
8508
8506
8506
8505
8504
8504
8503
8503
8503
8501
8495
8495
8493
8493
8492
8491
8489
8489
8488
8487
8487
8487
8487
8487
8487
8487
8486
8480
8479
8479
8479
8478
8477
8472
8471
8469
8468
8467
8463
8461
8461
8460
8457
8456
8456
8455
8455
8454
8452
8451
8450
8449
8448
8448
8448
8446
8445
8443
8442
8441
8440
8440
8440
8438
8438
8438
8437
8436
8435
8435
8435
8432
8432
8430
8430
8430
8428
8427
8427
8422
8422
8422
8421
8421
8421
8421
8421
8418
8417
8417
8415
8414
8411
8411
8408
8408
8405
8405
8403
8403
8402
8401
8401
8399
8399
8395
8394
8394
8394
8394
8392
8392
8391
8391
8391
8390
8389
8388
8387
8383
8383
8383
8381
8381
8375
8375
8374
8372
8371
8371
8370
8369
8368
8367
8367
8366
8365
8365
8363
8363
8360
8359
8358
8358
8357
8357
8357
8356
8354
8354
8353
8351
8350
8349
8348
8347
8346
8345
8345
8344
8343
8342
8341
8341
8341
8340
8339
8338
8337
8336
8334
8332
8332
8331
8331
8330
8328
8326
8326
8326
8325
8325
8323
8323
8322
8321
8321
8320
8318
8317
8317
8317
8315
8313
8313
8312
8312
8310
8310
8308
8305
8302
8302
8300
8298
8298
8297
8294
8293
8293
8292
8290
8289
8288
8286
8285
8285
8284
8283
8281
8281
8279
8279
8278
8278
8278
8276
8276
8275
8274
8270
8270
8270
8268
8267
8267
8267
8265
8265
8265
8262
8260
8259
8257
8257
8256
8255
8255
8255
8255
8254
8253
8253
8251
8251
8250
8249
8247
8247
8247
8244
8240
8238
8238
8237
8236
8234
8234
8232
8231
8231
8230
8229
8228
8228
8227
8227
8226
8225
8224
8224
8223
8222
8221
8221
8220
8218
8218
8217
8216
8215
8213
8212
8209
8206
8205
8204
8203
8201
8200
8200
8199
8198
8198
8195
8194
8194
8193
8192
8192
8191
8191
8191
8191
8189
8187
8185
8182
8182
8182
8181
8180
8179
8178
8178
8177
8176
8176
8175
8174
8174
8172
8171
8169
8168
8166
8166
8164
8164
8160
8160
8159
8159
8159
8158
8157
8157
8157
8156
8155
8154
8152
8151
8151
8151
8149
8149
8148
8146
8144
8143
8143
8143
8143
8141
8140
8139
8139
8138
8138
8136
8136
8134
8134
8134
8133
8133
8133
8131
8130
8129
8129
8125
8123
8121
8120
8119
8119
8119
8117
8117
8116
8116
8114
8113
8112
8110
8110
8109
8108
8107
8107
8107
8107
8104
8104
8103
8103
8102
8100
8099
8095
8095
8094
8092
8092
8090
8089
8088
8087
8087
8087
8086
8086
8085
8085
8084
8084
8084
8084
8081
8080
8079
8072
8072
8072
8072
8071
8069
8067
8066
8066
8065
8064
8064
8064
8063
8061
8061
8057
8057
8055
8055
8054
8053
8053
8050
8050
8050
8048
8047
8047
8044
8042
8042
8042
8042
8042
8040
8037
8037
8036
8035
8034
8033
8032
8030
8030
8029
8028
8027
8026
8026
8026
8026
8025
8025
8023
8023
8022
8020
8020
8020
8019
8017
8017
8016
8016
8014
8014
8013
8011
8011
8005
8005
8003
8003
8002
8002
8001
7997
7997
7995
7995
7993
7992
7991
7991
7990
7989
7986
7982
7982
7979
7979
7978
7977
7975
7975
7975
7974
7972
7972
7966
7965
7964
7963
7963
7962
7958
7958
7956
7956
7953
7952
7952
7951
7951
7950
7949
7947
7946
7945
7945
7943
7943
7943
7942
7941
7941
7940
7939
7937
7937
7937
7936
7936
7936
7935
7935
7933
7932
7930
7930
7929
7926
7925
7924
7919
7918
7917
7915
7915
7915
7914
7912
7912
7912
7909
7908
7908
7906
7903
7903
7902
7902
7900
7899
7899
7898
7898
7897
7897
7896
7896
7894
7894
7894
7892
7892
7890
7890
7890
7889
7886
7886
7885
7885
7885
7885
7884
7884
7883
7882
7882
7881
7881
7880
7879
7879
7878
7876
7876
7875
7875
7875
7873
7872
7871
7868
7868
7867
7866
7866
7865
7864
7860
7858
7857
7857
7857
7855
7854
7853
7852
7851
7850
7848
7846
7846
7845
7845
7844
7840
7839
7837
7836
7836
7835
7835
7833
7833
7832
7831
7830
7829
7826
7826
7825
7825
7823
7823
7822
7820
7819
7819
7819
7818
7818
7815
7814
7814
7814
7813
7813
7809
7809
7808
7808
7808
7807
7807
7806
7805
7805
7805
7805
7804
7802
7801
7799
7797
7796
7793
7789
7788
7784
7783
7783
7781
7779
7778
7777
7777
7774
7774
7773
7773
7772
7771
7771
7771
7769
7769
7769
7769
7767
7766
7765
7765
7764
7762
7760
7760
7758
7758
7758
7757
7756
7753
7752
7751
7749
7747
7746
7746
7745
7744
7743
7742
7741
7741
7740
7740
7739
7738
7737
7735
7735
7733
7732
7729
7727
7726
7724
7724
7721
7720
7720
7720
7714
7713
7713
7712
7711
7711
7710
7710
7709
7708
7708
7706
7706
7705
7704
7704
7703
7700
7700
7700
7699
7698
7697
7697
7696
7696
7695
7693
7692
7691
7690
7690
7690
7689
7689
7688
7687
7687
7685
7685
7684
7684
7680
7679
7679
7678
7677
7676
7673
7672
7672
7670
7666
7664
7664
7662
7662
7661
7661
7661
7660
7659
7659
7659
7658
7658
7657
7656
7656
7656
7656
7654
7653
7651
7649
7649
7647
7647
7647
7646
7645
7644
7644
7643
7642
7642
7641
7638
7638
7638
7637
7636
7636
7636
7632
7632
7631
7631
7631
7630
7629
7629
7628
7628
7627
7627
7626
7625
7625
7623
7623
7623
7623
7622
7621
7621
7620
7619
7618
7615
7615
7615
7614
7614
7614
7613
7613
7613
7613
7612
7612
7611
7611
7610
7606
7606
7606
7603
7603
7602
7601
7601
7600
7599
7598
7597
7596
7596
7595
7592
7592
7591
7590
7588
7588
7586
7586
7583
7582
7581
7581
7579
7578
7577
7576
7576
7576
7575
7573
7572
7572
7570
7565
7563
7563
7561
7560
7560
7558
7558
7557
7557
7556
7556
7556
7555
7554
7552
7551
7551
7551
7550
7548
7548
7548
7548
7547
7544
7543
7543
7541
7541
7540
7540
7540
7539
7538
7538
7534
7534
7533
7533
7532
7532
7531
7531
7530
7530
7529
7527
7526
7526
7525
7523
7523
7523
7521
7521
7520
7520
7518
7518
7517
7516
7515
7515
7515
7512
7512
7510
7509
7509
7509
7508
7506
7504
7504
7504
7503
7499
7496
7494
7493
7493
7491
7489
7489
7488
7488
7486
7483
7481
7479
7479
7478
7478
7477
7477
7477
7476
7474
7474
7473
7472
7471
7471
7471
7469
7463
7463
7463
7462
7462
7460
7459
7459
7458
7457
7456
7455
7454
7454
7453
7451
7449
7448
7448
7444
7444
7443
7443
7442
7440
7440
7439
7438
7437
7437
7436
7436
7436
7435
7435
7435
7431
7431
7430
7428
7428
7428
7428
7427
7427
7425
7425
7424
7424
7422
7422
7417
7417
7416
7415
7415
7412
7412
7411
7411
7411
7409
7408
7408
7407
7407
7407
7406
7406
7405
7404
7403
7402
7400
7399
7399
7398
7398
7398
7397
7395
7395
7394
7392
7391
7391
7391
7389
7388
7388
7388
7387
7386
7385
7385
7384
7384
7384
7383
7380
7380
7379
7378
7376
7375
7375
7375
7375
7374
7373
7373
7373
7371
7371
7370
7369
7368
7366
7365
7364
7362
7360
7359
7359
7359
7358
7358
7358
7355
7355
7355
7354
7350
7349
7349
7349
7343
7342
7342
7340
7338
7337
7337
7337
7337
7336
7336
7334
7334
7333
7331
7328
7328
7328
7327
7325
7324
7323
7322
7322
7319
7318
7315
7314
7314
7313
7312
7312
7309
7309
7309
7308
7307
7306
7305
7304
7303
7303
7302
7301
7300
7298
7297
7296
7295
7292
7292
7292
7292
7291
7291
7290
7290
7287
7286
7286
7283
7282
7281
7279
7277
7276
7276
7274
7274
7273
7272
7271
7270
7269
7267
7266
7266
7265
7263
7263
7263
7261
7259
7258
7258
7257
7257
7257
7256
7256
7254
7254
7253
7253
7253
7250
7249
7248
7247
7246
7245
7245
7245
7244
7241
7240
7238
7237
7236
7233
7231
7230
7228
7225
7224
7224
7223
7222
7222
7222
7221
7218
7217
7216
7215
7214
7213
7211
7210
7209
7208
7207
7205
7205
7203
7202
7202
7200
7199
7199
7199
7198
7197
7196
7196
7195
7194
7193
7192
7192
7191
7190
7190
7190
7189
7188
7188
7187
7186
7185
7184
7184
7183
7181
7179
7179
7177
7177
7175
7174
7171
7170
7168
7168
7168
7168
7167
7166
7165
7163
7163
7162
7162
7161
7159
7159
7159
7159
7158
7158
7157
7157
7156
7156
7153
7149
7148
7146
7144
7143
7143
7143
7142
7141
7140
7136
7136
7133
7133
7132
7132
7130
7128
7125
7125
7124
7123
7123
7123
7122
7119
7119
7119
7118
7115
7115
7114
7113
7113
7112
7110
7109
7107
7106
7104
7103
7103
7101
7098
7098
7098
7097
7094
7094
7094
7093
7092
7091
7091
7090
7090
7090
7089
7088
7087
7087
7084
7082
7082
7081
7081
7080
7080
7078
7077
7076
7074
7074
7073
7073
7072
7072
7070
7069
7068
7066
7066
7065
7065
7065
7064
7064
7063
7060
7058
7055
7055
7053
7053
7051
7050
7050
7047
7047
7046
7045
7040
7039
7038
7037
7035
7034
7034
7032
7030
7028
7027
7027
7027
7026
7026
7025
7024
7023
7023
7023
7023
7023
7022
7022
7019
7019
7017
7016
7015
7015
7013
7013
7012
7010
7010
7009
7008
7008
7007
7006
7004
7004
7003
7000
7000
7000
7000
6998
6997
6997
6996
6996
6994
6993
6992
6992
6992
6991
6990
6990
6988
6988
6987
6987
6987
6987
6985
6985
6984
6982
6981
6980
6979
6979
6978
6978
6977
6976
6975
6975
6974
6974
6974
6974
6973
6972
6971
6971
6970
6970
6969
6968
6968
6966
6965
6962
6962
6959
6959
6958
6956
6955
6954
6954
6953
6953
6950
6950
6949
6949
6949
6948
6948
6948
6948
6947
6946
6944
6944
6944
6943
6942
6938
6938
6937
6936
6933
6933
6933
6933
6933
6931
6929
6927
6925
6925
6925
6924
6922
6922
6922
6921
6921
6920
6919
6919
6918
6918
6916
6913
6911
6910
6908
6908
6906
6905
6903
6902
6902
6901
6899
6899
6898
6898
6897
6895
6893
6892
6891
6891
6890
6890
6889
6886
6886
6886
6886
6885
6885
6883
6883
6883
6883
6882
6882
6881
6881
6879
6878
6877
6876
6875
6874
6873
6871
6869
6868
6867
6867
6867
6867
6867
6864
6861
6859
6858
6858
6857
6857
6857
6856
6856
6854
6854
6853
6852
6851
6851
6848
6847
6843
6843
6841
6836
6833
6831
6829
6829
6828
6828
6828
6827
6825
6824
6819
6817
6817
6814
6811
6811
6811
6810
6810
6809
6807
6806
6806
6805
6804
6802
6801
6801
6799
6799
6799
6797
6796
6796
6796
6795
6792
6791
6788
6788
6788
6787
6786
6784
6784
6783
6783
6783
6781
6780
6779
6778
6778
6777
6775
6774
6774
6774
6773
6772
6771
6771
6770
6768
6767
6767
6766
6762
6761
6761
6759
6759
6757
6755
6755
6754
6750
6750
6748
6744
6743
6743
6743
6741
6741
6741
6740
6740
6739
6739
6738
6737
6737
6736
6736
6735
6735
6733
6733
6732
6730
6730
6727
6727
6726
6726
6726
6726
6724
6724
6722
6721
6721
6720
6720
6719
6717
6717
6716
6716
6716
6716
6715
6715
6715
6714
6712
6711
6708
6706
6706
6703
6703
6703
6702
6701
6699
6699
6699
6697
6697
6696
6693
6693
6692
6692
6691
6690
6690
6689
6688
6688
6687
6686
6686
6684
6683
6682
6678
6678
6677
6677
6677
6676
6676
6675
6675
6675
6674
6674
6672
6670
6670
6669
6669
6668
6666
6664
6664
6664
6664
6663
6663
6660
6660
6658
6654
6654
6654
6654
6653
6652
6650
6649
6646
6646
6644
6643
6643
6640
6639
6635
6635
6634
6634
6630
6624
6623
6623
6621
6620
6619
6618
6617
6617
6615
6612
6611
6610
6609
6609
6608
6607
6606
6606
6604
6604
6603
6601
6600
6600
6599
6598
6597
6595
6595
6594
6594
6593
6593
6592
6591
6591
6584
6584
6584
6584
6582
6582
6581
6581
6581
6580
6575
6574
6574
6571
6571
6568
6568
6565
6564
6563
6562
6562
6562
6557
6556
6554
6553
6551
6549
6549
6548
6547
6545
6540
6540
6539
6539
6539
6538
6537
6536
6535
6535
6535
6534
6534
6534
6533
6533
6532
6530
6530
6529
6529
6528
6527
6527
6525
6525
6524
6522
6521
6520
6520
6519
6519
6519
6519
6518
6518
6518
6518
6516
6515
6515
6513
6512
6512
6512
6510
6510
6509
6509
6508
6508
6508
6506
6506
6504
6503
6500
6500
6500
6499
6499
6499
6498
6497
6496
6496
6495
6495
6494
6492
6491
6491
6491
6489
6487
6487
6485
6485
6485
6485
6481
6480
6479
6477
6476
6476
6475
6473
6473
6471
6471
6469
6469
6465
6465
6464
6463
6463
6463
6459
6457
6457
6456
6454
6453
6453
6453
6451
6451
6451
6450
6450
6448
6447
6446
6444
6444
6444
6443
6443
6442
6441
6440
6440
6435
6433
6433
6433
6432
6431
6428
6428
6427
6423
6422
6422
6422
6419
6419
6418
6417
6416
6415
6414
6411
6411
6409
6408
6405
6403
6402
6402
6401
6400
6400
6399
6399
6398
6397
6395
6395
6394
6394
6394
6393
6391
6390
6390
6389
6389
6388
6387
6387
6387
6387
6386
6386
6385
6385
6384
6383
6382
6381
6379
6378
6378
6377
6376
6376
6375
6374
6374
6374
6370
6368
6366
6364
6363
6360
6360
6360
6359
6356
6354
6353
6352
6350
6349
6348
6346
6346
6346
6341
6339
6339
6339
6338
6338
6336
6332
6331
6330
6327
6326
6325
6320
6319
6319
6318
6318
6316
6316
6316
6314
6314
6313
6311
6310
6310
6305
6304
6303
6302
6300
6298
6298
6298
6296
6295
6294
6294
6293
6291
6290
6290
6286
6285
6285
6285
6284
6283
6283
6282
6282
6281
6281
6280
6279
6279
6277
6274
6274
6274
6273
6272
6272
6271
6271
6271
6270
6270
6270
6269
6268
6264
6264
6264
6261
6260
6259
6258
6258
6257
6256
6256
6256
6253
6251
6249
6247
6244
6243
6242
6241
6240
6240
6240
6239
6239
6238
6237
6237
6235
6234
6234
6234
6233
6232
6232
6232
6231
6230
6228
6225
6223
6222
6221
6220
6220
6219
6219
6219
6218
6217
6217
6217
6217
6212
6210
6207
6207
6207
6207
6206
6206
6202
6202
6200
6196
6191
6191
6189
6189
6189
6188
6187
6186
6185
6185
6181
6180
6179
6179
6178
6178
6177
6177
6176
6176
6174
6172
6171
6170
6170
6170
6168
6168
6168
6167
6166
6165
6163
6162
6162
6161
6161
6160
6159
6158
6155
6154
6154
6151
6151
6150
6150
6148
6148
6147
6147
6147
6146
6145
6145
6145
6144
6144
6143
6141
6138
6137
6137
6134
6133
6131
6130
6129
6128
6126
6126
6126
6123
6123
6119
6117
6117
6116
6115
6115
6114
6113
6112
6111
6109
6107
6107
6107
6107
6106
6105
6105
6105
6104
6103
6103
6102
6102
6101
6100
6099
6098
6098
6097
6093
6092
6092
6092
6092
6091
6090
6089
6088
6087
6086
6086
6082
6081
6080
6077
6076
6075
6075
6072
6072
6072
6072
6071
6071
6069
6069
6069
6066
6066
6066
6065
6065
6064
6063
6061
6061
6060
6060
6059
6059
6059
6058
6056
6055
6051
6051
6049
6049
6048
6045
6044
6041
6041
6039
6034
6034
6033
6031
6031
6031
6028
6028
6027
6026
6026
6025
6021
6018
6017
6016
6016
6014
6014
6014
6014
6011
6009
6009
6006
6001
5998
5995
5995
5994
5993
5992
5991
5990
5990
5988
5987
5987
5986
5985
5984
5982
5982
5981
5980
5979
5978
5977
5977
5977
5977
5977
5977
5977
5976
5976
5976
5976
5974
5974
5973
5973
5970
5969
5968
5967
5965
5963
5963
5961
5961
5958
5957
5957
5956
5955
5954
5953
5952
5952
5951
5950
5950
5950
5949
5949
5948
5947
5947
5946
5945
5945
5942
5941
5938
5937
5937
5937
5936
5935
5932
5932
5929
5929
5928
5928
5926
5925
5923
5923
5923
5923
5923
5921
5921
5921
5921
5920
5919
5918
5916
5914
5914
5913
5913
5913
5913
5912
5909
5909
5908
5906
5905
5904
5904
5903
5903
5901
5899
5899
5898
5897
5896
5896
5895
5893
5892
5890
5889
5889
5889
5887
5886
5885
5883
5880
5877
5877
5873
5873
5873
5871
5870
5868
5866
5865
5865
5864
5863
5860
5858
5858
5857
5857
5856
5853
5848
5848
5847
5846
5845
5844
5841
5839
5839
5838
5838
5837
5836
5835
5835
5833
5833
5832
5832
5832
5832
5832
5830
5830
5830
5826
5826
5822
5821
5820
5820
5819
5818
5818
5817
5815
5813
5812
5812
5811
5809
5808
5808
5807
5806
5806
5804
5803
5800
5800
5800
5799
5798
5797
5796
5796
5796
5793
5792
5791
5790
5790
5789
5789
5788
5787
5786
5786
5782
5781
5778
5777
5776
5774
5773
5772
5772
5771
5769
5769
5768
5767
5765
5764
5764
5761
5760
5759
5759
5758
5757
5757
5756
5756
5755
5755
5755
5754
5753
5753
5753
5752
5752
5751
5748
5747
5744
5740
5736
5734
5730
5730
5729
5728
5728
5728
5728
5727
5724
5724
5722
5722
5722
5720
5720
5719
5719
5717
5716
5714
5713
5712
5712
5710
5709
5709
5708
5708
5707
5707
5701
5700
5699
5699
5696
5696
5695
5695
5694
5691
5691
5691
5690
5689
5689
5689
5687
5686
5686
5686
5685
5685
5684
5684
5683
5683
5681
5681
5680
5679
5679
5678
5678
5678
5677
5676
5675
5675
5674
5673
5673
5672
5672
5671
5669
5667
5667
5664
5663
5662
5661
5661
5660
5660
5659
5658
5658
5657
5657
5657
5655
5655
5654
5654
5653
5651
5651
5650
5649
5649
5648
5648
5648
5647
5646
5642
5640
5640
5639
5638
5637
5637
5636
5634
5634
5633
5632
5630
5628
5626
5626
5625
5622
5619
5618
5616
5615
5615
5614
5614
5613
5613
5613
5612
5612
5612
5611
5610
5609
5603
5603
5603
5601
5601
5601
5601
5600
5600
5599
5598
5598
5597
5596
5596
5595
5594
5594
5591
5591
5589
5587
5584
5583
5583
5583
5580
5579
5578
5576
5575
5574
5574
5573
5568
5568
5568
5565
5565
5562
5561
5561
5560
5560
5559
5558
5557
5555
5555
5555
5554
5553
5553
5552
5551
5551
5548
5547
5547
5546
5545
5545
5542
5542
5541
5539
5539
5538
5537
5536
5534
5533
5533
5532
5530
5530
5529
5529
5529
5528
5528
5528
5526
5526
5524
5524
5522
5514
5512
5512
5512
5511
5511
5510
5510
5508
5506
5505
5504
5504
5503
5503
5500
5500
5499
5498
5498
5496
5494
5493
5492
5491
5490
5490
5490
5488
5488
5487
5485
5484
5484
5484
5484
5483
5483
5483
5478
5475
5474
5474
5473
5470
5469
5468
5466
5465
5465
5464
5462
5462
5462
5461
5460
5458
5458
5458
5454
5453
5453
5452
5452
5452
5451
5450
5449
5449
5448
5447
5446
5446
5445
5444
5443
5443
5442
5442
5441
5441
5439
5439
5438
5437
5436
5435
5435
5434
5431
5429
5428
5428
5422
5420
5420
5419
5419
5417
5417
5414
5413
5412
5411
5410
5409
5409
5408
5408
5408
5407
5406
5404
5404
5402
5398
5398
5398
5397
5397
5397
5396
5395
5394
5393
5393
5388
5387
5386
5384
5383
5383
5382
5382
5381
5379
5379
5375
5374
5372
5370
5370
5369
5369
5369
5369
5368
5366
5364
5364
5363
5363
5363
5363
5363
5360
5359
5359
5359
5356
5356
5355
5354
5353
5351
5351
5350
5350
5348
5348
5347
5347
5347
5347
5346
5345
5344
5344
5339
5339
5337
5335
5333
5333
5332
5330
5329
5329
5328
5328
5327
5327
5326
5326
5325
5323
5323
5323
5321
5321
5320
5319
5317
5317
5316
5315
5314
5313
5313
5311
5311
5311
5311
5311
5311
5309
5309
5308
5308
5308
5306
5305
5305
5304
5302
5301
5301
5298
5298
5296
5296
5296
5295
5292
5289
5288
5287
5286
5286
5284
5283
5283
5282
5282
5281
5280
5277
5276
5273
5273
5272
5269
5266
5264
5264
5262
5261
5260
5254
5253
5253
5251
5251
5251
5246
5246
5244
5243
5243
5241
5240
5240
5238
5238
5235
5235
5235
5233
5232
5230
5229
5228
5227
5226
5224
5223
5222
5220
5219
5218
5217
5215
5215
5214
5214
5213
5212
5211
5211
5211
5211
5209
5209
5207
5206
5206
5206
5201
5201
5200
5199
5199
5197
5195
5195
5195
5194
5193
5191
5189
5187
5187
5186
5185
5184
5184
5184
5183
5183
5183
5183
5182
5182
5179
5177
5176
5175
5175
5173
5171
5170
5170
5167
5167
5166
5166
5165
5165
5164
5164
5163
5163
5162
5157
5155
5153
5153
5153
5152
5152
5152
5149
5140
5138
5138
5137
5136
5135
5135
5132
5132
5127
5127
5127
5126
5124
5122
5119
5119
5116
5115
5113
5113
5112
5108
5108
5107
5107
5107
5106
5106
5104
5103
5102
5102
5101
5100
5099
5096
5096
5095
5095
5095
5095
5094
5094
5094
5092
5092
5091
5091
5091
5087
5086
5085
5085
5083
5082
5082
5081
5081
5076
5076
5074
5074
5074
5073
5073
5072
5072
5072
5071
5070
5070
5069
5067
5066
5066
5065
5063
5062
5060
5060
5058
5057
5057
5056
5055
5054
5052
5052
5052
5052
5050
5050
5050
5050
5048
5044
5044
5044
5043
5043
5042
5042
5042
5039
5039
5039
5039
5039
5036
5036
5036
5036
5035
5034
5033
5033
5032
5031
5031
5030
5029
5028
5027
5027
5025
5024
5024
5023
5020
5018
5015
5014
5013
5013
5013
5010
5010
5006
5006
5006
5005
5004
5004
5003
5002
5001
5001
4999
4995
4994
4994
4994
4993
4993
4990
4990
4988
4987
4986
4985
4984
4980
4979
4978
4977
4976
4976
4975
4974
4969
4968
4968
4968
4967
4965
4965
4964
4964
4961
4960
4960
4959
4958
4957
4957
4955
4954
4953
4952
4951
4951
4951
4950
4948
4947
4947
4946
4944
4943
4943
4940
4940
4938
4938
4937
4937
4937
4937
4937
4936
4935
4935
4930
4929
4927
4927
4927
4927
4925
4924
4923
4921
4916
4914
4913
4912
4912
4912
4911
4910
4906
4905
4905
4904
4901
4899
4896
4896
4895
4895
4889
4889
4888
4887
4887
4886
4886
4886
4884
4882
4881
4881
4880
4880
4880
4879
4879
4878
4878
4877
4877
4877
4876
4876
4875
4875
4873
4873
4870
4869
4869
4869
4867
4866
4866
4866
4864
4864
4862
4859
4858
4857
4856
4855
4852
4852
4852
4851
4850
4849
4848
4847
4845
4844
4843
4841
4841
4840
4839
4838
4838
4837
4835
4834
4833
4830
4829
4829
4826
4826
4823
4822
4822
4822
4822
4821
4818
4816
4815
4814
4814
4814
4810
4810
4808
4808
4808
4807
4806
4805
4805
4805
4805
4804
4803
4802
4802
4801
4801
4800
4800
4797
4797
4795
4794
4792
4791
4791
4789
4789
4788
4788
4787
4785
4783
4782
4782
4782
4780
4778
4777
4776
4776
4776
4776
4775
4775
4775
4772
4769
4768
4767
4766
4766
4766
4765
4760
4760
4759
4756
4756
4755
4755
4753
4752
4751
4751
4749
4748
4748
4747
4744
4744
4744
4743
4742
4742
4741
4738
4738
4737
4737
4737
4735
4735
4729
4729
4728
4725
4724
4722
4720
4720
4719
4719
4718
4718
4718
4718
4715
4715
4714
4714
4712
4712
4710
4710
4709
4709
4709
4709
4708
4708
4708
4707
4706
4706
4705
4703
4701
4701
4701
4698
4698
4697
4696
4694
4693
4692
4692
4691
4691
4684
4684
4684
4683
4683
4681
4681
4677
4676
4672
4672
4670
4670
4669
4669
4668
4667
4667
4666
4666
4665
4663
4663
4663
4662
4661
4660
4660
4658
4655
4655
4652
4652
4652
4651
4651
4650
4650
4649
4646
4646
4645
4645
4643
4642
4641
4641
4641
4639
4636
4635
4635
4634
4632
4630
4629
4629
4628
4627
4627
4626
4625
4624
4623
4622
4622
4620
4619
4618
4615
4612
4611
4610
4609
4608
4607
4607
4606
4604
4602
4598
4597
4595
4595
4594
4594
4593
4592
4590
4589
4588
4587
4585
4585
4584
4584
4581
4580
4580
4579
4576
4576
4575
4574
4574
4569
4568
4566
4564
4563
4561
4560
4559
4556
4556
4555
4554
4551
4551
4549
4549
4549
4547
4547
4547
4546
4545
4543
4543
4541
4540
4538
4538
4536
4535
4535
4534
4534
4533
4532
4530
4530
4529
4527
4527
4526
4524
4524
4523
4523
4522
4521
4518
4516
4516
4514
4514
4514
4511
4511
4511
4511
4510
4509
4508
4507
4506
4505
4504
4503
4501
4500
4500
4499
4498
4496
4496
4495
4495
4494
4494
4494
4493
4493
4490
4487
4487
4487
4486
4486
4486
4484
4483
4482
4481
4480
4480
4477
4477
4476
4475
4475
4474
4474
4473
4472
4467
4467
4466
4466
4465
4461
4460
4459
4457
4456
4454
4453
4453
4452
4450
4450
4448
4447
4447
4446
4446
4445
4444
4444
4443
4442
4442
4442
4441
4440
4440
4440
4440
4439
4438
4436
4435
4434
4432
4432
4431
4429
4427
4427
4426
4424
4423
4423
4417
4416
4413
4413
4413
4411
4410
4409
4408
4407
4405
4405
4405
4402
4401
4401
4400
4399
4399
4398
4396
4396
4394
4393
4391
4390
4389
4389
4389
4389
4388
4387
4386
4386
4385
4385
4381
4381
4380
4379
4378
4378
4376
4376
4375
4375
4375
4374
4374
4374
4373
4371
4371
4371
4370
4370
4369
4369
4366
4363
4363
4362
4362
4362
4360
4360
4359
4357
4356
4355
4353
4353
4352
4351
4350
4350
4349
4347
4347
4347
4347
4346
4346
4345
4345
4345
4344
4343
4343
4342
4341
4341
4340
4337
4337
4336
4335
4335
4334
4333
4331
4330
4330
4330
4327
4326
4324
4322
4322
4318
4316
4315
4315
4314
4314
4313
4313
4312
4312
4309
4307
4307
4306
4306
4305
4303
4303
4302
4301
4300
4299
4297
4294
4294
4291
4289
4289
4288
4288
4287
4286
4285
4284
4284
4284
4283
4283
4282
4282
4279
4279
4278
4277
4276
4274
4274
4274
4273
4271
4271
4271
4270
4268
4268
4263
4262
4262
4262
4261
4260
4259
4259
4258
4257
4257
4256
4255
4255
4254
4253
4253
4251
4249
4247
4247
4247
4247
4246
4246
4245
4244
4244
4243
4240
4240
4237
4233
4232
4232
4231
4229
4227
4221
4220
4219
4218
4214
4214
4214
4211
4210
4208
4208
4208
4207
4207
4206
4206
4205
4205
4202
4200
4199
4198
4198
4198
4197
4197
4195
4194
4193
4192
4190
4190
4190
4189
4188
4187
4187
4185
4184
4183
4183
4182
4181
4178
4177
4176
4176
4175
4172
4172
4170
4170
4169
4168
4165
4164
4164
4163
4162
4162
4160
4160
4158
4158
4157
4157
4157
4156
4156
4156
4156
4154
4152
4151
4151
4151
4150
4150
4150
4147
4146
4146
4146
4145
4145
4144
4144
4142
4141
4140
4138
4137
4137
4135
4134
4130
4130
4130
4129
4129
4128
4128
4128
4126
4125
4125
4125
4124
4124
4124
4123
4123
4123
4121
4120
4119
4119
4114
4113
4112
4112
4110
4110
4109
4107
4107
4107
4107
4105
4105
4105
4104
4104
4104
4102
4102
4101
4101
4097
4097
4096
4093
4092
4090
4090
4090
4089
4088
4086
4084
4084
4081
4080
4080
4080
4079
4079
4079
4079
4079
4079
4078
4077
4077
4077
4077
4076
4071
4070
4067
4066
4066
4066
4065
4065
4065
4062
4061
4060
4059
4059
4058
4058
4057
4056
4056
4053
4053
4053
4052
4050
4050
4050
4047
4047
4046
4041
4040
4040
4036
4030
4030
4028
4027
4027
4027
4020
4020
4019
4019
4018
4016
4015
4015
4015
4014
4012
4012
4011
4011
4010
4010
4008
4007
4006
4005
4002
4001
4000
3999
3997
3997
3996
3996
3995
3995
3995
3994
3990
3989
3987
3986
3982
3982
3981
3981
3980
3979
3976
3975
3973
3972
3972
3972
3972
3971
3970
3969
3969
3968
3968
3968
3967
3964
3964
3964
3964
3962
3962
3962
3961
3961
3961
3959
3959
3959
3958
3957
3957
3956
3955
3955
3954
3954
3953
3953
3953
3953
3952
3951
3951
3950
3948
3945
3945
3945
3944
3944
3942
3941
3940
3937
3937
3937
3935
3934
3933
3932
3931
3931
3930
3930
3930
3928
3927
3926
3925
3924
3922
3922
3922
3920
3918
3913
3912
3911
3909
3908
3906
3906
3905
3905
3904
3903
3902
3900
3900
3900
3899
3898
3898
3898
3895
3895
3894
3894
3893
3893
3892
3892
3891
3891
3891
3891
3891
3885
3883
3882
3882
3882
3881
3881
3880
3876
3875
3875
3873
3872
3872
3870
3870
3869
3867
3867
3866
3864
3864
3863
3863
3862
3860
3860
3855
3853
3853
3852
3850
3848
3847
3846
3846
3846
3845
3842
3841
3840
3838
3838
3838
3838
3835
3834
3833
3832
3832
3832
3831
3829
3829
3829
3827
3824
3823
3822
3821
3819
3818
3818
3817
3816
3816
3816
3816
3815
3814
3812
3810
3809
3809
3806
3802
3801
3800
3799
3799
3796
3796
3796
3795
3795
3795
3795
3794
3793
3791
3790
3789
3788
3787
3787
3786
3785
3784
3783
3783
3781
3778
3777
3777
3776
3774
3773
3772
3772
3771
3771
3771
3769
3768
3766
3764
3763
3762
3760
3758
3757
3755
3754
3754
3753
3752
3750
3750
3749
3749
3748
3748
3740
3740
3736
3731
3731
3729
3729
3727
3727
3727
3727
3726
3725
3725
3724
3722
3721
3721
3721
3721
3720
3720
3720
3718
3717
3716
3716
3714
3711
3709
3709
3705
3704
3704
3703
3700
3700
3699
3698
3695
3695
3691
3691
3687
3687
3686
3686
3685
3685
3685
3684
3681
3680
3680
3678
3674
3673
3673
3670
3668
3668
3667
3666
3665
3665
3665
3664
3662
3662
3661
3661
3661
3660
3659
3659
3658
3656
3655
3655
3652
3652
3651
3651
3650
3647
3647
3646
3643
3643
3641
3640
3640
3639
3639
3637
3635
3634
3634
3633
3632
3632
3630
3630
3629
3626
3623
3622
3619
3619
3618
3615
3615
3614
3614
3613
3611
3611
3611
3611
3610
3610
3609
3608
3606
3605
3604
3603
3602
3602
3602
3601
3601
3600
3599
3599
3599
3597
3597
3596
3595
3593
3593
3593
3590
3589
3586
3586
3584
3580
3580
3578
3577
3577
3577
3576
3574
3573
3572
3572
3572
3570
3565
3565
3564
3564
3561
3561
3560
3560
3559
3558
3557
3557
3557
3556
3555
3554
3554
3551
3550
3548
3547
3543
3541
3538
3538
3537
3537
3537
3536
3532
3532
3531
3530
3528
3528
3528
3526
3524
3524
3524
3524
3524
3523
3523
3520
3520
3518
3517
3517
3516
3515
3515
3514
3514
3513
3513
3512
3512
3512
3511
3511
3510
3510
3509
3509
3508
3508
3507
3507
3504
3503
3501
3501
3500
3499
3499
3498
3498
3497
3497
3495
3494
3494
3494
3492
3492
3490
3489
3489
3489
3487
3486
3486
3486
3486
3486
3485
3483
3482
3481
3481
3479
3479
3478
3477
3477
3477
3476
3476
3476
3475
3474
3474
3473
3473
3472
3472
3472
3469
3469
3468
3467
3466
3464
3461
3460
3460
3460
3459
3458
3458
3457
3457
3456
3455
3454
3454
3449
3445
3445
3445
3444
3443
3442
3441
3441
3440
3440
3439
3438
3437
3435
3432
3432
3431
3430
3428
3428
3426
3426
3422
3421
3421
3420
3420
3419
3416
3415
3415
3413
3412
3411
3410
3410
3410
3410
3408
3408
3406
3405
3405
3404
3402
3401
3398
3397
3396
3394
3392
3390
3390
3390
3388
3387
3387
3386
3384
3384
3383
3382
3382
3382
3382
3381
3381
3381
3379
3377
3377
3376
3375
3374
3373
3370
3370
3368
3367
3367
3367
3366
3366
3366
3364
3364
3363
3363
3362
3361
3361
3361
3361
3361
3360
3359
3358
3358
3358
3358
3355
3355
3354
3353
3353
3352
3352
3351
3350
3350
3348
3347
3346
3345
3341
3341
3340
3340
3338
3337
3334
3334
3333
3331
3331
3330
3330
3330
3328
3326
3324
3323
3321
3320
3319
3318
3317
3316
3313
3313
3312
3311
3310
3309
3309
3309
3306
3304
3303
3299
3298
3297
3297
3296
3295
3294
3294
3293
3293
3293
3293
3292
3292
3291
3291
3289
3289
3286
3284
3281
3281
3281
3280
3280
3280
3279
3278
3278
3276
3276
3275
3274
3273
3271
3271
3271
3270
3270
3270
3269
3269
3268
3267
3267
3264
3264
3262
3260
3259
3259
3257
3257
3256
3255
3254
3254
3253
3253
3250
3250
3249
3249
3246
3246
3243
3243
3242
3241
3241
3239
3239
3239
3239
3237
3237
3236
3236
3234
3230
3230
3230
3230
3229
3229
3227
3221
3221
3221
3220
3220
3219
3218
3218
3217
3216
3214
3213
3212
3212
3211
3211
3211
3210
3210
3207
3205
3205
3205
3205
3204
3203
3201
3199
3198
3194
3194
3194
3193
3193
3193
3192
3192
3191
3190
3190
3189
3188
3188
3187
3186
3185
3184
3183
3181
3181
3180
3178
3178
3178
3176
3176
3176
3175
3174
3174
3173
3172
3172
3171
3168
3167
3166
3164
3163
3163
3163
3162
3161
3159
3159
3158
3158
3157
3156
3154
3152
3151
3150
3149
3149
3148
3148
3148
3147
3147
3147
3146
3146
3145
3142
3142
3140
3140
3139
3139
3138
3138
3137
3136
3133
3130
3128
3128
3127
3127
3125
3123
3123
3122
3119
3118
3118
3118
3118
3117
3116
3116
3116
3116
3115
3113
3113
3113
3113
3113
3110
3110
3109
3108
3107
3105
3104
3104
3103
3102
3102
3101
3099
3098
3098
3097
3097
3093
3091
3090
3089
3089
3087
3087
3087
3086
3086
3085
3085
3084
3083
3082
3082
3082
3080
3079
3079
3079
3078
3078
3077
3076
3076
3076
3075
3075
3074
3074
3074
3073
3073
3072
3071
3070
3070
3070
3069
3069
3069
3068
3067
3067
3067
3066
3066
3064
3064
3063
3061
3059
3056
3056
3055
3054
3052
3052
3051
3051
3051
3050
3049
3043
3042
3041
3040
3040
3039
3035
3035
3034
3034
3033
3032
3032
3032
3031
3031
3031
3031
3031
3031
3029
3029
3028
3027
3026
3020
3020
3020
3018
3016
3014
3011
3011
3009
3007
3006
3006
3006
3005
3004
3004
3003
3003
3002
3000
2998
2997
2997
2997
2997
2996
2994
2993
2993
2990
2990
2987
2986
2984
2984
2984
2981
2979
2977
2974
2973
2972
2970
2966
2964
2962
2962
2962
2961
2960
2959
2958
2958
2957
2956
2953
2953
2953
2952
2951
2948
2947
2947
2946
2944
2943
2942
2942
2942
2941
2940
2939
2937
2937
2934
2932
2932
2929
2929
2926
2925
2925
2924
2923
2923
2923
2922
2922
2919
2918
2918
2917
2915
2914
2912
2911
2911
2911
2909
2909
2908
2906
2905
2903
2903
2901
2898
2897
2897
2897
2895
2895
2895
2890
2889
2888
2886
2884
2883
2880
2878
2877
2877
2876
2876
2876
2875
2873
2871
2870
2867
2866
2862
2862
2861
2859
2859
2857
2857
2857
2856
2856
2856
2855
2855
2854
2854
2852
2852
2850
2848
2848
2848
2845
2845
2845
2845
2844
2843
2842
2842
2841
2841
2840
2840
2840
2840
2839
2838
2838
2838
2837
2836
2835
2833
2833
2832
2832
2832
2831
2831
2830
2828
2828
2828
2828
2827
2827
2826
2825
2825
2824
2820
2820
2819
2816
2816
2815
2813
2810
2808
2807
2807
2806
2806
2803
2802
2802
2802
2797
2797
2796
2796
2795
2795
2793
2792
2792
2791
2791
2791
2789
2789
2788
2786
2786
2785
2784
2781
2781
2780
2779
2779
2779
2777
2776
2776
2776
2774
2774
2772
2772
2771
2768
2768
2768
2767
2766
2765
2762
2760
2760
2760
2758
2753
2753
2753
2752
2751
2751
2750
2750
2749
2749
2747
2746
2745
2744
2743
2740
2739
2739
2739
2738
2738
2738
2736
2736
2735
2735
2733
2730
2729
2727
2725
2724
2723
2723
2722
2721
2721
2719
2719
2719
2718
2718
2718
2718
2717
2717
2717
2716
2714
2714
2713
2711
2710
2709
2709
2708
2706
2705
2705
2703
2703
2702
2701
2700
2699
2698
2697
2695
2694
2694
2693
2690
2690
2689
2689
2684
2682
2681
2680
2680
2679
2679
2678
2678
2678
2677
2676
2676
2674
2672
2672
2671
2667
2666
2666
2664
2664
2663
2662
2661
2660
2659
2657
2657
2656
2656
2653
2650
2648
2647
2647
2646
2646
2644
2643
2642
2641
2640
2638
2638
2638
2637
2636
2635
2628
2625
2624
2623
2621
2621
2615
2615
2615
2615
2611
2609
2609
2609
2608
2607
2607
2605
2604
2602
2601
2601
2599
2599
2598
2598
2598
2595
2595
2594
2592
2592
2591
2591
2590
2589
2589
2589
2588
2587
2587
2586
2586
2585
2583
2583
2582
2582
2581
2580
2580
2579
2578
2578
2574
2573
2573
2572
2571
2570
2569
2568
2568
2567
2566
2566
2565
2565
2565
2564
2563
2563
2562
2560
2559
2558
2558
2555
2554
2554
2550
2547
2546
2546
2545
2543
2542
2542
2542
2541
2541
2540
2539
2538
2537
2537
2537
2537
2536
2536
2536
2536
2533
2532
2529
2526
2526
2523
2522
2522
2521
2520
2519
2519
2518
2515
2515
2514
2513
2512
2508
2506
2506
2506
2504
2504
2502
2501
2501
2499
2499
2498
2497
2496
2495
2495
2495
2495
2493
2491
2490
2489
2489
2489
2488
2487
2486
2486
2484
2483
2483
2482
2481
2481
2480
2478
2477
2476
2475
2473
2472
2470
2467
2466
2466
2466
2464
2464
2463
2463
2462
2462
2461
2460
2460
2460
2457
2456
2456
2454
2454
2450
2449
2447
2446
2446
2444
2442
2442
2441
2440
2439
2439
2438
2438
2437
2436
2436
2436
2436
2435
2435
2435
2434
2432
2431
2431
2431
2429
2429
2429
2428
2424
2424
2423
2423
2423
2422
2422
2420
2419
2418
2418
2417
2416
2416
2414
2414
2414
2414
2413
2412
2411
2411
2409
2409
2408
2407
2406
2406
2405
2405
2404
2403
2402
2402
2401
2400
2398
2396
2395
2394
2393
2393
2392
2391
2391
2391
2391
2390
2389
2389
2388
2387
2387
2387
2387
2387
2386
2385
2383
2381
2380
2379
2378
2376
2376
2374
2374
2374
2373
2370
2370
2369
2368
2368
2367
2366
2364
2363
2362
2361
2360
2360
2359
2358
2354
2354
2352
2352
2351
2351
2350
2350
2347
2347
2347
2345
2344
2344
2343
2343
2343
2342
2338
2336
2332
2330
2330
2329
2329
2329
2325
2325
2325
2324
2324
2323
2323
2322
2322
2321
2320
2320
2320
2319
2318
2317
2317
2317
2316
2316
2314
2312
2311
2310
2309
2309
2309
2308
2308
2308
2301
2300
2300
2299
2299
2298
2298
2297
2296
2296
2296
2294
2294
2292
2291
2291
2291
2289
2289
2283
2281
2281
2280
2280
2280
2279
2279
2279
2279
2279
2277
2276
2275
2273
2272
2271
2270
2268
2267
2267
2266
2266
2266
2266
2264
2264
2262
2262
2259
2255
2254
2254
2254
2254
2253
2252
2251
2251
2250
2249
2248
2248
2247
2247
2245
2243
2241
2241
2241
2240
2239
2234
2232
2231
2230
2228
2224
2223
2223
2222
2222
2221
2221
2220
2220
2219
2218
2217
2217
2217
2217
2217
2215
2214
2214
2213
2213
2210
2210
2209
2209
2207
2206
2206
2206
2205
2205
2204
2203
2202
2202
2201
2197
2196
2195
2194
2191
2191
2190
2190
2188
2186
2185
2184
2184
2183
2182
2182
2180
2176
2175
2174
2170
2170
2168
2167
2166
2166
2165
2164
2163
2161
2161
2159
2159
2158
2158
2158
2156
2154
2154
2154
2153
2153
2153
2152
2151
2150
2149
2149
2148
2145
2144
2144
2143
2142
2142
2142
2141
2141
2140
2139
2139
2139
2138
2137
2136
2135
2134
2133
2133
2132
2132
2128
2128
2127
2127
2126
2125
2124
2124
2123
2120
2118
2115
2114
2114
2114
2113
2111
2110
2108
2107
2106
2106
2106
2105
2101
2101
2101
2101
2100
2099
2098
2097
2095
2092
2085
2083
2081
2079
2078
2076
2075
2073
2072
2071
2070
2069
2069
2069
2068
2066
2066
2063
2063
2061
2060
2060
2060
2060
2059
2056
2056
2053
2051
2050
2050
2049
2048
2048
2048
2044
2044
2044
2043
2042
2039
2038
2036
2035
2035
2034
2030
2029
2026
2026
2025
2024
2024
2023
2023
2023
2023
2023
2021
2021
2021
2020
2019
2017
2016
2016
2015
2014
2012
2011
2011
2010
2008
2007
2007
2006
2005
2005
2004
2002
2002
2001
1999
1999
1999
1998
1998
1998
1997
1997
1996
1995
1994
1993
1992
1988
1988
1988
1987
1987
1982
1982
1981
1981
1981
1980
1979
1979
1978
1977
1976
1974
1973
1972
1971
1971
1970
1969
1969
1968
1965
1965
1961
1959
1958
1954
1952
1951
1948
1946
1944
1942
1941
1941
1940
1939
1936
1936
1936
1934
1933
1933
1932
1931
1931
1930
1927
1927
1926
1924
1923
1920
1919
1919
1918
1917
1917
1917
1916
1916
1915
1913
1912
1911
1910
1908
1906
1905
1902
1902
1901
1901
1899
1897
1895
1895
1891
1890
1889
1888
1888
1888
1883
1882
1881
1881
1880
1880
1879
1879
1879
1877
1877
1875
1875
1874
1872
1870
1868
1868
1866
1866
1863
1863
1862
1862
1861
1860
1859
1858
1857
1855
1855
1855
1853
1852
1851
1850
1848
1848
1846
1842
1840
1838
1838
1837
1837
1836
1836
1833
1833
1828
1826
1825
1824
1824
1823
1822
1821
1820
1820
1819
1817
1817
1812
1812
1812
1811
1809
1809
1809
1808
1807
1807
1807
1803
1802
1802
1801
1801
1800
1799
1796
1795
1794
1794
1792
1791
1790
1790
1789
1788
1788
1787
1786
1784
1784
1783
1782
1782
1782
1780
1779
1778
1777
1776
1775
1773
1771
1770
1770
1768
1767
1767
1767
1766
1766
1764
1763
1763
1759
1759
1758
1757
1754
1754
1752
1750
1749
1748
1748
1747
1747
1747
1747
1745
1744
1744
1744
1743
1743
1741
1740
1740
1736
1735
1733
1733
1730
1729
1729
1726
1726
1726
1725
1724
1724
1724
1723
1721
1719
1715
1715
1715
1714
1714
1713
1711
1711
1710
1709
1707
1707
1706
1705
1705
1705
1703
1702
1702
1701
1701
1700
1699
1699
1699
1696
1696
1695
1694
1692
1690
1690
1690
1689
1689
1689
1685
1684
1683
1683
1683
1682
1682
1682
1681
1681
1678
1676
1671
1671
1670
1670
1670
1670
1669
1669
1668
1668
1666
1665
1663
1661
1661
1658
1657
1657
1656
1655
1652
1651
1651
1649
1648
1647
1647
1646
1644
1642
1642
1640
1638
1638
1637
1636
1636
1634
1634
1633
1633
1632
1632
1632
1632
1631
1631
1631
1631
1630
1628
1628
1628
1628
1627
1626
1623
1623
1621
1621
1621
1619
1617
1617
1615
1614
1613
1613
1612
1609
1609
1609
1609
1609
1608
1607
1604
1603
1603
1602
1599
1599
1598
1598
1597
1597
1594
1593
1592
1592
1591
1590
1585
1584
1583
1583
1583
1582
1581
1581
1580
1576
1576
1575
1575
1573
1573
1572
1571
1571
1571
1567
1567
1566
1565
1563
1561
1561
1561
1559
1556
1555
1553
1552
1552
1552
1551
1549
1548
1547
1545
1541
1541
1540
1540
1538
1537
1535
1534
1533
1532
1532
1531
1529
1528
1524
1522
1521
1521
1520
1519
1519
1518
1517
1517
1516
1515
1513
1512
1512
1512
1510
1509
1508
1508
1507
1507
1504
1504
1504
1502
1502
1502
1501
1500
1498
1497
1495
1494
1494
1493
1493
1492
1490
1488
1488
1488
1488
1487
1486
1485
1481
1481
1480
1480
1479
1479
1478
1478
1477
1474
1473
1471
1470
1469
1468
1465
1465
1463
1463
1462
1461
1460
1460
1457
1454
1453
1452
1452
1449
1447
1446
1446
1444
1444
1444
1443
1443
1443
1443
1441
1440
1437
1435
1434
1433
1432
1429
1428
1428
1427
1427
1426
1425
1425
1424
1424
1423
1423
1423
1422
1421
1418
1418
1414
1412
1412
1411
1409
1409
1408
1408
1406
1406
1405
1405
1404
1402
1400
1399
1398
1398
1397
1395
1394
1392
1391
1390
1390
1389
1388
1387
1387
1386
1386
1386
1386
1381
1380
1379
1379
1378
1377
1377
1377
1376
1376
1375
1375
1375
1374
1374
1374
1372
1372
1369
1367
1367
1366
1366
1366
1365
1365
1364
1363
1363
1361
1359
1359
1358
1356
1356
1355
1354
1352
1351
1351
1350
1348
1346
1345
1344
1343
1341
1341
1341
1340
1339
1339
1338
1336
1336
1335
1334
1334
1333
1332
1331
1328
1328
1325
1325
1325
1323
1323
1323
1322
1322
1321
1318
1315
1313
1312
1310
1310
1309
1309
1309
1305
1303
1302
1301
1300
1299
1299
1295
1295
1293
1292
1292
1287
1286
1285
1285
1283
1281
1280
1278
1278
1278
1277
1276
1275
1274
1274
1274
1273
1273
1273
1272
1272
1271
1268
1268
1265
1264
1263
1263
1262
1261
1261
1259
1259
1257
1255
1253
1253
1252
1251
1251
1251
1250
1247
1247
1245
1244
1244
1244
1244
1243
1241
1241
1240
1240
1239
1236
1235
1235
1234
1231
1231
1231
1230
1229
1229
1226
1226
1226
1225
1225
1224
1224
1224
1223
1221
1219
1219
1219
1213
1211
1210
1210
1209
1209
1207
1207
1205
1204
1203
1203
1202
1201
1199
1199
1197
1197
1196
1195
1195
1190
1188
1187
1186
1186
1185
1184
1183
1183
1182
1182
1181
1180
1178
1177
1177
1177
1171
1171
1170
1170
1168
1168
1167
1166
1163
1156
1156
1155
1153
1150
1150
1149
1149
1149
1148
1147
1147
1146
1146
1145
1139
1139
1138
1137
1137
1137
1136
1135
1133
1132
1131
1128
1128
1127
1123
1123
1121
1120
1119
1119
1118
1117
1116
1115
1115
1112
1111
1110
1108
1107
1107
1106
1106
1106
1102
1102
1101
1101
1099
1098
1098
1098
1093
1091
1088
1088
1088
1087
1086
1085
1085
1084
1083
1083
1083
1082
1080
1080
1079
1079
1079
1078
1077
1077
1076
1076
1074
1073
1072
1072
1070
1070
1070
1069
1069
1069
1067
1066
1065
1063
1063
1062
1062
1060
1060
1059
1058
1055
1055
1054
1053
1053
1053
1053
1052
1052
1050
1050
1047
1045
1045
1045
1043
1043
1043
1041
1041
1039
1036
1035
1034
1032
1032
1032
1031
1030
1028
1027
1026
1025
1025
1024
1022
1022
1021
1020
1019
1019
1018
1018
1017
1017
1017
1017
1016
1016
1015
1012
1012
1011
1011
1010
1009
1009
1007
1006
1006
1004
1004
1003
1002
1001
1001
1001
999
997
996
996
995
992
990
989
989
988
986
985
982
982
981
981
980
980
979
979
975
974
969
969
968
967
967
966
965
964
964
964
963
963
963
962
962
961
960
960
958
955
955
955
955
954
954
952
949
949
948
946
945
943
943
942
942
941
940
937
936
934
933
932
931
930
929
929
927
926
926
924
922
922
922
922
921
920
918
918
918
918
918
918
916
915
914
913
912
910
910
908
907
907
905
904
904
903
903
900
897
896
896
896
895
894
893
892
889
888
887
886
885
885
885
885
885
884
879
878
878
878
877
876
875
873
873
873
871
870
867
867
867
866
865
865
864
863
863
861
860
860
859
856
855
855
854
853
847
845
844
843
843
842
841
840
839
838
837
836
834
833
830
830
829
828
825
825
825
825
824
823
823
823
822
821
818
817
816
816
815
814
813
813
812
810
810
808
807
807
804
803
802
801
801
800
798
796
795
792
789
788
787
786
785
785
783
782
781
781
780
779
777
777
776
774
773
773
772
771
770
767
766
765
765
765
764
764
764
763
759
759
757
757
757
756
755
754
750
749
746
744
744
743
743
742
741
740
740
740
738
737
735
734
733
733
733
733
730
730
729
727
727
725
725
722
721
721
721
718
717
716
714
714
713
711
711
711
710
709
709
709
707
707
705
705
705
703
702
701
699
698
698
697
696
696
695
692
691
690
690
690
689
688
688
686
686
686
684
683
682
681
679
677
677
676
675
673
672
672
672
672
670
669
668
667
666
663
663
663
661
661
661
660
660
660
659
658
657
655
655
654
653
653
653
652
651
650
649
648
648
647
646
646
646
646
643
642
640
638
637
637
636
634
633
630
627
627
626
626
625
623
623
622
621
621
617
616
615
614
612
611
611
610
610
609
608
608
607
607
606
605
604
601
601
600
598
598
597
594
593
592
591
591
588
588
587
587
586
586
586
585
584
584
583
583
582
582
580
579
578
577
574
571
569
568
567
567
566
566
564
564
563
562
561
561
560
559
559
558
558
556
555
555
555
554
553
552
549
549
548
548
548
547
546
546
545
545
543
541
539
539
537
536
535
534
534
533
531
531
531
530
529
529
527
527
525
524
522
522
522
521
520
520
517
516
515
515
515
514
512
511
511
510
506
506
506
505
504
502
502
501
501
501
500
500
500
500
499
499
498
497
496
496
494
493
492
492
491
491
489
488
487
486
486
484
480
479
479
478
477
475
475
475
474
473
473
472
472
471
470
470
468
468
468
466
466
465
465
465
465
464
464
463
463
463
462
462
462
461
460
458
457
456
456
455
455
454
453
452
452
451
451
450
449
448
448
446
446
445
445
444
442
442
437
436
435
435
433
432
432
430
429
428
425
424
423
423
423
423
422
422
422
420
419
416
415
415
415
414
413
413
412
412
410
407
407
407
405
405
404
404
403
403
402
400
400
400
399
398
398
395
394
392
390
390
388
387
386
386
386
385
383
383
383
382
382
382
379
378
378
375
365
365
362
362
362
361
359
359
358
358
357
357
355
353
352
350
350
349
349
348
348
346
344
344
344
343
341
340
340
339
339
338
338
337
337
336
335
335
334
332
332
332
331
331
330
330
330
328
327
325
324
324
323
323
323
323
322
321
319
319
318
318
316
315
314
313
312
312
311
309
309
308
307
306
305
305
305
304
304
304
301
300
295
293
291
290
290
289
286
286
286
285
285
284
284
284
282
281
281
279
279
278
278
278
278
277
276
274
271
270
269
268
268
268
267
266
265
263
263
262
260
260
258
258
258
257
257
257
256
255
254
252
252
251
250
250
249
248
248
248
246
245
245
245
244
244
243
242
237
236
235
232
231
229
229
228
228
228
227
227
226
226
225
225
224
224
224
220
219
217
213
213
212
210
210
210
209
206
205
202
202
202
201
200
198
195
193
192
192
191
191
190
189
189
188
187
186
186
185
184
183
177
176
175
173
172
170
168
167
166
165
164
164
163
162
162
162
162
160
159
158
157
157
156
156
155
154
151
150
150
149
149
149
147
147
146
146
145
143
142
141
141
139
137
137
134
134
132
132
131
131
129
129
128
127
127
124
124
122
122
118
118
117
111
111
111
110
110
109
109
108
108
107
106
106
106
106
105
104
104
104
103
102
101
100
98
97
97
96
95
94
93
92
90
89
88
86
86
85
84
83
82
81
80
79
79
79
73
73
71
70
69
68
68
67
66
65
63
60
58
55
54
54
54
50
49
48
47
43
42
42
40
38
37
36
36
34
34
33
33
33
33
32
30
30
30
28
27
26
22
21
21
20
19
19
19
18
17
17
15
14
14
14
14
14
13
12
10
9
9
8
6
5
5
5
3
2
1
