9997
9997
9996
9991
9991
9991
9990
9988
9986
9985
9985
9984
9984
9982
9980
9979
9979
9977
9976
9975
9973
9972
9970
9969
9969
9968
9967
9966
9964
9964
9963
9963
9959
9958
9955
9954
9953
9950
9950
9949
9946
9946
9945
9945
9944
9943
9940
9939
9938
9938
9934
9934
9931
9930
9928
9928
9927
9927
9924
9924
9923
9921
9921
9921
9921
9920
9919
9918
9917
9913
9913
9912
9911
9909
9908
9908
9907
9907
9906
9904
9904
9904
9903
9903
9902
9901
9900
9898
9897
9895
9894
9893
9891
9890
9889
9888
9888
9887
9884
9883
9882
9882
9881
9880
9879
9878
9877
9876
9874
9873
9871
9870
9870
9869
9869
9869
9868
9867
9867
9866
9864
9863
9860
9858
9858
9857
9856
9855
9854
9854
9854
9853
9852
9848
9847
9846
9846
9845
9843
9843
9843
9842
9841
9841
9837
9837
9835
9834
9833
9833
9833
9833
9832
9831
9831
9831
9830
9828
9828
9827
9825
9825
9825
9825
9824
9823
9822
9822
9821
9820
9820
9818
9817
9816
9814
9814
9813
9812
9812
9812
9812
9811
9807
9807
9805
9804
9804
9803
9803
9803
9802
9802
9802
9801
9800
9798
9797
9797
9796
9796
9795
9794
9793
9792
9790
9788
9788
9787
9784
9782
9782
9782
9781
9781
9779
9778
9777
9776
9775
9775
9774
9774
9773
9772
9768
9766
9765
9764
9764
9763
9761
9761
9758
9758
9757
9755
9755
9752
9751
9750
9749
9748
9748
9747
9747
9746
9746
9746
9746
9744
9744
9744
9743
9742
9741
9740
9738
9734
9733
9733
9732
9730
9729
9729
9729
9726
9724
9724
9724
9721
9720
9717
9716
9714
9714
9714
9714
9713
9711
9711
9709
9709
9706
9705
9704
9703
9702
9700
9700
9699
9699
9698
9697
9697
9697
9697
9696
9696
9694
9694
9693
9692
9691
9691
9690
9689
9688
9688
9687
9687
9686
9685
9685
9684
9684
9682
9680
9679
9679
9679
9678
9677
9677
9676
9676
9675
9675
9673
9672
9670
9667
9667
9666
9665
9664
9662
9661
9661
9660
9659
9659
9658
9658
9657
9657
9656
9655
9652
9648
9648
9647
9646
9645
9644
9644
9643
9643
9643
9643
9640
9640
9637
9635
9634
9631
9631
9630
9628
9627
9626
9625
9624
9624
9622
9622
9622
9618
9617
9617
9616
9616
9614
9613
9613
9613
9612
9612
9611
9610
9610
9608
9606
9605
9605
9604
9603
9603
9602
9601
9601
9601
9600
9598
9594
9593
9590
9590
9590
9590
9589
9589
9589
9588
9587
9586
9585
9584
9581
9581
9580
9579
9579
9579
9577
9577
9576
9575
9571
9571
9570
9569
9569
9566
9565
9564
9563
9562
9560
9560
9559
9558
9558
9558
9558
9558
9557
9556
9556
9555
9553
9551
9550
9550
9548
9546
9544
9543
9542
9542
9541
9541
9540
9538
9537
9536
9535
9535
9535
9535
9533
9531
9530
9530
9530
9529
9529
9526
9525
9525
9524
9523
9522
9522
9522
9520
9520
9517
9516
9516
9516
9516
9515
9514
9514
9514
9513
9511
9510
9508
9507
9506
9505
9505
9504
9504
9503
9503
9502
9500
9498
9497
9497
9496
9494
9494
9494
9494
9493
9493
9491
9491
9491
9490
9487
9487
9487
9484
9481
9480
9480
9479
9479
9477
9477
9476
9473
9471
9470
9470
9470
9468
9468
9468
9467
9466
9465
9462
9461
9459
9458
9457
9455
9455
9455
9455
9455
9455
9453
9452
9450
9450
9449
9447
9447
9446
9445
9445
9444
9444
9442
9441
9438
9436
9436
9436
9434
9434
9434
9432
9429
9427
9426
9426
9424
9424
9424
9424
9424
9422
9422
9419
9419
9418
9417
9417
9416
9416
9414
9413
9413
9413
9412
9412
9411
9410
9410
9410
9408
9406
9405
9404
9403
9402
9401
9401
9401
9400
9398
9398
9398
9397
9397
9397
9396
9396
9394
9394
9393
9393
9391
9390
9390
9389
9388
9388
9384
9382
9382
9382
9381
9378
9375
9375
9375
9374
9373
9373
9372
9372
9370
9368
9368
9367
9367
9366
9366
9366
9364
9362
9360
9360
9359
9358
9355
9353
9351
9351
9351
9350
9350
9350
9349
9349
9348
9348
9347
9347
9347
9346
9346
9343
9343
9342
9341
9340
9340
9340
9337
9336
9336
9335
9333
9332
9331
9330
9329
9328
9328
9324
9323
9320
9319
9317
9317
9317
9315
9315
9314
9314
9314
9314
9313
9307
9307
9304
9303
9303
9303
9301
9296
9295
9295
9294
9293
9293
9292
9292
9291
9291
9290
9289
9288
9288
9287
9285
9284
9284
9284
9284
9280
9278
9277
9277
9274
9273
9272
9271
9270
9268
9267
9266
9264
9264
9259
9257
9256
9255
9253
9253
9251
9251
9249
9248
9248
9247
9245
9245
9245
9244
9244
9244
9244
9243
9242
9241
9239
9239
9237
9236
9236
9233
9233
9230
9229
9229
9229
9229
9228
9228
9224
9222
9220
9219
9219
9218
9217
9217
9217
9217
9216
9215
9213
9212
9212
9211
9210
9209
9208
9207
9205
9205
9204
9201
9199
9197
9195
9195
9193
9193
9192
9191
9191
9190
9190
9190
9189
9189
9189
9187
9187
9187
9185
9185
9183
9183
9180
9180
9179
9179
9179
9177
9175
9175
9174
9174
9174
9173
9172
9172
9171
9170
9168
9168
9168
9168
9165
9163
9163
9163
9163
9159
9158
9157
9155
9155
9153
9151
9151
9150
9150
9150
9150
9150
9149
9148
9147
9146
9144
9144
9143
9143
9142
9140
9140
9140
9137
9137
9137
9137
9137
9136
9136
9135
9135
9131
9128
9128
9127
9125
9125
9125
9124
9124
9118
9117
9117
9115
9115
9115
9113
9110
9110
9109
9109
9107
9105
9103
9102
9099
9098
9098
9097
9095
9095
9095
9092
9090
9089
9089
9087
9087
9086
9086
9086
9084
9080
9078
9077
9077
9075
9075
9074
9073
9073
9073
9071
9069
9068
9068
9068
9068
9068
9068
9067
9066
9063
9062
9062
9057
9056
9056
9056
9055
9051
9050
9049
9048
9048
9048
9046
9043
9043
9043
9042
9042
9041
9038
9036
9034
9033
9031
9031
9029
9028
9028
9026
9026
9024
9024
9022
9020
9020
9020
9018
9017
9017
9017
9016
9015
9014
9013
9011
9010
9009
9008
9008
9004
9004
9001
9001
9000
8999
8998
8998
8996
8995
8994
8991
8990
8989
8988
8987
8986
8986
8986
8985
8984
8984
8982
8981
8980
8980
8980
8980
8977
8976
8975
8975
8974
8972
8967
8966
8965
8964
8963
8962
8959
8959
8958
8955
8954
8954
8951
8948
8948
8948
8947
8946
8945
8944
8943
8943
8942
8942
8940
8939
8939
8938
8938
8938
8936
8935
8935
8934
8933
8931
8931
8927
8927
8926
8923
8922
8921
8920
8920
8920
8919
8917
8917
8916
8914
8913
8913
8912
8912
8911
8910
8909
8908
8907
8905
8905
8905
8904
8902
8900
8899
8899
8897
8895
8894
8893
8890
8888
8887
8883
8883
8883
8882
8879
8879
8878
8878
8876
8872
8866
8866
8865
8864
8862
8862
8860
8859
8859
8858
8857
8857
8857
8855
8853
8852
8850
8850
8848
8847
8847
8845
8844
8844
8842
8842
8842
8842
8840
8840
8839
8835
8835
8834
8833
8833
8832
8832
8831
8829
8828
8827
8824
8820
8819
8819
8814
8814
8811
8808
8808
8807
8805
8804
8803
8802
8802
8802
8802
8802
8798
8798
8797
8797
8797
8794
8793
8792
8791
8789
8789
8788
8787
8787
8786
8786
8786
8784
8784
8781
8780
8778
8778
8776
8776
8776
8775
8775
8774
8768
8766
8765
8764
8764
8764
8762
8761
8761
8760
8759
8758
8757
8756
8756
8753
8753
8752
8752
8750
8747
8746
8746
8745
8744
8743
8742
8742
8741
8741
8741
8739
8738
8738
8737
8737
8736
8735
8735
8734
8733
8733
8732
8731
8730
8730
8730
8730
8729
8729
8728
8728
8727
8727
8726
8725
8725
8725
8723
8723
8722
8722
8722
8721
8721
8719
8717
8715
8713
8713
8713
8712
8711
8711
8710
8709
8709
8707
8707
8707
8706
8705
8705
8703
8702
8698
8697
8697
8695
8692
8692
8690
8689
8688
8686
8686
8683
8681
8680
8679
8679
8679
8678
8678
8675
8675
8674
8674
8673
8669
8666
8664
8663
8663
8661
8660
8660
8660
8658
8653
8648
8647
8646
8646
8644
8644
8643
8643
8642
8637
8636
8636
8634
8633
8633
8632
8631
8631
8630
8630
8629
8629
8628
8627
8627
8625
8618
8617
8617
8616
8615
8615
8615
8614
8613
8608
8607
8606
8606
8604
8603
8600
8599
8599
8597
8596
8596
8596
8595
8594
8594
8593
8592
8590
8590
8589
8588
8587
8587
8586
8580
8580
8578
8576
8573
8573
8572
8572
8571
8569
8569
8569
8568
8568
8567
8565
8564
8564
8564
8563
8563
8560
8560
8559
8559
8557
8556
8556
8552
8551
8551
8549
8547
8547
8546
8544
8543
8542
8542
8542
8541
8541
8539
8539
8539
8539
8538
8537
8533
8533
8533
8530
8529
8529
8528
8527
8526
8526
8525
8523
8522
8521
8520
8520
8518
8516
8515
8515
8513
8513
8512
8512
8510
8508
8508
8507
8505
8505
8504
8502
8501
8501
8500
8499
8498
8495
8495
8495
8494
8493
8493
8491
8491
8490
8489
8489
8488
8488
8487
8486
8485
8485
8483
8479
8479
8478
8477
8476
8475
8472
8472
8471
8471
8471
8469
8469
8467
8464
8460
8458
8457
8454
8454
8452
8451
8450
8450
8449
8449
8449
8447
8445
8445
8445
8444
8443
8443
8441
8441
8439
8437
8437
8436
8434
8433
8433
8433
8432
8431
8430
8429
8429
8427
8426
8425
8424
8421
8420
8420
8419
8419
8415
8415
8415
8413
8413
8412
8412
8411
8410
8410
8408
8408
8405
8404
8402
8401
8399
8399
8396
8396
8395
8395
8393
8393
8391
8391
8390
8390
8388
8387
8387
8386
8386
8386
8385
8385
8384
8383
8383
8383
8382
8381
8381
8380
8380
8380
8380
8378
8376
8376
8374
8374
8373
8373
8372
8370
8369
8369
8368
8367
8366
8365
8363
8363
8363
8363
8362
8362
8361
8361
8360
8359
8358
8358
8357
8355
8352
8352
8352
8349
8349
8349
8348
8348
8348
8348
8348
8347
8346
8345
8344
8344
8344
8343
8343
8342
8341
8340
8338
8338
8337
8337
8337
8336
8334
8334
8330
8330
8328
8327
8327
8324
8323
8322
8321
8320
8320
8320
8320
8320
8320
8317
8314
8314
8313
8313
8311
8310
8308
8306
8299
8298
8293
8293
8288
8287
8286
8286
8282
8282
8282
8281
8280
8278
8278
8277
8275
8272
8272
8270
8270
8267
8266
8266
8266
8266
8266
8265
8265
8264
8263
8262
8260
8259
8258
8258
8257
8254
8254
8253
8251
8246
8243
8241
8241
8240
8240
8239
8239
8238
8237
8237
8235
8235
8235
8231
8229
8228
8228
8227
8226
8224
8224
8221
8219
8219
8218
8215
8214
8214
8214
8214
8213
8211
8210
8210
8209
8208
8206
8206
8205
8205
8204
8204
8204
8203
8202
8201
8196
8196
8195
8194
8194
8191
8190
8189
8188
8188
8185
8184
8184
8183
8183
8183
8181
8177
8177
8176
8175
8175
8174
8173
8172
8170
8169
8165
8164
8164
8164
8163
8162
8162
8162
8160
8159
8159
8159
8157
8157
8157
8154
8154
8153
8152
8150
8150
8150
8147
8145
8145
8143
8142
8142
8141
8140
8139
8139
8139
8138
8138
8138
8137
8137
8136
8136
8135
8135
8135
8130
8130
8130
8127
8127
8127
8126
8126
8125
8125
8125
8124
8123
8120
8120
8119
8119
8119
8119
8118
8118
8116
8116
8114
8114
8114
8112
8111
8111
8110
8109
8107
8105
8105
8103
8103
8102
8101
8101
8100
8099
8098
8097
8097
8096
8096
8096
8094
8094
8094
8092
8090
8089
8088
8086
8086
8086
8085
8085
8083
8081
8080
8079
8078
8076
8076
8072
8071
8067
8067
8065
8064
8063
8061
8059
8057
8056
8056
8056
8055
8055
8055
8054
8054
8053
8051
8051
8051
8050
8049
8048
8048
8046
8046
8045
8044
8044
8042
8039
8038
8038
8038
8037
8037
8035
8035
8035
8033
8033
8031
8029
8029
8029
8029
8028
8026
8025
8024
8024
8022
8022
8022
8021
8018
8017
8016
8015
8014
8012
8012
8011
8011
8009
8008
8008
8008
8007
8004
8003
7994
7994
7994
7992
7991
7991
7983
7983
7982
7982
7981
7981
7979
7979
7979
7977
7977
7976
7976
7975
7975
7975
7974
7974
7973
7973
7973
7972
7970
7970
7969
7967
7967
7966
7963
7962
7962
7962
7958
7958
7956
7955
7953
7953
7951
7950
7947
7947
7946
7946
7946
7945
7944
7944
7943
7942
7939
7938
7937
7937
7936
7935
7934
7933
7932
7932
7931
7931
7931
7931
7930
7930
7930
7930
7929
7929
7929
7928
7928
7927
7923
7922
7921
7920
7919
7918
7916
7915
7912
7911
7910
7910
7910
7908
7905
7904
7903
7903
7901
7901
7901
7899
7894
7893
7892
7892
7889
7889
7888
7887
7887
7887
7886
7886
7886
7885
7885
7885
7883
7882
7882
7881
7880
7877
7876
7876
7875
7875
7874
7874
7873
7873
7873
7872
7872
7870
7868
7867
7867
7863
7863
7863
7862
7862
7860
7860
7858
7857
7855
7855
7852
7852
7851
7850
7848
7846
7845
7844
7843
7842
7842
7841
7839
7839
7837
7836
7836
7835
7834
7834
7834
7833
7832
7830
7826
7825
7825
7824
7823
7820
7819
7819
7818
7817
7815
7815
7814
7814
7814
7812
7812
7809
7809
7807
7806
7806
7805
7805
7804
7802
7801
7800
7800
7795
7793
7793
7792
7792
7792
7791
7786
7786
7786
7785
7785
7784
7782
7782
7781
7779
7779
7779
7775
7773
7773
7772
7771
7771
7770
7768
7767
7766
7764
7764
7762
7761
7758
7758
7757
7755
7754
7754
7753
7753
7752
7752
7751
7748
7747
7747
7746
7744
7744
7743
7742
7742
7740
7740
7739
7739
7736
7734
7734
7732
7732
7732
7730
7729
7726
7725
7722
7720
7719
7718
7717
7717
7717
7715
7715
7714
7714
7713
7712
7711
7711
7710
7706
7706
7705
7704
7702
7701
7700
7697
7695
7694
7694
7694
7693
7691
7690
7690
7688
7687
7687
7686
7685
7685
7684
7684
7682
7682
7682
7682
7677
7677
7676
7674
7674
7672
7670
7669
7669
7668
7668
7667
7666
7666
7665
7665
7664
7663
7663
7662
7662
7662
7661
7660
7658
7657
7656
7654
7653
7652
7651
7651
7650
7648
7648
7646
7645
7644
7643
7641
7640
7640
7639
7635
7635
7633
7632
7630
7629
7628
7627
7624
7624
7623
7622
7622
7621
7620
7620
7619
7618
7618
7618
7618
7616
7615
7613
7613
7611
7611
7610
7609
7609
7608
7607
7607
7605
7605
7602
7602
7602
7600
7600
7599
7598
7598
7596
7595
7595
7592
7591
7591
7591
7589
7588
7587
7587
7587
7582
7581
7581
7579
7578
7578
7578
7578
7577
7574
7572
7570
7569
7567
7567
7566
7564
7564
7563
7562
7561
7558
7556
7556
7556
7554
7552
7552
7552
7548
7548
7548
7544
7544
7543
7542
7540
7538
7536
7536
7535
7534
7532
7532
7531
7529
7528
7527
7527
7526
7526
7525
7525
7524
7523
7523
7520
7520
7518
7518
7516
7516
7515
7512
7512
7512
7511
7509
7508
7508
7507
7507
7507
7506
7504
7504
7500
7497
7496
7496
7493
7493
7492
7490
7490
7488
7488
7488
7486
7484
7483
7482
7481
7479
7479
7478
7477
7476
7475
7475
7472
7471
7470
7470
7469
7466
7458
7458
7458
7455
7455
7453
7452
7450
7449
7448
7448
7448
7448
7447
7446
7446
7444
7442
7442
7441
7440
7439
7439
7438
7438
7438
7438
7436
7433
7433
7433
7432
7431
7430
7429
7429
7428
7423
7421
7421
7420
7419
7417
7417
7417
7416
7416
7416
7416
7416
7415
7414
7414
7414
7413
7413
7411
7410
7407
7406
7405
7405
7403
7403
7403
7402
7401
7401
7396
7396
7393
7392
7391
7389
7388
7388
7385
7385
7384
7384
7383
7382
7381
7379
7377
7377
7377
7376
7376
7375
7375
7375
7372
7371
7371
7371
7370
7370
7370
7368
7368
7368
7367
7367
7366
7365
7364
7364
7363
7362
7360
7360
7359
7358
7357
7357
7357
7355
7355
7355
7353
7352
7352
7352
7351
7346
7345
7345
7345
7344
7340
7339
7339
7336
7335
7333
7331
7329
7328
7327
7327
7325
7325
7324
7324
7320
7320
7320
7317
7315
7314
7313
7313
7312
7310
7308
7307
7306
7306
7305
7305
7305
7304
7303
7301
7300
7299
7299
7299
7297
7296
7295
7294
7294
7294
7292
7292
7291
7290
7288
7288
7287
7287
7285
7284
7283
7283
7282
7282
7282
7281
7280
7280
7277
7275
7274
7274
7270
7269
7269
7267
7266
7266
7265
7263
7263
7262
7262
7261
7260
7258
7257
7255
7252
7252
7252
7251
7250
7249
7249
7248
7247
7247
7246
7246
7245
7245
7243
7243
7241
7239
7238
7238
7238
7236
7236
7233
7233
7232
7230
7228
7227
7226
7225
7225
7224
7223
7222
7221
7221
7219
7219
7217
7216
7214
7214
7212
7211
7209
7209
7208
7208
7207
7206
7206
7204
7204
7203
7201
7196
7195
7192
7192
7192
7191
7191
7191
7188
7188
7186
7185
7184
7182
7182
7181
7180
7179
7179
7176
7176
7175
7174
7174
7173
7172
7172
7171
7169
7167
7166
7164
7163
7163
7162
7160
7160
7160
7160
7160
7159
7158
7158
7151
7151
7151
7149
7149
7148
7147
7147
7146
7146
7145
7144
7143
7143
7142
7140
7138
7138
7135
7134
7132
7129
7128
7123
7123
7122
7122
7120
7120
7119
7119
7117
7113
7112
7112
7111
7108
7108
7107
7105
7102
7101
7099
7099
7097
7096
7096
7096
7095
7094
7094
7094
7092
7092
7092
7091
7090
7090
7088
7087
7087
7086
7086
7085
7085
7085
7084
7080
7080
7079
7079
7079
7078
7078
7078
7077
7076
7075
7073
7073
7072
7072
7072
7070
7068
7068
7066
7065
7064
7064
7061
7060
7059
7059
7059
7058
7056
7055
7055
7054
7054
7053
7052
7052
7051
7050
7050
7050
7050
7049
7049
7047
7046
7045
7044
7043
7042
7042
7042
7040
7040
7040
7039
7039
7036
7036
7035
7035
7034
7034
7033
7033
7032
7031
7030
7028
7028
7028
7026
7025
7024
7024
7023
7023
7023
7023
7022
7021
7020
7020
7018
7017
7016
7016
7012
7010
7010
7010
7009
7009
7009
7007
7007
7006
7004
7004
7004
7003
7002
7002
7002
7002
7000
6999
6999
6999
6998
6996
6996
6995
6995
6995
6994
6994
6994
6991
6989
6988
6988
6988
6988
6987
6986
6985
6984
6984
6983
6983
6983
6981
6981
6978
6975
6972
6969
6969
6969
6968
6967
6967
6967
6961
6961
6960
6960
6959
6958
6958
6957
6956
6955
6952
6951
6948
6946
6946
6944
6943
6943
6942
6939
6938
6938
6937
6934
6934
6934
6933
6932
6932
6932
6931
6931
6930
6928
6928
6923
6923
6922
6921
6920
6918
6917
6917
6916
6915
6915
6914
6914
6913
6913
6912
6911
6911
6910
6908
6908
6907
6907
6906
6905
6905
6903
6902
6902
6901
6899
6899
6899
6898
6897
6895
6895
6894
6894
6892
6892
6891
6889
6889
6888
6887
6886
6886
6884
6882
6880
6879
6878
6878
6877
6876
6875
6874
6872
6872
6868
6868
6867
6867
6866
6865
6865
6863
6863
6862
6861
6856
6855
6854
6854
6854
6854
6852
6852
6850
6848
6848
6848
6847
6847
6846
6845
6844
6844
6842
6842
6842
6839
6839
6838
6836
6836
6836
6836
6836
6834
6834
6833
6831
6831
6830
6830
6829
6829
6826
6825
6824
6822
6821
6820
6820
6820
6818
6817
6816
6816
6815
6813
6812
6812
6812
6811
6811
6809
6807
6806
6806
6805
6805
6803
6802
6801
6801
6800
6799
6798
6796
6795
6794
6794
6793
6792
6791
6790
6790
6787
6787
6787
6787
6787
6786
6785
6784
6784
6783
6782
6781
6781
6780
6779
6777
6777
6773
6769
6767
6766
6766
6765
6763
6762
6760
6758
6757
6756
6754
6753
6752
6751
6751
6750
6749
6749
6747
6747
6746
6743
6742
6741
6738
6737
6736
6736
6735
6735
6734
6729
6728
6728
6728
6727
6727
6725
6725
6725
6724
6723
6722
6722
6721
6721
6718
6718
6718
6716
6715
6715
6712
6711
6709
6709
6707
6703
6703
6702
6701
6701
6700
6699
6697
6694
6693
6692
6692
6691
6691
6690
6686
6686
6683
6681
6679
6678
6678
6678
6678
6678
6678
6677
6677
6676
6676
6675
6674
6673
6673
6671
6670
6667
6666
6665
6664
6662
6661
6660
6658
6657
6655
6655
6654
6653
6652
6651
6648
6645
6645
6644
6644
6643
6636
6636
6635
6635
6634
6633
6633
6633
6630
6630
6630
6629
6628
6628
6628
6628
6628
6628
6625
6625
6624
6624
6623
6623
6621
6620
6620
6619
6619
6617
6617
6617
6617
6616
6615
6615
6614
6614
6613
6612
6612
6612
6611
6609
6609
6608
6605
6605
6603
6603
6602
6602
6602
6601
6597
6596
6595
6594
6594
6593
6592
6592
6589
6589
6588
6588
6587
6587
6586
6585
6585
6583
6582
6581
6581
6580
6579
6579
6576
6576
6575
6575
6575
6573
6573
6572
6570
6569
6568
6568
6566
6566
6566
6565
6561
6560
6559
6558
6558
6558
6558
6557
6557
6556
6554
6552
6550
6549
6549
6548
6547
6546
6545
6544
6544
6544
6542
6541
6539
6539
6537
6536
6535
6534
6534
6533
6533
6533
6531
6530
6530
6528
6528
6528
6527
6525
6524
6524
6524
6516
6515
6512
6511
6511
6511
6511
6506
6505
6504
6501
6499
6499
6499
6498
6498
6498
6498
6497
6497
6496
6494
6494
6493
6492
6491
6488
6488
6488
6485
6484
6481
6480
6480
6479
6478
6478
6478
6477
6476
6475
6475
6474
6474
6473
6472
6471
6469
6469
6469
6467
6467
6466
6465
6465
6464
6464
6462
6460
6460
6457
6456
6455
6455
6454
6454
6453
6452
6452
6450
6450
6449
6449
6449
6448
6441
6440
6439
6438
6436
6436
6436
6435
6435
6434
6433
6433
6433
6432
6432
6431
6430
6430
6429
6429
6428
6428
6428
6428
6426
6421
6420
6420
6420
6419
6418
6417
6416
6415
6415
6413
6411
6409
6409
6408
6405
6405
6404
6401
6401
6400
6400
6399
6397
6396
6394
6394
6393
6393
6392
6389
6388
6388
6388
6387
6387
6386
6386
6385
6383
6382
6380
6380
6380
6379
6379
6378
6375
6375
6375
6374
6374
6372
6372
6370
6369
6368
6367
6367
6367
6367
6365
6365
6364
6363
6362
6359
6358
6357
6356
6355
6354
6353
6352
6350
6350
6348
6348
6347
6346
6346
6345
6344
6344
6343
6342
6340
6340
6340
6339
6338
6337
6331
6328
6328
6328
6327
6326
6324
6322
6320
6316
6316
6315
6314
6314
6313
6313
6311
6308
6308
6308
6307
6306
6304
6304
6303
6303
6303
6302
6300
6295
6294
6293
6288
6288
6288
6285
6283
6282
6282
6282
6281
6280
6280
6279
6278
6277
6276
6273
6272
6272
6272
6271
6271
6270
6270
6270
6269
6269
6267
6266
6266
6265
6265
6264
6262
6261
6260
6260
6258
6257
6255
6254
6254
6252
6251
6250
6248
6242
6241
6241
6240
6239
6238
6238
6238
6238
6237
6236
6236
6236
6235
6234
6232
6232
6230
6229
6229
6228
6227
6224
6223
6222
6220
6219
6216
6216
6216
6216
6215
6214
6213
6211
6211
6210
6209
6208
6207
6204
6201
6198
6198
6198
6197
6196
6195
6193
6193
6192
6189
6188
6187
6187
6187
6184
6183
6183
6181
6181
6180
6180
6180
6179
6179
6177
6177
6175
6171
6170
6170
6169
6168
6167
6167
6165
6164
6164
6163
6161
6160
6159
6158
6158
6158
6154
6153
6152
6152
6152
6150
6150
6149
6149
6146
6145
6144
6144
6143
6142
6142
6141
6141
6141
6140
6139
6139
6138
6137
6136
6136
6135
6134
6134
6133
6132
6132
6132
6131
6131
6131
6129
6129
6128
6125
6123
6121
6121
6117
6117
6115
6114
6113
6112
6112
6110
6109
6108
6107
6107
6106
6106
6104
6100
6099
6098
6097
6097
6095
6094
6091
6090
6088
6087
6087
6086
6086
6082
6081
6080
6079
6078
6078
6077
6076
6073
6070
6070
6068
6067
6066
6065
6063
6062
6061
6061
6061
6060
6058
6057
6055
6054
6053
6052
6050
6049
6048
6048
6048
6047
6045
6044
6043
6041
6040
6039
6039
6037
6033
6030
6029
6029
6028
6025
6025
6024
6023
6022
6021
6020
6020
6017
6017
6016
6016
6016
6013
6011
6009
6009
6008
6008
6008
6007
6006
6005
6001
6001
6000
5999
5997
5997
5995
5993
5992
5991
5991
5991
5990
5989
5989
5988
5988
5987
5987
5986
5986
5983
5979
5979
5978
5978
5977
5977
5976
5976
5976
5975
5975
5975
5974
5972
5970
5970
5969
5968
5967
5966
5966
5966
5965
5965
5963
5961
5961
5961
5961
5957
5956
5956
5956
5955
5955
5954
5953
5950
5949
5948
5948
5946
5946
5946
5945
5945
5945
5945
5945
5944
5940
5939
5938
5935
5934
5934
5934
5932
5932
5931
5930
5929
5927
5927
5927
5925
5925
5924
5924
5923
5922
5920
5919
5918
5918
5911
5910
5909
5908
5906
5906
5906
5905
5903
5903
5902
5902
5901
5900
5899
5898
5897
5897
5897
5896
5895
5893
5891
5891
5887
5885
5884
5884
5884
5883
5883
5882
5880
5879
5879
5878
5878
5877
5877
5876
5874
5872
5872
5870
5869
5868
5868
5867
5865
5863
5862
5861
5859
5857
5855
5854
5853
5853
5851
5850
5849
5849
5848
5847
5846
5846
5846
5846
5844
5841
5839
5838
5838
5835
5834
5830
5828
5827
5824
5823
5823
5822
5822
5821
5821
5818
5815
5814
5814
5814
5813
5813
5813
5813
5812
5812
5811
5811
5807
5807
5803
5802
5802
5800
5799
5799
5799
5799
5798
5797
5794
5793
5791
5791
5790
5788
5788
5787
5785
5785
5784
5784
5778
5778
5777
5777
5776
5776
5775
5772
5772
5772
5771
5770
5770
5769
5768
5768
5767
5767
5767
5764
5763
5762
5762
5761
5760
5760
5759
5758
5757
5756
5756
5756
5754
5754
5753
5752
5752
5750
5749
5749
5748
5745
5744
5744
5744
5742
5741
5739
5738
5738
5737
5736
5736
5734
5734
5734
5734
5733
5731
5729
5728
5728
5726
5726
5725
5725
5724
5724
5724
5723
5720
5719
5719
5717
5716
5711
5711
5708
5708
5708
5706
5704
5703
5702
5701
5701
5700
5698
5698
5695
5695
5695
5695
5695
5693
5692
5692
5691
5688
5685
5684
5682
5682
5680
5679
5679
5678
5678
5678
5674
5673
5672
5669
5668
5668
5667
5667
5665
5665
5664
5664
5662
5661
5659
5658
5657
5655
5652
5652
5651
5651
5648
5648
5647
5647
5645
5642
5642
5641
5640
5640
5638
5638
5636
5635
5635
5634
5634
5633
5633
5631
5630
5630
5627
5627
5626
5624
5624
5623
5623
5622
5622
5622
5621
5621
5621
5621
5618
5618
5617
5617
5617
5616
5616
5616
5616
5615
5615
5614
5613
5613
5612
5612
5610
5610
5610
5607
5606
5604
5603
5603
5602
5601
5601
5599
5599
5599
5597
5595
5595
5595
5595
5594
5594
5594
5591
5591
5591
5590
5589
5588
5588
5588
5587
5586
5585
5584
5583
5581
5580
5579
5579
5577
5576
5575
5575
5575
5573
5573
5572
5572
5570
5570
5570
5569
5568
5568
5567
5567
5567
5564
5564
5563
5563
5563
5563
5562
5562
5561
5561
5560
5559
5557
5556
5556
5555
5554
5551
5548
5548
5547
5546
5546
5546
5545
5544
5542
5542
5542
5542
5540
5540
5539
5533
5533
5532
5530
5529
5526
5525
5524
5523
5521
5517
5516
5515
5514
5514
5514
5513
5511
5507
5507
5507
5505
5504
5503
5502
5496
5496
5492
5492
5491
5491
5490
5488
5488
5487
5484
5484
5484
5483
5482
5481
5481
5481
5481
5480
5479
5479
5477
5476
5474
5473
5472
5471
5471
5471
5468
5467
5463
5463
5462
5462
5462
5460
5458
5458
5456
5455
5455
5450
5447
5447
5446
5444
5443
5440
5440
5440
5439
5439
5438
5437
5435
5435
5433
5432
5429
5428
5428
5426
5424
5424
5423
5421
5421
5420
5419
5419
5418
5416
5416
5415
5415
5414
5412
5412
5411
5411
5411
5410
5407
5405
5403
5403
5403
5400
5399
5398
5397
5397
5397
5397
5395
5395
5390
5390
5389
5387
5387
5386
5384
5383
5383
5382
5382
5382
5381
5381
5380
5377
5376
5376
5375
5374
5373
5372
5369
5368
5367
5366
5366
5365
5365
5361
5360
5359
5359
5358
5357
5356
5356
5356
5355
5353
5353
5353
5353
5351
5349
5349
5349
5346
5346
5345
5344
5344
5343
5343
5341
5338
5337
5336
5335
5333
5332
5331
5331
5330
5329
5329
5329
5328
5327
5327
5325
5325
5325
5325
5324
5324
5323
5322
5322
5321
5321
5320
5320
5320
5317
5316
5316
5315
5314
5314
5314
5313
5312
5312
5311
5310
5309
5309
5306
5305
5302
5302
5301
5300
5297
5295
5292
5292
5291
5291
5287
5287
5287
5286
5286
5285
5285
5285
5285
5283
5280
5279
5279
5278
5278
5277
5276
5274
5272
5272
5270
5269
5269
5269
5268
5266
5266
5266
5263
5263
5262
5260
5259
5258
5257
5257
5256
5255
5253
5251
5248
5247
5246
5246
5246
5245
5243
5241
5240
5240
5239
5238
5238
5237
5236
5236
5236
5235
5234
5234
5230
5228
5228
5227
5224
5223
5220
5219
5219
5217
5217
5216
5215
5214
5210
5209
5207
5207
5207
5206
5205
5203
5199
5198
5196
5196
5195
5195
5195
5194
5193
5192
5191
5191
5190
5189
5188
5187
5186
5186
5186
5186
5184
5181
5181
5181
5179
5178
5178
5177
5176
5176
5175
5175
5175
5175
5174
5174
5173
5173
5173
5173
5171
5169
5169
5168
5167
5167
5165
5163
5161
5160
5157
5156
5156
5156
5155
5155
5153
5153
5152
5152
5152
5151
5150
5148
5147
5143
5143
5142
5142
5141
5141
5140
5140
5139
5138
5137
5134
5134
5134
5133
5132
5131
5126
5126
5126
5126
5125
5124
5123
5119
5119
5116
5116
5114
5112
5111
5110
5108
5105
5104
5104
5101
5100
5099
5099
5098
5096
5096
5093
5093
5091
5091
5091
5090
5088
5086
5086
5086
5085
5083
5083
5082
5081
5081
5081
5080
5079
5078
5078
5077
5075
5075
5070
5070
5069
5068
5068
5067
5067
5064
5063
5062
5057
5057
5055
5054
5054
5052
5051
5050
5050
5049
5048
5047
5045
5045
5042
5041
5040
5040
5040
5039
5037
5037
5037
5037
5033
5031
5026
5026
5022
5021
5021
5020
5019
5018
5016
5016
5015
5014
5014
5011
5010
5010
5007
5007
5006
5005
5005
5004
5002
5002
5001
5001
4999
4999
4998
4997
4992
4992
4991
4990
4989
4989
4987
4987
4987
4987
4986
4985
4982
4982
4982
4981
4978
4978
4976
4972
4971
4970
4970
4969
4969
4967
4966
4965
4964
4963
4963
4962
4962
4961
4960
4960
4960
4958
4958
4957
4956
4954
4953
4951
4951
4950
4949
4948
4948
4947
4947
4947
4946
4946
4945
4943
4943
4942
4942
4941
4940
4936
4933
4933
4932
4931
4930
4930
4930
4930
4929
4929
4929
4929
4926
4925
4924
4924
4924
4924
4924
4923
4922
4920
4919
4918
4918
4918
4917
4916
4916
4915
4915
4914
4913
4912
4911
4909
4908
4907
4907
4905
4905
4904
4904
4903
4903
4903
4902
4902
4902
4901
4900
4899
4898
4898
4896
4894
4894
4891
4890
4890
4889
4889
4885
4884
4882
4881
4881
4880
4879
4879
4879
4879
4879
4877
4877
4876
4876
4876
4875
4873
4873
4872
4871
4870
4870
4868
4867
4867
4867
4867
4866
4865
4865
4864
4862
4862
4860
4860
4859
4858
4857
4856
4855
4854
4854
4853
4853
4852
4851
4851
4851
4850
4848
4847
4845
4845
4843
4842
4842
4842
4841
4840
4839
4839
4839
4837
4837
4835
4835
4835
4834
4834
4831
4830
4829
4826
4825
4825
4824
4824
4823
4823
4821
4820
4819
4818
4817
4817
4817
4817
4816
4816
4815
4815
4814
4810
4810
4809
4809
4805
4804
4804
4802
4802
4798
4798
4797
4797
4795
4795
4794
4793
4793
4793
4792
4788
4788
4787
4787
4787
4786
4785
4785
4784
4784
4784
4781
4781
4781
4780
4780
4778
4777
4775
4775
4772
4770
4770
4769
4768
4767
4766
4762
4762
4759
4758
4755
4754
4753
4751
4750
4750
4750
4750
4749
4745
4745
4744
4743
4742
4741
4741
4740
4740
4738
4738
4737
4737
4737
4737
4736
4735
4734
4733
4733
4732
4729
4728
4727
4727
4726
4725
4724
4724
4724
4723
4723
4723
4723
4721
4720
4719
4718
4717
4715
4715
4715
4714
4714
4714
4713
4712
4711
4709
4708
4706
4704
4704
4703
4701
4699
4695
4695
4694
4694
4693
4691
4691
4691
4691
4690
4690
4690
4689
4687
4686
4684
4683
4682
4682
4681
4681
4678
4677
4675
4675
4674
4674
4674
4674
4673
4673
4671
4670
4669
4669
4668
4667
4666
4665
4665
4664
4663
4661
4660
4659
4659
4659
4657
4656
4652
4650
4648
4648
4648
4648
4647
4647
4645
4644
4644
4641
4641
4639
4638
4637
4635
4633
4632
4631
4631
4631
4631
4630
4629
4629
4629
4627
4627
4627
4626
4625
4625
4624
4622
4622
4621
4620
4620
4618
4617
4617
4615
4615
4614
4614
4613
4609
4609
4608
4607
4607
4606
4605
4604
4602
4602
4602
4601
4601
4601
4601
4600
4599
4599
4598
4596
4596
4596
4595
4594
4593
4592
4592
4592
4590
4589
4589
4586
4585
4584
4584
4584
4583
4581
4579
4578
4577
4575
4574
4573
4570
4570
4569
4565
4564
4563
4563
4563
4562
4562
4562
4560
4557
4555
4555
4555
4555
4552
4552
4551
4549
4549
4549
4549
4547
4547
4547
4546
4545
4544
4543
4543
4543
4540
4538
4537
4537
4536
4535
4535
4532
4532
4531
4530
4530
4530
4529
4529
4529
4528
4527
4526
4526
4525
4521
4521
4518
4517
4517
4515
4514
4514
4513
4512
4510
4510
4508
4508
4506
4501
4500
4500
4499
4498
4498
4497
4497
4493
4493
4492
4491
4489
4489
4489
4487
4487
4483
4481
4480
4480
4479
4479
4479
4478
4477
4477
4475
4475
4474
4474
4472
4470
4470
4469
4469
4469
4469
4468
4467
4466
4465
4463
4461
4460
4459
4456
4456
4456
4455
4455
4454
4453
4452
4448
4447
4446
4446
4446
4445
4444
4443
4442
4442
4441
4441
4440
4440
4438
4437
4434
4433
4431
4431
4431
4430
4430
4428
4428
4427
4427
4426
4423
4421
4420
4419
4417
4416
4416
4415
4415
4415
4412
4410
4410
4404
4399
4399
4398
4397
4396
4395
4394
4394
4394
4392
4389
4389
4388
4387
4387
4387
4382
4380
4379
4377
4377
4377
4375
4371
4371
4367
4366
4366
4365
4365
4362
4361
4360
4359
4358
4358
4358
4355
4355
4352
4352
4352
4349
4348
4348
4348
4347
4346
4346
4345
4345
4344
4344
4344
4342
4342
4342
4341
4340
4339
4339
4339
4338
4338
4337
4337
4337
4335
4335
4334
4334
4334
4333
4333
4332
4332
4331
4331
4330
4330
4329
4328
4326
4326
4322
4322
4322
4321
4320
4319
4319
4318
4317
4314
4313
4312
4312
4311
4311
4310
4310
4307
4305
4304
4303
4302
4299
4299
4298
4298
4296
4296
4293
4290
4290
4289
4288
4287
4286
4286
4286
4285
4285
4285
4283
4281
4281
4280
4280
4279
4278
4276
4274
4274
4273
4270
4269
4266
4265
4265
4263
4262
4260
4259
4256
4255
4254
4253
4253
4252
4251
4251
4249
4249
4248
4247
4245
4245
4244
4244
4243
4242
4242
4240
4240
4240
4240
4237
4234
4233
4233
4232
4230
4229
4225
4223
4223
4222
4221
4221
4220
4220
4219
4219
4219
4218
4218
4216
4213
4213
4212
4212
4212
4208
4207
4207
4206
4203
4201
4201
4200
4198
4198
4196
4196
4193
4193
4192
4192
4191
4190
4186
4186
4186
4186
4186
4184
4183
4182
4179
4178
4178
4177
4175
4175
4175
4172
4171
4170
4170
4169
4168
4167
4167
4165
4163
4162
4162
4162
4161
4161
4160
4160
4159
4159
4157
4155
4153
4153
4153
4148
4146
4145
4145
4143
4141
4141
4140
4137
4137
4135
4132
4132
4132
4131
4130
4130
4128
4128
4128
4126
4124
4124
4120
4118
4116
4116
4115
4115
4115
4114
4113
4113
4113
4112
4111
4111
4110
4109
4109
4109
4108
4108
4108
4106
4104
4104
4104
4102
4102
4101
4100
4099
4098
4098
4097
4094
4094
4093
4093
4091
4091
4088
4088
4087
4086
4085
4085
4083
4083
4083
4082
4081
4080
4079
4078
4077
4076
4076
4075
4074
4074
4071
4069
4067
4065
4064
4064
4059
4059
4058
4058
4056
4055
4055
4054
4053
4053
4053
4052
4051
4049
4048
4048
4046
4045
4044
4043
4043
4043
4042
4042
4041
4041
4039
4038
4036
4034
4033
4033
4032
4031
4030
4030
4027
4026
4026
4026
4025
4025
4025
4022
4022
4020
4020
4020
4020
4018
4016
4016
4015
4015
4013
4013
4011
4011
4010
4010
4008
4007
4007
4007
4006
4005
4005
4005
4004
4004
4003
4002
4002
4000
4000
4000
3999
3997
3995
3992
3991
3991
3990
3990
3988
3987
3984
3983
3983
3983
3982
3982
3981
3980
3976
3975
3975
3973
3971
3970
3970
3969
3968
3967
3966
3965
3964
3964
3963
3963
3962
3961
3956
3955
3955
3955
3953
3953
3951
3950
3949
3949
3947
3947
3946
3946
3945
3944
3943
3943
3941
3940
3938
3937
3936
3936
3936
3935
3935
3934
3933
3932
3931
3930
3929
3928
3927
3925
3923
3922
3918
3914
3914
3914
3914
3911
3910
3909
3906
3905
3902
3901
3899
3899
3899
3898
3898
3896
3896
3894
3894
3893
3893
3892
3891
3891
3890
3888
3888
3886
3886
3885
3884
3883
3882
3881
3880
3879
3879
3879
3879
3875
3874
3874
3874
3873
3873
3873
3872
3871
3870
3868
3868
3868
3867
3866
3865
3865
3864
3864
3864
3863
3862
3860
3859
3858
3858
3858
3857
3852
3850
3850
3850
3850
3849
3847
3845
3844
3844
3843
3842
3838
3836
3836
3835
3834
3834
3833
3832
3832
3830
3830
3829
3829
3829
3828
3828
3826
3826
3824
3822
3820
3819
3816
3815
3814
3813
3813
3811
3811
3809
3808
3807
3807
3806
3806
3806
3805
3803
3803
3801
3799
3796
3794
3794
3794
3793
3793
3793
3791
3791
3789
3789
3789
3789
3787
3787
3786
3785
3785
3782
3781
3780
3780
3780
3780
3779
3778
3776
3776
3775
3775
3775
3774
3771
3768
3768
3767
3767
3766
3765
3765
3764
3764
3764
3763
3763
3761
3760
3758
3757
3757
3756
3756
3756
3752
3752
3748
3747
3745
3745
3744
3742
3741
3740
3739
3738
3737
3731
3730
3729
3727
3727
3725
3722
3717
3717
3714
3713
3711
3711
3710
3710
3709
3707
3707
3706
3704
3703
3700
3699
3698
3697
3697
3695
3688
3686
3686
3685
3685
3684
3684
3683
3683
3682
3680
3679
3678
3677
3677
3676
3676
3676
3675
3673
3671
3670
3670
3668
3668
3667
3665
3664
3663
3659
3658
3655
3654
3654
3653
3649
3647
3645
3645
3644
3643
3642
3641
3638
3637
3637
3636
3634
3632
3632
3632
3631
3631
3628
3628
3627
3626
3625
3625
3624
3623
3623
3623
3623
3621
3620
3617
3616
3616
3614
3614
3613
3613
3612
3612
3612
3611
3610
3609
3609
3608
3607
3607
3603
3603
3602
3601
3599
3598
3596
3595
3593
3590
3587
3587
3586
3585
3585
3582
3582
3582
3581
3581
3579
3578
3576
3576
3575
3574
3574
3571
3570
3568
3568
3567
3566
3566
3566
3565
3564
3563
3563
3563
3562
3562
3561
3560
3558
3557
3555
3555
3553
3549
3549
3548
3547
3546
3546
3546
3546
3545
3545
3543
3543
3538
3537
3536
3535
3535
3533
3533
3532
3532
3532
3532
3531
3531
3529
3529
3529
3528
3527
3527
3526
3526
3524
3524
3521
3521
3521
3520
3520
3519
3518
3517
3517
3515
3515
3514
3514
3513
3512
3512
3511
3507
3507
3504
3504
3503
3501
3501
3500
3500
3498
3498
3497
3497
3496
3495
3495
3494
3493
3493
3492
3490
3490
3489
3485
3485
3484
3482
3480
3477
3474
3474
3474
3473
3473
3471
3471
3471
3470
3468
3466
3465
3465
3465
3464
3462
3460
3460
3459
3454
3452
3452
3451
3450
3450
3448
3448
3445
3445
3444
3443
3443
3443
3442
3442
3438
3436
3435
3432
3432
3432
3431
3430
3430
3429
3429
3429
3428
3427
3426
3425
3425
3423
3423
3421
3420
3418
3415
3414
3413
3412
3412
3411
3411
3409
3409
3408
3407
3407
3403
3401
3400
3400
3396
3392
3392
3392
3392
3392
3389
3389
3389
3388
3387
3386
3386
3385
3383
3382
3380
3379
3377
3375
3375
3374
3373
3372
3372
3370
3370
3368
3367
3366
3366
3365
3364
3364
3364
3362
3361
3361
3360
3359
3359
3357
3357
3356
3356
3356
3355
3355
3354
3353
3351
3350
3350
3349
3349
3349
3349
3349
3349
3348
3348
3348
3347
3345
3342
3341
3341
3339
3339
3339
3334
3329
3326
3326
3324
3322
3322
3322
3320
3319
3319
3318
3315
3315
3314
3314
3313
3313
3313
3312
3311
3310
3310
3308
3308
3308
3305
3304
3303
3299
3298
3298
3295
3295
3291
3289
3287
3287
3286
3283
3281
3280
3280
3278
3278
3278
3277
3277
3276
3276
3275
3275
3274
3273
3273
3273
3269
3268
3268
3267
3266
3265
3265
3263
3260
3259
3258
3258
3255
3254
3253
3253
3252
3249
3248
3247
3245
3244
3243
3243
3243
3243
3243
3242
3240
3240
3240
3240
3239
3238
3238
3237
3236
3236
3235
3234
3233
3229
3224
3224
3220
3220
3219
3218
3217
3215
3215
3215
3214
3214
3214
3213
3213
3212
3212
3210
3209
3209
3209
3206
3206
3205
3203
3203
3202
3201
3200
3198
3197
3196
3196
3195
3195
3188
3187
3187
3187
3186
3185
3184
3184
3183
3182
3182
3181
3180
3180
3180
3179
3178
3178
3177
3176
3175
3175
3175
3174
3173
3172
3171
3170
3169
3168
3167
3166
3165
3164
3161
3160
3160
3160
3159
3159
3159
3158
3157
3155
3155
3153
3152
3151
3151
3150
3148
3148
3147
3142
3142
3142
3141
3140
3138
3136
3136
3135
3133
3131
3130
3130
3127
3126
3126
3122
3122
3122
3121
3120
3120
3119
3117
3117
3116
3114
3113
3113
3112
3111
3110
3109
3109
3108
3108
3107
3106
3105
3103
3102
3101
3101
3101
3100
3099
3098
3098
3097
3097
3097
3096
3095
3092
3092
3092
3091
3089
3089
3089
3087
3086
3085
3083
3081
3080
3078
3077
3076
3075
3074
3073
3073
3071
3071
3067
3066
3066
3064
3062
3062
3061
3060
3059
3059
3058
3057
3056
3056
3056
3055
3054
3050
3050
3050
3048
3048
3048
3047
3046
3044
3043
3040
3039
3036
3036
3032
3031
3030
3030
3029
3029
3026
3024
3024
3022
3021
3020
3020
3019
3019
3019
3018
3017
3017
3016
3016
3016
3015
3013
3013
3011
3011
3010
3009
3008
3008
3005
3005
3005
3002
3001
3000
3000
3000
2999
2999
2999
2998
2996
2995
2994
2993
2991
2991
2990
2988
2985
2985
2983
2981
2981
2981
2980
2978
2975
2975
2975
2973
2971
2968
2968
2968
2968
2967
2967
2966
2965
2964
2964
2963
2963
2962
2961
2961
2960
2960
2959
2959
2957
2956
2955
2955
2955
2955
2954
2952
2951
2951
2950
2947
2946
2946
2946
2945
2944
2943
2942
2941
2939
2939
2939
2935
2932
2928
2927
2926
2926
2925
2925
2924
2924
2923
2921
2920
2918
2918
2918
2918
2914
2914
2914
2914
2911
2910
2909
2909
2908
2908
2906
2905
2904
2904
2901
2901
2898
2898
2897
2897
2896
2895
2894
2892
2891
2891
2890
2890
2890
2889
2884
2884
2882
2881
2880
2880
2878
2876
2875
2875
2874
2874
2873
2871
2870
2869
2868
2866
2865
2862
2862
2860
2860
2859
2859
2856
2856
2854
2854
2853
2852
2849
2849
2848
2847
2845
2845
2845
2845
2845
2844
2844
2843
2843
2842
2842
2841
2841
2840
2838
2837
2836
2836
2836
2836
2835
2834
2834
2832
2832
2831
2830
2830
2829
2828
2828
2827
2827
2825
2822
2821
2818
2817
2816
2815
2815
2814
2813
2813
2812
2811
2810
2809
2809
2808
2808
2807
2807
2807
2806
2805
2804
2803
2802
2802
2800
2800
2800
2798
2798
2798
2797
2797
2797
2797
2797
2796
2795
2793
2793
2793
2792
2792
2791
2790
2788
2787
2786
2786
2785
2783
2782
2780
2778
2777
2774
2773
2773
2773
2772
2772
2770
2769
2769
2768
2763
2762
2762
2760
2757
2757
2751
2750
2750
2750
2744
2743
2742
2740
2738
2737
2737
2736
2736
2736
2736
2735
2733
2732
2731
2730
2730
2729
2729
2728
2728
2727
2727
2726
2726
2725
2724
2724
2724
2722
2720
2719
2718
2717
2717
2716
2716
2715
2715
2715
2714
2714
2713
2711
2711
2709
2709
2708
2708
2707
2707
2707
2706
2703
2702
2702
2701
2700
2698
2696
2693
2691
2690
2689
2689
2686
2682
2682
2681
2679
2678
2677
2676
2676
2675
2674
2674
2673
2672
2671
2671
2671
2667
2666
2666
2664
2664
2664
2663
2662
2660
2659
2658
2656
2655
2655
2654
2654
2653
2653
2652
2649
2649
2648
2648
2647
2645
2644
2643
2642
2641
2641
2639
2639
2639
2638
2638
2637
2636
2636
2635
2635
2633
2633
2630
2629
2627
2626
2624
2623
2623
2622
2621
2621
2621
2621
2620
2619
2618
2616
2615
2615
2615
2614
2613
2612
2612
2609
2609
2609
2608
2608
2607
2607
2605
2605
2604
2603
2603
2603
2602
2601
2600
2598
2597
2595
2594
2594
2593
2593
2593
2591
2591
2587
2586
2586
2585
2584
2583
2582
2582
2582
2581
2581
2580
2579
2578
2578
2575
2573
2573
2571
2570
2570
2569
2568
2568
2567
2566
2565
2565
2564
2562
2562
2560
2560
2555
2553
2551
2550
2550
2550
2549
2548
2546
2545
2544
2543
2542
2542
2542
2539
2538
2536
2536
2536
2535
2534
2531
2531
2530
2529
2527
2527
2526
2526
2525
2522
2522
2522
2521
2521
2520
2520
2519
2519
2518
2516
2516
2515
2512
2511
2511
2510
2508
2507
2506
2504
2504
2502
2501
2499
2499
2497
2496
2496
2495
2494
2494
2494
2494
2491
2490
2490
2487
2487
2486
2483
2483
2483
2479
2478
2476
2474
2473
2472
2472
2471
2471
2471
2469
2467
2466
2463
2462
2461
2461
2460
2460
2459
2457
2456
2455
2454
2453
2453
2452
2452
2451
2450
2450
2448
2448
2447
2447
2444
2442
2442
2442
2442
2441
2437
2435
2435
2434
2434
2433
2432
2430
2428
2427
2426
2425
2424
2423
2421
2420
2420
2419
2418
2418
2417
2417
2412
2409
2409
2408
2407
2405
2404
2402
2401
2400
2399
2399
2397
2397
2396
2396
2396
2395
2391
2391
2389
2389
2388
2387
2386
2386
2386
2383
2382
2381
2380
2380
2379
2379
2377
2376
2375
2372
2371
2369
2368
2367
2366
2366
2366
2364
2364
2363
2362
2362
2360
2359
2352
2352
2350
2350
2349
2349
2348
2348
2348
2347
2346
2344
2344
2343
2341
2336
2334
2334
2333
2332
2330
2327
2324
2322
2322
2321
2321
2320
2319
2318
2318
2315
2312
2310
2307
2306
2302
2301
2299
2299
2299
2298
2296
2296
2295
2295
2290
2290
2289
2287
2287
2287
2287
2286
2284
2283
2283
2282
2282
2281
2281
2278
2278
2277
2274
2274
2272
2272
2270
2269
2268
2267
2266
2265
2264
2264
2263
2263
2261
2260
2258
2258
2258
2255
2254
2253
2253
2252
2250
2250
2249
2248
2248
2248
2247
2246
2245
2245
2244
2243
2242
2242
2241
2241
2241
2241
2240
2240
2238
2236
2235
2234
2233
2232
2230
2229
2228
2225
2224
2224
2223
2223
2222
2221
2220
2220
2219
2218
2218
2217
2216
2214
2212
2212
2210
2210
2210
2210
2210
2206
2204
2202
2198
2197
2197
2196
2196
2194
2191
2190
2190
2190
2189
2186
2186
2185
2185
2184
2183
2182
2182
2181
2181
2181
2180
2178
2175
2175
2174
2174
2173
2172
2171
2171
2170
2168
2167
2165
2163
2159
2159
2158
2157
2154
2154
2153
2152
2151
2151
2150
2150
2149
2147
2147
2147
2147
2145
2144
2143
2142
2142
2142
2142
2141
2139
2138
2138
2137
2133
2132
2131
2131
2128
2127
2125
2124
2123
2122
2122
2122
2121
2120
2118
2118
2118
2117
2117
2114
2114
2110
2107
2106
2103
2102
2102
2102
2100
2099
2097
2097
2097
2097
2096
2096
2094
2093
2093
2092
2091
2091
2091
2089
2089
2088
2087
2087
2086
2084
2084
2083
2082
2082
2082
2081
2081
2079
2077
2074
2072
2072
2071
2071
2070
2067
2065
2064
2058
2057
2054
2054
2053
2053
2052
2051
2051
2049
2048
2047
2046
2046
2046
2044
2041
2040
2040
2040
2039
2038
2037
2037
2035
2033
2033
2032
2031
2030
2030
2030
2030
2030
2025
2025
2025
2020
2020
2020
2018
2018
2016
2010
2010
2009
2009
2005
2004
2003
2003
2002
2002
2001
2001
1999
1998
1997
1997
1997
1996
1995
1994
1993
1993
1990
1990
1990
1990
1989
1988
1987
1987
1986
1984
1984
1983
1983
1977
1975
1973
1973
1972
1971
1969
1969
1969
1969
1968
1967
1966
1965
1964
1964
1962
1959
1959
1958
1956
1956
1956
1956
1955
1955
1953
1952
1951
1951
1947
1946
1944
1944
1943
1942
1941
1940
1940
1939
1938
1936
1935
1934
1933
1933
1932
1930
1930
1929
1929
1928
1928
1926
1926
1926
1924
1923
1921
1920
1918
1917
1916
1915
1915
1913
1913
1912
1911
1910
1909
1909
1908
1907
1906
1906
1905
1905
1903
1902
1902
1902
1901
1900
1899
1898
1897
1897
1897
1889
1888
1887
1887
1885
1884
1882
1882
1882
1881
1881
1876
1876
1875
1873
1873
1872
1871
1871
1867
1865
1861
1861
1860
1860
1859
1859
1856
1856
1854
1852
1852
1851
1849
1849
1849
1849
1847
1847
1847
1846
1845
1844
1843
1843
1843
1842
1842
1837
1836
1831
1830
1830
1829
1829
1826
1826
1824
1823
1822
1819
1819
1818
1817
1817
1817
1817
1814
1814
1812
1810
1807
1805
1803
1800
1800
1800
1798
1797
1797
1797
1796
1796
1795
1793
1792
1791
1790
1789
1789
1788
1785
1785
1785
1785
1785
1784
1783
1781
1780
1777
1776
1775
1774
1773
1773
1773
1773
1772
1772
1771
1771
1771
1770
1769
1769
1767
1760
1758
1758
1757
1755
1753
1752
1750
1747
1747
1747
1745
1744
1742
1741
1741
1740
1739
1739
1738
1738
1737
1736
1735
1734
1733
1732
1731
1731
1730
1728
1727
1726
1726
1725
1724
1723
1722
1721
1720
1720
1719
1719
1717
1714
1713
1713
1713
1712
1710
1709
1709
1708
1707
1706
1703
1702
1701
1701
1700
1700
1699
1696
1695
1695
1694
1694
1693
1692
1692
1691
1687
1687
1687
1686
1686
1682
1680
1680
1679
1677
1677
1676
1675
1675
1674
1674
1673
1672
1667
1666
1666
1666
1665
1665
1664
1663
1663
1661
1660
1659
1654
1654
1651
1649
1648
1645
1645
1644
1644
1644
1643
1641
1640
1640
1639
1639
1636
1636
1635
1634
1634
1633
1633
1631
1629
1629
1629
1628
1627
1626
1626
1624
1624
1621
1620
1620
1615
1615
1613
1612
1611
1610
1609
1609
1606
1606
1605
1603
1601
1598
1597
1597
1596
1594
1594
1593
1592
1591
1591
1589
1589
1588
1587
1583
1583
1582
1582
1578
1575
1574
1573
1573
1572
1571
1571
1571
1571
1570
1569
1568
1568
1567
1566
1566
1565
1565
1565
1563
1560
1560
1559
1558
1558
1557
1556
1556
1554
1553
1553
1551
1550
1550
1550
1549
1548
1547
1546
1546
1544
1544
1543
1542
1542
1542
1539
1538
1534
1532
1531
1530
1529
1529
1528
1528
1528
1527
1527
1527
1526
1525
1525
1523
1522
1522
1520
1519
1519
1518
1518
1514
1513
1513
1511
1511
1509
1504
1503
1503
1502
1502
1500
1498
1498
1497
1494
1494
1494
1493
1491
1490
1490
1487
1485
1484
1484
1483
1483
1483
1481
1481
1480
1479
1479
1477
1475
1468
1467
1466
1466
1464
1464
1463
1461
1461
1460
1460
1460
1459
1456
1455
1455
1454
1453
1452
1450
1449
1448
1448
1448
1448
1446
1445
1444
1443
1443
1443
1442
1442
1441
1440
1438
1438
1437
1437
1436
1435
1434
1434
1433
1432
1432
1429
1428
1427
1427
1423
1422
1422
1419
1418
1417
1412
1406
1406
1406
1406
1405
1404
1403
1403
1403
1401
1398
1395
1394
1393
1393
1392
1392
1391
1390
1390
1389
1388
1387
1382
1382
1382
1382
1379
1377
1376
1376
1374
1373
1373
1372
1370
1370
1369
1368
1367
1366
1366
1366
1364
1364
1363
1360
1359
1359
1359
1358
1357
1356
1354
1352
1350
1350
1350
1347
1347
1346
1344
1343
1342
1342
1341
1341
1341
1339
1339
1339
1339
1337
1337
1336
1336
1335
1335
1335
1334
1333
1333
1333
1331
1330
1330
1330
1329
1328
1326
1325
1325
1324
1323
1322
1321
1320
1319
1318
1317
1317
1317
1313
1313
1311
1311
1311
1310
1310
1309
1309
1308
1308
1307
1303
1300
1300
1299
1299
1298
1295
1294
1293
1292
1291
1291
1291
1290
1290
1289
1289
1289
1287
1286
1283
1282
1282
1282
1279
1275
1275
1273
1271
1270
1265
1263
1261
1261
1260
1260
1257
1256
1256
1255
1254
1254
1254
1252
1249
1248
1248
1247
1247
1247
1245
1243
1243
1241
1240
1240
1239
1238
1237
1236
1236
1234
1232
1232
1231
1231
1229
1227
1225
1222
1221
1220
1219
1217
1215
1214
1213
1213
1211
1207
1206
1205
1204
1204
1202
1202
1200
1198
1197
1196
1196
1196
1195
1195
1194
1194
1193
1193
1192
1191
1191
1190
1190
1189
1189
1189
1188
1186
1185
1184
1182
1181
1181
1179
1179
1179
1178
1177
1177
1176
1176
1173
1171
1171
1171
1170
1170
1170
1169
1169
1169
1168
1168
1167
1166
1162
1160
1159
1158
1158
1158
1157
1155
1152
1149
1149
1149
1148
1148
1147
1147
1147
1146
1144
1143
1142
1142
1141
1141
1140
1139
1137
1137
1137
1136
1136
1135
1133
1133
1132
1132
1132
1131
1131
1130
1128
1128
1128
1127
1126
1121
1120
1120
1118
1117
1117
1117
1114
1113
1113
1113
1111
1106
1105
1103
1103
1102
1101
1101
1100
1099
1097
1097
1096
1095
1094
1091
1089
1089
1089
1088
1088
1088
1086
1086
1085
1084
1084
1083
1082
1082
1082
1081
1080
1079
1077
1077
1074
1074
1074
1073
1072
1071
1071
1071
1070
1070
1069
1067
1066
1066
1065
1064
1064
1064
1064
1062
1061
1061
1060
1060
1058
1058
1057
1055
1055
1055
1054
1054
1051
1049
1049
1049
1048
1047
1047
1042
1041
1041
1040
1040
1039
1039
1035
1035
1034
1033
1032
1031
1030
1028
1028
1027
1026
1024
1024
1024
1023
1022
1022
1022
1021
1019
1018
1017
1017
1017
1017
1016
1015
1014
1014
1013
1013
1012
1010
1010
1009
1006
1005
1005
1004
1004
1004
1003
1002
1002
1001
1000
999
999
999
998
998
998
997
997
997
996
996
996
992
991
988
988
988
988
987
982
982
981
980
979
979
977
976
974
973
972
970
970
969
968
966
965
965
964
964
963
963
962
962
962
961
959
959
956
954
952
952
949
948
947
944
944
943
942
941
940
938
938
938
937
936
935
935
934
934
931
930
928
927
925
922
921
920
919
919
919
918
915
913
913
913
913
912
910
908
907
907
906
906
904
899
898
897
896
895
893
892
891
890
889
888
887
887
887
886
886
886
886
885
882
878
878
878
876
876
876
876
875
875
875
874
873
872
872
872
870
868
866
865
865
864
863
860
859
857
856
856
856
855
854
854
853
849
849
849
848
848
848
847
847
846
845
845
845
844
843
841
839
839
839
838
838
838
835
832
832
832
829
828
825
825
824
822
819
819
818
816
815
815
811
810
810
808
807
805
802
802
802
801
801
801
801
800
799
798
798
798
795
795
795
791
789
788
788
787
784
780
780
779
778
778
778
778
776
776
773
773
771
771
771
770
770
768
767
767
766
765
764
764
763
763
762
761
761
760
759
759
758
758
757
756
756
755
753
752
750
750
750
748
748
747
745
745
744
744
743
742
741
741
739
739
739
738
736
736
735
735
733
733
732
732
731
730
729
729
728
726
724
721
720
719
719
716
714
712
712
711
711
710
710
710
709
709
708
708
707
707
706
704
704
704
702
702
701
700
699
698
698
697
696
694
694
692
692
691
689
688
687
687
680
680
680
679
679
678
678
678
676
676
676
674
674
674
669
669
668
668
666
666
665
663
661
661
661
660
660
657
656
651
650
649
647
646
645
645
643
642
641
640
639
637
637
635
635
633
632
632
631
629
629
628
626
626
625
624
624
623
622
621
620
614
613
613
613
612
609
609
609
608
607
606
603
603
602
602
601
601
600
599
599
599
598
598
598
596
595
594
593
592
592
591
589
585
583
583
581
580
580
579
578
577
576
574
574
573
573
572
572
570
570
569
569
568
568
567
567
565
564
564
564
563
561
561
561
560
556
555
555
554
553
552
552
550
547
546
545
544
543
543
543
542
541
538
537
536
536
534
533
533
533
530
530
529
529
528
527
522
520
520
519
517
515
515
515
513
513
513
511
508
507
507
507
506
506
505
504
502
502
500
499
498
498
496
495
491
491
490
486
485
485
484
484
484
483
482
482
477
476
475
472
472
471
469
469
469
469
468
467
466
466
465
464
462
462
462
461
459
458
458
457
456
455
455
454
454
453
452
452
452
451
448
448
447
446
444
443
442
441
440
439
439
439
437
435
434
434
431
431
431
427
427
426
423
423
423
423
423
422
422
421
421
420
418
417
415
414
414
411
410
409
409
408
406
406
406
405
405
403
401
400
397
396
395
394
394
393
392
392
392
391
391
391
390
390
388
388
387
387
387
386
385
384
384
384
383
383
383
383
382
379
374
374
373
372
371
371
371
369
368
366
365
365
364
364
363
363
361
358
358
355
354
354
353
352
351
350
346
345
345
344
342
341
339
336
336
334
334
333
332
331
331
330
329
329
328
326
324
324
324
323
323
322
322
322
322
320
319
319
318
318
318
317
317
315
312
311
310
309
308
307
307
305
304
304
304
304
303
303
300
300
298
297
294
293
293
292
291
290
290
289
285
281
279
278
277
276
275
273
272
271
270
267
266
265
265
264
263
263
261
260
258
258
255
253
252
252
250
248
248
248
246
244
243
243
243
243
237
237
237
236
235
235
234
234
233
232
228
228
227
226
222
222
221
221
220
220
218
218
218
216
212
212
212
211
211
211
209
209
208
207
207
206
206
205
204
203
203
202
202
201
200
197
196
196
195
194
194
192
190
189
187
185
185
183
182
180
179
179
174
173
171
171
170
170
169
169
168
168
165
165
165
165
163
163
160
160
160
159
156
156
156
156
156
155
155
155
154
152
152
152
151
151
151
150
149
148
146
144
144
143
143
142
142
141
139
139
137
137
136
135
135
131
128
126
124
123
123
123
122
121
119
119
117
117
116
116
115
115
114
114
114
113
113
112
112
111
110
109
108
108
107
107
106
105
104
103
103
102
100
99
98
97
95
95
95
94
92
92
89
88
87
87
85
82
82
80
80
80
79
79
74
70
69
66
66
63
62
62
61
61
60
60
55
55
55
54
54
51
51
49
48
47
47
45
45
44
44
42
41
41
40
40
39
38
36
35
33
33
33
31
31
28
28
28
27
26
26
24
23
21
21
18
18
17
17
16
16
13
11
11
11
10
10
10
10
9
6
5
5
4
3
3
3
2
2
2
1
