9999
9999
9999
9999
9997
9997
9997
9996
9996
9994
9992
9991
9991
9989
9988
9987
9987
9986
9986
9985
9985
9983
9983
9982
9982
9981
9979
9979
9978
9977
9977
9973
9972
9972
9971
9969
9969
9968
9965
9964
9964
9962
9962
9960
9960
9960
9960
9958
9958
9958
9957
9954
9954
9954
9953
9949
9949
9949
9949
9947
9947
9945
9944
9944
9943
9943
9943
9942
9941
9940
9939
9939
9939
9936
9935
9934
9931
9931
9929
9928
9928
9928
9927
9925
9925
9924
9921
9921
9920
9915
9915
9914
9914
9913
9912
9912
9909
9907
9906
9905
9904
9904
9904
9903
9903
9903
9902
9901
9901
9901
9900
9899
9897
9897
9896
9896
9895
9895
9894
9894
9893
9890
9889
9888
9888
9887
9886
9885
9884
9883
9882
9882
9882
9882
9879
9878
9878
9876
9872
9872
9871
9870
9869
9869
9868
9868
9867
9865
9864
9862
9861
9861
9860
9857
9856
9856
9856
9854
9854
9853
9853
9852
9852
9848
9846
9845
9844
9841
9841
9840
9840
9839
9835
9834
9834
9833
9833
9830
9829
9828
9826
9826
9824
9823
9818
9817
9817
9816
9816
9815
9810
9810
9809
9808
9806
9805
9805
9805
9803
9803
9799
9798
9797
9797
9797
9796
9795
9795
9795
9794
9792
9792
9792
9791
9791
9790
9789
9789
9789
9787
9787
9786
9786
9785
9785
9784
9784
9781
9781
9780
9780
9778
9778
9777
9776
9775
9775
9774
9771
9770
9770
9770
9769
9769
9767
9766
9766
9765
9763
9763
9763
9762
9762
9762
9761
9759
9758
9758
9756
9755
9755
9755
9754
9752
9751
9748
9747
9745
9742
9742
9741
9738
9738
9737
9736
9736
9734
9729
9728
9726
9723
9719
9717
9716
9714
9713
9713
9712
9711
9711
9709
9708
9707
9707
9706
9705
9702
9701
9698
9697
9696
9695
9695
9692
9691
9689
9688
9688
9686
9684
9684
9681
9681
9680
9680
9679
9678
9678
9675
9675
9675
9675
9674
9672
9671
9670
9670
9669
9668
9668
9667
9665
9665
9664
9663
9663
9662
9662
9661
9659
9659
9659
9659
9659
9657
9657
9656
9654
9653
9653
9651
9651
9648
9647
9645
9644
9643
9642
9641
9640
9640
9638
9638
9637
9636
9635
9635
9634
9634
9634
9633
9632
9632
9631
9631
9630
9630
9630
9630
9624
9619
9619
9619
9618
9617
9617
9615
9613
9613
9611
9611
9609
9609
9608
9607
9606
9605
9604
9603
9603
9602
9601
9600
9599
9597
9597
9597
9594
9591
9591
9591
9590
9589
9589
9588
9587
9584
9584
9583
9582
9577
9577
9576
9574
9574
9572
9572
9572
9570
9569
9567
9566
9566
9564
9563
9563
9562
9561
9557
9557
9551
9550
9550
9548
9548
9548
9547
9547
9546
9545
9545
9544
9542
9541
9541
9540
9540
9540
9538
9538
9536
9533
9533
9531
9530
9530
9529
9529
9529
9528
9527
9522
9521
9520
9519
9513
9512
9510
9509
9508
9508
9505
9505
9504
9503
9503
9502
9502
9501
9500
9500
9499
9499
9497
9495
9494
9494
9490
9488
9486
9485
9483
9482
9482
9481
9480
9479
9478
9477
9477
9477
9476
9474
9472
9472
9472
9471
9469
9468
9466
9465
9463
9463
9461
9460
9459
9459
9458
9458
9457
9456
9456
9455
9454
9454
9448
9448
9446
9444
9444
9443
9438
9438
9437
9436
9431
9431
9430
9427
9426
9426
9425
9423
9422
9421
9421
9420
9418
9418
9416
9416
9416
9415
9415
9414
9412
9412
9411
9410
9409
9409
9407
9407
9406
9406
9405
9405
9405
9405
9401
9400
9397
9396
9396
9394
9394
9394
9393
9393
9392
9389
9389
9388
9387
9387
9385
9384
9382
9380
9380
9377
9376
9375
9373
9373
9373
9370
9369
9369
9368
9368
9367
9367
9366
9366
9366
9365
9364
9364
9363
9362
9362
9361
9358
9358
9357
9357
9356
9356
9354
9354
9352
9351
9351
9350
9350
9350
9350
9349
9349
9346
9345
9345
9344
9342
9340
9339
9338
9337
9337
9337
9336
9336
9335
9335
9335
9334
9334
9333
9332
9331
9331
9331
9330
9330
9329
9328
9327
9325
9324
9323
9321
9319
9317
9315
9314
9312
9311
9311
9310
9309
9309
9308
9308
9308
9304
9304
9303
9302
9302
9302
9301
9299
9298
9296
9296
9295
9294
9293
9292
9292
9292
9291
9289
9284
9284
9284
9282
9282
9282
9282
9281
9278
9274
9274
9274
9273
9272
9272
9272
9270
9269
9269
9266
9265
9264
9263
9263
9262
9262
9261
9261
9259
9257
9256
9256
9256
9255
9254
9251
9250
9249
9249
9248
9247
9247
9246
9246
9245
9244
9244
9244
9243
9243
9242
9242
9241
9240
9237
9237
9237
9236
9236
9234
9234
9230
9229
9227
9227
9227
9225
9225
9225
9223
9223
9223
9221
9221
9220
9220
9219
9215
9215
9214
9213
9212
9210
9209
9208
9208
9206
9205
9205
9204
9202
9201
9201
9200
9200
9197
9196
9195
9192
9192
9192
9190
9188
9188
9188
9187
9186
9186
9185
9184
9182
9180
9178
9176
9175
9174
9174
9172
9172
9171
9171
9168
9168
9167
9167
9163
9163
9161
9160
9159
9157
9157
9154
9152
9151
9150
9149
9149
9147
9146
9141
9140
9139
9138
9138
9135
9134
9132
9130
9130
9130
9129
9129
9128
9127
9127
9123
9121
9120
9118
9118
9116
9115
9115
9115
9115
9114
9114
9114
9113
9112
9111
9108
9107
9107
9103
9102
9101
9101
9101
9098
9097
9095
9095
9095
9094
9092
9091
9091
9090
9089
9088
9087
9087
9086
9086
9084
9083
9081
9080
9079
9079
9078
9077
9076
9075
9074
9073
9071
9071
9067
9066
9065
9063
9061
9061
9061
9060
9059
9059
9058
9057
9055
9055
9053
9052
9052
9051
9051
9050
9049
9049
9048
9047
9045
9045
9045
9044
9044
9043
9043
9041
9039
9039
9038
9038
9037
9032
9031
9028
9028
9027
9025
9023
9023
9022
9020
9020
9019
9015
9014
9014
9012
9012
9012
9011
9011
9010
9009
9008
9008
9006
9005
9005
9005
9003
9002
9001
9001
9000
8999
8998
8996
8996
8995
8992
8990
8989
8989
8986
8984
8981
8981
8981
8981
8980
8980
8978
8978
8978
8977
8977
8976
8976
8976
8974
8973
8971
8969
8969
8968
8967
8967
8967
8965
8961
8958
8957
8957
8956
8955
8951
8950
8950
8949
8949
8948
8947
8946
8945
8945
8945
8944
8943
8941
8941
8941
8940
8940
8940
8939
8939
8939
8937
8937
8936
8936
8936
8935
8933
8933
8932
8930
8929
8926
8926
8926
8924
8924
8922
8921
8919
8917
8915
8914
8912
8910
8909
8908
8907
8906
8904
8903
8903
8901
8901
8901
8901
8898
8898
8897
8896
8893
8891
8891
8891
8891
8890
8890
8889
8888
8888
8888
8885
8885
8884
8883
8883
8883
8883
8882
8881
8880
8878
8877
8876
8876
8874
8872
8871
8870
8869
8869
8867
8866
8866
8866
8864
8863
8863
8863
8863
8861
8860
8859
8858
8858
8857
8857
8856
8853
8851
8851
8851
8850
8850
8850
8849
8848
8848
8846
8846
8846
8844
8844
8844
8843
8840
8839
8839
8838
8836
8834
8833
8833
8833
8832
8832
8829
8829
8828
8828
8824
8822
8822
8822
8822
8819
8819
8818
8817
8817
8817
8817
8816
8815
8814
8813
8813
8812
8810
8810
8807
8807
8807
8806
8806
8805
8804
8803
8803
8803
8800
8800
8800
8799
8797
8796
8796
8793
8791
8791
8789
8789
8787
8787
8787
8786
8785
8785
8784
8783
8782
8780
8778
8777
8777
8777
8776
8775
8775
8774
8772
8772
8771
8771
8771
8769
8769
8769
8767
8767
8766
8763
8762
8762
8762
8761
8761
8761
8760
8759
8758
8757
8756
8754
8753
8753
8752
8751
8751
8751
8748
8748
8746
8746
8745
8742
8739
8739
8736
8735
8735
8734
8734
8734
8734
8733
8733
8733
8729
8728
8727
8727
8726
8725
8724
8724
8723
8722
8722
8721
8720
8719
8717
8717
8717
8717
8716
8716
8715
8713
8711
8710
8709
8708
8708
8707
8707
8706
8705
8705
8702
8700
8699
8699
8699
8697
8695
8693
8693
8692
8692
8691
8688
8687
8686
8686
8682
8682
8682
8679
8679
8678
8678
8676
8669
8669
8669
8668
8666
8666
8666
8662
8661
8658
8656
8655
8652
8649
8649
8649
8645
8645
8641
8640
8639
8639
8639
8639
8638
8635
8635
8634
8634
8634
8633
8632
8631
8630
8629
8627
8626
8626
8625
8624
8624
8624
8623
8623
8623
8622
8621
8621
8620
8618
8618
8617
8614
8614
8613
8613
8612
8610
8610
8610
8608
8608
8608
8607
8603
8601
8600
8599
8599
8599
8597
8597
8597
8597
8596
8596
8596
8593
8590
8587
8585
8584
8582
8579
8576
8575
8574
8574
8573
8573
8573
8572
8571
8571
8571
8570
8570
8569
8569
8567
8566
8565
8565
8564
8563
8563
8561
8560
8558
8558
8555
8555
8555
8553
8552
8552
8551
8550
8548
8546
8546
8544
8544
8543
8542
8540
8540
8535
8533
8532
8531
8530
8529
8527
8527
8526
8525
8525
8525
8523
8522
8514
8514
8513
8512
8512
8511
8511
8509
8509
8509
8506
8505
8505
8505
8502
8502
8502
8500
8500
8500
8498
8496
8495
8494
8494
8492
8490
8488
8487
8487
8484
8483
8482
8481
8480
8480
8480
8480
8479
8479
8478
8478
8478
8478
8475
8472
8470
8470
8469
8468
8466
8465
8465
8464
8462
8461
8458
8457
8457
8454
8453
8452
8452
8452
8451
8451
8451
8450
8450
8449
8448
8448
8448
8447
8447
8447
8446
8445
8445
8444
8442
8441
8441
8440
8437
8436
8436
8436
8434
8431
8428
8428
8426
8426
8425
8425
8424
8424
8422
8420
8419
8419
8417
8417
8413
8412
8412
8412
8411
8411
8410
8410
8407
8405
8404
8403
8402
8401
8401
8400
8399
8399
8399
8399
8397
8396
8396
8396
8395
8395
8395
8394
8393
8392
8391
8391
8388
8387
8386
8385
8383
8383
8382
8381
8381
8381
8376
8376
8375
8374
8371
8371
8371
8369
8369
8368
8367
8366
8365
8364
8364
8360
8360
8359
8359
8358
8357
8356
8355
8355
8355
8355
8355
8353
8351
8349
8349
8344
8344
8342
8342
8341
8340
8339
8338
8337
8336
8336
8333
8333
8332
8332
8331
8331
8329
8329
8329
8329
8329
8326
8324
8323
8321
8320
8320
8318
8317
8316
8316
8315
8314
8312
8312
8310
8309
8309
8306
8303
8303
8302
8302
8301
8300
8300
8299
8298
8297
8296
8294
8293
8293
8292
8290
8290
8290
8290
8289
8288
8285
8285
8284
8281
8279
8278
8278
8276
8276
8276
8276
8274
8272
8271
8268
8266
8265
8263
8261
8260
8259
8258
8258
8257
8253
8252
8252
8252
8251
8251
8250
8249
8248
8248
8247
8246
8246
8245
8244
8243
8243
8240
8238
8236
8235
8235
8234
8234
8234
8229
8228
8227
8226
8225
8224
8224
8223
8223
8222
8222
8220
8220
8219
8216
8214
8214
8213
8212
8212
8212
8212
8211
8211
8210
8206
8204
8202
8202
8201
8198
8195
8195
8194
8194
8193
8193
8193
8192
8192
8191
8191
8190
8189
8188
8188
8188
8187
8187
8186
8185
8184
8184
8180
8178
8178
8178
8176
8174
8173
8170
8169
8168
8166
8166
8164
8164
8163
8162
8162
8159
8159
8158
8157
8156
8155
8153
8153
8153
8153
8153
8152
8152
8149
8148
8148
8148
8147
8146
8146
8144
8144
8143
8141
8140
8138
8138
8137
8137
8137
8136
8135
8133
8133
8132
8132
8131
8130
8129
8128
8127
8125
8123
8122
8121
8121
8120
8120
8116
8114
8113
8111
8110
8110
8109
8108
8108
8107
8107
8106
8105
8103
8103
8102
8100
8099
8099
8099
8098
8096
8096
8095
8095
8094
8092
8091
8091
8091
8087
8087
8085
8084
8083
8081
8081
8080
8078
8077
8076
8076
8076
8075
8075
8073
8073
8072
8069
8068
8068
8066
8066
8065
8063
8061
8059
8059
8058
8058
8056
8055
8052
8052
8049
8047
8045
8044
8043
8040
8039
8039
8036
8033
8033
8032
8032
8031
8029
8028
8026
8024
8022
8021
8021
8021
8018
8015
8013
8013
8012
8012
8010
8010
8009
8007
8007
8007
8007
8007
8006
8006
8005
8004
7999
7999
7998
7998
7997
7997
7995
7995
7994
7993
7990
7989
7989
7988
7988
7988
7987
7986
7984
7983
7983
7982
7980
7980
7979
7979
7978
7976
7976
7975
7975
7974
7971
7971
7969
7969
7968
7967
7966
7966
7966
7965
7965
7963
7962
7961
7961
7961
7961
7960
7960
7959
7958
7957
7956
7955
7954
7954
7954
7953
7952
7950
7950
7949
7949
7948
7948
7944
7943
7941
7940
7938
7937
7937
7936
7935
7932
7931
7929
7926
7924
7923
7921
7918
7916
7913
7908
7906
7904
7904
7904
7904
7903
7902
7902
7901
7901
7899
7897
7896
7894
7894
7893
7893
7891
7890
7889
7889
7889
7888
7887
7887
7887
7886
7886
7884
7883
7883
7878
7878
7876
7874
7872
7869
7869
7867
7867
7865
7865
7864
7864
7861
7859
7858
7858
7857
7857
7856
7856
7856
7855
7854
7854
7853
7853
7852
7852
7851
7851
7850
7848
7848
7847
7846
7843
7840
7840
7839
7838
7838
7838
7836
7835
7834
7834
7834
7833
7833
7833
7833
7830
7829
7827
7826
7826
7825
7823
7823
7823
7819
7818
7818
7817
7817
7816
7813
7812
7808
7807
7805
7804
7803
7803
7802
7802
7802
7800
7799
7798
7797
7797
7796
7796
7796
7794
7793
7792
7788
7787
7786
7784
7783
7779
7777
7777
7777
7777
7777
7776
7774
7773
7771
7771
7771
7770
7770
7769
7767
7767
7767
7766
7765
7765
7764
7762
7758
7757
7755
7752
7751
7749
7749
7748
7748
7748
7747
7744
7744
7743
7742
7741
7740
7739
7738
7736
7735
7735
7734
7733
7733
7730
7725
7720
7720
7718
7718
7717
7717
7716
7715
7715
7714
7713
7712
7712
7711
7711
7710
7708
7708
7707
7707
7706
7704
7701
7701
7700
7700
7698
7697
7697
7697
7696
7696
7696
7694
7692
7691
7691
7690
7690
7690
7689
7689
7686
7682
7682
7681
7680
7680
7679
7678
7678
7676
7673
7673
7672
7671
7671
7669
7668
7667
7666
7664
7662
7659
7657
7656
7656
7655
7653
7653
7653
7651
7651
7650
7648
7648
7645
7644
7644
7644
7644
7642
7641
7639
7639
7638
7637
7636
7634
7633
7630
7628
7628
7628
7627
7626
7626
7625
7625
7621
7621
7620
7619
7617
7616
7615
7614
7612
7612
7611
7610
7609
7606
7603
7601
7601
7599
7598
7598
7597
7597
7596
7595
7595
7594
7594
7593
7592
7591
7591
7590
7590
7590
7588
7586
7584
7584
7582
7581
7578
7577
7576
7576
7574
7573
7570
7569
7569
7568
7568
7566
7566
7566
7565
7563
7562
7562
7562
7561
7559
7557
7557
7554
7553
7552
7552
7550
7549
7549
7549
7548
7547
7543
7543
7542
7541
7541
7540
7539
7538
7537
7535
7532
7532
7532
7529
7526
7526
7518
7518
7517
7517
7517
7516
7516
7516
7514
7512
7512
7511
7511
7511
7510
7510
7509
7508
7508
7506
7506
7505
7505
7504
7503
7502
7500
7500
7500
7500
7497
7496
7496
7495
7495
7495
7493
7492
7492
7492
7490
7488
7487
7486
7483
7481
7481
7479
7478
7476
7476
7475
7473
7470
7469
7468
7468
7466
7465
7465
7463
7463
7462
7462
7461
7460
7457
7455
7455
7454
7453
7453
7452
7451
7450
7450
7449
7448
7444
7444
7443
7443
7443
7441
7440
7440
7440
7437
7436
7435
7434
7434
7434
7431
7430
7430
7430
7429
7428
7425
7425
7425
7423
7423
7423
7423
7422
7422
7422
7422
7421
7421
7421
7420
7419
7419
7418
7418
7418
7417
7416
7415
7414
7414
7413
7411
7410
7408
7408
7407
7406
7405
7405
7405
7405
7402
7402
7398
7398
7398
7397
7397
7396
7396
7396
7394
7394
7393
7392
7392
7391
7389
7388
7387
7386
7385
7383
7383
7383
7381
7381
7380
7380
7378
7377
7377
7376
7376
7375
7374
7373
7370
7370
7370
7370
7369
7369
7369
7368
7366
7366
7365
7365
7362
7362
7361
7361
7360
7360
7360
7360
7359
7359
7359
7358
7358
7356
7355
7353
7348
7348
7347
7347
7346
7343
7342
7340
7340
7340
7338
7336
7335
7334
7332
7331
7331
7328
7327
7325
7325
7323
7322
7321
7321
7320
7317
7317
7317
7315
7314
7314
7313
7313
7312
7311
7310
7310
7308
7308
7308
7308
7305
7305
7303
7302
7301
7300
7299
7297
7297
7296
7296
7295
7293
7293
7292
7291
7291
7291
7290
7288
7287
7286
7285
7284
7280
7278
7276
7275
7275
7274
7273
7273
7272
7271
7270
7269
7268
7268
7267
7267
7266
7265
7265
7265
7262
7262
7259
7259
7259
7256
7255
7254
7254
7254
7253
7252
7252
7251
7250
7249
7247
7246
7246
7245
7245
7245
7243
7243
7243
7240
7240
7240
7238
7238
7235
7234
7231
7226
7224
7222
7221
7220
7219
7219
7219
7218
7216
7216
7215
7215
7214
7213
7213
7212
7212
7210
7209
7208
7207
7207
7205
7204
7204
7203
7203
7203
7203
7202
7202
7201
7199
7199
7198
7198
7197
7196
7194
7194
7192
7192
7189
7189
7188
7188
7186
7184
7184
7183
7183
7183
7183
7181
7180
7180
7178
7178
7178
7178
7177
7177
7176
7176
7176
7175
7175
7174
7173
7171
7171
7171
7170
7170
7170
7169
7169
7169
7168
7167
7166
7163
7160
7159
7159
7158
7157
7157
7155
7154
7153
7151
7151
7151
7151
7151
7150
7149
7149
7149
7149
7149
7147
7142
7141
7140
7138
7137
7137
7135
7135
7134
7132
7131
7131
7131
7131
7130
7130
7125
7124
7124
7124
7123
7122
7122
7121
7121
7119
7116
7114
7112
7111
7110
7110
7109
7109
7107
7106
7104
7103
7103
7103
7103
7098
7097
7096
7095
7095
7093
7093
7093
7092
7091
7090
7089
7089
7089
7089
7088
7087
7085
7085
7084
7084
7083
7082
7082
7082
7080
7079
7079
7077
7076
7075
7072
7071
7070
7069
7067
7067
7066
7066
7064
7064
7063
7061
7061
7060
7060
7059
7058
7054
7053
7053
7052
7050
7050
7049
7048
7048
7048
7048
7046
7046
7046
7046
7045
7043
7042
7041
7041
7040
7039
7037
7036
7035
7033
7033
7032
7032
7032
7031
7030
7027
7024
7023
7022
7022
7020
7020
7020
7016
7014
7014
7014
7013
7012
7010
7010
7008
7008
7006
7005
7005
7005
7003
7003
7001
7000
7000
6996
6996
6995
6995
6995
6993
6991
6991
6991
6990
6989
6987
6986
6985
6984
6983
6982
6982
6981
6981
6981
6979
6979
6978
6978
6977
6976
6976
6974
6974
6973
6973
6972
6972
6971
6969
6969
6968
6967
6967
6965
6965
6963
6963
6962
6962
6962
6961
6961
6961
6958
6958
6956
6956
6956
6951
6950
6950
6950
6949
6948
6947
6947
6943
6941
6936
6934
6934
6934
6933
6932
6931
6930
6930
6929
6928
6928
6927
6926
6926
6923
6922
6922
6920
6919
6918
6918
6918
6918
6917
6917
6914
6913
6912
6911
6911
6909
6908
6905
6905
6905
6904
6903
6903
6902
6902
6902
6901
6900
6898
6898
6897
6891
6888
6886
6884
6883
6883
6879
6877
6877
6872
6869
6868
6868
6867
6864
6863
6863
6860
6859
6859
6859
6857
6857
6857
6856
6856
6856
6855
6854
6854
6851
6851
6851
6849
6848
6847
6846
6845
6845
6843
6842
6841
6841
6838
6837
6836
6835
6834
6834
6832
6832
6832
6829
6829
6829
6828
6828
6826
6825
6825
6823
6822
6821
6820
6818
6818
6817
6817
6816
6816
6815
6814
6813
6813
6813
6813
6811
6811
6809
6809
6808
6807
6806
6805
6803
6801
6800
6800
6800
6799
6799
6798
6795
6795
6795
6792
6792
6792
6790
6790
6789
6789
6788
6787
6784
6783
6782
6782
6780
6779
6779
6778
6776
6775
6774
6773
6772
6772
6771
6771
6770
6770
6770
6769
6768
6763
6762
6760
6760
6759
6758
6758
6757
6756
6755
6753
6752
6751
6751
6751
6750
6748
6747
6746
6746
6745
6742
6740
6737
6737
6736
6736
6735
6734
6732
6732
6730
6730
6730
6729
6728
6728
6727
6727
6725
6724
6722
6718
6717
6717
6715
6713
6712
6711
6711
6711
6711
6711
6710
6708
6708
6707
6706
6706
6705
6704
6704
6703
6703
6702
6702
6701
6701
6701
6701
6700
6700
6698
6698
6696
6695
6695
6695
6694
6694
6692
6692
6691
6691
6690
6688
6687
6687
6686
6685
6683
6682
6682
6681
6680
6679
6678
6676
6676
6675
6675
6674
6674
6673
6672
6670
6668
6668
6666
6665
6665
6664
6664
6664
6663
6662
6662
6660
6660
6660
6660
6658
6658
6658
6657
6656
6656
6656
6655
6655
6654
6652
6652
6651
6650
6649
6648
6646
6642
6639
6637
6637
6637
6635
6632
6631
6630
6630
6628
6628
6628
6627
6626
6625
6625
6624
6622
6621
6621
6620
6620
6620
6620
6619
6619
6618
6617
6615
6611
6609
6608
6608
6607
6606
6606
6605
6604
6603
6602
6600
6598
6597
6596
6593
6593
6592
6592
6592
6590
6590
6589
6585
6584
6584
6579
6579
6578
6578
6577
6574
6572
6572
6570
6570
6570
6565
6563
6563
6563
6563
6562
6562
6561
6560
6559
6559
6555
6555
6555
6554
6553
6553
6552
6551
6550
6550
6550
6549
6549
6547
6547
6544
6544
6543
6542
6542
6541
6541
6539
6539
6539
6538
6538
6538
6537
6536
6535
6533
6532
6532
6532
6530
6530
6529
6528
6527
6522
6521
6521
6520
6519
6518
6516
6515
6515
6514
6513
6513
6512
6510
6510
6510
6506
6506
6503
6503
6502
6500
6497
6497
6495
6495
6494
6492
6492
6492
6491
6491
6489
6487
6487
6484
6479
6479
6479
6479
6478
6478
6477
6475
6474
6474
6469
6469
6468
6468
6467
6467
6467
6467
6466
6466
6463
6461
6459
6457
6455
6455
6455
6454
6453
6453
6453
6452
6451
6449
6449
6449
6449
6446
6445
6445
6445
6445
6443
6442
6440
6440
6436
6436
6435
6435
6434
6434
6433
6431
6430
6429
6428
6427
6427
6427
6426
6425
6425
6423
6422
6422
6421
6421
6420
6420
6420
6417
6416
6416
6415
6414
6413
6413
6411
6409
6407
6407
6406
6405
6404
6399
6398
6397
6395
6395
6394
6394
6394
6393
6393
6392
6392
6392
6391
6391
6388
6388
6388
6387
6387
6385
6383
6383
6383
6382
6382
6380
6380
6379
6378
6376
6376
6373
6372
6371
6369
6369
6369
6367
6367
6366
6365
6364
6363
6363
6362
6362
6361
6361
6360
6360
6360
6359
6359
6358
6356
6355
6355
6354
6354
6354
6350
6349
6348
6347
6347
6347
6343
6342
6342
6341
6341
6335
6334
6334
6334
6333
6333
6330
6330
6328
6328
6328
6327
6327
6326
6325
6324
6324
6323
6323
6322
6322
6321
6321
6320
6319
6318
6316
6311
6310
6309
6308
6306
6305
6305
6304
6303
6303
6303
6302
6301
6301
6298
6298
6298
6297
6296
6296
6296
6294
6294
6291
6291
6290
6289
6289
6288
6287
6284
6281
6280
6280
6278
6276
6273
6273
6272
6270
6268
6268
6268
6267
6266
6266
6265
6265
6264
6264
6264
6263
6263
6262
6261
6260
6260
6259
6257
6256
6253
6252
6252
6249
6247
6247
6246
6245
6244
6244
6244
6242
6241
6240
6240
6240
6240
6239
6238
6237
6234
6231
6229
6227
6226
6226
6224
6224
6224
6223
6221
6221
6220
6213
6212
6209
6208
6206
6206
6203
6202
6202
6201
6200
6200
6199
6199
6198
6197
6196
6196
6196
6194
6194
6194
6193
6192
6192
6192
6192
6191
6190
6187
6187
6187
6185
6183
6181
6180
6180
6180
6179
6179
6178
6178
6177
6176
6176
6175
6175
6174
6174
6173
6173
6170
6168
6166
6165
6164
6162
6161
6159
6157
6157
6157
6157
6156
6153
6152
6152
6151
6151
6151
6150
6149
6148
6148
6145
6145
6142
6142
6141
6141
6141
6140
6140
6135
6134
6134
6133
6132
6131
6131
6130
6128
6126
6126
6125
6125
6124
6124
6124
6123
6123
6123
6121
6121
6121
6120
6120
6119
6118
6118
6118
6116
6116
6116
6115
6115
6115
6113
6113
6113
6111
6111
6110
6109
6109
6106
6106
6105
6101
6099
6098
6098
6097
6096
6094
6093
6092
6092
6091
6089
6089
6085
6084
6084
6083
6082
6082
6082
6081
6078
6077
6076
6075
6075
6075
6074
6073
6071
6071
6069
6069
6067
6066
6066
6066
6064
6064
6063
6063
6063
6062
6062
6062
6062
6060
6059
6058
6055
6052
6052
6052
6051
6051
6051
6051
6050
6050
6050
6049
6049
6048
6047
6046
6046
6044
6044
6041
6040
6038
6037
6037
6037
6035
6035
6033
6032
6031
6030
6030
6028
6025
6022
6021
6019
6018
6018
6014
6014
6012
6009
6009
6008
6008
6008
6007
6007
6006
6006
6006
6003
6003
6001
6000
5996
5995
5995
5995
5992
5990
5989
5989
5987
5985
5984
5983
5983
5982
5982
5982
5978
5977
5976
5976
5976
5975
5972
5969
5968
5968
5968
5967
5966
5965
5964
5963
5959
5959
5959
5958
5958
5957
5955
5954
5952
5952
5951
5951
5951
5950
5949
5948
5948
5947
5947
5946
5946
5946
5946
5946
5945
5943
5942
5942
5941
5940
5940
5940
5940
5938
5937
5937
5937
5936
5936
5934
5934
5934
5933
5932
5932
5932
5926
5924
5924
5924
5921
5921
5920
5920
5920
5920
5919
5917
5917
5916
5915
5915
5913
5911
5910
5909
5909
5907
5905
5905
5902
5900
5900
5896
5896
5894
5893
5892
5891
5891
5891
5890
5890
5890
5888
5887
5884
5884
5884
5884
5881
5881
5881
5880
5880
5880
5879
5876
5876
5876
5875
5874
5874
5873
5873
5872
5868
5867
5867
5865
5864
5863
5863
5861
5861
5859
5858
5858
5857
5857
5854
5854
5854
5852
5852
5850
5848
5846
5846
5846
5846
5846
5845
5844
5843
5841
5838
5837
5836
5833
5832
5832
5831
5831
5829
5828
5828
5827
5826
5826
5824
5822
5820
5820
5819
5818
5817
5816
5816
5815
5814
5813
5810
5810
5809
5807
5807
5806
5806
5806
5806
5805
5804
5803
5803
5803
5801
5799
5799
5792
5792
5791
5787
5787
5787
5787
5786
5785
5785
5782
5781
5776
5776
5776
5775
5774
5770
5768
5767
5765
5763
5762
5761
5760
5758
5757
5757
5756
5755
5754
5754
5754
5752
5751
5750
5748
5748
5748
5747
5747
5745
5744
5744
5741
5740
5740
5739
5738
5737
5735
5733
5732
5732
5731
5731
5729
5729
5728
5726
5725
5722
5720
5720
5719
5719
5719
5718
5717
5717
5715
5711
5711
5711
5710
5710
5710
5709
5708
5707
5706
5705
5705
5704
5703
5701
5701
5698
5696
5695
5691
5690
5689
5689
5687
5684
5684
5682
5681
5681
5681
5680
5679
5678
5678
5677
5677
5677
5676
5675
5675
5675
5672
5671
5670
5669
5668
5668
5668
5667
5667
5666
5665
5664
5661
5659
5659
5658
5658
5658
5653
5653
5653
5652
5650
5650
5649
5649
5648
5646
5645
5645
5643
5642
5640
5639
5638
5637
5636
5635
5635
5633
5632
5632
5630
5630
5630
5627
5627
5627
5626
5625
5625
5625
5623
5622
5621
5620
5616
5615
5614
5614
5613
5611
5610
5610
5607
5607
5607
5605
5604
5604
5604
5602
5601
5600
5598
5598
5597
5597
5597
5596
5595
5594
5593
5591
5591
5591
5590
5589
5589
5588
5588
5588
5588
5586
5585
5584
5583
5583
5582
5582
5580
5576
5576
5576
5574
5574
5573
5572
5572
5572
5571
5571
5567
5566
5563
5563
5563
5562
5561
5559
5559
5558
5557
5555
5555
5555
5554
5553
5553
5552
5552
5552
5552
5550
5549
5549
5548
5547
5546
5541
5540
5540
5540
5539
5539
5538
5537
5536
5534
5534
5534
5533
5532
5532
5532
5532
5531
5528
5527
5527
5527
5522
5521
5521
5520
5519
5518
5518
5516
5516
5514
5513
5513
5512
5512
5512
5509
5509
5508
5508
5502
5501
5500
5500
5499
5499
5499
5498
5494
5494
5490
5490
5489
5489
5485
5484
5481
5480
5479
5479
5478
5478
5477
5477
5476
5476
5474
5473
5472
5472
5468
5467
5467
5467
5466
5466
5465
5463
5462
5461
5460
5460
5459
5457
5457
5455
5455
5455
5454
5453
5452
5452
5452
5452
5452
5452
5451
5451
5449
5448
5448
5447
5447
5446
5444
5443
5443
5443
5443
5443
5442
5442
5442
5442
5441
5441
5441
5440
5439
5438
5436
5436
5436
5436
5435
5435
5435
5435
5434
5434
5433
5433
5433
5430
5426
5424
5423
5422
5421
5420
5419
5419
5418
5418
5418
5417
5412
5411
5410
5410
5409
5407
5407
5405
5404
5404
5404
5400
5399
5397
5397
5397
5397
5397
5397
5394
5394
5394
5392
5392
5391
5391
5391
5390
5388
5388
5388
5386
5385
5384
5384
5383
5383
5382
5381
5379
5379
5378
5377
5377
5376
5374
5373
5372
5372
5371
5371
5370
5368
5368
5368
5367
5366
5366
5365
5365
5364
5363
5362
5358
5358
5357
5352
5352
5352
5348
5347
5344
5343
5342
5339
5339
5339
5338
5338
5338
5337
5337
5335
5335
5332
5332
5332
5331
5330
5330
5330
5329
5329
5328
5327
5327
5327
5324
5322
5322
5322
5321
5321
5321
5320
5319
5316
5316
5314
5314
5312
5312
5311
5311
5310
5310
5308
5306
5306
5305
5304
5303
5303
5303
5299
5297
5296
5295
5295
5294
5293
5291
5290
5290
5287
5287
5285
5283
5283
5281
5281
5280
5278
5276
5275
5275
5274
5273
5273
5273
5273
5273
5273
5273
5271
5269
5269
5268
5266
5263
5258
5257
5255
5255
5255
5253
5252
5250
5249
5247
5246
5246
5244
5244
5244
5243
5243
5240
5236
5235
5235
5232
5232
5230
5230
5229
5227
5227
5227
5225
5224
5221
5221
5220
5220
5217
5212
5210
5209
5209
5207
5207
5205
5204
5204
5203
5201
5201
5201
5198
5194
5193
5193
5191
5190
5190
5187
5186
5186
5184
5183
5183
5182
5181
5179
5179
5178
5178
5178
5175
5174
5173
5172
5171
5171
5170
5169
5169
5167
5167
5166
5166
5165
5164
5163
5162
5162
5162
5161
5157
5156
5155
5154
5154
5153
5151
5151
5151
5150
5147
5147
5147
5144
5144
5143
5137
5137
5135
5135
5131
5130
5129
5126
5126
5125
5125
5123
5123
5123
5123
5122
5120
5120
5119
5117
5117
5116
5115
5113
5112
5112
5111
5110
5110
5109
5109
5108
5105
5105
5104
5102
5099
5099
5098
5098
5097
5097
5096
5095
5094
5092
5091
5091
5091
5090
5087
5085
5085
5084
5084
5083
5083
5082
5080
5080
5080
5078
5077
5076
5075
5073
5072
5072
5071
5071
5070
5069
5068
5068
5066
5063
5062
5062
5062
5060
5060
5059
5059
5058
5056
5054
5052
5052
5050
5050
5050
5050
5049
5049
5046
5046
5045
5044
5042
5042
5039
5036
5036
5036
5033
5033
5032
5030
5029
5029
5029
5028
5027
5025
5025
5025
5023
5022
5022
5022
5021
5020
5020
5019
5019
5018
5016
5016
5012
5012
5012
5011
5010
5008
5007
5007
5006
5006
5005
5005
5004
5004
5003
4999
4998
4997
4996
4996
4995
4995
4995
4993
4992
4990
4986
4984
4983
4980
4978
4978
4977
4976
4975
4973
4972
4970
4970
4967
4964
4964
4963
4962
4962
4961
4960
4960
4960
4958
4954
4953
4950
4947
4944
4942
4942
4941
4940
4940
4940
4939
4938
4938
4938
4938
4938
4937
4937
4936
4935
4935
4934
4933
4932
4929
4929
4927
4926
4925
4924
4923
4923
4923
4921
4921
4918
4917
4915
4911
4909
4909
4908
4907
4905
4905
4905
4904
4904
4902
4902
4900
4899
4897
4897
4895
4895
4893
4892
4891
4885
4884
4883
4883
4882
4881
4881
4878
4878
4878
4877
4876
4876
4876
4874
4873
4873
4872
4868
4868
4867
4866
4865
4863
4863
4862
4859
4858
4858
4858
4858
4857
4855
4853
4850
4849
4847
4845
4843
4843
4842
4837
4837
4837
4836
4834
4829
4827
4824
4823
4822
4821
4817
4813
4813
4813
4812
4810
4809
4809
4809
4807
4805
4805
4802
4802
4801
4801
4800
4798
4795
4795
4795
4794
4793
4792
4792
4791
4790
4790
4789
4788
4788
4787
4787
4786
4785
4785
4785
4783
4779
4779
4778
4776
4775
4775
4774
4772
4770
4767
4767
4762
4762
4761
4761
4760
4758
4757
4756
4751
4749
4749
4748
4748
4748
4746
4745
4742
4742
4742
4741
4739
4738
4738
4737
4736
4736
4735
4733
4733
4731
4731
4731
4729
4729
4727
4727
4726
4726
4725
4725
4725
4724
4723
4720
4720
4719
4719
4719
4718
4718
4717
4716
4715
4714
4710
4710
4709
4708
4707
4707
4707
4706
4706
4705
4703
4702
4702
4702
4701
4701
4699
4698
4698
4695
4694
4693
4693
4692
4692
4691
4690
4690
4688
4687
4687
4685
4682
4681
4679
4679
4678
4678
4676
4674
4673
4672
4671
4670
4668
4667
4667
4665
4664
4662
4660
4660
4659
4658
4658
4658
4657
4657
4657
4657
4654
4654
4652
4651
4651
4651
4650
4650
4650
4650
4648
4648
4648
4647
4646
4645
4644
4644
4644
4642
4641
4640
4640
4640
4640
4639
4638
4637
4637
4636
4635
4635
4633
4633
4633
4630
4628
4628
4626
4625
4625
4623
4623
4622
4622
4622
4620
4619
4616
4616
4616
4616
4615
4615
4615
4615
4614
4610
4610
4610
4609
4609
4606
4606
4605
4604
4604
4604
4604
4602
4600
4596
4595
4595
4595
4595
4595
4594
4593
4593
4592
4591
4591
4591
4588
4587
4586
4585
4585
4584
4584
4582
4582
4581
4581
4578
4577
4576
4575
4575
4574
4572
4572
4571
4568
4568
4567
4566
4566
4565
4564
4563
4561
4561
4560
4559
4559
4558
4557
4556
4556
4555
4554
4553
4552
4552
4552
4552
4551
4551
4551
4549
4546
4545
4543
4543
4543
4542
4539
4538
4538
4538
4537
4535
4534
4533
4533
4531
4531
4531
4529
4529
4528
4528
4527
4525
4524
4522
4522
4520
4520
4519
4516
4516
4515
4514
4513
4513
4510
4510
4509
4509
4508
4507
4507
4504
4502
4500
4499
4498
4497
4495
4495
4494
4493
4493
4491
4491
4491
4491
4491
4490
4488
4487
4487
4486
4485
4485
4481
4481
4481
4481
4481
4479
4478
4477
4477
4475
4474
4474
4472
4472
4470
4467
4466
4465
4465
4465
4464
4462
4461
4459
4459
4458
4458
4457
4457
4456
4456
4456
4455
4454
4451
4448
4448
4448
4447
4446
4444
4443
4443
4442
4442
4439
4438
4438
4438
4438
4437
4435
4435
4433
4432
4431
4431
4430
4430
4429
4429
4428
4428
4425
4425
4421
4420
4420
4418
4415
4415
4415
4414
4414
4413
4411
4411
4409
4409
4408
4408
4408
4404
4403
4403
4402
4402
4400
4397
4396
4395
4395
4393
4392
4390
4390
4389
4387
4386
4385
4385
4385
4384
4384
4383
4381
4378
4378
4375
4369
4369
4369
4369
4368
4367
4366
4365
4364
4363
4363
4362
4361
4361
4360
4355
4354
4352
4352
4351
4350
4349
4349
4348
4347
4347
4344
4344
4343
4343
4342
4341
4340
4340
4340
4338
4338
4338
4336
4336
4334
4333
4332
4327
4326
4325
4323
4323
4322
4322
4321
4321
4321
4319
4318
4317
4316
4311
4311
4308
4307
4306
4305
4305
4304
4303
4302
4301
4301
4300
4299
4290
4290
4287
4286
4285
4284
4283
4281
4279
4279
4278
4278
4277
4276
4275
4273
4273
4271
4271
4269
4266
4266
4266
4264
4263
4263
4262
4262
4261
4261
4259
4258
4257
4255
4254
4252
4251
4250
4250
4250
4243
4241
4240
4240
4237
4236
4235
4234
4233
4232
4231
4230
4229
4227
4226
4224
4224
4220
4220
4220
4218
4218
4216
4216
4215
4215
4212
4212
4212
4211
4208
4207
4207
4204
4203
4203
4200
4200
4199
4198
4196
4195
4195
4194
4192
4191
4191
4189
4189
4189
4188
4186
4186
4186
4185
4184
4183
4181
4180
4178
4178
4174
4174
4173
4172
4171
4169
4167
4166
4166
4165
4165
4164
4164
4163
4162
4162
4162
4161
4161
4160
4160
4159
4159
4155
4154
4153
4151
4150
4149
4149
4147
4146
4144
4139
4138
4138
4137
4136
4136
4135
4134
4134
4134
4133
4131
4131
4130
4130
4130
4126
4126
4120
4120
4120
4119
4119
4119
4118
4115
4115
4114
4112
4109
4108
4107
4107
4107
4106
4106
4104
4103
4102
4102
4102
4101
4100
4099
4098
4098
4097
4097
4095
4094
4094
4094
4094
4093
4090
4088
4084
4084
4081
4081
4081
4081
4081
4079
4078
4077
4074
4074
4073
4072
4070
4070
4069
4069
4066
4065
4065
4064
4064
4064
4064
4064
4060
4060
4059
4058
4057
4056
4056
4055
4048
4046
4045
4045
4043
4042
4042
4039
4038
4038
4038
4035
4035
4034
4034
4032
4030
4030
4029
4027
4027
4025
4023
4022
4018
4018
4018
4017
4016
4016
4015
4014
4012
4012
4011
4011
4011
4011
4010
4008
4008
4006
4006
4006
4005
4002
4002
4001
3999
3998
3997
3995
3995
3994
3992
3991
3989
3989
3988
3987
3985
3984
3984
3984
3983
3980
3977
3976
3976
3975
3975
3974
3974
3974
3973
3972
3971
3970
3970
3969
3969
3969
3968
3966
3965
3965
3964
3959
3959
3958
3958
3957
3954
3954
3953
3952
3950
3949
3949
3947
3947
3947
3946
3946
3946
3946
3943
3942
3942
3941
3940
3940
3940
3939
3936
3935
3934
3934
3933
3931
3930
3928
3928
3927
3926
3926
3926
3926
3925
3924
3924
3924
3923
3923
3922
3921
3919
3919
3918
3913
3913
3911
3911
3908
3906
3906
3905
3905
3903
3903
3901
3898
3897
3897
3896
3896
3894
3893
3892
3892
3892
3891
3891
3891
3891
3890
3889
3887
3886
3886
3884
3883
3883
3882
3879
3878
3877
3875
3875
3875
3875
3872
3871
3871
3868
3868
3868
3868
3867
3863
3862
3862
3862
3861
3857
3856
3855
3854
3851
3851
3850
3849
3849
3848
3847
3846
3845
3843
3841
3839
3839
3838
3836
3835
3834
3834
3833
3832
3831
3828
3828
3827
3827
3825
3824
3824
3823
3822
3821
3820
3820
3819
3815
3814
3813
3812
3812
3812
3810
3809
3809
3805
3804
3801
3801
3800
3799
3798
3798
3798
3797
3795
3795
3795
3794
3793
3793
3793
3791
3790
3788
3788
3786
3786
3783
3779
3777
3776
3776
3772
3772
3772
3772
3771
3771
3771
3770
3769
3769
3767
3766
3766
3765
3762
3762
3762
3760
3759
3759
3759
3757
3756
3753
3753
3753
3751
3750
3748
3748
3747
3747
3745
3745
3744
3743
3742
3741
3740
3739
3737
3737
3735
3735
3734
3733
3732
3731
3729
3728
3728
3727
3726
3726
3724
3723
3722
3722
3719
3718
3715
3712
3712
3712
3712
3710
3710
3707
3706
3705
3703
3702
3702
3701
3701
3700
3699
3699
3699
3698
3697
3697
3692
3692
3691
3689
3687
3686
3685
3684
3682
3681
3680
3678
3678
3677
3677
3677
3675
3675
3675
3673
3672
3669
3668
3667
3667
3666
3666
3664
3664
3661
3657
3657
3656
3653
3653
3653
3651
3650
3649
3649
3648
3648
3647
3645
3643
3641
3641
3640
3639
3638
3637
3637
3635
3634
3633
3633
3632
3630
3630
3629
3629
3628
3628
3627
3627
3626
3626
3625
3625
3624
3622
3622
3620
3620
3619
3619
3618
3615
3615
3612
3611
3610
3610
3609
3608
3608
3606
3605
3605
3605
3604
3601
3600
3600
3598
3598
3597
3597
3596
3595
3592
3591
3589
3588
3587
3587
3586
3586
3583
3582
3582
3578
3578
3577
3576
3574
3573
3572
3572
3570
3569
3569
3569
3568
3567
3566
3565
3564
3563
3562
3561
3561
3560
3558
3557
3557
3555
3555
3555
3554
3553
3553
3552
3551
3551
3551
3547
3547
3545
3544
3543
3542
3541
3540
3540
3539
3539
3538
3538
3536
3536
3535
3531
3530
3530
3529
3529
3527
3525
3521
3520
3518
3518
3517
3516
3516
3516
3515
3513
3512
3511
3510
3510
3507
3507
3506
3506
3505
3505
3505
3504
3502
3499
3499
3492
3489
3489
3484
3483
3483
3482
3482
3480
3480
3480
3480
3479
3478
3473
3473
3473
3470
3468
3468
3466
3466
3465
3463
3463
3463
3462
3462
3462
3458
3456
3455
3455
3454
3454
3454
3453
3452
3452
3451
3449
3449
3447
3446
3445
3444
3443
3442
3442
3441
3440
3439
3439
3439
3435
3435
3428
3426
3425
3422
3422
3421
3421
3419
3419
3417
3416
3414
3412
3411
3411
3409
3409
3408
3407
3406
3405
3404
3403
3400
3399
3398
3398
3397
3396
3396
3395
3395
3394
3393
3392
3392
3390
3389
3389
3388
3384
3384
3383
3383
3381
3380
3379
3377
3376
3376
3374
3371
3371
3370
3369
3368
3366
3364
3363
3361
3359
3358
3358
3357
3355
3354
3354
3354
3354
3353
3353
3351
3349
3349
3349
3349
3344
3344
3342
3341
3340
3339
3339
3339
3336
3335
3333
3333
3331
3331
3330
3330
3329
3329
3329
3329
3328
3327
3327
3326
3325
3323
3322
3321
3321
3320
3319
3318
3317
3316
3316
3314
3314
3307
3306
3305
3305
3305
3304
3303
3303
3303
3303
3300
3300
3299
3299
3298
3297
3297
3296
3294
3293
3292
3291
3291
3290
3290
3289
3288
3287
3287
3286
3286
3285
3285
3285
3285
3284
3284
3283
3283
3280
3279
3279
3279
3278
3278
3277
3276
3276
3274
3270
3268
3267
3267
3267
3265
3264
3263
3262
3261
3260
3259
3259
3257
3255
3252
3251
3250
3250
3244
3243
3243
3242
3241
3240
3239
3238
3236
3236
3236
3235
3233
3233
3233
3232
3231
3226
3226
3226
3225
3223
3222
3222
3221
3219
3218
3218
3218
3216
3216
3216
3214
3214
3213
3211
3211
3208
3208
3208
3205
3204
3204
3203
3203
3203
3203
3203
3203
3202
3200
3199
3198
3197
3196
3195
3194
3193
3193
3191
3191
3190
3188
3186
3184
3182
3181
3180
3178
3178
3177
3176
3176
3175
3173
3173
3173
3172
3170
3170
3169
3169
3167
3167
3165
3165
3163
3161
3160
3158
3158
3158
3157
3154
3154
3154
3154
3153
3152
3150
3147
3145
3142
3142
3140
3139
3138
3137
3137
3137
3136
3134
3132
3130
3129
3128
3127
3126
3125
3123
3123
3123
3123
3123
3122
3121
3119
3119
3118
3117
3116
3115
3115
3113
3113
3113
3113
3112
3110
3108
3107
3106
3106
3104
3103
3102
3101
3098
3098
3097
3096
3096
3095
3094
3094
3093
3093
3088
3086
3084
3084
3082
3076
3076
3076
3074
3073
3072
3072
3072
3072
3071
3070
3070
3069
3068
3068
3068
3068
3066
3066
3065
3063
3062
3060
3060
3060
3060
3060
3058
3058
3057
3057
3055
3052
3052
3051
3051
3050
3049
3049
3047
3047
3045
3045
3044
3043
3040
3039
3038
3037
3037
3036
3035
3034
3029
3028
3027
3027
3025
3023
3022
3019
3018
3018
3017
3016
3015
3013
3013
3012
3012
3010
3010
3009
3009
3008
3006
3005
3004
3004
3003
3001
2998
2998
2998
2997
2994
2993
2992
2992
2989
2987
2987
2987
2987
2986
2984
2984
2983
2983
2981
2978
2976
2976
2973
2973
2972
2968
2968
2967
2967
2965
2964
2963
2963
2963
2961
2960
2960
2959
2959
2958
2957
2956
2955
2955
2954
2953
2951
2950
2948
2947
2947
2946
2946
2944
2943
2943
2942
2941
2940
2939
2938
2936
2934
2933
2932
2932
2932
2931
2930
2926
2926
2924
2923
2923
2920
2919
2919
2919
2919
2917
2916
2915
2914
2914
2913
2912
2911
2910
2910
2909
2908
2908
2907
2906
2906
2906
2906
2904
2904
2903
2901
2901
2901
2900
2899
2897
2895
2895
2894
2894
2894
2893
2893
2893
2890
2889
2889
2888
2888
2888
2887
2886
2886
2884
2879
2873
2872
2872
2870
2869
2869
2868
2868
2868
2866
2864
2863
2863
2863
2860
2860
2857
2857
2857
2857
2857
2856
2855
2855
2854
2854
2853
2852
2851
2850
2846
2845
2844
2842
2841
2840
2840
2839
2839
2838
2838
2836
2836
2834
2832
2828
2828
2827
2825
2824
2820
2819
2818
2817
2816
2816
2815
2814
2813
2812
2812
2812
2810
2809
2809
2808
2807
2803
2802
2801
2800
2800
2799
2796
2793
2790
2790
2788
2787
2785
2783
2782
2782
2782
2782
2780
2780
2780
2779
2775
2774
2773
2773
2771
2771
2771
2770
2770
2768
2768
2767
2765
2764
2764
2761
2761
2760
2758
2755
2755
2754
2754
2750
2749
2748
2746
2745
2744
2743
2743
2741
2740
2739
2739
2737
2737
2736
2735
2730
2729
2729
2727
2726
2724
2724
2723
2722
2721
2720
2720
2719
2718
2718
2717
2716
2716
2716
2716
2714
2714
2712
2712
2712
2710
2709
2709
2709
2708
2706
2705
2704
2703
2702
2701
2699
2696
2696
2695
2692
2688
2687
2687
2685
2684
2684
2684
2683
2680
2679
2678
2677
2677
2676
2676
2676
2672
2672
2671
2671
2670
2670
2667
2666
2665
2664
2664
2664
2663
2663
2659
2658
2657
2654
2653
2651
2650
2650
2650
2649
2649
2649
2648
2648
2647
2644
2643
2643
2643
2641
2641
2639
2638
2634
2633
2633
2632
2631
2628
2627
2627
2626
2625
2621
2620
2617
2615
2614
2612
2611
2611
2610
2610
2608
2607
2607
2607
2606
2603
2602
2600
2600
2597
2597
2595
2595
2594
2594
2594
2592
2588
2585
2584
2584
2583
2583
2582
2581
2581
2580
2579
2578
2576
2575
2573
2573
2572
2571
2571
2569
2567
2565
2565
2565
2564
2563
2563
2563
2563
2561
2559
2559
2558
2557
2555
2555
2555
2555
2553
2552
2552
2549
2548
2547
2547
2546
2545
2545
2544
2544
2544
2542
2541
2541
2540
2538
2538
2536
2536
2534
2534
2533
2533
2532
2530
2530
2530
2529
2528
2528
2528
2528
2525
2525
2525
2525
2523
2523
2523
2522
2521
2521
2519
2518
2518
2518
2514
2512
2510
2507
2506
2504
2503
2501
2500
2499
2498
2498
2496
2494
2494
2492
2492
2492
2490
2488
2487
2486
2485
2484
2482
2481
2480
2480
2479
2478
2478
2477
2475
2474
2471
2470
2470
2465
2464
2464
2463
2463
2461
2460
2458
2457
2456
2454
2454
2451
2450
2448
2448
2447
2446
2445
2445
2442
2442
2442
2440
2440
2439
2439
2438
2437
2435
2435
2434
2433
2432
2430
2429
2429
2424
2423
2422
2420
2416
2415
2415
2412
2411
2409
2408
2406
2402
2402
2398
2397
2397
2396
2396
2394
2392
2388
2388
2387
2385
2385
2384
2384
2383
2383
2381
2381
2381
2380
2379
2378
2378
2378
2375
2373
2372
2371
2370
2368
2367
2366
2365
2365
2364
2363
2362
2360
2358
2358
2356
2355
2355
2355
2354
2353
2352
2352
2352
2351
2351
2351
2350
2349
2347
2345
2345
2344
2343
2343
2343
2343
2341
2339
2339
2338
2337
2335
2332
2331
2330
2329
2329
2329
2328
2328
2327
2323
2323
2322
2322
2321
2321
2321
2320
2320
2320
2319
2319
2318
2317
2313
2313
2312
2312
2311
2311
2309
2309
2309
2308
2308
2307
2307
2306
2303
2302
2301
2301
2300
2300
2300
2298
2298
2298
2298
2297
2296
2295
2292
2291
2290
2289
2289
2288
2288
2287
2285
2284
2284
2283
2282
2282
2282
2282
2281
2281
2280
2280
2279
2279
2278
2278
2276
2276
2274
2274
2274
2273
2273
2268
2267
2265
2264
2263
2263
2263
2262
2260
2260
2259
2259
2258
2258
2258
2257
2257
2256
2254
2254
2254
2252
2251
2249
2247
2245
2245
2241
2241
2241
2240
2237
2237
2235
2234
2233
2233
2232
2231
2231
2230
2228
2223
2220
2219
2219
2218
2216
2216
2214
2212
2212
2212
2209
2208
2207
2207
2206
2205
2205
2204
2204
2201
2200
2198
2198
2197
2197
2195
2194
2193
2185
2183
2179
2179
2176
2176
2173
2173
2171
2171
2170
2168
2168
2167
2167
2165
2165
2165
2165
2164
2162
2161
2161
2159
2157
2157
2157
2155
2154
2154
2153
2152
2146
2146
2145
2144
2144
2142
2142
2141
2141
2140
2139
2139
2138
2135
2134
2134
2132
2132
2129
2129
2128
2126
2126
2126
2126
2124
2123
2123
2120
2119
2119
2118
2117
2117
2115
2114
2114
2111
2111
2110
2110
2109
2108
2107
2106
2106
2105
2105
2105
2104
2103
2101
2100
2100
2100
2099
2098
2098
2098
2097
2097
2097
2096
2095
2094
2094
2093
2090
2088
2088
2088
2085
2085
2084
2084
2082
2081
2080
2079
2078
2078
2076
2073
2073
2073
2071
2070
2070
2070
2069
2068
2068
2066
2064
2063
2063
2060
2059
2059
2059
2058
2057
2056
2056
2056
2055
2053
2051
2049
2049
2047
2046
2044
2044
2043
2041
2039
2037
2037
2036
2035
2034
2034
2034
2034
2033
2033
2033
2031
2030
2029
2028
2026
2024
2024
2024
2024
2023
2022
2021
2020
2020
2020
2019
2019
2019
2017
2016
2014
2014
2014
2014
2013
2012
2010
2010
2010
2010
2006
2003
2003
2002
2002
2001
2000
1999
1998
1997
1995
1995
1995
1994
1994
1992
1992
1991
1989
1988
1987
1987
1986
1984
1982
1980
1979
1979
1978
1977
1975
1973
1973
1973
1973
1971
1969
1968
1968
1966
1966
1966
1965
1965
1965
1964
1964
1964
1961
1960
1956
1956
1954
1954
1953
1951
1951
1949
1948
1946
1945
1945
1941
1938
1936
1934
1930
1930
1930
1930
1929
1926
1924
1923
1923
1922
1919
1916
1916
1915
1915
1915
1913
1912
1910
1907
1906
1905
1905
1904
1904
1903
1900
1900
1898
1897
1895
1893
1892
1892
1891
1891
1890
1890
1889
1889
1887
1883
1883
1882
1881
1881
1880
1880
1880
1879
1878
1877
1876
1876
1875
1875
1874
1872
1872
1872
1872
1870
1868
1868
1868
1866
1866
1865
1864
1864
1862
1861
1859
1857
1857
1856
1855
1852
1851
1851
1850
1848
1847
1847
1844
1844
1843
1843
1842
1842
1842
1842
1842
1841
1840
1839
1839
1838
1835
1834
1833
1830
1830
1828
1828
1828
1828
1825
1825
1825
1823
1819
1818
1817
1816
1816
1815
1815
1814
1814
1814
1812
1812
1812
1810
1810
1809
1808
1805
1805
1805
1805
1803
1802
1802
1802
1802
1801
1800
1800
1799
1798
1798
1797
1796
1796
1795
1793
1792
1791
1790
1789
1789
1785
1784
1784
1784
1782
1781
1778
1778
1777
1776
1776
1774
1774
1771
1768
1768
1768
1768
1765
1765
1764
1764
1762
1761
1761
1759
1757
1756
1756
1756
1756
1756
1755
1754
1753
1750
1750
1748
1748
1747
1746
1746
1743
1743
1741
1741
1740
1738
1735
1735
1734
1734
1733
1731
1730
1730
1730
1729
1728
1728
1725
1722
1721
1720
1720
1720
1719
1719
1718
1718
1717
1717
1717
1716
1715
1714
1712
1709
1708
1708
1708
1706
1705
1703
1703
1702
1702
1701
1700
1700
1700
1697
1697
1697
1697
1696
1695
1694
1691
1689
1687
1686
1685
1682
1680
1679
1678
1673
1673
1673
1672
1671
1669
1669
1669
1669
1664
1664
1663
1663
1661
1661
1660
1658
1658
1658
1656
1656
1654
1653
1653
1653
1652
1649
1649
1648
1648
1648
1647
1645
1645
1644
1643
1640
1640
1639
1639
1638
1638
1638
1638
1637
1636
1636
1635
1634
1632
1632
1631
1630
1628
1627
1626
1626
1626
1625
1623
1622
1621
1621
1620
1620
1619
1619
1618
1614
1614
1614
1613
1612
1607
1606
1605
1602
1599
1599
1595
1594
1593
1593
1593
1593
1591
1590
1587
1585
1584
1583
1582
1582
1580
1579
1579
1577
1576
1574
1573
1570
1569
1569
1564
1564
1564
1562
1562
1562
1561
1561
1560
1559
1559
1558
1557
1556
1556
1555
1555
1553
1552
1551
1551
1550
1546
1546
1545
1545
1544
1543
1540
1538
1538
1537
1536
1536
1536
1534
1533
1532
1531
1530
1530
1530
1526
1526
1525
1522
1521
1521
1521
1521
1519
1519
1518
1518
1517
1517
1516
1515
1514
1513
1513
1513
1511
1510
1510
1510
1509
1506
1504
1504
1503
1503
1499
1499
1499
1498
1495
1494
1492
1490
1489
1488
1488
1487
1486
1486
1486
1485
1485
1484
1483
1482
1481
1480
1478
1476
1475
1474
1473
1473
1473
1471
1471
1466
1465
1464
1464
1464
1463
1463
1463
1463
1463
1461
1461
1461
1460
1460
1460
1460
1458
1457
1457
1456
1455
1455
1455
1450
1450
1450
1448
1447
1446
1445
1445
1443
1443
1443
1440
1438
1437
1436
1433
1433
1432
1431
1429
1429
1429
1428
1427
1426
1424
1424
1422
1421
1419
1419
1418
1413
1412
1412
1411
1409
1408
1408
1408
1407
1407
1405
1403
1402
1402
1397
1397
1397
1396
1392
1390
1387
1386
1386
1385
1384
1384
1384
1383
1379
1379
1377
1376
1376
1376
1376
1375
1375
1372
1372
1372
1368
1367
1366
1366
1366
1364
1363
1360
1360
1360
1359
1358
1358
1358
1355
1354
1354
1352
1352
1352
1350
1350
1349
1346
1345
1345
1343
1343
1342
1342
1341
1341
1340
1340
1340
1340
1339
1337
1336
1335
1333
1333
1332
1332
1329
1328
1327
1326
1326
1323
1322
1322
1318
1318
1316
1314
1314
1312
1308
1308
1306
1306
1304
1304
1303
1303
1303
1303
1303
1303
1301
1300
1300
1299
1298
1296
1295
1294
1292
1292
1292
1291
1291
1290
1290
1289
1286
1286
1285
1285
1284
1282
1281
1279
1279
1278
1276
1276
1276
1275
1275
1275
1274
1273
1271
1270
1270
1268
1268
1268
1265
1265
1264
1262
1260
1259
1258
1257
1257
1257
1256
1256
1256
1256
1255
1254
1254
1253
1252
1251
1251
1250
1248
1244
1240
1240
1240
1238
1238
1238
1237
1234
1233
1231
1227
1225
1225
1224
1223
1222
1222
1220
1220
1219
1218
1218
1212
1212
1212
1211
1211
1211
1210
1210
1208
1206
1206
1205
1205
1203
1202
1202
1202
1200
1199
1198
1195
1194
1194
1193
1193
1191
1188
1186
1186
1185
1185
1183
1180
1180
1179
1177
1176
1175
1174
1174
1173
1172
1172
1171
1168
1168
1168
1167
1162
1161
1159
1158
1158
1158
1156
1155
1153
1151
1151
1150
1148
1148
1146
1146
1146
1146
1145
1145
1143
1143
1141
1140
1140
1140
1139
1139
1136
1132
1132
1129
1128
1128
1127
1125
1125
1123
1118
1118
1118
1117
1116
1116
1115
1115
1114
1114
1112
1112
1112
1111
1110
1110
1108
1105
1104
1104
1104
1104
1102
1102
1101
1101
1098
1097
1097
1096
1096
1095
1095
1095
1095
1094
1093
1092
1092
1091
1091
1091
1091
1090
1089
1089
1088
1088
1087
1086
1086
1085
1084
1084
1083
1082
1082
1079
1077
1076
1074
1073
1073
1072
1072
1072
1070
1065
1065
1065
1063
1063
1062
1060
1057
1055
1053
1053
1052
1051
1049
1049
1048
1048
1046
1045
1045
1045
1043
1042
1040
1038
1038
1035
1035
1035
1034
1034
1034
1033
1033
1032
1030
1030
1030
1029
1029
1029
1028
1028
1026
1025
1024
1022
1022
1020
1018
1016
1015
1013
1013
1012
1012
1011
1009
1009
1008
1008
1007
1007
1005
1005
1003
1002
1002
1001
1000
998
998
997
991
989
989
986
986
986
985
985
984
981
980
979
979
978
978
977
976
976
976
975
975
975
971
969
969
968
968
967
964
964
963
962
961
961
960
960
957
957
956
953
950
949
948
947
946
941
940
939
938
938
938
938
936
935
932
930
928
927
926
925
924
923
923
922
922
921
920
919
919
919
918
917
917
916
915
915
915
915
910
909
907
907
906
904
903
901
901
900
896
896
894
890
890
890
889
888
885
885
883
883
882
879
879
877
876
876
875
875
875
875
874
872
871
871
870
870
868
866
866
864
863
861
860
859
858
857
855
855
855
853
851
850
850
849
848
846
845
845
844
842
842
841
841
841
838
838
837
837
836
836
835
835
832
830
829
828
828
828
827
827
827
827
826
826
825
825
825
824
823
822
820
819
815
813
812
811
810
810
810
809
809
809
808
808
806
803
802
800
799
799
798
797
796
796
796
796
795
794
794
793
792
789
787
787
786
785
784
784
784
783
783
783
781
780
779
779
778
778
777
776
776
775
774
773
773
772
771
771
770
767
766
766
766
765
764
764
764
763
763
762
762
762
761
760
759
759
758
757
756
756
755
755
754
752
752
751
750
748
748
747
746
746
745
745
744
743
742
741
737
733
733
732
731
731
731
731
730
729
728
726
724
723
721
721
719
719
718
716
715
714
713
713
713
712
711
710
708
707
706
706
703
703
703
702
701
700
699
699
698
696
692
690
689
687
686
686
686
682
682
681
681
681
681
680
679
678
677
675
675
672
672
672
671
671
670
668
667
665
664
664
664
663
662
662
661
661
661
659
658
657
656
653
653
653
650
650
649
647
646
644
644
643
642
639
638
634
634
634
632
628
628
627
625
624
624
624
623
622
622
621
619
618
618
618
616
614
613
609
609
609
608
608
605
605
605
604
604
603
601
601
599
596
596
594
593
593
593
592
591
591
589
588
588
586
584
584
584
583
583
583
582
582
582
581
581
577
576
574
572
572
571
570
570
570
569
568
566
564
558
556
555
552
552
551
544
543
542
542
541
541
538
537
535
535
535
535
535
534
534
533
532
530
529
527
527
527
526
525
524
523
523
521
518
518
517
517
517
517
516
515
512
511
510
510
509
508
507
506
505
504
503
503
502
501
501
500
500
500
499
498
498
497
496
496
495
495
494
493
493
491
491
491
490
490
490
489
489
486
486
486
484
484
483
483
482
481
481
480
480
479
479
478
476
476
475
474
473
472
471
470
468
467
467
464
463
462
461
460
459
459
459
458
458
458
458
458
458
457
454
454
453
452
448
447
447
446
446
443
442
439
439
438
438
437
437
437
435
435
434
434
433
432
430
429
428
427
427
427
426
425
422
421
421
420
420
419
419
418
413
413
412
410
408
407
405
405
405
405
404
402
402
401
400
400
399
399
399
397
396
396
395
394
390
387
386
386
385
384
383
383
383
382
382
380
380
380
379
378
378
377
377
377
377
376
374
373
372
372
372
370
368
367
367
366
364
363
363
361
357
356
355
355
355
355
353
353
351
351
350
350
350
347
346
346
346
345
343
343
343
339
338
337
337
337
335
334
334
333
330
329
329
329
328
328
327
327
326
325
324
324
323
322
322
321
321
319
318
317
317
314
313
312
307
307
306
306
305
304
304
303
301
300
300
298
298
298
297
295
294
294
293
293
291
288
282
281
281
281
279
275
275
274
272
271
271
270
266
266
266
266
265
265
263
262
261
258
257
254
254
253
253
253
252
251
251
247
246
246
245
243
242
242
242
241
241
241
239
238
237
237
237
236
236
236
236
235
234
233
233
232
231
231
230
229
228
227
227
225
224
221
220
220
219
219
217
216
216
213
213
213
212
211
210
210
210
208
208
208
208
207
206
206
204
203
202
199
198
197
194
194
193
192
192
192
188
188
188
187
186
185
185
185
185
184
182
182
181
181
180
180
180
180
180
178
176
176
175
171
171
171
170
169
168
168
166
165
163
162
162
161
160
160
158
158
157
156
155
150
150
150
148
148
147
146
145
145
144
142
140
136
136
135
134
134
134
133
132
131
131
129
129
127
127
123
122
121
121
121
118
118
117
116
116
115
114
111
110
109
109
108
108
108
107
107
106
106
104
103
100
100
97
96
96
95
95
94
94
93
93
93
91
89
89
87
86
86
86
84
82
82
82
80
80
77
76
74
70
70
67
67
66
66
65
65
63
61
61
61
61
60
60
59
59
57
56
55
55
54
53
51
50
50
48
47
46
46
46
45
45
43
42
41
39
37
36
34
34
34
34
34
33
32
32
31
25
25
22
21
18
18
18
16
16
16
15
13
13
13
9
7
7
6
6
5
4
4
2
2
