9999
9996
9996
9996
9993
9992
9992
9991
9991
9988
9987
9985
9983
9983
9983
9982
9982
9981
9981
9979
9979
9979
9979
9976
9974
9974
9972
9971
9970
9970
9968
9968
9967
9966
9966
9966
9966
9965
9964
9963
9962
9960
9958
9958
9958
9955
9954
9954
9953
9953
9953
9952
9952
9948
9947
9946
9945
9943
9943
9942
9941
9940
9940
9937
9934
9932
9931
9931
9930
9929
9929
9929
9928
9927
9926
9926
9925
9923
9923
9922
9922
9921
9919
9919
9918
9917
9916
9916
9915
9913
9913
9913
9911
9909
9907
9906
9906
9906
9904
9903
9902
9900
9900
9900
9896
9895
9893
9892
9892
9890
9890
9890
9890
9889
9885
9883
9881
9880
9878
9877
9877
9876
9876
9875
9874
9874
9873
9872
9870
9869
9868
9868
9868
9867
9866
9860
9858
9858
9858
9855
9855
9853
9853
9852
9852
9851
9851
9849
9848
9847
9846
9844
9843
9843
9843
9842
9842
9841
9841
9838
9835
9833
9833
9830
9830
9828
9828
9827
9825
9825
9823
9823
9822
9820
9820
9820
9819
9819
9817
9816
9813
9813
9813
9812
9811
9811
9809
9808
9807
9806
9806
9805
9801
9798
9796
9795
9795
9794
9794
9793
9792
9792
9790
9790
9788
9788
9787
9787
9786
9786
9784
9782
9781
9781
9779
9779
9778
9777
9776
9775
9774
9774
9772
9770
9770
9770
9770
9769
9768
9768
9763
9759
9756
9756
9755
9755
9754
9753
9753
9752
9751
9751
9749
9749
9747
9745
9744
9743
9742
9742
9742
9738
9738
9738
9737
9733
9732
9730
9730
9729
9729
9729
9728
9728
9728
9726
9726
9726
9722
9721
9720
9720
9717
9717
9715
9714
9713
9712
9711
9710
9710
9710
9710
9710
9709
9706
9706
9704
9702
9698
9697
9697
9695
9694
9692
9692
9690
9687
9684
9684
9684
9683
9682
9681
9681
9680
9680
9680
9678
9678
9677
9676
9676
9676
9675
9673
9672
9671
9671
9669
9668
9667
9666
9665
9663
9661
9660
9660
9659
9659
9659
9656
9655
9655
9654
9653
9652
9652
9652
9649
9649
9648
9648
9648
9646
9644
9643
9642
9642
9641
9640
9639
9638
9636
9636
9635
9634
9634
9632
9632
9630
9629
9628
9628
9627
9626
9626
9623
9623
9622
9621
9621
9620
9620
9619
9619
9617
9613
9611
9611
9610
9610
9609
9608
9608
9607
9607
9604
9600
9598
9597
9597
9596
9596
9595
9594
9594
9593
9588
9587
9586
9586
9586
9586
9584
9583
9582
9582
9582
9581
9580
9579
9578
9577
9577
9576
9574
9572
9572
9572
9571
9571
9570
9569
9565
9564
9564
9563
9562
9562
9562
9560
9560
9559
9558
9556
9556
9554
9553
9552
9549
9548
9546
9545
9545
9544
9543
9543
9543
9541
9541
9540
9537
9535
9534
9533
9532
9529
9529
9529
9528
9528
9527
9524
9522
9522
9522
9520
9519
9519
9518
9517
9516
9515
9515
9514
9513
9513
9510
9510
9509
9509
9508
9508
9508
9508
9507
9505
9503
9503
9503
9502
9502
9502
9500
9500
9498
9496
9495
9494
9493
9492
9492
9490
9489
9488
9488
9487
9487
9487
9486
9485
9482
9481
9480
9480
9479
9477
9475
9475
9474
9474
9470
9468
9467
9466
9466
9465
9465
9465
9465
9459
9457
9457
9457
9456
9455
9452
9451
9451
9450
9450
9450
9448
9448
9447
9443
9443
9442
9442
9442
9441
9438
9436
9434
9433
9433
9431
9430
9430
9429
9428
9428
9426
9426
9425
9423
9422
9421
9420
9419
9418
9416
9415
9414
9414
9414
9413
9412
9412
9412
9411
9410
9410
9405
9405
9401
9400
9399
9399
9398
9397
9396
9393
9392
9390
9388
9388
9388
9388
9388
9388
9387
9387
9386
9384
9383
9383
9381
9381
9380
9379
9379
9378
9377
9377
9374
9373
9372
9370
9370
9370
9369
9369
9368
9368
9368
9368
9367
9367
9364
9362
9359
9358
9356
9355
9355
9354
9354
9351
9350
9349
9345
9345
9341
9340
9339
9339
9338
9338
9338
9334
9333
9332
9332
9330
9327
9327
9326
9325
9325
9324
9324
9323
9323
9323
9323
9322
9322
9319
9319
9318
9318
9317
9316
9316
9315
9310
9307
9307
9306
9306
9306
9305
9305
9303
9302
9296
9295
9294
9294
9292
9291
9290
9290
9290
9286
9284
9283
9283
9282
9279
9278
9277
9277
9277
9276
9276
9275
9273
9271
9270
9270
9269
9269
9269
9268
9267
9266
9263
9262
9261
9260
9259
9257
9257
9257
9256
9253
9253
9253
9253
9252
9251
9248
9248
9247
9246
9245
9244
9243
9243
9243
9240
9240
9237
9236
9235
9234
9234
9234
9233
9232
9227
9224
9221
9221
9219
9217
9216
9213
9210
9209
9209
9209
9208
9207
9206
9204
9203
9203
9202
9200
9199
9198
9197
9196
9196
9194
9194
9191
9188
9185
9185
9184
9183
9183
9182
9182
9180
9180
9179
9179
9179
9177
9174
9170
9170
9169
9168
9167
9167
9167
9166
9164
9164
9164
9162
9161
9161
9160
9158
9156
9156
9155
9155
9153
9153
9152
9152
9150
9150
9149
9147
9147
9147
9145
9143
9141
9140
9137
9137
9136
9134
9133
9132
9131
9131
9131
9129
9129
9128
9128
9127
9127
9126
9124
9124
9124
9121
9119
9119
9119
9116
9114
9114
9114
9114
9113
9111
9110
9109
9108
9107
9107
9107
9104
9104
9103
9102
9102
9100
9100
9100
9098
9097
9094
9094
9092
9091
9091
9091
9088
9087
9086
9082
9081
9081
9080
9079
9077
9077
9076
9076
9073
9072
9070
9069
9066
9064
9064
9064
9063
9063
9061
9058
9058
9056
9054
9053
9053
9051
9050
9050
9050
9049
9049
9049
9049
9048
9048
9048
9045
9045
9045
9043
9042
9041
9040
9040
9038
9037
9036
9034
9033
9031
9028
9025
9025
9024
9023
9022
9022
9020
9019
9019
9018
9018
9015
9014
9013
9012
9012
9007
9005
9005
9004
9003
9003
9003
9002
9001
8999
8999
8998
8996
8995
8995
8995
8995
8994
8994
8993
8992
8986
8984
8982
8980
8979
8978
8978
8977
8976
8976
8974
8974
8974
8973
8971
8971
8971
8970
8968
8968
8967
8962
8961
8960
8960
8958
8958
8958
8958
8957
8957
8957
8955
8953
8951
8949
8948
8948
8948
8945
8945
8944
8943
8943
8942
8940
8940
8939
8938
8938
8938
8936
8931
8931
8931
8930
8928
8927
8925
8925
8924
8921
8921
8920
8920
8919
8918
8917
8916
8916
8914
8914
8914
8914
8912
8911
8910
8910
8909
8908
8907
8906
8903
8903
8902
8902
8902
8900
8900
8899
8896
8896
8895
8893
8892
8891
8891
8891
8889
8887
8887
8885
8885
8884
8880
8879
8878
8875
8875
8874
8871
8871
8871
8871
8870
8867
8867
8866
8865
8864
8863
8863
8862
8861
8860
8859
8858
8857
8854
8852
8852
8852
8852
8850
8849
8849
8849
8849
8847
8844
8844
8842
8841
8841
8841
8838
8838
8836
8836
8836
8834
8834
8833
8833
8833
8832
8829
8826
8826
8826
8821
8821
8819
8819
8817
8817
8816
8815
8814
8813
8811
8809
8809
8808
8808
8807
8806
8803
8802
8801
8799
8799
8798
8798
8791
8791
8789
8786
8783
8781
8779
8779
8779
8778
8776
8775
8774
8771
8768
8768
8768
8768
8766
8765
8763
8761
8760
8759
8759
8756
8756
8753
8752
8749
8747
8746
8746
8746
8744
8744
8742
8741
8741
8738
8738
8737
8737
8736
8736
8734
8733
8731
8731
8731
8727
8725
8724
8724
8723
8723
8722
8721
8720
8718
8718
8716
8715
8714
8713
8713
8713
8712
8711
8710
8707
8707
8705
8704
8701
8701
8700
8699
8698
8698
8698
8696
8696
8694
8694
8690
8689
8689
8688
8684
8684
8684
8684
8683
8683
8683
8683
8682
8681
8680
8679
8678
8678
8677
8676
8675
8674
8671
8671
8668
8668
8667
8663
8662
8662
8661
8660
8659
8659
8657
8657
8657
8656
8656
8655
8655
8654
8654
8654
8654
8654
8653
8651
8651
8650
8649
8649
8648
8647
8647
8646
8646
8645
8644
8642
8642
8641
8639
8639
8638
8636
8635
8632
8631
8629
8629
8628
8628
8623
8619
8618
8618
8617
8616
8615
8614
8613
8612
8612
8611
8606
8606
8606
8606
8605
8604
8604
8602
8601
8599
8598
8597
8596
8596
8595
8594
8594
8592
8592
8591
8590
8590
8589
8584
8581
8580
8580
8579
8577
8574
8573
8572
8571
8568
8568
8565
8565
8565
8563
8561
8560
8560
8559
8558
8556
8556
8554
8550
8548
8548
8547
8546
8545
8543
8542
8540
8538
8537
8536
8535
8532
8530
8530
8529
8529
8528
8527
8526
8526
8526
8524
8522
8521
8519
8518
8518
8517
8516
8516
8514
8512
8512
8511
8510
8507
8506
8506
8504
8504
8502
8500
8498
8498
8498
8497
8494
8494
8494
8492
8492
8492
8491
8490
8489
8488
8488
8487
8486
8486
8485
8483
8483
8483
8483
8483
8481
8481
8481
8480
8478
8477
8476
8473
8472
8472
8472
8471
8467
8467
8465
8465
8464
8464
8463
8463
8463
8460
8459
8459
8457
8456
8455
8455
8455
8454
8454
8453
8453
8453
8452
8449
8448
8447
8445
8445
8445
8444
8444
8441
8440
8439
8439
8438
8437
8436
8434
8434
8432
8429
8428
8427
8426
8426
8425
8423
8423
8422
8422
8418
8417
8416
8416
8416
8416
8416
8413
8413
8412
8411
8411
8409
8408
8407
8406
8405
8404
8400
8399
8398
8397
8397
8396
8396
8396
8395
8395
8392
8392
8391
8390
8389
8389
8389
8389
8388
8388
8387
8386
8386
8386
8385
8385
8383
8382
8381
8380
8380
8379
8378
8377
8377
8376
8373
8371
8371
8370
8369
8368
8367
8367
8367
8367
8365
8365
8364
8363
8363
8362
8362
8360
8358
8355
8355
8355
8353
8351
8348
8348
8346
8344
8343
8342
8341
8341
8341
8339
8338
8338
8337
8336
8336
8336
8336
8335
8332
8331
8330
8330
8330
8330
8329
8328
8328
8328
8324
8323
8323
8323
8321
8321
8321
8320
8320
8319
8317
8315
8315
8314
8314
8313
8313
8312
8310
8309
8308
8308
8307
8307
8304
8304
8303
8301
8301
8299
8299
8299
8296
8296
8294
8288
8288
8288
8287
8287
8284
8284
8284
8282
8282
8282
8281
8280
8279
8273
8273
8269
8268
8268
8267
8267
8265
8263
8262
8260
8258
8258
8257
8255
8253
8252
8252
8252
8249
8248
8247
8247
8245
8244
8244
8243
8242
8241
8240
8240
8240
8238
8238
8238
8236
8235
8234
8232
8232
8232
8230
8229
8229
8228
8227
8225
8223
8222
8221
8218
8217
8217
8216
8214
8213
8210
8209
8209
8206
8205
8205
8204
8204
8203
8202
8202
8201
8201
8198
8197
8196
8196
8195
8193
8191
8188
8188
8187
8187
8187
8186
8185
8184
8183
8182
8179
8177
8176
8173
8173
8171
8171
8169
8165
8165
8165
8164
8163
8163
8163
8162
8161
8161
8160
8160
8159
8159
8159
8158
8158
8157
8156
8155
8153
8152
8152
8151
8150
8148
8148
8147
8146
8145
8143
8143
8142
8141
8141
8141
8141
8140
8140
8139
8139
8137
8137
8137
8135
8135
8133
8128
8128
8128
8125
8121
8119
8117
8116
8115
8115
8113
8113
8112
8110
8109
8109
8108
8107
8107
8102
8102
8102
8099
8099
8097
8097
8094
8093
8093
8093
8093
8092
8091
8090
8090
8089
8088
8087
8087
8086
8085
8085
8084
8082
8081
8080
8078
8078
8078
8078
8078
8078
8077
8075
8075
8073
8073
8073
8072
8069
8067
8067
8063
8062
8062
8062
8061
8059
8055
8055
8053
8053
8052
8052
8051
8050
8047
8045
8045
8045
8045
8041
8039
8038
8036
8036
8036
8034
8032
8031
8031
8031
8029
8029
8029
8027
8024
8022
8021
8021
8019
8019
8018
8017
8017
8011
8010
8009
8005
8005
8005
8002
8002
7996
7995
7992
7991
7989
7986
7985
7985
7985
7985
7983
7981
7981
7980
7979
7976
7976
7975
7974
7974
7973
7973
7973
7972
7970
7970
7969
7968
7968
7967
7967
7967
7966
7965
7964
7962
7960
7958
7958
7956
7954
7951
7951
7950
7950
7949
7949
7948
7947
7946
7943
7943
7943
7941
7941
7940
7939
7938
7938
7936
7936
7934
7934
7933
7933
7933
7931
7930
7930
7930
7927
7927
7925
7925
7924
7922
7922
7921
7920
7919
7919
7919
7919
7918
7918
7917
7916
7915
7913
7911
7911
7910
7910
7910
7909
7908
7907
7907
7906
7904
7904
7903
7901
7900
7899
7898
7898
7897
7897
7895
7894
7894
7894
7893
7892
7892
7891
7891
7890
7890
7890
7889
7888
7888
7887
7884
7883
7883
7880
7879
7879
7876
7876
7874
7874
7872
7872
7871
7870
7867
7865
7864
7861
7857
7854
7854
7852
7850
7849
7848
7848
7845
7845
7842
7841
7840
7840
7840
7840
7839
7839
7838
7838
7837
7833
7833
7832
7832
7831
7827
7827
7826
7824
7824
7824
7821
7821
7819
7819
7819
7818
7818
7818
7816
7816
7816
7815
7815
7815
7812
7812
7812
7812
7811
7810
7810
7809
7809
7808
7807
7806
7806
7806
7805
7805
7804
7803
7802
7802
7801
7800
7799
7799
7799
7799
7797
7797
7797
7796
7796
7796
7796
7794
7794
7793
7793
7792
7792
7791
7786
7785
7784
7783
7783
7779
7779
7779
7779
7778
7778
7778
7775
7774
7771
7768
7768
7768
7767
7765
7762
7762
7762
7760
7757
7757
7756
7755
7754
7750
7747
7747
7747
7747
7745
7744
7743
7741
7740
7739
7739
7738
7736
7736
7736
7735
7734
7734
7732
7730
7730
7730
7729
7729
7724
7723
7722
7722
7720
7720
7719
7719
7719
7718
7716
7716
7715
7715
7714
7711
7711
7710
7708
7708
7708
7707
7706
7706
7705
7705
7703
7703
7702
7697
7697
7696
7696
7695
7694
7694
7692
7692
7692
7691
7691
7691
7691
7689
7688
7687
7687
7687
7685
7684
7683
7683
7680
7679
7679
7678
7676
7676
7675
7675
7672
7671
7666
7665
7665
7664
7663
7662
7662
7662
7662
7661
7661
7658
7656
7655
7652
7652
7652
7650
7649
7648
7648
7648
7647
7647
7645
7643
7643
7642
7642
7642
7642
7640
7638
7636
7636
7634
7634
7633
7631
7630
7630
7630
7630
7628
7628
7628
7628
7625
7624
7623
7623
7623
7622
7621
7620
7619
7619
7619
7618
7618
7617
7615
7613
7611
7609
7609
7608
7605
7604
7601
7597
7595
7595
7594
7593
7592
7590
7589
7588
7588
7587
7587
7586
7585
7584
7584
7583
7582
7582
7582
7580
7580
7579
7578
7575
7575
7574
7574
7572
7571
7571
7568
7567
7567
7567
7565
7565
7561
7561
7561
7560
7559
7559
7558
7557
7557
7556
7555
7554
7554
7553
7552
7549
7548
7547
7547
7544
7544
7543
7542
7542
7539
7539
7537
7535
7534
7533
7533
7532
7532
7531
7529
7527
7527
7526
7525
7524
7524
7523
7522
7521
7520
7520
7518
7517
7516
7515
7512
7511
7510
7510
7509
7508
7508
7507
7507
7502
7501
7501
7500
7499
7499
7499
7499
7499
7498
7497
7496
7496
7495
7494
7493
7492
7491
7491
7490
7489
7486
7486
7486
7485
7485
7484
7484
7484
7482
7481
7480
7478
7478
7478
7477
7477
7477
7475
7474
7472
7472
7472
7471
7471
7470
7470
7469
7466
7466
7466
7459
7459
7458
7457
7457
7455
7454
7452
7450
7448
7448
7448
7446
7446
7444
7444
7443
7441
7440
7440
7439
7436
7435
7435
7433
7432
7430
7430
7430
7429
7427
7427
7425
7425
7425
7425
7423
7423
7421
7419
7419
7417
7415
7415
7414
7414
7411
7409
7408
7407
7407
7406
7405
7405
7403
7402
7402
7401
7400
7399
7399
7398
7398
7397
7396
7396
7394
7394
7392
7392
7391
7390
7385
7385
7384
7383
7382
7380
7380
7377
7376
7374
7373
7372
7371
7370
7368
7367
7366
7366
7364
7364
7363
7363
7362
7361
7360
7360
7352
7351
7351
7350
7349
7348
7346
7346
7345
7345
7344
7344
7338
7338
7338
7338
7335
7335
7333
7333
7330
7330
7330
7329
7329
7327
7325
7324
7323
7323
7319
7318
7317
7315
7315
7314
7313
7312
7312
7312
7311
7309
7307
7307
7305
7305
7304
7303
7302
7301
7300
7300
7299
7298
7297
7297
7297
7297
7297
7296
7296
7295
7294
7293
7293
7290
7290
7289
7287
7287
7284
7283
7282
7282
7282
7281
7280
7280
7279
7279
7277
7276
7271
7271
7268
7267
7267
7266
7265
7263
7263
7262
7261
7260
7260
7259
7259
7258
7258
7257
7256
7254
7252
7250
7250
7248
7247
7246
7246
7246
7244
7243
7242
7241
7239
7239
7237
7236
7235
7234
7234
7233
7233
7233
7232
7230
7228
7228
7228
7227
7226
7225
7224
7223
7222
7221
7221
7219
7218
7217
7216
7215
7215
7214
7214
7214
7210
7207
7207
7206
7205
7204
7202
7202
7201
7200
7199
7197
7196
7195
7194
7193
7193
7193
7193
7191
7190
7190
7189
7187
7187
7186
7186
7186
7186
7185
7185
7185
7184
7183
7182
7180
7178
7177
7176
7175
7174
7174
7174
7173
7172
7171
7171
7170
7168
7167
7166
7165
7164
7164
7164
7164
7162
7160
7158
7158
7158
7155
7154
7154
7153
7153
7153
7151
7150
7149
7149
7147
7146
7145
7144
7142
7142
7141
7140
7140
7139
7137
7136
7133
7132
7131
7130
7130
7129
7127
7127
7125
7123
7123
7122
7117
7117
7117
7115
7115
7115
7113
7111
7109
7108
7108
7107
7107
7106
7106
7103
7102
7101
7101
7100
7100
7098
7097
7096
7095
7095
7094
7091
7091
7090
7087
7084
7084
7082
7082
7081
7081
7079
7079
7079
7079
7077
7076
7076
7074
7074
7074
7073
7073
7072
7068
7066
7065
7064
7062
7062
7060
7059
7059
7059
7058
7056
7056
7055
7054
7054
7053
7052
7052
7051
7051
7050
7049
7048
7045
7044
7043
7041
7041
7040
7039
7039
7037
7037
7037
7036
7036
7035
7034
7034
7033
7033
7033
7032
7031
7031
7031
7031
7029
7029
7029
7028
7024
7022
7021
7020
7020
7019
7019
7018
7017
7017
7017
7016
7015
7011
7011
7009
7008
7008
7007
7005
7005
7003
7001
7000
6998
6998
6996
6995
6995
6994
6994
6993
6992
6992
6992
6991
6990
6988
6987
6987
6986
6986
6986
6984
6983
6982
6982
6981
6980
6980
6978
6977
6976
6975
6974
6973
6972
6971
6970
6969
6962
6962
6962
6959
6958
6958
6957
6955
6955
6955
6955
6954
6954
6954
6953
6953
6952
6952
6951
6951
6949
6949
6949
6948
6944
6942
6941
6941
6937
6937
6937
6936
6934
6934
6933
6933
6932
6930
6929
6928
6927
6925
6924
6924
6924
6922
6922
6921
6920
6920
6918
6918
6918
6918
6917
6917
6917
6916
6916
6915
6913
6913
6912
6910
6909
6908
6908
6907
6903
6903
6903
6903
6902
6902
6899
6898
6896
6896
6893
6893
6892
6891
6890
6889
6889
6887
6887
6887
6886
6885
6884
6881
6877
6877
6874
6874
6874
6871
6869
6868
6867
6867
6866
6866
6865
6865
6863
6862
6862
6860
6858
6858
6855
6854
6852
6849
6848
6846
6846
6846
6845
6845
6842
6842
6841
6841
6839
6839
6837
6837
6837
6836
6836
6836
6836
6835
6831
6830
6829
6828
6828
6825
6825
6822
6822
6820
6820
6820
6817
6815
6815
6812
6807
6806
6806
6806
6806
6803
6803
6803
6801
6800
6800
6800
6799
6798
6798
6797
6797
6797
6795
6792
6792
6791
6791
6790
6789
6788
6787
6787
6782
6780
6780
6778
6778
6777
6776
6775
6774
6773
6771
6771
6771
6770
6768
6768
6765
6763
6763
6763
6763
6761
6759
6758
6758
6757
6753
6751
6749
6749
6747
6746
6746
6745
6744
6742
6741
6740
6739
6736
6735
6735
6735
6733
6730
6730
6730
6729
6729
6729
6728
6728
6728
6727
6727
6725
6723
6722
6720
6720
6719
6718
6716
6715
6714
6713
6709
6709
6708
6708
6706
6704
6703
6702
6702
6702
6701
6700
6698
6696
6695
6695
6694
6694
6692
6692
6689
6689
6689
6689
6688
6686
6686
6686
6684
6683
6682
6682
6682
6681
6679
6679
6677
6676
6676
6674
6674
6673
6673
6673
6672
6672
6671
6671
6670
6669
6669
6669
6668
6667
6667
6666
6665
6664
6663
6662
6662
6659
6657
6656
6655
6654
6652
6651
6651
6650
6648
6648
6647
6647
6646
6646
6646
6645
6645
6644
6644
6643
6643
6643
6641
6637
6636
6636
6636
6635
6633
6631
6631
6630
6630
6629
6629
6629
6629
6629
6628
6628
6627
6627
6627
6623
6623
6621
6621
6621
6620
6619
6618
6618
6617
6617
6616
6614
6611
6610
6609
6608
6606
6605
6604
6603
6603
6601
6600
6599
6598
6596
6595
6594
6594
6594
6592
6591
6591
6590
6590
6589
6588
6588
6587
6587
6586
6585
6584
6584
6581
6580
6579
6578
6575
6574
6570
6568
6567
6566
6565
6562
6562
6561
6561
6561
6560
6559
6558
6556
6555
6554
6549
6549
6548
6548
6544
6544
6543
6542
6539
6538
6538
6535
6535
6535
6533
6533
6533
6532
6531
6531
6531
6530
6529
6529
6527
6527
6526
6525
6525
6521
6520
6520
6519
6518
6518
6512
6511
6510
6505
6505
6505
6503
6502
6502
6501
6501
6500
6498
6498
6497
6497
6495
6494
6493
6492
6491
6491
6489
6488
6488
6488
6488
6486
6486
6483
6483
6482
6481
6481
6480
6480
6478
6478
6478
6477
6477
6476
6475
6474
6473
6473
6473
6471
6471
6470
6466
6466
6466
6466
6465
6465
6463
6462
6459
6458
6457
6457
6457
6456
6455
6453
6450
6449
6449
6449
6448
6447
6447
6446
6444
6443
6442
6442
6442
6441
6440
6435
6434
6433
6433
6431
6429
6428
6428
6427
6427
6426
6426
6425
6425
6425
6424
6424
6422
6420
6419
6418
6417
6416
6416
6415
6413
6411
6410
6410
6409
6408
6408
6407
6407
6405
6405
6405
6404
6404
6403
6402
6401
6400
6400
6396
6396
6396
6395
6395
6394
6394
6394
6393
6391
6390
6390
6390
6389
6389
6388
6385
6385
6384
6381
6381
6378
6377
6376
6376
6375
6375
6373
6373
6372
6372
6372
6371
6369
6369
6367
6366
6365
6365
6364
6363
6362
6361
6361
6360
6360
6358
6357
6356
6355
6354
6354
6354
6353
6353
6350
6350
6347
6346
6346
6346
6343
6341
6340
6338
6337
6336
6335
6333
6332
6332
6332
6332
6330
6330
6329
6328
6328
6323
6322
6321
6321
6320
6320
6319
6318
6315
6310
6310
6309
6308
6306
6305
6303
6300
6300
6299
6299
6297
6297
6295
6295
6295
6294
6293
6291
6290
6289
6286
6284
6284
6283
6282
6282
6278
6274
6274
6274
6273
6273
6273
6273
6272
6271
6271
6271
6270
6270
6268
6267
6266
6266
6266
6265
6264
6264
6264
6261
6260
6259
6259
6258
6257
6252
6252
6251
6250
6250
6249
6249
6249
6247
6245
6245
6245
6244
6244
6243
6242
6242
6241
6241
6241
6240
6237
6236
6232
6231
6230
6227
6226
6225
6224
6223
6221
6220
6220
6219
6217
6217
6217
6217
6215
6214
6214
6213
6213
6213
6212
6212
6212
6212
6211
6209
6207
6205
6205
6205
6204
6202
6201
6201
6200
6200
6198
6198
6196
6194
6193
6193
6193
6192
6192
6190
6190
6190
6189
6189
6188
6188
6185
6183
6182
6180
6177
6177
6175
6174
6173
6170
6170
6169
6168
6167
6167
6166
6165
6163
6163
6161
6161
6160
6160
6160
6160
6158
6157
6157
6157
6157
6157
6155
6154
6154
6152
6151
6151
6151
6149
6149
6144
6142
6141
6141
6140
6140
6140
6137
6137
6137
6135
6134
6133
6132
6131
6130
6130
6128
6128
6127
6126
6126
6123
6123
6123
6121
6120
6120
6118
6117
6117
6116
6116
6115
6113
6112
6110
6109
6106
6105
6104
6102
6101
6101
6100
6099
6098
6095
6094
6094
6094
6092
6090
6090
6089
6088
6087
6086
6086
6086
6086
6083
6083
6082
6082
6081
6080
6080
6079
6078
6078
6077
6076
6074
6073
6073
6073
6070
6069
6069
6068
6068
6068
6067
6066
6066
6065
6064
6063
6063
6062
6058
6056
6056
6052
6052
6051
6051
6050
6050
6048
6048
6045
6045
6045
6044
6044
6043
6041
6040
6039
6039
6037
6036
6036
6032
6031
6028
6027
6027
6026
6026
6025
6025
6024
6024
6022
6021
6021
6020
6015
6014
6013
6013
6013
6012
6010
6009
6007
6007
6007
6006
6004
6001
5998
5998
5997
5997
5996
5992
5992
5991
5991
5990
5990
5990
5989
5988
5987
5987
5986
5986
5986
5985
5981
5978
5978
5978
5977
5977
5976
5975
5974
5974
5973
5973
5973
5970
5969
5968
5968
5967
5967
5967
5966
5965
5964
5964
5961
5961
5961
5958
5958
5958
5957
5955
5955
5953
5952
5952
5952
5949
5948
5946
5945
5944
5941
5940
5939
5938
5937
5935
5935
5932
5931
5931
5923
5922
5921
5920
5919
5917
5917
5915
5914
5914
5913
5913
5909
5909
5908
5907
5907
5905
5905
5904
5904
5903
5902
5901
5899
5899
5898
5898
5898
5898
5898
5896
5895
5894
5890
5889
5888
5888
5887
5886
5886
5885
5883
5883
5881
5879
5878
5877
5875
5874
5874
5871
5871
5870
5869
5868
5868
5868
5866
5866
5865
5865
5865
5863
5861
5860
5859
5857
5856
5856
5854
5849
5849
5847
5847
5846
5846
5846
5846
5846
5845
5844
5844
5843
5842
5841
5841
5840
5840
5839
5838
5838
5837
5836
5834
5834
5834
5833
5832
5832
5830
5830
5828
5828
5827
5827
5826
5825
5824
5820
5820
5820
5819
5819
5819
5818
5817
5813
5813
5812
5812
5810
5809
5809
5809
5807
5805
5803
5803
5802
5801
5799
5798
5797
5797
5797
5797
5797
5795
5794
5794
5794
5791
5790
5789
5789
5788
5784
5784
5784
5782
5780
5779
5779
5779
5779
5777
5777
5776
5775
5775
5773
5768
5766
5764
5764
5762
5761
5760
5760
5759
5757
5757
5756
5756
5756
5754
5754
5752
5751
5751
5751
5750
5750
5749
5748
5748
5748
5747
5744
5744
5744
5743
5743
5743
5742
5742
5742
5741
5740
5740
5740
5739
5738
5738
5738
5738
5737
5733
5731
5730
5730
5730
5729
5726
5726
5724
5724
5723
5723
5723
5721
5721
5721
5720
5720
5717
5716
5715
5713
5706
5703
5703
5702
5702
5702
5702
5702
5701
5700
5699
5698
5698
5696
5695
5693
5692
5690
5690
5690
5690
5687
5687
5686
5685
5685
5680
5677
5677
5676
5676
5676
5674
5674
5674
5673
5672
5672
5670
5670
5669
5667
5666
5665
5665
5665
5664
5661
5661
5660
5660
5658
5657
5657
5656
5655
5654
5652
5649
5648
5648
5648
5648
5643
5642
5640
5640
5639
5637
5637
5636
5636
5636
5632
5630
5630
5628
5628
5627
5627
5626
5626
5624
5624
5623
5623
5622
5622
5622
5621
5621
5621
5620
5619
5619
5618
5618
5616
5615
5614
5613
5611
5611
5611
5610
5609
5608
5608
5607
5606
5605
5605
5605
5602
5601
5601
5600
5599
5599
5599
5596
5595
5594
5592
5592
5590
5590
5589
5587
5587
5586
5585
5584
5584
5584
5583
5580
5580
5580
5578
5578
5577
5577
5574
5574
5573
5573
5572
5571
5570
5568
5567
5566
5566
5566
5565
5562
5562
5561
5561
5559
5558
5557
5555
5555
5553
5553
5552
5552
5551
5551
5551
5551
5551
5550
5550
5550
5547
5547
5547
5546
5545
5545
5545
5545
5544
5540
5540
5539
5538
5537
5535
5534
5534
5533
5531
5531
5529
5529
5528
5528
5525
5525
5524
5523
5523
5522
5522
5522
5521
5520
5520
5518
5517
5517
5515
5514
5509
5509
5509
5508
5507
5506
5505
5502
5500
5499
5499
5495
5494
5492
5491
5489
5489
5488
5488
5487
5486
5486
5486
5486
5485
5485
5484
5483
5483
5482
5481
5480
5480
5480
5479
5479
5479
5474
5474
5473
5472
5472
5471
5470
5470
5466
5466
5465
5465
5465
5463
5462
5462
5461
5461
5458
5457
5457
5455
5454
5453
5452
5450
5450
5450
5449
5448
5447
5445
5445
5444
5437
5437
5437
5437
5433
5433
5433
5433
5431
5430
5429
5429
5427
5420
5415
5413
5412
5411
5410
5409
5408
5407
5407
5406
5403
5403
5403
5403
5403
5402
5398
5397
5395
5395
5394
5393
5393
5392
5392
5392
5390
5390
5389
5387
5387
5385
5385
5385
5385
5382
5382
5382
5382
5378
5377
5377
5376
5376
5375
5374
5374
5373
5372
5371
5369
5369
5368
5368
5365
5364
5363
5361
5359
5357
5356
5355
5350
5349
5347
5347
5346
5346
5345
5345
5345
5344
5343
5341
5341
5340
5339
5339
5337
5337
5337
5336
5336
5334
5333
5331
5328
5328
5327
5326
5318
5317
5316
5316
5315
5313
5310
5310
5308
5308
5308
5306
5304
5304
5303
5303
5301
5298
5298
5298
5298
5298
5297
5297
5296
5296
5295
5295
5294
5294
5293
5292
5292
5291
5288
5287
5286
5285
5284
5284
5283
5283
5281
5280
5280
5280
5278
5278
5277
5276
5276
5275
5274
5273
5272
5270
5270
5270
5269
5268
5268
5267
5265
5264
5263
5261
5261
5261
5258
5257
5257
5256
5255
5254
5253
5253
5253
5252
5251
5251
5251
5248
5246
5245
5241
5240
5240
5240
5238
5238
5236
5234
5233
5232
5232
5231
5231
5230
5230
5230
5228
5227
5227
5227
5225
5224
5224
5223
5221
5221
5219
5219
5219
5219
5218
5215
5215
5214
5213
5212
5212
5212
5210
5210
5209
5209
5208
5207
5204
5203
5202
5202
5201
5199
5193
5191
5191
5190
5190
5188
5187
5187
5187
5186
5183
5180
5179
5178
5178
5177
5176
5176
5176
5175
5174
5171
5170
5170
5170
5167
5165
5164
5164
5163
5163
5162
5160
5160
5160
5158
5157
5157
5157
5155
5155
5154
5154
5153
5151
5150
5149
5149
5148
5146
5146
5144
5144
5142
5141
5140
5139
5134
5134
5133
5133
5132
5130
5128
5128
5125
5124
5124
5123
5119
5119
5119
5119
5117
5116
5116
5114
5113
5111
5110
5110
5109
5108
5106
5105
5103
5102
5102
5101
5098
5098
5096
5096
5091
5090
5090
5089
5089
5088
5088
5088
5088
5087
5087
5086
5086
5086
5085
5085
5084
5083
5080
5079
5078
5077
5077
5076
5076
5076
5074
5074
5073
5073
5072
5072
5072
5072
5071
5070
5069
5068
5067
5067
5067
5066
5065
5064
5062
5061
5059
5059
5058
5056
5054
5053
5052
5052
5052
5052
5051
5051
5050
5050
5049
5048
5045
5045
5044
5043
5042
5042
5042
5041
5041
5041
5037
5036
5035
5035
5034
5034
5032
5032
5032
5031
5029
5027
5026
5025
5024
5022
5022
5022
5021
5021
5021
5021
5019
5015
5014
5011
5010
5010
5009
5008
5007
5005
5004
5003
5003
5002
5001
5001
5001
5000
5000
4998
4998
4997
4995
4994
4994
4994
4994
4993
4992
4988
4987
4986
4985
4983
4983
4983
4983
4981
4978
4977
4975
4973
4972
4971
4969
4968
4967
4964
4964
4963
4963
4962
4962
4962
4961
4958
4957
4956
4956
4956
4955
4955
4953
4950
4948
4947
4945
4944
4944
4944
4943
4939
4937
4936
4934
4931
4931
4931
4930
4930
4928
4927
4927
4925
4925
4924
4924
4923
4923
4921
4920
4920
4918
4918
4917
4917
4916
4912
4910
4910
4910
4909
4909
4905
4903
4903
4901
4900
4900
4900
4899
4899
4897
4896
4894
4892
4892
4891
4888
4887
4886
4885
4884
4884
4884
4878
4878
4877
4877
4876
4876
4873
4872
4870
4869
4868
4868
4867
4865
4865
4864
4862
4860
4857
4857
4855
4852
4850
4846
4846
4844
4842
4840
4840
4838
4835
4834
4833
4832
4831
4831
4829
4829
4829
4828
4828
4828
4827
4827
4826
4826
4826
4826
4824
4822
4821
4821
4820
4819
4819
4816
4815
4815
4815
4813
4813
4812
4812
4810
4809
4808
4806
4803
4802
4800
4799
4799
4799
4798
4797
4797
4797
4795
4794
4793
4793
4792
4787
4787
4787
4786
4786
4786
4785
4785
4785
4783
4782
4781
4777
4774
4774
4773
4773
4773
4772
4772
4771
4769
4769
4768
4766
4765
4764
4764
4763
4762
4757
4754
4754
4754
4753
4752
4748
4747
4747
4747
4746
4744
4744
4743
4742
4741
4741
4741
4741
4740
4736
4735
4734
4733
4733
4731
4730
4729
4728
4727
4726
4725
4725
4725
4725
4724
4724
4723
4720
4720
4720
4718
4718
4717
4717
4716
4715
4713
4713
4711
4710
4707
4706
4705
4705
4704
4700
4699
4699
4698
4698
4698
4698
4695
4695
4695
4691
4690
4690
4689
4689
4689
4687
4686
4685
4685
4685
4683
4683
4682
4681
4681
4681
4680
4679
4678
4677
4677
4677
4676
4676
4674
4674
4673
4673
4673
4672
4672
4670
4670
4667
4665
4665
4665
4663
4663
4661
4659
4657
4656
4656
4655
4654
4654
4654
4654
4653
4653
4653
4651
4649
4648
4648
4647
4647
4646
4644
4643
4642
4641
4640
4639
4638
4636
4635
4635
4635
4634
4633
4631
4631
4630
4629
4629
4629
4628
4628
4624
4623
4623
4623
4620
4620
4619
4617
4617
4616
4616
4614
4613
4613
4612
4612
4612
4611
4609
4609
4608
4607
4606
4605
4605
4601
4600
4599
4599
4599
4599
4598
4596
4595
4592
4592
4592
4589
4587
4586
4586
4583
4583
4582
4580
4580
4579
4578
4577
4576
4575
4574
4574
4573
4572
4572
4571
4571
4570
4569
4568
4567
4567
4567
4564
4563
4563
4563
4563
4563
4563
4561
4561
4560
4558
4557
4557
4557
4556
4556
4555
4555
4553
4552
4550
4550
4549
4549
4548
4548
4548
4548
4546
4544
4542
4542
4542
4542
4539
4539
4538
4537
4536
4535
4534
4533
4533
4532
4532
4531
4527
4525
4525
4523
4521
4520
4520
4520
4519
4518
4518
4518
4518
4518
4517
4515
4514
4514
4510
4508
4505
4504
4502
4502
4498
4497
4496
4496
4494
4494
4492
4491
4491
4489
4487
4487
4486
4485
4485
4484
4484
4484
4484
4483
4483
4482
4482
4481
4480
4480
4479
4479
4478
4477
4477
4474
4474
4472
4471
4471
4470
4467
4465
4463
4462
4461
4461
4459
4457
4456
4453
4452
4452
4451
4450
4450
4449
4448
4448
4443
4442
4442
4440
4440
4440
4439
4438
4437
4437
4436
4436
4435
4434
4430
4429
4428
4426
4426
4426
4424
4422
4421
4421
4420
4420
4412
4409
4408
4407
4407
4406
4406
4406
4405
4404
4403
4402
4402
4401
4401
4401
4401
4399
4398
4397
4396
4396
4396
4396
4395
4395
4394
4392
4391
4390
4389
4389
4387
4385
4383
4383
4382
4381
4381
4380
4380
4378
4378
4378
4376
4375
4375
4374
4371
4371
4369
4369
4367
4365
4364
4362
4360
4360
4359
4358
4358
4358
4357
4357
4356
4354
4351
4349
4348
4348
4347
4347
4347
4345
4344
4342
4341
4337
4336
4334
4332
4332
4331
4329
4329
4329
4328
4326
4326
4326
4324
4324
4324
4323
4322
4321
4321
4320
4320
4319
4318
4315
4315
4314
4313
4313
4313
4312
4312
4312
4311
4310
4310
4309
4308
4305
4304
4303
4303
4300
4299
4299
4297
4297
4295
4294
4292
4290
4288
4287
4287
4284
4284
4284
4283
4282
4282
4281
4281
4279
4274
4273
4272
4272
4271
4270
4270
4266
4264
4262
4262
4259
4257
4257
4255
4254
4254
4254
4253
4253
4252
4251
4249
4249
4246
4245
4245
4244
4244
4244
4244
4242
4241
4241
4240
4240
4240
4240
4238
4238
4238
4237
4237
4236
4236
4235
4234
4233
4232
4231
4231
4231
4231
4230
4230
4229
4229
4227
4227
4226
4224
4224
4224
4223
4222
4222
4221
4221
4220
4220
4220
4219
4219
4218
4218
4217
4216
4214
4213
4213
4213
4212
4209
4209
4208
4208
4208
4207
4203
4203
4202
4202
4202
4201
4200
4198
4196
4195
4194
4192
4192
4190
4189
4189
4187
4185
4184
4184
4184
4184
4184
4183
4181
4180
4178
4178
4177
4175
4171
4171
4170
4169
4168
4167
4165
4164
4163
4163
4162
4161
4158
4158
4156
4156
4155
4154
4153
4152
4150
4150
4149
4149
4149
4145
4143
4142
4141
4141
4141
4139
4137
4135
4133
4129
4128
4126
4126
4124
4123
4123
4123
4123
4122
4121
4120
4120
4120
4119
4119
4118
4118
4117
4115
4114
4112
4112
4112
4109
4108
4107
4106
4106
4104
4102
4100
4100
4095
4094
4093
4092
4092
4091
4091
4091
4091
4089
4086
4085
4085
4083
4081
4081
4081
4081
4081
4080
4080
4079
4077
4077
4076
4076
4075
4074
4074
4074
4074
4073
4073
4073
4072
4071
4070
4069
4069
4068
4067
4067
4066
4065
4063
4063
4062
4061
4060
4060
4059
4057
4056
4054
4054
4053
4052
4051
4050
4050
4050
4049
4048
4048
4048
4048
4047
4046
4045
4044
4043
4043
4043
4043
4041
4040
4039
4038
4038
4037
4036
4036
4035
4034
4034
4033
4032
4032
4031
4028
4027
4027
4027
4026
4025
4024
4024
4023
4023
4022
4022
4022
4021
4020
4020
4019
4019
4016
4016
4013
4011
4011
4010
4010
4008
4008
4008
4007
4007
4006
4005
4004
4000
3999
3999
3997
3995
3994
3991
3991
3990
3990
3988
3987
3986
3985
3984
3984
3983
3982
3981
3978
3978
3978
3977
3976
3975
3974
3974
3972
3969
3967
3966
3964
3963
3962
3962
3962
3961
3959
3958
3957
3957
3955
3955
3954
3952
3951
3951
3949
3948
3947
3945
3945
3945
3944
3944
3942
3942
3941
3940
3939
3939
3938
3938
3937
3937
3936
3934
3933
3933
3933
3933
3932
3932
3931
3931
3930
3930
3930
3929
3929
3927
3926
3925
3925
3923
3920
3920
3914
3914
3912
3911
3909
3907
3906
3905
3903
3903
3903
3902
3902
3902
3901
3901
3901
3900
3900
3899
3899
3897
3894
3894
3894
3894
3890
3889
3889
3887
3886
3884
3883
3883
3881
3880
3880
3877
3877
3876
3876
3876
3876
3875
3875
3872
3872
3871
3870
3869
3868
3864
3864
3863
3863
3863
3862
3862
3861
3861
3860
3859
3857
3857
3854
3852
3849
3848
3848
3848
3848
3847
3847
3846
3846
3845
3845
3843
3843
3840
3838
3838
3837
3836
3836
3835
3833
3833
3832
3828
3825
3824
3821
3818
3817
3817
3813
3813
3812
3809
3809
3809
3808
3808
3807
3807
3806
3804
3803
3803
3802
3801
3800
3800
3800
3799
3798
3798
3798
3797
3796
3795
3794
3791
3788
3787
3786
3781
3781
3781
3781
3780
3779
3779
3778
3777
3777
3775
3775
3772
3770
3770
3769
3768
3768
3767
3765
3764
3763
3761
3759
3751
3751
3749
3748
3748
3746
3745
3744
3744
3744
3744
3743
3743
3743
3743
3743
3742
3739
3737
3735
3733
3732
3731
3730
3730
3728
3725
3723
3723
3722
3719
3716
3716
3713
3710
3708
3708
3708
3707
3707
3706
3705
3705
3704
3702
3701
3698
3697
3696
3696
3694
3694
3693
3690
3689
3688
3688
3687
3686
3685
3685
3680
3678
3678
3677
3676
3673
3673
3671
3671
3671
3670
3668
3667
3665
3665
3665
3664
3663
3663
3662
3661
3660
3659
3658
3658
3657
3655
3655
3655
3654
3653
3652
3651
3650
3650
3649
3648
3647
3646
3644
3643
3643
3642
3642
3641
3640
3639
3638
3637
3636
3636
3635
3635
3635
3634
3634
3633
3632
3631
3630
3627
3627
3626
3626
3624
3624
3624
3624
3622
3622
3619
3617
3615
3613
3613
3611
3608
3607
3606
3606
3605
3605
3604
3603
3603
3602
3602
3602
3602
3601
3601
3600
3598
3597
3597
3597
3596
3596
3596
3593
3593
3592
3589
3589
3587
3586
3585
3580
3580
3578
3576
3575
3575
3573
3573
3572
3571
3571
3570
3566
3566
3565
3564
3563
3561
3559
3558
3556
3556
3556
3555
3555
3554
3553
3552
3552
3551
3550
3549
3545
3545
3545
3544
3542
3542
3539
3535
3534
3534
3534
3534
3533
3532
3531
3530
3530
3530
3528
3525
3524
3523
3523
3522
3521
3520
3519
3519
3518
3518
3517
3515
3515
3515
3514
3513
3512
3509
3509
3509
3508
3508
3507
3505
3503
3503
3501
3501
3501
3499
3499
3498
3495
3494
3494
3493
3492
3490
3490
3489
3489
3484
3484
3482
3482
3481
3480
3479
3478
3477
3477
3477
3476
3476
3474
3474
3473
3472
3471
3469
3469
3468
3464
3463
3462
3461
3461
3461
3460
3459
3459
3457
3457
3456
3454
3452
3452
3451
3451
3447
3446
3445
3444
3443
3443
3441
3441
3440
3438
3435
3432
3431
3428
3428
3427
3425
3425
3419
3418
3412
3411
3410
3409
3408
3407
3405
3404
3403
3402
3401
3400
3400
3399
3398
3398
3397
3392
3389
3389
3389
3386
3386
3386
3385
3384
3383
3382
3378
3377
3377
3376
3376
3375
3373
3373
3370
3369
3368
3367
3365
3365
3363
3360
3360
3359
3359
3358
3357
3355
3355
3354
3353
3352
3352
3352
3352
3352
3350
3350
3348
3347
3346
3346
3342
3342
3342
3342
3341
3341
3339
3337
3336
3335
3334
3332
3329
3328
3326
3326
3325
3325
3324
3321
3321
3321
3320
3320
3319
3319
3319
3319
3318
3316
3316
3316
3316
3315
3314
3311
3310
3306
3306
3304
3304
3304
3304
3303
3303
3301
3299
3298
3298
3298
3298
3297
3297
3296
3295
3293
3292
3291
3290
3289
3285
3285
3284
3283
3282
3279
3279
3279
3279
3278
3277
3276
3276
3275
3273
3273
3273
3271
3269
3268
3266
3264
3264
3262
3262
3260
3260
3259
3258
3257
3257
3256
3256
3254
3253
3252
3252
3252
3252
3251
3251
3250
3249
3249
3248
3248
3247
3246
3246
3244
3243
3240
3240
3238
3231
3231
3228
3228
3227
3224
3223
3223
3223
3223
3222
3221
3221
3221
3220
3218
3212
3211
3209
3208
3207
3207
3204
3202
3201
3199
3199
3199
3198
3196
3195
3195
3194
3194
3194
3192
3192
3191
3191
3190
3190
3190
3189
3189
3187
3186
3185
3184
3183
3183
3182
3182
3181
3179
3177
3174
3174
3170
3168
3168
3167
3167
3166
3166
3165
3165
3164
3163
3163
3163
3163
3160
3159
3158
3158
3157
3157
3156
3155
3152
3152
3150
3150
3148
3147
3144
3144
3143
3142
3142
3142
3142
3138
3137
3135
3135
3133
3132
3130
3129
3128
3127
3127
3125
3125
3125
3124
3123
3120
3118
3117
3114
3114
3114
3113
3112
3111
3110
3110
3109
3109
3105
3105
3105
3104
3103
3102
3102
3101
3101
3101
3100
3099
3099
3099
3098
3097
3097
3097
3096
3095
3092
3092
3090
3085
3085
3085
3085
3085
3084
3084
3083
3083
3083
3081
3080
3079
3079
3077
3075
3073
3072
3071
3070
3070
3068
3068
3066
3066
3065
3065
3063
3060
3060
3059
3058
3055
3053
3053
3052
3051
3051
3050
3045
3044
3043
3042
3040
3037
3035
3034
3033
3032
3031
3030
3029
3028
3028
3027
3026
3026
3026
3025
3024
3024
3022
3021
3020
3020
3020
3020
3019
3018
3018
3015
3015
3015
3015
3013
3012
3011
3010
3007
3004
3003
3003
3003
3002
3002
3000
3000
2999
2998
2998
2997
2992
2989
2988
2988
2986
2985
2984
2982
2979
2979
2975
2974
2974
2972
2971
2970
2969
2969
2968
2966
2964
2962
2959
2958
2957
2957
2956
2955
2954
2954
2953
2953
2953
2952
2952
2949
2948
2947
2945
2944
2944
2943
2942
2942
2941
2941
2941
2941
2941
2939
2938
2937
2937
2936
2935
2933
2932
2931
2930
2930
2928
2928
2927
2927
2926
2925
2924
2922
2920
2919
2919
2919
2917
2915
2913
2912
2912
2912
2911
2909
2907
2904
2904
2903
2901
2901
2901
2901
2900
2900
2899
2899
2898
2895
2892
2891
2891
2889
2888
2888
2883
2881
2881
2880
2880
2877
2877
2877
2876
2873
2873
2872
2872
2872
2872
2872
2871
2868
2867
2866
2865
2864
2863
2863
2862
2862
2861
2861
2861
2860
2858
2858
2857
2856
2856
2856
2856
2856
2855
2854
2854
2853
2853
2851
2850
2849
2849
2848
2847
2847
2847
2845
2845
2843
2841
2841
2839
2838
2833
2831
2831
2829
2828
2828
2827
2826
2826
2826
2826
2826
2824
2823
2823
2821
2818
2817
2816
2816
2815
2815
2812
2811
2809
2806
2803
2803
2802
2800
2796
2794
2793
2793
2790
2788
2788
2787
2784
2781
2779
2778
2777
2776
2775
2774
2772
2770
2770
2769
2769
2768
2766
2764
2764
2763
2761
2761
2759
2758
2757
2753
2753
2753
2748
2746
2746
2746
2745
2743
2743
2743
2743
2742
2735
2735
2733
2731
2731
2731
2731
2729
2726
2724
2723
2722
2720
2717
2717
2716
2714
2712
2710
2710
2709
2708
2707
2707
2706
2705
2705
2704
2702
2700
2699
2699
2699
2699
2698
2697
2697
2696
2695
2692
2690
2689
2689
2686
2685
2684
2683
2681
2680
2680
2679
2679
2678
2677
2677
2677
2677
2677
2676
2676
2675
2674
2671
2671
2670
2668
2668
2666
2661
2661
2659
2659
2658
2658
2657
2656
2656
2655
2655
2652
2652
2652
2650
2646
2645
2643
2642
2641
2640
2639
2638
2638
2638
2638
2637
2637
2635
2635
2635
2634
2634
2631
2628
2628
2626
2625
2623
2623
2623
2622
2621
2620
2620
2620
2619
2619
2618
2617
2615
2615
2614
2613
2611
2610
2609
2609
2606
2605
2605
2605
2604
2604
2601
2599
2599
2598
2597
2597
2596
2596
2595
2594
2594
2592
2592
2591
2591
2591
2590
2589
2589
2589
2588
2588
2588
2587
2586
2583
2581
2580
2579
2577
2576
2575
2575
2575
2574
2574
2572
2571
2570
2568
2567
2567
2564
2564
2564
2563
2560
2559
2557
2556
2555
2553
2551
2551
2551
2551
2550
2550
2550
2549
2547
2547
2546
2544
2544
2543
2543
2542
2540
2540
2540
2539
2538
2537
2536
2536
2535
2534
2534
2525
2525
2523
2520
2519
2518
2516
2516
2516
2515
2515
2513
2512
2511
2511
2510
2509
2508
2508
2507
2503
2503
2500
2499
2499
2499
2498
2497
2494
2494
2493
2491
2491
2489
2489
2488
2487
2485
2482
2480
2476
2476
2473
2471
2471
2470
2469
2469
2468
2468
2468
2466
2466
2466
2464
2464
2463
2461
2460
2460
2459
2458
2458
2457
2457
2456
2455
2454
2454
2453
2452
2451
2451
2449
2448
2448
2446
2446
2445
2442
2442
2441
2434
2432
2431
2430
2429
2428
2427
2427
2424
2423
2423
2423
2422
2422
2420
2420
2418
2418
2418
2416
2414
2413
2413
2413
2412
2412
2410
2410
2409
2408
2407
2406
2401
2400
2400
2399
2398
2398
2397
2395
2394
2393
2392
2390
2389
2389
2388
2387
2387
2386
2385
2385
2384
2383
2382
2381
2380
2380
2378
2375
2375
2375
2375
2373
2373
2370
2368
2367
2366
2366
2364
2363
2363
2361
2360
2359
2357
2356
2356
2355
2351
2351
2350
2350
2346
2345
2345
2343
2341
2340
2340
2339
2339
2338
2337
2333
2332
2332
2328
2328
2327
2327
2326
2326
2326
2323
2322
2322
2322
2321
2321
2320
2320
2319
2319
2317
2317
2315
2313
2313
2312
2312
2309
2307
2307
2306
2305
2305
2302
2298
2298
2298
2295
2295
2294
2291
2291
2291
2290
2290
2289
2289
2289
2288
2288
2287
2285
2284
2284
2284
2283
2282
2281
2280
2279
2277
2276
2274
2272
2272
2271
2271
2269
2267
2265
2264
2264
2264
2262
2262
2262
2261
2260
2258
2258
2256
2256
2255
2255
2254
2254
2252
2251
2251
2250
2250
2250
2249
2249
2249
2248
2248
2247
2245
2244
2244
2244
2243
2243
2241
2241
2239
2238
2236
2235
2234
2234
2232
2232
2231
2231
2228
2228
2228
2228
2227
2227
2224
2223
2223
2222
2222
2221
2221
2221
2219
2219
2218
2218
2214
2213
2210
2210
2208
2207
2207
2206
2205
2205
2205
2205
2204
2203
2203
2202
2202
2201
2198
2195
2195
2194
2193
2193
2192
2192
2191
2190
2188
2187
2186
2186
2186
2184
2183
2182
2182
2180
2180
2179
2179
2176
2174
2172
2170
2169
2168
2168
2168
2168
2166
2165
2165
2165
2164
2164
2164
2162
2162
2162
2161
2161
2159
2157
2157
2156
2156
2153
2150
2150
2149
2146
2143
2141
2140
2139
2138
2138
2138
2137
2137
2136
2136
2133
2130
2129
2128
2127
2124
2124
2124
2123
2121
2115
2115
2113
2110
2110
2109
2108
2108
2108
2108
2107
2106
2105
2105
2105
2104
2103
2101
2100
2100
2100
2099
2099
2098
2097
2097
2095
2094
2093
2092
2091
2091
2091
2090
2088
2086
2086
2085
2085
2085
2083
2082
2081
2079
2079
2077
2077
2076
2076
2074
2069
2068
2068
2068
2067
2066
2066
2065
2065
2063
2063
2062
2062
2061
2061
2060
2060
2060
2059
2059
2058
2058
2057
2057
2057
2057
2056
2056
2055
2054
2054
2054
2054
2052
2051
2048
2047
2047
2046
2046
2046
2046
2045
2045
2045
2043
2041
2041
2041
2040
2040
2037
2037
2034
2034
2033
2032
2030
2029
2028
2028
2027
2027
2025
2025
2025
2023
2022
2022
2021
2019
2019
2018
2018
2017
2016
2015
2014
2014
2014
2013
2012
2012
2011
2011
2010
2010
2008
2007
2006
2006
2006
2005
2002
2001
1998
1997
1995
1993
1993
1989
1989
1989
1988
1986
1986
1984
1982
1981
1979
1978
1975
1975
1974
1973
1972
1972
1969
1968
1965
1965
1965
1964
1964
1960
1960
1957
1955
1954
1954
1953
1951
1949
1948
1946
1944
1942
1941
1940
1939
1939
1938
1938
1937
1931
1929
1929
1928
1927
1927
1925
1924
1924
1920
1918
1916
1916
1914
1912
1911
1911
1908
1908
1906
1906
1906
1906
1900
1900
1900
1900
1899
1895
1894
1892
1891
1888
1888
1885
1883
1883
1883
1882
1880
1880
1877
1876
1874
1874
1872
1871
1871
1871
1870
1869
1869
1868
1867
1866
1866
1865
1865
1864
1861
1860
1859
1859
1859
1857
1856
1856
1855
1855
1853
1852
1851
1851
1850
1850
1849
1848
1848
1846
1843
1842
1842
1841
1840
1840
1838
1838
1837
1836
1836
1835
1833
1833
1831
1830
1827
1826
1826
1826
1826
1824
1824
1823
1822
1822
1821
1819
1819
1818
1818
1817
1817
1816
1816
1815
1814
1811
1810
1810
1810
1809
1806
1805
1805
1804
1803
1801
1800
1799
1799
1798
1798
1797
1797
1797
1796
1794
1794
1791
1791
1791
1790
1789
1789
1789
1788
1788
1786
1785
1785
1784
1784
1783
1782
1782
1781
1781
1780
1780
1779
1778
1777
1776
1776
1775
1774
1774
1772
1772
1771
1771
1770
1770
1770
1767
1767
1766
1766
1766
1763
1763
1763
1763
1762
1762
1760
1759
1755
1755
1754
1754
1753
1751
1750
1750
1748
1748
1747
1744
1743
1742
1741
1738
1736
1735
1733
1732
1731
1731
1730
1730
1729
1729
1729
1728
1728
1728
1727
1726
1725
1723
1723
1722
1720
1720
1718
1716
1716
1715
1714
1714
1713
1712
1710
1708
1707
1707
1707
1706
1706
1706
1706
1705
1704
1703
1702
1702
1702
1701
1700
1700
1699
1699
1698
1697
1696
1695
1695
1694
1694
1692
1692
1692
1690
1689
1687
1686
1685
1684
1684
1683
1683
1683
1682
1682
1680
1679
1678
1676
1675
1675
1670
1669
1667
1666
1664
1663
1663
1662
1662
1659
1659
1658
1657
1656
1654
1653
1653
1651
1650
1650
1650
1650
1649
1649
1649
1646
1645
1645
1645
1645
1640
1638
1637
1636
1636
1634
1634
1633
1632
1632
1631
1631
1628
1628
1628
1628
1628
1627
1627
1625
1625
1624
1623
1622
1622
1619
1618
1618
1616
1616
1616
1616
1615
1614
1612
1609
1608
1608
1607
1606
1605
1605
1605
1605
1603
1603
1603
1602
1601
1600
1600
1598
1598
1596
1596
1596
1595
1594
1591
1590
1589
1589
1589
1588
1588
1585
1583
1583
1583
1581
1581
1580
1580
1579
1576
1575
1574
1573
1573
1571
1571
1569
1569
1564
1562
1562
1561
1560
1560
1559
1559
1559
1558
1555
1554
1553
1552
1552
1552
1551
1551
1551
1550
1550
1549
1548
1547
1547
1547
1543
1543
1542
1541
1540
1539
1539
1538
1536
1534
1534
1532
1531
1531
1530
1528
1528
1527
1527
1526
1526
1525
1525
1523
1523
1523
1523
1522
1522
1522
1521
1521
1519
1519
1516
1514
1514
1511
1511
1510
1508
1507
1507
1506
1506
1504
1503
1500
1500
1498
1498
1497
1497
1495
1492
1491
1489
1487
1485
1484
1483
1479
1479
1479
1478
1475
1474
1474
1474
1473
1472
1472
1472
1471
1471
1469
1469
1468
1465
1464
1462
1461
1461
1460
1460
1460
1460
1457
1456
1455
1454
1451
1451
1450
1445
1444
1443
1442
1439
1437
1437
1436
1435
1435
1434
1434
1433
1433
1433
1432
1432
1432
1432
1431
1430
1429
1428
1427
1426
1425
1424
1423
1421
1420
1418
1417
1417
1415
1414
1412
1411
1410
1408
1407
1406
1405
1405
1404
1404
1404
1398
1398
1396
1396
1395
1394
1393
1393
1390
1388
1386
1384
1383
1381
1380
1380
1379
1378
1377
1377
1376
1376
1375
1374
1373
1372
1372
1371
1369
1369
1368
1367
1362
1362
1361
1361
1359
1356
1355
1354
1353
1353
1353
1352
1349
1349
1348
1346
1346
1346
1346
1345
1345
1345
1344
1344
1343
1343
1341
1341
1340
1339
1338
1337
1334
1333
1331
1330
1329
1328
1328
1326
1326
1323
1323
1323
1323
1322
1322
1321
1320
1320
1319
1319
1319
1314
1309
1308
1308
1307
1306
1304
1303
1302
1302
1301
1299
1298
1297
1295
1294
1293
1291
1291
1290
1290
1290
1286
1285
1284
1280
1279
1278
1277
1277
1277
1276
1276
1276
1274
1274
1274
1272
1271
1270
1269
1269
1268
1265
1264
1261
1261
1261
1260
1260
1259
1259
1258
1256
1256
1256
1255
1253
1253
1253
1250
1249
1247
1246
1246
1245
1244
1244
1241
1240
1240
1240
1239
1236
1236
1235
1233
1232
1232
1231
1230
1230
1229
1227
1225
1223
1223
1221
1221
1218
1218
1217
1217
1216
1216
1216
1213
1213
1212
1212
1210
1210
1210
1210
1208
1206
1205
1204
1204
1203
1203
1201
1199
1197
1196
1195
1194
1194
1192
1192
1191
1190
1188
1187
1186
1186
1185
1183
1183
1182
1182
1180
1180
1179
1178
1178
1178
1177
1175
1174
1173
1172
1171
1170
1170
1168
1168
1166
1166
1163
1162
1162
1159
1158
1157
1156
1155
1152
1152
1150
1150
1149
1148
1148
1147
1146
1145
1143
1141
1141
1141
1140
1136
1136
1135
1135
1134
1133
1133
1132
1132
1131
1130
1129
1127
1126
1125
1125
1124
1124
1123
1123
1121
1120
1119
1118
1116
1115
1113
1111
1109
1107
1107
1107
1105
1105
1103
1102
1102
1100
1100
1099
1098
1097
1097
1096
1096
1096
1094
1094
1091
1088
1087
1085
1082
1078
1078
1077
1076
1076
1074
1074
1074
1073
1072
1072
1071
1070
1068
1068
1066
1066
1065
1065
1064
1061
1059
1058
1058
1054
1053
1052
1052
1052
1050
1050
1050
1049
1049
1047
1047
1046
1046
1044
1042
1042
1039
1038
1036
1035
1035
1035
1034
1034
1032
1032
1032
1031
1029
1027
1025
1025
1025
1024
1024
1023
1022
1021
1020
1020
1019
1018
1016
1014
1014
1013
1011
1010
1010
1010
1009
1008
1008
1007
1005
1005
1004
1004
1003
1002
1002
1001
1000
993
993
992
992
991
991
991
990
988
986
985
985
985
984
983
983
981
980
980
979
977
976
976
975
974
974
973
972
971
970
970
967
966
966
966
963
961
960
960
960
959
954
954
953
952
952
950
950
947
946
946
946
944
944
942
941
941
940
940
938
938
938
938
937
935
934
934
934
934
933
932
931
927
927
926
925
925
924
923
923
922
916
912
911
911
910
908
906
903
901
900
900
898
896
896
893
892
892
891
887
887
887
886
885
883
882
882
881
881
881
879
879
879
879
878
878
878
876
875
875
874
874
872
872
869
869
869
869
868
867
866
865
865
863
862
860
857
856
855
854
854
854
849
849
849
846
845
845
844
844
843
842
841
840
840
839
839
838
836
836
835
835
834
832
830
830
829
828
827
826
819
818
817
817
814
814
814
813
813
812
811
810
810
810
809
809
808
805
804
803
803
802
801
801
799
799
797
796
792
792
791
789
786
784
784
782
782
782
781
780
780
779
777
775
775
771
770
770
768
768
768
765
764
763
763
760
757
755
754
753
751
751
750
749
749
749
748
747
745
744
743
743
742
741
740
738
738
738
736
736
736
734
734
733
732
731
730
729
728
727
727
726
726
725
724
724
724
724
724
722
721
719
719
718
715
715
715
715
712
712
711
710
708
707
704
703
702
701
701
701
701
698
698
697
696
696
694
694
693
692
692
692
691
689
689
688
685
684
683
681
681
679
679
676
676
676
675
675
673
669
669
669
669
668
667
667
667
666
662
662
661
659
658
658
657
656
653
652
650
648
646
646
645
645
645
645
645
644
644
644
643
643
643
642
641
640
638
638
632
632
632
632
630
630
628
625
624
624
624
622
622
622
622
621
617
614
614
613
613
610
610
609
609
609
609
608
606
605
603
603
601
601
601
601
599
595
594
594
594
593
593
592
592
591
590
590
588
586
585
584
584
583
583
582
582
579
579
578
578
578
577
577
574
574
574
573
572
571
571
571
570
569
569
569
569
567
565
565
564
562
561
560
559
558
557
553
552
552
552
551
550
547
546
544
543
543
538
537
537
536
534
534
534
533
532
531
531
530
530
530
529
529
528
526
526
523
523
522
522
521
521
519
518
517
516
515
514
513
512
512
512
510
507
507
506
506
506
500
500
500
498
497
496
493
493
491
490
488
488
488
487
487
486
486
483
482
482
478
478
478
476
475
474
474
473
473
472
471
471
470
470
470
469
467
467
464
463
460
459
459
457
456
455
452
450
448
447
445
445
444
443
442
440
439
438
438
438
437
436
436
435
433
433
432
432
430
429
428
427
426
426
426
425
423
423
423
422
421
420
419
418
418
418
417
417
414
413
413
412
409
409
403
403
402
401
400
400
400
398
398
398
396
394
392
391
391
391
389
389
384
383
382
382
382
382
381
380
380
380
379
379
379
378
377
376
376
375
375
374
374
372
372
372
371
368
366
366
365
365
364
364
364
362
361
360
360
359
357
357
354
354
353
352
352
351
349
345
343
341
340
340
339
337
335
334
332
331
330
330
330
329
329
328
328
328
327
327
326
326
325
323
322
321
321
321
319
318
318
317
317
314
314
311
311
310
308
307
306
306
306
304
303
302
300
300
299
298
293
292
291
289
288
288
287
286
283
282
280
280
279
279
279
279
278
278
277
276
276
276
274
272
270
270
269
268
267
266
265
265
262
260
259
258
258
257
256
256
254
253
252
251
249
249
246
245
245
245
244
242
242
241
240
240
239
237
237
236
234
234
234
234
232
231
230
230
229
228
226
226
226
225
224
223
221
217
214
214
210
210
209
207
205
204
202
201
201
200
200
199
197
196
196
196
194
194
194
194
190
189
188
186
185
185
185
183
183
181
181
179
177
177
176
176
175
174
174
173
173
173
170
170
170
169
168
165
165
163
162
162
160
160
160
160
160
159
159
158
157
155
155
155
154
154
154
152
150
150
149
148
148
145
144
144
143
140
140
136
135
134
131
130
130
130
127
127
126
121
121
120
120
116
115
114
114
114
113
113
112
111
111
111
110
110
110
109
108
106
106
106
106
105
105
101
100
99
99
97
97
97
96
96
94
94
92
91
90
89
89
89
89
88
87
87
84
83
83
82
81
80
79
79
79
77
76
76
75
75
73
73
69
69
68
67
65
65
65
65
64
63
62
61
58
58
58
57
57
53
53
52
51
51
51
49
49
48
47
47
45
45
44
40
39
37
37
36
36
35
34
34
33
30
29
29
28
28
27
24
23
21
21
20
19
19
18
17
16
15
15
14
13
13
13
12
10
7
6
5
4
2
