9999
9999
9999
9998
9998
9996
9995
9991
9991
9989
9989
9989
9988
9988
9985
9985
9985
9984
9981
9981
9980
9980
9980
9980
9978
9978
9977
9976
9974
9973
9972
9972
9971
9969
9969
9968
9967
9967
9967
9965
9963
9963
9963
9962
9962
9962
9961
9960
9960
9959
9959
9959
9959
9957
9957
9956
9956
9954
9953
9952
9951
9951
9948
9947
9945
9944
9942
9942
9942
9942
9941
9941
9940
9939
9937
9937
9937
9934
9931
9931
9927
9926
9926
9924
9923
9920
9919
9917
9915
9915
9914
9913
9912
9910
9909
9908
9905
9905
9905
9905
9905
9903
9903
9902
9901
9900
9899
9899
9898
9898
9896
9896
9895
9894
9894
9894
9893
9893
9893
9892
9892
9892
9890
9889
9889
9888
9888
9887
9886
9885
9885
9885
9885
9884
9884
9883
9883
9883
9882
9881
9880
9880
9879
9878
9876
9876
9876
9874
9874
9874
9873
9872
9871
9868
9868
9867
9863
9863
9862
9860
9860
9859
9859
9856
9854
9854
9853
9853
9851
9850
9850
9850
9849
9849
9848
9847
9847
9846
9845
9844
9844
9844
9843
9842
9841
9838
9835
9835
9835
9834
9833
9830
9828
9828
9827
9825
9824
9824
9824
9824
9823
9823
9822
9819
9819
9818
9818
9817
9817
9816
9815
9814
9813
9811
9810
9810
9809
9809
9808
9808
9807
9806
9806
9804
9803
9803
9803
9803
9803
9802
9802
9802
9801
9800
9799
9796
9795
9795
9795
9793
9791
9789
9786
9783
9783
9781
9781
9779
9779
9775
9775
9774
9772
9772
9771
9770
9769
9767
9767
9766
9766
9766
9766
9765
9764
9764
9762
9761
9759
9757
9755
9754
9752
9752
9751
9751
9750
9750
9747
9746
9745
9745
9745
9744
9744
9743
9743
9743
9741
9739
9739
9735
9734
9734
9733
9732
9730
9728
9728
9726
9726
9726
9725
9725
9724
9724
9724
9724
9724
9723
9722
9722
9721
9721
9720
9717
9715
9715
9715
9715
9713
9712
9712
9710
9709
9709
9707
9706
9706
9706
9705
9704
9704
9704
9703
9703
9703
9702
9700
9699
9698
9697
9696
9696
9696
9696
9693
9691
9691
9691
9688
9688
9688
9687
9686
9686
9686
9686
9685
9684
9684
9684
9682
9682
9682
9680
9679
9678
9678
9675
9675
9675
9671
9670
9669
9668
9667
9666
9665
9663
9660
9659
9658
9658
9657
9656
9656
9654
9652
9651
9650
9649
9649
9649
9648
9648
9648
9648
9647
9645
9643
9642
9642
9642
9640
9636
9635
9632
9630
9629
9628
9627
9626
9625
9624
9622
9622
9622
9621
9621
9620
9620
9620
9618
9618
9617
9616
9615
9614
9614
9613
9613
9611
9608
9608
9607
9607
9604
9604
9603
9603
9602
9602
9601
9601
9601
9600
9595
9594
9593
9590
9588
9586
9584
9583
9581
9579
9578
9578
9576
9575
9575
9572
9570
9568
9566
9565
9561
9559
9558
9557
9556
9556
9556
9554
9553
9551
9550
9549
9547
9547
9546
9546
9543
9542
9541
9541
9540
9539
9539
9538
9536
9536
9536
9534
9534
9534
9534
9533
9532
9531
9530
9530
9527
9527
9526
9526
9525
9525
9524
9523
9523
9522
9521
9521
9520
9519
9519
9517
9517
9516
9516
9516
9516
9514
9514
9513
9513
9511
9509
9508
9506
9500
9499
9498
9496
9496
9493
9492
9492
9491
9489
9487
9487
9487
9486
9482
9482
9481
9479
9478
9477
9476
9474
9471
9469
9469
9469
9468
9467
9466
9464
9464
9464
9464
9462
9460
9460
9459
9458
9457
9457
9456
9453
9453
9453
9450
9450
9450
9450
9445
9442
9439
9439
9436
9434
9428
9427
9426
9425
9425
9425
9424
9422
9416
9415
9415
9414
9413
9411
9409
9409
9408
9407
9406
9404
9403
9402
9402
9401
9400
9399
9397
9395
9394
9394
9393
9391
9390
9389
9388
9387
9387
9387
9386
9386
9385
9385
9384
9384
9384
9384
9383
9383
9382
9382
9382
9381
9380
9380
9378
9378
9378
9377
9376
9375
9372
9372
9372
9371
9371
9371
9370
9370
9369
9368
9367
9365
9365
9364
9364
9362
9361
9359
9359
9358
9357
9357
9355
9355
9355
9354
9353
9353
9353
9351
9351
9349
9348
9348
9347
9344
9342
9342
9342
9337
9337
9334
9333
9332
9332
9331
9329
9328
9328
9328
9327
9327
9326
9325
9323
9322
9321
9321
9321
9320
9319
9317
9314
9314
9314
9314
9313
9312
9311
9311
9308
9308
9308
9307
9307
9307
9305
9305
9305
9304
9304
9304
9304
9303
9299
9298
9296
9295
9295
9295
9295
9295
9294
9293
9293
9293
9292
9292
9290
9290
9289
9288
9288
9287
9287
9282
9280
9277
9277
9277
9277
9277
9276
9274
9274
9273
9272
9272
9272
9268
9267
9267
9267
9267
9267
9262
9262
9261
9261
9260
9259
9258
9256
9256
9255
9255
9254
9254
9254
9252
9252
9251
9249
9249
9248
9247
9246
9246
9244
9244
9243
9243
9242
9241
9240
9240
9240
9240
9236
9236
9235
9234
9233
9233
9232
9230
9230
9229
9229
9229
9228
9228
9227
9225
9225
9225
9224
9224
9223
9222
9222
9221
9219
9219
9218
9218
9216
9216
9216
9214
9212
9210
9210
9210
9208
9208
9207
9206
9205
9204
9203
9202
9202
9202
9201
9198
9197
9195
9195
9193
9192
9190
9190
9187
9185
9183
9182
9180
9180
9179
9178
9177
9173
9172
9172
9171
9170
9170
9170
9170
9169
9169
9169
9168
9168
9167
9167
9166
9165
9164
9164
9163
9161
9160
9160
9159
9158
9157
9156
9155
9154
9153
9152
9151
9150
9150
9149
9148
9147
9144
9144
9144
9143
9143
9143
9140
9140
9138
9138
9137
9135
9135
9134
9133
9133
9132
9132
9127
9126
9126
9126
9125
9123
9123
9123
9122
9122
9121
9120
9120
9120
9120
9119
9119
9118
9118
9115
9113
9109
9109
9108
9105
9104
9103
9101
9100
9099
9099
9094
9092
9091
9091
9089
9088
9085
9085
9084
9083
9083
9082
9082
9081
9081
9080
9078
9077
9077
9076
9076
9075
9075
9074
9072
9071
9069
9069
9069
9069
9069
9068
9068
9066
9065
9065
9064
9064
9063
9062
9059
9059
9057
9057
9056
9054
9051
9051
9051
9051
9050
9048
9047
9046
9045
9044
9044
9043
9043
9042
9042
9039
9039
9038
9037
9036
9036
9035
9035
9033
9031
9031
9028
9027
9026
9026
9026
9025
9023
9021
9021
9021
9021
9021
9019
9017
9017
9017
9016
9015
9013
9013
9012
9012
9012
9009
9007
9007
9007
9006
9006
9002
9001
8998
8996
8994
8994
8993
8993
8993
8992
8992
8991
8991
8990
8988
8988
8987
8986
8985
8985
8984
8982
8982
8981
8981
8981
8980
8976
8976
8973
8972
8970
8969
8969
8967
8967
8965
8964
8962
8962
8960
8959
8958
8957
8954
8954
8954
8953
8950
8949
8948
8948
8947
8946
8946
8946
8944
8944
8943
8943
8942
8942
8942
8941
8941
8941
8940
8939
8937
8935
8933
8931
8930
8928
8927
8926
8925
8923
8922
8920
8918
8918
8917
8916
8916
8915
8914
8912
8911
8910
8908
8907
8907
8906
8906
8904
8904
8904
8903
8902
8902
8900
8900
8899
8897
8896
8892
8890
8889
8889
8886
8884
8882
8881
8878
8877
8876
8875
8872
8869
8869
8869
8868
8866
8866
8864
8862
8861
8858
8858
8856
8856
8855
8855
8855
8855
8854
8853
8851
8849
8849
8844
8844
8843
8842
8840
8840
8839
8838
8838
8838
8834
8833
8832
8832
8831
8831
8831
8829
8827
8827
8825
8825
8824
8823
8823
8823
8822
8821
8820
8820
8819
8817
8816
8815
8814
8814
8812
8811
8811
8811
8810
8809
8809
8808
8806
8806
8805
8805
8805
8805
8804
8804
8801
8798
8798
8797
8795
8795
8795
8793
8792
8792
8791
8791
8790
8789
8787
8785
8783
8781
8781
8781
8780
8776
8776
8775
8775
8775
8774
8774
8774
8773
8773
8770
8770
8770
8767
8767
8765
8763
8763
8763
8763
8761
8760
8760
8759
8757
8757
8757
8756
8755
8754
8752
8752
8751
8750
8749
8748
8748
8747
8746
8745
8745
8744
8741
8739
8738
8735
8730
8729
8728
8726
8726
8725
8724
8724
8720
8715
8715
8715
8715
8714
8713
8712
8712
8711
8708
8702
8701
8700
8699
8698
8698
8697
8696
8696
8696
8695
8694
8691
8688
8686
8686
8685
8685
8685
8684
8683
8683
8683
8682
8682
8679
8678
8678
8678
8677
8676
8676
8675
8673
8672
8671
8669
8667
8666
8665
8665
8664
8664
8663
8663
8662
8662
8661
8660
8658
8657
8657
8653
8652
8652
8649
8648
8647
8647
8646
8645
8643
8641
8639
8639
8638
8635
8635
8634
8634
8633
8633
8631
8631
8629
8629
8628
8625
8624
8624
8623
8623
8619
8618
8617
8615
8613
8612
8612
8608
8608
8607
8607
8607
8607
8606
8605
8605
8604
8603
8602
8601
8601
8601
8599
8598
8598
8596
8595
8593
8593
8593
8592
8591
8590
8588
8587
8586
8585
8585
8585
8584
8583
8582
8580
8579
8578
8576
8574
8573
8573
8573
8572
8571
8570
8570
8570
8567
8566
8566
8566
8566
8563
8562
8562
8562
8561
8561
8560
8560
8560
8560
8558
8557
8554
8554
8553
8553
8552
8551
8551
8549
8547
8545
8545
8545
8545
8544
8544
8542
8542
8542
8540
8540
8538
8536
8536
8535
8534
8531
8530
8529
8527
8526
8526
8524
8522
8522
8522
8520
8520
8519
8519
8518
8518
8515
8514
8513
8513
8513
8512
8510
8510
8508
8507
8505
8503
8501
8500
8499
8499
8498
8497
8497
8495
8495
8494
8494
8493
8492
8492
8489
8488
8487
8483
8482
8480
8480
8479
8475
8475
8474
8472
8471
8470
8469
8469
8468
8468
8467
8467
8466
8465
8464
8462
8462
8461
8460
8458
8458
8458
8457
8457
8456
8455
8454
8454
8453
8452
8451
8450
8450
8449
8449
8448
8447
8443
8443
8442
8441
8440
8439
8436
8434
8431
8430
8430
8428
8427
8425
8422
8421
8421
8419
8417
8417
8416
8416
8416
8414
8412
8406
8403
8403
8402
8401
8400
8399
8399
8398
8398
8397
8397
8396
8396
8395
8395
8395
8395
8394
8394
8390
8388
8387
8386
8384
8384
8383
8382
8381
8380
8379
8378
8378
8376
8376
8376
8375
8374
8374
8374
8373
8372
8371
8371
8367
8364
8362
8362
8361
8360
8359
8359
8359
8358
8356
8356
8356
8355
8355
8355
8355
8354
8353
8353
8352
8351
8349
8347
8346
8345
8344
8341
8341
8340
8337
8336
8334
8332
8332
8332
8331
8331
8331
8331
8330
8330
8328
8327
8327
8325
8321
8320
8318
8317
8317
8316
8315
8314
8314
8313
8312
8309
8309
8308
8308
8308
8308
8308
8307
8301
8300
8300
8300
8299
8299
8297
8296
8295
8294
8294
8293
8293
8291
8290
8290
8287
8287
8286
8286
8286
8286
8283
8283
8281
8280
8280
8279
8278
8276
8276
8276
8274
8274
8273
8273
8273
8272
8270
8270
8270
8268
8267
8265
8264
8264
8263
8263
8262
8256
8256
8255
8253
8252
8252
8252
8250
8249
8248
8247
8246
8245
8243
8242
8242
8242
8241
8238
8238
8238
8238
8238
8237
8237
8236
8232
8229
8229
8225
8225
8222
8222
8220
8219
8219
8219
8217
8214
8211
8209
8209
8209
8208
8207
8206
8205
8204
8203
8202
8201
8200
8199
8198
8198
8198
8196
8196
8195
8194
8193
8192
8190
8189
8188
8188
8187
8187
8187
8183
8181
8180
8180
8177
8176
8176
8176
8174
8173
8172
8171
8171
8171
8170
8169
8168
8168
8167
8167
8166
8165
8165
8165
8160
8159
8159
8159
8158
8158
8156
8155
8153
8152
8152
8152
8149
8149
8149
8146
8145
8142
8140
8140
8139
8137
8136
8135
8134
8134
8133
8133
8131
8128
8126
8125
8124
8124
8120
8119
8119
8118
8117
8117
8116
8115
8115
8115
8115
8111
8110
8110
8110
8109
8108
8108
8105
8104
8104
8104
8104
8103
8103
8102
8102
8101
8100
8100
8100
8099
8099
8098
8098
8097
8096
8095
8095
8094
8092
8092
8091
8090
8090
8090
8089
8088
8088
8087
8086
8086
8084
8084
8084
8082
8081
8080
8079
8078
8077
8076
8074
8073
8073
8072
8071
8070
8069
8068
8067
8067
8065
8064
8064
8063
8062
8059
8057
8057
8056
8054
8054
8051
8049
8048
8047
8046
8046
8045
8045
8043
8042
8041
8041
8041
8040
8040
8040
8038
8037
8034
8033
8032
8031
8028
8025
8023
8023
8022
8021
8021
8021
8021
8020
8020
8019
8018
8017
8017
8017
8014
8012
8011
8008
8008
8007
8006
8004
8003
8003
8003
8001
7999
7999
7999
7998
7997
7996
7995
7995
7995
7994
7994
7994
7988
7987
7982
7980
7978
7978
7978
7977
7976
7975
7974
7974
7974
7973
7973
7972
7972
7972
7972
7972
7971
7970
7970
7970
7970
7969
7969
7967
7965
7965
7964
7964
7962
7962
7962
7961
7961
7960
7959
7959
7959
7954
7951
7950
7948
7948
7948
7945
7945
7943
7941
7941
7940
7939
7939
7935
7935
7934
7934
7934
7933
7932
7931
7929
7929
7928
7928
7928
7926
7924
7924
7923
7923
7922
7920
7919
7919
7915
7915
7914
7913
7911
7911
7910
7909
7908
7908
7907
7906
7905
7904
7903
7902
7901
7901
7901
7900
7899
7898
7898
7896
7895
7892
7890
7889
7889
7889
7888
7888
7887
7886
7884
7883
7881
7881
7880
7876
7875
7874
7874
7873
7872
7872
7872
7871
7870
7868
7868
7867
7862
7859
7859
7857
7857
7857
7854
7852
7851
7850
7850
7849
7848
7845
7845
7845
7845
7843
7843
7843
7842
7841
7841
7840
7839
7839
7837
7836
7834
7834
7830
7829
7829
7828
7827
7827
7826
7825
7825
7824
7823
7822
7822
7820
7818
7818
7816
7815
7815
7814
7812
7811
7810
7809
7808
7807
7806
7803
7803
7802
7800
7797
7795
7793
7793
7792
7791
7790
7790
7788
7787
7787
7786
7785
7784
7783
7783
7782
7781
7781
7781
7780
7778
7778
7771
7770
7768
7767
7767
7766
7765
7764
7763
7762
7762
7761
7761
7760
7755
7754
7754
7753
7752
7750
7749
7749
7748
7747
7747
7746
7744
7743
7742
7741
7740
7739
7739
7738
7738
7738
7737
7735
7735
7733
7732
7732
7732
7732
7731
7730
7729
7728
7727
7725
7725
7724
7723
7723
7722
7721
7721
7721
7721
7721
7720
7720
7719
7717
7716
7715
7714
7714
7713
7713
7713
7712
7712
7712
7711
7711
7709
7709
7708
7707
7707
7705
7705
7705
7704
7703
7703
7699
7698
7697
7697
7694
7693
7691
7690
7690
7687
7686
7686
7686
7686
7685
7682
7682
7681
7680
7678
7677
7677
7674
7673
7673
7673
7672
7671
7670
7669
7667
7666
7666
7665
7664
7664
7664
7664
7664
7662
7661
7660
7656
7655
7654
7650
7650
7649
7649
7647
7646
7644
7644
7644
7642
7642
7641
7640
7640
7639
7639
7638
7637
7637
7636
7635
7634
7634
7634
7633
7633
7633
7630
7629
7628
7626
7626
7624
7624
7623
7623
7622
7622
7622
7621
7620
7617
7615
7614
7613
7613
7612
7610
7610
7610
7609
7608
7607
7606
7603
7603
7598
7598
7597
7597
7596
7596
7595
7595
7595
7594
7593
7593
7592
7592
7590
7588
7588
7587
7586
7586
7585
7584
7584
7582
7582
7581
7580
7580
7578
7577
7576
7575
7575
7574
7573
7571
7570
7570
7569
7565
7564
7561
7560
7558
7557
7557
7557
7557
7555
7554
7553
7552
7550
7550
7549
7546
7546
7545
7545
7545
7543
7539
7539
7538
7538
7534
7532
7531
7529
7529
7528
7528
7527
7526
7526
7526
7525
7525
7525
7523
7523
7522
7522
7521
7521
7521
7520
7518
7516
7516
7512
7512
7512
7509
7505
7505
7504
7504
7503
7500
7500
7499
7498
7497
7496
7496
7496
7495
7493
7493
7493
7490
7489
7489
7488
7486
7486
7485
7485
7483
7483
7482
7481
7480
7480
7480
7478
7477
7477
7477
7476
7476
7475
7475
7474
7471
7471
7469
7468
7468
7467
7467
7467
7465
7463
7459
7458
7455
7455
7455
7454
7452
7452
7451
7450
7450
7448
7448
7447
7447
7446
7445
7444
7444
7444
7443
7443
7443
7442
7441
7441
7439
7437
7434
7434
7430
7429
7429
7427
7426
7425
7423
7422
7420
7419
7419
7418
7417
7417
7416
7415
7414
7413
7413
7412
7410
7410
7409
7407
7406
7405
7401
7400
7399
7399
7399
7398
7396
7393
7390
7389
7388
7387
7385
7383
7382
7382
7381
7379
7378
7377
7376
7376
7376
7376
7375
7374
7373
7370
7369
7368
7367
7367
7366
7364
7363
7362
7361
7359
7359
7358
7358
7357
7356
7355
7354
7352
7352
7351
7351
7350
7349
7347
7345
7344
7343
7342
7342
7342
7342
7342
7341
7341
7339
7339
7337
7336
7336
7335
7334
7333
7331
7329
7328
7327
7325
7325
7323
7322
7322
7319
7318
7318
7318
7317
7317
7313
7312
7312
7310
7309
7308
7308
7308
7307
7306
7304
7303
7303
7299
7299
7295
7295
7294
7293
7292
7292
7291
7290
7288
7288
7287
7287
7287
7286
7286
7285
7285
7284
7281
7280
7278
7277
7277
7277
7277
7277
7277
7276
7276
7276
7275
7274
7274
7273
7272
7272
7271
7269
7269
7267
7267
7267
7266
7265
7264
7264
7263
7262
7262
7261
7257
7256
7255
7253
7250
7249
7248
7248
7247
7246
7246
7243
7242
7241
7241
7240
7238
7238
7236
7235
7235
7234
7228
7228
7227
7227
7227
7224
7221
7219
7217
7216
7215
7214
7212
7210
7210
7207
7204
7204
7202
7201
7200
7199
7199
7198
7197
7196
7195
7195
7195
7195
7194
7194
7194
7192
7190
7188
7188
7188
7186
7185
7184
7183
7182
7180
7180
7179
7178
7175
7175
7175
7174
7173
7173
7172
7171
7170
7170
7169
7169
7168
7164
7164
7164
7162
7160
7160
7159
7159
7159
7159
7158
7158
7156
7156
7156
7156
7154
7153
7151
7151
7150
7146
7145
7144
7144
7143
7140
7139
7139
7138
7137
7135
7135
7131
7131
7131
7126
7124
7123
7123
7121
7121
7120
7120
7119
7117
7116
7116
7112
7112
7111
7106
7105
7105
7104
7104
7102
7102
7098
7097
7097
7096
7096
7096
7094
7094
7093
7093
7092
7091
7091
7091
7090
7090
7089
7088
7086
7085
7084
7084
7084
7083
7083
7082
7082
7082
7081
7080
7080
7080
7079
7078
7078
7077
7076
7075
7074
7073
7072
7071
7071
7067
7067
7066
7065
7064
7064
7064
7064
7063
7063
7062
7062
7061
7061
7060
7056
7055
7055
7054
7053
7052
7051
7051
7050
7050
7047
7046
7045
7044
7043
7042
7041
7040
7038
7038
7037
7037
7037
7036
7035
7035
7034
7031
7031
7029
7029
7029
7029
7028
7028
7028
7027
7026
7025
7025
7025
7025
7022
7021
7020
7020
7019
7014
7014
7013
7012
7010
7009
7008
7008
7008
7007
7006
7006
7004
7003
7003
7003
7002
7001
7000
6999
6999
6995
6993
6992
6992
6987
6986
6985
6982
6982
6982
6981
6980
6980
6980
6980
6976
6976
6974
6973
6972
6972
6972
6970
6970
6968
6968
6967
6964
6963
6963
6962
6962
6960
6960
6959
6958
6958
6956
6956
6956
6954
6954
6954
6952
6952
6952
6951
6951
6949
6948
6947
6947
6947
6946
6946
6945
6945
6944
6943
6942
6940
6940
6940
6940
6940
6939
6937
6937
6937
6937
6937
6936
6935
6934
6933
6932
6932
6931
6930
6930
6928
6927
6927
6926
6923
6923
6923
6922
6922
6921
6921
6921
6920
6919
6919
6918
6916
6915
6915
6913
6913
6913
6911
6909
6906
6905
6904
6902
6902
6901
6900
6898
6898
6898
6898
6897
6895
6895
6894
6888
6886
6886
6884
6884
6883
6880
6879
6878
6878
6877
6877
6876
6876
6876
6875
6875
6875
6873
6871
6870
6870
6870
6870
6869
6868
6867
6866
6865
6864
6863
6863
6861
6861
6861
6860
6859
6858
6857
6856
6856
6855
6855
6853
6851
6850
6850
6849
6849
6849
6847
6847
6846
6846
6846
6846
6846
6844
6844
6842
6841
6841
6840
6839
6839
6837
6836
6834
6834
6833
6832
6831
6827
6827
6825
6825
6822
6822
6822
6821
6820
6816
6814
6814
6812
6812
6810
6809
6809
6808
6808
6807
6804
6804
6802
6801
6799
6798
6797
6797
6795
6795
6794
6790
6789
6788
6787
6786
6786
6785
6785
6783
6780
6780
6780
6779
6778
6777
6777
6775
6774
6774
6772
6772
6771
6770
6767
6767
6765
6764
6762
6761
6761
6760
6759
6758
6758
6757
6757
6756
6756
6754
6752
6751
6748
6748
6747
6746
6744
6744
6743
6743
6739
6739
6737
6736
6736
6736
6734
6733
6732
6730
6730
6730
6729
6728
6728
6727
6727
6727
6726
6726
6722
6722
6722
6721
6719
6718
6718
6716
6713
6709
6708
6708
6706
6705
6705
6704
6704
6704
6702
6702
6700
6699
6698
6694
6693
6693
6693
6693
6692
6692
6687
6686
6685
6684
6680
6679
6679
6678
6677
6676
6675
6674
6674
6674
6673
6673
6673
6673
6672
6671
6670
6668
6668
6667
6665
6665
6665
6664
6660
6659
6656
6655
6654
6654
6654
6653
6653
6652
6652
6650
6650
6649
6649
6648
6647
6646
6645
6644
6643
6642
6641
6639
6638
6637
6636
6633
6633
6633
6628
6628
6627
6626
6625
6625
6624
6624
6622
6622
6621
6620
6620
6620
6616
6616
6616
6615
6613
6611
6611
6610
6608
6607
6607
6606
6606
6605
6604
6603
6602
6600
6598
6596
6595
6594
6593
6591
6584
6583
6582
6582
6582
6582
6581
6581
6580
6580
6579
6578
6578
6576
6572
6572
6571
6571
6569
6569
6567
6566
6566
6564
6564
6563
6563
6562
6562
6560
6560
6557
6557
6553
6552
6552
6548
6547
6547
6546
6546
6545
6543
6540
6540
6538
6537
6536
6535
6535
6534
6534
6534
6533
6533
6532
6531
6530
6530
6530
6530
6530
6530
6529
6528
6527
6527
6527
6526
6524
6524
6524
6523
6522
6522
6521
6520
6519
6519
6518
6517
6517
6516
6516
6514
6513
6512
6511
6507
6507
6507
6506
6505
6505
6504
6504
6504
6504
6503
6502
6501
6499
6499
6497
6496
6495
6493
6491
6491
6490
6489
6488
6483
6482
6479
6477
6477
6477
6476
6476
6473
6472
6470
6470
6470
6469
6468
6468
6466
6466
6463
6461
6461
6459
6458
6457
6456
6454
6453
6453
6453
6452
6452
6450
6449
6448
6448
6447
6442
6441
6441
6439
6439
6438
6438
6435
6435
6433
6432
6431
6429
6429
6429
6428
6423
6423
6421
6421
6421
6420
6420
6419
6417
6416
6416
6413
6413
6412
6410
6409
6406
6405
6404
6403
6403
6400
6399
6398
6397
6396
6395
6395
6395
6391
6389
6389
6385
6384
6384
6383
6382
6382
6380
6378
6378
6378
6377
6376
6375
6374
6369
6368
6367
6367
6366
6366
6365
6364
6363
6362
6360
6359
6359
6358
6357
6357
6357
6356
6354
6354
6353
6351
6350
6349
6348
6348
6347
6346
6346
6346
6346
6345
6345
6340
6340
6340
6340
6339
6337
6336
6336
6335
6334
6334
6334
6333
6330
6329
6328
6327
6327
6326
6326
6325
6323
6323
6322
6321
6321
6320
6319
6316
6315
6315
6315
6315
6314
6313
6312
6312
6311
6310
6308
6307
6307
6307
6307
6306
6306
6305
6304
6303
6303
6301
6300
6300
6299
6299
6299
6298
6297
6297
6294
6293
6293
6293
6291
6291
6290
6290
6289
6288
6288
6286
6284
6284
6282
6282
6281
6279
6277
6275
6275
6272
6271
6270
6270
6269
6268
6267
6266
6265
6263
6263
6262
6260
6260
6260
6260
6259
6258
6257
6257
6256
6255
6253
6253
6252
6252
6250
6250
6249
6247
6247
6246
6245
6244
6241
6240
6239
6239
6239
6235
6234
6234
6232
6232
6231
6231
6231
6231
6231
6230
6230
6229
6229
6229
6228
6227
6226
6225
6225
6223
6220
6219
6219
6218
6218
6218
6218
6217
6216
6215
6214
6213
6212
6212
6212
6211
6211
6209
6208
6206
6205
6202
6199
6199
6199
6198
6197
6195
6192
6192
6191
6191
6191
6190
6188
6184
6184
6184
6183
6182
6182
6181
6181
6177
6176
6172
6170
6170
6169
6169
6169
6169
6168
6167
6167
6165
6164
6164
6163
6162
6161
6158
6158
6155
6155
6155
6153
6152
6152
6151
6149
6148
6148
6147
6146
6144
6143
6143
6141
6140
6138
6138
6138
6136
6135
6133
6133
6132
6130
6125
6125
6123
6123
6122
6122
6121
6121
6121
6119
6118
6118
6117
6115
6115
6115
6114
6114
6113
6113
6112
6107
6106
6100
6098
6097
6095
6092
6092
6092
6091
6091
6091
6088
6086
6085
6085
6085
6085
6084
6082
6081
6081
6080
6078
6077
6077
6074
6073
6073
6072
6070
6069
6068
6068
6068
6066
6063
6061
6061
6060
6060
6060
6060
6060
6058
6055
6055
6054
6054
6053
6052
6050
6050
6048
6048
6047
6046
6046
6045
6044
6044
6043
6043
6043
6041
6041
6041
6040
6040
6040
6038
6037
6037
6035
6033
6032
6032
6030
6029
6029
6028
6028
6028
6028
6027
6027
6027
6026
6025
6025
6024
6023
6018
6017
6015
6015
6013
6012
6010
6008
6006
6006
6005
6005
6004
6000
5999
5998
5997
5996
5994
5993
5992
5991
5989
5988
5987
5986
5985
5984
5983
5982
5980
5980
5980
5979
5979
5978
5978
5977
5977
5977
5976
5975
5975
5975
5972
5972
5971
5971
5970
5970
5968
5967
5967
5965
5963
5963
5963
5961
5960
5959
5958
5958
5957
5957
5954
5952
5952
5950
5950
5949
5947
5943
5943
5940
5940
5940
5940
5939
5938
5937
5936
5935
5935
5934
5934
5934
5933
5933
5931
5931
5931
5930
5930
5930
5927
5926
5925
5924
5922
5918
5918
5917
5915
5913
5912
5912
5912
5909
5908
5907
5907
5905
5904
5903
5900
5898
5895
5895
5893
5893
5892
5891
5889
5888
5887
5887
5880
5880
5879
5878
5877
5876
5874
5873
5871
5871
5871
5870
5869
5869
5868
5867
5867
5864
5862
5861
5861
5859
5859
5858
5856
5853
5852
5851
5850
5849
5848
5848
5847
5846
5846
5844
5844
5843
5843
5843
5841
5841
5840
5839
5839
5838
5837
5835
5834
5834
5834
5833
5833
5833
5832
5832
5831
5831
5829
5826
5826
5824
5824
5823
5823
5822
5819
5819
5817
5815
5814
5814
5813
5811
5807
5806
5806
5806
5805
5805
5803
5803
5803
5801
5801
5801
5800
5796
5796
5795
5792
5792
5791
5791
5790
5790
5788
5786
5786
5785
5785
5783
5782
5781
5781
5780
5779
5778
5775
5775
5773
5772
5771
5770
5769
5767
5767
5766
5764
5762
5762
5760
5758
5758
5758
5758
5757
5756
5755
5748
5748
5746
5745
5744
5744
5740
5738
5737
5737
5732
5732
5731
5729
5729
5728
5728
5725
5724
5724
5723
5722
5721
5720
5718
5717
5717
5714
5712
5711
5708
5707
5706
5705
5703
5703
5700
5697
5697
5697
5696
5696
5695
5692
5690
5689
5689
5689
5688
5688
5688
5688
5686
5685
5684
5679
5679
5678
5677
5676
5676
5675
5674
5671
5670
5670
5669
5668
5668
5668
5668
5665
5665
5665
5664
5663
5663
5663
5663
5662
5662
5662
5661
5661
5660
5660
5660
5658
5656
5656
5655
5654
5654
5653
5652
5652
5650
5649
5647
5646
5645
5643
5643
5642
5641
5641
5639
5638
5638
5638
5637
5636
5635
5634
5633
5632
5630
5630
5630
5629
5628
5626
5626
5624
5623
5620
5620
5618
5618
5618
5616
5615
5614
5614
5613
5612
5611
5611
5610
5609
5609
5608
5605
5604
5604
5604
5603
5603
5603
5602
5599
5596
5595
5594
5594
5594
5593
5593
5592
5591
5591
5589
5589
5588
5587
5583
5583
5582
5582
5582
5579
5578
5578
5578
5577
5577
5574
5573
5573
5572
5571
5569
5567
5566
5566
5566
5564
5564
5564
5560
5558
5558
5557
5556
5556
5555
5555
5555
5554
5553
5553
5552
5552
5552
5552
5552
5549
5548
5547
5546
5545
5545
5544
5544
5543
5543
5541
5541
5540
5539
5539
5539
5539
5538
5536
5536
5533
5532
5532
5531
5529
5529
5529
5527
5526
5525
5523
5523
5522
5521
5521
5521
5521
5520
5519
5518
5518
5517
5517
5516
5516
5515
5512
5510
5502
5500
5500
5498
5497
5496
5496
5496
5495
5495
5494
5494
5494
5493
5493
5491
5490
5489
5489
5488
5487
5486
5484
5484
5483
5482
5481
5481
5481
5480
5479
5476
5475
5474
5470
5469
5468
5466
5466
5465
5464
5463
5463
5461
5461
5460
5460
5459
5458
5458
5456
5456
5456
5455
5455
5453
5452
5452
5451
5451
5451
5450
5449
5447
5447
5446
5446
5445
5444
5442
5441
5441
5440
5439
5439
5438
5438
5437
5435
5433
5433
5431
5431
5431
5430
5430
5429
5428
5426
5426
5426
5426
5425
5423
5422
5421
5421
5420
5419
5418
5418
5415
5415
5412
5410
5410
5409
5408
5408
5407
5406
5406
5406
5406
5403
5400
5397
5397
5393
5393
5391
5390
5390
5390
5389
5388
5388
5387
5386
5385
5384
5383
5382
5381
5380
5380
5378
5377
5376
5375
5375
5373
5371
5370
5370
5369
5368
5364
5364
5364
5362
5362
5361
5360
5359
5358
5357
5356
5356
5356
5356
5355
5355
5353
5352
5352
5350
5350
5347
5346
5344
5343
5339
5339
5336
5336
5335
5335
5335
5333
5331
5331
5330
5329
5326
5325
5325
5325
5324
5323
5322
5320
5318
5317
5317
5317
5317
5315
5314
5314
5312
5312
5311
5310
5310
5310
5309
5309
5308
5307
5306
5304
5304
5304
5302
5302
5302
5301
5301
5301
5301
5301
5300
5300
5300
5300
5299
5298
5295
5293
5292
5290
5289
5289
5288
5287
5285
5285
5280
5280
5278
5275
5275
5274
5273
5270
5270
5270
5267
5266
5265
5265
5264
5263
5261
5261
5259
5258
5257
5256
5254
5254
5253
5252
5249
5247
5247
5246
5246
5241
5240
5238
5237
5236
5234
5233
5232
5232
5232
5229
5229
5226
5224
5224
5223
5223
5223
5223
5222
5220
5219
5217
5217
5216
5216
5215
5213
5212
5211
5211
5209
5209
5209
5208
5207
5205
5205
5204
5204
5203
5203
5199
5192
5191
5191
5188
5188
5188
5186
5185
5184
5184
5181
5181
5180
5179
5179
5179
5178
5178
5177
5177
5176
5174
5173
5171
5169
5169
5168
5167
5166
5165
5164
5163
5162
5158
5157
5157
5156
5155
5154
5154
5153
5153
5151
5151
5150
5149
5149
5148
5147
5147
5146
5146
5146
5145
5145
5143
5140
5138
5136
5135
5134
5133
5132
5132
5131
5130
5130
5129
5128
5128
5126
5126
5126
5125
5125
5124
5124
5123
5123
5123
5122
5121
5119
5118
5118
5116
5115
5115
5115
5111
5111
5109
5107
5105
5105
5105
5102
5102
5101
5101
5100
5099
5098
5096
5096
5093
5093
5093
5092
5090
5089
5089
5088
5087
5087
5087
5087
5084
5084
5084
5083
5083
5083
5082
5082
5082
5081
5078
5076
5076
5076
5075
5073
5072
5070
5070
5070
5068
5065
5063
5062
5062
5062
5061
5060
5060
5060
5059
5058
5056
5056
5054
5054
5053
5052
5051
5049
5048
5046
5045
5045
5045
5045
5045
5043
5043
5042
5041
5038
5038
5036
5036
5035
5032
5032
5032
5030
5027
5026
5026
5025
5025
5025
5023
5022
5021
5020
5020
5018
5014
5013
5013
5012
5011
5011
5010
5009
5009
5004
5004
5004
5003
5003
5002
5002
5000
4997
4997
4996
4996
4994
4993
4992
4992
4992
4992
4991
4990
4989
4989
4988
4987
4985
4985
4984
4983
4983
4982
4980
4980
4980
4980
4980
4980
4979
4977
4975
4975
4974
4973
4972
4971
4968
4967
4966
4966
4964
4964
4964
4962
4960
4959
4959
4958
4957
4956
4954
4952
4952
4951
4951
4949
4949
4946
4946
4945
4945
4945
4944
4944
4943
4943
4941
4941
4940
4936
4934
4934
4933
4933
4932
4931
4931
4930
4930
4925
4925
4925
4923
4922
4921
4918
4917
4917
4917
4916
4915
4913
4912
4910
4909
4908
4906
4905
4902
4902
4902
4900
4899
4899
4898
4897
4895
4894
4893
4893
4888
4887
4887
4887
4886
4886
4885
4885
4884
4881
4878
4875
4875
4875
4875
4874
4873
4872
4869
4869
4867
4867
4867
4866
4866
4866
4866
4865
4863
4860
4858
4857
4856
4855
4854
4853
4853
4852
4851
4850
4849
4847
4846
4845
4845
4845
4844
4843
4843
4843
4842
4841
4841
4839
4839
4839
4838
4838
4837
4836
4836
4834
4833
4833
4832
4831
4831
4830
4829
4829
4829
4828
4825
4823
4823
4822
4820
4819
4818
4817
4817
4816
4816
4814
4813
4811
4811
4808
4808
4808
4808
4807
4806
4806
4805
4805
4803
4802
4801
4800
4799
4798
4795
4795
4792
4792
4791
4791
4791
4789
4787
4784
4784
4781
4780
4778
4777
4776
4774
4774
4772
4769
4769
4769
4769
4768
4768
4766
4764
4764
4762
4762
4762
4761
4760
4760
4759
4759
4758
4756
4754
4754
4752
4751
4750
4746
4746
4745
4743
4743
4742
4741
4741
4740
4738
4738
4736
4735
4735
4734
4734
4734
4734
4733
4731
4731
4731
4730
4729
4728
4728
4727
4727
4727
4726
4726
4726
4726
4725
4725
4723
4722
4721
4720
4720
4719
4717
4710
4710
4709
4707
4706
4705
4704
4704
4701
4701
4699
4698
4697
4693
4693
4693
4691
4691
4690
4690
4689
4688
4688
4687
4685
4685
4684
4684
4683
4680
4677
4676
4675
4675
4674
4673
4673
4671
4671
4669
4665
4665
4662
4662
4660
4658
4658
4658
4657
4656
4656
4655
4655
4654
4653
4653
4652
4650
4646
4646
4645
4645
4645
4644
4644
4644
4643
4643
4642
4642
4638
4637
4637
4636
4636
4636
4635
4634
4634
4633
4629
4629
4628
4628
4627
4627
4626
4625
4622
4622
4622
4619
4619
4618
4616
4614
4614
4613
4612
4612
4612
4612
4611
4610
4608
4607
4606
4605
4604
4604
4603
4603
4603
4596
4595
4593
4592
4592
4592
4592
4590
4588
4587
4586
4584
4584
4584
4583
4583
4582
4582
4581
4578
4578
4578
4576
4575
4573
4572
4572
4572
4572
4571
4570
4568
4565
4565
4564
4562
4562
4561
4561
4559
4558
4557
4555
4554
4552
4552
4552
4552
4551
4550
4549
4548
4547
4547
4546
4545
4545
4542
4541
4541
4539
4539
4538
4538
4535
4534
4534
4533
4531
4528
4528
4526
4525
4525
4525
4525
4523
4523
4523
4522
4520
4520
4517
4516
4513
4513
4513
4512
4511
4508
4508
4508
4506
4506
4503
4502
4502
4497
4497
4497
4497
4496
4496
4496
4495
4494
4493
4493
4492
4491
4491
4490
4489
4489
4488
4488
4488
4482
4482
4482
4482
4480
4479
4478
4475
4475
4473
4471
4470
4467
4467
4466
4466
4465
4465
4463
4463
4462
4461
4461
4460
4460
4460
4459
4456
4455
4455
4454
4450
4447
4446
4444
4441
4440
4440
4438
4437
4437
4437
4436
4436
4435
4435
4435
4435
4434
4433
4433
4433
4433
4433
4431
4431
4427
4427
4427
4423
4423
4423
4421
4421
4420
4419
4419
4417
4414
4414
4412
4411
4410
4409
4409
4408
4408
4407
4406
4405
4405
4404
4403
4400
4400
4399
4398
4397
4397
4397
4396
4396
4396
4395
4395
4392
4389
4389
4388
4388
4388
4384
4382
4381
4381
4380
4379
4379
4377
4376
4376
4375
4372
4372
4370
4369
4368
4368
4367
4363
4362
4361
4361
4359
4359
4357
4356
4355
4355
4352
4352
4350
4350
4350
4349
4349
4346
4343
4343
4342
4339
4338
4335
4333
4333
4333
4332
4331
4331
4330
4329
4325
4325
4323
4323
4323
4323
4322
4322
4321
4319
4319
4317
4317
4317
4315
4314
4312
4312
4310
4310
4310
4308
4308
4308
4306
4306
4301
4301
4300
4300
4300
4300
4295
4295
4294
4293
4292
4290
4290
4287
4286
4286
4283
4282
4282
4281
4281
4280
4279
4278
4277
4276
4276
4276
4276
4275
4274
4274
4274
4273
4270
4270
4269
4266
4266
4265
4265
4264
4263
4262
4261
4261
4260
4259
4256
4255
4255
4255
4254
4253
4251
4250
4249
4246
4243
4243
4241
4240
4238
4236
4234
4233
4232
4229
4229
4229
4227
4224
4223
4221
4220
4217
4214
4214
4213
4212
4212
4211
4210
4209
4209
4208
4207
4205
4205
4202
4201
4200
4200
4199
4198
4197
4197
4196
4195
4193
4193
4191
4191
4190
4190
4189
4184
4184
4184
4183
4182
4181
4181
4180
4178
4177
4175
4174
4172
4171
4167
4166
4166
4165
4162
4159
4159
4158
4158
4157
4157
4156
4155
4155
4154
4152
4151
4151
4150
4150
4149
4147
4145
4145
4145
4144
4141
4139
4138
4137
4137
4136
4134
4133
4131
4131
4131
4130
4130
4129
4129
4129
4129
4128
4123
4123
4123
4122
4121
4120
4119
4118
4117
4115
4113
4112
4112
4111
4111
4106
4106
4105
4105
4103
4102
4101
4100
4098
4096
4093
4092
4091
4091
4090
4090
4089
4086
4085
4084
4084
4084
4084
4083
4082
4082
4081
4081
4081
4078
4077
4077
4077
4077
4076
4076
4075
4075
4075
4074
4074
4072
4072
4071
4071
4071
4069
4067
4067
4067
4064
4063
4063
4061
4059
4058
4057
4056
4055
4055
4054
4053
4053
4053
4053
4052
4050
4050
4050
4049
4049
4048
4047
4044
4043
4040
4038
4036
4034
4033
4032
4031
4030
4030
4029
4027
4027
4027
4027
4026
4026
4024
4024
4019
4019
4018
4018
4018
4017
4017
4016
4014
4013
4012
4011
4011
4007
4006
4006
4006
4002
4002
4000
3999
3998
3994
3994
3994
3992
3987
3986
3985
3985
3984
3981
3980
3979
3977
3977
3976
3975
3972
3971
3971
3971
3969
3968
3967
3964
3964
3963
3962
3961
3959
3958
3958
3957
3951
3949
3949
3948
3945
3944
3943
3943
3941
3940
3937
3935
3935
3934
3934
3932
3932
3931
3931
3930
3927
3924
3924
3923
3922
3922
3921
3921
3920
3920
3919
3916
3916
3916
3916
3915
3915
3915
3913
3910
3910
3909
3909
3907
3907
3906
3906
3905
3904
3901
3901
3901
3898
3897
3896
3895
3895
3894
3894
3888
3888
3887
3885
3885
3883
3883
3882
3882
3882
3879
3878
3876
3875
3874
3874
3873
3873
3872
3870
3869
3869
3868
3867
3864
3863
3862
3861
3861
3861
3861
3860
3859
3859
3858
3857
3855
3854
3854
3853
3853
3852
3851
3851
3850
3850
3849
3848
3847
3846
3846
3844
3840
3839
3837
3837
3834
3833
3833
3833
3831
3830
3828
3827
3826
3825
3822
3821
3820
3818
3818
3816
3816
3815
3814
3813
3812
3812
3809
3809
3808
3805
3804
3803
3803
3801
3801
3801
3801
3798
3798
3797
3795
3795
3794
3794
3793
3793
3793
3790
3790
3789
3788
3787
3787
3785
3785
3784
3780
3778
3778
3773
3771
3771
3770
3770
3768
3766
3765
3765
3765
3763
3759
3759
3758
3756
3755
3754
3751
3748
3748
3747
3745
3745
3742
3741
3741
3741
3740
3740
3740
3738
3738
3737
3737
3735
3735
3735
3734
3733
3732
3732
3731
3731
3730
3728
3726
3725
3724
3723
3721
3718
3717
3717
3716
3715
3715
3714
3714
3713
3713
3713
3713
3712
3711
3711
3709
3708
3704
3704
3703
3703
3702
3702
3702
3700
3700
3696
3694
3694
3688
3685
3685
3685
3682
3682
3681
3680
3680
3678
3678
3677
3676
3673
3673
3672
3670
3667
3666
3665
3659
3658
3658
3658
3657
3657
3656
3656
3654
3654
3651
3651
3650
3650
3649
3648
3647
3647
3647
3646
3646
3644
3643
3643
3643
3642
3641
3641
3640
3639
3639
3638
3636
3636
3636
3635
3632
3632
3627
3625
3625
3624
3623
3622
3621
3620
3620
3620
3618
3618
3610
3610
3609
3608
3608
3605
3605
3605
3604
3604
3602
3602
3602
3599
3597
3596
3595
3594
3592
3592
3592
3591
3589
3589
3588
3586
3582
3579
3579
3576
3574
3573
3571
3570
3568
3567
3567
3566
3566
3565
3563
3563
3562
3560
3559
3559
3558
3557
3557
3556
3555
3552
3551
3551
3547
3547
3547
3545
3544
3544
3544
3543
3543
3543
3542
3542
3541
3540
3538
3538
3536
3536
3535
3535
3531
3530
3530
3530
3529
3528
3528
3528
3527
3527
3526
3526
3526
3525
3524
3523
3522
3521
3521
3520
3519
3519
3516
3516
3514
3510
3509
3507
3504
3504
3504
3502
3500
3500
3499
3499
3498
3497
3495
3493
3492
3492
3492
3492
3491
3490
3489
3488
3488
3486
3486
3485
3484
3484
3481
3480
3479
3478
3478
3478
3478
3475
3475
3471
3471
3470
3470
3470
3469
3467
3467
3467
3467
3466
3466
3465
3465
3464
3463
3463
3462
3461
3460
3460
3458
3458
3457
3454
3454
3454
3453
3453
3453
3452
3452
3450
3448
3448
3447
3446
3445
3445
3443
3441
3439
3438
3438
3435
3434
3431
3431
3431
3430
3429
3428
3427
3427
3425
3425
3425
3424
3423
3422
3422
3422
3421
3421
3419
3419
3418
3413
3413
3410
3409
3409
3408
3408
3407
3406
3403
3403
3403
3400
3397
3396
3396
3395
3393
3392
3392
3391
3388
3385
3384
3383
3383
3380
3380
3380
3379
3379
3378
3376
3375
3375
3374
3373
3373
3372
3371
3371
3370
3370
3370
3368
3368
3367
3366
3366
3363
3363
3360
3360
3360
3359
3359
3358
3356
3356
3354
3354
3352
3352
3351
3351
3348
3346
3345
3339
3338
3338
3337
3337
3333
3333
3333
3333
3333
3330
3330
3329
3329
3328
3325
3324
3324
3323
3321
3320
3320
3319
3317
3316
3316
3316
3314
3314
3313
3312
3312
3311
3310
3310
3308
3308
3304
3303
3302
3301
3300
3300
3299
3298
3294
3294
3293
3292
3291
3288
3286
3283
3281
3279
3276
3276
3275
3275
3273
3272
3271
3267
3267
3266
3266
3266
3265
3265
3264
3264
3261
3261
3259
3259
3258
3258
3256
3255
3255
3253
3252
3252
3252
3251
3250
3248
3248
3248
3248
3247
3246
3246
3245
3244
3244
3244
3244
3243
3242
3242
3241
3240
3239
3239
3238
3238
3237
3236
3235
3234
3230
3230
3229
3228
3228
3227
3221
3218
3217
3217
3217
3216
3215
3214
3213
3212
3211
3210
3209
3208
3208
3207
3207
3206
3205
3205
3204
3204
3203
3202
3201
3201
3201
3200
3200
3199
3198
3196
3195
3195
3195
3193
3190
3189
3187
3186
3185
3184
3184
3182
3181
3179
3174
3174
3173
3170
3169
3168
3168
3168
3167
3167
3164
3164
3163
3162
3160
3160
3158
3157
3156
3153
3151
3151
3151
3148
3147
3146
3146
3145
3145
3145
3144
3143
3142
3141
3139
3139
3139
3137
3136
3135
3133
3133
3130
3130
3129
3128
3126
3126
3122
3122
3122
3121
3119
3117
3117
3114
3114
3113
3113
3112
3110
3109
3109
3107
3106
3106
3106
3105
3105
3105
3104
3103
3103
3103
3102
3102
3100
3099
3098
3098
3096
3095
3094
3093
3093
3092
3090
3087
3086
3086
3086
3086
3085
3084
3084
3084
3083
3083
3080
3079
3079
3078
3078
3076
3076
3075
3070
3068
3067
3065
3065
3064
3063
3062
3062
3057
3057
3056
3055
3055
3053
3052
3052
3051
3049
3049
3048
3047
3044
3044
3043
3042
3041
3040
3038
3037
3036
3036
3035
3035
3035
3032
3030
3030
3029
3027
3027
3026
3021
3018
3017
3017
3016
3015
3015
3014
3010
3009
3009
3007
3007
3006
3006
3005
3005
3004
3004
3003
3002
3002
3002
3001
2999
2997
2996
2995
2990
2990
2988
2986
2986
2985
2985
2983
2983
2982
2981
2981
2981
2980
2980
2979
2979
2979
2977
2976
2976
2975
2975
2972
2972
2972
2971
2970
2969
2968
2968
2967
2963
2961
2959
2958
2956
2955
2954
2953
2953
2952
2952
2951
2951
2950
2950
2949
2948
2947
2946
2946
2946
2943
2943
2942
2941
2940
2939
2939
2937
2935
2934
2933
2932
2931
2931
2931
2930
2930
2929
2928
2927
2926
2925
2923
2923
2921
2921
2919
2919
2917
2916
2913
2912
2910
2910
2906
2905
2902
2901
2901
2901
2900
2899
2897
2896
2896
2896
2896
2895
2894
2894
2894
2894
2894
2894
2894
2893
2893
2893
2893
2892
2891
2890
2890
2889
2888
2888
2888
2887
2886
2885
2885
2884
2883
2880
2879
2878
2874
2873
2872
2871
2871
2871
2870
2869
2869
2869
2868
2866
2866
2864
2864
2863
2863
2860
2860
2859
2859
2858
2856
2856
2855
2855
2855
2855
2854
2854
2854
2851
2850
2847
2846
2845
2843
2841
2836
2835
2835
2834
2834
2831
2830
2829
2824
2823
2822
2821
2821
2821
2819
2817
2817
2816
2814
2814
2813
2812
2811
2811
2810
2809
2808
2808
2807
2806
2804
2804
2803
2801
2801
2801
2799
2799
2798
2798
2798
2797
2796
2795
2795
2794
2793
2793
2792
2792
2791
2790
2790
2788
2787
2786
2786
2785
2782
2779
2776
2775
2774
2772
2770
2769
2767
2765
2764
2763
2763
2763
2762
2762
2760
2760
2759
2759
2755
2754
2753
2752
2751
2750
2749
2746
2745
2745
2745
2744
2744
2744
2744
2743
2743
2741
2741
2740
2740
2739
2738
2737
2736
2735
2735
2735
2734
2733
2731
2730
2729
2729
2728
2728
2727
2727
2726
2726
2726
2723
2722
2722
2721
2719
2718
2717
2716
2715
2713
2711
2711
2709
2708
2708
2707
2706
2706
2705
2705
2705
2705
2704
2702
2701
2701
2701
2701
2697
2697
2696
2695
2693
2691
2690
2689
2689
2688
2688
2688
2687
2687
2686
2685
2685
2685
2684
2684
2684
2684
2681
2680
2679
2679
2676
2675
2675
2674
2673
2672
2671
2670
2669
2669
2667
2667
2667
2665
2665
2665
2664
2664
2662
2661
2661
2660
2659
2659
2657
2656
2653
2652
2649
2649
2649
2649
2647
2647
2647
2647
2647
2646
2645
2645
2642
2641
2640
2640
2638
2635
2635
2634
2634
2634
2633
2633
2633
2631
2631
2631
2630
2630
2630
2629
2629
2629
2628
2627
2622
2622
2621
2621
2621
2619
2619
2617
2616
2616
2614
2614
2614
2610
2610
2609
2607
2607
2605
2603
2603
2602
2602
2602
2602
2601
2598
2598
2596
2592
2591
2590
2588
2585
2582
2582
2581
2580
2580
2578
2576
2575
2575
2573
2573
2572
2570
2568
2565
2565
2565
2564
2563
2562
2562
2561
2561
2560
2560
2560
2559
2556
2556
2555
2555
2555
2554
2553
2553
2553
2553
2552
2549
2547
2545
2545
2543
2543
2542
2541
2541
2540
2540
2537
2535
2535
2533
2532
2532
2531
2530
2528
2527
2527
2525
2525
2522
2520
2520
2518
2518
2518
2517
2516
2516
2516
2515
2514
2507
2507
2506
2505
2504
2503
2502
2500
2500
2499
2499
2496
2496
2495
2494
2493
2492
2492
2491
2487
2485
2481
2480
2479
2479
2478
2472
2471
2470
2470
2469
2468
2468
2467
2467
2466
2466
2462
2461
2461
2460
2458
2458
2457
2455
2454
2454
2454
2451
2449
2449
2449
2446
2444
2442
2442
2440
2438
2437
2437
2435
2435
2433
2433
2433
2432
2430
2429
2428
2426
2426
2425
2423
2419
2419
2418
2418
2418
2417
2417
2413
2412
2411
2410
2405
2404
2402
2398
2398
2398
2391
2391
2390
2389
2388
2387
2387
2385
2383
2380
2379
2378
2378
2376
2376
2374
2373
2373
2373
2370
2369
2366
2366
2366
2362
2361
2358
2358
2357
2357
2356
2356
2353
2352
2351
2350
2350
2350
2349
2348
2348
2346
2346
2346
2346
2346
2344
2344
2343
2341
2339
2339
2336
2336
2336
2336
2335
2335
2335
2334
2333
2332
2330
2328
2326
2323
2322
2321
2320
2320
2320
2319
2318
2318
2318
2317
2317
2317
2317
2316
2316
2315
2313
2313
2312
2312
2309
2308
2308
2306
2306
2306
2305
2304
2304
2302
2301
2301
2300
2297
2297
2296
2295
2294
2293
2293
2293
2292
2291
2291
2290
2288
2288
2288
2287
2286
2286
2285
2283
2282
2282
2281
2280
2280
2280
2279
2276
2276
2275
2275
2274
2274
2274
2272
2270
2270
2267
2266
2266
2266
2265
2261
2259
2257
2255
2255
2254
2253
2252
2250
2250
2250
2250
2248
2248
2248
2247
2247
2246
2246
2244
2244
2244
2242
2241
2238
2238
2238
2238
2237
2236
2236
2235
2235
2234
2232
2229
2226
2225
2224
2223
2223
2222
2221
2220
2220
2220
2219
2219
2218
2218
2216
2214
2214
2211
2211
2210
2210
2209
2208
2207
2206
2205
2205
2204
2204
2204
2203
2203
2201
2199
2198
2198
2198
2196
2195
2194
2194
2193
2193
2193
2192
2192
2190
2189
2188
2188
2187
2184
2183
2179
2179
2179
2179
2176
2176
2175
2175
2173
2173
2173
2168
2166
2164
2162
2160
2160
2158
2157
2157
2156
2155
2155
2155
2153
2153
2152
2151
2151
2151
2150
2148
2147
2146
2146
2146
2145
2145
2144
2144
2143
2142
2142
2142
2139
2139
2139
2136
2136
2133
2131
2131
2130
2128
2128
2128
2127
2127
2126
2125
2125
2124
2124
2123
2123
2123
2122
2121
2121
2120
2120
2120
2120
2116
2116
2115
2115
2113
2112
2112
2111
2110
2108
2107
2105
2103
2103
2102
2100
2100
2098
2095
2094
2094
2093
2092
2091
2091
2091
2089
2089
2087
2087
2085
2085
2085
2084
2083
2081
2081
2080
2080
2079
2079
2073
2071
2070
2070
2069
2068
2068
2066
2064
2062
2062
2060
2060
2058
2058
2057
2054
2053
2053
2053
2049
2048
2048
2046
2043
2042
2041
2037
2037
2036
2035
2031
2030
2030
2030
2028
2028
2027
2026
2026
2025
2025
2025
2024
2024
2023
2021
2021
2019
2018
2018
2018
2017
2016
2015
2015
2014
2012
2012
2011
2010
2010
2010
2009
2008
2008
2008
2006
2006
2004
2004
2002
2002
2002
2001
2001
2001
2001
2000
1999
1999
1998
1997
1996
1993
1992
1991
1990
1989
1989
1988
1988
1988
1987
1987
1986
1985
1982
1982
1981
1981
1980
1979
1976
1976
1976
1974
1973
1971
1971
1971
1970
1965
1964
1964
1963
1959
1957
1954
1954
1953
1953
1953
1950
1949
1949
1948
1947
1944
1944
1944
1943
1943
1941
1939
1939
1937
1936
1935
1932
1932
1932
1930
1929
1928
1928
1928
1928
1927
1926
1925
1923
1921
1921
1919
1918
1918
1918
1917
1917
1916
1914
1914
1914
1913
1912
1911
1911
1910
1909
1909
1909
1907
1906
1906
1905
1900
1900
1897
1897
1893
1888
1884
1883
1883
1882
1879
1876
1876
1875
1873
1873
1871
1870
1868
1868
1868
1866
1865
1864
1864
1863
1862
1862
1862
1859
1858
1858
1858
1857
1856
1856
1855
1854
1853
1853
1852
1851
1848
1848
1848
1847
1847
1846
1846
1845
1843
1843
1842
1841
1840
1839
1838
1834
1833
1833
1830
1828
1825
1824
1824
1823
1821
1821
1819
1817
1815
1814
1814
1813
1813
1813
1812
1811
1810
1810
1809
1809
1806
1805
1804
1804
1803
1801
1801
1800
1800
1800
1797
1796
1796
1795
1794
1794
1793
1792
1791
1788
1787
1785
1785
1783
1783
1782
1782
1781
1778
1773
1772
1771
1769
1769
1765
1765
1764
1763
1763
1763
1762
1762
1761
1760
1760
1759
1758
1757
1753
1750
1750
1750
1750
1750
1748
1748
1747
1746
1744
1744
1743
1741
1740
1735
1734
1733
1732
1731
1731
1728
1728
1727
1726
1726
1726
1725
1725
1724
1724
1723
1723
1721
1719
1719
1718
1717
1716
1713
1712
1711
1710
1709
1708
1708
1706
1705
1704
1703
1700
1700
1700
1698
1696
1695
1694
1694
1694
1693
1692
1692
1691
1691
1689
1689
1687
1686
1685
1684
1684
1678
1678
1675
1674
1671
1670
1667
1666
1665
1664
1664
1664
1658
1658
1657
1656
1655
1654
1654
1653
1653
1653
1650
1650
1648
1647
1645
1643
1641
1640
1638
1637
1636
1631
1630
1629
1629
1627
1627
1626
1623
1622
1622
1622
1622
1622
1621
1621
1620
1619
1618
1616
1610
1607
1606
1604
1603
1603
1601
1601
1600
1600
1600
1599
1598
1598
1596
1595
1595
1594
1591
1590
1590
1589
1588
1584
1584
1583
1583
1582
1581
1578
1577
1577
1576
1576
1575
1573
1573
1573
1572
1572
1572
1571
1570
1570
1569
1569
1566
1566
1565
1565
1563
1562
1562
1561
1561
1561
1558
1558
1558
1557
1556
1556
1553
1550
1548
1546
1545
1545
1543
1543
1542
1542
1541
1539
1539
1538
1538
1535
1534
1533
1533
1533
1533
1531
1531
1531
1528
1525
1525
1525
1522
1521
1520
1520
1518
1517
1517
1517
1516
1515
1515
1514
1514
1512
1512
1512
1511
1509
1507
1497
1497
1497
1496
1496
1496
1496
1495
1494
1493
1492
1491
1490
1490
1489
1489
1486
1486
1486
1484
1484
1483
1483
1483
1483
1482
1481
1480
1478
1478
1476
1474
1470
1468
1468
1465
1465
1463
1461
1461
1458
1456
1454
1453
1452
1451
1451
1450
1449
1449
1447
1446
1446
1441
1440
1439
1438
1436
1436
1435
1435
1434
1432
1432
1430
1429
1429
1427
1425
1425
1424
1424
1421
1421
1420
1416
1411
1411
1409
1408
1408
1407
1407
1406
1406
1402
1401
1401
1401
1400
1399
1398
1397
1397
1395
1393
1390
1388
1388
1387
1386
1386
1383
1382
1382
1379
1378
1377
1377
1377
1375
1374
1374
1373
1372
1372
1370
1369
1368
1368
1368
1367
1367
1364
1363
1361
1360
1359
1357
1356
1355
1355
1355
1354
1354
1352
1349
1348
1348
1346
1346
1346
1346
1345
1345
1344
1343
1343
1340
1339
1337
1337
1334
1333
1333
1333
1332
1332
1330
1330
1329
1327
1326
1326
1326
1325
1323
1321
1317
1316
1315
1315
1315
1312
1310
1310
1309
1309
1308
1308
1307
1307
1307
1306
1305
1304
1304
1304
1302
1299
1297
1296
1295
1294
1293
1293
1292
1291
1290
1290
1290
1287
1285
1284
1283
1282
1281
1279
1278
1277
1277
1276
1275
1275
1274
1274
1273
1272
1272
1271
1270
1270
1269
1269
1269
1269
1269
1268
1266
1265
1264
1264
1263
1263
1261
1261
1261
1260
1259
1258
1258
1255
1254
1252
1246
1243
1243
1242
1241
1241
1240
1239
1236
1235
1234
1234
1233
1229
1229
1228
1226
1224
1223
1221
1221
1220
1214
1212
1211
1211
1209
1208
1206
1206
1206
1204
1203
1203
1201
1199
1196
1195
1194
1193
1189
1187
1186
1186
1186
1182
1179
1179
1177
1176
1175
1175
1174
1173
1172
1170
1170
1170
1169
1165
1165
1164
1163
1163
1161
1158
1157
1156
1153
1153
1152
1148
1146
1146
1145
1142
1140
1140
1137
1136
1135
1134
1132
1132
1132
1131
1130
1130
1129
1128
1128
1124
1124
1122
1120
1120
1120
1118
1118
1118
1115
1115
1114
1114
1114
1112
1109
1108
1108
1107
1107
1107
1105
1104
1104
1103
1100
1099
1099
1098
1098
1096
1095
1092
1091
1091
1086
1083
1080
1080
1079
1077
1077
1076
1073
1073
1072
1071
1071
1071
1070
1069
1069
1068
1067
1066
1065
1065
1061
1061
1060
1059
1058
1057
1057
1056
1056
1056
1053
1051
1049
1048
1044
1041
1039
1039
1038
1037
1036
1036
1036
1035
1034
1034
1034
1034
1034
1033
1031
1029
1029
1028
1027
1027
1026
1025
1024
1024
1020
1020
1018
1018
1016
1016
1014
1013
1012
1011
1011
1010
1010
1010
1009
1007
1006
1005
1004
1004
1003
1002
1002
1002
1001
1001
1001
999
998
995
994
993
990
990
989
988
987
987
985
985
984
982
982
981
981
979
979
979
979
975
974
973
971
971
970
970
968
968
967
965
965
965
964
963
962
961
961
961
960
958
957
955
955
952
951
950
949
949
945
944
944
944
944
943
941
940
939
938
938
937
936
935
935
934
933
933
933
932
932
932
931
931
931
930
930
928
927
926
926
925
923
923
923
922
921
921
920
918
917
917
916
914
913
913
912
909
909
908
908
908
907
906
904
901
900
899
899
898
896
896
896
895
894
893
893
892
892
891
890
889
889
888
887
886
886
884
883
882
881
878
877
874
870
869
867
867
867
867
866
863
862
861
853
853
853
849
848
848
847
847
847
846
845
845
845
844
844
841
841
838
838
837
837
837
835
834
831
827
827
826
824
824
821
819
819
818
817
817
815
814
814
814
811
811
810
809
809
805
804
804
803
800
800
800
800
800
799
798
797
796
796
794
794
793
792
792
792
791
790
790
789
788
787
786
786
784
781
780
780
780
779
778
774
772
771
769
768
767
766
765
765
764
764
764
761
759
759
758
758
758
757
757
756
755
754
752
752
749
748
747
747
744
742
742
741
740
738
738
738
737
737
736
736
735
735
734
731
731
730
729
728
728
727
727
727
726
726
725
724
721
720
720
719
718
718
717
712
712
707
705
705
705
705
705
704
703
702
701
700
700
697
696
696
695
695
694
692
692
690
689
687
686
686
685
685
685
684
684
681
680
679
679
679
679
678
677
677
677
676
675
673
670
667
664
662
662
661
661
659
659
658
657
657
655
655
653
652
652
651
651
650
649
648
647
647
647
646
645
643
641
638
633
633
632
630
630
628
628
626
625
625
625
622
619
619
619
615
614
610
606
606
605
603
603
601
601
600
599
599
599
598
598
598
595
595
594
594
590
590
590
588
588
586
585
584
583
583
583
582
582
582
580
580
579
579
579
575
574
573
572
572
572
572
571
571
570
570
569
567
567
567
565
565
564
564
560
559
558
556
555
555
554
554
553
552
550
550
549
549
547
544
544
543
543
543
542
541
541
541
540
539
535
533
532
529
526
526
524
524
523
521
520
519
519
519
519
518
518
517
517
514
514
514
513
512
511
509
508
508
506
505
501
500
499
499
498
498
497
496
496
496
494
494
491
491
489
489
488
487
487
482
481
477
477
476
474
468
468
467
466
465
465
465
464
463
462
462
460
459
459
455
455
455
453
453
451
449
449
449
448
447
446
443
443
442
441
441
440
440
439
439
439
438
438
438
438
436
435
434
432
432
431
431
430
430
430
430
426
423
423
423
422
422
421
421
421
420
419
419
414
414
414
413
413
413
412
410
407
407
407
404
403
402
402
401
401
400
400
400
395
394
394
393
393
393
391
391
389
389
387
387
386
385
384
383
383
380
380
377
376
376
375
374
374
371
370
366
366
366
365
365
364
363
363
362
362
360
359
359
358
357
357
356
355
355
354
352
351
350
349
349
347
347
347
346
346
342
337
335
334
331
330
326
326
324
323
322
320
319
318
317
317
317
316
316
316
316
315
314
314
313
313
312
311
310
310
310
309
309
305
301
300
299
297
294
294
294
293
292
292
291
290
290
289
289
288
288
287
285
282
280
278
276
274
272
272
271
270
267
266
265
264
264
264
264
262
261
260
258
257
256
254
254
254
254
252
252
252
251
251
250
246
246
245
244
242
242
239
239
239
238
238
238
236
234
234
232
230
230
230
226
225
225
224
222
222
221
221
220
219
216
214
213
211
211
210
210
210
209
208
208
207
207
204
203
203
203
202
202
201
201
201
200
199
199
198
197
197
196
196
195
193
193
190
189
189
187
185
185
185
183
180
178
178
177
177
174
174
174
173
172
171
164
163
160
159
159
159
158
158
158
157
154
154
154
153
152
152
152
152
149
147
146
142
141
140
140
140
140
137
136
135
135
133
132
131
130
126
126
126
125
125
125
124
122
122
122
121
120
119
119
118
117
117
117
116
116
115
112
110
110
110
110
110
109
108
107
105
104
103
103
100
99
96
95
93
92
92
92
92
91
89
89
89
87
86
85
85
85
84
84
83
83
83
81
78
77
75
73
72
71
71
71
71
68
67
66
66
63
62
62
62
61
60
59
58
58
56
56
56
52
48
48
47
46
46
45
45
44
43
41
41
38
34
33
31
30
30
29
29
26
26
26
26
25
23
23
23
20
19
18
18
18
18
18
18
16
15
15
14
14
12
11
10
8
8
7
7
5
5
3
0
