9999
9999
9998
9997
9997
9996
9995
9995
9993
9989
9989
9988
9985
9985
9985
9984
9984
9984
9983
9980
9980
9980
9980
9977
9977
9977
9973
9973
9972
9972
9972
9971
9971
9970
9969
9967
9967
9966
9964
9964
9964
9962
9961
9961
9961
9960
9959
9957
9957
9955
9951
9942
9942
9942
9941
9941
9939
9939
9939
9936
9935
9932
9930
9929
9928
9926
9924
9923
9922
9921
9921
9920
9920
9920
9920
9919
9918
9917
9916
9915
9915
9915
9914
9912
9912
9911
9910
9909
9909
9908
9907
9907
9905
9905
9905
9904
9902
9901
9900
9899
9898
9897
9895
9893
9893
9893
9892
9890
9890
9883
9881
9880
9880
9880
9877
9877
9876
9875
9873
9872
9871
9870
9870
9869
9868
9867
9866
9866
9865
9864
9863
9863
9861
9861
9860
9859
9859
9858
9858
9857
9856
9854
9853
9850
9846
9846
9845
9845
9845
9844
9844
9842
9841
9840
9836
9836
9834
9832
9831
9830
9827
9827
9825
9825
9824
9824
9823
9823
9823
9821
9821
9820
9818
9818
9817
9817
9817
9816
9814
9813
9812
9811
9810
9809
9809
9809
9807
9806
9805
9805
9804
9804
9803
9802
9799
9798
9798
9797
9796
9795
9790
9789
9788
9787
9786
9782
9780
9778
9777
9777
9776
9775
9773
9773
9771
9771
9771
9767
9766
9766
9765
9763
9763
9760
9759
9758
9758
9757
9757
9756
9755
9755
9754
9753
9752
9752
9751
9750
9749
9745
9745
9744
9742
9742
9741
9741
9739
9739
9739
9738
9737
9736
9735
9734
9733
9733
9732
9731
9730
9730
9729
9729
9725
9724
9724
9723
9723
9719
9717
9717
9715
9714
9713
9713
9711
9711
9710
9710
9710
9710
9708
9707
9706
9706
9705
9705
9703
9703
9701
9700
9699
9698
9698
9697
9696
9695
9694
9693
9692
9691
9690
9690
9690
9689
9689
9688
9688
9687
9686
9686
9686
9684
9684
9683
9682
9681
9679
9677
9676
9673
9672
9672
9671
9671
9669
9669
9669
9667
9667
9665
9665
9663
9663
9662
9661
9661
9659
9657
9656
9655
9654
9653
9653
9652
9651
9650
9649
9649
9649
9648
9647
9646
9646
9646
9645
9643
9642
9641
9641
9641
9639
9639
9637
9637
9635
9635
9634
9632
9632
9632
9631
9630
9629
9628
9626
9625
9624
9623
9623
9622
9620
9620
9618
9617
9616
9616
9614
9613
9612
9612
9612
9608
9607
9607
9607
9607
9606
9606
9605
9605
9604
9603
9603
9602
9600
9599
9597
9596
9595
9594
9592
9592
9591
9591
9590
9588
9586
9585
9582
9582
9582
9580
9578
9578
9577
9577
9576
9575
9573
9571
9570
9569
9568
9566
9564
9562
9562
9561
9561
9561
9560
9559
9558
9556
9555
9555
9554
9553
9552
9552
9550
9549
9547
9547
9545
9544
9543
9542
9541
9538
9538
9538
9537
9537
9536
9536
9536
9536
9534
9531
9529
9529
9529
9524
9522
9520
9517
9517
9515
9514
9513
9512
9512
9512
9511
9511
9511
9509
9508
9508
9507
9507
9506
9504
9502
9500
9500
9498
9498
9497
9496
9495
9495
9494
9493
9493
9491
9490
9489
9489
9489
9488
9486
9485
9485
9485
9484
9484
9483
9483
9481
9481
9478
9478
9477
9476
9476
9476
9475
9475
9474
9472
9471
9468
9466
9465
9465
9464
9463
9463
9462
9461
9461
9460
9460
9459
9456
9455
9455
9455
9454
9454
9452
9451
9449
9449
9446
9444
9443
9440
9438
9437
9437
9437
9435
9431
9430
9430
9429
9429
9429
9427
9427
9426
9425
9423
9423
9420
9419
9418
9417
9417
9417
9414
9414
9413
9413
9410
9405
9404
9403
9401
9401
9401
9400
9400
9400
9400
9400
9399
9398
9395
9394
9394
9391
9390
9390
9389
9387
9385
9385
9384
9383
9383
9378
9377
9376
9375
9373
9371
9369
9368
9368
9367
9366
9365
9364
9363
9363
9361
9361
9358
9356
9355
9350
9350
9348
9346
9345
9343
9343
9342
9340
9340
9339
9339
9337
9336
9333
9332
9332
9331
9330
9328
9328
9327
9326
9325
9324
9324
9324
9323
9322
9320
9319
9319
9318
9318
9318
9317
9317
9315
9311
9311
9311
9310
9309
9309
9308
9308
9308
9308
9307
9304
9304
9304
9303
9302
9301
9301
9301
9300
9299
9297
9296
9295
9295
9294
9294
9292
9291
9290
9289
9286
9286
9285
9283
9283
9282
9279
9279
9279
9278
9278
9278
9277
9275
9274
9274
9272
9272
9271
9270
9270
9270
9270
9270
9269
9267
9265
9263
9261
9257
9256
9255
9255
9255
9254
9254
9252
9251
9250
9250
9249
9249
9249
9248
9246
9245
9244
9242
9238
9238
9235
9235
9235
9234
9233
9232
9229
9228
9228
9227
9227
9226
9225
9225
9224
9222
9222
9220
9218
9218
9216
9216
9214
9214
9213
9212
9212
9210
9210
9209
9208
9207
9204
9203
9200
9196
9195
9194
9194
9192
9191
9191
9188
9187
9185
9184
9184
9184
9184
9181
9181
9180
9177
9176
9175
9174
9174
9174
9174
9171
9171
9171
9170
9166
9166
9165
9163
9163
9163
9162
9162
9162
9161
9159
9158
9156
9153
9152
9150
9150
9149
9148
9148
9146
9146
9145
9143
9141
9140
9140
9136
9136
9135
9135
9133
9133
9131
9131
9129
9129
9124
9124
9122
9121
9120
9119
9119
9117
9115
9115
9114
9113
9112
9112
9112
9112
9112
9111
9111
9111
9110
9108
9101
9099
9095
9095
9094
9091
9091
9091
9091
9090
9089
9086
9085
9085
9082
9081
9081
9081
9080
9079
9078
9077
9077
9076
9073
9072
9071
9070
9070
9069
9067
9067
9065
9065
9064
9063
9063
9062
9062
9060
9059
9059
9057
9057
9056
9053
9052
9050
9050
9049
9049
9048
9048
9047
9046
9045
9044
9044
9043
9043
9041
9040
9038
9038
9036
9036
9036
9035
9031
9030
9028
9027
9027
9027
9025
9024
9023
9021
9020
9020
9017
9015
9014
9014
9014
9013
9010
9008
9006
9003
9002
9002
9001
8999
8998
8995
8994
8991
8991
8991
8989
8989
8988
8987
8987
8986
8986
8985
8985
8984
8984
8984
8983
8983
8981
8981
8979
8979
8976
8972
8972
8971
8970
8969
8966
8965
8964
8963
8961
8961
8960
8957
8955
8955
8954
8952
8951
8951
8951
8950
8947
8947
8945
8942
8941
8941
8941
8939
8939
8937
8936
8935
8935
8935
8933
8933
8931
8930
8929
8927
8927
8926
8925
8925
8925
8925
8923
8923
8923
8921
8921
8921
8920
8920
8918
8918
8918
8917
8917
8916
8916
8915
8914
8913
8912
8911
8908
8907
8905
8904
8903
8903
8903
8900
8899
8898
8898
8897
8897
8895
8894
8894
8892
8891
8891
8891
8888
8885
8885
8884
8883
8882
8881
8879
8879
8876
8875
8874
8873
8873
8870
8870
8869
8869
8868
8866
8866
8865
8864
8861
8860
8859
8858
8858
8857
8857
8856
8854
8854
8852
8851
8849
8848
8844
8844
8844
8843
8842
8842
8841
8841
8839
8839
8838
8837
8836
8836
8835
8833
8833
8832
8828
8826
8826
8824
8823
8823
8822
8822
8822
8822
8822
8821
8820
8819
8817
8817
8816
8816
8815
8814
8814
8811
8808
8807
8805
8803
8803
8803
8802
8801
8799
8799
8797
8796
8796
8796
8796
8794
8793
8792
8792
8792
8791
8790
8790
8790
8789
8789
8789
8782
8781
8780
8780
8779
8778
8773
8773
8771
8771
8771
8770
8769
8768
8767
8765
8764
8761
8759
8758
8757
8757
8756
8754
8754
8753
8752
8752
8749
8747
8746
8742
8742
8741
8741
8738
8737
8736
8736
8736
8735
8735
8733
8732
8732
8730
8729
8728
8728
8728
8728
8727
8725
8725
8725
8723
8722
8722
8720
8719
8719
8719
8718
8718
8717
8716
8714
8713
8712
8710
8710
8708
8708
8705
8702
8701
8699
8699
8699
8698
8698
8697
8696
8696
8695
8693
8693
8692
8691
8691
8690
8690
8689
8688
8688
8686
8685
8684
8684
8683
8683
8681
8680
8678
8678
8676
8674
8674
8672
8672
8672
8667
8667
8666
8663
8663
8662
8662
8661
8661
8660
8659
8658
8657
8653
8652
8652
8652
8652
8652
8652
8650
8649
8649
8649
8648
8646
8645
8643
8643
8642
8642
8640
8639
8639
8637
8636
8636
8635
8634
8632
8631
8631
8630
8630
8628
8626
8626
8626
8625
8622
8622
8621
8620
8620
8619
8619
8618
8618
8618
8617
8615
8614
8613
8613
8611
8611
8608
8608
8607
8607
8607
8606
8602
8602
8601
8601
8600
8600
8599
8599
8598
8597
8596
8596
8596
8594
8594
8593
8592
8591
8588
8588
8586
8584
8584
8584
8583
8583
8582
8579
8577
8577
8576
8576
8576
8576
8575
8574
8573
8572
8571
8570
8569
8569
8569
8569
8567
8567
8566
8565
8564
8563
8562
8562
8562
8561
8560
8560
8556
8555
8554
8551
8550
8548
8547
8543
8541
8537
8536
8536
8535
8535
8534
8532
8531
8531
8529
8527
8526
8524
8524
8524
8523
8521
8519
8519
8518
8518
8516
8515
8511
8510
8510
8509
8507
8507
8506
8504
8504
8502
8502
8501
8500
8500
8500
8499
8499
8498
8497
8496
8496
8495
8493
8493
8491
8490
8488
8488
8487
8487
8485
8484
8483
8483
8478
8477
8477
8476
8476
8475
8474
8474
8473
8473
8472
8470
8469
8469
8468
8467
8467
8466
8466
8465
8465
8465
8464
8461
8460
8459
8457
8455
8454
8454
8453
8453
8452
8451
8451
8451
8450
8448
8447
8443
8443
8442
8441
8441
8440
8439
8439
8439
8438
8438
8434
8433
8432
8430
8430
8429
8428
8427
8427
8425
8424
8424
8424
8423
8420
8418
8417
8416
8413
8407
8406
8406
8405
8403
8402
8400
8397
8396
8394
8393
8393
8393
8391
8391
8389
8388
8386
8386
8385
8384
8381
8381
8380
8380
8380
8378
8375
8372
8372
8372
8372
8371
8367
8366
8366
8364
8363
8362
8359
8359
8357
8354
8353
8353
8352
8352
8352
8351
8351
8351
8346
8345
8344
8344
8344
8343
8342
8341
8340
8339
8338
8337
8336
8336
8334
8333
8333
8330
8330
8330
8329
8327
8325
8325
8325
8321
8321
8319
8319
8319
8319
8318
8318
8316
8315
8315
8311
8310
8309
8309
8308
8307
8305
8303
8303
8301
8301
8299
8299
8297
8296
8295
8295
8294
8294
8293
8290
8286
8285
8282
8282
8282
8282
8282
8282
8280
8278
8277
8277
8277
8276
8275
8274
8274
8274
8273
8273
8272
8270
8269
8266
8265
8265
8265
8264
8264
8264
8263
8261
8261
8260
8259
8256
8256
8256
8256
8254
8253
8253
8252
8252
8250
8250
8249
8249
8247
8247
8247
8246
8246
8246
8246
8244
8244
8243
8242
8241
8240
8240
8237
8233
8232
8230
8229
8228
8227
8227
8227
8226
8226
8226
8225
8224
8223
8221
8221
8219
8218
8218
8217
8217
8217
8215
8214
8214
8214
8212
8211
8210
8210
8210
8210
8210
8209
8209
8209
8209
8208
8206
8206
8205
8202
8202
8202
8201
8200
8197
8195
8195
8194
8194
8193
8192
8192
8192
8192
8192
8191
8190
8190
8188
8188
8187
8187
8186
8186
8185
8184
8184
8181
8180
8179
8179
8179
8177
8177
8170
8170
8170
8170
8170
8168
8168
8167
8166
8165
8165
8165
8165
8164
8164
8164
8164
8163
8161
8161
8161
8159
8158
8158
8157
8156
8156
8155
8153
8151
8149
8149
8149
8147
8146
8145
8144
8142
8141
8141
8139
8138
8138
8138
8138
8135
8131
8130
8129
8128
8127
8127
8127
8123
8122
8122
8119
8119
8116
8116
8113
8113
8113
8111
8111
8110
8108
8105
8105
8104
8104
8104
8102
8102
8101
8101
8100
8099
8099
8098
8098
8096
8096
8090
8090
8089
8086
8085
8084
8078
8077
8077
8076
8075
8074
8074
8073
8073
8073
8072
8070
8069
8068
8068
8066
8063
8062
8062
8062
8061
8061
8060
8058
8058
8057
8056
8056
8055
8055
8054
8051
8050
8048
8044
8044
8043
8043
8041
8040
8038
8036
8036
8032
8030
8027
8027
8024
8024
8021
8020
8019
8019
8018
8018
8018
8015
8015
8014
8010
8008
8007
8006
8006
8005
8003
8002
8002
8002
8001
7999
7998
7998
7997
7997
7997
7996
7995
7995
7992
7992
7991
7991
7990
7989
7989
7984
7984
7983
7981
7980
7980
7979
7976
7975
7974
7973
7973
7973
7972
7972
7972
7971
7969
7967
7965
7963
7961
7961
7959
7958
7956
7956
7954
7953
7950
7948
7948
7946
7945
7944
7943
7943
7943
7941
7941
7940
7940
7939
7939
7938
7938
7937
7935
7935
7933
7933
7932
7931
7930
7929
7929
7927
7926
7926
7926
7925
7924
7924
7923
7923
7922
7921
7921
7919
7918
7916
7916
7916
7914
7914
7914
7914
7914
7913
7911
7911
7910
7909
7908
7908
7907
7904
7903
7903
7902
7902
7902
7901
7901
7900
7900
7900
7900
7899
7899
7897
7896
7894
7893
7893
7892
7892
7892
7891
7891
7891
7887
7887
7884
7884
7884
7884
7883
7883
7883
7882
7882
7880
7879
7877
7876
7876
7875
7875
7874
7874
7872
7871
7871
7869
7868
7866
7862
7860
7859
7859
7855
7855
7855
7854
7853
7853
7852
7851
7851
7850
7850
7850
7847
7847
7846
7845
7845
7845
7843
7842
7842
7842
7841
7841
7840
7838
7837
7836
7836
7835
7831
7831
7829
7828
7828
7822
7822
7821
7821
7821
7820
7817
7816
7813
7813
7812
7812
7812
7811
7811
7811
7811
7810
7809
7809
7808
7805
7804
7801
7799
7799
7798
7797
7797
7797
7794
7794
7794
7792
7790
7789
7789
7788
7785
7782
7781
7780
7778
7777
7777
7776
7770
7770
7768
7768
7767
7767
7766
7764
7763
7763
7762
7762
7761
7760
7760
7760
7758
7758
7757
7757
7757
7757
7757
7755
7755
7755
7754
7753
7750
7749
7749
7748
7748
7747
7746
7744
7743
7742
7742
7741
7739
7738
7737
7736
7735
7735
7735
7735
7732
7731
7731
7727
7727
7727
7726
7723
7723
7722
7721
7719
7719
7716
7714
7714
7712
7712
7711
7711
7711
7710
7709
7708
7708
7706
7706
7703
7703
7703
7701
7700
7700
7699
7699
7696
7696
7696
7694
7692
7692
7691
7688
7687
7685
7684
7683
7682
7681
7681
7679
7679
7678
7678
7678
7677
7673
7672
7671
7671
7671
7670
7669
7668
7668
7666
7666
7665
7662
7662
7658
7658
7657
7656
7654
7651
7651
7650
7649
7649
7649
7648
7647
7644
7642
7642
7640
7640
7639
7638
7637
7633
7632
7631
7630
7629
7627
7626
7625
7624
7623
7622
7622
7619
7618
7617
7617
7616
7616
7615
7615
7615
7615
7614
7612
7612
7610
7610
7610
7610
7609
7609
7607
7604
7604
7603
7601
7600
7600
7596
7594
7594
7594
7593
7585
7585
7584
7584
7583
7581
7581
7578
7576
7576
7575
7574
7574
7570
7570
7569
7569
7568
7566
7565
7565
7564
7563
7561
7561
7557
7556
7556
7556
7555
7553
7553
7552
7552
7550
7549
7548
7547
7547
7546
7544
7544
7544
7543
7543
7543
7542
7541
7539
7538
7535
7535
7535
7534
7534
7532
7531
7528
7527
7526
7526
7523
7521
7521
7519
7516
7516
7515
7513
7512
7511
7511
7510
7510
7510
7510
7509
7508
7507
7507
7506
7506
7505
7505
7505
7501
7500
7500
7498
7496
7495
7495
7494
7494
7494
7493
7492
7490
7490
7488
7487
7486
7486
7483
7482
7482
7481
7481
7480
7480
7480
7480
7476
7475
7475
7475
7474
7473
7473
7473
7471
7471
7470
7470
7469
7468
7468
7466
7464
7464
7463
7461
7460
7459
7459
7459
7458
7456
7455
7452
7452
7452
7451
7448
7448
7446
7445
7444
7443
7442
7441
7441
7440
7439
7439
7438
7437
7437
7436
7433
7432
7432
7430
7429
7428
7427
7425
7421
7420
7420
7420
7419
7415
7414
7414
7414
7413
7413
7412
7411
7410
7409
7409
7407
7406
7405
7405
7405
7404
7404
7402
7402
7400
7399
7398
7397
7395
7395
7394
7393
7393
7393
7391
7390
7390
7389
7388
7388
7387
7387
7384
7384
7383
7383
7379
7378
7378
7376
7373
7371
7371
7368
7368
7366
7366
7366
7365
7365
7364
7364
7362
7362
7362
7362
7359
7359
7358
7357
7354
7352
7351
7349
7347
7346
7346
7346
7344
7343
7342
7342
7342
7342
7341
7341
7339
7339
7338
7338
7337
7337
7336
7335
7335
7333
7333
7331
7330
7329
7326
7326
7324
7324
7323
7322
7322
7322
7320
7318
7318
7312
7312
7310
7310
7310
7308
7308
7308
7307
7307
7306
7306
7305
7304
7304
7302
7301
7300
7300
7299
7298
7298
7298
7298
7296
7294
7293
7292
7292
7291
7291
7291
7288
7288
7287
7285
7285
7285
7285
7285
7284
7283
7280
7279
7279
7278
7277
7277
7276
7274
7273
7272
7272
7271
7270
7270
7268
7267
7266
7266
7266
7265
7261
7259
7259
7258
7257
7256
7256
7253
7253
7253
7252
7251
7251
7250
7250
7249
7249
7249
7249
7247
7246
7245
7243
7242
7241
7240
7239
7238
7238
7236
7235
7234
7232
7231
7231
7231
7230
7230
7230
7229
7229
7229
7228
7227
7227
7227
7227
7226
7225
7224
7223
7221
7221
7221
7220
7220
7217
7215
7215
7214
7213
7213
7213
7212
7211
7210
7209
7208
7207
7205
7205
7204
7204
7203
7200
7199
7199
7198
7198
7197
7197
7197
7191
7191
7190
7190
7189
7183
7182
7182
7180
7180
7180
7180
7179
7177
7176
7176
7175
7174
7174
7174
7170
7170
7169
7168
7167
7167
7166
7166
7166
7165
7162
7162
7161
7160
7160
7159
7159
7159
7159
7159
7158
7155
7152
7151
7151
7149
7147
7146
7145
7145
7143
7143
7142
7142
7141
7141
7141
7141
7141
7140
7138
7135
7135
7134
7133
7132
7132
7131
7130
7130
7129
7129
7129
7127
7127
7123
7122
7121
7121
7120
7120
7120
7118
7115
7114
7113
7112
7112
7109
7108
7108
7108
7105
7105
7105
7104
7099
7099
7098
7098
7097
7097
7096
7094
7094
7093
7092
7090
7089
7085
7085
7084
7083
7082
7081
7080
7078
7076
7076
7073
7072
7071
7069
7069
7068
7068
7067
7067
7065
7064
7064
7064
7063
7060
7059
7058
7055
7054
7053
7052
7052
7051
7051
7050
7050
7049
7049
7049
7046
7046
7045
7043
7042
7042
7041
7041
7039
7039
7038
7037
7036
7035
7035
7032
7032
7032
7031
7030
7030
7028
7026
7026
7023
7023
7021
7019
7018
7018
7018
7016
7015
7015
7013
7013
7012
7011
7010
7010
7008
7008
7005
7005
7005
7004
7004
7003
7001
7001
6999
6996
6995
6994
6993
6990
6989
6989
6988
6987
6983
6979
6978
6976
6975
6972
6972
6968
6967
6967
6967
6966
6965
6965
6965
6964
6964
6963
6962
6960
6959
6958
6955
6955
6955
6955
6953
6953
6951
6950
6950
6949
6948
6948
6948
6947
6946
6945
6945
6944
6940
6939
6938
6936
6934
6932
6932
6931
6931
6929
6927
6924
6921
6920
6920
6919
6919
6917
6916
6915
6912
6911
6911
6906
6905
6904
6904
6904
6903
6901
6901
6900
6899
6896
6896
6895
6895
6894
6894
6892
6891
6890
6890
6883
6883
6882
6881
6881
6880
6880
6879
6879
6876
6876
6870
6869
6869
6868
6868
6865
6865
6861
6861
6860
6860
6859
6858
6857
6857
6856
6855
6854
6853
6853
6852
6852
6852
6848
6847
6847
6846
6846
6846
6845
6843
6843
6842
6842
6841
6839
6839
6838
6836
6834
6833
6833
6833
6831
6830
6829
6828
6828
6827
6827
6826
6825
6822
6822
6822
6822
6821
6820
6819
6819
6818
6817
6817
6816
6816
6815
6814
6813
6813
6813
6810
6809
6806
6805
6805
6804
6802
6802
6802
6801
6800
6798
6797
6797
6794
6791
6789
6788
6788
6788
6788
6788
6787
6787
6785
6784
6784
6784
6784
6782
6782
6782
6781
6781
6780
6780
6778
6777
6776
6775
6774
6773
6771
6770
6770
6769
6768
6767
6766
6766
6765
6764
6763
6762
6760
6759
6759
6759
6758
6758
6756
6756
6756
6756
6755
6755
6755
6753
6751
6750
6750
6750
6750
6749
6748
6747
6744
6744
6741
6740
6737
6735
6733
6731
6729
6727
6726
6725
6723
6723
6722
6718
6718
6717
6716
6715
6713
6713
6711
6707
6705
6705
6702
6699
6699
6698
6697
6697
6697
6693
6692
6691
6689
6687
6687
6686
6684
6684
6684
6684
6684
6680
6679
6675
6672
6671
6669
6668
6667
6666
6666
6664
6664
6664
6663
6663
6661
6658
6656
6655
6654
6651
6651
6648
6648
6646
6644
6642
6641
6638
6638
6637
6636
6635
6635
6634
6633
6633
6631
6631
6630
6629
6629
6629
6628
6628
6627
6627
6619
6617
6615
6614
6613
6611
6610
6610
6610
6606
6605
6603
6603
6603
6601
6597
6596
6596
6595
6595
6594
6594
6592
6587
6586
6586
6585
6583
6580
6580
6579
6579
6577
6577
6576
6575
6573
6573
6572
6572
6571
6568
6565
6565
6564
6563
6562
6561
6561
6560
6560
6559
6559
6558
6556
6555
6555
6552
6551
6548
6547
6547
6545
6544
6540
6539
6539
6539
6539
6535
6534
6533
6533
6533
6531
6531
6531
6529
6529
6529
6527
6525
6524
6524
6524
6523
6522
6520
6520
6518
6518
6518
6516
6515
6514
6514
6514
6513
6513
6513
6512
6512
6511
6511
6511
6510
6509
6508
6508
6507
6505
6504
6502
6502
6500
6499
6496
6496
6495
6494
6493
6493
6491
6490
6490
6489
6489
6487
6486
6486
6485
6485
6483
6483
6483
6482
6482
6478
6478
6476
6476
6476
6475
6475
6475
6474
6473
6473
6471
6471
6470
6469
6467
6465
6464
6463
6462
6462
6462
6461
6460
6457
6457
6456
6456
6455
6455
6454
6454
6453
6453
6452
6452
6452
6452
6450
6448
6444
6443
6443
6442
6441
6441
6440
6439
6439
6438
6437
6435
6434
6433
6432
6429
6427
6425
6425
6424
6423
6423
6422
6421
6421
6419
6419
6419
6417
6416
6416
6416
6416
6416
6415
6415
6413
6412
6412
6411
6408
6407
6403
6403
6402
6401
6400
6399
6397
6395
6395
6395
6394
6394
6393
6393
6393
6391
6388
6387
6385
6383
6381
6375
6375
6373
6372
6372
6372
6371
6370
6369
6369
6369
6368
6367
6367
6366
6366
6365
6361
6359
6358
6358
6357
6355
6355
6353
6351
6351
6350
6349
6349
6349
6349
6348
6347
6346
6345
6344
6344
6342
6342
6341
6341
6338
6337
6335
6334
6334
6333
6331
6330
6330
6330
6329
6329
6327
6327
6325
6322
6321
6321
6321
6320
6319
6319
6318
6318
6318
6317
6316
6316
6314
6314
6313
6313
6313
6312
6312
6309
6307
6306
6302
6299
6298
6298
6290
6290
6289
6289
6288
6281
6280
6277
6276
6275
6274
6273
6273
6271
6270
6268
6267
6267
6265
6264
6264
6264
6264
6263
6263
6262
6260
6258
6258
6258
6257
6256
6256
6255
6254
6254
6254
6254
6254
6253
6252
6251
6251
6251
6251
6251
6250
6250
6248
6248
6247
6246
6246
6245
6244
6244
6244
6243
6239
6239
6239
6239
6239
6238
6238
6236
6236
6234
6234
6232
6232
6231
6230
6230
6230
6229
6228
6227
6226
6224
6223
6222
6221
6220
6220
6218
6216
6216
6215
6215
6215
6215
6214
6213
6212
6211
6211
6211
6210
6210
6208
6207
6206
6205
6205
6203
6202
6201
6201
6199
6199
6199
6199
6198
6197
6197
6196
6194
6192
6192
6190
6190
6189
6189
6188
6187
6186
6184
6183
6182
6182
6182
6180
6180
6178
6177
6173
6173
6172
6172
6171
6168
6167
6167
6162
6160
6159
6158
6157
6157
6157
6156
6156
6156
6155
6155
6153
6150
6150
6147
6147
6147
6147
6142
6140
6140
6139
6138
6136
6134
6131
6131
6131
6129
6128
6128
6125
6125
6122
6122
6121
6120
6119
6117
6112
6110
6110
6110
6110
6109
6109
6108
6107
6107
6106
6105
6103
6103
6103
6103
6102
6098
6097
6096
6096
6095
6094
6093
6093
6090
6090
6089
6088
6087
6083
6082
6081
6077
6077
6076
6075
6073
6073
6073
6067
6066
6064
6062
6060
6060
6059
6057
6053
6053
6052
6052
6051
6051
6050
6049
6048
6046
6046
6046
6044
6044
6039
6036
6036
6035
6035
6035
6033
6031
6031
6031
6028
6027
6026
6026
6026
6026
6025
6024
6022
6022
6020
6020
6019
6019
6019
6017
6016
6014
6014
6013
6010
6010
6010
6009
6009
6009
6008
6008
6006
6005
6004
6004
6002
6001
6000
5999
5997
5997
5997
5997
5997
5995
5992
5991
5990
5989
5989
5989
5987
5987
5985
5983
5983
5981
5980
5979
5979
5978
5975
5973
5970
5969
5968
5967
5966
5965
5965
5964
5964
5962
5962
5961
5960
5959
5958
5958
5957
5956
5954
5953
5952
5952
5951
5950
5950
5944
5942
5940
5939
5939
5938
5936
5936
5935
5935
5934
5933
5932
5931
5931
5930
5929
5927
5927
5927
5926
5926
5921
5920
5920
5917
5917
5916
5916
5916
5915
5911
5909
5907
5905
5904
5902
5901
5900
5899
5898
5898
5897
5896
5896
5895
5894
5894
5894
5893
5893
5892
5891
5890
5886
5886
5885
5884
5884
5883
5882
5882
5882
5880
5877
5876
5875
5874
5874
5872
5871
5870
5867
5866
5866
5865
5865
5865
5865
5864
5864
5861
5860
5858
5857
5856
5855
5853
5853
5852
5851
5850
5848
5847
5845
5845
5843
5842
5841
5840
5840
5839
5837
5836
5833
5832
5831
5831
5831
5830
5829
5825
5823
5823
5823
5821
5820
5820
5819
5819
5818
5818
5817
5817
5816
5816
5814
5813
5810
5809
5808
5807
5806
5803
5803
5800
5799
5798
5797
5797
5796
5796
5795
5795
5794
5794
5792
5792
5791
5790
5788
5787
5785
5785
5783
5781
5780
5780
5779
5778
5776
5772
5770
5767
5766
5766
5764
5763
5763
5762
5761
5761
5755
5755
5755
5753
5753
5753
5753
5752
5752
5751
5749
5749
5746
5746
5745
5744
5744
5741
5741
5741
5741
5739
5738
5736
5735
5733
5730
5728
5728
5728
5728
5728
5727
5727
5725
5724
5724
5720
5720
5718
5716
5716
5715
5715
5714
5713
5712
5712
5712
5711
5709
5709
5706
5705
5700
5697
5696
5696
5691
5690
5690
5689
5688
5687
5687
5686
5685
5683
5683
5681
5681
5680
5680
5680
5680
5677
5677
5676
5675
5673
5672
5671
5668
5668
5663
5663
5662
5660
5658
5658
5657
5657
5657
5657
5657
5657
5654
5651
5651
5651
5650
5650
5647
5646
5644
5644
5643
5643
5642
5642
5641
5640
5640
5639
5639
5638
5635
5635
5635
5634
5634
5634
5634
5633
5633
5632
5632
5631
5631
5630
5629
5629
5628
5628
5625
5625
5624
5624
5622
5622
5620
5619
5618
5617
5617
5617
5615
5615
5614
5614
5614
5613
5612
5612
5612
5611
5609
5607
5606
5605
5605
5605
5605
5604
5604
5602
5601
5600
5600
5598
5597
5595
5593
5593
5593
5592
5591
5588
5587
5584
5583
5583
5583
5582
5582
5581
5580
5580
5578
5578
5577
5575
5574
5574
5573
5573
5572
5570
5569
5569
5568
5567
5566
5562
5561
5561
5560
5560
5559
5559
5558
5557
5557
5557
5553
5552
5552
5549
5548
5548
5548
5545
5544
5541
5540
5540
5539
5536
5532
5531
5530
5526
5524
5523
5523
5521
5520
5518
5517
5517
5516
5515
5515
5515
5514
5514
5514
5512
5512
5511
5511
5511
5509
5508
5507
5507
5505
5504
5500
5499
5498
5496
5494
5494
5494
5494
5493
5492
5491
5490
5490
5489
5487
5487
5485
5484
5483
5483
5483
5482
5482
5482
5482
5479
5479
5479
5478
5477
5475
5473
5472
5472
5470
5469
5467
5464
5462
5462
5459
5459
5457
5455
5455
5453
5452
5452
5451
5450
5450
5449
5449
5447
5445
5445
5444
5443
5442
5441
5439
5438
5438
5435
5433
5431
5431
5431
5429
5428
5428
5428
5426
5426
5425
5424
5423
5423
5422
5422
5422
5421
5421
5419
5418
5417
5416
5415
5413
5413
5411
5411
5410
5409
5408
5408
5407
5407
5406
5406
5406
5405
5404
5404
5402
5402
5401
5400
5399
5397
5397
5396
5394
5393
5392
5387
5386
5385
5385
5385
5384
5383
5383
5382
5382
5379
5377
5377
5371
5370
5369
5367
5366
5365
5365
5365
5365
5364
5363
5361
5361
5360
5360
5360
5360
5360
5358
5358
5357
5355
5355
5354
5354
5352
5351
5350
5350
5350
5342
5340
5338
5338
5337
5336
5336
5335
5334
5334
5334
5334
5333
5332
5329
5326
5326
5326
5325
5324
5323
5319
5318
5317
5316
5316
5314
5313
5311
5311
5310
5309
5309
5308
5307
5307
5306
5306
5305
5304
5304
5303
5299
5299
5298
5298
5298
5298
5297
5297
5296
5296
5295
5294
5291
5291
5290
5289
5288
5288
5284
5282
5280
5279
5278
5278
5276
5274
5271
5270
5270
5270
5269
5268
5267
5266
5265
5264
5264
5262
5262
5260
5260
5260
5260
5259
5257
5256
5256
5256
5254
5253
5253
5253
5253
5252
5250
5250
5248
5247
5247
5245
5242
5242
5240
5240
5239
5239
5239
5237
5236
5236
5236
5235
5235
5234
5233
5232
5231
5231
5230
5230
5227
5227
5225
5225
5224
5223
5223
5222
5221
5220
5220
5219
5218
5217
5215
5214
5214
5213
5213
5212
5211
5211
5210
5208
5207
5207
5207
5206
5205
5204
5203
5203
5203
5203
5202
5201
5196
5195
5195
5194
5193
5192
5191
5191
5190
5190
5189
5187
5187
5185
5184
5184
5183
5183
5182
5178
5177
5176
5174
5172
5170
5168
5168
5168
5166
5165
5165
5164
5164
5164
5163
5163
5163
5159
5157
5157
5157
5157
5157
5155
5153
5152
5151
5149
5149
5149
5148
5148
5148
5147
5147
5144
5144
5143
5143
5142
5137
5137
5137
5137
5135
5134
5134
5133
5133
5133
5133
5132
5131
5130
5129
5129
5128
5127
5127
5126
5125
5123
5122
5120
5119
5119
5118
5118
5118
5118
5117
5116
5116
5115
5113
5113
5111
5111
5110
5110
5110
5110
5107
5105
5105
5103
5100
5098
5093
5092
5092
5090
5089
5088
5086
5085
5085
5085
5084
5081
5081
5079
5076
5076
5074
5072
5071
5070
5065
5064
5064
5063
5060
5059
5058
5058
5057
5054
5053
5053
5052
5049
5048
5047
5046
5045
5044
5042
5041
5039
5038
5035
5034
5034
5030
5030
5029
5029
5028
5025
5023
5022
5019
5019
5018
5017
5016
5015
5014
5014
5014
5013
5013
5013
5012
5012
5011
5011
5011
5009
5008
5008
5007
5007
5005
5005
5004
5002
5001
5001
5000
4999
4999
4999
4998
4997
4996
4996
4993
4993
4993
4990
4990
4990
4989
4988
4988
4988
4988
4986
4986
4984
4982
4982
4981
4981
4980
4979
4979
4978
4978
4978
4977
4976
4974
4973
4971
4969
4969
4969
4968
4968
4968
4967
4967
4964
4963
4958
4957
4957
4955
4955
4953
4951
4951
4950
4950
4950
4948
4947
4947
4946
4945
4944
4944
4943
4940
4939
4939
4938
4938
4935
4934
4934
4932
4931
4928
4928
4927
4926
4925
4924
4924
4924
4923
4921
4920
4920
4918
4918
4918
4916
4915
4914
4912
4909
4908
4908
4907
4906
4905
4905
4904
4903
4901
4900
4898
4898
4896
4891
4890
4888
4888
4886
4884
4884
4883
4881
4880
4876
4875
4874
4872
4872
4871
4871
4871
4869
4869
4869
4869
4868
4867
4865
4864
4864
4864
4864
4863
4863
4856
4856
4854
4853
4851
4851
4849
4849
4848
4847
4845
4844
4844
4843
4842
4842
4839
4837
4837
4836
4834
4833
4831
4830
4829
4829
4827
4827
4826
4822
4821
4821
4820
4819
4819
4819
4817
4817
4817
4816
4815
4815
4814
4810
4810
4808
4808
4808
4808
4806
4805
4803
4801
4800
4797
4797
4795
4793
4792
4791
4791
4791
4789
4788
4788
4788
4787
4784
4784
4783
4782
4782
4781
4780
4779
4776
4775
4772
4772
4771
4770
4769
4769
4768
4768
4767
4762
4761
4760
4760
4758
4758
4757
4755
4753
4752
4750
4745
4745
4745
4743
4742
4741
4740
4740
4739
4738
4736
4736
4735
4734
4731
4726
4725
4725
4723
4723
4722
4721
4720
4718
4718
4717
4717
4717
4716
4716
4716
4712
4712
4711
4711
4710
4710
4708
4706
4706
4706
4705
4705
4700
4694
4693
4693
4693
4691
4690
4689
4687
4687
4687
4686
4685
4685
4684
4681
4681
4677
4674
4674
4673
4672
4669
4665
4662
4661
4660
4659
4658
4658
4655
4654
4653
4653
4652
4652
4651
4650
4649
4649
4649
4648
4648
4648
4647
4647
4646
4646
4644
4643
4643
4643
4643
4643
4642
4641
4641
4640
4639
4638
4638
4637
4637
4636
4636
4635
4634
4633
4633
4632
4631
4631
4629
4629
4628
4628
4628
4628
4627
4627
4625
4624
4624
4623
4621
4621
4620
4620
4620
4618
4616
4615
4614
4614
4614
4613
4612
4610
4608
4607
4603
4602
4601
4600
4600
4599
4599
4599
4599
4597
4596
4595
4595
4595
4593
4590
4589
4587
4587
4586
4585
4585
4583
4583
4581
4580
4579
4579
4577
4576
4575
4575
4575
4574
4571
4571
4570
4570
4567
4567
4566
4566
4565
4565
4564
4564
4561
4560
4560
4559
4558
4556
4556
4555
4551
4551
4550
4547
4546
4545
4544
4543
4542
4541
4538
4538
4535
4535
4532
4532
4530
4528
4528
4527
4527
4526
4526
4523
4523
4523
4522
4522
4520
4520
4518
4517
4515
4515
4515
4514
4513
4513
4513
4512
4511
4511
4511
4511
4510
4509
4509
4509
4508
4506
4505
4505
4504
4504
4504
4503
4501
4501
4499
4497
4496
4495
4495
4493
4493
4493
4492
4492
4491
4491
4490
4488
4487
4487
4487
4486
4485
4484
4484
4483
4483
4481
4480
4480
4479
4479
4478
4478
4475
4473
4470
4469
4467
4462
4461
4459
4457
4455
4454
4452
4449
4449
4448
4448
4448
4447
4446
4445
4444
4442
4436
4436
4435
4435
4434
4432
4431
4430
4426
4425
4424
4422
4419
4419
4419
4418
4417
4416
4414
4414
4413
4412
4412
4411
4411
4410
4410
4410
4409
4409
4404
4404
4403
4403
4402
4401
4401
4401
4400
4400
4397
4397
4396
4396
4395
4394
4394
4393
4391
4390
4389
4389
4388
4387
4386
4385
4383
4383
4381
4380
4379
4377
4375
4373
4373
4373
4371
4371
4370
4370
4370
4368
4368
4368
4365
4364
4362
4362
4361
4360
4360
4359
4359
4358
4357
4355
4355
4354
4354
4353
4351
4350
4349
4349
4348
4347
4347
4343
4342
4342
4342
4339
4338
4338
4337
4334
4332
4331
4331
4330
4330
4328
4327
4327
4327
4325
4324
4323
4322
4322
4321
4320
4319
4319
4318
4318
4318
4316
4316
4315
4314
4313
4312
4312
4311
4308
4306
4304
4304
4304
4303
4302
4301
4300
4299
4293
4292
4292
4290
4289
4288
4285
4284
4283
4283
4279
4278
4276
4276
4271
4270
4270
4269
4267
4267
4266
4265
4264
4264
4263
4262
4262
4261
4257
4256
4255
4253
4253
4253
4252
4250
4250
4249
4249
4244
4244
4244
4243
4242
4242
4242
4239
4239
4239
4239
4238
4238
4237
4234
4232
4231
4231
4231
4230
4230
4229
4229
4228
4227
4226
4223
4223
4220
4219
4218
4217
4216
4215
4210
4209
4206
4205
4205
4204
4204
4204
4202
4200
4198
4197
4196
4196
4194
4193
4191
4191
4191
4189
4188
4186
4186
4185
4185
4184
4182
4182
4181
4181
4180
4180
4179
4178
4177
4177
4177
4177
4177
4177
4173
4170
4170
4170
4169
4169
4168
4167
4167
4166
4165
4164
4162
4161
4161
4158
4156
4155
4153
4152
4152
4152
4151
4150
4150
4149
4149
4149
4148
4147
4146
4144
4144
4142
4142
4140
4140
4139
4137
4136
4136
4136
4133
4130
4128
4128
4128
4125
4125
4124
4123
4123
4122
4121
4120
4119
4118
4118
4118
4117
4117
4116
4115
4113
4112
4109
4107
4107
4107
4106
4104
4103
4103
4103
4103
4100
4099
4099
4099
4098
4097
4095
4091
4091
4091
4091
4088
4087
4085
4085
4085
4083
4083
4083
4080
4080
4080
4076
4076
4076
4075
4075
4075
4074
4074
4072
4072
4070
4068
4067
4067
4065
4064
4064
4063
4062
4062
4062
4062
4062
4061
4061
4061
4059
4058
4056
4053
4053
4052
4052
4051
4051
4050
4047
4047
4047
4045
4045
4044
4043
4042
4042
4041
4039
4035
4033
4031
4030
4028
4028
4027
4027
4026
4026
4024
4024
4023
4022
4022
4020
4020
4019
4019
4017
4015
4013
4013
4011
4008
4008
4007
4006
4005
4004
4004
4004
4003
4003
4001
4001
3999
3998
3998
3996
3995
3994
3994
3992
3991
3990
3990
3988
3988
3987
3986
3984
3984
3983
3982
3980
3980
3978
3975
3975
3974
3973
3973
3970
3970
3970
3970
3970
3969
3968
3966
3965
3965
3963
3963
3963
3960
3959
3958
3957
3954
3954
3953
3952
3950
3949
3947
3945
3945
3945
3944
3943
3942
3941
3938
3937
3935
3934
3933
3931
3931
3927
3927
3925
3923
3923
3922
3920
3920
3919
3919
3919
3918
3918
3918
3916
3915
3915
3912
3911
3910
3909
3907
3904
3904
3903
3903
3903
3902
3901
3901
3901
3898
3897
3897
3895
3894
3888
3888
3886
3885
3884
3884
3884
3883
3882
3881
3880
3880
3880
3879
3878
3877
3877
3876
3875
3875
3874
3873
3873
3871
3870
3868
3867
3867
3866
3866
3865
3865
3864
3864
3863
3859
3858
3852
3852
3852
3849
3848
3848
3847
3846
3845
3844
3844
3843
3843
3842
3842
3841
3841
3840
3836
3834
3831
3830
3830
3829
3828
3827
3827
3827
3826
3825
3821
3820
3819
3819
3816
3816
3815
3815
3814
3813
3809
3807
3806
3806
3804
3804
3802
3802
3799
3799
3798
3797
3797
3796
3795
3793
3793
3792
3791
3790
3789
3789
3786
3785
3784
3783
3781
3781
3779
3779
3778
3777
3777
3776
3775
3774
3774
3773
3773
3772
3772
3771
3771
3770
3770
3768
3768
3768
3768
3768
3765
3760
3760
3756
3756
3756
3755
3755
3755
3755
3754
3753
3753
3751
3746
3746
3743
3742
3742
3742
3741
3741
3739
3736
3734
3731
3729
3729
3728
3727
3725
3724
3722
3721
3719
3717
3713
3710
3710
3709
3709
3706
3706
3705
3705
3704
3703
3703
3703
3703
3701
3700
3699
3699
3695
3694
3694
3692
3692
3689
3688
3688
3687
3687
3684
3681
3681
3680
3678
3678
3678
3675
3674
3674
3674
3672
3672
3671
3671
3671
3667
3666
3666
3666
3665
3664
3663
3661
3661
3661
3660
3660
3660
3660
3658
3658
3656
3655
3652
3652
3651
3651
3651
3650
3650
3649
3649
3647
3646
3646
3643
3642
3642
3642
3642
3641
3638
3635
3634
3633
3633
3633
3629
3629
3627
3626
3624
3621
3620
3619
3619
3619
3618
3617
3616
3616
3616
3615
3612
3611
3609
3608
3608
3605
3604
3604
3603
3603
3601
3601
3600
3600
3599
3599
3598
3598
3598
3598
3597
3594
3594
3591
3590
3589
3588
3587
3586
3585
3583
3583
3582
3581
3580
3579
3579
3578
3577
3576
3575
3573
3571
3571
3570
3568
3568
3566
3566
3566
3565
3565
3564
3563
3559
3558
3557
3555
3555
3555
3554
3553
3552
3551
3551
3550
3550
3549
3548
3547
3547
3546
3546
3544
3543
3542
3542
3541
3541
3538
3537
3536
3535
3535
3535
3534
3533
3533
3532
3530
3530
3530
3529
3529
3528
3526
3526
3525
3525
3524
3523
3522
3521
3520
3519
3519
3515
3514
3514
3513
3513
3510
3510
3508
3508
3507
3507
3507
3506
3505
3503
3503
3502
3500
3498
3498
3498
3496
3495
3495
3494
3493
3491
3488
3484
3483
3483
3483
3476
3476
3475
3475
3473
3473
3472
3472
3468
3466
3465
3461
3461
3459
3458
3457
3457
3456
3456
3456
3456
3453
3453
3453
3452
3452
3450
3450
3448
3446
3444
3443
3443
3442
3441
3440
3439
3439
3439
3439
3436
3435
3434
3434
3433
3429
3428
3427
3427
3425
3424
3422
3421
3421
3420
3419
3418
3418
3417
3416
3415
3410
3409
3409
3409
3408
3407
3407
3406
3405
3404
3404
3403
3401
3400
3399
3399
3398
3393
3393
3393
3392
3392
3391
3390
3388
3387
3386
3386
3385
3384
3384
3383
3383
3383
3383
3382
3380
3380
3379
3378
3377
3377
3371
3369
3367
3366
3366
3365
3364
3364
3363
3362
3361
3361
3360
3359
3359
3358
3357
3356
3356
3356
3356
3354
3353
3352
3351
3349
3349
3347
3342
3341
3341
3340
3335
3334
3334
3333
3332
3332
3326
3325
3325
3324
3321
3321
3320
3320
3319
3319
3319
3318
3315
3314
3314
3313
3313
3313
3309
3309
3309
3309
3308
3307
3307
3306
3306
3306
3305
3304
3304
3304
3304
3304
3303
3303
3303
3301
3299
3299
3298
3297
3297
3296
3295
3294
3294
3292
3291
3291
3287
3285
3282
3276
3275
3275
3275
3274
3273
3273
3273
3272
3269
3269
3268
3268
3267
3264
3259
3259
3257
3257
3257
3255
3255
3254
3254
3252
3251
3249
3248
3247
3247
3246
3246
3244
3244
3243
3243
3242
3239
3238
3236
3236
3236
3234
3234
3233
3233
3231
3229
3228
3228
3227
3227
3226
3226
3222
3222
3221
3219
3219
3219
3218
3217
3217
3216
3215
3215
3214
3214
3212
3212
3211
3210
3209
3208
3207
3206
3205
3203
3202
3202
3201
3201
3200
3200
3199
3199
3198
3197
3197
3196
3195
3195
3194
3193
3192
3191
3191
3190
3190
3190
3189
3188
3188
3188
3187
3187
3185
3184
3184
3184
3183
3181
3180
3180
3179
3177
3177
3176
3176
3175
3174
3174
3172
3172
3172
3172
3171
3169
3169
3168
3163
3162
3161
3161
3161
3160
3159
3156
3155
3153
3152
3150
3149
3149
3147
3146
3143
3142
3142
3142
3142
3141
3140
3138
3137
3137
3137
3135
3135
3133
3132
3131
3131
3130
3129
3128
3128
3127
3125
3125
3123
3121
3121
3120
3119
3115
3115
3115
3114
3113
3113
3110
3110
3109
3109
3108
3108
3102
3100
3100
3099
3099
3098
3097
3096
3096
3096
3096
3095
3094
3093
3093
3093
3091
3090
3090
3088
3087
3084
3083
3081
3079
3079
3078
3077
3076
3075
3075
3074
3074
3074
3073
3073
3072
3072
3072
3071
3070
3069
3068
3068
3068
3068
3065
3060
3060
3058
3057
3056
3054
3053
3052
3052
3052
3051
3050
3049
3048
3047
3045
3044
3043
3043
3042
3041
3041
3040
3038
3036
3036
3034
3034
3033
3033
3033
3031
3031
3031
3029
3026
3026
3026
3024
3023
3022
3018
3017
3016
3015
3014
3014
3014
3013
3012
3011
3011
3010
3009
3008
3007
3007
3007
3006
3004
3003
3003
3002
3002
3001
3000
2999
2998
2998
2997
2997
2996
2995
2995
2994
2993
2993
2993
2993
2992
2992
2992
2991
2990
2989
2988
2988
2988
2987
2984
2979
2978
2977
2975
2975
2975
2974
2972
2972
2971
2970
2968
2968
2968
2967
2967
2964
2962
2962
2960
2960
2960
2960
2959
2959
2957
2956
2956
2956
2956
2952
2952
2952
2951
2948
2948
2948
2947
2946
2946
2946
2945
2944
2942
2941
2939
2936
2936
2936
2935
2933
2932
2931
2930
2930
2928
2928
2927
2927
2926
2926
2925
2924
2924
2924
2922
2922
2921
2918
2915
2912
2912
2911
2911
2909
2908
2908
2906
2906
2906
2906
2906
2904
2903
2902
2900
2900
2897
2896
2895
2894
2894
2894
2893
2893
2893
2891
2889
2887
2885
2884
2884
2882
2881
2880
2878
2878
2875
2875
2871
2871
2871
2871
2871
2870
2868
2868
2866
2864
2864
2864
2862
2862
2862
2861
2860
2859
2859
2859
2857
2852
2851
2850
2847
2847
2847
2845
2844
2844
2843
2842
2842
2841
2841
2840
2840
2838
2838
2837
2837
2836
2836
2835
2835
2834
2830
2830
2829
2829
2829
2828
2826
2825
2824
2821
2819
2817
2816
2815
2814
2812
2812
2812
2812
2810
2809
2808
2806
2806
2805
2804
2804
2803
2802
2800
2799
2799
2798
2798
2797
2796
2795
2795
2792
2791
2791
2789
2788
2788
2788
2787
2787
2785
2785
2785
2784
2783
2782
2782
2780
2778
2778
2777
2777
2775
2774
2774
2772
2772
2771
2771
2771
2770
2769
2769
2768
2768
2768
2766
2763
2763
2762
2762
2761
2758
2756
2755
2755
2752
2752
2750
2750
2749
2749
2743
2743
2743
2741
2740
2739
2738
2736
2733
2733
2733
2732
2732
2730
2728
2727
2726
2725
2724
2721
2720
2719
2719
2718
2717
2716
2715
2715
2707
2706
2704
2704
2701
2701
2700
2700
2698
2697
2697
2697
2696
2694
2692
2689
2688
2687
2686
2685
2685
2684
2684
2683
2682
2678
2678
2676
2676
2674
2674
2673
2673
2672
2672
2672
2671
2670
2670
2669
2666
2664
2664
2663
2663
2663
2662
2662
2662
2662
2661
2660
2659
2657
2657
2656
2655
2655
2655
2654
2654
2653
2652
2652
2652
2651
2648
2647
2647
2644
2644
2643
2642
2642
2642
2642
2642
2641
2640
2640
2639
2638
2637
2636
2636
2635
2634
2633
2632
2632
2631
2630
2630
2630
2629
2628
2628
2624
2623
2622
2621
2621
2620
2615
2614
2613
2613
2612
2611
2611
2610
2610
2610
2608
2608
2607
2607
2607
2606
2606
2605
2604
2603
2603
2602
2601
2599
2598
2595
2594
2593
2591
2590
2589
2589
2588
2588
2588
2586
2586
2585
2584
2584
2582
2581
2581
2579
2578
2578
2578
2578
2577
2573
2573
2571
2568
2568
2564
2563
2563
2562
2562
2559
2559
2559
2559
2557
2556
2555
2555
2555
2554
2554
2553
2553
2552
2552
2551
2550
2550
2548
2547
2547
2547
2545
2544
2543
2543
2543
2542
2541
2541
2540
2540
2539
2537
2537
2537
2536
2536
2534
2533
2532
2532
2531
2530
2528
2528
2527
2526
2526
2525
2522
2520
2520
2518
2518
2514
2514
2513
2512
2512
2512
2511
2510
2510
2509
2508
2507
2504
2502
2501
2501
2500
2499
2498
2497
2496
2494
2494
2494
2491
2491
2489
2489
2489
2488
2487
2486
2485
2485
2484
2483
2482
2482
2482
2482
2480
2479
2478
2478
2477
2477
2477
2476
2476
2475
2474
2474
2473
2473
2470
2468
2466
2466
2466
2465
2465
2462
2462
2459
2459
2459
2459
2457
2453
2452
2452
2451
2449
2449
2447
2447
2446
2445
2444
2443
2442
2440
2440
2440
2439
2437
2435
2435
2435
2433
2433
2433
2431
2430
2429
2426
2426
2425
2423
2421
2417
2416
2416
2416
2416
2415
2413
2413
2410
2409
2407
2406
2405
2405
2403
2399
2397
2395
2393
2393
2392
2390
2390
2388
2386
2384
2383
2382
2382
2380
2379
2379
2379
2377
2376
2374
2372
2372
2367
2366
2366
2365
2365
2363
2362
2362
2361
2360
2360
2360
2357
2357
2356
2354
2351
2349
2348
2345
2339
2338
2338
2337
2337
2337
2336
2336
2335
2334
2334
2334
2333
2332
2332
2331
2331
2330
2330
2330
2329
2327
2325
2324
2320
2318
2318
2317
2317
2317
2315
2314
2312
2312
2310
2309
2307
2306
2305
2304
2304
2304
2303
2303
2302
2302
2302
2300
2298
2297
2297
2297
2295
2294
2290
2289
2288
2287
2287
2285
2284
2279
2279
2279
2278
2277
2275
2275
2272
2270
2270
2266
2266
2265
2265
2263
2261
2261
2260
2260
2259
2258
2258
2257
2256
2253
2252
2251
2250
2249
2248
2248
2247
2247
2246
2246
2246
2245
2245
2245
2244
2244
2242
2242
2241
2240
2239
2239
2239
2238
2238
2237
2235
2235
2231
2231
2230
2230
2230
2229
2228
2227
2227
2227
2226
2225
2224
2224
2223
2221
2221
2221
2221
2220
2219
2218
2218
2214
2212
2211
2209
2209
2209
2209
2209
2206
2204
2204
2204
2203
2202
2201
2200
2200
2199
2196
2196
2196
2193
2192
2192
2190
2190
2189
2189
2188
2188
2187
2186
2186
2186
2182
2182
2181
2181
2181
2180
2180
2179
2179
2178
2178
2177
2176
2175
2174
2172
2171
2170
2170
2166
2165
2164
2163
2161
2160
2157
2155
2154
2153
2151
2151
2149
2149
2148
2145
2145
2144
2144
2143
2142
2141
2138
2137
2136
2135
2135
2134
2134
2132
2131
2131
2129
2128
2127
2127
2127
2126
2126
2124
2124
2123
2122
2122
2120
2118
2117
2115
2115
2115
2113
2109
2109
2108
2107
2107
2106
2106
2105
2103
2102
2102
2101
2100
2100
2098
2097
2096
2095
2092
2091
2091
2091
2090
2088
2086
2086
2083
2083
2082
2082
2082
2082
2081
2080
2080
2079
2078
2078
2078
2073
2072
2072
2071
2071
2070
2070
2068
2067
2067
2067
2066
2066
2065
2065
2063
2062
2060
2060
2058
2057
2057
2057
2057
2054
2053
2052
2050
2050
2049
2048
2047
2047
2046
2045
2042
2041
2041
2041
2040
2038
2037
2037
2034
2034
2034
2033
2033
2031
2029
2029
2027
2024
2024
2022
2021
2020
2020
2019
2019
2017
2016
2016
2016
2015
2015
2015
2014
2013
2012
2011
2009
2009
2007
2006
2005
2004
2002
1999
1999
1998
1998
1997
1997
1996
1996
1996
1995
1995
1993
1993
1991
1990
1990
1989
1988
1988
1987
1987
1986
1985
1984
1983
1979
1978
1977
1977
1977
1976
1976
1974
1973
1973
1973
1971
1971
1970
1970
1966
1965
1965
1961
1961
1960
1959
1959
1959
1958
1957
1956
1956
1955
1954
1953
1952
1944
1942
1941
1941
1941
1941
1941
1940
1940
1939
1938
1935
1935
1934
1933
1931
1931
1931
1930
1930
1930
1929
1928
1928
1927
1927
1926
1925
1925
1925
1925
1925
1922
1922
1921
1921
1920
1920
1920
1919
1918
1914
1914
1914
1913
1913
1913
1912
1910
1909
1909
1905
1904
1903
1903
1902
1900
1900
1899
1896
1893
1893
1892
1892
1891
1891
1890
1889
1889
1888
1887
1885
1885
1885
1884
1883
1883
1883
1882
1882
1882
1880
1878
1875
1875
1875
1875
1873
1872
1870
1870
1868
1866
1866
1863
1861
1861
1858
1858
1858
1852
1852
1850
1849
1849
1849
1847
1844
1841
1841
1839
1836
1834
1834
1833
1832
1832
1831
1829
1827
1826
1826
1825
1822
1822
1821
1821
1820
1819
1818
1818
1817
1817
1817
1816
1816
1814
1813
1812
1812
1811
1810
1809
1809
1808
1807
1805
1804
1804
1803
1802
1796
1795
1794
1793
1793
1793
1790
1789
1786
1785
1785
1783
1783
1782
1781
1780
1778
1778
1778
1778
1777
1777
1776
1775
1774
1771
1769
1768
1764
1764
1762
1761
1760
1760
1759
1759
1758
1758
1758
1758
1757
1757
1756
1755
1754
1754
1754
1753
1752
1752
1749
1748
1746
1743
1741
1740
1739
1738
1737
1737
1737
1737
1736
1736
1735
1734
1734
1731
1731
1730
1728
1727
1727
1727
1726
1725
1725
1725
1724
1722
1722
1722
1721
1721
1720
1720
1719
1718
1718
1717
1716
1714
1713
1711
1710
1710
1709
1707
1706
1706
1704
1703
1702
1700
1700
1697
1697
1696
1695
1694
1693
1691
1689
1688
1688
1687
1687
1687
1687
1686
1685
1685
1684
1683
1683
1683
1681
1680
1678
1678
1678
1677
1676
1676
1676
1674
1674
1672
1671
1670
1669
1668
1668
1667
1667
1665
1663
1661
1660
1659
1658
1657
1657
1657
1656
1655
1654
1653
1652
1652
1652
1651
1650
1649
1647
1647
1646
1646
1643
1642
1640
1640
1640
1639
1637
1636
1634
1633
1632
1632
1631
1630
1626
1626
1625
1624
1622
1619
1617
1616
1616
1615
1614
1613
1611
1611
1610
1610
1609
1609
1609
1608
1605
1605
1604
1604
1604
1604
1601
1600
1599
1599
1599
1598
1598
1597
1597
1596
1592
1592
1592
1592
1591
1590
1589
1589
1587
1586
1585
1585
1584
1582
1581
1581
1580
1580
1579
1579
1577
1576
1576
1575
1573
1573
1573
1572
1571
1571
1570
1569
1569
1567
1567
1565
1564
1563
1563
1562
1562
1560
1559
1558
1556
1556
1554
1554
1554
1553
1551
1549
1547
1546
1546
1544
1544
1544
1544
1544
1542
1538
1537
1537
1535
1535
1534
1534
1533
1527
1526
1523
1523
1522
1522
1522
1519
1519
1518
1518
1518
1518
1517
1517
1517
1517
1516
1516
1516
1515
1514
1514
1514
1511
1509
1509
1509
1506
1506
1505
1504
1504
1504
1503
1503
1502
1501
1501
1501
1498
1498
1497
1496
1494
1493
1493
1491
1491
1490
1487
1484
1484
1484
1483
1482
1482
1481
1479
1479
1478
1478
1477
1476
1476
1475
1475
1475
1474
1474
1474
1474
1471
1470
1470
1469
1469
1466
1466
1465
1463
1463
1462
1462
1461
1461
1460
1460
1458
1457
1457
1456
1456
1454
1453
1451
1450
1447
1446
1443
1443
1443
1443
1441
1441
1441
1440
1437
1435
1434
1433
1431
1430
1429
1427
1427
1427
1426
1424
1424
1424
1421
1421
1421
1420
1419
1419
1418
1418
1417
1416
1415
1415
1414
1414
1413
1412
1412
1412
1411
1410
1410
1408
1408
1407
1403
1402
1402
1402
1401
1400
1396
1394
1394
1394
1392
1392
1391
1390
1390
1388
1386
1385
1384
1383
1381
1378
1378
1378
1377
1377
1377
1375
1375
1374
1374
1373
1370
1370
1369
1368
1368
1367
1365
1364
1363
1363
1363
1362
1362
1361
1360
1358
1358
1358
1356
1354
1353
1353
1351
1350
1345
1344
1342
1341
1341
1338
1333
1332
1332
1331
1330
1330
1328
1328
1327
1326
1326
1326
1324
1322
1320
1319
1318
1318
1318
1317
1317
1315
1315
1315
1315
1310
1310
1309
1308
1308
1307
1307
1305
1305
1305
1303
1303
1302
1301
1299
1297
1296
1294
1294
1294
1293
1292
1291
1290
1287
1287
1286
1283
1279
1278
1278
1277
1276
1273
1272
1272
1272
1271
1271
1271
1270
1269
1269
1269
1267
1267
1266
1264
1264
1263
1262
1262
1260
1257
1255
1254
1254
1254
1252
1252
1249
1248
1248
1247
1243
1242
1240
1239
1238
1237
1237
1236
1235
1234
1233
1232
1232
1228
1228
1227
1226
1225
1224
1223
1222
1222
1221
1220
1220
1218
1217
1217
1217
1216
1214
1214
1214
1212
1212
1211
1210
1209
1206
1205
1205
1203
1201
1201
1200
1200
1199
1198
1196
1195
1192
1192
1191
1190
1190
1189
1188
1187
1186
1186
1183
1182
1182
1180
1180
1180
1180
1177
1177
1177
1175
1175
1174
1173
1171
1170
1169
1167
1166
1166
1166
1165
1165
1164
1161
1161
1160
1160
1159
1158
1157
1156
1155
1154
1154
1153
1151
1148
1145
1144
1142
1141
1141
1141
1140
1138
1135
1135
1133
1133
1132
1131
1129
1127
1126
1126
1126
1126
1125
1124
1123
1122
1122
1120
1120
1119
1118
1116
1114
1112
1112
1111
1109
1109
1107
1106
1105
1103
1103
1102
1101
1099
1099
1097
1095
1095
1094
1094
1094
1093
1092
1090
1090
1090
1090
1089
1089
1089
1089
1088
1087
1086
1084
1084
1084
1084
1083
1083
1083
1082
1081
1080
1080
1079
1077
1077
1075
1075
1074
1072
1071
1071
1068
1064
1063
1063
1061
1061
1060
1058
1058
1058
1058
1057
1057
1057
1055
1054
1053
1053
1053
1052
1048
1046
1046
1045
1045
1045
1042
1042
1041
1041
1040
1039
1039
1039
1039
1038
1037
1036
1035
1035
1035
1034
1033
1032
1032
1031
1031
1030
1030
1028
1026
1026
1023
1022
1022
1021
1021
1018
1017
1016
1013
1013
1011
1011
1010
1010
1008
1007
1005
1005
1004
1003
1003
1000
998
997
997
994
994
992
990
990
989
988
988
986
985
985
983
981
980
976
975
975
973
973
973
973
971
970
970
970
968
967
966
963
962
960
958
957
957
956
956
955
955
954
951
951
951
951
950
949
949
946
945
940
940
940
939
939
937
936
936
936
935
934
934
934
933
933
931
930
929
929
928
928
928
926
925
923
917
917
912
911
907
905
904
901
901
900
899
897
897
897
896
894
892
892
890
888
888
886
885
885
885
884
883
882
881
881
878
878
876
874
874
871
871
869
868
866
865
864
864
862
862
862
861
859
858
857
855
855
855
853
849
849
849
848
847
842
842
842
841
840
840
839
839
837
837
837
835
834
833
833
833
830
830
829
828
828
826
825
823
822
821
820
817
817
815
813
812
811
809
809
808
806
805
804
804
803
802
801
799
795
794
794
794
793
792
791
791
791
790
789
788
787
786
786
784
784
782
781
781
779
776
776
776
774
774
774
771
770
766
765
764
764
762
759
758
756
756
755
755
754
752
752
752
751
750
750
750
749
748
748
747
746
746
743
743
742
742
740
740
739
738
736
735
734
733
731
730
730
729
725
724
723
723
722
721
718
717
717
717
713
713
713
711
707
707
705
704
703
701
701
701
700
695
693
691
691
691
691
690
690
689
686
686
685
685
684
684
684
683
682
682
681
681
679
678
678
678
677
676
676
674
673
672
672
670
669
669
669
667
666
665
665
664
664
659
658
658
657
657
654
652
651
650
649
649
648
643
642
642
640
640
640
639
637
635
635
632
632
632
629
627
623
618
618
617
616
616
615
615
615
615
615
612
610
610
609
609
609
607
607
605
604
603
601
601
597
596
595
593
593
592
591
591
590
590
589
589
588
585
585
585
584
584
583
582
581
581
580
579
577
576
576
576
574
574
571
570
568
567
566
566
565
564
564
564
562
560
559
557
556
556
554
554
552
551
550
549
549
549
545
544
544
542
540
540
539
539
536
534
534
534
533
532
531
531
529
529
529
529
529
527
527
526
526
526
522
522
521
521
521
521
520
520
520
520
519
518
517
516
516
516
515
515
514
514
514
513
512
512
512
512
511
511
510
510
509
508
508
507
507
505
504
504
503
502
500
499
499
498
498
497
495
495
494
493
491
491
491
490
489
488
488
488
487
487
486
485
485
484
484
484
484
484
483
480
480
479
478
478
477
476
476
475
475
474
473
473
469
465
464
464
463
462
461
461
461
459
459
456
456
455
455
455
455
454
454
453
452
452
452
449
448
447
447
446
445
441
440
437
435
435
433
432
430
430
429
429
428
426
424
424
424
422
422
422
422
421
421
419
418
414
413
413
409
409
408
408
406
405
404
402
402
401
401
400
399
398
397
396
396
396
395
394
393
392
391
391
390
389
389
388
387
387
387
386
386
386
385
385
385
382
382
381
378
377
376
376
373
372
372
372
370
370
367
366
366
365
364
364
362
361
360
359
358
358
356
352
352
351
351
350
350
349
349
348
347
346
346
346
345
345
343
343
342
341
340
338
336
336
334
333
329
328
328
328
327
326
326
325
325
324
323
320
319
318
317
315
315
310
309
308
308
307
305
305
304
303
301
301
300
300
300
299
299
298
297
296
296
291
291
291
289
289
286
283
283
279
279
278
277
276
276
276
274
274
273
271
270
269
266
265
264
264
261
261
259
259
257
255
255
255
254
254
253
253
252
250
250
249
249
244
244
243
243
241
240
237
236
236
236
235
234
232
231
230
230
229
227
226
226
225
224
222
222
220
220
218
216
216
216
215
214
213
212
211
210
208
208
205
205
204
204
204
204
202
201
199
197
197
197
195
193
193
191
190
189
189
188
188
188
188
187
187
187
185
183
183
183
182
180
180
178
178
176
176
172
171
170
169
169
168
165
164
160
159
158
157
155
154
153
153
152
150
148
148
147
145
145
143
142
142
142
142
141
138
137
137
135
135
133
131
131
131
130
127
126
126
125
125
125
124
123
123
118
116
115
115
114
114
113
112
110
109
109
108
107
106
106
106
105
103
102
102
102
102
101
100
100
99
98
97
96
94
94
93
92
91
91
90
89
86
86
85
84
83
82
80
78
78
77
75
74
74
74
73
72
69
69
69
66
65
65
64
63
63
62
62
62
60
57
56
55
53
51
49
48
47
47
46
46
44
44
44
43
42
41
41
39
38
37
36
36
35
34
34
31
31
29
28
26
26
26
23
22
21
20
20
19
19
19
16
15
15
12
11
9
9
5
3
3
3
3
1
1
0
