9999
9998
9997
9996
9995
9995
9989
9988
9985
9980
9980
9979
9979
9979
9978
9978
9976
9975
9974
9974
9973
9973
9972
9970
9970
9969
9969
9967
9967
9966
9966
9966
9966
9965
9964
9964
9962
9962
9957
9957
9957
9956
9955
9953
9950
9948
9947
9946
9945
9945
9944
9944
9943
9943
9943
9942
9942
9941
9941
9940
9940
9940
9937
9936
9936
9934
9932
9932
9931
9928
9927
9925
9924
9923
9921
9921
9918
9916
9916
9916
9915
9915
9913
9912
9911
9911
9910
9909
9908
9907
9907
9906
9905
9905
9904
9904
9903
9903
9899
9899
9898
9896
9896
9894
9892
9891
9890
9890
9890
9890
9889
9888
9887
9886
9886
9884
9884
9884
9884
9882
9880
9880
9878
9877
9877
9876
9875
9875
9875
9874
9874
9874
9870
9869
9868
9868
9865
9864
9864
9864
9863
9863
9863
9862
9861
9861
9859
9858
9857
9857
9856
9855
9853
9852
9851
9851
9851
9849
9849
9849
9848
9847
9846
9845
9844
9843
9843
9843
9843
9842
9842
9842
9842
9841
9840
9839
9839
9838
9837
9837
9836
9833
9833
9832
9832
9832
9832
9830
9829
9829
9828
9828
9826
9825
9825
9823
9823
9822
9820
9817
9817
9815
9815
9814
9814
9813
9812
9811
9809
9809
9809
9808
9808
9806
9806
9806
9804
9804
9803
9802
9800
9800
9799
9799
9798
9796
9796
9795
9795
9793
9792
9792
9792
9790
9788
9785
9784
9784
9783
9783
9782
9780
9780
9778
9777
9776
9776
9775
9767
9767
9766
9763
9762
9759
9759
9758
9758
9756
9756
9756
9755
9755
9754
9751
9751
9748
9748
9747
9745
9744
9743
9740
9739
9736
9735
9734
9732
9730
9729
9728
9727
9727
9727
9726
9726
9724
9723
9722
9716
9716
9715
9713
9713
9710
9710
9708
9708
9708
9707
9707
9706
9705
9705
9705
9704
9704
9704
9703
9702
9701
9700
9697
9696
9695
9695
9694
9692
9692
9691
9691
9689
9688
9688
9686
9685
9682
9681
9681
9680
9680
9679
9676
9675
9672
9671
9670
9670
9669
9669
9665
9664
9661
9660
9660
9658
9658
9654
9653
9653
9651
9650
9649
9647
9646
9644
9644
9642
9641
9640
9640
9640
9640
9638
9637
9637
9636
9634
9632
9631
9628
9628
9627
9627
9626
9626
9625
9625
9625
9625
9623
9622
9619
9619
9619
9619
9618
9618
9617
9616
9616
9616
9613
9613
9613
9612
9611
9609
9609
9608
9605
9604
9603
9602
9602
9601
9600
9600
9598
9598
9598
9597
9597
9596
9596
9593
9592
9591
9590
9590
9589
9586
9586
9584
9584
9583
9583
9582
9581
9581
9581
9581
9581
9580
9579
9578
9572
9570
9569
9568
9568
9567
9567
9567
9566
9565
9564
9560
9560
9558
9558
9558
9558
9557
9555
9554
9550
9549
9549
9548
9548
9547
9547
9547
9546
9545
9544
9544
9544
9543
9542
9541
9541
9540
9540
9538
9535
9533
9533
9532
9531
9531
9528
9528
9528
9526
9526
9526
9525
9525
9525
9520
9515
9515
9514
9512
9511
9510
9509
9509
9508
9507
9507
9504
9503
9502
9502
9501
9500
9499
9497
9497
9496
9496
9494
9491
9491
9486
9486
9485
9485
9485
9484
9475
9472
9471
9470
9470
9469
9468
9466
9465
9465
9464
9464
9463
9462
9461
9457
9457
9456
9455
9453
9452
9450
9450
9448
9447
9446
9446
9445
9444
9444
9443
9443
9442
9441
9441
9441
9441
9439
9439
9438
9435
9434
9434
9431
9430
9429
9429
9428
9426
9425
9425
9424
9423
9423
9422
9422
9421
9420
9418
9418
9418
9417
9413
9412
9411
9411
9410
9409
9408
9408
9408
9407
9407
9404
9402
9401
9400
9400
9399
9398
9398
9397
9395
9394
9394
9393
9393
9393
9392
9391
9391
9390
9388
9387
9387
9385
9385
9385
9382
9380
9380
9380
9380
9379
9378
9377
9376
9375
9375
9374
9373
9372
9371
9368
9368
9366
9366
9365
9364
9364
9363
9363
9361
9360
9360
9357
9355
9354
9352
9352
9350
9347
9345
9345
9344
9343
9343
9343
9342
9340
9340
9340
9339
9339
9338
9338
9337
9337
9336
9333
9332
9330
9327
9321
9320
9318
9318
9316
9315
9314
9313
9313
9313
9312
9309
9309
9309
9308
9306
9304
9301
9301
9301
9301
9300
9300
9300
9299
9297
9296
9294
9293
9290
9287
9286
9286
9284
9281
9281
9279
9279
9278
9277
9276
9276
9275
9275
9275
9274
9274
9273
9270
9270
9270
9270
9269
9266
9266
9263
9260
9258
9257
9257
9257
9256
9255
9253
9253
9251
9250
9249
9249
9249
9248
9247
9247
9246
9246
9246
9244
9243
9243
9243
9241
9241
9241
9240
9240
9240
9238
9237
9237
9236
9236
9235
9234
9234
9232
9232
9232
9231
9230
9229
9229
9229
9228
9226
9223
9223
9223
9222
9222
9220
9219
9218
9215
9214
9212
9211
9210
9210
9209
9207
9207
9207
9207
9207
9206
9205
9205
9204
9203
9203
9202
9201
9200
9199
9197
9192
9192
9191
9191
9190
9189
9189
9188
9186
9185
9183
9183
9181
9181
9181
9181
9181
9180
9179
9179
9179
9179
9178
9178
9178
9176
9176
9175
9175
9174
9173
9173
9173
9171
9171
9170
9169
9169
9169
9168
9168
9167
9167
9166
9165
9162
9161
9161
9159
9158
9157
9155
9154
9154
9154
9153
9150
9148
9148
9147
9147
9147
9146
9145
9145
9144
9144
9144
9143
9140
9140
9139
9138
9138
9136
9135
9134
9133
9133
9132
9129
9128
9127
9127
9125
9125
9125
9123
9123
9123
9122
9122
9122
9120
9120
9119
9118
9116
9114
9113
9112
9110
9110
9110
9108
9107
9107
9106
9104
9104
9104
9104
9102
9102
9099
9098
9096
9095
9095
9095
9095
9094
9093
9092
9092
9092
9092
9090
9089
9088
9088
9088
9087
9087
9087
9086
9083
9083
9083
9081
9081
9080
9080
9079
9077
9077
9076
9076
9075
9074
9073
9072
9071
9070
9067
9067
9066
9064
9064
9063
9062
9061
9058
9054
9054
9054
9054
9053
9051
9048
9048
9048
9047
9047
9047
9046
9046
9045
9044
9044
9041
9040
9040
9040
9039
9038
9037
9037
9035
9034
9034
9031
9030
9029
9028
9028
9026
9026
9025
9022
9021
9018
9017
9017
9017
9016
9016
9016
9013
9009
9008
9008
9008
9005
9004
9001
9000
9000
9000
9000
8999
8998
8998
8998
8996
8995
8994
8994
8994
8993
8992
8991
8991
8990
8987
8984
8982
8982
8980
8978
8974
8973
8972
8971
8969
8964
8963
8961
8960
8960
8960
8960
8959
8959
8959
8958
8957
8956
8956
8956
8953
8949
8948
8948
8947
8947
8947
8947
8945
8945
8943
8942
8940
8939
8938
8937
8936
8936
8934
8934
8932
8932
8929
8929
8929
8928
8928
8927
8926
8924
8924
8923
8922
8922
8922
8921
8921
8921
8921
8920
8920
8918
8918
8918
8917
8915
8914
8914
8913
8913
8912
8912
8909
8909
8908
8908
8908
8907
8907
8907
8905
8905
8904
8903
8903
8903
8900
8900
8899
8897
8896
8894
8892
8891
8891
8890
8890
8890
8889
8888
8885
8885
8884
8883
8882
8882
8880
8880
8879
8879
8878
8878
8878
8877
8876
8876
8872
8872
8872
8871
8871
8870
8870
8867
8867
8864
8863
8862
8860
8858
8855
8854
8854
8850
8848
8848
8848
8847
8846
8846
8843
8838
8838
8837
8836
8836
8835
8835
8835
8834
8833
8832
8831
8831
8830
8828
8827
8825
8822
8822
8817
8817
8816
8815
8815
8814
8814
8813
8811
8811
8808
8807
8806
8805
8804
8803
8803
8803
8802
8802
8801
8801
8799
8798
8796
8795
8794
8794
8794
8793
8791
8790
8790
8789
8789
8788
8787
8785
8785
8782
8780
8779
8777
8776
8775
8775
8775
8774
8774
8773
8772
8769
8767
8763
8763
8761
8761
8760
8757
8755
8753
8751
8751
8751
8749
8748
8748
8747
8747
8747
8746
8745
8744
8743
8743
8743
8742
8741
8739
8739
8739
8738
8738
8735
8734
8734
8734
8729
8729
8729
8728
8726
8725
8723
8723
8723
8722
8719
8718
8714
8712
8709
8708
8708
8707
8706
8700
8700
8697
8692
8690
8689
8689
8688
8687
8686
8686
8685
8685
8685
8684
8680
8680
8680
8680
8677
8677
8677
8677
8676
8674
8672
8671
8671
8671
8670
8670
8667
8665
8664
8663
8663
8663
8663
8662
8662
8661
8660
8658
8658
8658
8656
8653
8650
8650
8650
8650
8648
8646
8646
8645
8645
8643
8643
8642
8640
8640
8639
8639
8639
8638
8638
8638
8637
8635
8634
8630
8630
8629
8627
8627
8626
8626
8625
8623
8623
8620
8619
8618
8617
8616
8615
8613
8613
8612
8612
8610
8609
8609
8608
8608
8608
8606
8604
8603
8603
8602
8602
8600
8597
8597
8595
8594
8591
8590
8589
8588
8585
8585
8583
8582
8580
8580
8579
8578
8578
8577
8576
8576
8570
8570
8570
8569
8567
8567
8566
8564
8564
8561
8558
8557
8556
8554
8553
8553
8553
8552
8552
8551
8551
8551
8550
8550
8550
8549
8549
8548
8546
8546
8545
8542
8541
8540
8540
8540
8539
8538
8538
8537
8537
8533
8530
8529
8529
8529
8528
8527
8526
8525
8525
8524
8523
8518
8517
8517
8514
8514
8513
8509
8509
8509
8508
8507
8506
8500
8498
8498
8497
8496
8495
8492
8491
8489
8488
8488
8486
8483
8481
8480
8479
8479
8479
8476
8475
8474
8473
8473
8472
8472
8472
8472
8471
8468
8467
8467
8467
8466
8466
8465
8463
8463
8463
8463
8461
8459
8458
8457
8455
8455
8455
8454
8451
8451
8449
8449
8449
8445
8441
8438
8438
8437
8436
8435
8435
8434
8434
8433
8432
8431
8431
8430
8429
8428
8428
8425
8425
8424
8424
8424
8419
8416
8416
8416
8412
8410
8409
8408
8407
8407
8406
8406
8405
8405
8405
8405
8401
8398
8398
8396
8396
8395
8393
8392
8391
8389
8389
8387
8387
8384
8383
8383
8381
8381
8381
8380
8379
8377
8377
8375
8375
8374
8373
8373
8370
8369
8369
8369
8368
8366
8364
8364
8363
8361
8360
8359
8352
8352
8352
8349
8349
8346
8345
8345
8344
8341
8339
8338
8338
8337
8337
8335
8334
8333
8332
8332
8332
8331
8330
8330
8328
8327
8327
8326
8325
8325
8325
8325
8324
8323
8323
8320
8320
8320
8319
8316
8316
8315
8313
8312
8310
8309
8309
8306
8306
8305
8305
8304
8303
8303
8302
8299
8296
8296
8295
8295
8295
8295
8294
8292
8291
8288
8288
8288
8287
8286
8286
8285
8283
8278
8277
8275
8274
8274
8274
8273
8273
8271
8269
8265
8265
8264
8263
8263
8262
8262
8260
8259
8255
8254
8253
8253
8252
8248
8247
8247
8246
8244
8243
8243
8243
8243
8242
8242
8241
8239
8239
8238
8237
8237
8237
8235
8233
8232
8229
8229
8227
8225
8224
8222
8221
8220
8220
8219
8219
8219
8218
8217
8216
8216
8215
8215
8214
8212
8211
8211
8210
8209
8208
8208
8208
8207
8206
8205
8205
8204
8203
8202
8201
8200
8199
8196
8195
8195
8194
8194
8192
8192
8190
8190
8189
8189
8189
8189
8189
8187
8187
8185
8185
8184
8183
8181
8180
8180
8180
8180
8176
8174
8173
8173
8172
8172
8170
8170
8170
8169
8169
8167
8166
8162
8161
8160
8159
8159
8159
8158
8157
8157
8156
8153
8152
8149
8148
8146
8143
8143
8141
8140
8139
8138
8137
8137
8137
8136
8135
8134
8133
8133
8133
8133
8133
8132
8132
8131
8131
8130
8129
8129
8129
8129
8127
8125
8125
8124
8123
8119
8118
8117
8117
8117
8116
8114
8113
8112
8112
8111
8110
8109
8106
8106
8103
8103
8102
8101
8099
8098
8096
8096
8096
8094
8094
8093
8091
8089
8088
8087
8086
8086
8085
8085
8085
8084
8084
8082
8080
8079
8077
8076
8075
8075
8073
8072
8071
8071
8070
8069
8069
8066
8065
8065
8057
8057
8056
8055
8055
8055
8055
8053
8052
8050
8048
8046
8045
8045
8044
8043
8040
8038
8037
8036
8036
8035
8035
8035
8035
8033
8032
8031
8031
8026
8026
8026
8025
8021
8019
8018
8018
8013
8013
8012
8012
8012
8011
8010
8010
8010
8010
8008
8008
8004
8004
8002
8001
7998
7996
7995
7994
7993
7992
7990
7989
7989
7988
7987
7987
7987
7986
7986
7985
7985
7984
7984
7983
7983
7981
7979
7978
7978
7978
7977
7977
7976
7976
7974
7973
7972
7972
7970
7969
7968
7968
7967
7962
7962
7960
7960
7960
7956
7955
7952
7951
7950
7950
7948
7945
7943
7940
7938
7938
7937
7936
7935
7934
7931
7926
7925
7925
7924
7923
7921
7921
7921
7919
7918
7917
7916
7915
7914
7913
7911
7910
7907
7907
7904
7903
7902
7902
7902
7900
7899
7898
7898
7896
7895
7893
7893
7892
7887
7885
7885
7884
7883
7883
7881
7881
7879
7875
7874
7873
7873
7872
7870
7868
7867
7866
7866
7865
7864
7864
7864
7860
7859
7859
7859
7859
7858
7858
7858
7856
7855
7854
7854
7854
7853
7853
7853
7850
7850
7850
7849
7849
7847
7847
7846
7845
7844
7843
7841
7840
7838
7838
7835
7835
7834
7833
7833
7833
7832
7830
7827
7827
7826
7826
7826
7826
7825
7825
7824
7823
7819
7818
7818
7816
7813
7812
7811
7811
7810
7807
7806
7805
7804
7803
7801
7800
7798
7798
7796
7796
7795
7795
7794
7794
7792
7789
7789
7785
7781
7781
7781
7779
7777
7777
7777
7776
7771
7770
7768
7768
7768
7768
7768
7766
7766
7765
7765
7765
7764
7762
7761
7761
7760
7760
7760
7758
7756
7753
7753
7753
7752
7751
7750
7749
7747
7745
7744
7744
7744
7743
7740
7740
7740
7740
7739
7739
7736
7734
7734
7731
7730
7729
7728
7728
7727
7726
7726
7726
7725
7725
7724
7723
7723
7721
7721
7720
7719
7716
7715
7713
7712
7711
7707
7706
7702
7702
7702
7700
7700
7700
7699
7699
7698
7698
7698
7694
7694
7693
7693
7692
7690
7689
7689
7688
7682
7682
7679
7677
7675
7673
7673
7672
7672
7670
7667
7667
7666
7664
7663
7662
7660
7659
7658
7657
7657
7655
7653
7653
7652
7652
7651
7651
7649
7649
7647
7644
7643
7643
7642
7642
7641
7641
7640
7639
7638
7638
7637
7636
7636
7633
7628
7625
7624
7624
7623
7621
7620
7619
7619
7618
7618
7617
7617
7616
7615
7615
7613
7613
7613
7612
7612
7611
7611
7611
7610
7610
7610
7607
7607
7605
7605
7604
7604
7604
7604
7603
7602
7601
7600
7599
7599
7599
7598
7597
7596
7596
7594
7594
7593
7591
7589
7588
7588
7587
7586
7586
7586
7585
7585
7585
7585
7584
7583
7582
7582
7581
7581
7579
7576
7573
7572
7572
7572
7572
7571
7570
7569
7569
7569
7569
7568
7567
7565
7565
7565
7565
7564
7564
7563
7563
7561
7561
7560
7560
7560
7559
7557
7556
7555
7554
7554
7554
7553
7550
7550
7550
7550
7549
7548
7548
7546
7545
7545
7543
7543
7542
7538
7537
7536
7534
7534
7533
7533
7533
7532
7532
7532
7528
7528
7526
7526
7525
7522
7521
7519
7519
7518
7518
7516
7513
7513
7506
7505
7504
7504
7504
7503
7503
7502
7502
7502
7497
7497
7497
7497
7496
7496
7492
7491
7491
7490
7490
7485
7485
7483
7482
7482
7482
7481
7481
7479
7479
7479
7477
7475
7474
7473
7473
7473
7473
7471
7470
7469
7469
7468
7466
7466
7466
7465
7464
7464
7464
7463
7463
7462
7461
7458
7458
7457
7457
7455
7453
7451
7451
7449
7447
7446
7446
7442
7442
7441
7439
7436
7436
7436
7435
7434
7433
7431
7430
7430
7429
7426
7424
7424
7424
7423
7422
7422
7421
7419
7419
7419
7415
7414
7413
7412
7412
7411
7409
7407
7405
7405
7404
7404
7403
7403
7397
7395
7394
7394
7394
7394
7393
7392
7392
7392
7390
7389
7388
7387
7385
7384
7384
7382
7382
7381
7378
7377
7373
7370
7368
7368
7367
7367
7367
7367
7365
7363
7363
7361
7360
7359
7358
7358
7357
7357
7355
7355
7354
7354
7354
7353
7353
7351
7349
7346
7346
7343
7342
7342
7341
7340
7339
7339
7337
7336
7334
7333
7333
7329
7327
7326
7325
7324
7323
7322
7317
7317
7316
7315
7314
7313
7311
7310
7308
7308
7307
7306
7306
7305
7304
7303
7303
7303
7303
7303
7302
7302
7300
7300
7299
7299
7299
7298
7298
7298
7296
7294
7294
7292
7291
7290
7288
7288
7285
7285
7284
7283
7283
7282
7281
7281
7279
7279
7276
7275
7275
7273
7273
7272
7271
7271
7271
7267
7266
7266
7266
7265
7263
7263
7261
7257
7256
7255
7254
7254
7254
7253
7252
7252
7250
7248
7246
7244
7242
7241
7240
7239
7238
7238
7237
7236
7236
7235
7234
7231
7231
7231
7231
7230
7230
7229
7229
7229
7228
7226
7225
7224
7223
7223
7222
7222
7221
7221
7221
7218
7218
7216
7214
7213
7212
7207
7207
7206
7206
7206
7203
7203
7202
7201
7201
7198
7198
7197
7197
7196
7196
7196
7196
7194
7194
7194
7192
7190
7188
7188
7187
7186
7178
7177
7177
7177
7177
7176
7176
7174
7172
7172
7169
7167
7167
7167
7166
7165
7165
7163
7163
7163
7159
7157
7156
7156
7155
7155
7154
7154
7153
7153
7153
7151
7151
7150
7150
7147
7143
7143
7143
7142
7142
7140
7140
7137
7137
7136
7135
7133
7133
7133
7132
7131
7130
7121
7121
7119
7118
7114
7114
7113
7113
7112
7111
7111
7110
7110
7110
7109
7109
7108
7107
7106
7103
7102
7098
7097
7095
7094
7093
7093
7092
7092
7091
7089
7088
7087
7086
7086
7085
7084
7082
7082
7079
7077
7076
7076
7075
7074
7074
7073
7071
7071
7071
7070
7068
7068
7067
7067
7065
7065
7062
7061
7059
7059
7058
7054
7053
7052
7051
7051
7051
7048
7048
7047
7045
7045
7044
7042
7041
7041
7040
7040
7039
7038
7037
7036
7035
7033
7033
7031
7031
7029
7029
7029
7029
7029
7028
7028
7027
7027
7025
7025
7025
7024
7024
7024
7024
7023
7023
7022
7022
7022
7021
7021
7020
7019
7019
7016
7015
7014
7013
7012
7012
7012
7011
7010
7009
7008
7008
7006
7001
7001
7000
7000
6998
6995
6991
6989
6988
6988
6986
6985
6985
6983
6980
6978
6977
6974
6973
6973
6971
6970
6970
6969
6968
6968
6964
6962
6961
6960
6959
6958
6957
6955
6954
6953
6953
6952
6950
6950
6949
6949
6949
6948
6947
6945
6945
6942
6941
6940
6938
6938
6937
6937
6937
6936
6935
6934
6934
6933
6931
6931
6930
6928
6928
6927
6925
6924
6922
6919
6916
6916
6915
6915
6915
6914
6913
6911
6910
6909
6907
6906
6905
6905
6905
6904
6904
6903
6902
6901
6900
6898
6897
6894
6892
6890
6889
6889
6888
6887
6886
6886
6885
6885
6884
6883
6883
6882
6881
6881
6880
6880
6879
6878
6878
6876
6876
6875
6874
6874
6873
6873
6870
6870
6870
6868
6868
6866
6865
6865
6864
6862
6862
6861
6860
6860
6858
6856
6855
6855
6853
6853
6852
6850
6850
6849
6846
6842
6840
6838
6837
6837
6835
6835
6833
6833
6833
6828
6828
6827
6826
6826
6825
6824
6820
6819
6818
6816
6815
6814
6813
6811
6810
6809
6809
6809
6808
6806
6806
6806
6805
6803
6803
6802
6798
6798
6794
6793
6790
6789
6788
6787
6787
6787
6786
6785
6784
6784
6784
6781
6781
6780
6779
6778
6778
6776
6776
6776
6775
6774
6774
6772
6768
6767
6764
6764
6763
6762
6762
6759
6757
6757
6756
6756
6756
6755
6751
6751
6751
6749
6749
6748
6745
6745
6741
6741
6740
6737
6737
6737
6737
6735
6734
6733
6731
6726
6726
6725
6723
6722
6722
6721
6721
6720
6720
6718
6716
6716
6715
6715
6713
6713
6711
6711
6710
6707
6707
6705
6704
6702
6699
6699
6698
6698
6698
6695
6695
6694
6694
6694
6694
6694
6692
6692
6689
6689
6688
6685
6684
6681
6681
6678
6677
6676
6676
6675
6675
6673
6672
6671
6671
6669
6668
6666
6665
6662
6662
6662
6662
6660
6660
6659
6658
6658
6657
6656
6655
6654
6654
6654
6654
6651
6651
6650
6650
6649
6649
6649
6647
6644
6644
6642
6640
6640
6639
6639
6635
6634
6633
6632
6632
6632
6631
6629
6628
6628
6628
6626
6624
6624
6624
6623
6619
6619
6619
6617
6616
6616
6615
6615
6614
6613
6613
6612
6608
6606
6604
6603
6603
6601
6601
6600
6596
6596
6596
6596
6593
6592
6591
6591
6590
6587
6587
6586
6585
6585
6583
6583
6580
6578
6578
6577
6577
6577
6576
6575
6573
6571
6571
6570
6570
6570
6569
6568
6567
6567
6566
6566
6565
6564
6562
6556
6555
6555
6552
6552
6552
6550
6548
6547
6547
6546
6543
6543
6543
6543
6540
6538
6536
6535
6528
6528
6528
6528
6528
6528
6528
6527
6527
6525
6523
6523
6520
6519
6518
6517
6517
6515
6515
6513
6512
6510
6510
6508
6507
6506
6506
6506
6505
6504
6503
6503
6502
6499
6498
6497
6494
6491
6490
6490
6489
6489
6488
6488
6486
6486
6485
6485
6485
6484
6484
6483
6483
6483
6482
6481
6480
6480
6480
6479
6478
6478
6478
6477
6477
6475
6473
6471
6471
6469
6469
6468
6467
6466
6464
6464
6463
6463
6462
6462
6461
6461
6458
6457
6455
6454
6454
6454
6453
6453
6452
6451
6450
6449
6449
6449
6448
6448
6447
6447
6446
6442
6441
6438
6437
6436
6436
6433
6433
6432
6431
6431
6429
6428
6427
6425
6424
6424
6422
6422
6422
6421
6419
6419
6418
6417
6417
6414
6414
6414
6414
6412
6412
6411
6409
6408
6408
6407
6406
6405
6404
6402
6402
6401
6400
6396
6396
6396
6394
6394
6392
6391
6391
6388
6388
6388
6387
6387
6386
6385
6384
6384
6382
6382
6381
6381
6381
6381
6381
6380
6379
6379
6378
6378
6376
6375
6374
6374
6372
6371
6371
6370
6370
6368
6367
6365
6364
6364
6362
6358
6358
6357
6356
6353
6351
6351
6349
6349
6349
6349
6348
6348
6348
6346
6345
6344
6344
6343
6343
6341
6337
6335
6332
6331
6330
6327
6325
6325
6324
6323
6321
6319
6318
6315
6314
6313
6313
6313
6312
6311
6309
6309
6309
6308
6308
6306
6305
6305
6305
6304
6304
6300
6298
6298
6298
6295
6293
6292
6290
6289
6289
6288
6287
6285
6284
6283
6283
6281
6279
6279
6278
6278
6276
6275
6275
6271
6271
6269
6268
6268
6268
6268
6267
6267
6267
6263
6263
6263
6260
6260
6259
6255
6255
6255
6255
6254
6254
6253
6252
6252
6250
6249
6247
6245
6244
6243
6242
6241
6241
6240
6239
6239
6237
6236
6235
6235
6234
6233
6230
6230
6229
6229
6228
6228
6227
6224
6224
6224
6224
6222
6221
6220
6219
6218
6217
6217
6214
6214
6210
6210
6210
6210
6209
6207
6207
6205
6205
6205
6205
6205
6204
6203
6203
6203
6201
6201
6200
6199
6198
6198
6196
6196
6195
6193
6193
6193
6192
6191
6191
6190
6188
6187
6187
6185
6184
6182
6182
6180
6180
6180
6179
6178
6177
6177
6177
6174
6172
6171
6170
6170
6170
6168
6168
6166
6166
6166
6165
6165
6163
6162
6162
6162
6160
6158
6158
6158
6156
6151
6151
6150
6148
6146
6146
6146
6144
6143
6140
6139
6137
6137
6134
6133
6132
6132
6131
6129
6128
6127
6126
6126
6125
6124
6124
6122
6117
6117
6116
6114
6114
6113
6110
6108
6107
6104
6103
6103
6103
6102
6102
6100
6097
6097
6097
6095
6095
6092
6090
6090
6088
6087
6086
6086
6083
6081
6078
6078
6077
6076
6076
6071
6070
6069
6068
6066
6065
6065
6063
6063
6063
6063
6062
6062
6058
6056
6055
6055
6054
6053
6052
6050
6050
6049
6048
6048
6048
6048
6046
6043
6042
6041
6040
6039
6038
6037
6036
6036
6036
6035
6034
6033
6031
6030
6028
6028
6028
6027
6026
6025
6023
6022
6022
6022
6021
6021
6018
6017
6015
6015
6014
6013
6013
6012
6010
6010
6010
6010
6010
6009
6007
6006
6003
6003
5999
5999
5998
5997
5989
5989
5989
5988
5988
5986
5986
5985
5984
5982
5982
5982
5980
5980
5979
5978
5978
5977
5977
5976
5976
5976
5976
5975
5975
5975
5975
5974
5974
5969
5968
5968
5967
5966
5966
5965
5964
5963
5963
5961
5961
5960
5959
5959
5959
5958
5957
5957
5955
5954
5953
5949
5949
5948
5948
5947
5947
5947
5945
5943
5943
5942
5942
5942
5941
5937
5937
5936
5935
5935
5935
5934
5933
5933
5932
5930
5927
5927
5926
5922
5922
5922
5921
5920
5919
5917
5916
5916
5916
5915
5915
5913
5912
5912
5912
5911
5910
5909
5909
5907
5907
5906
5905
5905
5902
5901
5900
5900
5899
5899
5898
5896
5895
5894
5894
5892
5892
5890
5887
5886
5885
5884
5883
5883
5883
5883
5882
5881
5878
5876
5876
5875
5873
5872
5871
5871
5869
5869
5867
5866
5865
5863
5862
5859
5859
5859
5859
5853
5852
5851
5850
5850
5850
5849
5846
5845
5841
5841
5839
5838
5838
5836
5832
5831
5831
5830
5829
5829
5827
5826
5824
5822
5820
5820
5818
5817
5816
5816
5815
5813
5812
5812
5812
5811
5811
5811
5809
5809
5808
5807
5807
5807
5806
5805
5805
5804
5804
5803
5803
5802
5802
5802
5802
5798
5798
5797
5796
5796
5795
5791
5789
5788
5787
5787
5786
5785
5783
5783
5782
5782
5782
5781
5780
5779
5778
5777
5776
5776
5773
5773
5773
5772
5772
5772
5770
5768
5766
5762
5759
5758
5754
5753
5750
5748
5746
5746
5745
5744
5744
5743
5742
5741
5739
5739
5739
5738
5738
5737
5736
5735
5735
5728
5726
5726
5723
5723
5721
5721
5720
5717
5716
5715
5715
5712
5711
5708
5707
5706
5705
5704
5702
5702
5700
5700
5699
5699
5698
5698
5697
5695
5695
5694
5693
5693
5692
5692
5692
5690
5689
5688
5684
5683
5682
5681
5681
5681
5680
5680
5679
5678
5675
5675
5673
5672
5672
5671
5670
5670
5670
5666
5665
5664
5664
5663
5662
5661
5661
5661
5660
5660
5659
5656
5656
5652
5652
5652
5651
5651
5650
5649
5645
5645
5644
5644
5642
5640
5639
5638
5637
5636
5636
5635
5634
5633
5632
5631
5630
5630
5629
5628
5627
5624
5624
5624
5621
5620
5619
5618
5617
5616
5615
5614
5614
5614
5613
5613
5612
5608
5608
5607
5606
5604
5603
5601
5601
5601
5598
5597
5596
5596
5594
5592
5590
5589
5588
5588
5588
5588
5587
5586
5585
5585
5585
5584
5584
5584
5583
5582
5582
5582
5580
5579
5578
5578
5577
5576
5576
5575
5575
5573
5573
5572
5571
5571
5570
5569
5565
5565
5565
5564
5563
5561
5561
5559
5558
5557
5557
5556
5556
5555
5555
5552
5548
5548
5548
5544
5543
5541
5539
5538
5538
5535
5532
5532
5531
5529
5528
5528
5526
5526
5526
5524
5523
5523
5520
5519
5518
5518
5516
5515
5515
5515
5514
5512
5512
5512
5511
5511
5510
5505
5504
5501
5500
5500
5499
5498
5498
5497
5497
5494
5492
5492
5492
5492
5492
5490
5487
5486
5485
5483
5483
5480
5480
5480
5478
5478
5477
5477
5475
5475
5474
5470
5466
5463
5462
5460
5460
5459
5459
5458
5457
5457
5457
5457
5456
5455
5454
5453
5453
5452
5452
5452
5451
5451
5450
5450
5449
5447
5446
5446
5442
5442
5441
5441
5440
5437
5436
5435
5434
5432
5432
5430
5429
5428
5427
5427
5426
5423
5422
5422
5420
5416
5412
5411
5410
5410
5407
5407
5404
5404
5402
5402
5402
5401
5400
5399
5398
5397
5393
5391
5389
5389
5388
5388
5387
5386
5386
5385
5384
5383
5382
5380
5379
5379
5378
5378
5377
5377
5375
5372
5370
5368
5368
5367
5367
5367
5366
5363
5362
5359
5359
5358
5357
5355
5352
5351
5351
5350
5349
5348
5347
5347
5344
5344
5344
5343
5340
5340
5338
5336
5332
5332
5331
5328
5326
5325
5325
5322
5322
5318
5315
5315
5314
5314
5314
5313
5311
5310
5308
5308
5308
5308
5307
5307
5307
5306
5305
5304
5304
5302
5302
5302
5300
5300
5297
5297
5296
5296
5296
5295
5295
5293
5293
5292
5292
5291
5291
5291
5288
5288
5287
5287
5286
5286
5286
5285
5281
5278
5277
5276
5276
5276
5275
5273
5273
5272
5272
5272
5270
5269
5269
5268
5267
5266
5266
5262
5261
5260
5259
5259
5257
5256
5253
5253
5253
5252
5249
5249
5249
5247
5245
5242
5241
5239
5239
5237
5234
5231
5231
5230
5230
5230
5227
5227
5226
5223
5222
5222
5220
5220
5220
5220
5219
5219
5218
5213
5213
5212
5210
5205
5204
5204
5204
5203
5200
5199
5198
5198
5198
5197
5196
5196
5195
5194
5191
5191
5190
5189
5189
5189
5189
5189
5188
5188
5187
5185
5182
5182
5182
5181
5181
5181
5180
5180
5179
5178
5178
5177
5177
5173
5171
5170
5169
5166
5164
5164
5163
5163
5162
5161
5161
5160
5159
5159
5156
5156
5156
5155
5154
5152
5152
5151
5151
5148
5146
5146
5145
5145
5145
5144
5144
5143
5142
5142
5139
5139
5136
5135
5135
5133
5133
5133
5132
5132
5131
5130
5130
5129
5129
5129
5129
5128
5126
5125
5124
5124
5122
5122
5120
5119
5118
5116
5115
5114
5114
5111
5108
5108
5107
5107
5107
5105
5103
5103
5102
5101
5099
5098
5098
5098
5096
5094
5093
5092
5091
5090
5088
5088
5088
5088
5087
5087
5086
5086
5082
5082
5081
5081
5081
5079
5079
5079
5078
5078
5077
5076
5076
5073
5073
5073
5072
5071
5070
5069
5067
5067
5067
5064
5064
5063
5062
5059
5059
5059
5058
5058
5058
5057
5056
5055
5054
5054
5054
5054
5054
5052
5052
5051
5051
5050
5050
5047
5045
5044
5042
5040
5039
5036
5034
5032
5032
5032
5031
5030
5029
5025
5024
5022
5020
5019
5019
5019
5016
5014
5013
5012
5011
5011
5011
5010
5008
5006
5006
5005
5004
5003
5003
5002
5001
5000
4999
4998
4997
4997
4996
4996
4993
4992
4991
4990
4990
4989
4986
4985
4985
4982
4982
4981
4981
4981
4979
4979
4978
4974
4972
4972
4972
4971
4970
4968
4966
4965
4965
4963
4963
4961
4960
4960
4959
4958
4956
4956
4955
4954
4953
4952
4952
4951
4951
4950
4950
4949
4946
4946
4945
4944
4943
4943
4943
4943
4943
4943
4941
4941
4940
4940
4937
4937
4936
4935
4935
4934
4933
4933
4933
4932
4931
4930
4928
4926
4926
4924
4921
4921
4920
4919
4919
4916
4914
4913
4912
4912
4910
4909
4909
4908
4907
4907
4907
4906
4906
4904
4903
4902
4902
4901
4899
4897
4897
4894
4893
4892
4891
4889
4887
4886
4885
4884
4884
4883
4882
4881
4881
4880
4880
4880
4879
4879
4879
4878
4878
4877
4877
4876
4874
4872
4870
4870
4870
4869
4869
4868
4868
4867
4863
4862
4862
4862
4862
4860
4857
4856
4855
4853
4853
4852
4851
4850
4849
4847
4846
4845
4845
4842
4839
4836
4836
4834
4834
4832
4831
4830
4829
4828
4828
4826
4824
4824
4823
4822
4822
4816
4814
4813
4813
4812
4811
4810
4808
4806
4805
4803
4801
4801
4800
4800
4799
4798
4798
4798
4797
4797
4796
4796
4794
4792
4791
4790
4789
4786
4785
4785
4778
4777
4777
4777
4777
4777
4776
4776
4774
4774
4774
4774
4773
4772
4770
4770
4766
4766
4766
4762
4760
4760
4760
4759
4759
4758
4757
4757
4756
4755
4754
4749
4749
4748
4748
4748
4747
4744
4740
4739
4739
4735
4734
4734
4734
4734
4733
4733
4732
4731
4731
4731
4729
4726
4724
4723
4723
4722
4722
4720
4719
4719
4718
4718
4717
4716
4716
4714
4714
4712
4710
4708
4705
4705
4704
4704
4703
4703
4701
4699
4699
4698
4698
4698
4697
4696
4695
4694
4694
4693
4692
4691
4687
4687
4687
4686
4686
4685
4685
4685
4685
4684
4684
4681
4677
4677
4677
4676
4676
4676
4674
4673
4672
4670
4667
4666
4666
4664
4663
4661
4660
4660
4659
4659
4659
4657
4657
4656
4656
4653
4652
4650
4648
4648
4648
4646
4646
4646
4646
4645
4642
4642
4642
4642
4641
4640
4640
4640
4636
4635
4633
4632
4632
4631
4629
4629
4623
4622
4620
4620
4620
4614
4613
4612
4611
4610
4609
4609
4607
4607
4606
4606
4606
4606
4605
4605
4604
4601
4600
4600
4600
4597
4596
4596
4595
4593
4588
4587
4586
4585
4585
4584
4584
4583
4582
4580
4579
4577
4576
4575
4574
4574
4574
4572
4571
4571
4571
4570
4570
4569
4568
4568
4567
4565
4564
4563
4562
4562
4561
4561
4561
4561
4560
4557
4557
4556
4555
4555
4555
4554
4554
4553
4551
4549
4549
4547
4547
4547
4546
4546
4543
4541
4540
4540
4538
4537
4533
4533
4532
4532
4531
4529
4528
4528
4528
4525
4524
4524
4522
4521
4521
4520
4518
4515
4513
4512
4512
4512
4512
4512
4511
4511
4511
4509
4509
4508
4508
4507
4507
4507
4507
4506
4506
4505
4503
4501
4501
4500
4500
4499
4497
4496
4496
4495
4494
4494
4494
4493
4493
4492
4491
4491
4489
4489
4486
4484
4484
4483
4482
4482
4481
4481
4478
4478
4475
4475
4473
4473
4472
4472
4472
4471
4468
4467
4466
4465
4464
4463
4463
4463
4462
4460
4458
4457
4457
4456
4453
4453
4452
4452
4450
4450
4447
4445
4445
4443
4443
4441
4440
4439
4439
4439
4439
4435
4435
4433
4430
4428
4427
4427
4426
4425
4423
4423
4421
4420
4419
4418
4418
4417
4415
4414
4413
4413
4411
4409
4409
4405
4404
4404
4399
4399
4399
4398
4398
4398
4395
4393
4393
4393
4393
4391
4391
4390
4388
4388
4387
4387
4386
4386
4386
4385
4385
4385
4384
4383
4378
4376
4375
4374
4373
4372
4371
4370
4368
4367
4366
4366
4365
4364
4363
4362
4361
4361
4361
4360
4359
4359
4358
4358
4357
4355
4355
4354
4352
4352
4349
4349
4349
4348
4346
4343
4341
4340
4340
4340
4340
4339
4339
4338
4338
4336
4336
4333
4330
4330
4330
4329
4328
4326
4325
4325
4324
4323
4321
4320
4320
4319
4317
4314
4312
4311
4311
4310
4309
4307
4306
4305
4304
4303
4302
4301
4299
4297
4296
4294
4293
4292
4292
4291
4291
4290
4290
4289
4288
4287
4285
4284
4282
4282
4282
4281
4279
4279
4277
4276
4276
4275
4274
4273
4273
4272
4271
4271
4270
4270
4269
4268
4268
4266
4265
4264
4262
4260
4258
4256
4256
4255
4255
4254
4254
4254
4253
4252
4251
4251
4249
4249
4248
4248
4247
4246
4245
4245
4242
4241
4238
4235
4234
4233
4232
4230
4230
4230
4227
4225
4225
4225
4224
4223
4222
4221
4220
4219
4219
4218
4215
4215
4212
4211
4210
4207
4205
4204
4204
4202
4201
4201
4201
4200
4200
4200
4200
4200
4200
4197
4196
4194
4193
4192
4192
4191
4190
4190
4188
4188
4188
4186
4185
4185
4184
4182
4179
4179
4178
4176
4173
4172
4172
4172
4172
4170
4169
4168
4168
4167
4167
4164
4163
4163
4162
4162
4162
4161
4160
4158
4157
4157
4155
4155
4152
4152
4152
4151
4149
4149
4148
4146
4146
4146
4146
4145
4145
4144
4143
4143
4141
4140
4139
4139
4136
4135
4135
4134
4133
4133
4131
4130
4130
4128
4127
4127
4126
4125
4125
4125
4125
4125
4124
4124
4124
4124
4123
4123
4123
4121
4119
4119
4118
4116
4115
4113
4113
4111
4110
4108
4107
4105
4104
4103
4101
4100
4099
4098
4098
4096
4095
4094
4094
4093
4091
4091
4089
4087
4087
4086
4085
4085
4084
4083
4083
4082
4082
4079
4079
4079
4078
4076
4075
4073
4071
4070
4070
4069
4068
4068
4067
4064
4064
4062
4059
4058
4056
4055
4054
4054
4052
4050
4050
4049
4049
4048
4047
4047
4045
4044
4043
4043
4042
4041
4041
4041
4040
4040
4038
4035
4034
4033
4030
4028
4027
4027
4026
4025
4025
4025
4024
4023
4021
4018
4018
4016
4014
4013
4013
4013
4012
4010
4010
4009
4007
4005
4005
4004
4004
4003
4002
4002
3999
3999
3998
3997
3996
3993
3993
3993
3992
3992
3991
3991
3989
3989
3987
3986
3985
3984
3984
3984
3983
3982
3982
3981
3979
3978
3972
3971
3968
3967
3965
3965
3964
3964
3963
3962
3961
3961
3959
3958
3958
3957
3957
3957
3956
3956
3954
3954
3953
3952
3951
3950
3949
3948
3946
3945
3944
3944
3944
3943
3942
3942
3941
3941
3939
3938
3938
3937
3936
3935
3935
3934
3932
3931
3931
3930
3928
3928
3927
3926
3924
3924
3922
3921
3921
3919
3918
3917
3917
3915
3915
3914
3914
3914
3911
3909
3909
3908
3907
3904
3899
3898
3896
3896
3895
3895
3893
3892
3890
3889
3887
3887
3887
3885
3885
3884
3883
3882
3882
3881
3879
3879
3874
3874
3873
3873
3871
3871
3871
3871
3871
3867
3866
3865
3862
3861
3859
3858
3858
3857
3856
3854
3853
3850
3849
3845
3845
3843
3842
3842
3841
3841
3840
3837
3832
3831
3831
3830
3828
3828
3828
3826
3826
3823
3819
3818
3816
3814
3812
3811
3806
3804
3803
3803
3803
3800
3799
3798
3797
3796
3794
3793
3793
3791
3791
3790
3790
3789
3788
3787
3787
3785
3785
3784
3784
3783
3782
3782
3781
3780
3778
3778
3778
3775
3775
3774
3774
3773
3772
3771
3771
3770
3770
3770
3769
3769
3768
3767
3767
3767
3765
3762
3761
3761
3760
3759
3759
3758
3757
3756
3756
3755
3754
3753
3752
3752
3752
3752
3750
3749
3748
3747
3745
3744
3743
3743
3743
3742
3741
3740
3738
3738
3737
3736
3735
3735
3733
3731
3730
3729
3728
3728
3726
3723
3722
3721
3719
3719
3719
3718
3717
3716
3715
3714
3713
3713
3713
3713
3712
3712
3712
3711
3711
3711
3711
3711
3711
3709
3708
3706
3705
3702
3702
3701
3701
3701
3700
3699
3697
3696
3695
3692
3691
3691
3690
3688
3686
3686
3686
3685
3685
3685
3684
3683
3682
3680
3679
3679
3679
3679
3678
3676
3676
3674
3674
3673
3673
3670
3669
3668
3668
3666
3666
3666
3663
3663
3661
3660
3660
3659
3659
3656
3654
3654
3654
3651
3650
3649
3649
3648
3647
3646
3645
3645
3643
3642
3641
3638
3635
3633
3632
3630
3630
3629
3629
3628
3628
3627
3625
3624
3624
3623
3623
3622
3621
3620
3620
3619
3618
3618
3618
3616
3616
3616
3614
3613
3610
3610
3610
3609
3605
3604
3602
3602
3601
3600
3600
3599
3597
3597
3597
3596
3595
3595
3594
3594
3593
3593
3589
3588
3588
3584
3583
3583
3583
3582
3582
3581
3581
3580
3578
3577
3577
3576
3574
3574
3572
3571
3571
3570
3570
3567
3566
3564
3564
3563
3563
3563
3561
3561
3561
3559
3558
3558
3557
3557
3554
3550
3549
3549
3549
3548
3546
3546
3546
3545
3544
3543
3543
3542
3540
3540
3539
3538
3538
3537
3536
3535
3535
3534
3534
3532
3532
3531
3531
3530
3529
3529
3528
3528
3528
3528
3527
3525
3523
3523
3523
3521
3521
3520
3520
3520
3520
3519
3518
3518
3518
3517
3516
3515
3515
3514
3513
3512
3512
3512
3509
3507
3507
3506
3506
3503
3502
3497
3497
3497
3496
3495
3495
3493
3493
3492
3491
3490
3489
3489
3488
3487
3486
3485
3484
3484
3483
3481
3480
3480
3479
3478
3478
3477
3476
3476
3474
3472
3470
3467
3467
3465
3463
3461
3460
3460
3459
3457
3457
3454
3454
3454
3454
3454
3452
3450
3448
3447
3447
3446
3446
3446
3444
3444
3444
3444
3444
3443
3440
3439
3439
3438
3437
3436
3435
3435
3435
3434
3429
3424
3423
3421
3421
3421
3421
3419
3418
3416
3415
3414
3414
3413
3413
3412
3411
3411
3410
3409
3408
3408
3407
3407
3406
3405
3400
3399
3399
3399
3393
3392
3392
3391
3390
3390
3390
3388
3388
3385
3385
3384
3383
3380
3379
3378
3377
3377
3376
3376
3375
3375
3374
3374
3374
3373
3373
3372
3372
3372
3371
3371
3371
3370
3370
3369
3369
3368
3366
3366
3366
3364
3364
3364
3364
3363
3362
3361
3361
3360
3358
3357
3356
3356
3355
3354
3353
3353
3351
3351
3349
3348
3348
3348
3348
3347
3347
3347
3346
3346
3346
3342
3341
3338
3336
3335
3334
3326
3325
3325
3325
3325
3324
3323
3320
3320
3320
3317
3316
3316
3316
3316
3316
3315
3315
3314
3312
3312
3311
3310
3310
3305
3302
3302
3301
3300
3299
3299
3297
3297
3296
3294
3293
3293
3292
3292
3291
3291
3289
3289
3287
3286
3286
3286
3285
3285
3283
3282
3282
3281
3277
3276
3274
3274
3274
3273
3272
3271
3271
3271
3270
3269
3269
3268
3267
3266
3265
3264
3264
3263
3262
3262
3259
3259
3258
3257
3256
3253
3251
3251
3251
3249
3247
3244
3243
3243
3242
3239
3239
3238
3238
3236
3235
3234
3233
3233
3232
3231
3230
3230
3230
3229
3225
3225
3224
3224
3224
3224
3223
3223
3222
3222
3221
3220
3219
3219
3219
3218
3216
3216
3216
3216
3215
3215
3215
3215
3214
3213
3210
3209
3208
3205
3205
3204
3203
3202
3202
3202
3201
3200
3200
3199
3199
3196
3196
3195
3190
3189
3189
3189
3185
3185
3180
3180
3180
3179
3177
3176
3175
3174
3174
3173
3173
3173
3173
3172
3169
3169
3168
3168
3167
3165
3164
3161
3161
3160
3157
3156
3155
3152
3147
3146
3144
3144
3144
3142
3137
3136
3134
3134
3134
3134
3133
3132
3132
3131
3130
3129
3129
3128
3127
3124
3123
3123
3123
3122
3121
3121
3120
3119
3119
3111
3111
3110
3110
3110
3108
3108
3108
3107
3107
3101
3100
3100
3100
3098
3097
3096
3096
3093
3093
3090
3089
3088
3086
3084
3083
3083
3077
3076
3076
3074
3073
3073
3072
3072
3068
3068
3066
3065
3065
3064
3063
3062
3061
3061
3061
3059
3058
3057
3054
3052
3051
3049
3048
3048
3047
3047
3047
3047
3046
3045
3045
3045
3044
3042
3041
3041
3040
3040
3040
3040
3040
3039
3038
3037
3037
3036
3034
3034
3034
3033
3031
3030
3029
3029
3028
3027
3026
3024
3023
3023
3018
3016
3015
3014
3013
3013
3012
3012
3012
3009
3009
3008
3005
3003
3003
3003
3003
3001
3001
3000
2998
2997
2997
2997
2996
2996
2996
2995
2995
2995
2993
2992
2992
2991
2991
2989
2988
2986
2985
2985
2980
2979
2978
2977
2977
2976
2971
2970
2969
2968
2968
2968
2967
2967
2967
2966
2966
2966
2965
2965
2963
2963
2962
2961
2961
2961
2959
2958
2958
2956
2953
2952
2951
2951
2951
2951
2949
2947
2944
2940
2939
2938
2937
2937
2936
2936
2936
2936
2934
2933
2932
2930
2930
2929
2928
2928
2927
2926
2925
2925
2925
2923
2921
2921
2921
2920
2918
2917
2916
2915
2915
2915
2914
2913
2910
2908
2906
2904
2903
2903
2903
2902
2901
2897
2896
2896
2894
2893
2890
2890
2888
2887
2885
2885
2883
2881
2881
2879
2878
2878
2877
2875
2875
2873
2872
2871
2869
2869
2867
2867
2865
2864
2862
2862
2861
2860
2860
2859
2859
2858
2858
2858
2856
2855
2855
2852
2852
2850
2848
2847
2845
2844
2842
2838
2837
2837
2836
2836
2836
2834
2834
2834
2833
2832
2832
2831
2830
2830
2829
2828
2826
2824
2822
2819
2819
2818
2816
2816
2815
2815
2814
2809
2809
2809
2808
2808
2808
2806
2806
2804
2802
2802
2801
2799
2798
2797
2797
2797
2796
2792
2791
2791
2790
2789
2787
2787
2785
2785
2784
2784
2783
2781
2781
2779
2778
2778
2777
2775
2773
2772
2772
2772
2770
2770
2769
2769
2766
2765
2764
2763
2762
2761
2761
2760
2760
2759
2758
2757
2756
2756
2755
2753
2750
2749
2749
2749
2748
2746
2745
2744
2742
2741
2741
2741
2741
2740
2739
2739
2737
2737
2736
2734
2732
2732
2732
2729
2729
2727
2727
2726
2725
2725
2724
2722
2721
2721
2720
2720
2718
2714
2713
2713
2712
2711
2711
2711
2711
2711
2710
2710
2710
2709
2708
2707
2705
2705
2702
2701
2699
2698
2696
2695
2694
2693
2693
2693
2692
2692
2692
2692
2692
2690
2688
2687
2687
2686
2686
2683
2683
2682
2681
2681
2681
2681
2680
2678
2677
2676
2675
2675
2674
2673
2669
2668
2667
2665
2664
2663
2663
2660
2660
2659
2658
2658
2656
2655
2655
2655
2654
2653
2651
2650
2649
2649
2648
2647
2646
2646
2645
2644
2644
2641
2640
2640
2640
2639
2638
2638
2637
2636
2635
2635
2634
2633
2632
2630
2628
2628
2627
2626
2626
2625
2625
2624
2619
2619
2618
2618
2618
2616
2616
2615
2615
2614
2614
2614
2614
2612
2612
2611
2610
2610
2610
2610
2610
2609
2608
2606
2606
2605
2605
2604
2604
2602
2601
2600
2599
2598
2598
2598
2597
2595
2595
2595
2594
2594
2594
2594
2591
2590
2588
2587
2587
2586
2586
2581
2581
2581
2580
2577
2577
2575
2571
2570
2569
2568
2567
2567
2566
2566
2565
2565
2564
2563
2563
2562
2562
2560
2559
2559
2558
2557
2557
2556
2555
2555
2553
2553
2553
2551
2551
2550
2546
2545
2544
2544
2542
2542
2540
2539
2539
2538
2538
2538
2535
2534
2533
2532
2532
2532
2532
2530
2528
2528
2527
2525
2525
2525
2525
2524
2524
2524
2520
2520
2520
2514
2514
2514
2513
2511
2510
2510
2510
2510
2508
2506
2505
2505
2503
2503
2502
2501
2500
2499
2496
2495
2495
2494
2494
2494
2492
2492
2492
2491
2489
2487
2485
2482
2481
2481
2480
2476
2473
2472
2472
2472
2469
2468
2468
2467
2467
2466
2466
2465
2464
2462
2461
2460
2460
2459
2457
2457
2455
2455
2452
2450
2449
2449
2447
2447
2446
2445
2445
2445
2444
2444
2444
2443
2442
2439
2439
2437
2435
2433
2433
2432
2431
2430
2429
2428
2426
2425
2423
2423
2420
2420
2419
2418
2418
2418
2415
2414
2414
2411
2410
2409
2409
2408
2408
2408
2407
2407
2406
2405
2405
2404
2402
2400
2400
2397
2397
2396
2396
2396
2395
2395
2395
2394
2393
2392
2392
2390
2389
2388
2388
2387
2387
2386
2386
2385
2385
2385
2384
2382
2381
2379
2379
2377
2375
2375
2375
2375
2375
2373
2373
2372
2371
2369
2369
2369
2368
2367
2367
2366
2366
2365
2362
2362
2362
2361
2361
2361
2361
2360
2359
2358
2357
2356
2356
2353
2352
2351
2351
2351
2347
2347
2346
2346
2345
2344
2343
2342
2342
2340
2339
2339
2338
2337
2337
2336
2336
2334
2334
2332
2332
2331
2330
2329
2327
2327
2327
2326
2325
2324
2324
2324
2324
2324
2322
2320
2319
2315
2315
2315
2313
2313
2312
2309
2307
2307
2307
2305
2304
2304
2303
2301
2301
2300
2299
2297
2296
2296
2295
2295
2294
2293
2291
2291
2289
2288
2288
2288
2285
2282
2281
2281
2280
2277
2275
2274
2274
2273
2273
2270
2268
2267
2267
2266
2265
2264
2263
2261
2259
2258
2255
2254
2252
2252
2250
2249
2248
2244
2244
2243
2243
2243
2242
2241
2241
2240
2239
2236
2236
2236
2236
2234
2234
2234
2233
2233
2232
2232
2231
2231
2230
2229
2229
2228
2227
2226
2226
2226
2225
2225
2223
2222
2222
2220
2217
2217
2217
2216
2216
2215
2211
2210
2209
2207
2207
2205
2205
2203
2203
2202
2202
2201
2199
2197
2196
2196
2194
2193
2192
2190
2189
2187
2187
2185
2184
2184
2182
2180
2180
2179
2178
2178
2175
2175
2174
2173
2173
2172
2172
2171
2171
2170
2168
2168
2167
2165
2164
2164
2162
2162
2161
2160
2156
2156
2155
2154
2154
2153
2153
2153
2152
2152
2151
2151
2149
2149
2147
2147
2147
2147
2144
2144
2144
2139
2137
2136
2134
2134
2134
2134
2132
2131
2125
2124
2124
2123
2123
2123
2123
2123
2123
2122
2119
2119
2118
2118
2117
2117
2117
2116
2116
2116
2115
2114
2113
2113
2112
2111
2111
2111
2110
2109
2109
2108
2108
2106
2106
2105
2104
2103
2103
2100
2099
2099
2097
2096
2095
2095
2095
2093
2091
2091
2089
2089
2088
2086
2086
2086
2083
2083
2080
2079
2077
2076
2075
2074
2074
2067
2066
2065
2063
2062
2062
2062
2061
2061
2060
2060
2059
2059
2058
2057
2056
2056
2054
2053
2053
2053
2052
2051
2051
2051
2050
2047
2044
2038
2038
2038
2038
2038
2037
2036
2035
2035
2034
2033
2033
2032
2032
2031
2031
2031
2026
2025
2023
2023
2020
2020
2020
2020
2020
2019
2017
2017
2016
2016
2015
2013
2013
2012
2011
2011
2011
2010
2010
2009
2009
2009
2008
2005
2004
2002
2002
2000
1999
1998
1998
1998
1998
1997
1997
1996
1994
1994
1992
1989
1986
1985
1985
1985
1985
1984
1983
1982
1982
1981
1980
1979
1978
1978
1977
1976
1976
1975
1975
1975
1973
1972
1972
1970
1970
1970
1970
1969
1969
1969
1968
1968
1967
1966
1966
1965
1965
1965
1965
1964
1963
1963
1961
1961
1960
1960
1959
1957
1957
1955
1952
1952
1951
1950
1950
1950
1949
1947
1947
1946
1944
1943
1941
1939
1939
1939
1939
1938
1937
1936
1936
1936
1935
1935
1934
1934
1932
1932
1931
1931
1931
1929
1929
1928
1926
1925
1925
1925
1924
1924
1924
1924
1923
1922
1922
1920
1919
1919
1918
1917
1916
1914
1913
1912
1912
1911
1910
1910
1909
1909
1908
1908
1908
1906
1904
1903
1903
1902
1901
1901
1900
1900
1899
1898
1897
1895
1894
1894
1893
1892
1891
1889
1889
1889
1888
1888
1888
1887
1886
1886
1883
1881
1880
1876
1876
1874
1873
1872
1872
1871
1870
1870
1869
1869
1868
1867
1866
1866
1865
1861
1860
1860
1851
1851
1849
1849
1848
1848
1846
1845
1840
1839
1839
1838
1837
1836
1836
1834
1834
1833
1833
1831
1830
1830
1830
1828
1827
1827
1821
1821
1821
1820
1819
1818
1818
1816
1816
1815
1814
1814
1813
1812
1810
1809
1809
1808
1808
1806
1800
1799
1798
1794
1794
1793
1793
1792
1791
1790
1790
1789
1789
1789
1788
1786
1786
1786
1785
1785
1785
1785
1785
1783
1782
1782
1780
1777
1777
1777
1775
1774
1774
1772
1772
1772
1771
1771
1769
1769
1769
1768
1767
1766
1764
1764
1763
1763
1763
1761
1761
1759
1758
1757
1755
1755
1750
1750
1748
1748
1745
1745
1745
1744
1743
1738
1738
1738
1737
1736
1735
1733
1733
1732
1732
1731
1730
1727
1726
1726
1725
1723
1719
1718
1717
1717
1715
1714
1712
1712
1711
1710
1710
1710
1710
1709
1708
1708
1707
1707
1706
1706
1705
1704
1704
1702
1702
1701
1699
1698
1696
1693
1690
1690
1689
1689
1687
1687
1687
1686
1683
1683
1682
1682
1678
1678
1678
1675
1675
1673
1673
1672
1672
1671
1671
1670
1669
1668
1668
1665
1664
1663
1663
1661
1661
1660
1659
1658
1658
1658
1657
1656
1654
1651
1650
1650
1650
1650
1649
1648
1648
1645
1643
1643
1642
1641
1638
1638
1636
1636
1636
1635
1633
1633
1633
1632
1631
1631
1631
1630
1629
1629
1627
1623
1622
1622
1622
1622
1620
1619
1619
1619
1618
1617
1616
1615
1614
1613
1613
1612
1611
1611
1610
1607
1607
1606
1605
1605
1604
1604
1603
1601
1599
1598
1596
1596
1596
1594
1592
1592
1592
1592
1588
1585
1585
1584
1584
1584
1582
1582
1582
1581
1580
1579
1578
1578
1576
1576
1576
1575
1574
1573
1572
1571
1571
1570
1569
1567
1567
1566
1566
1565
1564
1564
1564
1559
1557
1556
1555
1553
1552
1552
1550
1548
1547
1547
1546
1545
1544
1544
1542
1538
1537
1536
1536
1536
1533
1532
1531
1530
1529
1529
1528
1528
1527
1526
1525
1524
1521
1521
1520
1520
1520
1517
1516
1516
1515
1514
1513
1512
1512
1511
1508
1508
1506
1505
1505
1505
1504
1503
1503
1499
1499
1498
1497
1497
1497
1496
1496
1495
1494
1494
1493
1493
1493
1493
1492
1492
1492
1492
1492
1490
1489
1489
1488
1488
1488
1487
1486
1486
1485
1484
1483
1482
1482
1481
1480
1479
1476
1475
1474
1474
1473
1473
1473
1472
1471
1470
1468
1467
1467
1466
1464
1463
1463
1460
1459
1459
1457
1456
1456
1456
1454
1450
1449
1448
1447
1447
1446
1446
1445
1445
1445
1445
1445
1444
1444
1444
1440
1439
1438
1438
1438
1436
1433
1432
1430
1430
1429
1427
1426
1425
1422
1421
1421
1417
1417
1416
1416
1414
1413
1413
1413
1412
1412
1411
1410
1409
1407
1405
1404
1402
1400
1400
1398
1397
1395
1394
1394
1393
1393
1390
1390
1390
1388
1388
1386
1385
1385
1385
1380
1378
1374
1374
1374
1373
1372
1372
1371
1369
1369
1367
1366
1363
1363
1362
1361
1360
1359
1359
1358
1358
1357
1356
1356
1356
1355
1355
1355
1353
1353
1353
1353
1353
1353
1352
1352
1352
1351
1347
1346
1346
1345
1345
1344
1344
1344
1343
1342
1341
1339
1337
1335
1335
1335
1334
1333
1330
1327
1325
1325
1324
1324
1324
1323
1321
1320
1319
1319
1318
1318
1317
1315
1314
1314
1313
1312
1311
1310
1308
1307
1306
1302
1302
1302
1301
1301
1300
1299
1298
1298
1298
1297
1297
1296
1296
1294
1293
1293
1292
1291
1291
1290
1287
1287
1286
1285
1285
1284
1284
1283
1283
1282
1282
1280
1279
1277
1276
1276
1276
1276
1275
1275
1274
1274
1274
1274
1272
1271
1267
1266
1265
1265
1264
1263
1263
1262
1262
1261
1261
1258
1256
1256
1256
1256
1254
1253
1253
1253
1251
1250
1250
1250
1249
1248
1248
1246
1245
1244
1243
1242
1242
1241
1241
1240
1237
1236
1234
1233
1233
1233
1233
1233
1232
1232
1230
1230
1230
1226
1225
1223
1223
1223
1223
1220
1219
1219
1216
1216
1212
1210
1210
1210
1209
1209
1208
1207
1206
1206
1205
1204
1203
1203
1203
1200
1200
1199
1198
1196
1195
1194
1194
1194
1193
1191
1191
1191
1189
1187
1186
1186
1185
1184
1184
1183
1183
1180
1179
1175
1174
1172
1171
1171
1170
1169
1165
1165
1162
1161
1160
1158
1157
1156
1156
1155
1153
1151
1149
1147
1147
1146
1144
1143
1143
1143
1142
1141
1141
1140
1139
1135
1134
1132
1132
1131
1131
1127
1127
1125
1124
1123
1121
1115
1114
1113
1113
1113
1112
1109
1108
1106
1106
1103
1102
1101
1100
1097
1096
1095
1093
1092
1092
1091
1090
1089
1088
1088
1086
1085
1084
1084
1082
1081
1081
1080
1078
1077
1075
1075
1074
1074
1074
1073
1072
1071
1071
1071
1071
1070
1069
1068
1068
1068
1064
1064
1064
1063
1061
1060
1060
1059
1059
1058
1058
1057
1057
1057
1057
1056
1054
1054
1053
1052
1051
1051
1049
1049
1048
1048
1047
1046
1045
1045
1043
1042
1041
1041
1041
1040
1038
1036
1035
1035
1034
1034
1034
1032
1032
1032
1032
1031
1031
1030
1029
1028
1028
1028
1027
1026
1026
1024
1024
1023
1022
1021
1021
1019
1018
1017
1017
1016
1015
1013
1012
1010
1010
1007
1005
1004
1003
1002
1001
1001
1000
1000
1000
997
994
993
993
993
993
990
990
990
990
989
989
989
988
987
986
984
984
983
982
981
981
980
978
978
977
975
973
972
972
972
971
971
970
970
969
967
965
965
963
962
960
960
960
960
960
959
959
958
958
958
958
955
955
955
954
954
954
954
953
952
951
951
950
950
948
948
948
947
944
942
942
939
931
930
930
927
925
924
924
922
922
920
918
918
917
917
917
917
915
914
912
912
911
910
909
905
905
904
902
901
901
901
901
900
900
899
898
897
897
897
896
891
889
888
888
887
887
884
884
883
882
882
879
879
877
877
877
876
874
874
873
872
869
868
868
866
865
862
859
859
856
855
852
851
850
850
848
848
848
844
844
842
839
838
835
834
832
832
831
830
828
827
825
824
823
823
822
820
820
819
818
817
816
813
813
813
811
811
810
809
809
808
807
806
806
805
802
801
801
800
800
798
797
796
795
794
793
792
791
790
789
789
788
785
784
784
784
783
782
782
781
778
778
777
777
774
774
772
771
770
770
768
768
767
766
763
763
762
762
761
760
758
757
757
756
755
754
754
753
749
748
745
745
744
742
741
741
740
739
737
735
734
734
734
733
732
732
731
729
727
726
725
725
723
722
721
717
717
715
713
711
710
710
709
708
708
707
707
704
703
701
700
700
699
696
694
694
694
692
690
687
686
685
682
682
682
681
680
680
680
678
677
676
674
674
673
672
671
669
668
668
667
666
664
664
663
662
661
661
661
659
658
656
654
653
651
649
649
649
648
647
646
645
645
645
644
643
642
641
640
637
635
631
629
628
627
626
623
623
623
622
617
616
616
615
614
612
612
611
610
607
606
605
605
605
604
601
601
600
598
598
597
597
597
596
595
593
592
592
590
586
585
583
582
581
580
579
578
577
576
575
575
573
572
571
570
569
568
567
566
565
565
563
563
561
560
560
559
557
556
556
556
555
555
554
553
549
549
548
545
544
543
540
537
537
537
536
536
534
534
533
532
531
530
529
527
526
526
526
526
525
525
522
521
521
520
518
516
516
515
514
514
512
510
510
507
507
504
504
503
500
498
498
498
496
494
494
493
492
492
492
492
491
491
491
490
489
488
486
485
485
484
483
482
481
480
478
478
474
474
472
472
472
471
470
470
470
470
467
465
465
464
463
462
458
457
456
456
454
454
453
453
452
452
451
450
449
449
448
446
446
445
444
442
442
441
441
440
439
439
438
438
438
436
435
430
430
426
422
419
418
418
415
413
412
412
412
411
411
409
408
408
407
407
406
406
405
405
405
404
404
404
403
403
402
401
400
398
395
394
394
393
393
391
391
391
391
391
388
386
385
385
385
383
380
379
378
378
377
377
377
376
375
371
371
370
367
366
366
366
365
363
362
362
362
362
361
360
357
357
356
354
350
348
347
347
346
345
344
343
342
342
341
341
339
339
337
337
336
336
335
334
327
326
323
322
322
320
319
319
313
312
312
310
309
309
308
307
306
304
303
302
302
301
297
296
296
296
295
294
293
291
291
289
288
287
285
282
281
281
280
279
276
274
273
270
269
269
269
268
267
267
265
265
264
264
263
263
261
259
259
258
256
256
256
254
252
252
251
248
247
244
244
243
241
241
240
239
237
237
235
235
234
232
232
230
229
228
228
228
226
226
225
225
224
223
222
222
220
220
219
219
219
217
215
215
213
212
212
211
210
210
210
209
208
207
203
202
201
199
198
198
198
198
196
196
196
194
194
192
192
192
189
189
188
187
187
187
186
185
184
183
182
182
181
180
180
179
179
177
177
176
176
175
174
172
172
172
170
170
170
168
166
166
166
164
163
161
160
159
158
158
157
156
156
156
154
154
152
149
148
148
147
146
146
145
144
143
142
142
141
141
139
137
137
134
131
130
129
129
129
129
128
127
126
124
124
123
122
121
120
119
118
118
117
116
115
115
115
114
114
113
113
113
111
109
108
108
107
107
106
106
106
106
105
104
104
103
101
101
99
98
97
97
96
96
95
93
93
88
88
85
85
84
83
82
81
81
81
81
81
81
81
80
80
78
78
78
78
77
76
76
75
74
74
71
69
69
67
66
66
66
65
63
63
61
59
57
57
56
56
54
54
54
53
51
50
49
48
48
47
47
47
46
46
46
44
42
41
41
40
39
38
37
36
30
30
28
28
26
23
22
22
21
20
20
19
17
16
15
15
14
13
9
7
6
4
3
3
2
1
1
1
0
0
0
