9998
9998
9998
9997
9992
9992
9987
9987
9986
9985
9980
9977
9975
9974
9974
9973
9973
9970
9970
9969
9968
9968
9966
9965
9965
9963
9963
9963
9960
9959
9958
9953
9952
9952
9949
9945
9944
9944
9943
9943
9941
9941
9941
9940
9940
9939
9937
9936
9935
9934
9933
9932
9932
9931
9930
9930
9930
9929
9928
9928
9924
9924
9923
9922
9922
9921
9920
9920
9920
9919
9918
9917
9916
9916
9914
9914
9914
9914
9913
9910
9910
9910
9908
9907
9903
9903
9902
9902
9901
9901
9899
9899
9898
9893
9890
9890
9889
9888
9886
9886
9885
9881
9880
9880
9879
9879
9875
9874
9873
9871
9870
9869
9867
9866
9863
9863
9862
9861
9860
9858
9858
9857
9855
9854
9853
9851
9851
9851
9850
9850
9849
9849
9848
9847
9846
9845
9845
9845
9845
9844
9844
9843
9843
9841
9840
9838
9837
9835
9834
9834
9833
9831
9831
9831
9831
9830
9828
9826
9825
9825
9824
9819
9816
9816
9815
9814
9813
9813
9813
9813
9813
9813
9812
9811
9811
9810
9810
9809
9807
9806
9806
9806
9803
9800
9799
9797
9795
9795
9793
9793
9792
9792
9792
9791
9791
9790
9790
9789
9789
9787
9784
9783
9781
9780
9780
9778
9777
9776
9776
9775
9774
9774
9770
9769
9768
9767
9765
9765
9763
9761
9760
9759
9759
9758
9758
9756
9753
9752
9751
9750
9750
9748
9747
9746
9745
9743
9742
9742
9741
9741
9738
9737
9736
9733
9733
9729
9729
9728
9726
9724
9723
9723
9719
9717
9716
9716
9713
9712
9710
9709
9708
9706
9706
9706
9705
9705
9704
9703
9703
9702
9702
9702
9698
9697
9696
9696
9695
9693
9692
9688
9688
9687
9686
9684
9682
9682
9680
9680
9678
9675
9674
9674
9672
9671
9670
9669
9666
9665
9664
9663
9663
9662
9661
9659
9658
9657
9655
9654
9653
9650
9650
9650
9649
9647
9647
9647
9645
9644
9644
9642
9641
9641
9641
9638
9637
9637
9636
9636
9636
9636
9635
9633
9632
9632
9632
9627
9627
9624
9623
9623
9622
9622
9621
9618
9617
9616
9615
9614
9613
9612
9611
9611
9610
9610
9610
9610
9606
9604
9603
9601
9599
9598
9597
9595
9595
9592
9590
9590
9589
9589
9589
9588
9588
9587
9587
9585
9585
9584
9583
9583
9582
9581
9581
9581
9579
9579
9576
9575
9574
9574
9573
9573
9572
9571
9571
9571
9570
9570
9568
9566
9565
9564
9564
9563
9562
9562
9561
9560
9560
9559
9557
9556
9555
9555
9554
9553
9552
9550
9548
9548
9547
9547
9547
9546
9545
9544
9543
9543
9543
9542
9540
9540
9539
9539
9538
9538
9538
9537
9535
9535
9534
9533
9533
9531
9531
9531
9531
9526
9524
9524
9523
9522
9520
9520
9519
9518
9518
9517
9517
9517
9516
9515
9515
9514
9513
9513
9510
9507
9507
9507
9506
9505
9503
9503
9503
9502
9500
9500
9499
9497
9495
9494
9492
9491
9491
9491
9487
9486
9486
9485
9485
9485
9481
9481
9481
9480
9479
9475
9474
9474
9473
9472
9472
9470
9469
9468
9467
9467
9467
9466
9466
9466
9466
9465
9464
9463
9462
9457
9456
9455
9454
9454
9452
9452
9451
9450
9449
9449
9447
9446
9445
9445
9444
9443
9440
9439
9438
9437
9436
9430
9430
9429
9426
9425
9424
9421
9421
9421
9420
9419
9417
9416
9416
9416
9414
9414
9414
9413
9412
9412
9412
9411
9411
9408
9408
9406
9406
9406
9404
9403
9403
9403
9400
9399
9397
9396
9396
9396
9396
9395
9393
9392
9392
9389
9388
9387
9387
9385
9385
9383
9383
9383
9381
9381
9381
9380
9380
9379
9378
9378
9377
9376
9375
9374
9373
9373
9373
9371
9369
9366
9365
9363
9363
9362
9360
9359
9358
9358
9357
9357
9355
9355
9355
9353
9353
9351
9351
9350
9350
9350
9349
9349
9348
9347
9346
9346
9346
9346
9345
9344
9344
9343
9342
9342
9342
9341
9340
9339
9339
9338
9337
9337
9335
9335
9333
9333
9331
9331
9330
9330
9330
9329
9329
9328
9327
9325
9324
9321
9320
9314
9313
9312
9311
9311
9310
9309
9308
9308
9307
9305
9305
9303
9302
9301
9300
9300
9299
9299
9298
9297
9295
9294
9294
9294
9290
9288
9288
9287
9287
9286
9286
9282
9280
9280
9280
9278
9276
9274
9273
9273
9273
9271
9270
9269
9268
9268
9267
9266
9264
9264
9264
9264
9261
9260
9258
9258
9258
9258
9257
9256
9255
9253
9252
9252
9250
9250
9249
9249
9249
9246
9246
9245
9244
9243
9243
9242
9241
9240
9239
9238
9238
9238
9238
9236
9235
9235
9234
9233
9232
9232
9229
9226
9225
9225
9225
9225
9224
9223
9222
9222
9218
9216
9216
9215
9214
9212
9211
9210
9209
9208
9208
9207
9205
9205
9204
9204
9204
9204
9203
9202
9202
9201
9201
9200
9200
9199
9197
9197
9197
9194
9193
9192
9190
9190
9189
9189
9189
9188
9187
9185
9183
9183
9183
9182
9180
9179
9178
9177
9175
9174
9170
9170
9170
9170
9170
9168
9167
9167
9166
9165
9165
9164
9164
9164
9164
9164
9163
9162
9161
9161
9158
9157
9157
9156
9155
9153
9152
9151
9150
9149
9149
9148
9147
9147
9146
9145
9145
9144
9144
9144
9143
9141
9141
9140
9139
9138
9137
9136
9136
9135
9134
9133
9131
9130
9129
9129
9127
9124
9124
9123
9121
9119
9117
9116
9114
9114
9114
9114
9110
9110
9109
9109
9108
9108
9107
9107
9107
9106
9105
9103
9102
9101
9099
9099
9098
9098
9094
9092
9092
9091
9091
9091
9091
9091
9089
9088
9087
9085
9085
9085
9084
9084
9083
9083
9080
9079
9079
9078
9078
9078
9078
9074
9073
9073
9073
9071
9071
9070
9068
9067
9065
9064
9061
9060
9060
9060
9059
9058
9057
9055
9055
9054
9053
9050
9049
9048
9048
9048
9048
9048
9046
9044
9041
9041
9040
9040
9037
9036
9036
9036
9035
9035
9034
9034
9033
9032
9031
9031
9031
9030
9030
9029
9027
9027
9027
9026
9026
9026
9026
9026
9024
9024
9023
9021
9021
9020
9020
9019
9019
9019
9018
9018
9016
9016
9015
9015
9014
9014
9010
9008
9007
9006
9004
9004
9001
9001
9000
8998
8998
8996
8996
8994
8993
8993
8992
8989
8989
8988
8988
8986
8986
8986
8985
8985
8984
8983
8981
8981
8980
8980
8980
8980
8980
8979
8976
8975
8974
8972
8972
8970
8970
8969
8969
8966
8965
8963
8962
8960
8959
8958
8958
8956
8956
8955
8955
8954
8954
8952
8952
8951
8950
8948
8948
8947
8946
8945
8944
8943
8938
8937
8936
8936
8935
8935
8934
8932
8930
8929
8929
8929
8929
8926
8925
8924
8923
8921
8921
8920
8920
8920
8919
8919
8918
8917
8915
8915
8914
8913
8912
8911
8909
8909
8909
8908
8908
8908
8908
8908
8907
8907
8906
8905
8904
8903
8903
8902
8901
8900
8900
8900
8897
8897
8895
8894
8893
8892
8891
8891
8891
8891
8888
8888
8887
8887
8883
8882
8882
8882
8881
8878
8878
8878
8878
8877
8876
8875
8870
8870
8870
8868
8867
8867
8867
8867
8865
8865
8864
8864
8863
8863
8863
8861
8859
8858
8852
8852
8852
8851
8848
8846
8846
8845
8844
8844
8844
8842
8842
8841
8840
8840
8839
8839
8838
8838
8834
8833
8831
8830
8829
8829
8828
8828
8827
8826
8824
8824
8824
8820
8818
8818
8817
8815
8814
8812
8811
8811
8811
8810
8810
8810
8809
8809
8809
8809
8809
8807
8807
8806
8806
8804
8804
8803
8801
8801
8800
8798
8798
8797
8795
8795
8794
8793
8793
8793
8792
8789
8788
8788
8786
8784
8782
8781
8781
8779
8777
8777
8776
8776
8775
8774
8772
8770
8769
8768
8768
8768
8768
8767
8767
8766
8765
8765
8765
8763
8763
8763
8761
8760
8760
8759
8757
8755
8754
8754
8753
8751
8751
8750
8749
8749
8745
8742
8740
8740
8739
8738
8737
8736
8735
8735
8732
8731
8731
8730
8730
8730
8729
8729
8729
8726
8725
8725
8725
8724
8721
8718
8716
8715
8715
8714
8714
8713
8713
8713
8712
8712
8710
8709
8707
8707
8706
8706
8704
8704
8704
8703
8703
8702
8702
8701
8701
8699
8698
8696
8696
8694
8694
8694
8693
8693
8691
8691
8690
8689
8689
8689
8689
8688
8687
8687
8686
8686
8686
8686
8685
8685
8684
8682
8681
8680
8679
8678
8678
8678
8676
8675
8672
8672
8672
8670
8668
8668
8667
8667
8667
8666
8665
8664
8663
8663
8663
8662
8661
8661
8661
8656
8656
8655
8654
8653
8653
8651
8649
8647
8645
8644
8643
8643
8643
8641
8639
8637
8636
8635
8635
8634
8634
8634
8633
8632
8632
8631
8628
8627
8626
8626
8625
8624
8624
8624
8622
8621
8619
8618
8617
8617
8613
8613
8612
8612
8608
8607
8607
8607
8607
8606
8605
8603
8602
8602
8600
8596
8595
8593
8593
8592
8591
8589
8587
8586
8586
8583
8581
8580
8579
8579
8578
8577
8576
8575
8573
8573
8571
8571
8569
8567
8567
8566
8565
8564
8563
8560
8560
8559
8559
8558
8558
8557
8556
8556
8555
8555
8555
8554
8553
8551
8549
8548
8548
8548
8547
8546
8544
8543
8542
8541
8539
8539
8538
8538
8537
8537
8537
8535
8531
8529
8529
8529
8528
8526
8526
8525
8524
8523
8522
8520
8519
8517
8517
8516
8515
8515
8515
8515
8515
8514
8513
8513
8513
8512
8512
8511
8509
8506
8504
8503
8501
8500
8497
8496
8495
8494
8493
8493
8492
8491
8490
8489
8487
8484
8483
8477
8474
8470
8470
8469
8468
8468
8466
8466
8464
8462
8461
8459
8459
8458
8458
8458
8457
8457
8457
8455
8454
8453
8453
8452
8452
8452
8451
8450
8450
8449
8447
8447
8447
8445
8445
8445
8444
8444
8443
8442
8441
8440
8440
8438
8438
8436
8436
8433
8432
8431
8428
8427
8425
8425
8421
8420
8420
8420
8419
8417
8416
8416
8415
8413
8413
8412
8411
8411
8411
8411
8410
8406
8405
8404
8403
8403
8402
8401
8401
8400
8400
8399
8398
8397
8396
8396
8396
8395
8395
8395
8394
8394
8394
8393
8390
8390
8390
8389
8387
8385
8383
8383
8383
8382
8381
8378
8377
8376
8374
8373
8373
8373
8373
8372
8371
8367
8367
8366
8366
8365
8365
8364
8360
8359
8358
8358
8358
8354
8353
8353
8351
8351
8348
8348
8346
8344
8343
8342
8342
8337
8337
8337
8335
8335
8332
8329
8323
8323
8321
8321
8320
8320
8319
8317
8314
8313
8313
8310
8310
8309
8308
8307
8306
8306
8303
8302
8302
8301
8300
8300
8298
8297
8296
8295
8295
8294
8292
8290
8288
8284
8283
8283
8282
8282
8282
8281
8278
8278
8276
8275
8275
8275
8274
8274
8272
8271
8271
8269
8267
8267
8266
8265
8264
8264
8263
8261
8260
8258
8257
8256
8254
8253
8251
8248
8248
8248
8248
8247
8247
8246
8246
8244
8243
8242
8240
8239
8239
8237
8235
8235
8234
8234
8233
8233
8233
8233
8232
8230
8229
8228
8228
8227
8227
8226
8226
8226
8226
8225
8224
8223
8222
8221
8218
8217
8215
8215
8213
8212
8212
8212
8211
8211
8210
8209
8209
8208
8207
8207
8206
8206
8205
8202
8201
8201
8198
8197
8193
8189
8188
8187
8187
8185
8183
8182
8179
8178
8177
8176
8175
8174
8173
8172
8171
8170
8169
8167
8166
8166
8166
8164
8164
8162
8162
8161
8159
8157
8156
8155
8154
8154
8152
8152
8151
8150
8148
8146
8145
8144
8144
8144
8144
8144
8142
8141
8140
8139
8137
8137
8137
8137
8134
8134
8133
8131
8131
8131
8130
8129
8129
8128
8128
8127
8126
8124
8124
8124
8123
8123
8121
8120
8120
8119
8116
8116
8116
8114
8114
8110
8110
8109
8108
8108
8103
8102
8101
8100
8097
8097
8093
8092
8092
8092
8088
8088
8086
8085
8085
8082
8080
8076
8075
8075
8073
8072
8072
8070
8070
8070
8069
8069
8068
8067
8064
8064
8062
8061
8060
8059
8058
8058
8058
8057
8056
8056
8056
8053
8053
8052
8052
8051
8050
8050
8049
8048
8047
8046
8045
8045
8045
8045
8044
8042
8040
8039
8037
8034
8033
8033
8032
8031
8030
8029
8028
8027
8025
8024
8023
8023
8022
8022
8021
8017
8016
8013
8013
8011
8010
8010
8009
8008
8007
8007
8007
8006
8006
8005
8005
8005
8004
8004
8003
8003
8003
8002
8001
8000
7999
7997
7997
7996
7995
7994
7993
7993
7992
7991
7989
7988
7987
7985
7984
7984
7984
7984
7983
7983
7982
7981
7980
7980
7979
7978
7978
7977
7973
7973
7970
7968
7968
7967
7967
7966
7966
7964
7963
7962
7962
7961
7960
7959
7959
7958
7958
7958
7957
7955
7954
7953
7952
7951
7951
7950
7948
7947
7947
7947
7944
7941
7940
7939
7938
7938
7936
7935
7934
7934
7934
7934
7932
7932
7931
7931
7931
7931
7930
7929
7928
7927
7927
7927
7927
7926
7926
7925
7924
7923
7923
7922
7921
7921
7921
7920
7919
7918
7918
7918
7917
7916
7916
7916
7915
7915
7913
7911
7911
7910
7909
7908
7906
7906
7905
7905
7905
7905
7905
7899
7899
7898
7897
7897
7896
7896
7895
7894
7892
7892
7891
7891
7890
7889
7889
7889
7885
7885
7885
7885
7883
7883
7881
7880
7880
7879
7879
7877
7876
7874
7872
7872
7872
7871
7871
7870
7869
7868
7868
7866
7866
7863
7863
7863
7861
7860
7860
7857
7856
7852
7848
7848
7847
7845
7845
7844
7841
7841
7840
7838
7837
7835
7831
7830
7829
7829
7828
7828
7825
7824
7822
7817
7816
7815
7814
7813
7812
7811
7811
7810
7809
7809
7806
7804
7802
7801
7801
7800
7797
7795
7794
7793
7791
7790
7789
7789
7788
7788
7787
7787
7785
7783
7783
7783
7782
7781
7781
7780
7780
7780
7779
7779
7777
7776
7776
7774
7771
7770
7769
7767
7767
7766
7765
7764
7764
7762
7760
7760
7760
7757
7757
7756
7756
7754
7752
7751
7750
7750
7748
7748
7748
7747
7746
7744
7743
7740
7738
7737
7736
7736
7735
7735
7734
7729
7729
7729
7728
7726
7725
7724
7721
7721
7720
7719
7718
7718
7717
7717
7717
7716
7716
7716
7716
7714
7713
7710
7708
7708
7707
7707
7707
7706
7706
7705
7705
7704
7704
7704
7703
7702
7701
7701
7699
7699
7699
7697
7697
7697
7697
7696
7695
7688
7687
7686
7686
7685
7685
7683
7682
7682
7681
7681
7681
7679
7676
7672
7671
7671
7671
7669
7669
7669
7667
7667
7666
7665
7662
7661
7661
7660
7660
7659
7659
7658
7658
7658
7657
7657
7656
7652
7651
7648
7647
7646
7646
7645
7645
7644
7641
7640
7639
7639
7638
7637
7637
7636
7635
7635
7635
7635
7635
7633
7633
7631
7630
7629
7628
7628
7626
7626
7625
7624
7623
7622
7622
7621
7621
7621
7620
7619
7618
7616
7616
7615
7615
7615
7614
7614
7614
7612
7609
7609
7609
7607
7606
7605
7605
7602
7600
7597
7594
7593
7592
7592
7591
7591
7591
7589
7587
7586
7585
7585
7585
7585
7582
7580
7580
7580
7578
7577
7576
7574
7574
7572
7572
7571
7571
7568
7568
7566
7566
7563
7562
7561
7560
7560
7560
7557
7556
7556
7555
7555
7555
7553
7552
7551
7551
7551
7548
7547
7546
7546
7546
7543
7542
7541
7541
7540
7539
7537
7536
7534
7532
7530
7529
7527
7527
7525
7524
7523
7522
7520
7519
7518
7518
7517
7517
7517
7516
7516
7516
7516
7516
7514
7513
7512
7512
7511
7510
7509
7509
7508
7507
7505
7503
7501
7500
7497
7497
7496
7495
7495
7494
7493
7492
7492
7492
7492
7491
7491
7488
7488
7488
7486
7480
7479
7476
7476
7476
7475
7475
7474
7472
7472
7470
7469
7468
7467
7465
7465
7465
7462
7460
7460
7459
7459
7458
7455
7455
7455
7454
7451
7451
7451
7451
7450
7450
7450
7449
7448
7447
7446
7445
7442
7442
7441
7440
7440
7438
7438
7436
7436
7436
7435
7434
7429
7426
7426
7426
7425
7425
7424
7424
7423
7419
7418
7418
7418
7417
7415
7414
7414
7413
7413
7412
7411
7411
7408
7407
7406
7406
7402
7401
7401
7400
7398
7394
7394
7394
7393
7392
7388
7387
7387
7385
7384
7384
7384
7384
7383
7380
7378
7376
7375
7372
7372
7372
7371
7371
7370
7369
7368
7368
7367
7367
7366
7366
7364
7364
7363
7361
7359
7359
7358
7357
7355
7353
7353
7353
7352
7349
7347
7347
7347
7346
7345
7342
7337
7333
7332
7332
7332
7331
7331
7330
7330
7328
7328
7327
7327
7326
7325
7321
7319
7318
7317
7316
7315
7314
7311
7310
7309
7308
7307
7307
7304
7303
7303
7302
7302
7301
7301
7300
7298
7295
7294
7294
7289
7288
7288
7287
7285
7285
7285
7285
7284
7284
7283
7282
7282
7281
7280
7279
7276
7276
7272
7272
7271
7271
7269
7269
7268
7268
7268
7267
7267
7267
7266
7265
7264
7264
7263
7261
7258
7257
7254
7253
7252
7252
7251
7250
7249
7247
7243
7241
7241
7241
7241
7240
7235
7234
7232
7232
7231
7230
7230
7229
7229
7227
7226
7224
7221
7220
7220
7219
7219
7219
7217
7217
7217
7217
7216
7215
7214
7214
7213
7211
7211
7211
7210
7210
7208
7203
7202
7202
7201
7201
7199
7195
7195
7195
7195
7193
7192
7188
7188
7185
7184
7184
7183
7181
7180
7179
7178
7178
7176
7175
7174
7174
7174
7173
7168
7168
7168
7167
7166
7166
7162
7161
7160
7160
7159
7159
7159
7158
7156
7156
7155
7155
7152
7151
7150
7148
7148
7147
7147
7147
7146
7145
7144
7143
7141
7139
7138
7136
7135
7134
7134
7134
7134
7134
7134
7133
7133
7133
7133
7132
7132
7127
7127
7126
7122
7122
7121
7121
7121
7119
7119
7118
7117
7112
7112
7112
7110
7109
7109
7109
7108
7106
7103
7103
7102
7102
7102
7096
7096
7094
7094
7093
7093
7090
7089
7088
7087
7087
7087
7087
7086
7086
7085
7084
7084
7081
7080
7080
7079
7076
7075
7075
7074
7074
7073
7073
7071
7071
7070
7070
7069
7067
7067
7066
7066
7065
7063
7062
7060
7060
7059
7059
7057
7056
7055
7055
7055
7055
7050
7050
7050
7049
7047
7046
7043
7043
7042
7041
7041
7040
7040
7039
7037
7034
7032
7030
7029
7027
7026
7025
7024
7023
7022
7021
7020
7020
7019
7016
7016
7015
7015
7014
7014
7012
7012
7011
7010
7010
7009
7008
7005
7003
7003
7002
7002
6999
6997
6996
6996
6996
6995
6995
6995
6991
6991
6989
6989
6988
6986
6986
6985
6985
6984
6984
6984
6984
6982
6979
6978
6978
6977
6976
6975
6975
6974
6973
6971
6969
6969
6968
6965
6965
6965
6964
6964
6963
6963
6961
6961
6961
6959
6957
6957
6957
6955
6953
6951
6951
6950
6950
6948
6948
6947
6946
6946
6945
6945
6944
6943
6943
6942
6940
6939
6938
6937
6937
6936
6934
6933
6932
6932
6932
6932
6931
6930
6929
6928
6927
6927
6925
6925
6923
6922
6921
6920
6917
6917
6916
6913
6913
6913
6911
6911
6910
6909
6907
6905
6904
6904
6904
6904
6903
6903
6902
6901
6901
6900
6899
6899
6898
6898
6897
6894
6891
6891
6890
6890
6890
6889
6889
6889
6887
6885
6885
6880
6877
6877
6875
6874
6874
6872
6871
6870
6868
6868
6867
6866
6866
6866
6866
6864
6863
6862
6861
6861
6859
6859
6858
6856
6856
6854
6854
6854
6852
6852
6852
6850
6849
6849
6847
6847
6847
6846
6846
6846
6844
6844
6840
6840
6839
6838
6837
6834
6834
6833
6833
6829
6829
6828
6827
6827
6825
6824
6823
6822
6821
6819
6819
6819
6819
6818
6817
6815
6812
6812
6808
6808
6807
6806
6805
6804
6802
6801
6800
6800
6800
6800
6796
6796
6795
6795
6794
6794
6793
6793
6793
6789
6789
6786
6785
6784
6784
6784
6783
6782
6782
6782
6781
6781
6780
6779
6778
6777
6776
6776
6775
6773
6772
6772
6770
6769
6768
6768
6766
6765
6763
6763
6763
6762
6760
6760
6759
6757
6756
6756
6755
6755
6753
6753
6753
6753
6752
6747
6747
6747
6745
6745
6744
6743
6741
6740
6739
6738
6738
6737
6737
6736
6734
6734
6733
6733
6733
6732
6731
6731
6731
6730
6730
6729
6729
6729
6725
6725
6723
6722
6722
6722
6720
6719
6718
6718
6718
6717
6716
6715
6715
6714
6713
6712
6711
6711
6711
6708
6707
6704
6703
6703
6698
6697
6695
6693
6692
6692
6691
6690
6689
6689
6688
6687
6684
6684
6683
6680
6679
6678
6677
6675
6675
6674
6673
6671
6670
6667
6667
6665
6664
6663
6663
6662
6662
6662
6661
6660
6658
6658
6658
6656
6654
6653
6652
6651
6648
6648
6646
6645
6645
6643
6643
6642
6642
6641
6641
6640
6640
6640
6637
6635
6635
6634
6634
6634
6634
6633
6631
6628
6627
6627
6626
6625
6624
6623
6621
6621
6619
6619
6618
6617
6617
6616
6613
6612
6610
6609
6609
6607
6606
6603
6602
6600
6600
6600
6599
6598
6598
6596
6594
6593
6592
6592
6590
6590
6589
6589
6588
6587
6587
6586
6582
6582
6581
6581
6581
6581
6580
6580
6578
6577
6576
6575
6574
6573
6572
6572
6570
6569
6568
6568
6568
6567
6567
6566
6565
6565
6565
6562
6562
6561
6559
6557
6556
6555
6554
6552
6550
6550
6549
6548
6546
6546
6546
6545
6545
6543
6542
6542
6542
6541
6541
6541
6539
6537
6536
6536
6535
6534
6533
6531
6529
6526
6523
6523
6521
6521
6516
6515
6514
6514
6514
6513
6512
6512
6509
6509
6509
6508
6507
6505
6505
6504
6504
6503
6502
6502
6501
6501
6497
6495
6493
6492
6492
6491
6489
6487
6487
6485
6484
6483
6483
6482
6482
6480
6480
6478
6476
6476
6475
6474
6473
6471
6471
6469
6466
6464
6464
6463
6462
6462
6461
6461
6460
6459
6458
6456
6455
6454
6454
6451
6451
6451
6449
6447
6447
6446
6446
6445
6445
6445
6444
6444
6444
6441
6441
6439
6438
6436
6436
6435
6435
6434
6432
6432
6430
6427
6427
6427
6424
6422
6421
6421
6420
6420
6419
6419
6417
6416
6415
6413
6411
6411
6410
6410
6409
6409
6408
6406
6406
6405
6398
6396
6394
6394
6393
6392
6388
6387
6385
6384
6383
6382
6381
6381
6381
6380
6380
6380
6379
6378
6377
6377
6377
6376
6375
6373
6370
6369
6368
6367
6365
6365
6360
6359
6359
6358
6357
6356
6356
6355
6355
6354
6354
6353
6353
6353
6352
6352
6351
6350
6349
6348
6348
6348
6347
6346
6342
6341
6341
6340
6340
6337
6334
6332
6331
6330
6329
6325
6321
6321
6320
6319
6319
6317
6314
6313
6312
6312
6312
6312
6312
6311
6311
6310
6310
6308
6308
6307
6307
6306
6306
6306
6305
6302
6298
6295
6294
6293
6293
6293
6292
6292
6291
6291
6290
6289
6289
6289
6288
6288
6284
6283
6282
6282
6279
6276
6276
6276
6276
6274
6274
6274
6273
6272
6272
6272
6271
6271
6270
6267
6266
6266
6266
6265
6264
6263
6262
6262
6261
6261
6261
6261
6260
6259
6259
6258
6257
6254
6253
6253
6251
6250
6249
6249
6248
6248
6246
6246
6244
6240
6240
6239
6238
6234
6232
6231
6230
6228
6228
6226
6225
6225
6225
6224
6223
6222
6221
6216
6216
6215
6215
6214
6213
6213
6212
6211
6209
6209
6209
6209
6208
6208
6206
6206
6204
6204
6202
6200
6199
6199
6197
6197
6197
6197
6196
6193
6192
6191
6189
6187
6185
6185
6184
6182
6179
6178
6178
6177
6177
6177
6175
6173
6173
6171
6171
6171
6168
6167
6166
6166
6166
6165
6164
6163
6163
6162
6162
6161
6161
6158
6158
6156
6156
6156
6153
6153
6153
6152
6152
6151
6151
6149
6148
6147
6147
6146
6146
6144
6143
6142
6142
6141
6141
6140
6139
6138
6138
6135
6135
6133
6132
6132
6131
6131
6131
6130
6129
6128
6128
6125
6125
6121
6120
6119
6119
6117
6116
6114
6113
6113
6112
6111
6111
6109
6108
6108
6107
6107
6107
6106
6106
6104
6104
6103
6101
6098
6098
6098
6096
6095
6093
6093
6092
6092
6092
6088
6087
6083
6082
6078
6078
6076
6074
6073
6072
6071
6069
6069
6067
6067
6063
6063
6063
6062
6062
6061
6058
6053
6052
6052
6052
6051
6051
6048
6048
6046
6045
6045
6044
6043
6042
6041
6039
6036
6035
6034
6034
6032
6032
6031
6031
6030
6029
6029
6029
6027
6027
6027
6024
6024
6023
6022
6022
6022
6021
6019
6019
6019
6018
6018
6018
6018
6017
6016
6016
6016
6016
6016
6014
6014
6014
6013
6013
6013
6012
6012
6009
6008
6008
6008
6007
6005
6004
6003
6000
6000
6000
5999
5997
5995
5995
5994
5989
5989
5989
5987
5987
5986
5985
5984
5984
5984
5984
5981
5979
5978
5977
5977
5975
5975
5973
5972
5971
5971
5970
5970
5967
5966
5962
5961
5960
5960
5960
5958
5958
5958
5957
5957
5957
5954
5953
5953
5952
5950
5950
5945
5945
5945
5941
5941
5941
5941
5939
5938
5937
5937
5935
5934
5934
5934
5932
5932
5930
5930
5930
5928
5927
5926
5925
5924
5924
5922
5920
5920
5918
5918
5914
5914
5914
5912
5910
5910
5907
5906
5906
5905
5903
5903
5901
5899
5898
5898
5896
5895
5895
5892
5891
5890
5889
5887
5887
5882
5881
5878
5877
5877
5877
5875
5874
5874
5873
5873
5872
5871
5871
5870
5870
5869
5865
5865
5865
5864
5863
5860
5859
5858
5854
5850
5849
5849
5849
5849
5849
5847
5847
5845
5845
5844
5842
5841
5840
5839
5836
5836
5835
5833
5832
5832
5831
5830
5829
5825
5824
5824
5823
5820
5820
5816
5815
5814
5814
5813
5812
5812
5811
5811
5809
5808
5806
5805
5803
5802
5801
5801
5798
5797
5795
5793
5791
5789
5788
5784
5783
5783
5782
5782
5781
5780
5780
5780
5779
5777
5777
5777
5776
5776
5776
5774
5773
5773
5773
5772
5768
5767
5766
5766
5765
5764
5760
5758
5758
5757
5757
5755
5753
5752
5752
5751
5751
5750
5749
5749
5749
5749
5747
5746
5746
5745
5742
5740
5740
5738
5737
5736
5735
5733
5733
5731
5731
5730
5727
5726
5726
5724
5724
5723
5723
5721
5721
5721
5720
5718
5716
5715
5714
5714
5713
5712
5711
5711
5710
5710
5709
5708
5708
5705
5704
5704
5704
5703
5702
5701
5701
5701
5701
5700
5698
5698
5698
5698
5698
5697
5695
5695
5695
5693
5690
5689
5688
5688
5686
5686
5684
5684
5683
5683
5682
5682
5679
5678
5678
5676
5675
5674
5673
5671
5669
5668
5668
5668
5665
5664
5662
5662
5662
5661
5661
5660
5659
5657
5655
5655
5653
5653
5651
5651
5650
5650
5650
5649
5649
5649
5648
5645
5645
5645
5643
5641
5640
5638
5637
5637
5633
5632
5630
5630
5629
5628
5623
5619
5618
5617
5616
5615
5615
5614
5613
5612
5612
5611
5611
5610
5606
5605
5603
5602
5601
5601
5600
5600
5600
5599
5598
5598
5597
5595
5594
5593
5593
5592
5591
5590
5589
5587
5586
5585
5585
5584
5583
5583
5582
5582
5580
5580
5580
5579
5579
5577
5577
5570
5570
5569
5568
5568
5568
5566
5565
5564
5564
5564
5563
5562
5561
5559
5559
5559
5559
5559
5558
5557
5557
5556
5555
5555
5554
5554
5551
5551
5550
5550
5549
5547
5547
5545
5544
5544
5543
5542
5539
5538
5538
5534
5533
5532
5531
5531
5531
5531
5530
5529
5528
5527
5526
5526
5524
5523
5523
5522
5521
5521
5521
5521
5520
5519
5519
5519
5518
5517
5517
5515
5513
5512
5510
5509
5508
5507
5504
5503
5503
5502
5502
5501
5500
5499
5499
5492
5492
5490
5490
5489
5488
5487
5484
5483
5483
5481
5481
5480
5479
5478
5473
5472
5472
5469
5467
5466
5464
5464
5464
5462
5462
5462
5460
5456
5455
5454
5454
5452
5450
5449
5448
5445
5444
5442
5441
5441
5441
5439
5438
5434
5433
5430
5429
5429
5428
5427
5426
5425
5424
5421
5420
5418
5416
5415
5414
5414
5413
5409
5406
5406
5405
5405
5403
5401
5399
5399
5399
5398
5396
5394
5394
5393
5391
5390
5389
5389
5387
5387
5385
5383
5382
5381
5381
5381
5378
5378
5376
5374
5373
5373
5372
5372
5370
5369
5368
5368
5366
5364
5364
5362
5362
5362
5361
5361
5360
5360
5359
5358
5356
5352
5350
5348
5348
5348
5346
5346
5345
5345
5344
5343
5342
5341
5341
5337
5336
5335
5333
5333
5332
5332
5332
5331
5331
5330
5330
5328
5328
5326
5325
5323
5321
5319
5318
5316
5316
5315
5315
5311
5310
5308
5306
5304
5303
5296
5293
5291
5290
5289
5288
5286
5286
5284
5284
5284
5284
5283
5282
5281
5281
5280
5280
5279
5278
5277
5276
5276
5274
5273
5273
5273
5273
5271
5270
5266
5266
5266
5266
5265
5265
5264
5264
5264
5263
5263
5260
5260
5257
5257
5255
5255
5254
5254
5253
5246
5245
5245
5245
5243
5243
5238
5236
5234
5234
5232
5232
5231
5230
5230
5230
5228
5227
5224
5224
5224
5223
5221
5220
5220
5219
5219
5216
5216
5215
5214
5212
5212
5211
5211
5210
5209
5208
5207
5207
5206
5206
5205
5204
5203
5203
5203
5199
5198
5197
5197
5196
5194
5194
5192
5189
5189
5189
5188
5186
5186
5186
5185
5181
5180
5179
5179
5178
5177
5176
5175
5174
5173
5172
5171
5169
5168
5167
5163
5163
5162
5160
5158
5158
5157
5155
5155
5155
5154
5154
5153
5151
5149
5147
5146
5145
5145
5144
5144
5143
5142
5141
5139
5138
5137
5137
5135
5134
5132
5132
5132
5129
5126
5126
5125
5124
5124
5124
5123
5123
5122
5118
5116
5115
5115
5113
5113
5112
5112
5112
5110
5109
5109
5107
5107
5106
5104
5103
5103
5102
5099
5098
5097
5096
5095
5094
5093
5092
5092
5090
5090
5090
5088
5088
5087
5087
5087
5086
5086
5084
5084
5084
5083
5083
5083
5082
5082
5082
5081
5079
5079
5079
5076
5076
5074
5072
5071
5071
5071
5068
5068
5067
5065
5064
5064
5061
5061
5056
5055
5055
5054
5054
5053
5050
5047
5045
5044
5042
5041
5040
5038
5037
5036
5033
5032
5032
5032
5031
5029
5029
5028
5028
5027
5026
5025
5024
5023
5023
5022
5017
5017
5014
5014
5013
5012
5012
5011
5011
5009
5009
5008
5008
5007
5006
5006
5005
5004
5003
5002
5001
5000
4999
4998
4996
4995
4995
4994
4993
4993
4993
4991
4989
4989
4988
4987
4986
4986
4986
4986
4985
4984
4984
4984
4983
4983
4981
4981
4981
4979
4979
4979
4977
4973
4973
4971
4969
4967
4966
4965
4965
4964
4962
4962
4961
4957
4954
4954
4954
4953
4952
4952
4951
4951
4949
4947
4946
4943
4941
4941
4940
4940
4940
4939
4938
4937
4936
4936
4933
4933
4933
4932
4931
4930
4929
4928
4927
4926
4926
4923
4923
4921
4921
4920
4919
4918
4917
4917
4916
4914
4914
4909
4909
4909
4906
4906
4904
4904
4904
4904
4902
4902
4901
4900
4900
4899
4899
4899
4898
4898
4897
4894
4894
4892
4892
4891
4891
4889
4887
4887
4886
4885
4884
4883
4882
4882
4881
4880
4879
4878
4873
4872
4872
4869
4867
4867
4866
4866
4865
4861
4860
4859
4858
4858
4855
4855
4852
4851
4851
4850
4849
4847
4846
4846
4846
4845
4845
4840
4839
4838
4838
4837
4836
4836
4833
4832
4829
4829
4828
4828
4828
4827
4825
4825
4825
4823
4822
4821
4821
4820
4820
4820
4816
4815
4815
4815
4814
4813
4813
4811
4808
4808
4807
4806
4805
4805
4803
4803
4801
4801
4800
4800
4800
4799
4799
4797
4797
4796
4793
4793
4792
4790
4789
4789
4787
4785
4783
4783
4779
4778
4778
4776
4776
4775
4774
4772
4768
4768
4768
4767
4767
4766
4764
4763
4763
4761
4761
4760
4759
4758
4757
4757
4757
4755
4754
4752
4751
4751
4750
4747
4746
4744
4740
4738
4738
4738
4737
4737
4735
4731
4731
4729
4729
4728
4728
4727
4726
4726
4726
4724
4724
4722
4720
4720
4719
4719
4718
4718
4717
4716
4715
4715
4714
4714
4713
4713
4713
4713
4713
4710
4710
4708
4708
4708
4705
4704
4702
4700
4698
4698
4696
4695
4695
4694
4694
4693
4693
4693
4693
4693
4692
4691
4691
4690
4689
4687
4686
4686
4685
4685
4685
4682
4681
4680
4676
4676
4674
4673
4673
4671
4670
4670
4670
4668
4668
4667
4666
4666
4665
4665
4664
4664
4664
4664
4663
4663
4662
4662
4661
4660
4658
4658
4656
4654
4654
4653
4652
4652
4651
4649
4649
4648
4647
4647
4646
4643
4642
4641
4641
4641
4640
4637
4637
4635
4634
4634
4633
4632
4627
4625
4625
4624
4623
4622
4621
4618
4616
4610
4608
4608
4608
4607
4606
4605
4604
4604
4603
4601
4601
4601
4599
4598
4597
4597
4595
4595
4594
4594
4592
4588
4587
4585
4584
4584
4583
4582
4582
4582
4582
4580
4579
4578
4575
4574
4573
4573
4572
4572
4571
4570
4569
4568
4567
4566
4564
4562
4559
4556
4556
4555
4555
4552
4551
4551
4550
4550
4549
4548
4540
4540
4540
4540
4537
4536
4535
4535
4535
4533
4532
4532
4531
4530
4530
4529
4525
4524
4524
4522
4521
4519
4519
4519
4518
4517
4515
4515
4514
4513
4513
4512
4511
4510
4509
4508
4507
4503
4502
4501
4499
4499
4498
4498
4498
4498
4497
4496
4496
4496
4496
4493
4493
4489
4488
4486
4485
4483
4482
4482
4479
4478
4478
4477
4476
4474
4472
4471
4468
4467
4466
4465
4465
4465
4464
4464
4464
4463
4461
4460
4460
4459
4459
4457
4456
4455
4453
4452
4452
4451
4450
4450
4449
4449
4447
4445
4444
4441
4439
4438
4437
4435
4430
4430
4428
4427
4425
4425
4423
4423
4422
4420
4418
4417
4417
4416
4416
4414
4413
4412
4411
4411
4410
4410
4409
4408
4408
4408
4408
4407
4405
4404
4400
4395
4395
4395
4394
4393
4393
4391
4388
4388
4387
4387
4385
4385
4383
4383
4379
4379
4378
4378
4377
4376
4373
4373
4373
4372
4372
4367
4366
4366
4365
4362
4362
4362
4361
4360
4360
4357
4357
4355
4352
4351
4350
4349
4348
4347
4346
4346
4343
4342
4342
4341
4338
4338
4337
4335
4334
4333
4333
4332
4332
4331
4331
4328
4327
4326
4324
4323
4322
4321
4320
4319
4319
4319
4318
4316
4314
4313
4313
4313
4312
4311
4310
4308
4308
4308
4307
4306
4305
4305
4304
4303
4301
4299
4295
4292
4291
4290
4288
4285
4284
4283
4283
4282
4281
4280
4280
4280
4279
4279
4279
4278
4276
4275
4275
4272
4272
4271
4269
4268
4268
4268
4265
4264
4263
4263
4263
4262
4262
4262
4261
4259
4258
4258
4258
4255
4253
4252
4251
4250
4250
4250
4250
4248
4248
4247
4247
4246
4245
4243
4243
4242
4242
4241
4240
4238
4238
4238
4238
4231
4231
4231
4231
4230
4230
4230
4229
4229
4229
4228
4227
4226
4225
4225
4223
4223
4221
4221
4220
4219
4218
4218
4217
4217
4217
4215
4214
4213
4209
4208
4207
4206
4205
4204
4200
4198
4198
4197
4197
4197
4197
4197
4196
4196
4196
4195
4194
4192
4192
4191
4189
4187
4186
4184
4183
4183
4183
4182
4181
4181
4181
4178
4177
4177
4176
4174
4174
4174
4172
4172
4168
4168
4167
4166
4166
4164
4164
4164
4163
4161
4161
4158
4156
4156
4154
4153
4153
4149
4148
4146
4144
4142
4141
4140
4139
4139
4138
4138
4138
4137
4137
4136
4136
4134
4133
4133
4133
4130
4129
4128
4128
4127
4127
4126
4126
4122
4122
4122
4122
4121
4120
4120
4120
4120
4119
4118
4118
4118
4115
4115
4115
4114
4114
4114
4112
4111
4110
4110
4108
4106
4103
4102
4102
4101
4100
4098
4098
4097
4096
4096
4094
4093
4093
4093
4091
4090
4089
4086
4084
4083
4083
4082
4081
4080
4080
4080
4080
4079
4076
4073
4073
4071
4071
4071
4071
4069
4068
4068
4065
4063
4063
4062
4062
4060
4059
4059
4058
4058
4058
4056
4056
4055
4054
4051
4051
4051
4050
4050
4049
4048
4048
4047
4046
4045
4045
4043
4043
4042
4042
4042
4041
4039
4038
4038
4038
4037
4037
4037
4036
4035
4034
4034
4030
4030
4028
4028
4028
4027
4025
4024
4024
4024
4024
4022
4022
4020
4019
4018
4017
4017
4016
4015
4015
4014
4014
4012
4011
4011
4011
4010
4008
4007
4006
4003
4002
4000
3999
3999
3997
3997
3994
3990
3990
3990
3987
3987
3987
3987
3986
3985
3985
3984
3984
3984
3984
3984
3984
3982
3980
3980
3979
3979
3978
3975
3975
3973
3972
3972
3969
3968
3968
3968
3967
3966
3962
3961
3960
3960
3960
3959
3958
3957
3956
3955
3954
3952
3951
3949
3948
3948
3947
3947
3946
3944
3943
3942
3939
3938
3937
3937
3936
3935
3930
3930
3929
3929
3928
3928
3928
3927
3927
3926
3925
3922
3921
3920
3920
3919
3918
3918
3918
3917
3916
3916
3914
3912
3911
3908
3907
3906
3906
3905
3905
3901
3901
3900
3898
3897
3897
3897
3897
3894
3893
3891
3891
3889
3888
3887
3887
3885
3885
3884
3883
3881
3876
3875
3875
3874
3874
3874
3874
3873
3873
3872
3864
3863
3862
3859
3857
3857
3857
3856
3855
3855
3855
3855
3854
3846
3845
3844
3844
3841
3839
3838
3838
3837
3837
3832
3832
3829
3828
3826
3825
3825
3825
3821
3816
3815
3815
3814
3814
3813
3811
3808
3807
3806
3804
3803
3803
3801
3801
3801
3799
3797
3797
3796
3796
3796
3791
3790
3789
3789
3788
3788
3783
3782
3781
3780
3780
3779
3778
3778
3778
3778
3777
3777
3776
3776
3775
3773
3772
3772
3771
3769
3769
3768
3766
3764
3764
3761
3760
3759
3758
3758
3756
3754
3750
3749
3749
3749
3749
3748
3747
3746
3745
3744
3742
3742
3741
3741
3740
3740
3740
3740
3740
3739
3738
3738
3736
3735
3735
3734
3732
3732
3731
3731
3730
3728
3728
3727
3727
3726
3724
3724
3723
3721
3720
3719
3718
3718
3717
3716
3716
3715
3713
3713
3712
3712
3710
3709
3708
3708
3707
3707
3706
3705
3705
3703
3703
3701
3700
3698
3698
3698
3697
3697
3694
3693
3693
3693
3692
3692
3691
3691
3690
3690
3690
3690
3690
3690
3689
3688
3688
3687
3686
3685
3684
3682
3682
3681
3679
3679
3679
3678
3676
3675
3675
3674
3674
3673
3673
3673
3672
3671
3670
3668
3667
3667
3665
3664
3664
3663
3662
3662
3662
3662
3661
3660
3659
3658
3656
3655
3653
3651
3651
3651
3650
3650
3650
3648
3648
3647
3646
3643
3643
3643
3643
3643
3642
3642
3639
3639
3638
3638
3636
3633
3632
3632
3629
3629
3629
3628
3627
3626
3626
3626
3624
3624
3623
3614
3614
3614
3609
3609
3609
3608
3608
3607
3606
3606
3605
3605
3605
3604
3602
3601
3601
3601
3599
3598
3596
3595
3593
3592
3592
3591
3590
3589
3589
3588
3587
3587
3587
3587
3586
3586
3585
3585
3584
3584
3582
3582
3581
3581
3581
3581
3578
3577
3577
3576
3576
3573
3572
3568
3567
3567
3567
3566
3566
3565
3565
3565
3565
3564
3563
3560
3559
3559
3558
3558
3558
3558
3557
3555
3554
3554
3552
3552
3551
3550
3550
3549
3548
3546
3545
3544
3543
3542
3540
3539
3539
3537
3536
3535
3535
3533
3533
3531
3531
3530
3527
3527
3524
3524
3524
3521
3520
3519
3519
3518
3518
3518
3518
3517
3516
3516
3516
3516
3515
3512
3510
3510
3509
3508
3507
3506
3506
3503
3503
3501
3501
3500
3498
3498
3497
3497
3497
3496
3496
3495
3494
3492
3492
3492
3491
3491
3490
3489
3488
3488
3487
3486
3486
3486
3485
3484
3484
3484
3483
3482
3481
3478
3477
3477
3476
3475
3474
3473
3473
3473
3472
3471
3471
3469
3468
3468
3467
3467
3466
3466
3460
3459
3459
3457
3456
3453
3453
3452
3452
3451
3450
3449
3448
3447
3446
3445
3445
3442
3442
3441
3438
3437
3436
3434
3433
3432
3432
3432
3431
3430
3430
3429
3429
3429
3426
3426
3426
3426
3424
3423
3422
3421
3421
3419
3418
3416
3414
3414
3413
3412
3411
3411
3410
3409
3408
3408
3408
3407
3407
3405
3404
3404
3403
3402
3402
3402
3400
3400
3397
3396
3396
3395
3395
3394
3394
3392
3391
3390
3390
3389
3388
3386
3383
3383
3381
3381
3380
3378
3377
3377
3377
3376
3374
3374
3373
3370
3369
3368
3367
3367
3366
3366
3366
3365
3365
3363
3360
3359
3358
3356
3355
3354
3353
3350
3350
3348
3347
3346
3345
3343
3343
3340
3340
3339
3338
3338
3338
3337
3337
3336
3336
3336
3335
3335
3335
3334
3334
3332
3331
3331
3330
3329
3329
3326
3325
3325
3321
3320
3318
3317
3317
3317
3316
3316
3316
3316
3315
3314
3313
3313
3312
3312
3310
3307
3306
3306
3303
3301
3301
3300
3300
3300
3296
3296
3295
3294
3292
3292
3292
3292
3290
3288
3287
3286
3285
3284
3284
3282
3281
3281
3280
3280
3280
3277
3277
3276
3274
3272
3272
3270
3269
3268
3268
3268
3266
3263
3260
3260
3259
3259
3259
3257
3255
3255
3254
3253
3253
3251
3251
3249
3249
3248
3248
3245
3245
3244
3243
3242
3242
3242
3240
3239
3237
3234
3233
3232
3231
3231
3230
3230
3229
3227
3227
3224
3224
3223
3222
3221
3220
3219
3218
3217
3217
3216
3216
3215
3215
3214
3211
3209
3209
3209
3207
3207
3204
3204
3201
3201
3200
3200
3200
3200
3199
3198
3197
3197
3196
3196
3195
3193
3193
3191
3191
3191
3191
3191
3190
3190
3190
3190
3189
3188
3187
3186
3185
3181
3181
3180
3177
3172
3169
3168
3168
3167
3167
3166
3166
3166
3165
3164
3164
3163
3163
3160
3159
3159
3159
3159
3158
3156
3156
3155
3154
3153
3152
3151
3151
3150
3149
3147
3145
3143
3140
3139
3139
3138
3138
3138
3137
3136
3135
3134
3134
3130
3130
3129
3128
3127
3127
3126
3126
3124
3124
3124
3123
3123
3122
3121
3121
3121
3120
3120
3118
3117
3117
3117
3117
3116
3115
3115
3114
3113
3113
3112
3110
3109
3108
3107
3105
3105
3104
3103
3103
3102
3101
3101
3099
3098
3097
3097
3097
3097
3096
3094
3092
3091
3091
3089
3088
3086
3086
3085
3084
3082
3082
3080
3080
3078
3077
3076
3072
3072
3070
3070
3069
3069
3069
3068
3068
3066
3065
3064
3064
3064
3064
3063
3062
3061
3059
3056
3055
3053
3053
3053
3052
3050
3048
3047
3047
3047
3046
3046
3045
3044
3043
3043
3043
3042
3040
3039
3038
3036
3034
3033
3032
3030
3029
3028
3028
3024
3023
3022
3021
3020
3020
3019
3018
3016
3016
3014
3014
3011
3010
3006
3002
3002
3000
3000
3000
2999
2998
2997
2994
2993
2992
2990
2989
2988
2988
2988
2987
2986
2986
2986
2984
2981
2980
2977
2976
2976
2975
2975
2974
2973
2972
2970
2968
2967
2964
2963
2963
2962
2959
2958
2952
2952
2951
2951
2950
2948
2948
2947
2945
2944
2943
2942
2939
2932
2931
2930
2930
2930
2929
2929
2929
2927
2926
2926
2925
2924
2923
2923
2920
2919
2918
2918
2918
2918
2915
2912
2911
2911
2911
2908
2908
2907
2907
2904
2904
2901
2901
2901
2900
2900
2899
2899
2898
2897
2897
2896
2895
2894
2894
2892
2892
2891
2891
2889
2889
2886
2885
2885
2885
2884
2884
2883
2881
2880
2880
2880
2879
2879
2878
2878
2878
2876
2876
2876
2874
2872
2870
2869
2866
2862
2862
2862
2862
2861
2860
2860
2859
2859
2859
2859
2858
2857
2855
2855
2853
2853
2852
2850
2850
2848
2847
2846
2845
2845
2844
2843
2843
2843
2842
2839
2838
2837
2837
2836
2835
2833
2831
2831
2830
2830
2825
2824
2824
2824
2823
2822
2821
2821
2821
2819
2817
2817
2817
2817
2815
2811
2809
2807
2805
2805
2804
2803
2802
2799
2796
2793
2792
2792
2792
2790
2789
2789
2788
2788
2787
2786
2785
2784
2783
2783
2782
2781
2778
2778
2778
2777
2775
2775
2773
2772
2772
2770
2769
2768
2767
2765
2764
2763
2760
2760
2760
2760
2759
2759
2758
2758
2757
2756
2754
2754
2753
2753
2750
2750
2749
2747
2747
2744
2743
2741
2741
2740
2738
2738
2738
2738
2738
2734
2734
2733
2732
2731
2731
2729
2724
2723
2723
2722
2722
2721
2719
2719
2718
2716
2715
2715
2714
2713
2712
2711
2709
2709
2709
2708
2708
2708
2707
2706
2706
2706
2704
2704
2703
2703
2703
2701
2701
2701
2701
2700
2699
2698
2698
2697
2695
2692
2692
2691
2690
2689
2689
2688
2688
2686
2685
2685
2685
2684
2683
2679
2679
2678
2677
2676
2675
2675
2674
2673
2671
2669
2667
2663
2663
2662
2662
2660
2660
2660
2659
2658
2656
2654
2651
2650
2649
2649
2648
2647
2647
2647
2646
2646
2644
2644
2643
2642
2642
2642
2641
2640
2636
2635
2633
2632
2632
2632
2632
2632
2631
2630
2628
2628
2627
2625
2625
2625
2622
2622
2622
2621
2621
2620
2619
2619
2618
2618
2616
2616
2616
2616
2614
2613
2612
2610
2609
2608
2607
2607
2607
2605
2604
2602
2601
2601
2600
2599
2599
2599
2598
2598
2597
2595
2593
2592
2591
2591
2589
2589
2589
2587
2587
2586
2586
2583
2581
2580
2579
2579
2579
2579
2578
2577
2576
2575
2574
2571
2569
2569
2566
2566
2566
2564
2563
2563
2559
2559
2558
2557
2555
2555
2555
2554
2553
2551
2551
2551
2550
2550
2548
2548
2547
2547
2547
2547
2546
2546
2545
2544
2544
2543
2543
2542
2541
2540
2539
2538
2537
2535
2534
2534
2534
2533
2532
2532
2529
2529
2528
2528
2526
2526
2524
2524
2524
2522
2522
2521
2521
2521
2520
2519
2519
2517
2517
2517
2517
2516
2514
2513
2510
2510
2509
2509
2509
2509
2502
2499
2495
2494
2494
2490
2490
2487
2486
2483
2481
2481
2481
2478
2478
2478
2477
2477
2477
2475
2475
2475
2474
2474
2473
2471
2469
2469
2468
2467
2466
2463
2462
2462
2462
2460
2460
2457
2455
2455
2455
2450
2450
2447
2447
2446
2445
2445
2444
2443
2442
2442
2442
2442
2440
2439
2438
2438
2436
2435
2434
2433
2433
2429
2427
2427
2427
2426
2424
2424
2422
2420
2420
2418
2418
2416
2416
2416
2416
2415
2414
2414
2410
2409
2409
2407
2406
2406
2406
2406
2406
2403
2403
2402
2402
2400
2399
2399
2398
2398
2396
2395
2394
2394
2393
2393
2393
2393
2393
2392
2391
2390
2390
2390
2389
2386
2385
2385
2385
2384
2384
2382
2379
2378
2377
2375
2373
2373
2373
2372
2371
2370
2370
2369
2369
2368
2367
2367
2366
2365
2362
2360
2360
2360
2360
2359
2356
2355
2355
2353
2350
2350
2349
2349
2347
2347
2346
2346
2345
2345
2344
2343
2343
2343
2341
2338
2337
2337
2337
2337
2337
2336
2335
2335
2334
2333
2333
2333
2332
2328
2326
2326
2326
2325
2325
2324
2324
2322
2321
2320
2319
2319
2316
2314
2314
2313
2310
2309
2309
2308
2307
2306
2306
2301
2301
2298
2297
2296
2293
2293
2293
2291
2291
2290
2284
2284
2284
2282
2282
2279
2278
2277
2277
2276
2275
2271
2270
2269
2269
2267
2266
2265
2265
2264
2264
2261
2260
2260
2259
2258
2258
2258
2257
2256
2256
2255
2252
2249
2248
2245
2240
2240
2240
2240
2238
2237
2237
2236
2235
2235
2233
2232
2231
2228
2227
2226
2225
2225
2222
2221
2219
2216
2215
2214
2212
2211
2211
2211
2210
2209
2209
2205
2204
2202
2201
2201
2201
2201
2200
2200
2199
2199
2197
2197
2195
2194
2193
2193
2190
2190
2190
2189
2188
2187
2186
2186
2186
2185
2184
2182
2176
2176
2175
2174
2174
2173
2171
2171
2169
2169
2163
2162
2161
2161
2161
2160
2160
2157
2156
2156
2155
2153
2153
2151
2147
2147
2146
2146
2143
2142
2142
2141
2141
2141
2140
2137
2137
2135
2135
2135
2135
2133
2133
2132
2132
2132
2131
2130
2126
2124
2124
2123
2122
2121
2121
2121
2120
2118
2118
2116
2116
2115
2113
2113
2112
2112
2111
2111
2109
2107
2105
2105
2105
2104
2104
2103
2103
2098
2097
2096
2095
2094
2093
2093
2092
2091
2090
2090
2090
2090
2090
2089
2089
2087
2086
2084
2083
2082
2080
2080
2080
2079
2077
2072
2069
2069
2067
2065
2065
2065
2064
2064
2062
2062
2060
2060
2060
2059
2059
2059
2058
2058
2058
2056
2055
2054
2053
2053
2053
2050
2048
2047
2047
2046
2046
2045
2042
2040
2038
2037
2037
2033
2032
2029
2027
2025
2025
2024
2023
2023
2022
2021
2020
2020
2019
2019
2019
2015
2014
2013
2012
2012
2010
2009
2009
2008
2006
2006
2002
1994
1993
1990
1990
1990
1990
1989
1989
1987
1985
1983
1981
1981
1979
1977
1976
1976
1976
1976
1975
1968
1968
1967
1966
1964
1960
1958
1955
1954
1952
1951
1951
1951
1951
1949
1949
1949
1947
1946
1946
1944
1944
1943
1943
1943
1942
1939
1937
1937
1934
1934
1932
1928
1927
1925
1924
1923
1921
1919
1917
1916
1916
1915
1914
1914
1913
1913
1912
1912
1912
1910
1909
1906
1904
1903
1902
1902
1901
1901
1898
1895
1894
1894
1894
1893
1889
1889
1888
1887
1886
1885
1885
1885
1884
1881
1881
1881
1879
1878
1877
1877
1877
1870
1870
1869
1869
1869
1866
1866
1863
1862
1860
1860
1858
1858
1858
1857
1857
1855
1854
1854
1854
1852
1852
1850
1850
1850
1850
1850
1846
1845
1844
1843
1843
1841
1840
1838
1838
1837
1837
1836
1834
1834
1834
1833
1831
1831
1830
1830
1829
1828
1827
1827
1826
1826
1826
1826
1826
1826
1825
1823
1823
1822
1822
1820
1819
1819
1819
1818
1818
1817
1815
1813
1812
1812
1812
1810
1810
1810
1809
1808
1808
1808
1804
1804
1803
1802
1801
1799
1798
1795
1795
1794
1793
1792
1791
1790
1789
1789
1789
1789
1789
1789
1786
1786
1785
1785
1783
1782
1780
1779
1777
1776
1776
1775
1774
1774
1773
1772
1771
1770
1770
1768
1766
1763
1763
1759
1759
1758
1758
1757
1756
1756
1754
1754
1753
1753
1751
1748
1748
1747
1747
1747
1743
1743
1742
1741
1740
1740
1739
1737
1737
1737
1736
1736
1735
1735
1734
1733
1732
1730
1728
1728
1726
1726
1724
1724
1723
1723
1722
1722
1722
1721
1720
1720
1718
1717
1717
1717
1716
1714
1713
1711
1711
1708
1706
1701
1701
1700
1700
1700
1699
1697
1697
1693
1691
1691
1691
1690
1690
1688
1687
1686
1685
1684
1683
1683
1682
1682
1682
1682
1681
1680
1678
1678
1678
1676
1675
1675
1673
1670
1665
1664
1663
1663
1662
1662
1660
1658
1658
1657
1657
1657
1656
1655
1655
1655
1653
1652
1649
1649
1649
1649
1648
1648
1648
1648
1647
1646
1646
1646
1645
1643
1643
1641
1638
1636
1635
1635
1633
1632
1631
1631
1630
1628
1624
1623
1623
1622
1621
1621
1621
1620
1620
1619
1619
1617
1617
1617
1614
1613
1613
1613
1612
1609
1609
1609
1608
1607
1605
1605
1604
1603
1603
1601
1601
1600
1599
1598
1597
1596
1596
1595
1592
1588
1587
1585
1584
1584
1584
1583
1580
1580
1580
1579
1578
1576
1574
1572
1571
1571
1570
1569
1566
1565
1565
1564
1564
1564
1564
1562
1560
1560
1559
1557
1557
1556
1556
1556
1554
1552
1551
1551
1551
1550
1546
1546
1544
1544
1543
1542
1542
1541
1541
1540
1538
1537
1536
1535
1535
1533
1533
1532
1531
1528
1528
1528
1527
1526
1526
1522
1521
1521
1521
1520
1519
1518
1518
1518
1518
1517
1514
1514
1514
1513
1513
1513
1513
1512
1512
1510
1510
1508
1508
1507
1503
1502
1502
1502
1499
1497
1497
1496
1496
1496
1495
1495
1495
1494
1493
1492
1488
1485
1485
1485
1485
1484
1483
1483
1483
1482
1481
1481
1480
1479
1478
1478
1477
1477
1477
1477
1476
1475
1474
1474
1473
1473
1473
1473
1470
1468
1468
1468
1467
1467
1467
1463
1460
1460
1459
1456
1456
1455
1453
1453
1452
1452
1451
1451
1448
1448
1444
1444
1444
1443
1443
1440
1440
1439
1439
1438
1433
1431
1429
1429
1429
1428
1427
1426
1426
1425
1424
1422
1421
1420
1420
1419
1419
1417
1415
1414
1414
1413
1413
1411
1410
1408
1408
1407
1407
1406
1406
1404
1404
1404
1403
1403
1401
1401
1400
1400
1399
1399
1398
1397
1397
1395
1394
1392
1388
1386
1385
1385
1384
1384
1381
1381
1379
1379
1377
1377
1377
1375
1374
1374
1374
1372
1370
1370
1369
1368
1368
1368
1367
1367
1366
1366
1363
1363
1360
1358
1357
1357
1356
1356
1355
1354
1352
1350
1350
1348
1348
1345
1345
1345
1344
1342
1342
1341
1340
1339
1339
1338
1337
1337
1337
1336
1333
1332
1330
1330
1328
1328
1327
1324
1322
1322
1321
1320
1320
1320
1319
1317
1316
1315
1314
1314
1313
1313
1312
1312
1311
1311
1311
1309
1306
1305
1304
1304
1303
1301
1301
1300
1300
1299
1297
1293
1293
1291
1291
1291
1291
1290
1289
1289
1288
1287
1287
1286
1285
1282
1282
1280
1280
1278
1278
1277
1276
1276
1275
1275
1275
1274
1271
1271
1271
1270
1268
1267
1265
1264
1264
1263
1263
1262
1262
1261
1261
1257
1256
1253
1252
1252
1251
1249
1247
1247
1245
1245
1243
1243
1242
1240
1239
1239
1237
1236
1236
1235
1234
1234
1234
1234
1233
1232
1232
1231
1231
1230
1227
1227
1226
1223
1222
1221
1220
1220
1219
1219
1219
1218
1218
1216
1216
1214
1214
1213
1213
1210
1209
1209
1208
1208
1208
1208
1207
1207
1207
1205
1205
1201
1201
1200
1197
1196
1195
1194
1193
1190
1190
1189
1189
1188
1185
1184
1184
1183
1181
1180
1179
1179
1178
1178
1178
1178
1178
1177
1176
1176
1174
1173
1172
1170
1169
1168
1168
1167
1167
1165
1165
1165
1164
1164
1163
1162
1161
1161
1158
1157
1157
1157
1157
1155
1154
1153
1152
1151
1151
1150
1147
1146
1144
1140
1139
1139
1135
1134
1133
1132
1132
1131
1131
1130
1129
1129
1127
1126
1126
1126
1123
1122
1121
1119
1119
1115
1112
1111
1110
1108
1108
1106
1103
1102
1101
1101
1099
1099
1099
1099
1098
1098
1096
1095
1092
1092
1090
1090
1089
1084
1083
1082
1081
1079
1079
1078
1077
1077
1075
1075
1072
1071
1071
1071
1071
1069
1068
1068
1067
1066
1065
1064
1062
1062
1061
1059
1057
1057
1056
1056
1056
1056
1055
1054
1053
1053
1052
1052
1051
1049
1049
1049
1049
1048
1047
1047
1045
1044
1043
1039
1038
1037
1037
1035
1034
1032
1032
1031
1030
1023
1023
1022
1019
1016
1014
1013
1013
1013
1012
1011
1011
1008
1008
1008
1005
1004
1001
1000
996
994
992
992
990
989
988
986
986
986
986
985
984
984
983
983
983
981
980
980
978
978
976
976
976
974
974
974
974
974
974
973
971
971
970
970
969
968
968
967
967
965
964
964
963
963
963
960
960
959
958
957
956
955
953
952
950
949
949
948
947
947
945
944
944
943
942
940
940
939
938
937
936
934
934
933
930
930
929
928
927
926
926
926
925
920
919
918
918
918
917
917
917
917
915
915
915
915
914
913
913
912
912
911
910
909
909
908
906
906
906
906
905
904
903
901
897
897
894
893
893
891
890
890
890
889
889
888
888
887
887
886
886
885
883
879
877
876
875
875
874
874
874
874
873
871
871
870
868
868
867
866
865
864
864
862
861
861
861
861
860
858
856
855
854
854
852
852
852
852
850
850
849
847
846
846
846
845
844
843
841
840
839
836
836
834
834
834
833
830
829
828
827
826
824
823
823
823
822
822
820
817
816
814
813
813
812
812
811
809
807
807
807
805
804
802
802
801
801
799
798
796
794
793
791
789
789
789
789
787
787
785
784
784
780
779
779
778
778
777
777
775
774
774
773
771
769
769
767
767
766
765
765
765
764
764
764
763
763
762
760
759
758
757
756
755
755
754
753
753
752
752
752
751
751
750
749
748
746
746
746
746
744
743
743
742
742
741
741
740
740
737
736
735
735
729
727
726
725
725
725
722
722
717
717
717
716
715
715
713
712
711
709
708
707
706
703
702
702
699
699
698
697
695
695
695
694
693
691
690
689
688
688
688
687
686
686
686
685
685
685
684
684
683
682
681
680
679
678
678
676
675
673
673
671
669
669
669
667
665
664
661
659
658
655
655
653
652
651
651
649
648
648
647
641
638
638
637
636
634
634
631
631
631
630
630
628
626
622
621
618
617
616
614
614
612
612
611
610
610
610
608
608
603
603
601
601
599
598
598
597
596
595
595
593
592
591
591
590
589
589
589
585
585
581
581
578
577
575
573
572
571
570
569
568
568
564
563
563
561
559
558
556
556
555
555
554
553
552
551
549
547
545
545
544
544
543
543
541
541
540
540
538
538
537
536
536
535
535
534
533
533
532
532
531
529
529
529
526
525
522
521
520
520
518
518
516
514
513
513
513
510
509
508
505
504
504
502
502
502
501
500
499
498
496
495
494
492
491
489
489
489
485
484
482
482
481
480
478
477
476
476
474
472
472
472
470
469
469
466
466
465
462
460
458
457
456
456
454
454
453
448
448
448
448
448
447
447
446
444
442
442
440
440
438
436
436
435
434
434
433
432
432
431
431
430
429
427
425
425
425
424
423
418
417
415
415
415
415
415
414
413
413
413
410
409
409
408
407
407
406
405
404
404
403
403
398
397
397
395
393
391
390
390
389
389
388
387
386
385
385
385
380
380
379
379
378
377
377
375
375
375
374
374
373
372
371
371
371
369
365
362
362
359
358
357
356
355
353
353
351
351
350
349
349
346
346
345
345
345
345
345
344
344
344
342
341
341
341
339
339
338
336
333
333
333
333
333
332
331
331
330
330
330
330
329
326
319
319
319
318
318
317
315
315
314
314
314
313
312
312
312
311
309
308
308
308
307
306
305
303
301
299
298
295
295
293
292
291
290
288
288
288
288
288
285
284
282
282
281
280
277
276
275
273
271
271
271
270
269
269
269
266
266
265
265
265
265
264
261
261
259
257
256
253
252
252
249
249
246
245
245
245
245
245
244
243
242
241
239
238
238
238
235
235
235
232
231
231
230
229
229
228
227
221
218
218
218
218
218
216
215
214
214
212
212
211
210
210
210
209
208
206
206
205
204
204
202
200
199
199
199
198
198
196
195
192
192
192
188
188
188
187
187
186
186
186
184
183
179
178
178
175
175
175
175
175
174
172
172
172
171
169
169
167
165
165
164
162
161
161
160
159
159
158
157
157
156
156
154
153
153
153
153
153
152
151
150
149
148
148
148
146
146
144
141
140
140
139
139
138
137
136
136
132
130
127
125
123
121
120
120
119
119
117
117
116
116
114
112
111
107
106
106
106
105
104
104
103
103
102
101
101
99
98
98
97
96
95
94
94
93
93
91
91
91
88
88
87
86
86
86
86
84
83
76
75
73
73
73
72
63
62
62
61
61
60
59
58
57
57
57
56
55
54
54
53
53
51
50
50
49
47
47
47
45
44
43
42
42
42
39
38
37
36
35
35
33
31
30
27
26
24
15
15
14
13
13
13
12
10
10
10
9
6
4
3
2
1
0
0
0
