9999
9997
9996
9993
9988
9986
9986
9985
9984
9983
9982
9978
9977
9976
9975
9975
9974
9974
9971
9970
9970
9970
9963
9963
9959
9959
9958
9957
9957
9956
9953
9951
9950
9948
9948
9947
9947
9946
9945
9944
9942
9942
9941
9941
9940
9939
9937
9934
9933
9931
9931
9931
9930
9928
9927
9926
9926
9924
9923
9920
9919
9916
9916
9915
9915
9914
9914
9914
9912
9912
9910
9909
9909
9909
9908
9906
9905
9905
9903
9902
9901
9900
9900
9899
9897
9897
9896
9894
9892
9891
9888
9887
9887
9886
9885
9884
9883
9882
9882
9882
9881
9880
9880
9879
9879
9878
9878
9878
9877
9874
9871
9871
9870
9867
9866
9863
9862
9859
9859
9858
9857
9857
9857
9856
9856
9856
9854
9854
9854
9853
9852
9852
9848
9847
9844
9841
9841
9840
9837
9837
9836
9835
9834
9834
9834
9834
9833
9833
9832
9832
9827
9827
9826
9822
9822
9821
9819
9818
9818
9817
9814
9813
9812
9811
9810
9810
9809
9807
9803
9802
9801
9800
9800
9800
9799
9799
9799
9799
9798
9797
9796
9795
9794
9793
9793
9792
9792
9791
9790
9790
9790
9789
9789
9789
9788
9787
9786
9784
9784
9783
9781
9781
9779
9777
9775
9772
9770
9770
9766
9766
9765
9765
9764
9761
9759
9758
9757
9757
9756
9755
9754
9754
9753
9751
9750
9749
9748
9748
9747
9746
9745
9744
9744
9743
9742
9741
9736
9735
9735
9732
9728
9728
9727
9726
9724
9724
9721
9721
9720
9719
9718
9718
9718
9718
9717
9717
9717
9716
9716
9716
9715
9714
9712
9712
9711
9710
9710
9708
9707
9707
9706
9705
9705
9702
9702
9701
9701
9701
9701
9699
9696
9694
9690
9689
9688
9687
9687
9687
9684
9680
9679
9677
9677
9675
9675
9673
9673
9671
9670
9669
9669
9668
9664
9663
9662
9661
9659
9659
9658
9657
9657
9655
9654
9653
9651
9651
9651
9651
9650
9650
9649
9647
9645
9644
9641
9641
9639
9639
9637
9636
9636
9636
9633
9633
9633
9632
9632
9632
9631
9629
9628
9628
9626
9626
9624
9623
9622
9621
9618
9617
9616
9616
9616
9616
9616
9615
9614
9613
9613
9612
9611
9609
9607
9607
9607
9606
9605
9605
9605
9605
9604
9601
9600
9600
9600
9597
9597
9596
9594
9592
9592
9592
9587
9585
9584
9583
9576
9576
9575
9575
9574
9573
9573
9573
9570
9569
9569
9567
9564
9563
9563
9563
9562
9557
9557
9555
9553
9551
9550
9550
9549
9548
9547
9544
9544
9541
9539
9539
9539
9538
9538
9535
9535
9533
9530
9525
9525
9524
9524
9520
9520
9519
9519
9519
9519
9516
9515
9515
9514
9507
9506
9506
9506
9505
9503
9500
9500
9497
9496
9494
9494
9494
9493
9491
9490
9488
9488
9487
9487
9485
9485
9482
9482
9481
9480
9480
9480
9479
9473
9471
9471
9471
9470
9469
9469
9468
9466
9465
9465
9463
9463
9463
9462
9461
9460
9459
9457
9456
9456
9456
9455
9451
9450
9447
9446
9446
9446
9445
9443
9443
9442
9441
9441
9439
9438
9438
9438
9438
9436
9436
9435
9432
9429
9428
9427
9424
9421
9420
9419
9418
9418
9415
9415
9415
9413
9413
9412
9411
9411
9409
9409
9409
9408
9405
9405
9405
9404
9404
9403
9402
9402
9402
9402
9400
9400
9399
9399
9397
9397
9396
9395
9394
9394
9393
9393
9393
9392
9391
9391
9390
9389
9389
9389
9388
9386
9386
9386
9384
9382
9379
9378
9378
9378
9377
9375
9375
9374
9374
9370
9370
9369
9368
9367
9366
9365
9364
9364
9362
9362
9362
9360
9359
9359
9356
9354
9354
9354
9354
9353
9352
9350
9349
9348
9348
9347
9346
9346
9346
9344
9343
9343
9343
9340
9339
9338
9338
9337
9337
9336
9335
9335
9333
9332
9332
9330
9330
9329
9327
9324
9323
9323
9322
9322
9321
9321
9320
9319
9319
9317
9317
9316
9315
9313
9313
9310
9310
9307
9306
9305
9304
9303
9302
9302
9301
9299
9297
9295
9294
9294
9293
9293
9293
9292
9291
9290
9289
9288
9286
9286
9286
9285
9283
9282
9281
9281
9272
9272
9271
9271
9271
9270
9270
9267
9265
9263
9262
9262
9258
9257
9257
9257
9256
9256
9254
9251
9251
9250
9250
9250
9249
9247
9247
9247
9245
9245
9244
9241
9241
9240
9240
9240
9240
9239
9239
9238
9236
9236
9236
9236
9236
9234
9234
9232
9231
9230
9228
9225
9225
9223
9221
9221
9221
9221
9219
9218
9218
9217
9215
9215
9214
9214
9213
9210
9209
9205
9204
9202
9202
9202
9197
9196
9195
9195
9194
9194
9191
9191
9189
9188
9187
9187
9186
9186
9186
9185
9184
9184
9183
9182
9182
9181
9180
9180
9179
9179
9179
9177
9177
9176
9175
9173
9172
9172
9172
9171
9164
9160
9159
9155
9154
9153
9153
9152
9152
9151
9150
9150
9149
9149
9147
9147
9143
9143
9141
9141
9140
9139
9139
9138
9137
9137
9136
9136
9134
9132
9132
9131
9130
9130
9130
9129
9128
9124
9122
9122
9121
9121
9120
9119
9117
9116
9114
9113
9112
9111
9110
9109
9109
9108
9106
9106
9106
9105
9104
9104
9103
9102
9102
9100
9098
9097
9096
9095
9095
9094
9093
9092
9091
9086
9085
9084
9083
9080
9080
9079
9077
9076
9074
9072
9072
9072
9072
9071
9070
9070
9067
9066
9065
9065
9064
9063
9062
9061
9060
9059
9057
9057
9056
9055
9051
9050
9050
9048
9048
9047
9046
9046
9043
9042
9041
9039
9038
9036
9034
9034
9033
9033
9032
9031
9030
9029
9028
9028
9026
9026
9025
9024
9023
9023
9023
9022
9021
9020
9018
9018
9016
9014
9013
9013
9012
9011
9011
9011
9008
9006
9005
9005
9002
8999
8999
8999
8997
8996
8995
8994
8991
8990
8990
8989
8988
8987
8985
8984
8984
8983
8981
8977
8976
8975
8975
8974
8974
8974
8974
8974
8972
8972
8972
8971
8970
8970
8969
8967
8964
8956
8956
8956
8956
8956
8955
8955
8952
8952
8952
8951
8951
8950
8950
8949
8949
8949
8949
8947
8947
8946
8946
8945
8945
8941
8940
8940
8940
8939
8938
8936
8936
8936
8935
8935
8932
8932
8932
8927
8927
8926
8922
8921
8919
8919
8918
8917
8916
8915
8913
8912
8912
8910
8908
8908
8908
8907
8906
8905
8904
8903
8903
8901
8901
8901
8900
8898
8896
8896
8895
8892
8889
8889
8887
8886
8886
8886
8885
8884
8882
8882
8877
8874
8874
8873
8872
8871
8870
8868
8868
8868
8868
8867
8866
8865
8863
8863
8863
8862
8862
8862
8862
8861
8861
8860
8860
8860
8859
8859
8859
8858
8857
8856
8856
8855
8851
8851
8850
8849
8848
8847
8846
8845
8845
8844
8843
8843
8842
8841
8840
8840
8840
8839
8838
8838
8837
8835
8835
8832
8830
8829
8829
8827
8827
8826
8825
8823
8823
8823
8823
8819
8819
8817
8817
8815
8813
8813
8812
8812
8811
8811
8808
8808
8807
8807
8806
8805
8803
8802
8801
8800
8800
8798
8797
8796
8796
8795
8790
8790
8788
8787
8784
8782
8781
8780
8780
8780
8779
8777
8777
8776
8776
8775
8775
8774
8774
8771
8771
8771
8770
8769
8768
8767
8767
8766
8766
8765
8764
8762
8762
8762
8761
8761
8759
8759
8758
8758
8755
8754
8754
8754
8750
8749
8747
8746
8745
8744
8743
8743
8743
8743
8743
8742
8741
8740
8739
8739
8738
8738
8737
8733
8733
8729
8729
8728
8728
8728
8728
8727
8727
8725
8724
8724
8721
8721
8720
8720
8719
8717
8716
8716
8716
8715
8714
8713
8711
8710
8708
8708
8707
8706
8706
8705
8704
8704
8702
8701
8700
8700
8699
8698
8697
8696
8696
8695
8695
8693
8692
8692
8690
8688
8687
8686
8685
8683
8682
8682
8680
8680
8678
8677
8676
8675
8674
8673
8672
8670
8669
8669
8668
8668
8668
8668
8666
8665
8664
8662
8660
8659
8659
8658
8658
8657
8657
8655
8654
8654
8653
8653
8652
8652
8651
8651
8650
8650
8648
8648
8647
8647
8642
8642
8640
8637
8637
8635
8635
8635
8635
8634
8633
8632
8631
8630
8629
8629
8628
8625
8624
8623
8623
8622
8621
8620
8619
8618
8618
8617
8616
8614
8614
8613
8612
8611
8611
8611
8606
8605
8605
8604
8603
8603
8603
8602
8602
8602
8601
8601
8601
8599
8599
8598
8597
8596
8594
8594
8594
8593
8592
8591
8590
8590
8590
8590
8589
8587
8585
8585
8584
8582
8581
8581
8580
8578
8578
8578
8578
8573
8571
8570
8569
8567
8567
8567
8565
8564
8564
8564
8561
8561
8560
8560
8557
8556
8555
8553
8553
8550
8550
8546
8545
8544
8541
8541
8540
8540
8540
8538
8538
8538
8537
8535
8534
8533
8531
8530
8529
8528
8528
8527
8525
8525
8524
8523
8521
8521
8516
8516
8515
8515
8515
8515
8513
8512
8510
8510
8510
8509
8509
8508
8506
8506
8505
8505
8504
8502
8502
8501
8499
8499
8498
8497
8497
8497
8497
8496
8494
8491
8491
8489
8485
8484
8482
8481
8479
8477
8476
8476
8476
8473
8473
8472
8471
8469
8468
8467
8467
8467
8465
8461
8460
8460
8460
8459
8458
8457
8456
8455
8452
8451
8451
8448
8446
8445
8444
8443
8442
8438
8437
8437
8436
8435
8434
8433
8432
8432
8431
8431
8430
8428
8427
8426
8426
8425
8424
8423
8421
8418
8417
8417
8416
8416
8413
8412
8412
8411
8411
8411
8410
8408
8405
8405
8404
8403
8402
8401
8401
8400
8399
8397
8397
8395
8395
8394
8394
8394
8394
8392
8391
8391
8389
8388
8388
8385
8385
8383
8383
8382
8382
8381
8380
8378
8377
8376
8372
8371
8371
8370
8369
8368
8367
8366
8366
8365
8363
8363
8360
8359
8358
8358
8357
8355
8353
8353
8353
8352
8352
8352
8352
8351
8349
8349
8348
8346
8345
8342
8339
8338
8332
8332
8331
8329
8329
8329
8328
8328
8327
8326
8326
8323
8322
8320
8319
8318
8318
8318
8317
8317
8316
8315
8314
8314
8314
8312
8312
8312
8311
8310
8308
8308
8306
8305
8305
8304
8303
8300
8299
8299
8298
8296
8296
8295
8295
8294
8293
8292
8292
8290
8290
8290
8289
8289
8288
8288
8288
8287
8285
8283
8283
8282
8281
8280
8278
8278
8277
8277
8276
8276
8275
8275
8275
8274
8274
8273
8270
8269
8269
8268
8268
8268
8265
8261
8261
8260
8260
8259
8259
8258
8258
8256
8256
8256
8254
8254
8253
8252
8251
8249
8249
8246
8245
8244
8244
8244
8244
8242
8242
8239
8239
8236
8236
8235
8235
8234
8233
8232
8232
8230
8229
8229
8228
8228
8226
8226
8226
8224
8223
8222
8219
8217
8216
8216
8216
8214
8214
8213
8213
8213
8211
8210
8209
8209
8209
8207
8207
8206
8206
8205
8205
8203
8198
8198
8197
8196
8196
8195
8194
8194
8194
8190
8190
8190
8189
8185
8184
8184
8180
8180
8178
8178
8178
8177
8177
8177
8177
8176
8175
8174
8172
8172
8171
8171
8170
8169
8169
8169
8168
8168
8168
8167
8167
8167
8165
8162
8162
8161
8160
8157
8155
8155
8152
8152
8151
8150
8148
8148
8148
8146
8145
8144
8144
8143
8142
8142
8142
8141
8136
8136
8132
8132
8131
8131
8130
8127
8125
8124
8124
8123
8122
8121
8120
8118
8118
8116
8116
8113
8113
8113
8113
8111
8111
8110
8108
8105
8105
8105
8105
8104
8104
8104
8102
8101
8101
8101
8100
8099
8097
8097
8097
8096
8096
8093
8092
8091
8090
8089
8087
8087
8087
8087
8087
8085
8084
8082
8081
8081
8080
8078
8078
8074
8074
8073
8072
8071
8071
8071
8071
8071
8069
8069
8068
8068
8067
8066
8066
8064
8064
8063
8063
8062
8062
8062
8062
8061
8061
8060
8059
8059
8055
8054
8052
8051
8050
8049
8047
8046
8046
8046
8046
8046
8045
8045
8045
8044
8043
8043
8042
8042
8041
8041
8041
8040
8040
8040
8038
8038
8037
8035
8035
8035
8034
8033
8032
8030
8030
8030
8030
8027
8027
8026
8026
8026
8025
8021
8021
8020
8018
8016
8016
8015
8015
8015
8013
8012
8012
8012
8012
8012
8009
8008
8008
8006
8006
8004
8002
8001
8001
7996
7995
7995
7994
7991
7990
7990
7989
7986
7983
7981
7980
7980
7980
7979
7979
7979
7977
7977
7976
7975
7975
7974
7973
7971
7971
7970
7964
7962
7962
7959
7959
7959
7959
7958
7956
7955
7954
7954
7953
7952
7950
7949
7949
7949
7948
7948
7947
7946
7946
7943
7943
7943
7943
7942
7941
7941
7940
7940
7939
7938
7938
7937
7936
7936
7934
7934
7934
7933
7933
7933
7933
7933
7932
7932
7931
7931
7929
7929
7928
7928
7928
7927
7927
7926
7926
7925
7924
7922
7920
7919
7918
7918
7917
7917
7916
7915
7913
7913
7912
7911
7907
7905
7901
7899
7898
7898
7897
7897
7897
7896
7896
7896
7896
7896
7894
7893
7892
7891
7891
7890
7890
7889
7888
7888
7887
7884
7884
7882
7880
7878
7878
7878
7878
7877
7875
7874
7872
7871
7871
7871
7870
7868
7867
7865
7862
7862
7861
7860
7859
7858
7857
7857
7855
7855
7854
7854
7853
7853
7852
7852
7851
7848
7848
7847
7846
7846
7845
7844
7844
7843
7843
7842
7841
7839
7838
7836
7834
7832
7831
7830
7827
7827
7827
7827
7826
7824
7821
7821
7820
7818
7817
7817
7815
7815
7814
7814
7814
7813
7813
7813
7813
7812
7811
7810
7810
7809
7806
7806
7806
7803
7803
7802
7802
7799
7797
7796
7795
7794
7794
7792
7789
7788
7788
7788
7784
7784
7782
7776
7776
7776
7774
7771
7771
7770
7770
7768
7767
7767
7767
7766
7764
7764
7763
7763
7763
7762
7762
7761
7761
7760
7760
7760
7759
7758
7758
7754
7753
7753
7752
7751
7751
7750
7749
7749
7748
7747
7746
7746
7745
7743
7743
7743
7743
7742
7741
7741
7738
7738
7737
7737
7737
7737
7734
7733
7733
7732
7730
7730
7728
7727
7724
7723
7722
7722
7717
7716
7715
7713
7713
7712
7712
7712
7709
7708
7706
7705
7705
7702
7701
7699
7698
7698
7694
7694
7693
7691
7690
7689
7688
7687
7687
7686
7685
7685
7684
7679
7678
7678
7678
7677
7676
7675
7675
7675
7675
7675
7674
7669
7669
7668
7668
7666
7664
7660
7660
7658
7657
7657
7657
7655
7654
7652
7651
7650
7650
7649
7648
7646
7646
7645
7642
7641
7640
7640
7637
7637
7637
7636
7635
7633
7633
7631
7629
7629
7626
7625
7624
7623
7623
7622
7622
7620
7620
7617
7617
7617
7616
7614
7614
7614
7613
7613
7611
7610
7609
7607
7606
7604
7603
7602
7600
7600
7599
7599
7595
7594
7594
7592
7591
7590
7589
7588
7588
7588
7588
7587
7587
7586
7586
7585
7585
7584
7579
7577
7577
7576
7572
7571
7571
7568
7563
7562
7562
7561
7558
7558
7558
7557
7554
7549
7549
7545
7544
7543
7542
7542
7541
7540
7540
7539
7532
7532
7531
7531
7530
7530
7529
7529
7528
7527
7525
7522
7521
7520
7520
7518
7518
7516
7515
7515
7514
7514
7513
7513
7513
7510
7508
7507
7506
7503
7501
7501
7499
7498
7497
7496
7494
7494
7493
7492
7492
7492
7492
7491
7491
7491
7489
7489
7489
7489
7484
7482
7481
7481
7480
7477
7477
7477
7476
7474
7473
7473
7473
7470
7467
7466
7465
7464
7464
7463
7462
7461
7460
7459
7456
7455
7455
7452
7451
7451
7450
7450
7449
7449
7449
7447
7446
7446
7445
7443
7443
7443
7440
7439
7438
7438
7437
7437
7436
7435
7433
7432
7431
7431
7430
7426
7425
7420
7420
7416
7416
7414
7413
7411
7410
7410
7409
7409
7408
7406
7405
7403
7403
7400
7399
7398
7397
7397
7396
7394
7392
7391
7390
7390
7390
7387
7386
7386
7384
7384
7384
7383
7382
7382
7382
7382
7382
7381
7380
7378
7377
7375
7374
7372
7370
7367
7362
7362
7361
7361
7361
7356
7355
7355
7354
7354
7354
7354
7352
7352
7350
7345
7344
7344
7343
7342
7341
7341
7341
7340
7340
7340
7340
7339
7338
7335
7334
7333
7333
7333
7333
7333
7333
7332
7332
7332
7330
7329
7329
7329
7327
7327
7324
7324
7324
7323
7323
7322
7322
7322
7321
7320
7320
7319
7318
7318
7318
7318
7315
7315
7314
7314
7314
7311
7311
7309
7309
7308
7306
7305
7304
7304
7303
7303
7303
7303
7301
7300
7298
7297
7296
7295
7295
7295
7292
7292
7290
7289
7289
7288
7287
7286
7284
7284
7282
7282
7280
7280
7279
7278
7273
7273
7272
7272
7269
7267
7264
7264
7264
7262
7262
7262
7257
7257
7256
7255
7254
7254
7250
7249
7246
7246
7244
7243
7243
7241
7241
7241
7239
7239
7239
7237
7236
7236
7233
7231
7230
7230
7229
7228
7227
7225
7224
7223
7222
7221
7221
7219
7219
7218
7218
7218
7216
7216
7216
7214
7213
7213
7212
7211
7211
7210
7208
7208
7205
7205
7204
7204
7203
7203
7197
7197
7197
7197
7196
7196
7191
7189
7189
7186
7185
7185
7183
7181
7180
7179
7178
7177
7176
7174
7173
7173
7171
7170
7169
7169
7167
7159
7159
7156
7155
7154
7152
7148
7148
7147
7146
7144
7144
7143
7143
7142
7140
7139
7139
7136
7135
7135
7135
7134
7134
7133
7133
7131
7131
7129
7126
7126
7126
7125
7124
7122
7121
7120
7119
7117
7115
7112
7111
7111
7111
7108
7107
7106
7106
7105
7105
7104
7104
7102
7102
7099
7098
7096
7094
7093
7092
7092
7091
7091
7089
7087
7087
7086
7085
7082
7081
7081
7080
7080
7080
7078
7077
7077
7077
7076
7076
7073
7072
7071
7070
7068
7068
7066
7066
7060
7060
7059
7058
7058
7057
7057
7057
7057
7056
7055
7054
7053
7052
7052
7050
7049
7048
7048
7044
7044
7042
7042
7039
7039
7038
7038
7038
7037
7037
7036
7036
7036
7035
7034
7032
7031
7031
7030
7029
7029
7028
7027
7026
7023
7022
7021
7021
7021
7017
7015
7014
7013
7013
7012
7012
7011
7011
7010
7007
7006
7006
7003
7002
7002
7002
7000
6995
6991
6990
6988
6987
6986
6986
6986
6981
6980
6980
6980
6980
6979
6979
6978
6974
6973
6973
6973
6972
6972
6971
6971
6970
6968
6968
6968
6966
6960
6960
6955
6954
6952
6952
6951
6951
6950
6950
6949
6949
6948
6948
6947
6947
6946
6946
6945
6942
6942
6941
6938
6935
6933
6930
6926
6926
6925
6925
6923
6923
6921
6920
6920
6919
6919
6919
6917
6916
6916
6915
6915
6913
6912
6912
6910
6910
6908
6906
6906
6906
6905
6904
6904
6904
6904
6903
6902
6900
6898
6897
6896
6896
6893
6893
6892
6892
6891
6891
6890
6890
6889
6884
6884
6883
6881
6880
6878
6876
6875
6874
6873
6871
6871
6870
6869
6869
6869
6868
6867
6867
6867
6866
6863
6863
6862
6862
6861
6861
6860
6860
6859
6858
6858
6857
6857
6857
6856
6855
6854
6854
6854
6852
6851
6850
6850
6848
6844
6841
6839
6838
6837
6837
6835
6834
6834
6833
6832
6831
6831
6829
6829
6827
6826
6826
6826
6824
6822
6821
6819
6818
6817
6816
6816
6814
6812
6810
6809
6809
6808
6807
6807
6806
6806
6804
6803
6803
6799
6798
6797
6796
6795
6795
6793
6793
6793
6790
6790
6789
6786
6786
6785
6781
6781
6780
6779
6779
6775
6774
6772
6772
6770
6767
6763
6763
6762
6761
6760
6760
6758
6756
6755
6754
6754
6752
6752
6751
6751
6751
6750
6749
6748
6748
6746
6745
6743
6742
6736
6733
6733
6732
6731
6730
6730
6729
6727
6727
6726
6726
6725
6725
6722
6721
6720
6720
6719
6718
6714
6713
6713
6712
6712
6710
6708
6708
6707
6704
6704
6703
6702
6702
6701
6700
6699
6697
6697
6696
6695
6693
6692
6692
6690
6690
6689
6689
6688
6688
6687
6686
6685
6684
6683
6683
6682
6682
6680
6680
6680
6680
6677
6676
6676
6674
6674
6672
6672
6671
6671
6669
6668
6666
6665
6664
6663
6662
6661
6660
6659
6658
6658
6656
6656
6656
6653
6652
6652
6652
6648
6648
6648
6647
6647
6647
6646
6644
6642
6642
6641
6639
6638
6635
6635
6634
6632
6631
6631
6629
6628
6628
6627
6627
6626
6625
6623
6622
6620
6620
6617
6617
6616
6616
6616
6614
6612
6610
6610
6609
6609
6606
6605
6602
6601
6601
6596
6596
6596
6592
6590
6590
6589
6589
6587
6585
6585
6584
6583
6583
6582
6580
6579
6578
6578
6577
6576
6576
6575
6573
6572
6571
6570
6569
6568
6567
6567
6566
6566
6562
6561
6560
6560
6557
6557
6557
6556
6555
6554
6554
6552
6551
6549
6548
6544
6543
6542
6542
6542
6541
6541
6541
6541
6541
6541
6540
6539
6538
6536
6536
6535
6535
6533
6533
6532
6531
6529
6526
6526
6526
6526
6525
6523
6518
6518
6517
6516
6516
6514
6513
6513
6511
6511
6510
6508
6504
6504
6503
6503
6500
6500
6499
6499
6499
6497
6496
6491
6491
6485
6484
6482
6481
6481
6477
6476
6475
6475
6473
6470
6469
6465
6464
6463
6462
6461
6460
6459
6458
6458
6458
6457
6456
6454
6454
6453
6453
6452
6450
6449
6448
6447
6446
6443
6441
6441
6440
6440
6439
6438
6438
6438
6436
6436
6435
6435
6435
6435
6434
6433
6432
6432
6431
6431
6430
6430
6429
6429
6427
6427
6425
6423
6423
6422
6421
6417
6416
6416
6415
6414
6413
6408
6407
6407
6406
6406
6406
6404
6401
6401
6400
6400
6396
6396
6395
6395
6393
6393
6391
6391
6391
6390
6390
6388
6388
6387
6385
6384
6383
6382
6382
6381
6379
6378
6377
6375
6373
6369
6369
6367
6365
6362
6361
6361
6359
6358
6358
6356
6356
6355
6351
6351
6349
6348
6348
6348
6347
6347
6344
6343
6343
6341
6341
6338
6337
6336
6336
6334
6333
6333
6331
6331
6331
6327
6327
6327
6326
6326
6326
6325
6323
6323
6322
6322
6320
6320
6319
6319
6318
6318
6318
6318
6317
6317
6316
6316
6315
6314
6313
6313
6312
6312
6311
6310
6309
6309
6308
6308
6308
6306
6306
6305
6300
6300
6299
6298
6297
6297
6297
6297
6296
6296
6296
6295
6295
6294
6293
6292
6291
6290
6289
6289
6288
6286
6284
6284
6283
6283
6281
6277
6277
6275
6269
6268
6268
6266
6266
6264
6264
6263
6262
6261
6260
6257
6256
6256
6255
6255
6254
6253
6252
6252
6252
6251
6250
6249
6248
6248
6247
6247
6245
6242
6241
6241
6241
6240
6240
6239
6239
6239
6238
6238
6237
6235
6233
6233
6232
6229
6228
6228
6226
6226
6225
6225
6223
6223
6223
6223
6223
6222
6222
6222
6221
6218
6217
6217
6216
6214
6210
6210
6209
6209
6207
6206
6206
6206
6204
6204
6204
6203
6201
6201
6199
6196
6195
6195
6195
6194
6194
6193
6193
6192
6189
6188
6187
6187
6184
6183
6183
6181
6180
6180
6180
6177
6176
6175
6174
6172
6172
6169
6167
6167
6166
6165
6164
6164
6162
6161
6159
6159
6158
6157
6157
6156
6156
6156
6156
6155
6153
6153
6153
6151
6149
6149
6148
6145
6145
6141
6140
6140
6139
6139
6136
6134
6133
6130
6129
6126
6126
6126
6122
6121
6121
6120
6118
6118
6116
6116
6115
6113
6113
6112
6110
6108
6105
6103
6103
6103
6103
6102
6102
6101
6101
6098
6094
6093
6092
6091
6091
6090
6090
6089
6086
6085
6084
6084
6083
6083
6080
6080
6078
6078
6077
6077
6075
6074
6073
6070
6068
6068
6068
6067
6067
6066
6066
6066
6062
6062
6061
6061
6061
6061
6060
6059
6057
6056
6056
6053
6053
6053
6052
6051
6051
6051
6050
6050
6050
6049
6049
6047
6047
6046
6046
6045
6044
6043
6043
6042
6042
6041
6041
6039
6038
6038
6037
6037
6037
6036
6035
6034
6032
6030
6030
6029
6028
6028
6027
6026
6024
6024
6022
6020
6020
6019
6018
6016
6016
6016
6014
6013
6008
6008
6008
6007
6006
6005
6003
6003
6002
6002
6001
6001
6000
6000
5998
5997
5997
5997
5996
5995
5994
5993
5992
5989
5989
5988
5987
5986
5986
5986
5985
5985
5984
5983
5982
5982
5981
5980
5979
5977
5976
5976
5976
5976
5975
5974
5974
5974
5972
5971
5971
5970
5970
5967
5966
5964
5963
5958
5956
5955
5955
5952
5952
5951
5950
5949
5949
5949
5948
5947
5947
5946
5946
5944
5944
5943
5941
5941
5940
5940
5939
5938
5936
5936
5935
5935
5931
5930
5926
5926
5923
5923
5922
5921
5921
5921
5920
5919
5919
5919
5919
5916
5915
5915
5914
5914
5913
5913
5913
5912
5911
5911
5910
5908
5907
5907
5905
5904
5904
5904
5903
5903
5903
5902
5902
5902
5902
5900
5900
5899
5898
5897
5897
5896
5896
5896
5895
5894
5893
5892
5891
5891
5890
5888
5888
5888
5887
5887
5887
5885
5884
5884
5884
5882
5882
5881
5881
5881
5879
5879
5878
5873
5871
5869
5868
5867
5866
5863
5863
5863
5863
5862
5862
5861
5861
5858
5857
5857
5857
5856
5856
5854
5853
5853
5852
5850
5850
5849
5847
5847
5846
5844
5843
5842
5841
5839
5838
5838
5838
5837
5835
5834
5834
5832
5832
5831
5829
5828
5827
5822
5822
5821
5821
5820
5818
5818
5816
5816
5816
5815
5815
5814
5813
5813
5813
5812
5812
5811
5810
5810
5809
5808
5807
5805
5803
5802
5802
5800
5799
5798
5798
5792
5789
5787
5787
5787
5786
5785
5784
5784
5783
5782
5782
5782
5780
5779
5779
5778
5774
5771
5771
5770
5768
5768
5766
5764
5763
5762
5762
5762
5761
5760
5759
5759
5759
5759
5758
5758
5757
5755
5754
5751
5750
5749
5747
5745
5745
5743
5741
5741
5740
5740
5739
5739
5737
5736
5736
5736
5735
5733
5733
5731
5729
5729
5728
5728
5724
5723
5722
5721
5721
5721
5720
5717
5717
5716
5716
5714
5711
5711
5711
5709
5708
5707
5707
5707
5707
5707
5706
5705
5701
5700
5700
5698
5696
5694
5694
5693
5692
5691
5688
5688
5687
5687
5685
5684
5684
5683
5682
5682
5682
5679
5679
5679
5679
5679
5678
5676
5676
5674
5673
5672
5672
5671
5671
5671
5669
5666
5666
5665
5665
5664
5663
5663
5662
5660
5658
5656
5656
5656
5653
5653
5652
5651
5651
5651
5649
5649
5648
5648
5647
5647
5645
5645
5644
5642
5641
5641
5640
5640
5639
5638
5637
5637
5637
5634
5634
5633
5633
5633
5631
5629
5628
5627
5624
5624
5622
5622
5621
5620
5618
5618
5617
5617
5616
5616
5615
5615
5613
5611
5611
5609
5609
5609
5608
5607
5604
5604
5602
5601
5600
5600
5599
5597
5596
5595
5594
5593
5593
5592
5590
5589
5589
5589
5588
5585
5582
5582
5580
5578
5576
5575
5574
5574
5574
5570
5569
5568
5565
5561
5560
5558
5558
5556
5554
5553
5553
5553
5551
5550
5549
5549
5548
5548
5545
5544
5543
5542
5541
5539
5535
5533
5533
5532
5530
5530
5529
5528
5526
5525
5525
5524
5519
5519
5514
5512
5512
5510
5510
5509
5509
5508
5508
5508
5507
5507
5506
5505
5504
5503
5503
5502
5501
5500
5499
5498
5497
5497
5496
5495
5495
5492
5492
5490
5490
5489
5488
5488
5488
5487
5485
5484
5484
5484
5483
5481
5481
5480
5479
5479
5478
5478
5477
5477
5475
5473
5471
5470
5469
5469
5468
5468
5467
5467
5467
5466
5466
5465
5465
5464
5463
5462
5462
5458
5458
5456
5455
5455
5454
5454
5454
5452
5452
5448
5447
5447
5445
5444
5444
5444
5444
5442
5442
5441
5441
5439
5438
5437
5436
5436
5436
5435
5435
5432
5432
5430
5428
5428
5426
5422
5422
5420
5419
5418
5418
5416
5416
5415
5414
5412
5411
5408
5407
5406
5404
5403
5402
5395
5395
5395
5392
5392
5392
5391
5390
5389
5388
5386
5385
5383
5381
5381
5380
5380
5380
5379
5379
5378
5378
5378
5377
5377
5376
5376
5376
5375
5375
5374
5374
5373
5367
5367
5366
5366
5365
5364
5361
5358
5354
5352
5351
5351
5350
5348
5348
5347
5345
5344
5344
5343
5340
5340
5340
5340
5339
5339
5339
5329
5329
5327
5326
5325
5323
5317
5317
5316
5316
5316
5314
5314
5314
5314
5313
5313
5312
5311
5311
5310
5310
5309
5307
5305
5304
5304
5304
5300
5298
5298
5296
5296
5293
5292
5292
5290
5289
5288
5285
5284
5284
5283
5283
5282
5281
5280
5280
5278
5278
5278
5277
5271
5271
5270
5268
5268
5267
5267
5266
5266
5265
5265
5265
5265
5265
5263
5262
5260
5259
5259
5259
5258
5257
5256
5255
5255
5253
5253
5250
5249
5249
5248
5248
5245
5243
5243
5241
5241
5239
5239
5236
5234
5234
5232
5232
5231
5231
5229
5228
5228
5226
5224
5223
5222
5222
5222
5222
5222
5222
5219
5218
5216
5216
5216
5214
5214
5212
5209
5208
5208
5207
5207
5206
5206
5205
5204
5203
5203
5199
5198
5197
5196
5194
5191
5190
5190
5190
5189
5185
5184
5183
5180
5177
5177
5176
5176
5174
5173
5173
5171
5170
5170
5170
5168
5167
5165
5165
5163
5162
5161
5157
5156
5156
5156
5155
5154
5152
5151
5150
5150
5149
5147
5145
5144
5144
5144
5144
5142
5141
5141
5139
5137
5137
5136
5136
5134
5133
5132
5131
5131
5130
5130
5129
5127
5127
5127
5126
5125
5124
5123
5122
5119
5115
5115
5112
5111
5111
5110
5109
5108
5108
5108
5107
5107
5106
5105
5105
5104
5102
5101
5100
5099
5099
5099
5099
5098
5097
5097
5097
5096
5095
5095
5093
5092
5092
5090
5089
5088
5087
5083
5081
5081
5080
5080
5079
5079
5078
5077
5075
5074
5073
5073
5072
5071
5070
5069
5068
5067
5065
5064
5063
5062
5061
5061
5060
5060
5059
5059
5057
5056
5056
5056
5055
5053
5053
5052
5051
5051
5048
5048
5045
5044
5043
5043
5043
5042
5040
5040
5038
5037
5036
5036
5034
5033
5032
5032
5031
5031
5030
5030
5028
5027
5024
5024
5022
5022
5022
5021
5020
5020
5020
5019
5018
5018
5017
5016
5014
5012
5010
5008
5007
5005
5005
5003
5003
4998
4997
4997
4993
4992
4990
4990
4988
4987
4987
4987
4986
4986
4986
4985
4985
4985
4985
4983
4983
4982
4982
4981
4977
4977
4976
4974
4973
4973
4972
4972
4972
4972
4971
4971
4971
4970
4970
4969
4968
4968
4968
4965
4965
4964
4963
4963
4962
4962
4961
4961
4958
4958
4958
4958
4957
4956
4956
4954
4952
4950
4950
4950
4948
4947
4946
4945
4945
4945
4944
4943
4943
4942
4942
4941
4940
4939
4935
4935
4935
4935
4934
4934
4933
4933
4932
4931
4929
4928
4928
4927
4926
4926
4926
4925
4923
4922
4922
4921
4921
4921
4920
4919
4917
4916
4916
4915
4913
4912
4910
4910
4909
4906
4905
4904
4903
4902
4900
4900
4899
4897
4896
4895
4892
4891
4890
4890
4889
4889
4889
4887
4886
4886
4884
4884
4884
4883
4882
4882
4881
4880
4880
4880
4877
4873
4873
4872
4872
4871
4870
4870
4868
4865
4865
4864
4862
4861
4861
4861
4859
4858
4858
4858
4857
4857
4856
4855
4853
4853
4852
4851
4849
4849
4848
4846
4844
4844
4843
4843
4841
4841
4840
4840
4838
4838
4836
4835
4835
4835
4834
4834
4834
4832
4831
4830
4829
4828
4828
4825
4824
4824
4823
4822
4822
4821
4821
4820
4818
4816
4816
4815
4815
4813
4812
4811
4811
4811
4809
4807
4806
4806
4805
4803
4802
4802
4800
4799
4798
4798
4796
4790
4789
4786
4785
4784
4784
4783
4783
4782
4782
4780
4779
4779
4779
4779
4778
4778
4778
4778
4775
4775
4775
4774
4774
4774
4773
4773
4772
4771
4771
4770
4768
4765
4764
4764
4764
4763
4763
4762
4761
4761
4760
4759
4757
4756
4756
4755
4755
4752
4751
4749
4749
4748
4743
4743
4743
4743
4742
4739
4737
4734
4733
4733
4726
4725
4725
4725
4724
4724
4723
4723
4722
4721
4721
4714
4714
4714
4714
4713
4710
4709
4709
4708
4708
4708
4705
4705
4703
4703
4703
4703
4702
4702
4701
4701
4699
4699
4697
4697
4697
4696
4696
4695
4693
4690
4689
4686
4686
4685
4684
4684
4684
4683
4683
4683
4682
4681
4681
4681
4681
4678
4678
4677
4673
4672
4671
4665
4665
4663
4662
4662
4661
4660
4660
4657
4656
4656
4655
4655
4654
4654
4652
4652
4651
4650
4650
4648
4648
4647
4646
4646
4646
4645
4644
4644
4643
4643
4641
4640
4639
4638
4638
4637
4637
4637
4636
4636
4635
4635
4635
4634
4634
4633
4631
4630
4629
4629
4627
4626
4625
4625
4624
4623
4622
4620
4618
4617
4616
4615
4612
4609
4608
4608
4608
4606
4605
4604
4604
4603
4603
4600
4599
4599
4598
4598
4597
4597
4595
4593
4593
4592
4592
4591
4591
4590
4586
4585
4583
4582
4582
4581
4581
4580
4578
4575
4575
4575
4574
4574
4573
4573
4570
4570
4569
4569
4568
4567
4567
4565
4565
4564
4563
4562
4562
4561
4559
4559
4559
4556
4555
4553
4553
4551
4551
4551
4550
4549
4548
4548
4544
4543
4543
4541
4541
4540
4540
4539
4536
4535
4535
4534
4532
4532
4532
4532
4531
4531
4531
4531
4530
4527
4527
4526
4526
4524
4523
4523
4523
4522
4522
4518
4517
4515
4513
4513
4513
4512
4512
4512
4509
4507
4507
4506
4506
4505
4504
4502
4502
4500
4497
4496
4496
4495
4492
4490
4489
4488
4488
4488
4486
4485
4483
4482
4482
4481
4481
4479
4479
4478
4477
4476
4476
4474
4474
4473
4473
4472
4471
4470
4467
4465
4464
4464
4463
4463
4462
4461
4461
4456
4456
4454
4453
4453
4453
4449
4448
4447
4446
4446
4445
4444
4441
4440
4439
4437
4436
4436
4435
4433
4433
4432
4430
4429
4429
4429
4428
4427
4426
4422
4419
4418
4417
4414
4414
4411
4411
4407
4406
4405
4405
4403
4401
4401
4400
4395
4395
4395
4394
4394
4393
4391
4391
4391
4390
4389
4387
4387
4386
4385
4384
4384
4381
4380
4378
4375
4375
4374
4371
4371
4370
4370
4369
4368
4367
4367
4366
4366
4366
4366
4365
4361
4360
4358
4358
4355
4354
4354
4353
4352
4352
4352
4352
4351
4350
4350
4350
4349
4348
4348
4348
4347
4347
4346
4346
4344
4344
4342
4341
4341
4340
4338
4336
4335
4335
4335
4335
4334
4334
4333
4333
4333
4330
4329
4327
4325
4324
4324
4324
4323
4323
4323
4322
4322
4321
4321
4317
4316
4315
4315
4315
4314
4314
4312
4312
4308
4308
4307
4307
4307
4306
4304
4303
4303
4302
4301
4300
4298
4297
4296
4296
4295
4295
4292
4291
4291
4289
4288
4287
4286
4286
4285
4284
4283
4283
4283
4279
4279
4275
4275
4274
4272
4272
4272
4271
4270
4270
4269
4269
4268
4266
4264
4264
4264
4264
4263
4262
4260
4260
4260
4257
4256
4256
4255
4253
4251
4249
4247
4246
4245
4243
4241
4240
4240
4239
4238
4237
4237
4237
4235
4235
4234
4234
4233
4233
4233
4233
4231
4231
4228
4228
4226
4224
4224
4223
4223
4223
4222
4221
4221
4217
4214
4213
4213
4212
4212
4211
4210
4210
4210
4209
4209
4208
4208
4207
4207
4206
4206
4206
4205
4204
4204
4204
4204
4203
4201
4201
4198
4197
4196
4195
4192
4192
4191
4190
4188
4187
4187
4185
4185
4183
4182
4182
4181
4181
4180
4180
4180
4180
4179
4178
4177
4177
4176
4175
4174
4173
4171
4170
4169
4166
4164
4163
4160
4160
4158
4158
4156
4152
4152
4151
4150
4150
4150
4149
4148
4147
4147
4144
4142
4142
4141
4136
4136
4134
4134
4133
4132
4132
4131
4130
4129
4126
4125
4125
4123
4122
4121
4120
4119
4117
4114
4112
4112
4111
4110
4109
4107
4105
4104
4103
4102
4101
4100
4100
4099
4097
4097
4096
4094
4094
4093
4093
4093
4090
4090
4087
4087
4086
4085
4085
4084
4083
4083
4082
4081
4081
4080
4080
4080
4079
4079
4078
4077
4076
4075
4074
4074
4074
4074
4072
4071
4071
4071
4070
4069
4069
4068
4067
4066
4065
4065
4065
4065
4064
4060
4060
4060
4059
4059
4056
4055
4055
4055
4054
4053
4052
4052
4052
4050
4050
4048
4047
4046
4046
4046
4045
4045
4042
4042
4041
4041
4041
4040
4039
4038
4035
4035
4034
4032
4032
4031
4031
4030
4030
4029
4029
4029
4028
4028
4026
4025
4025
4025
4022
4021
4020
4018
4017
4016
4016
4015
4014
4012
4010
4010
4009
4008
4008
4006
4003
4003
4002
4001
4001
4001
3999
3996
3996
3995
3995
3994
3993
3991
3986
3986
3985
3984
3984
3983
3982
3982
3981
3981
3981
3979
3978
3976
3974
3973
3972
3971
3968
3967
3966
3964
3964
3963
3962
3961
3960
3960
3959
3959
3958
3957
3954
3953
3952
3952
3951
3949
3948
3947
3947
3946
3944
3944
3944
3942
3940
3937
3935
3935
3934
3933
3932
3932
3930
3930
3929
3928
3927
3927
3927
3926
3926
3925
3922
3922
3920
3920
3919
3917
3916
3914
3914
3912
3911
3910
3910
3909
3909
3905
3904
3902
3895
3894
3894
3893
3882
3881
3877
3874
3874
3873
3871
3868
3867
3867
3867
3867
3866
3864
3864
3863
3862
3861
3861
3860
3859
3856
3853
3852
3850
3849
3848
3848
3847
3847
3847
3843
3843
3842
3842
3842
3842
3840
3839
3835
3834
3834
3833
3832
3830
3829
3826
3826
3826
3825
3825
3825
3824
3824
3824
3822
3820
3820
3819
3819
3819
3816
3816
3814
3812
3812
3811
3810
3809
3808
3808
3806
3806
3806
3805
3804
3804
3803
3799
3798
3798
3797
3796
3795
3794
3793
3793
3793
3793
3793
3792
3791
3791
3791
3791
3790
3788
3785
3784
3782
3781
3780
3780
3777
3775
3775
3775
3775
3774
3771
3771
3770
3767
3766
3765
3763
3762
3760
3760
3759
3759
3759
3757
3757
3757
3757
3756
3756
3756
3755
3755
3754
3751
3751
3750
3749
3748
3747
3746
3746
3745
3744
3742
3740
3738
3736
3736
3730
3730
3730
3728
3728
3727
3727
3727
3727
3726
3726
3723
3723
3720
3720
3720
3719
3719
3719
3718
3717
3713
3713
3712
3711
3710
3708
3708
3707
3706
3706
3706
3705
3702
3701
3701
3701
3700
3700
3698
3696
3696
3695
3694
3690
3689
3689
3689
3688
3687
3685
3684
3683
3682
3680
3678
3678
3677
3677
3675
3675
3673
3670
3668
3668
3666
3666
3665
3665
3664
3664
3663
3662
3661
3661
3661
3660
3660
3658
3656
3656
3656
3655
3655
3654
3653
3651
3650
3647
3646
3644
3642
3641
3641
3640
3638
3637
3637
3637
3635
3635
3634
3633
3632
3632
3631
3630
3629
3629
3629
3628
3628
3627
3626
3625
3625
3625
3624
3624
3623
3622
3622
3620
3617
3614
3614
3613
3613
3613
3612
3611
3609
3607
3606
3604
3604
3603
3602
3602
3602
3601
3600
3600
3596
3595
3594
3594
3593
3592
3592
3590
3590
3589
3587
3587
3586
3586
3585
3584
3583
3582
3581
3580
3580
3579
3579
3578
3578
3578
3575
3575
3575
3574
3573
3573
3572
3571
3570
3570
3570
3569
3568
3567
3566
3566
3566
3564
3560
3560
3559
3558
3557
3554
3554
3549
3549
3549
3549
3548
3545
3542
3540
3540
3535
3532
3531
3531
3531
3530
3529
3528
3526
3526
3525
3524
3522
3522
3520
3518
3517
3517
3516
3516
3515
3512
3512
3511
3511
3509
3509
3507
3507
3505
3505
3504
3504
3504
3502
3502
3502
3501
3501
3500
3499
3498
3495
3494
3493
3493
3491
3490
3490
3488
3487
3485
3482
3481
3480
3480
3480
3477
3475
3475
3474
3474
3473
3473
3472
3472
3471
3471
3470
3469
3469
3469
3469
3468
3468
3468
3467
3467
3467
3465
3465
3462
3462
3461
3461
3459
3459
3456
3455
3454
3454
3454
3453
3451
3448
3447
3446
3445
3445
3443
3443
3443
3442
3442
3440
3439
3438
3438
3437
3434
3434
3433
3433
3433
3431
3429
3428
3427
3425
3425
3424
3419
3419
3417
3417
3416
3415
3415
3414
3414
3413
3411
3410
3407
3405
3405
3404
3404
3403
3402
3401
3401
3398
3396
3394
3394
3394
3390
3389
3386
3386
3385
3385
3384
3382
3382
3382
3381
3381
3380
3379
3378
3377
3377
3376
3374
3374
3374
3373
3371
3370
3369
3369
3369
3368
3366
3366
3366
3364
3364
3361
3358
3358
3357
3356
3356
3354
3354
3353
3353
3352
3352
3351
3350
3347
3347
3346
3345
3345
3344
3343
3341
3338
3338
3337
3337
3337
3334
3333
3333
3331
3331
3331
3330
3329
3327
3326
3323
3323
3323
3322
3319
3318
3318
3318
3318
3316
3316
3316
3314
3314
3313
3312
3310
3308
3306
3306
3306
3306
3305
3305
3304
3304
3303
3303
3303
3302
3301
3301
3301
3299
3299
3298
3297
3297
3296
3295
3293
3292
3291
3290
3287
3287
3287
3286
3286
3285
3285
3285
3285
3283
3282
3282
3282
3281
3280
3279
3278
3276
3276
3274
3272
3272
3271
3270
3268
3268
3268
3266
3264
3261
3259
3258
3257
3257
3256
3256
3254
3254
3253
3252
3252
3251
3248
3248
3248
3247
3247
3247
3247
3245
3243
3243
3243
3243
3242
3242
3242
3241
3241
3241
3240
3240
3239
3239
3238
3237
3237
3236
3234
3234
3231
3230
3229
3227
3225
3224
3222
3222
3220
3218
3214
3213
3210
3208
3207
3206
3205
3203
3203
3203
3199
3199
3196
3194
3194
3192
3190
3189
3188
3186
3186
3185
3185
3181
3181
3180
3180
3177
3177
3175
3173
3172
3172
3171
3169
3166
3164
3164
3163
3163
3160
3157
3155
3155
3153
3152
3152
3152
3151
3149
3147
3147
3146
3145
3145
3145
3141
3139
3138
3136
3135
3135
3133
3131
3130
3130
3130
3127
3126
3125
3124
3124
3120
3119
3118
3117
3116
3116
3115
3114
3111
3108
3107
3105
3105
3101
3100
3099
3096
3095
3092
3091
3091
3090
3088
3088
3087
3087
3087
3085
3084
3083
3083
3083
3081
3080
3077
3077
3077
3076
3075
3075
3073
3073
3072
3072
3071
3071
3071
3070
3070
3069
3069
3068
3068
3067
3067
3067
3067
3066
3066
3065
3065
3065
3064
3063
3062
3062
3057
3057
3057
3056
3056
3055
3055
3053
3051
3051
3050
3050
3049
3048
3048
3047
3047
3047
3046
3046
3045
3043
3041
3039
3039
3037
3034
3034
3034
3034
3034
3032
3031
3031
3030
3030
3028
3027
3027
3027
3026
3026
3026
3026
3024
3024
3024
3023
3023
3022
3019
3017
3017
3016
3016
3016
3016
3015
3015
3015
3013
3010
3008
3006
3005
3004
3003
3003
3002
3002
3000
2997
2996
2996
2994
2994
2993
2992
2989
2988
2987
2987
2987
2985
2981
2977
2976
2976
2974
2972
2972
2970
2970
2970
2968
2965
2964
2962
2959
2958
2956
2956
2954
2954
2951
2950
2946
2946
2945
2944
2943
2940
2937
2935
2934
2934
2933
2933
2932
2932
2930
2929
2929
2927
2927
2926
2926
2926
2925
2925
2924
2924
2922
2922
2921
2920
2918
2916
2913
2912
2910
2909
2909
2907
2906
2905
2904
2899
2898
2897
2894
2893
2893
2892
2890
2890
2890
2889
2888
2887
2885
2884
2882
2882
2882
2881
2881
2881
2880
2880
2875
2874
2874
2873
2873
2871
2871
2869
2868
2868
2864
2864
2861
2860
2859
2859
2858
2857
2857
2856
2855
2855
2855
2854
2854
2853
2853
2852
2849
2847
2846
2844
2844
2843
2843
2843
2841
2841
2839
2838
2837
2834
2832
2829
2829
2829
2826
2825
2822
2822
2821
2821
2820
2820
2819
2818
2817
2815
2814
2813
2813
2813
2810
2810
2809
2808
2807
2805
2802
2801
2801
2801
2796
2795
2794
2793
2792
2791
2790
2790
2789
2789
2789
2788
2787
2787
2786
2785
2785
2784
2780
2779
2778
2776
2775
2774
2774
2771
2771
2771
2770
2770
2769
2768
2767
2766
2765
2765
2765
2764
2764
2760
2760
2760
2759
2759
2759
2759
2758
2755
2753
2753
2753
2753
2752
2752
2751
2749
2748
2747
2746
2746
2746
2745
2745
2745
2742
2739
2738
2737
2737
2736
2736
2731
2729
2729
2725
2723
2723
2723
2722
2722
2721
2720
2719
2719
2717
2717
2716
2712
2711
2710
2709
2709
2709
2708
2708
2707
2707
2707
2705
2703
2703
2703
2702
2702
2702
2699
2697
2696
2695
2694
2693
2692
2691
2690
2688
2688
2687
2687
2686
2686
2685
2682
2682
2680
2678
2678
2677
2676
2675
2674
2672
2672
2672
2671
2671
2668
2666
2666
2664
2664
2663
2662
2662
2661
2661
2660
2658
2657
2657
2656
2656
2655
2653
2653
2651
2650
2649
2648
2648
2648
2648
2645
2644
2642
2641
2640
2639
2638
2636
2635
2633
2633
2632
2632
2631
2631
2630
2629
2629
2628
2628
2627
2627
2626
2626
2625
2624
2623
2622
2620
2618
2615
2611
2610
2609
2608
2606
2606
2605
2604
2604
2602
2601
2601
2600
2599
2599
2596
2596
2595
2595
2593
2592
2592
2592
2592
2591
2591
2591
2590
2589
2588
2588
2587
2586
2586
2586
2586
2585
2584
2581
2581
2578
2578
2578
2576
2574
2573
2571
2571
2571
2570
2570
2569
2569
2568
2568
2567
2565
2564
2563
2563
2560
2558
2558
2558
2556
2555
2555
2552
2551
2550
2549
2548
2548
2547
2546
2545
2545
2544
2543
2542
2542
2542
2539
2538
2537
2537
2536
2536
2535
2534
2532
2532
2530
2527
2526
2526
2525
2525
2524
2521
2519
2519
2519
2518
2518
2518
2517
2517
2517
2516
2516
2514
2513
2513
2511
2510
2509
2509
2508
2507
2507
2506
2505
2503
2501
2499
2498
2497
2496
2496
2494
2494
2494
2491
2491
2491
2491
2490
2489
2488
2487
2486
2485
2484
2484
2483
2482
2482
2481
2481
2479
2479
2478
2478
2477
2474
2473
2473
2472
2471
2471
2470
2468
2467
2467
2467
2466
2464
2461
2461
2459
2457
2456
2456
2453
2452
2451
2450
2449
2449
2448
2446
2446
2445
2442
2440
2439
2438
2438
2438
2438
2437
2437
2436
2435
2435
2433
2433
2431
2431
2430
2430
2429
2425
2425
2425
2424
2423
2423
2420
2420
2418
2417
2417
2414
2413
2413
2412
2411
2407
2406
2405
2404
2403
2400
2400
2399
2398
2397
2396
2395
2392
2392
2391
2388
2387
2387
2386
2382
2381
2381
2380
2380
2376
2374
2373
2372
2371
2371
2370
2368
2367
2367
2365
2364
2364
2364
2364
2362
2362
2361
2360
2359
2357
2356
2356
2356
2356
2354
2351
2348
2348
2347
2347
2346
2346
2345
2345
2343
2340
2340
2339
2338
2336
2335
2333
2332
2332
2331
2331
2329
2329
2329
2328
2328
2327
2325
2325
2324
2324
2323
2321
2318
2318
2318
2318
2317
2316
2314
2314
2312
2311
2310
2309
2306
2303
2303
2303
2302
2302
2300
2300
2300
2299
2298
2295
2294
2294
2294
2294
2293
2293
2292
2292
2292
2292
2291
2290
2290
2288
2288
2288
2287
2287
2285
2282
2280
2280
2278
2278
2278
2277
2274
2273
2272
2271
2270
2269
2266
2265
2265
2264
2264
2264
2263
2263
2262
2261
2260
2260
2259
2257
2257
2255
2254
2254
2254
2253
2253
2252
2250
2249
2249
2249
2248
2247
2243
2241
2241
2240
2238
2236
2235
2234
2234
2232
2232
2232
2230
2228
2227
2225
2225
2225
2224
2222
2221
2220
2220
2220
2218
2217
2217
2214
2214
2213
2212
2211
2211
2210
2210
2210
2208
2204
2204
2204
2203
2201
2200
2199
2197
2197
2196
2195
2195
2195
2194
2193
2192
2191
2191
2190
2190
2190
2190
2190
2189
2189
2189
2188
2187
2187
2185
2184
2184
2183
2183
2182
2180
2180
2179
2179
2179
2177
2176
2175
2175
2175
2175
2174
2174
2173
2169
2167
2166
2165
2163
2163
2163
2159
2158
2157
2156
2156
2153
2151
2149
2149
2149
2149
2149
2148
2147
2146
2145
2144
2142
2142
2142
2141
2140
2139
2137
2137
2136
2136
2136
2135
2133
2132
2131
2129
2129
2129
2128
2127
2127
2126
2126
2125
2125
2123
2122
2121
2121
2120
2119
2116
2116
2115
2114
2113
2113
2112
2112
2111
2110
2110
2109
2106
2105
2104
2103
2103
2099
2099
2096
2095
2092
2091
2091
2090
2090
2090
2089
2089
2086
2082
2081
2076
2075
2075
2073
2071
2069
2069
2069
2068
2068
2068
2067
2063
2059
2058
2057
2056
2056
2055
2055
2054
2054
2054
2053
2052
2051
2051
2051
2050
2049
2047
2047
2046
2043
2041
2040
2039
2038
2038
2037
2037
2036
2036
2036
2035
2031
2029
2029
2028
2028
2027
2027
2026
2024
2023
2023
2023
2019
2017
2017
2015
2015
2015
2013
2010
2009
2007
2006
2005
2004
2002
2002
2001
2001
1999
1998
1998
1997
1996
1995
1994
1994
1994
1992
1990
1990
1990
1989
1988
1987
1987
1987
1986
1984
1983
1983
1981
1980
1979
1978
1978
1977
1976
1975
1975
1974
1974
1973
1972
1972
1971
1968
1968
1967
1964
1962
1962
1960
1959
1959
1958
1957
1957
1956
1956
1954
1954
1954
1951
1951
1951
1948
1944
1942
1942
1941
1940
1940
1938
1937
1936
1936
1935
1935
1935
1935
1933
1933
1931
1931
1931
1930
1927
1925
1925
1924
1924
1923
1921
1918
1918
1917
1915
1914
1914
1913
1912
1911
1910
1909
1909
1908
1908
1905
1903
1903
1903
1902
1902
1898
1897
1896
1895
1895
1894
1892
1892
1892
1890
1890
1888
1886
1886
1884
1884
1883
1883
1879
1878
1878
1877
1877
1876
1876
1875
1874
1873
1871
1870
1869
1869
1869
1866
1862
1861
1861
1860
1857
1857
1857
1857
1856
1854
1854
1854
1852
1852
1850
1848
1847
1846
1844
1843
1842
1842
1841
1840
1839
1838
1838
1836
1836
1835
1834
1834
1833
1833
1833
1831
1828
1827
1826
1824
1823
1823
1823
1817
1815
1813
1811
1810
1809
1809
1808
1808
1807
1805
1803
1803
1801
1801
1801
1800
1800
1799
1799
1797
1792
1792
1791
1790
1788
1787
1786
1786
1785
1785
1785
1784
1784
1782
1781
1781
1779
1776
1776
1774
1774
1773
1772
1772
1770
1770
1770
1769
1769
1768
1766
1766
1763
1762
1761
1759
1756
1755
1754
1753
1753
1750
1749
1749
1749
1748
1748
1746
1744
1741
1741
1740
1738
1738
1737
1737
1737
1737
1736
1736
1735
1735
1734
1734
1734
1733
1731
1731
1730
1728
1727
1723
1723
1722
1722
1721
1717
1713
1712
1709
1709
1705
1705
1704
1704
1703
1702
1701
1700
1699
1699
1698
1698
1697
1696
1696
1695
1693
1693
1693
1690
1690
1687
1687
1687
1686
1686
1686
1685
1684
1680
1679
1679
1679
1678
1678
1677
1675
1674
1673
1672
1671
1670
1669
1667
1666
1666
1665
1662
1661
1660
1660
1659
1658
1658
1658
1657
1650
1649
1648
1648
1647
1643
1641
1641
1638
1637
1636
1634
1634
1632
1632
1630
1628
1626
1626
1625
1624
1623
1623
1621
1619
1618
1618
1618
1617
1613
1613
1612
1612
1612
1611
1610
1609
1609
1608
1608
1605
1603
1602
1601
1601
1599
1599
1594
1588
1585
1584
1583
1583
1583
1583
1581
1580
1579
1578
1577
1575
1574
1574
1572
1571
1568
1567
1564
1562
1561
1560
1560
1559
1559
1557
1556
1556
1555
1554
1553
1551
1548
1548
1548
1547
1545
1544
1543
1543
1543
1541
1541
1541
1540
1537
1536
1535
1533
1531
1530
1529
1528
1528
1527
1527
1527
1525
1524
1523
1523
1523
1522
1522
1522
1520
1518
1517
1517
1516
1516
1513
1512
1512
1510
1509
1507
1506
1505
1503
1501
1499
1499
1499
1499
1498
1498
1496
1496
1496
1495
1494
1494
1489
1488
1486
1486
1484
1483
1483
1483
1482
1482
1481
1480
1480
1479
1478
1477
1477
1475
1470
1469
1466
1465
1465
1463
1463
1463
1463
1462
1459
1458
1457
1456
1456
1455
1452
1450
1450
1449
1446
1444
1444
1442
1441
1440
1435
1434
1433
1432
1431
1429
1429
1428
1425
1425
1425
1424
1423
1423
1422
1420
1420
1417
1417
1416
1413
1412
1411
1410
1409
1409
1404
1404
1399
1396
1396
1393
1392
1391
1390
1388
1386
1386
1381
1381
1380
1380
1379
1379
1379
1379
1379
1379
1378
1378
1377
1376
1376
1376
1376
1376
1375
1374
1372
1372
1371
1370
1369
1368
1367
1367
1367
1367
1367
1365
1365
1365
1364
1364
1364
1361
1360
1356
1355
1355
1353
1352
1352
1352
1351
1351
1348
1348
1348
1348
1345
1344
1344
1343
1343
1343
1343
1342
1341
1341
1340
1340
1339
1338
1338
1338
1335
1334
1333
1331
1330
1330
1327
1325
1324
1323
1323
1322
1321
1320
1319
1319
1318
1317
1317
1317
1316
1316
1315
1314
1314
1312
1311
1310
1310
1310
1309
1307
1305
1304
1304
1303
1301
1300
1300
1299
1298
1297
1295
1295
1294
1292
1290
1290
1289
1287
1283
1283
1279
1279
1279
1278
1277
1277
1274
1273
1272
1271
1271
1270
1269
1268
1268
1267
1266
1266
1266
1265
1264
1264
1264
1263
1262
1261
1260
1258
1258
1254
1253
1253
1252
1252
1252
1252
1252
1251
1247
1247
1247
1246
1245
1243
1242
1241
1240
1240
1238
1237
1237
1236
1235
1235
1234
1229
1229
1228
1227
1225
1222
1222
1221
1221
1219
1219
1218
1218
1217
1216
1215
1215
1214
1214
1211
1211
1210
1210
1210
1209
1208
1207
1207
1205
1205
1203
1203
1202
1201
1200
1198
1198
1198
1196
1195
1194
1193
1192
1192
1191
1191
1191
1191
1190
1189
1188
1188
1187
1185
1182
1181
1180
1179
1179
1179
1179
1179
1179
1178
1178
1177
1175
1175
1174
1172
1172
1172
1171
1171
1170
1170
1169
1169
1169
1168
1168
1167
1167
1166
1166
1166
1165
1165
1164
1164
1163
1162
1161
1161
1159
1159
1157
1155
1155
1155
1153
1153
1152
1152
1151
1148
1148
1145
1144
1143
1142
1141
1140
1140
1140
1139
1139
1137
1136
1135
1135
1135
1134
1133
1133
1133
1131
1131
1130
1130
1130
1128
1128
1127
1126
1122
1120
1119
1119
1118
1117
1117
1117
1115
1113
1111
1109
1108
1108
1107
1105
1104
1104
1104
1103
1102
1102
1100
1100
1098
1097
1097
1095
1095
1094
1092
1091
1091
1091
1089
1087
1087
1085
1084
1083
1082
1081
1079
1078
1078
1077
1076
1076
1075
1075
1074
1073
1072
1072
1072
1071
1070
1070
1068
1066
1066
1064
1063
1061
1060
1058
1058
1057
1057
1055
1053
1053
1053
1052
1051
1051
1050
1048
1048
1046
1046
1045
1045
1045
1042
1042
1040
1040
1039
1037
1037
1036
1035
1035
1034
1033
1033
1033
1033
1032
1030
1029
1027
1027
1026
1026
1025
1024
1024
1021
1021
1018
1017
1016
1016
1016
1011
1011
1011
1009
1008
1008
1008
1007
1006
1005
1005
1005
1004
1003
1002
1001
1001
1001
1000
999
997
997
996
995
993
993
993
992
992
992
990
989
988
987
987
985
983
982
980
979
979
978
977
977
977
977
977
975
974
974
973
973
971
971
969
968
966
965
965
963
963
963
962
962
961
961
959
958
958
958
956
956
953
952
951
949
949
947
947
947
947
946
943
943
942
942
941
941
941
940
939
936
932
932
932
931
931
930
930
930
930
929
926
925
924
924
924
922
921
920
918
916
916
916
914
913
912
912
911
910
908
908
906
904
904
903
903
901
899
899
898
896
896
895
894
894
893
892
886
886
884
884
884
883
883
883
882
881
881
881
880
880
880
880
880
878
877
877
877
875
875
872
872
872
871
870
869
869
869
868
868
865
865
865
863
862
862
858
858
858
858
855
855
854
853
849
848
848
847
847
847
847
847
845
845
843
843
841
840
836
836
836
832
829
828
828
827
827
827
824
823
823
822
822
819
819
818
817
815
814
813
810
808
808
807
801
799
799
797
796
795
795
795
794
794
794
793
792
792
792
791
790
790
790
789
788
785
782
782
781
781
779
778
776
772
769
768
767
763
762
760
760
759
757
756
755
755
755
755
754
754
752
752
750
750
749
749
748
748
747
745
745
744
743
741
738
738
737
736
736
735
734
733
733
732
731
730
729
728
728
728
726
723
723
722
722
721
721
717
717
715
714
712
712
711
711
709
709
709
708
708
707
707
706
704
704
704
703
702
701
701
699
699
698
698
698
698
697
696
696
695
692
691
690
688
687
685
685
685
684
684
684
682
682
681
680
679
679
679
678
676
676
675
675
674
669
667
665
665
665
663
661
660
660
660
659
658
657
656
656
656
656
655
655
654
651
651
650
647
646
645
645
645
642
640
638
637
637
636
635
633
633
633
631
631
630
630
629
629
629
626
623
620
620
620
620
619
619
618
618
617
617
615
615
615
610
610
609
609
608
608
607
605
603
602
600
598
598
597
596
596
594
593
591
591
590
587
587
585
585
582
581
581
578
577
576
575
572
572
571
570
568
568
568
567
566
565
563
560
560
559
559
553
551
550
550
550
550
550
548
546
543
543
541
541
540
539
539
538
536
536
536
536
535
532
527
526
526
526
525
524
522
521
520
520
520
520
518
517
516
513
513
513
513
512
512
511
511
510
510
509
508
507
507
505
505
505
503
499
499
496
496
495
493
492
491
490
490
489
489
489
489
489
488
487
486
483
481
480
480
479
478
478
478
478
477
475
474
474
473
472
471
470
470
469
469
469
468
468
468
465
463
459
459
458
457
456
453
452
451
449
448
448
448
445
445
441
441
440
439
439
438
435
434
434
431
431
430
430
430
429
428
427
426
426
425
423
423
421
419
417
414
414
414
414
413
413
412
411
410
409
409
408
407
407
406
406
406
405
403
402
401
401
399
397
395
394
393
391
390
390
388
388
388
386
385
384
384
383
383
382
381
379
379
378
378
377
374
374
373
373
372
372
372
370
369
367
367
366
365
363
361
360
359
359
358
356
355
353
350
349
349
345
344
344
342
342
340
340
340
338
338
338
336
336
335
333
332
331
330
329
328
326
325
322
321
321
321
318
317
316
314
314
312
312
311
310
309
309
307
306
301
301
300
298
298
297
296
296
295
295
294
292
291
291
288
287
286
285
285
283
283
279
278
276
276
272
272
271
271
270
270
269
268
268
267
266
266
266
266
265
265
264
264
264
263
263
260
259
257
256
252
251
246
246
245
245
244
244
243
243
242
240
240
239
238
238
238
235
234
234
233
232
232
231
230
227
224
224
224
222
220
220
219
219
218
216
215
214
214
214
213
212
212
208
208
208
207
205
204
203
202
200
199
198
194
193
191
190
189
189
189
185
184
181
181
179
179
178
177
177
176
173
173
170
170
169
169
168
167
167
166
165
164
161
161
161
156
155
152
151
150
149
149
149
148
148
148
147
147
147
147
146
146
145
145
143
143
143
142
142
140
139
138
138
137
137
136
135
131
130
129
129
129
127
126
126
123
122
122
121
121
120
120
119
119
119
116
112
112
111
110
108
108
108
107
106
105
105
105
104
104
103
102
101
101
99
98
97
94
93
93
92
91
91
91
90
89
88
87
87
86
86
83
80
79
79
79
78
76
75
74
74
72
71
69
69
65
64
64
63
63
60
60
59
59
58
57
56
55
55
53
52
52
51
51
50
50
50
49
49
48
44
43
43
42
42
41
41
41
40
40
39
39
36
35
35
35
35
35
35
35
34
34
33
32
32
32
31
31
31
30
30
28
27
26
26
25
25
24
23
23
23
20
19
18
18
16
15
15
14
14
11
10
9
7
7
6
4
4
2
1
0
