9999
9999
9998
9997
9996
9996
9995
9995
9995
9994
9990
9990
9989
9988
9988
9987
9986
9986
9985
9984
9984
9982
9981
9980
9977
9975
9973
9971
9971
9970
9970
9969
9968
9967
9967
9966
9963
9963
9961
9961
9960
9960
9960
9959
9958
9958
9957
9957
9956
9955
9954
9953
9953
9953
9951
9949
9948
9948
9947
9947
9947
9946
9945
9944
9944
9944
9943
9940
9939
9939
9939
9936
9936
9935
9934
9932
9929
9928
9928
9927
9926
9925
9924
9922
9921
9920
9920
9918
9918
9918
9916
9914
9913
9913
9913
9912
9910
9910
9909
9909
9909
9907
9907
9906
9905
9904
9904
9901
9901
9901
9900
9898
9898
9897
9896
9893
9892
9889
9887
9887
9886
9886
9884
9883
9883
9882
9881
9880
9880
9879
9879
9879
9877
9874
9873
9872
9872
9869
9869
9869
9868
9867
9866
9866
9866
9865
9865
9865
9864
9864
9864
9863
9863
9862
9859
9858
9858
9857
9853
9852
9852
9851
9851
9850
9849
9847
9847
9845
9845
9844
9844
9844
9844
9844
9842
9842
9842
9842
9842
9841
9840
9839
9838
9836
9834
9834
9833
9832
9832
9832
9830
9829
9829
9829
9829
9827
9827
9827
9825
9824
9821
9821
9820
9820
9819
9818
9818
9816
9814
9813
9813
9813
9813
9813
9811
9811
9811
9811
9809
9809
9808
9808
9807
9806
9805
9804
9804
9804
9803
9802
9802
9802
9801
9801
9801
9800
9799
9798
9798
9797
9797
9797
9795
9795
9795
9795
9794
9794
9793
9793
9792
9791
9790
9789
9789
9789
9788
9788
9788
9788
9787
9787
9787
9786
9786
9785
9785
9784
9783
9783
9783
9781
9781
9780
9779
9779
9779
9779
9777
9777
9776
9774
9774
9772
9772
9771
9771
9769
9769
9768
9766
9764
9764
9763
9760
9760
9760
9760
9759
9759
9759
9758
9756
9756
9756
9755
9753
9752
9751
9750
9748
9747
9747
9746
9746
9744
9744
9743
9742
9742
9734
9730
9728
9728
9727
9727
9725
9725
9725
9722
9718
9718
9717
9712
9712
9712
9711
9711
9710
9710
9710
9709
9709
9708
9708
9707
9704
9703
9702
9701
9700
9699
9699
9699
9698
9697
9697
9696
9696
9696
9696
9695
9694
9694
9691
9691
9690
9689
9689
9689
9688
9686
9684
9683
9683
9682
9682
9681
9680
9679
9679
9678
9676
9676
9671
9669
9669
9667
9666
9665
9665
9664
9664
9664
9664
9663
9663
9661
9659
9659
9658
9656
9652
9649
9649
9649
9648
9647
9647
9645
9645
9643
9639
9639
9638
9636
9635
9634
9634
9633
9632
9632
9631
9628
9625
9620
9620
9619
9619
9619
9618
9618
9617
9617
9617
9616
9615
9615
9614
9613
9612
9612
9611
9611
9610
9609
9609
9609
9609
9608
9606
9605
9604
9604
9603
9603
9602
9600
9600
9599
9598
9596
9595
9593
9591
9591
9590
9590
9589
9588
9587
9587
9586
9585
9584
9584
9582
9582
9581
9580
9580
9579
9579
9576
9576
9576
9576
9575
9575
9572
9572
9572
9572
9571
9570
9568
9568
9567
9565
9563
9561
9561
9559
9558
9557
9556
9555
9555
9555
9553
9551
9550
9550
9550
9550
9550
9547
9546
9545
9545
9544
9544
9544
9544
9544
9540
9539
9538
9537
9536
9535
9533
9532
9532
9531
9529
9527
9526
9526
9526
9525
9524
9521
9517
9516
9515
9514
9514
9514
9514
9513
9512
9511
9511
9511
9510
9510
9509
9509
9509
9508
9507
9506
9505
9504
9504
9502
9502
9501
9500
9499
9495
9494
9493
9492
9491
9491
9490
9487
9487
9484
9484
9484
9483
9483
9482
9482
9481
9480
9479
9478
9475
9473
9473
9471
9470
9469
9469
9468
9467
9467
9464
9463
9462
9461
9461
9461
9459
9459
9458
9458
9457
9457
9455
9454
9453
9453
9452
9451
9450
9449
9448
9448
9447
9447
9446
9446
9445
9442
9442
9441
9441
9440
9440
9440
9440
9440
9439
9439
9438
9437
9437
9436
9436
9434
9433
9429
9428
9428
9424
9421
9421
9421
9420
9419
9419
9418
9418
9416
9416
9414
9414
9413
9411
9409
9408
9408
9408
9407
9406
9405
9405
9404
9403
9401
9401
9399
9398
9397
9395
9395
9395
9392
9391
9388
9388
9386
9384
9384
9383
9382
9381
9381
9381
9379
9379
9379
9379
9377
9377
9376
9375
9374
9374
9373
9368
9368
9368
9368
9366
9364
9363
9363
9363
9362
9362
9361
9361
9360
9358
9356
9354
9353
9352
9351
9350
9346
9346
9345
9345
9344
9340
9340
9339
9338
9338
9337
9336
9336
9336
9335
9332
9332
9332
9331
9331
9330
9330
9330
9329
9328
9326
9324
9322
9322
9321
9321
9320
9318
9317
9317
9317
9317
9309
9309
9308
9306
9306
9305
9305
9304
9304
9304
9301
9301
9300
9299
9298
9298
9297
9297
9297
9297
9296
9296
9293
9291
9291
9290
9290
9290
9290
9289
9287
9286
9285
9285
9284
9283
9281
9281
9279
9278
9278
9276
9275
9275
9274
9270
9270
9270
9269
9268
9267
9264
9263
9262
9261
9260
9259
9259
9257
9255
9254
9254
9254
9253
9252
9252
9251
9251
9250
9250
9246
9245
9244
9244
9243
9242
9240
9239
9239
9239
9238
9237
9237
9236
9235
9235
9235
9235
9233
9231
9229
9227
9226
9226
9225
9225
9225
9225
9225
9223
9222
9222
9219
9217
9217
9215
9215
9214
9213
9211
9210
9208
9205
9204
9204
9203
9203
9203
9201
9201
9198
9196
9196
9195
9195
9194
9194
9193
9192
9192
9191
9189
9189
9188
9187
9187
9186
9186
9186
9183
9183
9182
9182
9181
9178
9178
9173
9172
9172
9171
9171
9168
9167
9167
9166
9166
9164
9164
9164
9162
9162
9162
9161
9161
9159
9155
9154
9153
9152
9150
9148
9148
9147
9146
9144
9144
9143
9142
9141
9140
9139
9137
9134
9134
9133
9131
9128
9126
9126
9125
9125
9124
9123
9123
9122
9118
9118
9116
9115
9115
9114
9110
9109
9108
9107
9106
9105
9103
9102
9102
9100
9100
9098
9096
9095
9093
9093
9091
9090
9090
9089
9089
9088
9086
9086
9085
9084
9082
9082
9080
9080
9080
9079
9076
9076
9076
9075
9074
9072
9072
9071
9071
9070
9069
9069
9069
9067
9067
9064
9063
9061
9060
9059
9059
9055
9054
9054
9053
9052
9051
9050
9050
9046
9046
9044
9041
9041
9040
9040
9040
9039
9037
9035
9033
9033
9033
9032
9030
9028
9025
9023
9023
9022
9021
9020
9020
9019
9019
9018
9017
9014
9013
9013
9012
9010
9009
9009
9007
9005
9005
9004
9003
9001
9000
9000
9000
9000
9000
8998
8995
8994
8993
8991
8991
8990
8989
8989
8989
8989
8987
8987
8986
8985
8984
8983
8981
8981
8981
8981
8980
8979
8977
8974
8974
8973
8972
8971
8970
8970
8969
8969
8967
8966
8965
8965
8965
8964
8961
8960
8959
8958
8958
8958
8958
8958
8957
8957
8956
8954
8954
8953
8952
8951
8951
8951
8951
8950
8950
8948
8946
8945
8945
8943
8942
8942
8941
8940
8940
8938
8937
8936
8935
8935
8934
8934
8933
8933
8932
8932
8932
8932
8931
8929
8929
8928
8928
8927
8926
8923
8922
8922
8922
8920
8919
8919
8919
8915
8915
8913
8911
8911
8910
8909
8909
8909
8907
8907
8905
8903
8903
8902
8901
8901
8901
8901
8900
8899
8898
8897
8896
8896
8894
8894
8894
8894
8893
8893
8893
8892
8892
8891
8888
8888
8888
8887
8887
8887
8880
8879
8878
8876
8876
8875
8875
8874
8873
8872
8872
8871
8871
8871
8870
8870
8869
8869
8867
8867
8866
8866
8865
8865
8865
8864
8864
8864
8864
8863
8862
8862
8862
8858
8857
8857
8853
8853
8852
8852
8852
8849
8847
8847
8846
8846
8844
8844
8843
8843
8843
8842
8842
8841
8840
8840
8840
8840
8839
8839
8837
8836
8836
8834
8833
8832
8830
8830
8829
8826
8823
8823
8820
8820
8818
8817
8815
8813
8813
8812
8812
8812
8810
8809
8808
8807
8805
8805
8805
8804
8803
8803
8801
8800
8799
8798
8798
8798
8795
8794
8793
8793
8792
8792
8791
8790
8790
8789
8787
8787
8786
8785
8785
8784
8784
8784
8784
8784
8783
8782
8782
8782
8781
8779
8778
8774
8773
8773
8771
8771
8769
8768
8768
8766
8764
8764
8764
8764
8764
8763
8762
8762
8761
8761
8761
8761
8760
8760
8760
8759
8758
8757
8756
8756
8755
8753
8751
8751
8750
8750
8750
8750
8749
8749
8748
8746
8746
8746
8745
8741
8740
8740
8738
8734
8732
8731
8731
8730
8730
8730
8730
8729
8729
8723
8721
8720
8719
8716
8716
8715
8714
8714
8714
8709
8709
8708
8708
8706
8706
8706
8704
8704
8703
8703
8702
8701
8700
8700
8699
8699
8697
8696
8695
8693
8692
8692
8691
8689
8689
8687
8686
8685
8684
8684
8684
8683
8683
8681
8680
8680
8678
8675
8673
8671
8671
8670
8668
8667
8667
8667
8664
8664
8664
8663
8661
8659
8658
8656
8655
8654
8654
8654
8654
8653
8652
8650
8650
8649
8648
8647
8646
8645
8645
8645
8644
8640
8638
8638
8636
8635
8635
8630
8629
8628
8627
8625
8622
8622
8621
8621
8618
8617
8616
8613
8612
8611
8611
8609
8606
8605
8604
8604
8604
8604
8602
8602
8600
8599
8599
8598
8597
8597
8597
8594
8593
8593
8591
8590
8588
8587
8587
8587
8586
8586
8585
8584
8583
8581
8581
8580
8580
8579
8578
8578
8577
8576
8576
8575
8575
8573
8571
8568
8568
8568
8567
8566
8565
8564
8564
8563
8561
8561
8561
8560
8560
8559
8556
8555
8554
8554
8554
8553
8552
8551
8551
8549
8548
8548
8548
8547
8546
8544
8543
8543
8540
8538
8537
8537
8534
8533
8533
8532
8530
8527
8525
8523
8522
8521
8519
8517
8516
8515
8515
8515
8515
8514
8513
8511
8510
8509
8509
8507
8505
8505
8504
8503
8502
8502
8502
8497
8497
8497
8496
8495
8494
8491
8490
8489
8487
8487
8487
8484
8482
8482
8481
8479
8479
8478
8477
8477
8476
8476
8476
8476
8475
8470
8467
8467
8467
8467
8466
8466
8465
8465
8463
8461
8461
8459
8459
8458
8457
8456
8455
8455
8453
8453
8453
8452
8452
8451
8449
8448
8447
8443
8442
8442
8442
8441
8440
8440
8439
8437
8437
8436
8435
8433
8431
8429
8428
8427
8426
8423
8422
8422
8421
8421
8420
8419
8419
8416
8416
8415
8414
8414
8414
8413
8412
8411
8411
8411
8408
8407
8406
8404
8404
8404
8403
8403
8403
8402
8402
8402
8402
8402
8400
8400
8400
8400
8400
8397
8395
8395
8392
8392
8392
8390
8388
8388
8387
8387
8386
8386
8386
8384
8384
8383
8383
8382
8382
8381
8381
8380
8377
8375
8374
8374
8374
8374
8374
8373
8372
8372
8369
8368
8367
8366
8365
8364
8364
8362
8362
8362
8361
8358
8352
8351
8351
8350
8347
8346
8346
8346
8345
8343
8340
8339
8338
8338
8334
8333
8333
8332
8332
8332
8329
8327
8325
8324
8324
8322
8321
8319
8317
8317
8316
8316
8314
8310
8310
8307
8307
8304
8301
8301
8300
8299
8298
8297
8297
8295
8292
8291
8290
8290
8290
8290
8288
8283
8282
8281
8281
8279
8279
8279
8278
8277
8277
8276
8274
8272
8271
8271
8269
8267
8266
8266
8265
8265
8263
8263
8262
8262
8261
8261
8261
8259
8258
8256
8256
8255
8252
8251
8247
8246
8246
8245
8245
8244
8244
8242
8242
8239
8238
8236
8235
8234
8234
8234
8234
8233
8230
8228
8228
8228
8224
8217
8214
8214
8211
8209
8209
8208
8208
8206
8204
8201
8201
8196
8195
8192
8190
8190
8189
8188
8187
8186
8185
8183
8183
8180
8176
8174
8174
8173
8173
8171
8171
8170
8170
8170
8169
8169
8168
8168
8166
8166
8165
8161
8161
8160
8159
8159
8159
8158
8157
8157
8154
8153
8153
8151
8150
8148
8147
8147
8145
8145
8143
8140
8139
8139
8138
8137
8137
8136
8135
8134
8133
8132
8128
8127
8125
8124
8124
8123
8122
8119
8119
8117
8117
8114
8112
8108
8107
8104
8104
8104
8103
8100
8096
8096
8095
8094
8094
8093
8093
8091
8090
8089
8088
8088
8088
8082
8079
8079
8079
8077
8076
8075
8073
8071
8071
8071
8071
8070
8069
8069
8068
8067
8066
8065
8063
8063
8062
8062
8050
8049
8049
8049
8049
8049
8047
8046
8046
8046
8044
8043
8043
8043
8042
8042
8041
8041
8039
8039
8038
8037
8037
8037
8034
8030
8030
8029
8029
8028
8027
8027
8026
8021
8018
8018
8017
8017
8016
8015
8014
8012
8011
8009
8008
8008
8006
8006
8003
8002
8002
8000
8000
7998
7998
7997
7995
7995
7992
7988
7987
7987
7986
7985
7983
7980
7979
7978
7976
7976
7976
7975
7975
7973
7973
7972
7971
7970
7969
7969
7969
7969
7965
7964
7964
7962
7962
7961
7960
7960
7956
7955
7954
7954
7952
7952
7950
7950
7950
7949
7949
7948
7947
7944
7942
7939
7938
7937
7937
7935
7934
7934
7934
7932
7931
7930
7929
7925
7925
7925
7922
7922
7922
7922
7921
7920
7920
7919
7919
7918
7916
7916
7916
7916
7915
7914
7914
7912
7910
7908
7907
7907
7907
7905
7902
7902
7901
7901
7899
7899
7898
7897
7897
7895
7890
7890
7889
7889
7888
7887
7885
7882
7880
7878
7876
7876
7876
7875
7875
7874
7873
7871
7871
7870
7869
7869
7867
7865
7865
7865
7864
7863
7863
7861
7859
7857
7853
7851
7850
7849
7847
7847
7846
7845
7843
7842
7841
7840
7839
7838
7837
7837
7836
7835
7835
7835
7834
7833
7833
7832
7831
7830
7829
7826
7826
7826
7826
7826
7825
7824
7824
7824
7823
7821
7821
7820
7820
7817
7815
7814
7814
7813
7812
7812
7810
7808
7808
7807
7806
7805
7803
7803
7802
7801
7800
7799
7799
7799
7796
7795
7795
7794
7794
7794
7793
7792
7792
7791
7791
7789
7788
7786
7786
7785
7782
7781
7781
7780
7780
7779
7779
7778
7776
7774
7772
7772
7772
7772
7771
7769
7769
7768
7768
7766
7766
7765
7763
7762
7761
7760
7760
7759
7758
7758
7757
7756
7756
7755
7755
7754
7754
7753
7753
7751
7748
7748
7747
7747
7745
7745
7744
7741
7741
7740
7738
7738
7738
7733
7731
7730
7728
7728
7728
7727
7723
7723
7723
7722
7721
7720
7719
7719
7717
7717
7717
7716
7716
7716
7715
7713
7713
7712
7712
7709
7708
7706
7703
7701
7700
7700
7700
7699
7697
7697
7696
7694
7693
7693
7692
7692
7692
7689
7687
7687
7687
7687
7685
7685
7684
7683
7683
7682
7679
7676
7676
7675
7674
7674
7674
7673
7672
7672
7672
7671
7671
7669
7669
7667
7667
7667
7667
7666
7665
7663
7663
7662
7661
7659
7659
7658
7656
7652
7650
7648
7646
7645
7645
7643
7643
7643
7643
7642
7638
7638
7637
7636
7634
7634
7634
7632
7631
7630
7630
7629
7629
7629
7628
7628
7628
7627
7627
7627
7624
7624
7622
7621
7621
7621
7620
7620
7619
7619
7616
7616
7616
7615
7615
7615
7613
7612
7611
7607
7607
7606
7606
7604
7604
7601
7601
7600
7598
7597
7595
7594
7594
7593
7592
7592
7589
7589
7584
7584
7584
7583
7583
7581
7581
7580
7580
7579
7579
7579
7575
7574
7573
7572
7571
7570
7570
7570
7570
7568
7566
7566
7564
7564
7563
7562
7557
7557
7557
7554
7553
7553
7553
7552
7552
7550
7550
7548
7547
7547
7547
7546
7546
7545
7542
7542
7542
7537
7534
7534
7534
7533
7532
7531
7531
7530
7530
7529
7528
7528
7526
7522
7522
7521
7519
7519
7518
7517
7514
7512
7512
7511
7511
7511
7510
7509
7508
7507
7506
7506
7506
7505
7505
7505
7504
7504
7502
7500
7498
7497
7495
7494
7492
7492
7491
7490
7487
7486
7486
7485
7485
7485
7483
7482
7480
7479
7476
7475
7474
7472
7471
7470
7470
7469
7469
7469
7467
7466
7465
7465
7465
7463
7461
7460
7460
7460
7460
7459
7458
7458
7457
7457
7455
7454
7451
7449
7445
7443
7440
7439
7439
7439
7438
7436
7432
7432
7432
7430
7430
7430
7429
7428
7427
7426
7426
7426
7425
7425
7425
7424
7424
7423
7423
7423
7422
7421
7421
7419
7418
7417
7415
7414
7413
7413
7412
7412
7411
7407
7407
7405
7404
7404
7403
7403
7400
7400
7400
7398
7396
7396
7395
7394
7393
7393
7392
7391
7391
7391
7388
7388
7388
7387
7386
7386
7385
7385
7384
7383
7383
7381
7380
7380
7378
7377
7377
7376
7371
7371
7370
7369
7367
7364
7364
7362
7362
7361
7359
7359
7358
7356
7354
7353
7352
7350
7349
7348
7347
7347
7347
7347
7346
7346
7345
7344
7343
7343
7339
7339
7339
7338
7338
7338
7337
7335
7333
7333
7331
7331
7329
7329
7329
7327
7327
7326
7326
7325
7325
7325
7324
7323
7322
7322
7321
7320
7319
7315
7315
7313
7313
7312
7311
7309
7309
7309
7308
7307
7307
7306
7306
7304
7304
7304
7303
7299
7299
7298
7297
7297
7295
7294
7293
7292
7290
7289
7289
7288
7288
7284
7283
7278
7278
7277
7275
7275
7275
7270
7269
7268
7263
7263
7262
7260
7260
7259
7259
7258
7257
7255
7255
7255
7254
7252
7252
7251
7251
7250
7250
7248
7248
7248
7247
7246
7245
7244
7243
7243
7241
7240
7237
7236
7235
7235
7234
7234
7233
7232
7232
7230
7230
7230
7228
7228
7227
7226
7224
7224
7224
7224
7222
7222
7220
7219
7219
7216
7216
7216
7215
7215
7215
7213
7213
7212
7211
7211
7211
7209
7209
7208
7207
7206
7205
7204
7204
7203
7202
7201
7197
7195
7194
7192
7192
7192
7191
7190
7189
7189
7188
7185
7185
7184
7184
7183
7182
7182
7181
7181
7180
7180
7179
7178
7177
7177
7177
7174
7174
7173
7172
7171
7171
7169
7169
7167
7166
7164
7164
7163
7163
7161
7159
7158
7158
7156
7155
7154
7153
7152
7152
7151
7149
7148
7148
7148
7148
7147
7144
7143
7142
7141
7141
7141
7140
7139
7138
7134
7134
7133
7133
7132
7131
7130
7130
7129
7128
7127
7125
7124
7123
7122
7122
7120
7120
7120
7119
7119
7117
7116
7116
7116
7115
7114
7112
7111
7111
7111
7110
7110
7108
7108
7105
7104
7104
7103
7102
7098
7095
7094
7093
7092
7090
7090
7090
7087
7087
7087
7086
7085
7085
7085
7084
7083
7083
7082
7082
7081
7079
7078
7075
7074
7071
7070
7070
7068
7066
7065
7063
7060
7058
7057
7056
7055
7055
7052
7046
7045
7045
7043
7035
7034
7034
7033
7033
7032
7032
7032
7031
7031
7031
7030
7029
7027
7026
7025
7025
7021
7019
7019
7019
7017
7015
7014
7012
7012
7011
7010
7009
7006
7005
7005
7004
7004
7003
7000
6999
6999
6999
6999
6998
6996
6994
6994
6994
6994
6994
6993
6992
6991
6990
6989
6989
6988
6988
6988
6988
6987
6987
6986
6985
6985
6985
6983
6982
6982
6982
6981
6979
6979
6978
6977
6977
6976
6975
6973
6973
6973
6972
6972
6971
6971
6969
6968
6968
6967
6966
6966
6966
6963
6962
6961
6959
6957
6955
6955
6953
6953
6951
6948
6947
6946
6944
6944
6943
6943
6942
6941
6941
6936
6936
6933
6930
6929
6928
6926
6925
6922
6922
6922
6919
6918
6918
6917
6915
6915
6915
6912
6911
6911
6911
6910
6910
6910
6910
6909
6908
6908
6907
6906
6906
6903
6903
6902
6902
6902
6901
6900
6900
6900
6899
6899
6897
6896
6896
6896
6895
6894
6894
6893
6893
6891
6886
6885
6885
6883
6883
6883
6882
6881
6880
6879
6878
6878
6876
6876
6875
6874
6873
6873
6871
6870
6869
6869
6869
6868
6868
6868
6867
6867
6866
6864
6863
6861
6861
6861
6860
6858
6856
6853
6853
6852
6851
6850
6849
6847
6847
6847
6846
6846
6845
6844
6843
6841
6839
6836
6834
6834
6833
6832
6832
6832
6832
6831
6831
6829
6828
6827
6826
6822
6822
6820
6819
6819
6818
6817
6817
6815
6814
6813
6813
6806
6805
6801
6801
6801
6800
6800
6800
6799
6799
6799
6799
6799
6798
6798
6796
6795
6794
6794
6793
6792
6791
6791
6791
6790
6790
6787
6785
6783
6781
6780
6780
6778
6777
6777
6776
6772
6771
6770
6769
6768
6768
6767
6767
6767
6766
6765
6763
6763
6761
6761
6759
6758
6758
6757
6756
6755
6753
6753
6753
6752
6752
6751
6751
6749
6749
6747
6746
6746
6745
6745
6745
6743
6741
6741
6737
6735
6735
6734
6733
6730
6730
6730
6728
6727
6725
6725
6723
6722
6721
6721
6721
6720
6719
6718
6718
6715
6714
6714
6713
6713
6713
6712
6710
6710
6710
6708
6706
6705
6699
6697
6696
6696
6696
6693
6693
6691
6690
6690
6690
6688
6688
6688
6687
6685
6685
6685
6683
6683
6681
6681
6680
6678
6675
6672
6670
6666
6665
6664
6664
6663
6663
6662
6662
6659
6654
6653
6652
6651
6651
6647
6647
6647
6646
6645
6645
6644
6644
6642
6641
6640
6639
6639
6638
6637
6632
6631
6630
6630
6630
6629
6629
6627
6626
6625
6625
6625
6624
6622
6621
6619
6618
6617
6616
6615
6615
6614
6612
6611
6611
6609
6609
6606
6606
6606
6604
6604
6602
6600
6599
6598
6597
6596
6596
6595
6594
6593
6592
6590
6590
6589
6589
6589
6589
6589
6588
6587
6585
6584
6582
6582
6579
6579
6576
6575
6575
6574
6574
6571
6570
6569
6569
6567
6565
6561
6559
6557
6552
6552
6551
6550
6549
6546
6544
6543
6542
6542
6541
6538
6534
6534
6534
6528
6527
6527
6526
6523
6523
6523
6520
6520
6519
6516
6516
6516
6515
6514
6514
6514
6513
6513
6512
6512
6512
6512
6511
6510
6510
6508
6508
6507
6507
6503
6503
6503
6503
6501
6501
6501
6501
6500
6499
6497
6497
6497
6497
6495
6494
6493
6492
6491
6490
6490
6487
6487
6485
6485
6485
6484
6483
6482
6480
6480
6479
6478
6478
6477
6477
6475
6475
6475
6474
6473
6471
6471
6470
6469
6468
6465
6465
6464
6462
6462
6461
6459
6457
6456
6455
6455
6451
6450
6449
6448
6445
6445
6440
6440
6440
6439
6437
6434
6434
6434
6433
6432
6431
6430
6430
6428
6428
6427
6424
6423
6422
6422
6422
6421
6421
6421
6420
6418
6416
6415
6415
6414
6414
6414
6413
6413
6410
6410
6410
6406
6402
6401
6400
6400
6399
6399
6398
6398
6396
6396
6395
6395
6394
6394
6392
6392
6391
6389
6388
6387
6385
6384
6382
6381
6379
6378
6376
6376
6373
6373
6373
6372
6371
6371
6371
6371
6370
6370
6369
6367
6367
6365
6364
6364
6363
6361
6360
6360
6360
6357
6357
6357
6355
6354
6353
6353
6350
6349
6348
6348
6348
6347
6345
6344
6343
6343
6342
6342
6341
6340
6340
6339
6339
6338
6338
6335
6334
6333
6330
6330
6327
6325
6325
6324
6324
6323
6323
6322
6321
6320
6318
6315
6315
6315
6313
6313
6309
6308
6308
6307
6303
6303
6302
6301
6301
6301
6299
6298
6297
6297
6297
6296
6296
6295
6294
6291
6290
6290
6290
6289
6289
6289
6284
6283
6282
6282
6282
6280
6279
6279
6277
6276
6276
6275
6274
6274
6273
6273
6273
6272
6271
6271
6268
6265
6265
6261
6261
6261
6261
6259
6258
6256
6256
6255
6255
6255
6254
6254
6253
6252
6252
6251
6251
6250
6249
6249
6249
6247
6246
6243
6243
6241
6239
6238
6237
6236
6235
6235
6234
6233
6233
6233
6232
6232
6231
6229
6229
6228
6227
6227
6226
6225
6225
6224
6222
6221
6220
6220
6218
6217
6216
6216
6215
6213
6213
6212
6211
6210
6210
6209
6209
6209
6208
6207
6206
6206
6203
6202
6201
6201
6200
6200
6199
6197
6194
6191
6190
6189
6187
6187
6186
6183
6182
6182
6182
6182
6182
6182
6181
6179
6179
6173
6169
6166
6164
6164
6163
6163
6161
6156
6155
6153
6153
6151
6148
6146
6146
6146
6143
6143
6143
6142
6140
6139
6138
6136
6135
6135
6133
6133
6130
6130
6130
6129
6129
6128
6125
6123
6122
6122
6121
6120
6118
6118
6117
6116
6115
6114
6114
6112
6112
6112
6111
6110
6108
6107
6106
6104
6103
6100
6099
6098
6098
6097
6096
6095
6095
6093
6092
6091
6090
6089
6089
6089
6087
6086
6085
6083
6081
6080
6080
6079
6078
6077
6073
6073
6072
6070
6070
6067
6067
6066
6065
6065
6062
6062
6060
6059
6058
6058
6057
6056
6054
6051
6049
6048
6048
6047
6046
6046
6044
6042
6042
6041
6041
6041
6038
6037
6035
6035
6035
6030
6030
6030
6030
6029
6029
6029
6029
6028
6028
6027
6027
6026
6025
6024
6023
6022
6022
6022
6017
6015
6015
6014
6014
6014
6012
6011
6011
6011
6010
6009
6009
6008
6006
6006
6005
6004
6004
6004
6003
6003
6000
5999
5998
5996
5996
5991
5991
5989
5989
5989
5988
5988
5984
5984
5984
5982
5982
5982
5982
5981
5980
5978
5977
5977
5977
5976
5976
5976
5975
5974
5973
5973
5969
5968
5968
5966
5964
5964
5963
5963
5960
5957
5956
5955
5953
5952
5952
5951
5950
5948
5948
5948
5947
5947
5946
5944
5944
5942
5942
5939
5939
5938
5936
5934
5933
5932
5931
5931
5931
5930
5929
5929
5927
5926
5925
5925
5921
5921
5921
5920
5919
5919
5918
5918
5918
5917
5917
5915
5915
5914
5913
5913
5912
5912
5909
5909
5909
5909
5908
5908
5907
5906
5904
5904
5903
5903
5901
5901
5900
5899
5899
5897
5895
5894
5892
5890
5889
5888
5887
5887
5886
5886
5886
5886
5885
5884
5883
5880
5878
5876
5876
5875
5873
5872
5871
5870
5870
5870
5870
5867
5867
5866
5865
5864
5864
5864
5862
5862
5862
5855
5854
5854
5854
5851
5851
5847
5847
5845
5845
5842
5840
5840
5837
5835
5834
5832
5831
5830
5829
5829
5829
5828
5827
5827
5823
5822
5821
5820
5818
5818
5813
5812
5812
5812
5810
5809
5809
5808
5806
5806
5805
5805
5803
5803
5802
5801
5801
5800
5800
5798
5798
5797
5796
5796
5796
5795
5795
5795
5794
5793
5792
5791
5790
5789
5789
5787
5785
5785
5785
5785
5785
5784
5783
5783
5779
5778
5776
5775
5774
5773
5772
5772
5771
5770
5770
5770
5769
5767
5765
5765
5765
5765
5764
5764
5763
5763
5762
5760
5760
5759
5759
5758
5758
5757
5757
5756
5755
5754
5751
5750
5749
5748
5748
5746
5746
5746
5746
5745
5744
5744
5743
5742
5741
5741
5741
5740
5740
5740
5738
5738
5737
5736
5733
5732
5732
5731
5730
5729
5727
5727
5726
5726
5726
5724
5721
5720
5720
5720
5720
5718
5717
5717
5717
5714
5714
5712
5711
5708
5707
5707
5707
5706
5706
5705
5702
5701
5700
5699
5699
5697
5697
5697
5697
5696
5696
5695
5695
5694
5693
5692
5691
5690
5690
5689
5688
5687
5687
5684
5681
5681
5681
5681
5680
5678
5678
5674
5674
5673
5672
5671
5670
5670
5667
5664
5663
5661
5659
5658
5658
5656
5656
5655
5654
5654
5654
5651
5650
5647
5647
5647
5646
5646
5642
5641
5640
5640
5639
5639
5639
5638
5636
5635
5635
5634
5633
5633
5633
5632
5632
5632
5632
5631
5630
5630
5629
5628
5627
5626
5626
5626
5626
5626
5623
5623
5623
5622
5621
5620
5619
5617
5616
5616
5615
5615
5614
5614
5610
5610
5609
5609
5609
5606
5606
5605
5603
5603
5602
5600
5598
5596
5595
5594
5594
5594
5594
5594
5593
5592
5591
5591
5589
5589
5584
5584
5583
5583
5582
5582
5582
5580
5580
5579
5579
5578
5578
5577
5575
5574
5574
5571
5571
5570
5570
5570
5568
5567
5565
5564
5563
5562
5562
5561
5559
5558
5556
5556
5556
5555
5555
5555
5554
5553
5553
5553
5552
5552
5550
5549
5548
5548
5547
5547
5545
5544
5543
5543
5543
5542
5541
5540
5540
5539
5539
5538
5538
5537
5537
5535
5535
5534
5533
5530
5528
5528
5527
5527
5526
5526
5525
5525
5524
5524
5523
5522
5519
5519
5517
5516
5512
5512
5510
5509
5509
5508
5507
5506
5506
5506
5503
5503
5499
5496
5491
5490
5486
5485
5485
5482
5482
5481
5481
5479
5479
5477
5477
5477
5476
5475
5475
5475
5475
5474
5472
5470
5469
5468
5466
5466
5466
5465
5463
5462
5457
5457
5457
5454
5453
5450
5450
5450
5449
5449
5448
5447
5447
5447
5446
5446
5446
5443
5443
5440
5440
5438
5438
5437
5435
5435
5435
5434
5434
5434
5429
5428
5427
5426
5426
5426
5425
5424
5423
5419
5418
5418
5417
5415
5412
5412
5412
5411
5411
5411
5410
5410
5406
5403
5403
5402
5401
5400
5399
5397
5396
5395
5395
5394
5394
5393
5393
5392
5392
5392
5392
5391
5389
5385
5385
5385
5382
5381
5379
5376
5374
5373
5373
5373
5370
5369
5368
5367
5367
5366
5365
5364
5362
5362
5361
5361
5361
5359
5357
5357
5354
5354
5354
5352
5352
5348
5348
5347
5346
5346
5345
5344
5343
5342
5341
5340
5340
5339
5338
5334
5332
5331
5330
5330
5330
5329
5328
5328
5327
5326
5325
5322
5321
5320
5320
5319
5318
5317
5314
5314
5312
5311
5310
5309
5309
5309
5309
5308
5304
5302
5302
5301
5301
5300
5300
5298
5297
5296
5296
5291
5291
5291
5291
5290
5289
5288
5287
5287
5282
5281
5281
5280
5280
5280
5280
5279
5278
5278
5277
5274
5273
5271
5270
5268
5267
5267
5266
5266
5266
5265
5264
5262
5261
5260
5257
5257
5256
5255
5255
5254
5251
5251
5250
5249
5248
5246
5246
5245
5244
5243
5243
5242
5241
5241
5241
5240
5240
5239
5239
5237
5237
5237
5236
5236
5235
5234
5233
5231
5227
5225
5223
5223
5223
5222
5222
5222
5221
5221
5219
5217
5216
5216
5216
5216
5215
5212
5211
5211
5209
5208
5204
5204
5204
5202
5201
5199
5198
5198
5196
5196
5195
5195
5195
5195
5194
5193
5192
5191
5188
5188
5187
5186
5185
5181
5181
5179
5178
5177
5177
5176
5175
5175
5173
5170
5167
5167
5167
5166
5166
5165
5164
5163
5163
5162
5162
5162
5162
5161
5160
5160
5159
5158
5158
5158
5158
5157
5156
5155
5155
5154
5153
5153
5150
5148
5148
5148
5147
5147
5147
5142
5142
5141
5141
5138
5137
5137
5136
5136
5136
5136
5135
5134
5133
5131
5131
5130
5128
5126
5126
5125
5125
5121
5120
5120
5119
5116
5115
5113
5113
5112
5108
5108
5107
5106
5106
5105
5103
5103
5103
5102
5102
5101
5095
5095
5092
5092
5092
5091
5091
5091
5091
5089
5089
5087
5086
5086
5086
5085
5085
5085
5083
5077
5077
5076
5070
5070
5070
5070
5065
5064
5063
5063
5062
5060
5060
5059
5055
5053
5051
5051
5050
5050
5049
5047
5046
5045
5044
5044
5042
5042
5041
5041
5040
5040
5040
5040
5039
5039
5039
5038
5037
5035
5032
5031
5031
5027
5025
5025
5024
5024
5023
5023
5021
5021
5020
5019
5018
5017
5015
5015
5015
5013
5013
5012
5009
5009
5007
5006
5006
5005
5003
5003
5001
5001
5001
5001
5001
5000
4999
4999
4999
4999
4998
4998
4998
4996
4995
4995
4994
4992
4990
4989
4986
4985
4985
4985
4982
4980
4979
4977
4976
4976
4975
4974
4973
4973
4970
4969
4968
4967
4966
4965
4964
4963
4963
4962
4962
4959
4958
4958
4958
4957
4957
4956
4956
4956
4954
4953
4948
4948
4947
4946
4946
4945
4945
4944
4944
4941
4940
4940
4940
4938
4936
4936
4936
4936
4935
4935
4934
4933
4932
4932
4930
4930
4930
4929
4929
4928
4928
4927
4925
4925
4924
4922
4922
4920
4919
4919
4919
4918
4918
4918
4917
4914
4913
4913
4912
4912
4911
4910
4909
4909
4908
4906
4905
4905
4903
4902
4901
4900
4899
4898
4897
4896
4896
4896
4894
4893
4893
4890
4887
4887
4886
4884
4882
4880
4880
4878
4875
4875
4874
4874
4872
4871
4870
4870
4869
4867
4866
4862
4862
4861
4858
4858
4857
4856
4856
4855
4854
4853
4851
4850
4850
4850
4848
4844
4843
4842
4840
4839
4838
4838
4836
4835
4834
4833
4833
4832
4831
4828
4828
4827
4826
4826
4826
4822
4822
4821
4820
4819
4819
4818
4817
4814
4813
4813
4813
4813
4813
4812
4807
4804
4804
4803
4803
4802
4802
4800
4800
4800
4800
4799
4799
4798
4797
4796
4795
4795
4795
4794
4793
4792
4791
4790
4790
4788
4788
4788
4787
4786
4784
4784
4781
4780
4779
4778
4776
4775
4771
4770
4769
4766
4765
4764
4764
4763
4762
4760
4760
4757
4757
4755
4753
4753
4751
4751
4750
4750
4748
4747
4747
4747
4746
4746
4745
4744
4744
4744
4743
4742
4742
4742
4741
4740
4740
4737
4736
4736
4735
4734
4734
4733
4732
4731
4731
4728
4728
4727
4726
4726
4725
4723
4723
4723
4723
4723
4721
4715
4714
4713
4712
4712
4711
4710
4709
4709
4708
4708
4708
4706
4706
4705
4705
4705
4704
4703
4700
4700
4700
4699
4698
4697
4696
4695
4693
4692
4692
4691
4691
4690
4687
4683
4683
4681
4680
4679
4677
4675
4674
4673
4673
4671
4671
4667
4666
4665
4665
4663
4662
4662
4661
4659
4657
4656
4654
4654
4652
4652
4652
4652
4648
4647
4645
4643
4643
4642
4641
4641
4640
4638
4635
4635
4633
4632
4632
4631
4627
4627
4627
4626
4626
4626
4624
4624
4624
4623
4622
4622
4621
4620
4619
4619
4618
4616
4616
4615
4613
4613
4612
4611
4610
4610
4610
4609
4608
4606
4606
4605
4603
4602
4602
4602
4601
4601
4600
4600
4596
4596
4596
4596
4593
4592
4591
4591
4588
4587
4586
4584
4582
4582
4582
4581
4580
4580
4580
4580
4579
4578
4577
4577
4576
4576
4575
4573
4571
4570
4569
4568
4567
4566
4566
4565
4564
4563
4563
4562
4562
4561
4560
4560
4558
4558
4555
4555
4554
4553
4553
4552
4550
4547
4547
4547
4545
4544
4544
4543
4543
4542
4539
4539
4536
4533
4533
4533
4532
4531
4529
4528
4528
4528
4528
4527
4523
4521
4521
4519
4518
4518
4517
4515
4513
4512
4511
4509
4509
4508
4507
4506
4505
4501
4501
4501
4498
4498
4496
4496
4495
4494
4492
4492
4491
4490
4488
4488
4487
4487
4487
4487
4486
4485
4484
4483
4480
4478
4478
4477
4476
4476
4475
4475
4475
4474
4473
4472
4470
4470
4469
4469
4467
4467
4467
4467
4465
4464
4463
4462
4459
4458
4457
4456
4455
4454
4449
4447
4447
4446
4444
4444
4444
4443
4441
4440
4439
4437
4437
4435
4435
4434
4433
4431
4428
4428
4427
4425
4419
4419
4418
4417
4414
4412
4411
4411
4409
4407
4406
4405
4404
4403
4403
4402
4399
4398
4397
4397
4396
4394
4391
4388
4387
4387
4387
4387
4384
4384
4383
4381
4380
4380
4380
4380
4379
4378
4375
4375
4375
4374
4373
4371
4368
4366
4360
4359
4357
4357
4355
4355
4352
4352
4350
4349
4348
4347
4347
4346
4346
4345
4344
4344
4341
4340
4340
4338
4338
4337
4336
4335
4334
4334
4334
4333
4333
4332
4328
4328
4327
4327
4325
4323
4322
4321
4319
4317
4316
4314
4314
4313
4311
4311
4310
4308
4306
4306
4305
4304
4303
4303
4303
4303
4302
4302
4302
4298
4298
4295
4294
4293
4293
4293
4291
4288
4288
4287
4285
4283
4283
4281
4281
4280
4280
4277
4277
4277
4276
4273
4273
4273
4272
4271
4269
4269
4268
4267
4267
4263
4261
4260
4259
4259
4258
4257
4254
4253
4253
4253
4253
4253
4252
4251
4245
4242
4242
4242
4240
4240
4240
4239
4239
4232
4230
4230
4226
4225
4223
4222
4221
4220
4219
4219
4218
4217
4217
4216
4216
4215
4215
4214
4213
4211
4211
4208
4207
4205
4203
4201
4199
4198
4197
4196
4189
4188
4186
4186
4185
4184
4183
4182
4182
4181
4181
4179
4179
4178
4178
4177
4176
4175
4175
4173
4172
4172
4171
4171
4171
4170
4167
4166
4165
4164
4164
4162
4162
4161
4160
4160
4159
4159
4158
4158
4157
4154
4154
4153
4153
4151
4150
4149
4149
4147
4147
4145
4144
4143
4141
4140
4140
4138
4138
4137
4137
4136
4131
4129
4129
4127
4123
4123
4123
4122
4120
4116
4116
4115
4115
4114
4113
4113
4111
4111
4110
4110
4107
4106
4103
4101
4100
4100
4100
4098
4098
4097
4096
4094
4093
4091
4091
4089
4087
4086
4085
4085
4084
4083
4082
4079
4078
4076
4075
4073
4070
4070
4069
4068
4067
4067
4066
4064
4063
4063
4062
4062
4061
4061
4060
4060
4060
4059
4057
4056
4056
4054
4052
4051
4050
4050
4049
4046
4046
4046
4045
4045
4044
4042
4041
4041
4039
4038
4037
4037
4036
4035
4034
4033
4032
4032
4031
4031
4031
4031
4031
4030
4029
4028
4023
4022
4022
4019
4019
4018
4017
4017
4016
4015
4014
4012
4012
4009
4009
4008
4008
4006
4006
4006
4003
4002
4002
4001
3999
3998
3998
3997
3997
3995
3994
3993
3993
3992
3991
3991
3990
3990
3990
3989
3988
3985
3984
3982
3981
3980
3979
3979
3975
3975
3975
3973
3973
3972
3971
3970
3970
3968
3968
3968
3968
3966
3965
3963
3963
3962
3962
3961
3961
3959
3959
3959
3956
3954
3953
3952
3951
3951
3948
3947
3945
3943
3940
3939
3938
3938
3936
3935
3934
3934
3932
3932
3932
3931
3931
3931
3929
3927
3926
3926
3925
3924
3923
3923
3922
3921
3921
3921
3918
3917
3917
3916
3914
3910
3910
3910
3908
3907
3907
3904
3901
3900
3899
3898
3898
3894
3894
3894
3893
3892
3890
3890
3890
3888
3884
3884
3881
3879
3878
3877
3877
3876
3876
3875
3875
3872
3871
3871
3871
3870
3868
3868
3868
3866
3866
3865
3864
3862
3861
3861
3860
3859
3859
3859
3859
3859
3858
3857
3857
3857
3855
3854
3853
3853
3853
3852
3851
3851
3849
3849
3847
3846
3846
3845
3845
3843
3843
3843
3843
3843
3842
3842
3841
3840
3838
3838
3835
3834
3834
3834
3833
3833
3831
3830
3829
3828
3828
3825
3825
3823
3822
3821
3820
3820
3819
3819
3818
3818
3818
3817
3817
3816
3816
3812
3811
3811
3807
3807
3806
3805
3804
3798
3796
3796
3795
3793
3792
3788
3787
3787
3786
3785
3785
3785
3784
3782
3782
3782
3781
3781
3780
3779
3779
3779
3777
3776
3776
3776
3774
3773
3770
3770
3770
3769
3767
3766
3766
3766
3765
3765
3764
3764
3763
3760
3758
3758
3758
3755
3753
3753
3753
3753
3751
3749
3748
3747
3745
3745
3741
3738
3737
3735
3734
3734
3734
3734
3733
3733
3733
3732
3732
3731
3730
3730
3729
3728
3728
3728
3724
3723
3722
3722
3721
3720
3720
3719
3719
3717
3716
3714
3712
3712
3712
3712
3711
3711
3710
3710
3709
3708
3708
3708
3707
3702
3702
3701
3699
3699
3699
3698
3696
3692
3689
3688
3687
3686
3686
3684
3681
3679
3679
3678
3672
3670
3670
3670
3669
3667
3667
3666
3665
3665
3665
3663
3661
3660
3659
3659
3658
3658
3657
3655
3655
3655
3655
3654
3653
3653
3651
3650
3650
3650
3649
3648
3647
3646
3646
3646
3646
3646
3645
3643
3642
3642
3640
3640
3637
3636
3636
3634
3634
3630
3627
3626
3625
3624
3623
3623
3620
3619
3619
3617
3613
3612
3609
3606
3605
3605
3604
3603
3599
3597
3596
3592
3591
3588
3587
3587
3587
3586
3585
3583
3583
3582
3581
3579
3578
3578
3578
3575
3575
3574
3574
3573
3572
3571
3570
3568
3568
3567
3567
3567
3565
3564
3561
3560
3560
3559
3559
3558
3557
3555
3554
3554
3553
3553
3552
3552
3551
3550
3550
3550
3549
3549
3546
3545
3544
3544
3543
3543
3542
3541
3540
3540
3539
3534
3534
3534
3532
3532
3532
3531
3531
3531
3528
3527
3526
3526
3526
3525
3522
3521
3519
3517
3516
3516
3516
3515
3515
3514
3511
3510
3508
3507
3507
3504
3504
3503
3502
3502
3501
3499
3498
3497
3497
3497
3496
3496
3495
3494
3494
3493
3492
3491
3489
3488
3488
3488
3487
3486
3485
3485
3484
3483
3482
3481
3480
3479
3479
3478
3477
3476
3476
3476
3475
3475
3475
3473
3473
3472
3472
3472
3471
3470
3470
3469
3465
3464
3462
3462
3461
3461
3459
3458
3456
3455
3455
3455
3453
3450
3448
3447
3446
3445
3443
3441
3440
3439
3439
3439
3438
3437
3436
3435
3433
3431
3429
3429
3429
3429
3429
3429
3428
3425
3424
3422
3421
3420
3420
3416
3415
3414
3411
3411
3410
3410
3410
3407
3407
3406
3405
3403
3399
3398
3398
3397
3395
3393
3392
3391
3390
3387
3385
3385
3384
3383
3383
3382
3377
3376
3374
3372
3370
3367
3367
3367
3363
3363
3361
3358
3355
3355
3352
3352
3351
3351
3350
3350
3349
3349
3348
3348
3346
3346
3345
3343
3343
3341
3341
3341
3341
3340
3336
3336
3335
3334
3331
3330
3329
3325
3324
3323
3323
3321
3320
3318
3316
3316
3311
3310
3309
3308
3307
3306
3305
3305
3301
3298
3296
3294
3293
3293
3293
3291
3291
3291
3288
3287
3286
3283
3282
3282
3281
3280
3278
3277
3275
3275
3275
3274
3273
3271
3271
3270
3269
3266
3266
3266
3266
3265
3262
3260
3260
3259
3257
3256
3256
3252
3251
3250
3248
3246
3246
3246
3246
3246
3245
3244
3244
3244
3243
3240
3240
3239
3238
3236
3236
3236
3234
3234
3234
3233
3233
3231
3231
3231
3229
3228
3226
3225
3225
3224
3224
3224
3223
3222
3222
3221
3218
3217
3217
3216
3215
3214
3214
3213
3213
3212
3210
3206
3205
3205
3204
3203
3200
3199
3198
3198
3197
3197
3197
3196
3195
3193
3192
3190
3190
3188
3188
3187
3187
3186
3183
3182
3181
3180
3179
3176
3176
3175
3174
3174
3173
3172
3167
3164
3160
3158
3158
3158
3157
3156
3156
3156
3156
3153
3153
3151
3149
3149
3147
3146
3146
3145
3143
3143
3142
3142
3142
3141
3139
3139
3138
3138
3137
3137
3135
3135
3134
3132
3132
3132
3131
3130
3130
3129
3128
3127
3125
3124
3124
3124
3123
3123
3122
3122
3119
3118
3118
3117
3116
3116
3115
3114
3114
3113
3111
3111
3111
3110
3110
3109
3108
3107
3106
3106
3106
3104
3102
3100
3100
3100
3099
3098
3098
3098
3096
3094
3093
3093
3093
3093
3092
3090
3090
3089
3087
3087
3087
3086
3085
3082
3082
3081
3080
3079
3078
3075
3074
3073
3072
3069
3067
3064
3061
3056
3056
3055
3055
3055
3053
3053
3051
3051
3047
3046
3046
3045
3045
3043
3042
3042
3041
3040
3039
3038
3038
3035
3035
3034
3033
3032
3032
3032
3032
3031
3031
3030
3028
3028
3028
3027
3026
3025
3025
3025
3024
3024
3023
3022
3021
3018
3017
3017
3017
3016
3015
3013
3013
3011
3010
3009
3009
3008
3008
3008
3007
3007
3006
3005
3004
3004
3004
3004
3003
3002
2999
2999
2998
2998
2998
2996
2996
2993
2993
2993
2992
2992
2991
2988
2983
2981
2980
2978
2978
2977
2977
2976
2976
2975
2974
2972
2972
2971
2971
2970
2968
2966
2966
2966
2964
2964
2962
2962
2961
2961
2960
2960
2960
2959
2956
2956
2956
2955
2955
2954
2951
2951
2950
2949
2948
2948
2946
2944
2943
2942
2942
2941
2940
2939
2937
2936
2936
2935
2934
2933
2932
2931
2931
2931
2929
2929
2929
2928
2928
2925
2925
2925
2923
2921
2919
2919
2919
2918
2918
2916
2913
2913
2913
2913
2909
2909
2909
2907
2906
2905
2905
2904
2904
2902
2901
2899
2898
2896
2896
2893
2893
2892
2892
2891
2890
2889
2889
2888
2886
2886
2885
2885
2883
2883
2881
2881
2880
2879
2877
2877
2876
2876
2872
2871
2870
2869
2866
2866
2865
2865
2863
2863
2862
2861
2860
2859
2859
2858
2857
2857
2856
2855
2855
2852
2851
2851
2850
2850
2848
2847
2844
2842
2842
2841
2841
2838
2837
2836
2836
2835
2835
2834
2834
2834
2829
2829
2828
2827
2826
2825
2824
2824
2823
2822
2822
2821
2820
2818
2818
2818
2818
2818
2817
2816
2816
2815
2815
2814
2813
2813
2812
2812
2812
2810
2808
2807
2807
2807
2807
2807
2806
2802
2800
2799
2793
2792
2792
2791
2789
2788
2788
2786
2785
2784
2783
2783
2782
2781
2780
2780
2779
2779
2779
2778
2777
2777
2776
2775
2775
2774
2774
2771
2771
2771
2770
2769
2769
2768
2768
2768
2767
2767
2766
2764
2762
2762
2758
2758
2757
2757
2755
2754
2752
2751
2749
2749
2748
2747
2747
2747
2746
2745
2745
2744
2744
2742
2741
2741
2741
2740
2738
2735
2733
2732
2731
2731
2730
2729
2729
2728
2727
2727
2723
2722
2721
2721
2718
2718
2715
2715
2712
2712
2711
2708
2708
2707
2706
2706
2705
2705
2705
2704
2703
2703
2703
2702
2702
2701
2698
2696
2696
2696
2695
2695
2694
2693
2691
2690
2690
2689
2688
2688
2688
2685
2685
2684
2683
2683
2683
2678
2676
2675
2675
2673
2672
2671
2671
2671
2670
2669
2669
2669
2668
2668
2667
2667
2667
2666
2664
2664
2664
2663
2662
2659
2659
2656
2655
2654
2654
2653
2653
2652
2652
2650
2649
2648
2648
2647
2647
2647
2647
2647
2644
2642
2640
2638
2638
2636
2636
2633
2633
2632
2631
2631
2630
2629
2629
2626
2626
2626
2625
2625
2625
2623
2623
2622
2621
2621
2620
2618
2618
2617
2617
2616
2616
2615
2612
2609
2609
2608
2605
2605
2604
2604
2602
2601
2600
2600
2599
2598
2598
2598
2597
2596
2595
2595
2594
2592
2591
2587
2586
2584
2580
2580
2580
2579
2577
2577
2577
2577
2576
2574
2574
2572
2571
2570
2568
2568
2567
2567
2567
2562
2561
2559
2558
2556
2551
2551
2546
2545
2545
2542
2542
2541
2540
2539
2537
2537
2537
2533
2530
2529
2529
2527
2527
2526
2525
2521
2520
2515
2515
2514
2513
2513
2513
2512
2512
2511
2510
2509
2509
2508
2506
2504
2504
2504
2503
2503
2502
2501
2501
2501
2500
2498
2497
2497
2494
2493
2493
2493
2493
2492
2491
2488
2487
2485
2483
2482
2482
2481
2479
2477
2477
2474
2474
2471
2471
2469
2466
2466
2466
2465
2464
2464
2463
2462
2461
2461
2461
2460
2459
2458
2457
2455
2455
2455
2455
2454
2454
2452
2451
2451
2450
2447
2447
2447
2445
2443
2442
2441
2441
2440
2438
2436
2434
2433
2431
2430
2430
2430
2429
2428
2428
2427
2427
2426
2426
2424
2423
2423
2422
2421
2421
2419
2416
2416
2416
2414
2413
2411
2410
2410
2408
2407
2405
2405
2405
2403
2402
2401
2400
2399
2399
2398
2395
2393
2393
2392
2392
2389
2387
2387
2386
2385
2385
2384
2384
2383
2381
2380
2379
2377
2377
2374
2374
2373
2372
2371
2371
2371
2370
2370
2369
2368
2366
2365
2364
2363
2362
2361
2361
2360
2360
2360
2359
2358
2357
2356
2355
2354
2352
2351
2348
2348
2348
2348
2344
2344
2344
2342
2341
2340
2340
2340
2339
2339
2338
2337
2337
2337
2336
2336
2335
2334
2334
2334
2332
2330
2330
2329
2329
2328
2327
2327
2320
2319
2318
2317
2316
2313
2311
2310
2310
2309
2308
2306
2305
2303
2302
2301
2299
2297
2296
2296
2293
2293
2292
2290
2289
2289
2288
2286
2285
2284
2283
2283
2282
2280
2280
2277
2277
2277
2276
2275
2275
2274
2272
2271
2270
2267
2262
2262
2261
2260
2260
2260
2259
2257
2257
2255
2254
2253
2252
2251
2251
2251
2251
2249
2249
2248
2247
2244
2244
2244
2243
2242
2242
2242
2239
2239
2238
2237
2234
2234
2234
2232
2229
2228
2228
2226
2225
2223
2222
2222
2222
2220
2220
2219
2219
2217
2216
2213
2212
2211
2211
2210
2207
2207
2206
2205
2205
2205
2204
2204
2202
2200
2199
2199
2199
2199
2198
2196
2195
2193
2193
2192
2192
2191
2191
2187
2186
2185
2184
2183
2182
2181
2181
2180
2180
2180
2180
2179
2178
2178
2177
2176
2176
2175
2174
2173
2172
2171
2169
2169
2168
2167
2167
2164
2164
2163
2161
2160
2158
2158
2158
2154
2154
2153
2153
2152
2152
2151
2151
2151
2149
2149
2147
2147
2146
2146
2146
2144
2142
2141
2140
2139
2139
2138
2137
2136
2132
2131
2130
2127
2125
2123
2122
2122
2121
2121
2120
2119
2118
2118
2118
2117
2116
2116
2115
2113
2113
2112
2110
2110
2109
2109
2106
2105
2100
2099
2098
2097
2095
2092
2090
2090
2089
2087
2087
2085
2085
2084
2083
2082
2081
2080
2079
2079
2079
2078
2078
2077
2077
2075
2075
2072
2071
2070
2069
2065
2065
2064
2062
2062
2057
2057
2057
2057
2056
2056
2056
2055
2053
2052
2048
2047
2046
2045
2043
2042
2042
2042
2041
2038
2038
2036
2036
2035
2035
2034
2032
2032
2031
2031
2029
2028
2027
2026
2025
2024
2024
2023
2022
2021
2020
2017
2017
2015
2015
2013
2012
2009
2009
2005
2003
2002
2001
2001
1998
1998
1996
1995
1994
1989
1989
1988
1988
1985
1985
1985
1985
1984
1982
1979
1977
1977
1976
1975
1975
1974
1973
1973
1973
1973
1972
1972
1971
1969
1969
1968
1967
1967
1967
1967
1967
1966
1966
1965
1964
1963
1958
1957
1956
1955
1955
1954
1954
1952
1952
1951
1950
1950
1949
1948
1948
1947
1947
1946
1946
1945
1945
1944
1944
1943
1942
1940
1938
1935
1935
1934
1933
1933
1933
1930
1930
1929
1926
1925
1925
1921
1920
1919
1917
1914
1913
1913
1912
1912
1911
1910
1910
1910
1910
1909
1909
1909
1908
1904
1903
1902
1902
1901
1901
1900
1900
1899
1898
1897
1897
1896
1895
1895
1894
1893
1892
1892
1892
1892
1891
1891
1890
1890
1890
1887
1886
1885
1884
1884
1884
1883
1881
1881
1881
1880
1878
1877
1877
1874
1873
1872
1872
1872
1869
1869
1867
1866
1866
1866
1866
1865
1862
1859
1856
1855
1854
1853
1853
1852
1852
1851
1851
1846
1846
1846
1844
1841
1837
1837
1835
1835
1833
1833
1831
1831
1830
1829
1828
1828
1828
1827
1826
1825
1825
1823
1823
1822
1822
1821
1821
1820
1820
1819
1819
1818
1817
1816
1815
1814
1814
1813
1811
1811
1811
1808
1808
1807
1805
1804
1803
1802
1802
1801
1800
1799
1799
1798
1796
1795
1795
1794
1792
1792
1791
1790
1790
1789
1787
1787
1786
1785
1785
1784
1783
1782
1781
1780
1780
1774
1773
1770
1770
1769
1768
1768
1767
1765
1764
1764
1762
1758
1757
1757
1757
1757
1753
1753
1752
1748
1746
1744
1744
1744
1743
1742
1742
1740
1739
1738
1738
1734
1734
1733
1732
1730
1726
1725
1724
1722
1721
1720
1720
1719
1718
1715
1715
1715
1714
1713
1711
1711
1711
1710
1710
1709
1709
1709
1708
1708
1707
1706
1705
1702
1702
1701
1700
1699
1699
1699
1698
1698
1698
1697
1697
1696
1696
1695
1694
1693
1693
1687
1686
1684
1683
1683
1682
1681
1681
1678
1677
1676
1676
1674
1673
1673
1672
1672
1671
1671
1670
1666
1662
1660
1660
1660
1660
1659
1659
1658
1656
1656
1655
1655
1652
1651
1650
1649
1647
1647
1646
1645
1644
1640
1640
1637
1637
1635
1633
1633
1632
1631
1631
1631
1630
1628
1626
1625
1623
1623
1621
1620
1618
1617
1617
1615
1615
1614
1613
1611
1609
1608
1606
1603
1603
1599
1599
1598
1598
1597
1597
1597
1597
1597
1594
1593
1590
1590
1586
1583
1582
1581
1580
1580
1580
1578
1578
1578
1574
1573
1572
1572
1570
1569
1567
1565
1562
1560
1560
1560
1559
1557
1557
1556
1555
1554
1551
1551
1550
1549
1546
1546
1546
1544
1541
1541
1540
1540
1540
1540
1539
1536
1535
1534
1533
1533
1532
1530
1529
1528
1528
1526
1526
1525
1525
1524
1522
1522
1519
1516
1513
1513
1512
1512
1511
1511
1511
1510
1509
1508
1506
1506
1506
1505
1504
1503
1501
1501
1501
1500
1499
1498
1497
1496
1495
1495
1495
1495
1494
1493
1493
1492
1492
1490
1490
1489
1485
1484
1482
1481
1479
1478
1477
1476
1473
1471
1469
1468
1468
1467
1465
1464
1464
1464
1463
1462
1461
1461
1457
1456
1455
1453
1452
1451
1451
1450
1448
1446
1445
1445
1444
1443
1442
1442
1442
1441
1441
1441
1439
1438
1437
1437
1435
1435
1434
1434
1432
1431
1431
1430
1428
1426
1424
1421
1421
1420
1420
1418
1415
1414
1413
1413
1411
1409
1406
1403
1401
1400
1400
1400
1397
1397
1396
1391
1391
1389
1389
1389
1389
1388
1386
1385
1385
1385
1384
1384
1384
1383
1380
1380
1379
1375
1375
1375
1373
1372
1371
1371
1370
1368
1367
1365
1361
1360
1360
1359
1358
1357
1353
1350
1350
1349
1348
1348
1347
1347
1346
1344
1343
1343
1343
1340
1338
1336
1335
1335
1335
1334
1333
1333
1330
1329
1328
1326
1325
1324
1323
1319
1318
1318
1317
1316
1314
1313
1312
1310
1310
1310
1309
1308
1308
1307
1307
1305
1304
1304
1303
1302
1302
1301
1301
1299
1299
1299
1298
1296
1294
1294
1293
1292
1291
1291
1291
1290
1290
1289
1288
1286
1284
1284
1284
1283
1283
1280
1277
1277
1277
1276
1274
1273
1272
1272
1272
1269
1264
1264
1263
1262
1262
1262
1261
1260
1258
1257
1255
1255
1253
1253
1253
1250
1250
1250
1245
1244
1243
1242
1242
1241
1241
1241
1241
1240
1239
1237
1236
1235
1235
1234
1234
1232
1232
1232
1230
1228
1228
1226
1225
1224
1224
1223
1223
1222
1220
1218
1217
1217
1216
1216
1216
1215
1215
1214
1213
1212
1209
1208
1208
1207
1206
1206
1205
1204
1204
1204
1203
1202
1199
1199
1196
1193
1192
1192
1192
1191
1190
1188
1188
1187
1185
1185
1184
1182
1180
1179
1179
1179
1178
1177
1174
1170
1169
1169
1169
1168
1168
1166
1165
1162
1162
1161
1161
1160
1159
1159
1158
1157
1156
1156
1154
1152
1152
1152
1151
1147
1146
1145
1143
1142
1142
1141
1139
1137
1135
1134
1133
1133
1133
1130
1130
1129
1129
1129
1129
1128
1126
1124
1123
1122
1118
1117
1116
1116
1115
1114
1112
1111
1110
1109
1109
1109
1108
1107
1104
1104
1101
1101
1097
1095
1095
1094
1094
1093
1092
1092
1092
1092
1090
1088
1088
1087
1087
1086
1084
1084
1084
1083
1080
1079
1079
1077
1075
1074
1074
1072
1071
1070
1069
1068
1068
1068
1066
1065
1065
1064
1063
1062
1061
1061
1058
1057
1057
1056
1055
1053
1052
1052
1051
1051
1048
1048
1048
1047
1047
1047
1045
1045
1045
1043
1042
1042
1040
1040
1040
1039
1039
1035
1034
1033
1032
1031
1031
1029
1029
1028
1028
1028
1023
1023
1022
1021
1020
1019
1019
1018
1015
1014
1011
1010
1009
1009
1007
999
997
995
994
994
994
994
993
992
988
988
987
986
986
985
982
980
979
978
977
975
973
970
970
969
969
968
968
967
964
963
962
961
958
958
957
956
955
955
954
953
950
950
946
945
944
944
943
943
942
942
942
941
940
940
939
939
937
937
936
936
935
935
934
932
932
932
931
931
931
930
928
928
924
922
921
920
920
920
920
920
919
919
918
918
917
914
913
912
911
910
909
908
908
907
905
904
904
904
903
901
901
901
900
900
898
897
896
895
894
893
893
893
892
890
890
889
888
887
887
886
886
885
885
883
883
882
881
881
879
879
878
878
877
876
873
872
871
870
869
869
869
868
867
866
866
865
864
863
862
859
858
857
856
853
852
852
851
850
850
850
849
849
849
849
846
845
843
843
842
839
838
838
836
834
834
833
829
827
825
824
824
823
823
822
822
822
822
821
817
817
815
815
815
813
812
812
812
810
809
809
808
808
807
805
804
804
802
801
799
798
798
798
797
797
794
790
789
789
788
786
785
785
784
782
781
777
777
776
771
771
770
769
769
767
767
767
766
765
765
765
765
763
763
762
762
759
759
757
757
755
755
754
754
753
752
751
750
750
750
748
747
746
746
742
742
741
741
740
740
740
738
738
736
734
734
733
732
731
729
728
727
726
726
724
724
722
720
715
713
712
711
711
710
710
710
709
709
709
708
705
702
700
699
696
695
694
694
690
690
688
688
688
687
687
687
686
685
685
683
683
682
678
677
676
675
674
670
669
667
667
663
663
663
661
661
660
658
658
656
655
653
652
652
651
651
650
649
648
647
646
646
645
645
643
643
641
641
638
637
635
634
632
632
631
631
629
629
627
625
625
625
621
621
620
620
617
616
616
615
614
613
612
611
609
609
609
608
608
608
608
607
607
605
599
599
598
596
593
593
593
593
590
588
587
587
586
584
584
583
581
578
577
577
577
575
570
569
567
566
565
565
565
564
564
563
562
562
561
560
559
559
558
557
555
554
553
552
551
551
550
550
549
547
547
546
545
545
544
544
544
543
543
541
541
539
538
537
537
536
535
535
535
534
533
531
530
527
526
525
524
522
522
520
519
518
518
517
511
510
510
506
504
504
503
502
502
501
500
499
498
498
497
497
496
494
489
488
488
487
487
486
484
483
483
480
480
479
476
476
475
474
474
473
472
472
472
471
471
470
467
467
465
464
463
459
456
456
456
455
453
452
451
450
449
449
449
449
448
448
447
446
445
445
443
443
441
440
439
439
436
436
436
434
433
432
432
430
429
427
426
426
424
423
421
421
420
414
409
408
408
407
405
405
402
402
399
398
398
396
394
393
392
391
390
388
388
387
387
387
387
386
385
384
381
380
379
379
376
376
376
375
375
375
375
374
374
374
373
373
373
369
369
368
367
366
366
365
365
364
364
363
363
362
361
360
360
359
357
357
356
355
354
354
353
353
351
351
351
350
348
348
348
347
347
346
346
345
344
344
342
342
341
340
338
337
337
337
335
334
334
333
332
331
330
329
327
326
325
325
325
325
324
323
321
320
319
318
317
316
316
315
315
314
314
313
313
310
309
309
308
308
304
304
304
303
302
301
300
300
299
297
297
296
296
295
295
293
293
292
290
289
288
288
288
288
287
285
284
283
283
283
282
282
282
280
279
275
273
272
269
268
267
266
266
265
265
265
264
262
262
262
261
261
261
260
258
258
257
255
254
252
251
251
250
250
250
249
249
249
246
245
244
244
244
244
244
243
243
241
240
238
237
237
235
234
234
233
233
232
231
231
231
229
228
228
228
227
227
227
227
226
226
225
224
223
223
222
221
219
219
217
217
215
213
212
212
210
210
209
209
209
208
208
208
208
208
206
206
205
203
201
199
198
195
194
193
192
191
183
183
182
179
178
177
177
177
176
176
176
175
175
173
173
172
171
171
170
168
167
164
163
162
160
160
159
157
155
155
155
155
153
153
153
151
151
150
150
149
149
148
147
147
146
145
145
143
142
141
141
141
140
139
139
139
138
138
136
136
134
130
130
130
129
129
129
126
126
125
124
124
123
121
120
119
119
118
116
115
114
112
110
109
108
107
106
106
105
104
104
103
102
102
101
100
100
97
95
94
93
93
92
91
89
88
87
87
86
85
84
83
80
76
73
72
70
68
68
68
68
66
66
66
65
64
64
63
62
60
59
59
58
58
55
55
55
55
52
51
51
50
49
48
48
47
46
44
44
41
41
38
37
37
37
35
35
34
33
33
31
31
29
29
26
24
23
22
22
21
21
20
19
18
17
17
16
15
14
13
11
11
11
9
8
8
8
8
7
6
4
4
1
0
