9999
9999
9999
9998
9997
9997
9995
9994
9994
9990
9989
9988
9986
9986
9985
9985
9983
9983
9983
9982
9982
9979
9977
9976
9976
9975
9974
9974
9974
9972
9972
9972
9971
9970
9969
9969
9968
9968
9968
9966
9964
9963
9960
9958
9956
9955
9955
9954
9952
9950
9950
9946
9946
9946
9943
9941
9937
9936
9936
9936
9935
9934
9932
9930
9929
9928
9925
9924
9923
9923
9922
9921
9920
9919
9919
9918
9917
9917
9916
9914
9914
9907
9906
9901
9899
9898
9898
9897
9896
9896
9896
9895
9892
9891
9890
9889
9888
9888
9887
9886
9886
9885
9885
9884
9883
9880
9879
9877
9876
9876
9874
9873
9871
9871
9870
9868
9867
9867
9866
9866
9866
9864
9860
9860
9860
9859
9858
9857
9856
9856
9854
9854
9854
9854
9853
9853
9851
9850
9848
9846
9846
9845
9844
9842
9842
9842
9841
9841
9840
9838
9838
9837
9837
9836
9836
9836
9835
9834
9831
9830
9830
9830
9829
9829
9827
9827
9824
9824
9824
9822
9820
9819
9818
9816
9816
9815
9812
9812
9812
9811
9811
9810
9810
9808
9807
9805
9803
9802
9802
9802
9801
9801
9800
9800
9799
9797
9797
9796
9795
9794
9794
9793
9792
9792
9792
9791
9791
9790
9790
9790
9789
9788
9784
9783
9783
9781
9779
9777
9776
9774
9767
9767
9766
9766
9765
9763
9763
9762
9762
9761
9759
9759
9755
9754
9753
9752
9751
9750
9749
9749
9744
9744
9744
9743
9742
9739
9738
9737
9737
9733
9733
9733
9727
9727
9727
9726
9724
9724
9722
9721
9720
9720
9720
9720
9720
9719
9718
9717
9717
9717
9716
9716
9715
9713
9710
9710
9709
9709
9708
9707
9706
9704
9704
9701
9701
9701
9701
9700
9700
9697
9697
9696
9694
9694
9693
9693
9693
9692
9691
9691
9688
9688
9684
9682
9681
9681
9680
9680
9678
9678
9677
9677
9676
9676
9674
9672
9671
9671
9670
9670
9669
9667
9666
9665
9665
9665
9664
9663
9662
9662
9662
9660
9659
9659
9659
9657
9657
9656
9654
9654
9653
9653
9653
9652
9650
9649
9646
9646
9646
9644
9643
9641
9640
9639
9638
9637
9637
9636
9630
9630
9629
9629
9629
9628
9626
9625
9625
9624
9624
9624
9622
9622
9621
9621
9615
9615
9614
9613
9612
9612
9611
9610
9610
9609
9608
9608
9608
9603
9602
9602
9601
9597
9596
9595
9594
9593
9592
9591
9590
9590
9589
9589
9589
9587
9586
9586
9585
9584
9584
9583
9582
9581
9579
9578
9577
9577
9576
9576
9576
9574
9574
9572
9571
9570
9568
9568
9567
9567
9564
9564
9562
9562
9562
9561
9561
9560
9558
9558
9556
9555
9554
9554
9554
9554
9553
9553
9552
9552
9552
9551
9550
9548
9548
9547
9545
9542
9540
9538
9533
9531
9531
9530
9529
9527
9527
9526
9525
9525
9525
9524
9524
9522
9522
9518
9517
9515
9515
9514
9514
9513
9512
9512
9512
9512
9510
9509
9508
9505
9504
9503
9502
9501
9496
9495
9495
9494
9494
9494
9493
9493
9492
9492
9491
9491
9489
9489
9488
9487
9487
9478
9477
9477
9476
9476
9475
9475
9470
9469
9468
9467
9467
9466
9465
9465
9465
9464
9464
9463
9462
9462
9462
9461
9460
9460
9459
9458
9455
9453
9452
9450
9449
9448
9447
9446
9445
9445
9445
9445
9445
9444
9443
9443
9442
9438
9438
9434
9434
9432
9432
9431
9429
9429
9428
9426
9426
9424
9424
9423
9422
9421
9419
9418
9418
9417
9415
9415
9414
9411
9410
9408
9408
9404
9403
9402
9401
9400
9400
9399
9399
9398
9398
9398
9396
9396
9395
9395
9394
9392
9391
9390
9385
9383
9381
9379
9379
9379
9377
9377
9376
9375
9374
9372
9372
9371
9371
9371
9371
9370
9369
9367
9367
9363
9363
9361
9360
9359
9357
9356
9355
9354
9354
9354
9353
9352
9351
9351
9350
9349
9349
9349
9347
9347
9345
9345
9344
9343
9342
9341
9341
9340
9338
9338
9337
9336
9335
9335
9335
9332
9332
9331
9330
9330
9329
9329
9328
9327
9326
9325
9325
9323
9323
9322
9320
9319
9317
9317
9317
9313
9312
9310
9310
9309
9307
9307
9303
9303
9303
9300
9300
9299
9298
9298
9297
9295
9293
9292
9291
9291
9289
9289
9288
9287
9286
9282
9281
9280
9279
9278
9277
9277
9274
9271
9270
9269
9267
9266
9265
9265
9264
9264
9263
9262
9262
9261
9261
9260
9260
9260
9260
9259
9257
9257
9254
9253
9253
9252
9251
9246
9245
9244
9240
9238
9237
9237
9237
9235
9233
9232
9231
9231
9229
9228
9227
9226
9224
9224
9224
9223
9219
9219
9218
9218
9218
9218
9216
9215
9215
9214
9212
9212
9209
9208
9208
9207
9207
9206
9203
9203
9202
9199
9199
9199
9196
9196
9196
9196
9196
9194
9191
9190
9190
9189
9189
9189
9188
9187
9186
9186
9185
9184
9183
9181
9181
9181
9179
9177
9176
9176
9176
9176
9175
9174
9174
9174
9173
9168
9166
9166
9166
9163
9163
9162
9160
9159
9157
9157
9156
9156
9155
9154
9153
9151
9151
9150
9148
9147
9147
9145
9144
9144
9142
9141
9141
9140
9139
9137
9136
9136
9135
9134
9134
9133
9133
9133
9130
9130
9130
9126
9124
9123
9123
9123
9122
9122
9121
9119
9119
9118
9113
9113
9112
9112
9110
9110
9108
9107
9106
9104
9104
9103
9103
9102
9101
9099
9099
9099
9098
9095
9095
9095
9095
9095
9094
9093
9090
9090
9088
9086
9083
9083
9083
9082
9082
9081
9081
9080
9078
9075
9075
9074
9072
9072
9072
9071
9071
9071
9070
9070
9069
9069
9068
9067
9066
9065
9065
9062
9061
9059
9058
9058
9058
9056
9056
9054
9054
9053
9050
9050
9047
9043
9042
9042
9041
9039
9039
9038
9036
9036
9036
9036
9032
9030
9030
9029
9029
9029
9028
9028
9028
9027
9027
9026
9025
9025
9025
9024
9023
9023
9020
9019
9019
9016
9016
9016
9014
9014
9013
9013
9013
9010
9009
9007
9006
9005
9005
9004
9004
9004
9003
9002
9001
8999
8998
8997
8996
8996
8996
8992
8991
8991
8989
8986
8985
8984
8983
8983
8983
8982
8982
8981
8980
8980
8978
8977
8977
8976
8974
8973
8972
8972
8972
8971
8970
8970
8969
8966
8962
8961
8958
8956
8956
8951
8949
8948
8948
8944
8944
8944
8941
8941
8940
8939
8938
8938
8936
8936
8934
8933
8933
8930
8930
8929
8928
8928
8927
8926
8926
8924
8924
8922
8921
8920
8920
8919
8917
8917
8916
8916
8916
8914
8913
8912
8912
8911
8911
8909
8906
8905
8905
8904
8904
8903
8902
8901
8901
8901
8900
8900
8899
8897
8897
8897
8894
8894
8893
8892
8891
8890
8888
8887
8887
8886
8884
8884
8882
8881
8880
8879
8878
8877
8875
8874
8873
8872
8872
8872
8871
8871
8871
8863
8862
8862
8860
8859
8858
8856
8856
8856
8856
8854
8849
8845
8844
8844
8844
8840
8839
8838
8838
8836
8834
8830
8828
8827
8826
8824
8824
8824
8822
8821
8820
8820
8813
8812
8810
8810
8809
8808
8808
8805
8804
8804
8803
8803
8802
8801
8800
8799
8798
8798
8798
8796
8796
8792
8790
8789
8788
8788
8787
8786
8786
8785
8785
8783
8782
8781
8779
8778
8775
8774
8774
8774
8774
8773
8771
8771
8770
8768
8767
8766
8764
8763
8763
8762
8759
8758
8758
8757
8756
8755
8753
8753
8752
8748
8748
8745
8743
8740
8740
8739
8738
8737
8737
8733
8732
8732
8730
8730
8730
8729
8729
8728
8728
8727
8724
8723
8722
8722
8721
8721
8720
8720
8719
8719
8717
8717
8714
8712
8711
8710
8709
8707
8707
8706
8706
8703
8703
8701
8700
8699
8699
8698
8696
8695
8694
8692
8690
8689
8688
8688
8685
8684
8684
8683
8682
8682
8682
8682
8682
8682
8682
8681
8680
8679
8675
8674
8673
8672
8672
8671
8671
8668
8667
8665
8663
8663
8662
8662
8659
8657
8657
8657
8657
8657
8653
8651
8651
8649
8647
8646
8644
8644
8642
8641
8641
8639
8637
8637
8635
8634
8633
8633
8632
8632
8632
8632
8631
8631
8631
8629
8627
8627
8627
8625
8625
8624
8624
8623
8623
8622
8621
8620
8620
8619
8617
8616
8616
8615
8614
8610
8610
8609
8608
8608
8607
8605
8604
8603
8603
8600
8600
8600
8599
8595
8594
8593
8590
8589
8589
8588
8588
8587
8582
8581
8580
8580
8579
8577
8577
8575
8574
8574
8573
8569
8567
8566
8565
8565
8564
8563
8563
8562
8562
8558
8557
8556
8556
8556
8555
8555
8554
8554
8553
8553
8553
8552
8544
8541
8541
8538
8538
8537
8537
8536
8534
8533
8533
8531
8531
8530
8530
8529
8529
8529
8529
8527
8527
8526
8525
8523
8522
8521
8521
8521
8521
8520
8520
8514
8512
8510
8509
8509
8506
8506
8506
8504
8503
8503
8502
8502
8501
8501
8500
8499
8498
8498
8496
8495
8495
8495
8494
8494
8492
8491
8490
8489
8489
8487
8487
8486
8484
8483
8482
8482
8480
8480
8479
8479
8479
8478
8478
8477
8476
8475
8473
8473
8471
8471
8468
8467
8465
8465
8464
8463
8463
8462
8461
8461
8458
8453
8452
8451
8450
8450
8449
8448
8447
8442
8442
8442
8441
8434
8434
8433
8433
8432
8429
8428
8428
8427
8425
8425
8424
8424
8423
8423
8415
8414
8412
8412
8411
8411
8411
8411
8410
8410
8408
8407
8404
8404
8403
8403
8403
8402
8401
8401
8400
8399
8399
8398
8398
8397
8397
8397
8395
8395
8395
8394
8394
8393
8392
8391
8390
8390
8390
8390
8389
8388
8388
8387
8387
8387
8386
8384
8383
8383
8382
8380
8379
8379
8379
8378
8378
8375
8371
8371
8368
8368
8368
8368
8367
8367
8366
8363
8362
8361
8360
8357
8356
8356
8355
8355
8354
8353
8353
8352
8351
8344
8342
8340
8339
8339
8339
8338
8337
8337
8335
8333
8333
8332
8330
8329
8329
8328
8328
8328
8328
8328
8325
8325
8324
8324
8323
8321
8320
8319
8317
8317
8317
8316
8316
8315
8314
8314
8312
8312
8312
8308
8308
8307
8307
8307
8306
8305
8305
8304
8303
8303
8302
8302
8302
8301
8301
8300
8298
8297
8295
8294
8293
8293
8292
8291
8289
8286
8285
8285
8283
8282
8280
8280
8280
8279
8279
8279
8278
8278
8278
8277
8277
8277
8276
8276
8273
8273
8272
8272
8271
8269
8268
8268
8267
8267
8266
8266
8266
8264
8264
8263
8263
8262
8262
8262
8262
8261
8259
8259
8259
8258
8254
8252
8249
8249
8244
8243
8242
8239
8239
8239
8238
8238
8237
8236
8235
8234
8230
8230
8229
8226
8223
8223
8222
8221
8218
8217
8217
8215
8215
8215
8214
8213
8212
8212
8211
8211
8210
8208
8207
8207
8205
8204
8203
8203
8202
8202
8201
8201
8201
8201
8200
8200
8199
8199
8199
8199
8198
8194
8193
8192
8191
8190
8190
8190
8189
8189
8189
8189
8188
8188
8187
8187
8186
8186
8182
8182
8181
8181
8179
8178
8178
8178
8176
8176
8175
8175
8175
8175
8174
8172
8172
8170
8169
8167
8167
8167
8166
8162
8160
8160
8159
8158
8158
8155
8155
8155
8153
8153
8153
8152
8151
8151
8150
8150
8149
8149
8149
8148
8147
8147
8147
8146
8145
8145
8144
8143
8143
8139
8139
8139
8139
8138
8137
8136
8136
8136
8135
8134
8134
8134
8133
8131
8131
8130
8129
8128
8127
8126
8126
8125
8124
8124
8120
8120
8118
8118
8115
8113
8113
8108
8108
8108
8107
8107
8106
8103
8102
8101
8101
8101
8100
8100
8100
8098
8097
8095
8091
8090
8088
8088
8087
8085
8081
8080
8080
8079
8079
8079
8079
8078
8077
8076
8076
8075
8074
8074
8073
8071
8070
8069
8069
8067
8065
8064
8064
8061
8061
8060
8058
8057
8056
8056
8055
8055
8054
8052
8051
8050
8050
8050
8049
8047
8046
8046
8045
8044
8041
8041
8040
8040
8039
8039
8036
8036
8035
8031
8031
8030
8030
8028
8028
8028
8027
8027
8026
8026
8026
8026
8024
8024
8023
8023
8021
8021
8021
8017
8016
8016
8014
8013
8013
8010
8010
8008
8006
8006
8006
8005
8005
8003
8001
8000
8000
8000
8000
7999
7999
7998
7998
7997
7995
7994
7994
7994
7991
7991
7989
7988
7988
7988
7988
7987
7987
7986
7985
7985
7984
7983
7981
7978
7977
7977
7975
7975
7974
7974
7973
7973
7973
7972
7972
7971
7969
7961
7959
7958
7956
7954
7954
7954
7953
7952
7951
7948
7947
7947
7945
7945
7944
7943
7942
7941
7941
7936
7936
7930
7930
7928
7927
7926
7926
7925
7925
7925
7923
7923
7922
7921
7918
7918
7917
7916
7915
7914
7913
7912
7912
7910
7910
7909
7908
7908
7908
7908
7907
7906
7905
7905
7904
7903
7903
7902
7899
7896
7893
7892
7892
7892
7892
7891
7890
7889
7889
7889
7888
7887
7887
7887
7886
7886
7886
7885
7884
7884
7884
7883
7881
7880
7880
7879
7879
7879
7878
7874
7872
7871
7871
7870
7869
7866
7865
7864
7864
7862
7860
7859
7858
7858
7856
7855
7854
7852
7851
7851
7849
7848
7848
7847
7845
7845
7843
7843
7842
7842
7842
7841
7841
7840
7840
7839
7838
7838
7838
7837
7837
7835
7834
7833
7833
7833
7831
7831
7831
7830
7830
7829
7825
7824
7823
7822
7821
7821
7820
7820
7819
7818
7817
7817
7817
7814
7814
7811
7811
7810
7810
7809
7807
7807
7806
7805
7805
7804
7803
7803
7800
7796
7794
7790
7790
7787
7786
7786
7784
7783
7782
7782
7782
7781
7780
7780
7779
7778
7778
7778
7777
7777
7776
7775
7774
7774
7773
7772
7771
7769
7768
7768
7766
7765
7765
7763
7762
7761
7759
7758
7756
7755
7755
7753
7753
7752
7750
7750
7749
7746
7746
7745
7743
7743
7741
7740
7738
7737
7735
7734
7734
7731
7730
7729
7728
7728
7728
7726
7724
7722
7722
7721
7719
7719
7716
7716
7715
7715
7714
7713
7713
7712
7712
7712
7712
7711
7710
7710
7710
7709
7708
7707
7706
7706
7705
7705
7702
7701
7701
7700
7698
7698
7697
7697
7697
7697
7697
7696
7696
7696
7695
7693
7692
7691
7691
7689
7688
7688
7687
7685
7684
7683
7683
7681
7680
7680
7680
7679
7679
7678
7676
7675
7675
7675
7671
7669
7667
7667
7666
7666
7666
7666
7663
7661
7659
7659
7659
7658
7656
7656
7655
7655
7654
7653
7653
7651
7651
7651
7651
7649
7648
7647
7647
7646
7646
7646
7644
7644
7643
7640
7640
7639
7638
7637
7637
7636
7634
7633
7633
7633
7632
7632
7632
7631
7631
7631
7630
7630
7626
7626
7626
7625
7625
7624
7624
7623
7623
7622
7622
7622
7620
7618
7618
7614
7611
7610
7609
7609
7607
7606
7606
7602
7601
7600
7597
7596
7596
7595
7595
7595
7592
7592
7591
7591
7590
7590
7589
7588
7588
7587
7586
7586
7585
7582
7582
7580
7579
7579
7579
7578
7578
7578
7575
7575
7575
7572
7572
7571
7570
7569
7569
7568
7568
7568
7568
7565
7564
7561
7557
7554
7553
7551
7551
7550
7549
7549
7547
7545
7545
7544
7544
7543
7543
7542
7540
7539
7539
7537
7536
7536
7534
7534
7533
7531
7526
7526
7526
7525
7522
7519
7518
7517
7516
7514
7514
7514
7510
7510
7509
7508
7507
7507
7506
7502
7501
7497
7496
7491
7491
7488
7488
7487
7486
7486
7485
7483
7481
7479
7479
7478
7476
7476
7475
7469
7468
7468
7468
7464
7463
7462
7462
7461
7460
7457
7457
7457
7456
7455
7455
7454
7453
7453
7452
7452
7451
7451
7450
7448
7448
7445
7445
7444
7444
7444
7443
7443
7440
7440
7439
7439
7438
7438
7438
7437
7436
7435
7434
7433
7433
7432
7430
7429
7428
7428
7428
7427
7425
7423
7422
7422
7420
7420
7420
7420
7418
7415
7415
7413
7413
7411
7409
7409
7408
7407
7405
7405
7404
7403
7401
7401
7401
7398
7398
7398
7397
7396
7395
7393
7393
7392
7391
7390
7390
7388
7386
7386
7380
7379
7379
7378
7377
7375
7375
7374
7374
7373
7373
7372
7371
7370
7369
7365
7365
7363
7363
7363
7362
7362
7361
7361
7360
7359
7358
7357
7355
7354
7353
7353
7351
7350
7350
7349
7348
7348
7346
7345
7343
7342
7341
7339
7336
7335
7335
7334
7333
7331
7331
7330
7329
7329
7329
7328
7327
7326
7324
7322
7321
7321
7320
7320
7320
7319
7317
7317
7317
7317
7316
7316
7314
7313
7312
7310
7309
7308
7307
7306
7304
7302
7301
7301
7300
7297
7295
7294
7294
7293
7293
7293
7292
7292
7291
7291
7289
7287
7287
7287
7285
7284
7277
7273
7272
7271
7270
7270
7269
7269
7269
7267
7267
7265
7264
7264
7263
7262
7260
7260
7259
7258
7258
7257
7254
7252
7249
7249
7247
7245
7244
7243
7242
7242
7242
7242
7241
7240
7237
7236
7235
7234
7234
7232
7231
7231
7231
7231
7229
7229
7229
7227
7227
7224
7223
7222
7222
7222
7220
7219
7216
7215
7215
7215
7214
7213
7212
7211
7211
7211
7210
7207
7206
7206
7204
7203
7202
7200
7200
7199
7198
7198
7198
7197
7194
7194
7193
7193
7190
7190
7187
7187
7187
7186
7183
7182
7182
7181
7178
7178
7176
7174
7173
7170
7164
7163
7162
7161
7161
7161
7158
7158
7157
7155
7153
7152
7149
7149
7149
7146
7146
7146
7145
7145
7143
7141
7141
7140
7136
7134
7133
7133
7132
7129
7129
7127
7125
7124
7124
7122
7120
7119
7119
7118
7117
7116
7115
7115
7114
7113
7113
7112
7110
7110
7110
7109
7109
7109
7106
7103
7103
7103
7099
7099
7099
7098
7097
7097
7096
7094
7093
7092
7091
7091
7090
7089
7087
7087
7083
7083
7083
7083
7081
7081
7080
7079
7079
7078
7078
7077
7077
7076
7076
7072
7072
7070
7069
7069
7069
7067
7065
7063
7063
7063
7062
7061
7060
7060
7058
7057
7057
7056
7055
7055
7055
7053
7049
7049
7048
7045
7044
7044
7043
7042
7041
7039
7038
7038
7034
7034
7033
7032
7032
7031
7031
7030
7029
7027
7027
7026
7024
7021
7021
7021
7021
7020
7018
7016
7015
7015
7015
7014
7014
7014
7013
7013
7011
7011
7011
7010
7010
7004
7004
7004
7003
7003
7001
7001
6999
6997
6994
6994
6992
6991
6990
6990
6990
6989
6987
6985
6985
6984
6984
6983
6983
6982
6982
6981
6978
6976
6975
6975
6974
6974
6974
6972
6972
6970
6969
6968
6966
6963
6963
6960
6959
6959
6959
6958
6958
6958
6958
6956
6956
6954
6953
6950
6949
6948
6947
6947
6945
6945
6945
6942
6942
6941
6940
6938
6937
6937
6936
6935
6935
6934
6933
6933
6933
6933
6928
6927
6926
6926
6926
6925
6923
6923
6921
6920
6919
6919
6918
6916
6912
6907
6907
6904
6902
6900
6899
6896
6896
6896
6895
6895
6894
6894
6894
6894
6894
6893
6892
6891
6890
6889
6886
6883
6883
6881
6879
6879
6878
6878
6877
6877
6875
6875
6874
6874
6874
6872
6872
6872
6872
6871
6870
6870
6868
6868
6867
6863
6863
6862
6861
6861
6860
6859
6859
6858
6856
6854
6854
6849
6848
6848
6846
6845
6845
6843
6842
6842
6842
6842
6840
6837
6837
6836
6836
6835
6834
6833
6832
6831
6831
6830
6829
6828
6828
6828
6828
6827
6824
6821
6821
6819
6819
6817
6812
6811
6810
6810
6809
6807
6807
6805
6805
6805
6804
6804
6803
6802
6801
6800
6800
6798
6798
6797
6796
6796
6795
6795
6795
6794
6793
6792
6791
6788
6788
6786
6785
6782
6781
6781
6779
6778
6777
6777
6775
6774
6774
6773
6773
6772
6771
6770
6768
6768
6767
6766
6764
6764
6761
6760
6758
6756
6756
6756
6755
6755
6752
6751
6751
6750
6750
6746
6746
6746
6745
6742
6742
6742
6741
6741
6741
6741
6740
6740
6739
6738
6735
6733
6732
6732
6730
6728
6728
6727
6723
6722
6719
6719
6718
6717
6717
6716
6715
6714
6714
6712
6712
6711
6708
6708
6707
6706
6705
6701
6701
6699
6698
6698
6696
6695
6694
6693
6693
6692
6692
6688
6687
6685
6684
6683
6682
6682
6682
6681
6680
6680
6679
6678
6678
6677
6677
6677
6676
6676
6675
6674
6674
6670
6670
6667
6667
6667
6665
6665
6663
6663
6663
6662
6659
6658
6658
6657
6655
6655
6655
6654
6654
6653
6652
6651
6650
6650
6648
6646
6646
6645
6645
6645
6643
6643
6642
6642
6642
6641
6640
6639
6638
6635
6634
6634
6632
6632
6632
6631
6631
6631
6630
6630
6629
6629
6628
6628
6628
6627
6626
6626
6625
6625
6624
6624
6623
6623
6622
6622
6622
6621
6620
6619
6618
6617
6617
6613
6613
6612
6610
6610
6609
6609
6607
6606
6606
6605
6604
6602
6602
6599
6598
6596
6596
6596
6594
6594
6593
6591
6590
6590
6588
6586
6585
6585
6584
6584
6583
6583
6583
6581
6581
6580
6576
6576
6574
6573
6571
6571
6571
6569
6569
6569
6567
6567
6567
6566
6565
6565
6563
6563
6561
6560
6560
6560
6560
6559
6557
6557
6555
6555
6554
6554
6553
6552
6551
6549
6549
6548
6547
6546
6546
6545
6545
6544
6542
6541
6541
6540
6540
6537
6536
6536
6534
6534
6534
6534
6533
6533
6533
6533
6532
6529
6528
6528
6526
6525
6525
6524
6523
6519
6518
6517
6514
6507
6507
6507
6506
6505
6504
6501
6501
6498
6497
6497
6496
6495
6494
6490
6489
6488
6486
6486
6486
6485
6484
6483
6482
6482
6480
6479
6479
6479
6479
6477
6477
6476
6476
6473
6473
6472
6470
6469
6468
6467
6467
6466
6466
6465
6465
6464
6464
6463
6462
6462
6459
6456
6455
6455
6455
6454
6454
6452
6447
6447
6446
6445
6444
6441
6441
6440
6439
6438
6438
6438
6437
6436
6435
6435
6434
6432
6430
6430
6426
6426
6425
6423
6422
6421
6421
6419
6418
6416
6416
6415
6415
6414
6413
6412
6411
6410
6410
6409
6407
6405
6403
6403
6402
6402
6401
6400
6398
6398
6396
6396
6393
6392
6392
6392
6391
6391
6390
6390
6389
6389
6389
6389
6389
6388
6387
6386
6386
6386
6386
6386
6385
6380
6379
6379
6377
6377
6377
6377
6376
6375
6373
6369
6369
6368
6362
6361
6360
6360
6358
6358
6358
6358
6358
6356
6355
6355
6354
6354
6351
6350
6350
6349
6347
6347
6347
6345
6344
6344
6344
6342
6342
6339
6339
6338
6337
6337
6335
6335
6331
6331
6331
6329
6326
6325
6324
6324
6322
6320
6319
6319
6318
6317
6315
6312
6311
6311
6311
6310
6310
6309
6308
6307
6306
6306
6306
6302
6302
6298
6297
6296
6296
6296
6295
6293
6293
6291
6291
6286
6286
6285
6285
6285
6283
6282
6281
6281
6281
6280
6280
6279
6278
6278
6278
6276
6273
6272
6272
6271
6271
6270
6268
6268
6268
6267
6261
6261
6259
6259
6258
6255
6255
6255
6255
6254
6254
6251
6249
6248
6248
6247
6247
6247
6247
6247
6246
6243
6242
6240
6240
6240
6239
6239
6238
6238
6238
6238
6233
6232
6232
6231
6228
6227
6227
6226
6225
6222
6220
6219
6219
6219
6214
6214
6214
6213
6213
6211
6210
6209
6209
6209
6207
6204
6204
6202
6200
6200
6199
6196
6196
6195
6194
6193
6191
6190
6190
6189
6187
6187
6185
6184
6183
6181
6181
6181
6181
6176
6176
6175
6175
6175
6174
6173
6173
6172
6172
6172
6171
6169
6168
6165
6164
6163
6162
6160
6159
6159
6159
6156
6155
6153
6152
6152
6152
6151
6149
6149
6148
6148
6147
6147
6145
6144
6144
6144
6144
6143
6140
6138
6138
6137
6137
6136
6136
6135
6134
6133
6131
6129
6129
6128
6125
6125
6124
6123
6122
6121
6120
6119
6118
6118
6117
6115
6115
6115
6115
6114
6111
6110
6109
6109
6108
6108
6107
6106
6106
6105
6102
6101
6099
6099
6097
6096
6096
6095
6094
6093
6093
6092
6091
6090
6089
6088
6088
6086
6086
6083
6082
6081
6080
6079
6078
6077
6076
6076
6076
6073
6070
6068
6068
6067
6066
6066
6065
6065
6065
6063
6063
6060
6058
6056
6053
6051
6051
6047
6046
6046
6045
6044
6043
6042
6040
6040
6039
6037
6036
6032
6031
6031
6030
6028
6025
6022
6020
6019
6019
6018
6017
6015
6014
6012
6012
6010
6007
6005
6004
6003
6002
6001
6001
6001
6000
6000
5999
5998
5997
5997
5997
5995
5993
5992
5992
5992
5992
5992
5991
5990
5990
5989
5988
5988
5987
5986
5985
5984
5983
5983
5982
5982
5982
5981
5981
5980
5979
5979
5978
5977
5977
5976
5974
5974
5973
5972
5969
5969
5969
5969
5968
5966
5966
5966
5966
5965
5964
5963
5957
5956
5954
5954
5953
5952
5951
5951
5950
5950
5950
5950
5947
5945
5944
5941
5940
5940
5939
5938
5937
5936
5935
5933
5931
5930
5930
5928
5924
5923
5920
5919
5919
5919
5919
5917
5917
5916
5915
5915
5915
5915
5914
5914
5913
5912
5910
5909
5908
5908
5907
5907
5907
5907
5905
5905
5904
5901
5901
5901
5900
5899
5898
5898
5897
5897
5897
5897
5896
5896
5896
5895
5892
5892
5891
5891
5891
5888
5886
5885
5885
5884
5882
5881
5881
5881
5881
5879
5879
5877
5877
5876
5875
5874
5873
5871
5871
5870
5870
5869
5868
5867
5867
5866
5865
5865
5863
5863
5861
5861
5859
5858
5857
5856
5856
5854
5853
5851
5851
5849
5849
5848
5848
5847
5846
5845
5845
5844
5844
5842
5842
5841
5841
5838
5838
5836
5835
5835
5835
5835
5833
5832
5832
5832
5831
5831
5829
5829
5829
5826
5825
5825
5824
5822
5819
5819
5818
5817
5816
5815
5815
5815
5814
5813
5812
5811
5811
5810
5810
5809
5808
5807
5807
5806
5805
5805
5805
5804
5804
5803
5803
5802
5800
5800
5799
5798
5797
5797
5796
5795
5795
5794
5794
5793
5792
5792
5791
5791
5790
5789
5788
5786
5785
5785
5785
5783
5782
5777
5775
5775
5775
5774
5773
5772
5772
5770
5770
5770
5768
5765
5762
5762
5762
5761
5761
5760
5759
5758
5757
5757
5756
5755
5754
5753
5752
5752
5750
5750
5747
5746
5746
5744
5742
5740
5739
5737
5736
5733
5731
5728
5728
5726
5725
5725
5723
5719
5718
5717
5717
5716
5716
5713
5712
5712
5712
5710
5708
5707
5707
5706
5705
5705
5704
5704
5702
5702
5701
5701
5699
5699
5699
5698
5696
5696
5696
5694
5694
5694
5693
5692
5692
5691
5691
5691
5691
5689
5688
5685
5685
5684
5682
5680
5680
5680
5679
5679
5677
5672
5672
5671
5670
5669
5668
5667
5667
5666
5666
5666
5665
5665
5664
5662
5661
5659
5658
5658
5657
5655
5655
5655
5653
5651
5651
5651
5651
5651
5650
5650
5648
5648
5647
5645
5644
5644
5643
5642
5640
5639
5639
5638
5635
5635
5634
5634
5634
5634
5633
5633
5632
5632
5631
5631
5629
5627
5627
5625
5624
5622
5621
5620
5620
5619
5618
5618
5617
5617
5615
5613
5613
5610
5610
5609
5607
5606
5605
5605
5604
5604
5603
5603
5602
5602
5597
5596
5595
5594
5593
5593
5589
5589
5589
5588
5587
5587
5587
5584
5584
5581
5580
5578
5577
5576
5574
5572
5571
5571
5569
5569
5568
5566
5565
5563
5562
5562
5562
5561
5561
5561
5561
5560
5559
5557
5556
5552
5549
5549
5548
5546
5545
5544
5543
5542
5541
5541
5540
5540
5540
5539
5537
5534
5534
5534
5533
5533
5531
5530
5529
5529
5528
5527
5524
5523
5520
5519
5519
5518
5517
5516
5514
5514
5514
5514
5513
5513
5512
5510
5510
5505
5505
5505
5505
5503
5503
5503
5502
5502
5502
5500
5500
5499
5499
5499
5497
5496
5495
5494
5493
5491
5490
5487
5484
5484
5484
5482
5482
5481
5480
5478
5475
5475
5474
5473
5472
5472
5470
5468
5468
5466
5465
5464
5463
5462
5462
5462
5459
5459
5459
5459
5457
5454
5452
5451
5451
5450
5450
5448
5448
5447
5446
5445
5445
5443
5439
5438
5437
5437
5437
5436
5435
5434
5433
5431
5431
5430
5428
5427
5426
5425
5424
5422
5421
5421
5418
5418
5416
5410
5410
5410
5408
5406
5404
5404
5404
5402
5400
5400
5399
5398
5398
5395
5394
5394
5393
5391
5391
5390
5390
5386
5385
5384
5383
5382
5382
5381
5379
5379
5379
5377
5377
5377
5377
5377
5375
5374
5373
5371
5369
5369
5366
5365
5365
5364
5364
5363
5362
5360
5359
5359
5358
5356
5355
5354
5354
5354
5354
5353
5352
5351
5349
5348
5348
5347
5347
5346
5343
5343
5342
5342
5339
5339
5338
5338
5337
5335
5334
5334
5334
5334
5334
5333
5333
5333
5332
5332
5330
5329
5329
5328
5328
5327
5326
5326
5325
5323
5321
5320
5318
5316
5314
5314
5313
5312
5312
5312
5310
5310
5309
5308
5307
5303
5303
5302
5299
5299
5299
5299
5299
5298
5297
5297
5294
5292
5292
5292
5291
5291
5290
5290
5289
5289
5288
5288
5288
5287
5287
5287
5286
5286
5283
5283
5282
5282
5281
5281
5281
5279
5275
5275
5275
5275
5272
5271
5268
5267
5267
5264
5264
5263
5262
5262
5261
5261
5260
5259
5258
5257
5256
5256
5255
5254
5253
5253
5252
5252
5252
5251
5250
5250
5250
5250
5249
5248
5248
5248
5246
5246
5245
5244
5243
5243
5243
5242
5242
5242
5241
5239
5239
5239
5238
5236
5236
5234
5234
5233
5231
5231
5231
5230
5230
5229
5229
5228
5227
5227
5227
5225
5225
5224
5223
5223
5222
5222
5219
5219
5218
5218
5217
5211
5210
5208
5208
5207
5206
5204
5204
5200
5200
5199
5198
5197
5194
5194
5194
5194
5192
5192
5191
5191
5190
5190
5189
5188
5188
5187
5184
5184
5183
5183
5182
5182
5180
5174
5172
5170
5170
5169
5168
5167
5166
5166
5166
5165
5165
5163
5163
5163
5162
5162
5160
5157
5155
5154
5151
5148
5147
5143
5143
5143
5141
5141
5141
5140
5139
5138
5137
5135
5135
5135
5134
5133
5133
5130
5129
5128
5126
5126
5125
5122
5121
5120
5119
5117
5116
5115
5114
5113
5112
5112
5112
5112
5111
5110
5110
5108
5107
5107
5107
5105
5105
5103
5103
5102
5102
5102
5100
5096
5094
5093
5093
5093
5090
5087
5087
5085
5084
5084
5081
5081
5078
5076
5076
5075
5075
5073
5073
5071
5071
5070
5066
5066
5066
5065
5065
5064
5063
5063
5062
5062
5062
5061
5060
5059
5059
5058
5058
5058
5057
5057
5057
5056
5055
5055
5054
5054
5053
5051
5050
5050
5049
5048
5048
5048
5048
5047
5046
5046
5046
5044
5040
5039
5039
5033
5033
5032
5031
5031
5030
5028
5027
5027
5024
5024
5023
5023
5023
5023
5021
5021
5021
5020
5020
5020
5018
5017
5015
5015
5014
5012
5011
5011
5011
5010
5008
5008
5007
5007
5007
5005
5005
5004
5004
5002
5000
5000
4998
4996
4996
4996
4994
4994
4992
4992
4989
4989
4988
4988
4988
4988
4985
4985
4983
4982
4982
4982
4981
4981
4980
4980
4978
4976
4976
4976
4974
4973
4973
4971
4970
4968
4968
4967
4967
4967
4967
4966
4966
4963
4963
4963
4962
4958
4957
4957
4956
4949
4949
4948
4948
4945
4945
4943
4941
4940
4940
4939
4938
4936
4935
4935
4934
4932
4929
4929
4927
4927
4927
4926
4926
4925
4923
4922
4922
4921
4921
4919
4919
4918
4917
4917
4917
4916
4913
4913
4913
4912
4909
4906
4905
4902
4901
4901
4901
4900
4898
4896
4895
4895
4893
4893
4893
4893
4890
4887
4887
4887
4886
4885
4885
4884
4884
4883
4883
4883
4881
4874
4873
4873
4872
4871
4870
4869
4867
4866
4866
4865
4863
4862
4861
4860
4860
4860
4860
4859
4859
4859
4858
4857
4856
4854
4854
4853
4852
4850
4850
4850
4849
4849
4849
4848
4847
4847
4846
4845
4843
4843
4842
4841
4838
4838
4838
4837
4835
4832
4832
4831
4831
4829
4829
4828
4828
4827
4827
4826
4826
4826
4826
4824
4823
4819
4819
4819
4817
4815
4813
4812
4812
4812
4809
4808
4808
4807
4806
4805
4803
4802
4802
4800
4800
4800
4800
4798
4798
4795
4794
4790
4788
4788
4787
4787
4787
4785
4784
4783
4782
4780
4780
4779
4779
4777
4775
4773
4772
4772
4772
4772
4771
4771
4770
4770
4769
4768
4767
4766
4765
4765
4764
4763
4762
4761
4761
4759
4758
4757
4757
4752
4751
4750
4749
4745
4743
4742
4741
4739
4737
4737
4736
4736
4735
4734
4733
4733
4732
4730
4728
4727
4725
4725
4723
4723
4723
4722
4720
4720
4720
4720
4720
4718
4712
4711
4710
4708
4708
4706
4705
4702
4701
4700
4700
4699
4697
4696
4696
4696
4694
4692
4690
4690
4690
4690
4688
4687
4686
4686
4686
4685
4685
4684
4682
4681
4679
4679
4677
4677
4677
4676
4676
4676
4676
4675
4669
4668
4667
4667
4665
4663
4662
4661
4660
4660
4659
4658
4658
4658
4657
4657
4656
4654
4653
4653
4652
4650
4647
4647
4646
4645
4644
4643
4642
4642
4640
4640
4639
4638
4637
4636
4636
4634
4633
4633
4632
4632
4632
4632
4631
4630
4629
4628
4627
4627
4624
4624
4623
4623
4623
4622
4622
4620
4619
4618
4614
4614
4613
4612
4610
4610
4609
4609
4608
4608
4608
4607
4606
4604
4603
4603
4603
4602
4601
4600
4598
4598
4596
4596
4596
4596
4595
4592
4592
4590
4590
4589
4588
4587
4587
4587
4586
4586
4586
4585
4582
4580
4580
4578
4578
4574
4574
4571
4570
4569
4569
4569
4568
4565
4564
4561
4561
4561
4554
4554
4553
4551
4549
4549
4548
4544
4543
4542
4542
4541
4538
4538
4537
4537
4536
4536
4535
4535
4534
4534
4534
4533
4533
4533
4532
4532
4529
4528
4527
4525
4525
4524
4524
4523
4523
4522
4521
4521
4520
4520
4519
4518
4518
4517
4516
4516
4513
4512
4511
4511
4510
4509
4508
4507
4505
4505
4503
4503
4503
4502
4501
4501
4498
4497
4494
4494
4493
4492
4492
4488
4487
4487
4486
4486
4486
4486
4486
4484
4482
4482
4482
4479
4478
4477
4474
4474
4474
4474
4472
4470
4470
4470
4469
4467
4465
4464
4463
4463
4460
4460
4460
4460
4460
4457
4453
4451
4450
4450
4449
4449
4448
4447
4445
4445
4443
4443
4442
4442
4440
4438
4436
4436
4436
4435
4434
4434
4434
4429
4429
4429
4428
4425
4425
4423
4422
4422
4421
4421
4420
4420
4419
4418
4417
4417
4415
4414
4413
4410
4410
4409
4407
4407
4407
4405
4404
4403
4402
4400
4399
4399
4398
4398
4397
4396
4396
4396
4395
4395
4395
4393
4393
4392
4392
4392
4392
4392
4391
4391
4391
4390
4390
4390
4385
4384
4384
4383
4382
4381
4381
4380
4376
4376
4375
4371
4371
4370
4365
4365
4365
4364
4363
4362
4362
4362
4360
4359
4359
4355
4354
4352
4352
4350
4348
4345
4345
4344
4343
4340
4339
4338
4338
4338
4337
4335
4334
4333
4333
4333
4332
4330
4330
4328
4327
4327
4324
4324
4324
4324
4322
4322
4321
4321
4319
4319
4316
4315
4315
4312
4312
4312
4311
4309
4309
4308
4307
4306
4305
4303
4300
4299
4296
4296
4295
4294
4293
4293
4293
4292
4289
4286
4284
4282
4282
4282
4280
4277
4276
4276
4276
4274
4272
4270
4267
4263
4262
4262
4262
4261
4261
4261
4260
4259
4259
4257
4256
4255
4255
4254
4252
4250
4249
4248
4248
4247
4247
4245
4243
4242
4241
4239
4237
4236
4235
4234
4233
4229
4228
4226
4224
4223
4223
4223
4221
4220
4219
4217
4216
4216
4214
4214
4213
4213
4213
4210
4210
4209
4209
4207
4206
4205
4203
4203
4202
4200
4199
4198
4196
4196
4195
4195
4195
4195
4194
4194
4193
4192
4192
4192
4191
4191
4190
4189
4188
4188
4187
4187
4186
4186
4184
4184
4183
4181
4181
4181
4181
4180
4180
4179
4179
4178
4177
4177
4177
4177
4176
4176
4176
4174
4172
4170
4169
4169
4165
4164
4164
4164
4162
4162
4161
4161
4157
4157
4155
4154
4154
4153
4152
4151
4150
4149
4147
4144
4144
4144
4144
4143
4142
4141
4141
4140
4140
4139
4139
4138
4138
4135
4135
4135
4134
4134
4134
4134
4132
4131
4129
4129
4126
4125
4124
4123
4120
4120
4119
4118
4118
4117
4117
4116
4116
4115
4115
4115
4111
4109
4108
4106
4105
4105
4103
4102
4102
4101
4101
4101
4099
4099
4098
4098
4094
4092
4091
4090
4090
4089
4089
4087
4087
4086
4086
4086
4085
4085
4084
4083
4081
4081
4080
4079
4079
4078
4077
4077
4076
4076
4076
4075
4075
4074
4073
4073
4073
4071
4070
4067
4061
4061
4060
4059
4056
4056
4053
4053
4050
4050
4049
4048
4047
4047
4047
4045
4044
4044
4043
4043
4042
4041
4040
4039
4038
4036
4035
4032
4031
4029
4027
4026
4026
4026
4026
4023
4022
4022
4021
4021
4020
4016
4015
4014
4012
4011
4010
4008
4007
4006
4005
4004
4004
4004
4003
4003
4003
4002
4002
4002
4001
4000
3998
3998
3998
3997
3996
3996
3995
3994
3993
3993
3993
3992
3992
3992
3991
3991
3991
3991
3990
3990
3989
3987
3986
3983
3981
3980
3980
3979
3979
3978
3978
3977
3977
3976
3976
3975
3974
3973
3973
3972
3971
3970
3969
3967
3966
3966
3966
3965
3965
3964
3964
3963
3963
3963
3962
3960
3959
3957
3957
3956
3956
3956
3954
3954
3954
3953
3953
3951
3951
3951
3949
3949
3948
3947
3947
3947
3947
3946
3944
3943
3942
3942
3940
3938
3938
3936
3933
3929
3925
3925
3924
3923
3923
3923
3922
3921
3919
3919
3917
3915
3914
3912
3910
3910
3910
3909
3908
3907
3906
3905
3903
3903
3901
3901
3901
3900
3900
3899
3896
3896
3895
3895
3895
3894
3893
3893
3890
3890
3889
3886
3885
3885
3884
3884
3882
3881
3881
3880
3880
3880
3879
3877
3877
3877
3876
3875
3875
3874
3874
3874
3874
3873
3873
3872
3871
3870
3870
3868
3868
3868
3868
3867
3867
3866
3866
3865
3864
3862
3861
3855
3851
3849
3848
3847
3846
3842
3841
3840
3840
3839
3838
3838
3838
3837
3836
3835
3833
3832
3831
3828
3828
3828
3826
3825
3824
3824
3823
3820
3820
3819
3818
3817
3817
3816
3816
3815
3812
3811
3811
3810
3809
3808
3807
3804
3803
3803
3802
3802
3800
3800
3800
3800
3798
3797
3797
3797
3794
3794
3794
3793
3790
3788
3787
3787
3787
3786
3786
3784
3784
3784
3783
3783
3783
3783
3783
3782
3781
3779
3778
3778
3777
3776
3776
3774
3773
3772
3771
3770
3768
3768
3765
3764
3763
3763
3761
3759
3756
3753
3752
3752
3752
3750
3749
3749
3748
3748
3747
3747
3746
3745
3745
3744
3744
3744
3742
3741
3741
3740
3740
3738
3737
3731
3730
3730
3728
3728
3728
3728
3727
3725
3725
3725
3723
3722
3721
3720
3720
3719
3719
3719
3718
3716
3715
3712
3712
3712
3711
3711
3710
3709
3708
3707
3706
3704
3702
3702
3700
3699
3698
3696
3696
3695
3693
3693
3692
3691
3689
3689
3687
3686
3685
3684
3683
3683
3682
3679
3679
3677
3674
3673
3672
3671
3671
3671
3668
3668
3667
3666
3665
3664
3664
3663
3662
3661
3660
3657
3656
3655
3654
3654
3652
3649
3649
3646
3645
3645
3642
3642
3641
3640
3640
3638
3636
3636
3635
3635
3634
3633
3632
3632
3628
3628
3628
3627
3626
3626
3623
3620
3617
3616
3616
3616
3616
3615
3613
3613
3613
3612
3610
3609
3609
3608
3606
3606
3598
3597
3596
3596
3595
3594
3594
3594
3594
3593
3593
3591
3591
3590
3590
3589
3589
3589
3589
3588
3587
3585
3585
3584
3583
3582
3580
3579
3577
3577
3573
3572
3572
3571
3570
3569
3567
3567
3567
3565
3564
3564
3564
3562
3561
3560
3559
3559
3557
3554
3553
3553
3552
3551
3551
3551
3547
3547
3541
3540
3540
3536
3536
3535
3534
3531
3530
3529
3529
3529
3527
3527
3526
3525
3524
3520
3518
3518
3518
3516
3514
3514
3513
3513
3512
3511
3511
3509
3506
3505
3503
3502
3501
3501
3500
3500
3499
3499
3498
3498
3497
3493
3489
3488
3487
3487
3485
3481
3480
3479
3477
3475
3475
3472
3471
3470
3468
3468
3468
3467
3466
3466
3464
3460
3460
3459
3459
3457
3457
3455
3452
3452
3452
3451
3449
3448
3448
3448
3447
3446
3446
3445
3445
3441
3439
3439
3438
3438
3437
3436
3431
3429
3428
3427
3425
3422
3420
3419
3418
3418
3418
3417
3416
3414
3414
3414
3414
3412
3411
3411
3408
3407
3405
3404
3403
3403
3402
3402
3402
3401
3400
3399
3398
3398
3397
3394
3393
3393
3393
3392
3392
3389
3389
3388
3387
3386
3384
3383
3379
3379
3379
3376
3375
3375
3374
3374
3373
3373
3372
3370
3370
3370
3368
3368
3366
3366
3365
3365
3365
3363
3363
3359
3356
3355
3355
3352
3350
3348
3347
3345
3345
3343
3338
3338
3337
3337
3337
3336
3335
3334
3333
3333
3333
3333
3331
3331
3325
3325
3325
3325
3323
3323
3322
3321
3320
3318
3317
3316
3314
3314
3313
3308
3308
3308
3308
3307
3302
3302
3302
3301
3299
3299
3297
3296
3296
3295
3294
3293
3292
3291
3289
3288
3287
3287
3287
3286
3286
3285
3285
3284
3284
3283
3283
3282
3282
3280
3279
3276
3276
3275
3275
3273
3273
3271
3271
3271
3269
3268
3266
3265
3263
3262
3262
3259
3258
3258
3255
3255
3254
3254
3253
3251
3250
3249
3248
3248
3245
3243
3243
3242
3239
3236
3236
3232
3232
3232
3229
3227
3227
3224
3224
3223
3223
3222
3222
3222
3220
3217
3217
3217
3216
3216
3216
3216
3215
3215
3215
3215
3215
3214
3214
3210
3209
3206
3205
3205
3204
3204
3204
3202
3199
3199
3198
3196
3196
3194
3193
3189
3188
3187
3187
3185
3185
3184
3183
3181
3180
3179
3178
3178
3177
3177
3175
3172
3171
3170
3170
3168
3168
3168
3167
3167
3166
3166
3165
3165
3165
3163
3163
3161
3159
3159
3157
3157
3156
3154
3154
3153
3153
3152
3150
3149
3149
3148
3146
3146
3144
3144
3143
3143
3143
3142
3142
3138
3136
3136
3135
3135
3135
3135
3135
3134
3134
3134
3134
3133
3132
3132
3131
3131
3130
3129
3129
3128
3126
3125
3124
3123
3123
3122
3122
3121
3121
3121
3121
3120
3120
3119
3116
3116
3116
3115
3115
3114
3113
3113
3112
3112
3110
3110
3108
3108
3107
3105
3105
3105
3102
3102
3102
3101
3099
3099
3098
3095
3093
3092
3092
3091
3091
3091
3090
3089
3088
3086
3085
3084
3084
3083
3081
3080
3080
3080
3080
3079
3077
3077
3076
3076
3075
3071
3070
3069
3068
3066
3066
3062
3062
3062
3060
3060
3059
3058
3057
3056
3056
3055
3054
3054
3052
3046
3045
3042
3040
3039
3038
3037
3037
3037
3036
3036
3036
3036
3034
3032
3032
3031
3029
3028
3018
3016
3016
3015
3010
3010
3010
3009
3008
3008
3007
3006
3005
3005
3005
3004
3003
3001
3000
2996
2996
2995
2994
2991
2991
2991
2989
2986
2982
2982
2981
2981
2979
2978
2978
2978
2977
2975
2975
2973
2972
2971
2971
2968
2964
2964
2964
2963
2963
2961
2961
2960
2960
2959
2958
2957
2957
2954
2954
2953
2952
2951
2950
2950
2950
2949
2949
2948
2946
2946
2945
2944
2944
2944
2943
2943
2943
2942
2941
2940
2939
2938
2938
2937
2936
2936
2936
2934
2933
2933
2933
2932
2932
2932
2931
2930
2930
2930
2928
2928
2926
2925
2924
2923
2922
2921
2920
2920
2920
2916
2915
2914
2914
2914
2913
2913
2912
2912
2912
2912
2910
2910
2910
2909
2906
2904
2900
2897
2897
2896
2896
2895
2894
2894
2893
2892
2892
2890
2890
2889
2889
2889
2886
2884
2883
2882
2881
2881
2879
2879
2879
2876
2874
2872
2872
2871
2868
2868
2868
2868
2867
2867
2866
2864
2862
2862
2861
2861
2860
2858
2858
2856
2856
2855
2854
2852
2850
2849
2849
2848
2848
2847
2845
2845
2843
2841
2840
2840
2840
2838
2836
2836
2835
2833
2832
2832
2831
2830
2829
2828
2827
2826
2824
2823
2821
2816
2816
2816
2814
2813
2813
2813
2811
2811
2810
2810
2808
2808
2808
2806
2805
2804
2804
2804
2798
2798
2797
2796
2795
2794
2793
2793
2793
2790
2789
2789
2789
2785
2784
2783
2782
2781
2780
2780
2778
2778
2775
2774
2774
2772
2771
2770
2770
2770
2770
2766
2765
2764
2764
2763
2763
2762
2761
2761
2761
2760
2759
2759
2757
2757
2755
2754
2754
2753
2753
2752
2751
2750
2750
2749
2749
2748
2748
2748
2747
2747
2747
2745
2742
2741
2737
2736
2736
2736
2735
2733
2732
2732
2732
2732
2732
2730
2728
2728
2724
2722
2722
2722
2721
2720
2720
2717
2715
2714
2714
2713
2711
2711
2709
2708
2708
2707
2707
2705
2705
2705
2704
2700
2700
2700
2700
2698
2698
2697
2696
2696
2696
2696
2693
2690
2690
2687
2686
2686
2686
2686
2685
2680
2679
2678
2678
2678
2676
2675
2673
2672
2671
2669
2668
2667
2666
2666
2666
2664
2663
2662
2661
2661
2658
2658
2657
2656
2656
2655
2652
2652
2651
2650
2648
2646
2645
2643
2643
2640
2639
2639
2636
2635
2635
2632
2630
2630
2629
2628
2626
2626
2626
2625
2624
2619
2618
2618
2618
2618
2617
2615
2615
2614
2613
2613
2612
2612
2611
2609
2608
2607
2606
2606
2605
2603
2603
2602
2602
2600
2598
2598
2597
2596
2595
2592
2592
2591
2591
2590
2589
2589
2588
2587
2586
2584
2579
2576
2576
2575
2575
2574
2574
2573
2568
2567
2566
2566
2566
2565
2564
2564
2564
2563
2562
2562
2561
2561
2560
2560
2560
2559
2559
2557
2556
2554
2554
2551
2550
2548
2545
2545
2544
2542
2541
2540
2540
2538
2538
2537
2537
2537
2537
2537
2536
2535
2535
2535
2534
2533
2532
2532
2531
2530
2529
2528
2528
2526
2525
2525
2523
2523
2523
2521
2521
2521
2519
2518
2518
2517
2516
2516
2515
2515
2514
2514
2509
2509
2508
2507
2506
2503
2501
2499
2495
2495
2494
2494
2494
2493
2492
2488
2488
2486
2486
2485
2485
2483
2482
2482
2481
2480
2480
2476
2475
2474
2474
2472
2472
2471
2470
2469
2469
2468
2467
2466
2465
2465
2464
2463
2461
2460
2459
2459
2457
2457
2457
2457
2454
2454
2454
2452
2450
2450
2449
2449
2447
2447
2446
2444
2444
2441
2440
2439
2438
2438
2437
2437
2436
2436
2436
2433
2431
2431
2431
2430
2427
2427
2424
2424
2422
2421
2420
2417
2416
2415
2415
2411
2411
2409
2408
2408
2404
2403
2403
2402
2401
2401
2400
2399
2397
2395
2391
2389
2389
2389
2389
2388
2387
2386
2383
2383
2381
2381
2381
2381
2381
2380
2378
2377
2377
2377
2377
2375
2373
2372
2372
2371
2370
2366
2366
2365
2364
2363
2361
2361
2360
2360
2360
2359
2359
2358
2353
2353
2350
2349
2348
2348
2347
2345
2344
2343
2343
2342
2341
2341
2338
2338
2338
2337
2337
2334
2334
2331
2331
2330
2327
2326
2326
2325
2325
2324
2321
2320
2320
2320
2319
2313
2313
2311
2311
2310
2310
2309
2308
2306
2305
2304
2304
2301
2301
2297
2296
2296
2296
2295
2295
2294
2293
2291
2290
2289
2289
2287
2287
2285
2285
2284
2284
2284
2283
2283
2282
2282
2280
2280
2277
2275
2275
2274
2272
2271
2271
2270
2270
2270
2269
2264
2263
2261
2261
2260
2258
2258
2257
2255
2255
2254
2254
2254
2252
2252
2251
2251
2248
2247
2247
2246
2245
2244
2243
2243
2239
2239
2238
2237
2237
2236
2236
2236
2235
2235
2233
2233
2233
2230
2229
2228
2228
2227
2226
2226
2224
2223
2222
2222
2220
2220
2218
2218
2217
2214
2214
2213
2212
2212
2210
2209
2208
2208
2205
2205
2205
2205
2204
2203
2199
2198
2198
2197
2195
2195
2195
2195
2194
2193
2191
2189
2189
2188
2188
2187
2183
2183
2182
2182
2181
2179
2178
2177
2176
2176
2175
2174
2172
2171
2171
2170
2168
2167
2166
2166
2165
2164
2162
2162
2161
2161
2155
2154
2154
2153
2153
2152
2152
2151
2150
2148
2147
2146
2145
2145
2141
2141
2138
2138
2137
2137
2136
2136
2136
2136
2135
2135
2130
2129
2127
2127
2126
2125
2123
2122
2122
2122
2121
2120
2120
2119
2116
2114
2114
2112
2111
2110
2110
2107
2107
2106
2106
2104
2104
2103
2103
2101
2099
2099
2096
2095
2095
2093
2089
2089
2087
2085
2084
2084
2083
2083
2083
2082
2081
2081
2081
2079
2077
2073
2072
2071
2070
2069
2069
2068
2068
2067
2067
2063
2063
2062
2062
2062
2061
2060
2059
2059
2055
2055
2054
2053
2052
2051
2050
2048
2048
2047
2046
2046
2045
2045
2045
2041
2040
2036
2036
2034
2033
2033
2032
2031
2028
2027
2025
2023
2023
2022
2022
2021
2020
2018
2017
2016
2015
2015
2013
2012
2010
2009
2008
2008
2006
2005
2004
2003
2002
2002
2000
2000
1998
1997
1995
1993
1992
1990
1990
1987
1985
1985
1985
1985
1984
1983
1983
1981
1979
1978
1978
1975
1975
1974
1973
1973
1972
1972
1971
1971
1969
1969
1966
1966
1965
1965
1964
1963
1963
1962
1961
1955
1955
1955
1953
1953
1952
1952
1951
1950
1950
1949
1949
1948
1948
1947
1945
1944
1942
1942
1941
1940
1940
1939
1936
1936
1936
1935
1934
1934
1932
1931
1931
1930
1930
1930
1926
1926
1925
1925
1923
1922
1921
1920
1920
1917
1917
1916
1916
1915
1914
1914
1913
1913
1913
1911
1908
1906
1906
1904
1903
1902
1902
1901
1901
1899
1899
1895
1895
1891
1889
1889
1888
1886
1884
1884
1883
1880
1880
1880
1879
1878
1877
1876
1876
1876
1874
1872
1871
1870
1870
1868
1867
1867
1867
1867
1866
1865
1865
1864
1863
1862
1862
1862
1861
1860
1855
1854
1854
1853
1850
1848
1844
1842
1840
1839
1839
1837
1836
1835
1833
1832
1831
1830
1830
1828
1827
1825
1820
1819
1819
1819
1818
1818
1817
1810
1810
1809
1809
1808
1808
1807
1807
1806
1804
1801
1798
1797
1796
1795
1793
1791
1790
1787
1785
1782
1782
1775
1769
1769
1768
1767
1767
1766
1766
1765
1765
1764
1763
1763
1763
1763
1762
1762
1761
1761
1761
1760
1759
1758
1758
1757
1756
1755
1754
1754
1753
1753
1750
1750
1750
1749
1749
1749
1748
1746
1743
1742
1741
1741
1741
1741
1738
1737
1737
1736
1733
1733
1733
1732
1731
1730
1729
1728
1727
1726
1726
1726
1725
1723
1722
1722
1716
1716
1715
1715
1715
1713
1713
1712
1712
1709
1708
1708
1706
1705
1703
1701
1701
1699
1698
1696
1695
1694
1694
1693
1692
1692
1691
1690
1689
1689
1685
1685
1685
1684
1684
1684
1683
1681
1680
1679
1679
1678
1677
1676
1676
1675
1674
1674
1674
1674
1672
1671
1668
1667
1666
1664
1662
1661
1658
1656
1656
1655
1654
1653
1652
1651
1650
1649
1647
1647
1647
1646
1645
1645
1643
1642
1641
1641
1640
1639
1639
1639
1638
1637
1637
1636
1635
1635
1634
1633
1632
1632
1631
1629
1629
1629
1629
1624
1624
1623
1621
1620
1620
1618
1617
1614
1613
1612
1611
1609
1608
1607
1607
1607
1606
1606
1605
1602
1602
1602
1601
1601
1601
1600
1600
1600
1598
1598
1598
1597
1597
1595
1595
1594
1593
1592
1591
1590
1589
1589
1587
1587
1586
1584
1584
1583
1583
1581
1581
1580
1580
1580
1580
1579
1579
1577
1575
1575
1572
1571
1570
1568
1567
1567
1567
1566
1566
1566
1563
1562
1562
1561
1559
1559
1558
1557
1557
1557
1557
1556
1554
1552
1550
1549
1545
1545
1544
1544
1544
1543
1541
1541
1541
1541
1540
1539
1539
1538
1537
1537
1536
1535
1534
1534
1529
1528
1526
1525
1524
1523
1523
1521
1516
1514
1514
1514
1513
1513
1513
1513
1513
1512
1511
1510
1510
1509
1507
1506
1506
1505
1505
1505
1503
1500
1499
1498
1498
1497
1496
1495
1494
1491
1490
1490
1490
1486
1486
1483
1483
1482
1482
1481
1481
1481
1480
1480
1480
1479
1479
1478
1476
1476
1474
1474
1474
1474
1473
1472
1472
1472
1471
1470
1468
1468
1468
1466
1466
1463
1462
1462
1462
1462
1460
1458
1457
1456
1456
1455
1453
1453
1453
1452
1452
1452
1450
1450
1449
1448
1448
1448
1444
1443
1443
1439
1438
1437
1435
1435
1434
1434
1431
1430
1429
1429
1428
1427
1427
1425
1424
1423
1423
1420
1417
1416
1413
1413
1409
1409
1408
1408
1408
1405
1405
1404
1404
1404
1403
1400
1399
1399
1397
1396
1395
1393
1393
1392
1391
1390
1389
1387
1386
1385
1385
1383
1382
1379
1379
1378
1378
1377
1377
1376
1375
1375
1373
1372
1370
1369
1367
1367
1367
1367
1366
1365
1364
1364
1357
1355
1352
1350
1350
1349
1348
1348
1343
1343
1342
1342
1340
1340
1340
1337
1337
1336
1336
1336
1336
1335
1332
1332
1332
1330
1330
1329
1325
1324
1323
1322
1320
1319
1317
1317
1316
1315
1313
1313
1312
1311
1309
1309
1307
1305
1304
1304
1304
1304
1304
1302
1301
1300
1299
1298
1296
1294
1293
1290
1290
1290
1289
1289
1288
1287
1287
1287
1286
1284
1284
1283
1282
1281
1281
1280
1278
1277
1276
1275
1275
1274
1274
1272
1271
1270
1270
1269
1268
1266
1266
1265
1263
1263
1263
1263
1262
1262
1261
1261
1259
1255
1255
1255
1255
1254
1254
1254
1252
1252
1251
1250
1250
1250
1249
1249
1249
1248
1245
1245
1244
1243
1242
1242
1241
1240
1239
1239
1239
1238
1237
1235
1234
1234
1232
1232
1231
1231
1230
1228
1227
1226
1226
1225
1225
1224
1223
1223
1222
1220
1218
1215
1215
1213
1211
1209
1206
1204
1202
1201
1200
1200
1198
1197
1195
1193
1191
1190
1190
1189
1188
1186
1186
1186
1183
1183
1181
1181
1181
1179
1175
1174
1173
1170
1170
1169
1168
1168
1167
1166
1166
1166
1165
1165
1163
1162
1161
1161
1161
1160
1160
1158
1157
1156
1154
1154
1154
1153
1152
1151
1150
1148
1148
1143
1142
1141
1140
1140
1140
1139
1139
1139
1137
1136
1135
1133
1133
1133
1133
1131
1128
1127
1127
1126
1126
1126
1125
1123
1123
1122
1122
1120
1120
1120
1118
1117
1116
1116
1116
1114
1114
1114
1114
1111
1110
1110
1108
1106
1104
1104
1101
1100
1098
1098
1097
1096
1095
1093
1092
1089
1089
1088
1088
1087
1086
1086
1085
1084
1084
1083
1082
1079
1079
1078
1077
1075
1075
1075
1074
1074
1074
1072
1072
1070
1069
1068
1066
1064
1064
1062
1062
1062
1059
1057
1057
1056
1055
1054
1054
1052
1051
1051
1051
1050
1050
1048
1046
1044
1043
1041
1040
1040
1040
1040
1038
1037
1035
1035
1034
1034
1034
1033
1033
1032
1030
1030
1029
1027
1027
1026
1025
1025
1024
1023
1023
1023
1022
1021
1021
1021
1019
1016
1015
1014
1014
1014
1014
1013
1012
1012
1011
1010
1008
1007
1006
1006
1006
1005
1003
1002
1001
1001
999
998
994
993
993
992
992
991
990
988
988
987
986
984
982
982
981
979
979
979
979
979
977
977
977
977
976
976
974
972
972
972
969
969
969
968
967
967
966
963
961
959
957
956
955
949
946
946
946
944
941
940
940
939
939
939
938
938
932
929
927
927
926
925
925
924
924
920
920
920
919
918
913
913
913
913
912
911
910
909
908
906
905
905
904
902
900
900
900
899
899
898
898
898
897
897
897
896
896
893
891
890
889
889
887
887
885
885
884
883
883
883
882
880
879
879
877
876
874
873
873
872
872
870
869
868
867
867
866
865
864
862
861
860
859
857
856
856
854
853
853
851
851
850
847
846
846
846
846
846
845
845
843
843
842
841
839
839
835
835
834
834
834
833
833
831
828
828
827
826
824
823
823
823
821
820
820
820
819
818
817
817
815
815
813
813
813
813
813
813
812
812
812
811
810
809
808
807
802
802
801
801
798
797
797
796
796
795
795
794
793
792
791
791
790
789
789
786
786
784
783
783
781
780
780
779
777
776
775
773
773
772
772
771
771
770
768
768
768
766
764
762
762
762
762
760
759
757
756
756
755
755
752
751
747
747
745
744
744
743
743
742
740
740
739
737
737
736
736
734
733
732
730
726
726
725
725
724
722
722
722
721
720
720
719
717
716
715
714
713
712
711
710
709
708
704
703
703
702
702
702
698
697
696
695
693
692
691
691
691
690
690
689
688
685
685
684
683
683
682
680
680
678
678
678
678
677
677
675
674
673
672
672
672
672
671
670
670
670
668
667
667
664
664
663
660
658
657
656
655
653
652
651
644
644
643
643
642
641
641
641
640
638
637
635
635
634
633
633
632
632
629
627
626
626
625
623
620
618
612
611
611
608
605
602
602
601
600
599
598
597
594
594
594
592
590
589
589
589
589
588
587
586
583
582
581
581
579
578
576
576
576
575
575
574
574
574
571
571
570
570
570
569
568
566
564
564
563
561
560
560
558
556
556
555
555
555
554
554
554
553
553
552
551
549
545
544
544
544
543
542
542
540
539
538
533
532
532
528
525
524
523
522
521
520
520
518
517
517
516
515
514
514
513
512
510
509
509
507
505
505
503
502
502
500
498
497
496
495
495
492
492
491
490
489
489
489
487
485
483
483
480
478
475
475
475
474
474
470
468
467
465
461
460
460
459
458
457
457
457
456
455
455
455
453
453
453
453
453
449
446
446
445
444
444
444
441
440
440
439
439
437
434
432
432
431
430
430
429
428
427
427
427
424
421
419
418
417
417
417
416
416
416
415
410
410
409
407
405
404
404
404
404
401
400
397
396
391
391
391
390
389
389
385
385
385
385
384
380
378
378
378
376
375
373
373
372
371
371
370
369
368
366
366
365
365
362
359
357
357
357
357
355
353
352
351
350
349
348
346
345
345
343
341
341
341
341
340
339
336
334
334
334
331
330
330
327
326
326
325
325
325
325
322
321
321
321
320
319
319
318
317
316
315
315
314
313
312
309
307
307
306
304
304
300
300
299
298
294
292
292
291
290
290
289
287
287
286
286
286
286
285
285
284
283
283
280
278
277
276
274
273
272
270
268
268
267
267
265
264
262
262
262
261
261
260
259
258
258
258
257
257
256
255
254
252
252
252
251
249
248
248
248
247
246
241
239
235
235
233
233
233
233
232
227
225
225
224
223
220
219
218
217
217
215
215
214
213
212
212
211
211
210
208
207
205
205
203
203
202
202
201
200
198
198
197
194
191
190
190
188
188
186
186
185
182
181
181
178
178
175
175
173
173
171
170
168
167
167
166
165
165
165
164
163
163
162
161
161
160
160
159
159
159
154
154
153
151
149
149
145
145
144
144
143
143
142
142
140
139
136
135
135
135
134
134
133
132
128
127
126
126
122
121
121
121
120
120
119
117
116
114
112
111
111
111
109
108
108
107
106
106
105
104
104
103
101
98
97
97
97
95
92
91
91
90
89
89
89
89
86
86
86
85
84
84
82
82
82
80
78
77
76
76
75
73
71
70
69
69
69
69
68
67
66
66
66
65
63
63
61
60
59
58
57
55
55
54
50
49
48
48
47
47
47
46
45
45
42
38
36
34
34
28
28
27
26
26
24
24
23
23
22
22
21
20
20
19
16
15
14
11
9
6
6
5
5
3
3
2
0
0
