9998
9997
9995
9995
9994
9994
9993
9989
9989
9987
9986
9985
9982
9981
9981
9981
9980
9978
9976
9974
9974
9973
9973
9973
9973
9971
9971
9969
9969
9969
9967
9965
9964
9963
9961
9960
9958
9956
9955
9955
9954
9954
9953
9951
9949
9949
9946
9945
9945
9944
9942
9942
9942
9941
9941
9938
9938
9935
9934
9934
9931
9931
9929
9928
9928
9927
9926
9926
9926
9925
9922
9922
9922
9921
9921
9920
9918
9917
9917
9916
9915
9915
9914
9913
9913
9912
9911
9910
9910
9910
9908
9907
9906
9902
9901
9901
9900
9899
9898
9898
9897
9896
9894
9893
9893
9891
9888
9887
9886
9884
9884
9884
9883
9883
9879
9878
9876
9876
9876
9875
9874
9874
9873
9873
9873
9873
9873
9870
9869
9866
9866
9864
9864
9863
9863
9863
9861
9861
9861
9861
9861
9861
9860
9859
9858
9858
9858
9856
9854
9853
9853
9851
9847
9846
9845
9845
9845
9843
9842
9842
9841
9838
9837
9836
9834
9833
9832
9830
9830
9830
9829
9828
9827
9826
9825
9825
9824
9824
9824
9823
9820
9820
9820
9819
9819
9818
9817
9815
9814
9814
9812
9811
9810
9809
9808
9806
9805
9805
9804
9804
9803
9802
9802
9802
9799
9799
9798
9796
9795
9794
9792
9790
9788
9787
9786
9786
9784
9783
9782
9781
9781
9781
9779
9778
9777
9776
9775
9774
9772
9772
9770
9768
9768
9767
9765
9765
9761
9760
9759
9758
9758
9756
9755
9754
9754
9752
9750
9750
9749
9747
9747
9746
9745
9744
9743
9742
9742
9742
9740
9740
9735
9735
9733
9733
9732
9731
9731
9729
9726
9725
9725
9724
9724
9723
9723
9723
9722
9721
9719
9719
9718
9716
9716
9715
9714
9714
9713
9713
9713
9712
9711
9709
9708
9708
9707
9705
9703
9702
9702
9702
9701
9701
9700
9700
9698
9698
9697
9694
9693
9692
9691
9691
9690
9690
9689
9687
9687
9686
9686
9684
9683
9683
9682
9681
9680
9679
9678
9678
9678
9678
9677
9677
9676
9676
9675
9674
9672
9669
9668
9668
9667
9666
9666
9666
9665
9665
9663
9663
9663
9662
9661
9660
9658
9657
9655
9651
9650
9648
9648
9648
9648
9647
9647
9646
9646
9645
9645
9644
9643
9642
9642
9641
9641
9641
9640
9637
9635
9634
9634
9634
9633
9632
9630
9630
9629
9628
9628
9627
9627
9626
9625
9624
9623
9622
9622
9620
9619
9617
9617
9614
9614
9613
9612
9611
9609
9609
9608
9607
9606
9605
9604
9603
9602
9601
9601
9599
9599
9599
9598
9597
9596
9595
9594
9590
9590
9586
9582
9580
9580
9580
9578
9575
9573
9572
9572
9571
9569
9568
9567
9567
9566
9564
9563
9562
9562
9560
9560
9560
9558
9557
9557
9555
9555
9555
9554
9554
9549
9548
9547
9547
9546
9545
9545
9545
9544
9543
9541
9541
9540
9540
9539
9539
9537
9537
9537
9534
9533
9533
9532
9532
9532
9531
9531
9530
9530
9529
9528
9527
9526
9525
9525
9524
9524
9524
9524
9523
9521
9521
9520
9519
9519
9518
9515
9512
9512
9509
9509
9509
9508
9508
9507
9507
9507
9503
9502
9500
9499
9496
9495
9494
9492
9491
9488
9487
9485
9482
9480
9480
9479
9479
9478
9477
9475
9474
9473
9473
9471
9471
9470
9470
9468
9467
9466
9466
9465
9464
9462
9461
9461
9458
9457
9455
9453
9452
9452
9449
9449
9447
9447
9446
9444
9443
9442
9441
9440
9440
9440
9439
9439
9439
9438
9438
9438
9436
9436
9435
9434
9434
9434
9433
9432
9432
9432
9431
9431
9425
9425
9425
9424
9422
9421
9421
9420
9417
9417
9416
9415
9415
9415
9414
9414
9413
9411
9411
9410
9409
9408
9407
9407
9406
9406
9403
9403
9403
9401
9400
9400
9399
9398
9398
9398
9398
9397
9395
9395
9394
9394
9393
9393
9392
9388
9388
9388
9384
9383
9382
9381
9380
9379
9375
9374
9373
9372
9372
9371
9371
9370
9369
9368
9367
9367
9366
9366
9366
9366
9365
9364
9363
9362
9361
9358
9356
9356
9355
9354
9354
9354
9352
9351
9351
9349
9349
9349
9347
9345
9343
9343
9342
9342
9339
9338
9336
9336
9335
9335
9334
9334
9333
9333
9332
9330
9330
9330
9330
9328
9327
9326
9326
9324
9323
9322
9322
9320
9319
9318
9316
9313
9313
9311
9310
9308
9307
9306
9306
9304
9301
9301
9300
9299
9299
9298
9297
9296
9295
9293
9293
9292
9292
9291
9291
9289
9288
9287
9284
9283
9283
9281
9277
9275
9272
9272
9272
9272
9272
9269
9267
9266
9265
9264
9263
9261
9257
9257
9257
9256
9256
9254
9254
9252
9252
9252
9252
9249
9249
9247
9245
9244
9243
9242
9241
9239
9239
9239
9238
9237
9232
9232
9232
9231
9229
9227
9227
9227
9225
9225
9224
9224
9224
9220
9219
9219
9218
9218
9217
9216
9215
9214
9213
9212
9209
9209
9207
9206
9205
9205
9204
9202
9202
9200
9199
9199
9199
9198
9193
9193
9191
9190
9189
9189
9188
9187
9187
9185
9184
9183
9183
9179
9179
9177
9177
9177
9177
9175
9175
9174
9174
9172
9172
9172
9171
9171
9169
9169
9169
9169
9165
9164
9164
9164
9163
9163
9162
9162
9159
9158
9158
9157
9157
9154
9151
9151
9151
9151
9149
9147
9147
9143
9141
9141
9141
9141
9139
9138
9137
9137
9136
9132
9130
9128
9127
9127
9125
9122
9121
9120
9119
9118
9117
9116
9116
9115
9115
9113
9112
9112
9109
9108
9108
9107
9107
9106
9106
9105
9105
9105
9104
9104
9099
9098
9097
9097
9096
9095
9093
9093
9090
9090
9089
9087
9087
9087
9086
9083
9083
9080
9080
9079
9079
9078
9077
9076
9076
9073
9071
9069
9068
9067
9067
9066
9065
9065
9065
9063
9063
9061
9060
9059
9058
9056
9055
9054
9054
9054
9054
9053
9052
9050
9048
9047
9047
9046
9045
9044
9042
9042
9041
9041
9041
9039
9037
9036
9036
9035
9035
9033
9032
9032
9030
9030
9029
9026
9026
9026
9024
9023
9021
9020
9019
9019
9019
9018
9018
9018
9014
9014
9013
9013
9009
9009
9008
9005
9004
9004
9003
9001
9001
9000
9000
9000
9000
9000
8996
8995
8994
8994
8993
8993
8992
8991
8990
8990
8988
8987
8987
8983
8980
8980
8978
8978
8978
8978
8977
8976
8976
8976
8974
8973
8972
8972
8972
8972
8972
8968
8967
8966
8965
8965
8965
8964
8963
8962
8962
8961
8960
8960
8959
8959
8957
8957
8956
8956
8955
8954
8953
8953
8952
8951
8951
8949
8949
8947
8945
8945
8944
8943
8943
8943
8942
8937
8937
8935
8934
8932
8932
8931
8929
8928
8926
8925
8925
8924
8922
8921
8921
8921
8920
8913
8913
8913
8912
8911
8911
8910
8909
8908
8907
8904
8903
8902
8902
8900
8899
8898
8897
8896
8896
8896
8895
8894
8894
8894
8894
8893
8891
8890
8890
8889
8889
8888
8886
8886
8884
8883
8882
8882
8882
8880
8879
8878
8878
8877
8877
8877
8877
8876
8875
8873
8870
8866
8864
8864
8863
8862
8862
8860
8860
8852
8851
8850
8848
8847
8844
8842
8842
8841
8839
8838
8837
8837
8836
8836
8835
8831
8830
8830
8826
8825
8825
8822
8821
8820
8820
8819
8819
8817
8813
8813
8812
8812
8810
8808
8805
8805
8801
8799
8798
8798
8797
8795
8794
8793
8792
8792
8792
8792
8791
8790
8790
8787
8786
8786
8785
8784
8783
8782
8781
8781
8780
8779
8778
8778
8778
8778
8777
8775
8775
8774
8774
8774
8773
8772
8771
8770
8765
8764
8763
8763
8763
8762
8762
8759
8757
8757
8757
8757
8756
8755
8754
8753
8752
8752
8751
8748
8747
8747
8746
8746
8745
8745
8744
8743
8743
8742
8741
8737
8736
8735
8735
8734
8734
8733
8732
8730
8729
8729
8727
8726
8725
8724
8722
8721
8720
8717
8715
8714
8712
8711
8711
8710
8708
8706
8706
8706
8705
8700
8700
8698
8698
8698
8697
8695
8695
8694
8692
8692
8690
8689
8685
8685
8685
8684
8683
8681
8679
8679
8679
8678
8676
8675
8674
8674
8668
8668
8667
8667
8667
8666
8665
8665
8665
8661
8661
8658
8657
8657
8656
8656
8655
8654
8653
8649
8648
8647
8647
8646
8646
8646
8645
8645
8645
8644
8641
8640
8639
8639
8636
8636
8633
8631
8630
8629
8629
8629
8628
8627
8626
8625
8625
8624
8621
8621
8620
8620
8620
8619
8619
8618
8613
8610
8607
8605
8604
8602
8602
8602
8601
8599
8599
8598
8597
8596
8595
8595
8594
8594
8594
8593
8592
8592
8591
8591
8590
8590
8587
8587
8586
8585
8584
8584
8583
8583
8583
8582
8582
8581
8581
8580
8579
8577
8576
8575
8574
8574
8573
8571
8570
8569
8569
8568
8568
8567
8566
8564
8563
8562
8561
8560
8560
8560
8560
8560
8559
8559
8558
8556
8556
8556
8555
8555
8554
8553
8553
8552
8551
8551
8551
8551
8551
8547
8546
8545
8544
8543
8543
8542
8540
8540
8539
8539
8538
8538
8538
8534
8532
8532
8530
8530
8530
8529
8529
8529
8528
8528
8527
8527
8527
8527
8526
8526
8525
8524
8524
8521
8521
8521
8520
8519
8519
8518
8516
8516
8515
8515
8513
8510
8510
8509
8509
8508
8507
8507
8505
8505
8504
8503
8502
8501
8501
8498
8497
8495
8494
8492
8492
8491
8490
8490
8489
8488
8487
8486
8484
8483
8482
8481
8481
8480
8480
8479
8478
8477
8476
8473
8472
8472
8471
8471
8471
8470
8468
8467
8466
8466
8464
8462
8462
8462
8461
8460
8460
8456
8455
8454
8454
8452
8450
8450
8447
8447
8447
8445
8445
8444
8442
8442
8441
8440
8440
8439
8439
8438
8437
8436
8436
8435
8434
8433
8432
8432
8431
8428
8428
8428
8427
8424
8423
8422
8421
8420
8419
8419
8419
8418
8418
8417
8416
8416
8414
8413
8412
8412
8412
8412
8411
8411
8409
8409
8406
8406
8405
8404
8403
8402
8401
8401
8399
8399
8396
8396
8395
8395
8393
8392
8392
8389
8388
8386
8385
8384
8383
8383
8382
8381
8380
8378
8377
8377
8377
8374
8373
8371
8370
8368
8366
8365
8363
8361
8360
8359
8359
8358
8358
8356
8356
8355
8355
8353
8352
8351
8351
8350
8350
8348
8346
8345
8344
8343
8343
8342
8342
8341
8341
8341
8341
8337
8336
8335
8333
8333
8333
8333
8329
8329
8327
8326
8325
8324
8322
8321
8319
8319
8318
8317
8317
8317
8316
8316
8315
8313
8312
8310
8308
8307
8307
8306
8304
8304
8300
8300
8293
8292
8290
8288
8288
8287
8285
8284
8283
8283
8283
8282
8282
8281
8281
8280
8280
8280
8275
8275
8275
8275
8271
8270
8269
8269
8269
8269
8269
8268
8267
8265
8264
8263
8263
8261
8260
8258
8258
8256
8256
8255
8254
8252
8251
8249
8246
8245
8243
8242
8242
8241
8241
8241
8236
8235
8234
8233
8232
8232
8231
8231
8230
8228
8226
8226
8226
8225
8224
8224
8224
8223
8223
8218
8217
8216
8212
8211
8210
8209
8207
8205
8204
8202
8202
8202
8202
8202
8201
8201
8201
8200
8199
8199
8199
8198
8195
8195
8192
8192
8190
8185
8184
8184
8184
8183
8183
8180
8179
8179
8179
8178
8177
8176
8175
8172
8171
8170
8168
8163
8162
8161
8161
8161
8160
8159
8158
8158
8158
8157
8157
8154
8153
8152
8151
8150
8150
8150
8149
8149
8148
8147
8145
8145
8145
8144
8143
8142
8141
8137
8136
8133
8130
8130
8129
8129
8129
8128
8127
8126
8125
8124
8121
8121
8118
8117
8116
8113
8113
8113
8112
8110
8109
8109
8108
8107
8106
8106
8105
8105
8104
8104
8103
8102
8102
8101
8100
8099
8096
8094
8094
8092
8092
8088
8088
8086
8086
8084
8084
8084
8083
8083
8083
8082
8081
8081
8080
8079
8078
8078
8077
8075
8074
8073
8072
8072
8071
8071
8070
8069
8067
8067
8066
8065
8065
8063
8063
8062
8060
8060
8060
8059
8059
8057
8057
8055
8054
8054
8054
8053
8052
8051
8047
8045
8045
8044
8043
8042
8037
8034
8031
8031
8028
8027
8026
8025
8024
8024
8023
8022
8022
8022
8021
8021
8019
8019
8018
8018
8017
8016
8016
8015
8012
8011
8011
8009
8008
8006
8006
8005
8005
8004
7997
7997
7997
7994
7993
7993
7993
7992
7992
7991
7991
7989
7989
7988
7987
7986
7982
7979
7978
7976
7975
7975
7970
7967
7967
7964
7964
7964
7961
7960
7959
7959
7959
7958
7957
7956
7956
7955
7954
7954
7953
7953
7952
7950
7948
7948
7947
7947
7945
7944
7944
7943
7941
7941
7940
7940
7939
7937
7937
7936
7936
7936
7934
7932
7930
7930
7930
7929
7928
7928
7926
7925
7923
7923
7923
7922
7922
7918
7917
7915
7915
7915
7915
7914
7913
7913
7907
7906
7906
7904
7903
7901
7901
7901
7900
7900
7899
7896
7896
7895
7895
7894
7894
7894
7893
7892
7892
7892
7891
7890
7889
7887
7886
7885
7883
7880
7877
7875
7873
7873
7872
7871
7870
7870
7870
7868
7868
7867
7866
7863
7862
7862
7862
7862
7861
7860
7860
7859
7859
7858
7858
7856
7856
7855
7854
7854
7852
7848
7848
7847
7847
7846
7846
7845
7845
7845
7843
7842
7842
7840
7839
7839
7839
7838
7836
7835
7833
7832
7830
7830
7830
7830
7828
7828
7828
7827
7827
7826
7824
7823
7823
7822
7822
7820
7820
7820
7819
7818
7817
7817
7814
7813
7812
7811
7810
7809
7809
7807
7806
7802
7801
7800
7799
7797
7796
7796
7795
7794
7793
7790
7789
7789
7788
7788
7786
7786
7786
7786
7783
7783
7783
7782
7781
7780
7779
7777
7777
7777
7777
7773
7773
7772
7772
7771
7770
7769
7769
7768
7768
7768
7765
7764
7761
7760
7760
7758
7757
7756
7755
7753
7752
7751
7751
7750
7749
7749
7749
7748
7747
7746
7744
7743
7743
7742
7742
7742
7741
7740
7740
7739
7738
7736
7736
7736
7736
7736
7736
7733
7732
7731
7730
7728
7728
7728
7726
7725
7724
7724
7723
7723
7720
7719
7719
7719
7719
7719
7717
7714
7714
7713
7712
7712
7710
7709
7708
7707
7703
7702
7702
7701
7701
7699
7698
7697
7696
7696
7695
7694
7693
7691
7691
7691
7690
7690
7688
7687
7686
7686
7684
7683
7682
7681
7681
7681
7680
7679
7678
7677
7676
7675
7671
7671
7670
7669
7667
7663
7662
7661
7660
7659
7655
7654
7652
7651
7651
7650
7649
7648
7648
7647
7646
7645
7645
7644
7643
7643
7643
7643
7639
7638
7637
7636
7636
7635
7632
7631
7631
7630
7629
7629
7627
7627
7625
7625
7624
7624
7624
7622
7622
7621
7620
7619
7617
7615
7614
7613
7612
7612
7612
7610
7609
7607
7604
7604
7603
7603
7601
7601
7598
7598
7598
7598
7597
7597
7597
7596
7593
7591
7590
7589
7589
7588
7587
7584
7584
7583
7583
7582
7580
7580
7576
7575
7574
7572
7570
7569
7566
7565
7565
7564
7560
7557
7555
7554
7554
7553
7553
7553
7552
7551
7550
7550
7549
7547
7547
7547
7546
7546
7545
7545
7543
7542
7539
7539
7539
7535
7531
7531
7530
7530
7530
7529
7527
7526
7526
7523
7523
7521
7520
7519
7518
7518
7515
7515
7515
7513
7513
7513
7512
7512
7511
7509
7508
7507
7504
7503
7502
7502
7501
7500
7499
7498
7498
7498
7498
7498
7497
7496
7495
7495
7494
7494
7493
7489
7487
7487
7486
7485
7485
7485
7483
7483
7482
7481
7481
7477
7477
7477
7476
7473
7473
7473
7471
7469
7463
7461
7461
7460
7460
7459
7458
7456
7455
7455
7453
7452
7452
7451
7449
7449
7448
7447
7446
7445
7442
7442
7441
7441
7439
7438
7438
7437
7437
7435
7434
7434
7434
7432
7431
7431
7431
7428
7427
7427
7426
7425
7424
7422
7422
7422
7422
7421
7421
7418
7418
7415
7415
7414
7411
7411
7411
7410
7409
7408
7406
7404
7403
7402
7402
7401
7400
7400
7399
7398
7397
7397
7395
7395
7394
7393
7393
7393
7389
7389
7388
7388
7387
7387
7387
7386
7385
7385
7385
7384
7384
7382
7381
7379
7378
7378
7376
7376
7375
7375
7374
7374
7372
7372
7370
7368
7368
7367
7365
7361
7355
7354
7353
7353
7351
7349
7349
7348
7347
7347
7346
7345
7344
7344
7344
7344
7341
7341
7340
7337
7336
7334
7332
7329
7328
7326
7326
7324
7319
7318
7318
7318
7318
7317
7317
7317
7315
7314
7313
7313
7313
7313
7313
7312
7311
7310
7310
7309
7306
7306
7305
7304
7303
7303
7302
7302
7301
7301
7300
7300
7298
7297
7296
7295
7294
7292
7290
7288
7288
7287
7286
7286
7282
7282
7281
7280
7277
7277
7275
7275
7274
7273
7272
7271
7270
7269
7267
7267
7266
7265
7264
7264
7263
7262
7262
7261
7259
7258
7257
7255
7253
7251
7251
7250
7250
7250
7248
7246
7245
7244
7244
7244
7243
7242
7241
7241
7241
7240
7238
7237
7234
7233
7233
7233
7229
7228
7227
7227
7224
7223
7221
7220
7219
7219
7219
7219
7218
7218
7216
7215
7215
7215
7214
7214
7213
7213
7212
7212
7208
7207
7206
7204
7202
7202
7202
7201
7201
7200
7200
7199
7198
7198
7197
7194
7194
7193
7192
7192
7192
7192
7192
7191
7191
7191
7189
7188
7188
7188
7188
7187
7187
7184
7184
7184
7184
7181
7179
7178
7178
7177
7176
7175
7174
7171
7168
7165
7164
7163
7161
7160
7159
7159
7158
7157
7157
7156
7153
7152
7152
7152
7151
7151
7151
7149
7149
7148
7144
7144
7144
7143
7140
7140
7140
7137
7137
7137
7136
7135
7134
7133
7132
7128
7126
7125
7125
7124
7124
7124
7123
7122
7118
7118
7118
7117
7117
7117
7116
7112
7112
7111
7111
7109
7108
7108
7106
7105
7102
7102
7099
7098
7096
7095
7095
7093
7093
7092
7092
7091
7091
7090
7090
7088
7085
7085
7085
7083
7080
7079
7078
7078
7078
7076
7075
7071
7070
7069
7068
7068
7067
7066
7064
7062
7062
7062
7061
7060
7058
7058
7058
7058
7057
7057
7056
7056
7056
7055
7055
7054
7054
7053
7052
7052
7051
7051
7050
7049
7048
7045
7045
7044
7044
7044
7044
7043
7040
7038
7037
7037
7036
7036
7035
7034
7034
7033
7032
7027
7026
7026
7025
7024
7024
7022
7020
7018
7017
7015
7013
7013
7012
7012
7010
7010
7007
7005
7002
7002
7002
7001
7001
7001
7001
7000
6999
6998
6995
6994
6993
6993
6992
6989
6989
6989
6988
6988
6986
6986
6985
6984
6983
6982
6981
6981
6980
6979
6979
6978
6978
6977
6976
6975
6975
6975
6973
6972
6972
6972
6972
6971
6971
6971
6971
6971
6969
6969
6968
6967
6963
6962
6961
6961
6961
6960
6959
6959
6959
6956
6956
6956
6955
6955
6955
6954
6953
6951
6949
6947
6945
6942
6938
6937
6937
6937
6934
6933
6933
6932
6931
6929
6929
6928
6927
6925
6924
6924
6924
6923
6921
6921
6920
6917
6916
6915
6914
6914
6914
6913
6910
6909
6909
6909
6908
6907
6907
6906
6906
6904
6904
6904
6903
6902
6901
6901
6900
6898
6898
6897
6897
6896
6894
6894
6894
6891
6891
6890
6888
6887
6885
6885
6884
6884
6883
6882
6881
6881
6881
6880
6879
6879
6878
6876
6876
6876
6873
6873
6871
6870
6869
6868
6867
6866
6865
6863
6862
6859
6858
6857
6856
6854
6853
6853
6850
6850
6849
6848
6848
6848
6847
6847
6846
6844
6843
6842
6840
6837
6836
6835
6833
6833
6832
6832
6831
6829
6828
6828
6827
6826
6825
6825
6823
6822
6822
6821
6820
6819
6819
6817
6817
6811
6811
6809
6809
6806
6805
6804
6804
6803
6803
6802
6800
6797
6795
6791
6791
6788
6787
6785
6783
6782
6781
6780
6779
6778
6777
6776
6776
6775
6775
6775
6774
6774
6771
6770
6770
6770
6770
6768
6768
6767
6766
6766
6765
6764
6762
6761
6756
6755
6754
6754
6754
6754
6753
6752
6751
6751
6750
6748
6745
6745
6743
6743
6742
6742
6742
6739
6737
6736
6735
6735
6734
6733
6733
6733
6733
6732
6732
6730
6728
6728
6726
6726
6726
6724
6723
6723
6723
6721
6720
6720
6720
6720
6719
6718
6717
6716
6715
6713
6713
6711
6707
6706
6704
6704
6704
6703
6702
6702
6701
6700
6699
6698
6697
6697
6696
6695
6694
6694
6693
6693
6692
6691
6691
6691
6690
6690
6685
6684
6683
6682
6681
6678
6678
6677
6677
6674
6672
6672
6672
6670
6669
6668
6667
6667
6667
6667
6666
6665
6663
6663
6661
6661
6661
6657
6657
6655
6651
6650
6649
6649
6647
6647
6647
6646
6645
6643
6643
6640
6640
6639
6638
6637
6637
6636
6635
6635
6630
6629
6628
6628
6627
6627
6627
6626
6624
6624
6624
6624
6622
6621
6621
6621
6619
6619
6618
6618
6618
6615
6615
6613
6613
6613
6612
6610
6610
6609
6608
6608
6607
6604
6604
6603
6602
6601
6601
6600
6599
6598
6596
6595
6593
6591
6591
6591
6590
6590
6590
6590
6588
6587
6587
6586
6586
6586
6586
6585
6583
6581
6580
6580
6580
6580
6579
6578
6578
6578
6577
6576
6573
6573
6572
6572
6570
6568
6566
6565
6565
6564
6564
6564
6563
6563
6563
6562
6562
6561
6561
6560
6559
6559
6557
6555
6554
6554
6554
6552
6552
6551
6550
6549
6548
6546
6546
6546
6545
6545
6544
6544
6543
6542
6541
6539
6539
6539
6538
6535
6535
6534
6534
6531
6530
6529
6529
6526
6525
6525
6524
6523
6520
6520
6519
6519
6518
6518
6517
6515
6515
6515
6514
6513
6512
6511
6511
6509
6508
6507
6506
6504
6502
6501
6501
6498
6496
6495
6494
6494
6493
6492
6492
6492
6492
6491
6490
6490
6490
6490
6486
6485
6485
6485
6483
6483
6482
6482
6481
6481
6480
6478
6478
6478
6476
6476
6475
6474
6473
6470
6469
6468
6467
6465
6462
6462
6460
6458
6458
6457
6456
6454
6453
6453
6450
6450
6449
6449
6447
6447
6446
6441
6440
6435
6433
6433
6432
6432
6430
6430
6429
6429
6429
6429
6429
6427
6426
6425
6424
6424
6424
6423
6422
6422
6419
6418
6418
6415
6414
6413
6410
6409
6408
6407
6406
6404
6402
6402
6402
6401
6400
6399
6398
6398
6398
6397
6396
6394
6392
6391
6391
6391
6385
6384
6383
6382
6382
6382
6382
6381
6381
6381
6380
6380
6380
6379
6377
6375
6373
6370
6370
6369
6369
6366
6366
6365
6365
6365
6364
6363
6360
6359
6357
6353
6353
6352
6351
6349
6349
6348
6347
6344
6342
6340
6339
6338
6338
6338
6337
6337
6336
6334
6333
6333
6330
6330
6329
6328
6327
6326
6326
6326
6325
6323
6323
6322
6321
6321
6321
6318
6317
6315
6315
6312
6311
6311
6307
6305
6304
6303
6302
6302
6298
6298
6297
6296
6295
6294
6294
6294
6292
6292
6292
6291
6290
6288
6288
6286
6285
6283
6283
6281
6281
6281
6279
6279
6279
6279
6278
6275
6275
6274
6271
6271
6270
6270
6268
6267
6267
6266
6266
6264
6263
6263
6263
6262
6260
6259
6259
6258
6255
6254
6254
6254
6253
6253
6252
6251
6247
6246
6245
6244
6244
6244
6243
6242
6241
6241
6239
6236
6234
6233
6233
6233
6232
6232
6232
6232
6231
6229
6228
6227
6226
6225
6225
6224
6218
6218
6217
6217
6216
6216
6215
6215
6215
6214
6212
6209
6209
6209
6208
6207
6206
6204
6204
6203
6202
6202
6202
6200
6199
6198
6198
6197
6197
6197
6197
6196
6195
6194
6192
6191
6191
6191
6190
6188
6188
6187
6187
6186
6185
6185
6184
6184
6183
6180
6179
6178
6176
6176
6175
6174
6174
6172
6171
6169
6168
6166
6163
6163
6162
6162
6161
6159
6159
6158
6158
6157
6155
6155
6154
6154
6150
6149
6148
6148
6146
6146
6146
6145
6144
6142
6138
6138
6135
6135
6134
6133
6131
6131
6127
6127
6127
6126
6125
6124
6124
6123
6122
6122
6122
6120
6119
6119
6117
6115
6114
6110
6110
6109
6108
6108
6106
6106
6106
6104
6103
6102
6102
6100
6099
6099
6094
6094
6091
6090
6089
6089
6089
6089
6087
6086
6084
6083
6082
6082
6081
6081
6081
6080
6079
6078
6078
6078
6077
6077
6076
6076
6075
6072
6072
6071
6071
6071
6068
6067
6067
6066
6065
6064
6063
6062
6061
6058
6058
6058
6058
6057
6057
6057
6056
6052
6050
6050
6050
6049
6049
6049
6048
6046
6046
6046
6045
6044
6044
6043
6043
6042
6041
6041
6040
6039
6038
6038
6037
6037
6034
6033
6033
6032
6032
6031
6029
6028
6025
6023
6023
6018
6017
6016
6016
6014
6013
6013
6012
6010
6009
6008
6007
6007
6007
6007
6006
6002
6002
6002
6001
6000
5999
5999
5998
5997
5995
5995
5994
5994
5993
5993
5991
5990
5989
5988
5988
5987
5982
5982
5981
5980
5980
5980
5979
5977
5976
5975
5974
5974
5973
5973
5971
5970
5970
5967
5966
5965
5962
5960
5959
5959
5955
5953
5952
5951
5948
5946
5946
5945
5944
5944
5943
5941
5936
5935
5935
5935
5934
5934
5934
5931
5929
5929
5927
5922
5922
5921
5921
5921
5921
5920
5919
5918
5916
5915
5911
5910
5909
5907
5904
5904
5900
5899
5898
5894
5892
5892
5889
5888
5887
5887
5886
5886
5885
5884
5884
5882
5882
5880
5878
5878
5876
5876
5875
5874
5874
5873
5872
5872
5872
5872
5872
5871
5869
5869
5869
5868
5868
5865
5862
5862
5862
5860
5859
5859
5859
5857
5856
5856
5856
5854
5853
5853
5850
5849
5849
5847
5847
5843
5843
5842
5840
5838
5838
5837
5837
5836
5836
5834
5834
5832
5830
5829
5828
5827
5825
5825
5822
5822
5822
5822
5821
5820
5820
5820
5819
5819
5818
5817
5815
5814
5812
5812
5811
5811
5811
5807
5806
5804
5804
5803
5803
5801
5800
5798
5798
5795
5789
5784
5783
5782
5781
5780
5780
5780
5778
5777
5774
5773
5770
5770
5770
5769
5768
5767
5767
5766
5763
5761
5760
5760
5759
5758
5754
5750
5746
5746
5743
5741
5739
5737
5734
5732
5732
5730
5729
5729
5729
5727
5727
5723
5723
5722
5722
5722
5722
5721
5721
5720
5719
5718
5716
5716
5711
5709
5709
5708
5702
5702
5698
5698
5697
5697
5697
5694
5693
5691
5688
5687
5687
5686
5686
5684
5683
5682
5680
5677
5676
5676
5674
5672
5670
5669
5667
5666
5665
5665
5664
5663
5661
5660
5658
5658
5656
5654
5654
5654
5652
5651
5650
5650
5649
5648
5646
5644
5643
5642
5638
5636
5636
5634
5632
5632
5631
5630
5628
5628
5628
5626
5625
5624
5624
5623
5623
5620
5618
5617
5616
5616
5616
5615
5613
5613
5612
5612
5611
5610
5610
5609
5609
5607
5607
5606
5606
5605
5604
5602
5602
5601
5601
5601
5599
5598
5597
5597
5597
5597
5596
5595
5591
5590
5588
5585
5583
5583
5583
5582
5580
5580
5578
5577
5577
5573
5571
5571
5569
5569
5568
5568
5568
5568
5568
5566
5565
5564
5564
5559
5559
5556
5555
5555
5554
5554
5552
5551
5551
5550
5549
5549
5549
5545
5542
5541
5540
5540
5540
5538
5536
5535
5534
5534
5532
5527
5526
5523
5522
5521
5521
5521
5520
5520
5520
5519
5517
5515
5514
5513
5512
5510
5510
5510
5508
5508
5507
5507
5507
5507
5505
5504
5503
5502
5502
5501
5499
5498
5497
5496
5495
5494
5493
5493
5492
5491
5490
5489
5489
5489
5488
5488
5487
5487
5486
5485
5484
5483
5481
5480
5480
5480
5478
5478
5472
5468
5468
5468
5467
5466
5465
5465
5462
5462
5461
5458
5458
5456
5455
5455
5454
5454
5453
5452
5450
5449
5447
5446
5446
5443
5443
5442
5441
5440
5439
5438
5438
5437
5436
5435
5435
5435
5433
5431
5431
5431
5429
5429
5424
5424
5421
5421
5420
5418
5417
5417
5416
5414
5414
5412
5412
5412
5409
5409
5408
5407
5407
5407
5406
5406
5406
5405
5405
5405
5404
5402
5402
5400
5400
5400
5399
5397
5397
5396
5396
5396
5395
5392
5391
5391
5390
5389
5388
5386
5385
5385
5383
5383
5382
5382
5380
5378
5377
5376
5374
5373
5372
5371
5370
5369
5369
5369
5366
5366
5365
5365
5362
5361
5361
5361
5359
5358
5355
5355
5355
5354
5353
5352
5351
5350
5348
5348
5348
5347
5347
5347
5347
5347
5346
5346
5345
5345
5340
5340
5339
5338
5337
5337
5337
5337
5336
5336
5335
5335
5335
5335
5334
5333
5333
5332
5332
5331
5330
5329
5328
5328
5328
5327
5327
5327
5324
5321
5321
5320
5320
5319
5319
5318
5315
5314
5314
5313
5312
5311
5311
5310
5310
5310
5310
5309
5308
5307
5307
5306
5306
5306
5302
5302
5297
5297
5296
5294
5291
5289
5289
5287
5287
5285
5284
5284
5281
5281
5281
5280
5280
5278
5275
5274
5270
5270
5269
5267
5267
5265
5263
5263
5262
5258
5257
5256
5255
5253
5252
5252
5252
5251
5251
5250
5250
5248
5247
5246
5244
5244
5240
5240
5238
5237
5235
5232
5232
5232
5231
5229
5227
5226
5225
5224
5223
5222
5221
5221
5221
5220
5220
5220
5216
5215
5213
5212
5206
5205
5205
5204
5204
5203
5203
5201
5201
5201
5201
5200
5199
5199
5198
5198
5198
5198
5197
5196
5195
5195
5193
5192
5191
5187
5187
5184
5183
5183
5182
5182
5182
5180
5179
5178
5178
5177
5176
5176
5175
5174
5174
5174
5173
5173
5172
5170
5166
5166
5164
5163
5163
5162
5162
5158
5158
5157
5155
5154
5154
5153
5152
5152
5152
5151
5151
5149
5149
5147
5144
5142
5141
5140
5139
5139
5138
5137
5136
5135
5134
5130
5130
5129
5129
5128
5128
5128
5125
5125
5124
5123
5123
5121
5120
5118
5117
5117
5115
5115
5115
5114
5113
5112
5112
5112
5111
5111
5111
5110
5110
5109
5108
5108
5106
5105
5105
5104
5103
5102
5101
5096
5096
5096
5096
5094
5094
5091
5090
5090
5089
5088
5088
5087
5087
5086
5084
5082
5082
5082
5079
5078
5076
5074
5073
5073
5069
5069
5069
5067
5065
5063
5063
5061
5059
5059
5058
5057
5055
5055
5054
5054
5053
5053
5052
5052
5052
5051
5049
5047
5045
5044
5043
5042
5042
5042
5041
5041
5040
5040
5038
5038
5038
5038
5038
5038
5037
5037
5033
5032
5031
5028
5026
5026
5026
5024
5023
5020
5019
5019
5017
5017
5016
5016
5013
5013
5012
5011
5010
5007
5005
5005
5003
4999
4999
4999
4998
4998
4998
4997
4997
4996
4992
4992
4990
4990
4989
4988
4987
4986
4986
4986
4985
4985
4983
4982
4982
4982
4982
4981
4981
4981
4981
4980
4980
4979
4979
4979
4978
4978
4978
4977
4975
4973
4973
4973
4973
4971
4968
4967
4964
4963
4962
4961
4961
4960
4959
4959
4958
4956
4955
4955
4954
4953
4952
4951
4949
4947
4947
4947
4946
4945
4944
4943
4943
4943
4943
4940
4939
4938
4938
4936
4935
4933
4933
4933
4931
4928
4926
4925
4924
4922
4921
4921
4921
4921
4919
4919
4918
4918
4918
4912
4912
4910
4909
4909
4908
4907
4907
4904
4903
4902
4902
4900
4900
4897
4897
4897
4894
4894
4892
4891
4890
4885
4885
4885
4883
4883
4880
4879
4878
4877
4877
4876
4872
4869
4869
4869
4869
4868
4867
4867
4866
4864
4864
4863
4863
4862
4860
4860
4860
4860
4859
4858
4857
4856
4856
4855
4854
4852
4852
4850
4850
4847
4843
4842
4842
4841
4841
4840
4840
4839
4839
4837
4837
4836
4834
4833
4831
4831
4831
4831
4830
4830
4830
4829
4829
4829
4828
4827
4827
4827
4827
4826
4826
4826
4825
4823
4820
4820
4820
4818
4817
4817
4813
4811
4811
4811
4811
4810
4810
4810
4810
4808
4807
4807
4806
4805
4805
4804
4803
4803
4802
4801
4800
4800
4798
4797
4797
4796
4796
4795
4794
4794
4793
4793
4793
4793
4792
4792
4791
4790
4788
4788
4787
4784
4783
4781
4781
4780
4780
4778
4778
4777
4776
4776
4776
4775
4775
4774
4774
4773
4773
4771
4771
4771
4770
4769
4768
4768
4766
4765
4765
4764
4763
4763
4761
4759
4758
4758
4756
4756
4755
4755
4754
4753
4748
4747
4747
4746
4742
4741
4740
4740
4740
4739
4739
4738
4736
4736
4735
4735
4735
4734
4734
4733
4733
4731
4731
4730
4730
4729
4729
4729
4728
4727
4727
4725
4725
4724
4724
4715
4715
4715
4714
4713
4711
4708
4707
4704
4704
4703
4702
4701
4701
4699
4695
4695
4693
4692
4692
4692
4691
4688
4687
4686
4681
4680
4680
4679
4675
4675
4674
4674
4673
4673
4673
4672
4668
4668
4667
4665
4665
4663
4662
4662
4660
4658
4656
4653
4651
4650
4649
4648
4647
4647
4647
4646
4645
4643
4641
4640
4639
4639
4639
4638
4635
4635
4632
4631
4630
4629
4628
4627
4626
4625
4623
4622
4622
4619
4618
4617
4615
4614
4612
4610
4610
4610
4609
4609
4608
4608
4607
4607
4606
4605
4605
4605
4604
4604
4604
4603
4603
4603
4603
4602
4602
4602
4601
4601
4599
4597
4596
4595
4594
4593
4592
4592
4592
4591
4591
4590
4589
4589
4589
4586
4585
4584
4584
4583
4583
4583
4583
4582
4582
4582
4579
4579
4578
4578
4577
4576
4576
4574
4573
4573
4573
4572
4572
4571
4571
4567
4565
4565
4563
4559
4558
4557
4557
4556
4556
4556
4556
4555
4554
4554
4554
4553
4553
4552
4552
4550
4549
4548
4548
4547
4544
4543
4543
4541
4540
4539
4538
4537
4536
4535
4535
4533
4533
4532
4530
4528
4527
4527
4525
4523
4521
4521
4519
4518
4518
4518
4517
4517
4516
4514
4513
4513
4513
4511
4508
4507
4507
4506
4506
4504
4504
4503
4502
4500
4499
4499
4498
4498
4496
4495
4495
4491
4491
4491
4489
4488
4481
4481
4481
4480
4480
4479
4478
4477
4477
4476
4476
4476
4475
4475
4474
4474
4474
4473
4472
4470
4470
4467
4467
4467
4466
4465
4465
4465
4464
4464
4462
4461
4460
4460
4459
4459
4458
4457
4453
4451
4447
4447
4446
4446
4445
4445
4444
4439
4438
4438
4437
4436
4435
4435
4434
4433
4433
4433
4432
4430
4429
4427
4427
4425
4425
4425
4424
4423
4423
4423
4422
4420
4420
4419
4419
4413
4412
4412
4411
4408
4408
4407
4404
4404
4401
4401
4399
4398
4394
4393
4392
4391
4388
4388
4387
4386
4385
4385
4383
4382
4381
4381
4380
4380
4379
4378
4376
4375
4375
4375
4375
4373
4371
4370
4369
4366
4366
4366
4364
4364
4363
4363
4363
4361
4361
4361
4361
4360
4359
4358
4357
4356
4356
4356
4355
4355
4355
4351
4350
4350
4350
4349
4349
4348
4347
4347
4347
4342
4340
4340
4340
4339
4338
4337
4334
4334
4334
4330
4329
4329
4328
4327
4326
4323
4322
4321
4317
4315
4315
4308
4306
4306
4305
4305
4304
4303
4301
4300
4297
4297
4294
4294
4291
4288
4288
4288
4286
4284
4284
4283
4282
4280
4280
4280
4278
4276
4275
4274
4274
4273
4272
4271
4271
4266
4265
4264
4262
4261
4261
4260
4259
4259
4258
4258
4257
4255
4252
4249
4248
4245
4244
4244
4243
4243
4239
4237
4235
4234
4234
4233
4232
4232
4232
4232
4231
4229
4229
4228
4227
4227
4225
4225
4224
4224
4223
4223
4223
4223
4217
4217
4212
4211
4211
4208
4207
4207
4207
4204
4203
4202
4195
4193
4189
4188
4188
4187
4187
4184
4183
4183
4182
4182
4180
4179
4179
4179
4179
4179
4177
4174
4173
4171
4170
4168
4168
4167
4167
4166
4166
4164
4163
4162
4162
4161
4159
4159
4154
4152
4151
4150
4150
4148
4148
4147
4145
4144
4144
4143
4143
4141
4141
4140
4138
4137
4136
4134
4134
4133
4131
4130
4130
4129
4129
4128
4128
4127
4125
4124
4123
4121
4115
4115
4114
4114
4112
4110
4109
4108
4107
4105
4105
4103
4102
4102
4100
4098
4098
4097
4097
4096
4095
4095
4095
4094
4093
4092
4091
4091
4088
4087
4087
4085
4085
4079
4079
4078
4078
4078
4078
4077
4075
4074
4073
4071
4070
4069
4069
4067
4066
4065
4063
4063
4062
4061
4060
4060
4059
4058
4056
4056
4055
4055
4055
4054
4054
4053
4052
4052
4052
4051
4050
4050
4049
4048
4047
4047
4047
4046
4046
4045
4044
4043
4040
4040
4040
4039
4038
4037
4037
4035
4033
4033
4031
4030
4030
4029
4029
4029
4028
4027
4026
4026
4025
4023
4023
4023
4023
4020
4018
4018
4017
4017
4017
4013
4013
4012
4011
4011
4010
4010
4010
4006
4005
4004
4004
3998
3998
3998
3997
3996
3996
3995
3994
3993
3992
3988
3987
3986
3986
3984
3984
3982
3980
3978
3978
3976
3975
3975
3974
3974
3972
3971
3970
3970
3969
3967
3967
3966
3966
3965
3965
3964
3963
3963
3962
3960
3960
3959
3958
3956
3955
3954
3951
3951
3950
3949
3949
3948
3947
3946
3946
3946
3944
3942
3941
3940
3940
3936
3936
3936
3934
3932
3931
3929
3929
3927
3926
3925
3924
3924
3921
3921
3921
3919
3919
3917
3917
3915
3914
3914
3913
3912
3909
3909
3908
3907
3906
3906
3903
3902
3902
3901
3901
3899
3898
3898
3898
3897
3896
3895
3895
3894
3892
3892
3891
3891
3890
3889
3888
3886
3886
3884
3883
3883
3881
3881
3881
3880
3878
3878
3878
3877
3875
3874
3874
3869
3868
3867
3867
3866
3865
3865
3864
3864
3863
3863
3862
3861
3860
3856
3855
3854
3853
3853
3853
3852
3851
3851
3850
3849
3848
3846
3846
3845
3845
3845
3845
3844
3843
3842
3842
3841
3841
3839
3839
3839
3838
3838
3836
3835
3835
3835
3834
3834
3830
3829
3829
3828
3827
3827
3825
3825
3823
3822
3821
3821
3821
3821
3820
3818
3817
3816
3815
3814
3813
3813
3812
3810
3810
3809
3809
3808
3808
3806
3806
3805
3804
3804
3802
3802
3801
3798
3798
3798
3797
3796
3796
3794
3794
3793
3793
3791
3790
3790
3789
3787
3785
3783
3782
3782
3781
3780
3780
3778
3777
3777
3773
3772
3771
3771
3770
3768
3768
3766
3766
3763
3762
3761
3761
3761
3760
3760
3759
3758
3756
3754
3754
3753
3751
3751
3750
3750
3749
3749
3747
3746
3746
3745
3744
3743
3742
3741
3735
3735
3734
3732
3732
3730
3728
3727
3726
3722
3722
3720
3719
3717
3716
3715
3715
3715
3715
3715
3714
3714
3714
3714
3713
3713
3712
3712
3712
3711
3709
3708
3706
3705
3704
3704
3704
3703
3703
3702
3702
3701
3701
3699
3698
3698
3697
3696
3695
3694
3693
3692
3690
3689
3687
3684
3684
3683
3682
3681
3676
3676
3675
3675
3675
3673
3673
3672
3672
3671
3669
3669
3668
3668
3666
3665
3664
3664
3663
3662
3660
3660
3660
3659
3659
3659
3658
3657
3654
3654
3652
3651
3651
3646
3646
3645
3642
3641
3640
3640
3639
3639
3638
3638
3638
3638
3636
3635
3635
3635
3633
3633
3633
3628
3628
3627
3627
3626
3623
3621
3621
3620
3617
3617
3617
3617
3617
3617
3616
3616
3615
3615
3614
3612
3612
3611
3611
3608
3608
3606
3605
3604
3604
3601
3601
3601
3598
3597
3596
3596
3596
3595
3594
3594
3593
3593
3593
3592
3591
3591
3591
3589
3588
3587
3587
3586
3585
3585
3582
3577
3577
3577
3575
3574
3572
3571
3571
3568
3568
3568
3567
3563
3561
3561
3558
3557
3555
3552
3550
3549
3549
3549
3549
3546
3543
3540
3540
3539
3538
3538
3537
3536
3535
3535
3534
3534
3534
3533
3532
3529
3529
3527
3526
3525
3525
3524
3522
3521
3521
3519
3518
3516
3516
3516
3516
3515
3514
3513
3513
3509
3509
3507
3506
3505
3505
3505
3503
3502
3501
3498
3498
3498
3497
3495
3494
3494
3493
3492
3492
3492
3492
3492
3491
3487
3487
3487
3484
3484
3483
3482
3482
3480
3480
3478
3478
3478
3477
3476
3475
3473
3473
3473
3472
3472
3470
3468
3467
3465
3463
3462
3462
3461
3460
3459
3457
3456
3456
3454
3450
3450
3450
3448
3444
3443
3442
3439
3439
3437
3434
3432
3430
3430
3429
3426
3426
3422
3421
3420
3418
3418
3416
3415
3414
3413
3413
3413
3411
3411
3408
3406
3405
3404
3402
3402
3401
3400
3397
3396
3396
3394
3393
3392
3392
3391
3389
3388
3388
3387
3387
3385
3384
3384
3383
3382
3382
3380
3380
3378
3378
3377
3372
3365
3362
3359
3359
3358
3357
3356
3355
3354
3354
3353
3353
3353
3352
3352
3352
3352
3351
3351
3350
3350
3349
3348
3346
3346
3344
3344
3343
3343
3342
3335
3334
3334
3333
3333
3332
3331
3330
3327
3327
3326
3325
3324
3324
3322
3322
3321
3320
3320
3318
3318
3317
3317
3317
3313
3311
3311
3311
3310
3308
3307
3305
3305
3302
3302
3301
3301
3301
3299
3299
3299
3299
3298
3296
3294
3294
3293
3288
3288
3288
3286
3286
3285
3284
3283
3281
3278
3276
3275
3275
3275
3274
3271
3270
3270
3269
3269
3268
3266
3265
3263
3262
3262
3261
3259
3257
3254
3254
3253
3252
3252
3251
3251
3250
3247
3247
3247
3246
3246
3245
3245
3244
3243
3242
3241
3240
3240
3238
3238
3235
3235
3233
3231
3231
3231
3231
3230
3230
3230
3229
3228
3225
3224
3223
3223
3223
3223
3222
3222
3222
3222
3219
3214
3214
3213
3212
3212
3210
3208
3208
3206
3205
3204
3203
3203
3201
3200
3200
3200
3199
3199
3198
3198
3196
3196
3192
3192
3192
3191
3190
3188
3187
3186
3186
3186
3186
3184
3184
3184
3182
3180
3180
3179
3179
3178
3178
3178
3176
3175
3174
3174
3173
3173
3173
3171
3170
3169
3168
3168
3168
3167
3167
3166
3166
3165
3163
3162
3162
3161
3159
3159
3159
3157
3157
3156
3156
3154
3153
3153
3153
3152
3151
3151
3150
3149
3148
3147
3146
3145
3145
3144
3144
3142
3142
3141
3139
3138
3137
3137
3135
3134
3134
3133
3132
3131
3131
3130
3129
3127
3127
3126
3125
3124
3123
3121
3119
3119
3119
3119
3118
3117
3116
3115
3115
3115
3113
3111
3110
3109
3105
3105
3104
3103
3102
3102
3100
3099
3098
3097
3097
3093
3092
3091
3090
3089
3087
3087
3087
3084
3084
3084
3083
3083
3082
3080
3080
3080
3080
3078
3077
3077
3076
3076
3075
3072
3072
3071
3070
3070
3068
3068
3067
3066
3066
3066
3064
3064
3064
3064
3063
3062
3062
3062
3060
3060
3060
3058
3058
3057
3056
3056
3056
3055
3055
3055
3054
3054
3052
3051
3051
3050
3050
3050
3049
3048
3048
3048
3048
3047
3047
3045
3044
3043
3042
3041
3041
3039
3039
3037
3037
3033
3030
3030
3029
3029
3029
3029
3025
3025
3024
3023
3020
3018
3016
3015
3015
3015
3014
3012
3010
3009
3008
3007
3005
3005
3005
3003
3002
3001
3000
3000
2999
2998
2998
2997
2996
2995
2994
2994
2992
2991
2990
2989
2989
2987
2987
2987
2986
2986
2986
2985
2984
2984
2984
2982
2980
2979
2978
2978
2977
2977
2977
2977
2976
2975
2974
2973
2972
2972
2969
2966
2963
2963
2963
2963
2960
2959
2959
2959
2958
2957
2957
2957
2954
2954
2953
2953
2953
2953
2953
2952
2952
2950
2950
2950
2949
2948
2947
2947
2947
2943
2943
2942
2941
2940
2939
2938
2938
2938
2938
2932
2929
2928
2928
2927
2927
2927
2925
2925
2924
2923
2919
2919
2918
2916
2913
2909
2907
2907
2906
2906
2905
2903
2903
2902
2900
2900
2898
2898
2896
2896
2895
2895
2894
2894
2893
2892
2890
2890
2889
2889
2889
2889
2887
2886
2886
2886
2885
2884
2883
2881
2880
2879
2878
2877
2876
2876
2876
2875
2873
2873
2873
2870
2869
2867
2867
2865
2865
2862
2862
2859
2856
2855
2852
2850
2848
2848
2848
2848
2848
2848
2846
2845
2844
2844
2843
2843
2843
2842
2841
2841
2840
2839
2838
2838
2838
2835
2835
2834
2834
2834
2832
2831
2829
2829
2825
2824
2824
2822
2822
2822
2821
2821
2820
2819
2818
2818
2815
2815
2815
2814
2814
2814
2813
2812
2812
2810
2810
2807
2806
2805
2804
2803
2802
2801
2801
2799
2798
2797
2796
2796
2796
2794
2794
2794
2793
2793
2793
2792
2791
2790
2790
2790
2787
2784
2781
2781
2781
2780
2779
2779
2779
2778
2777
2774
2774
2773
2773
2772
2772
2772
2768
2768
2767
2766
2766
2766
2765
2765
2765
2763
2762
2762
2762
2760
2758
2757
2749
2746
2744
2744
2743
2743
2741
2739
2739
2739
2738
2737
2736
2736
2733
2733
2731
2730
2727
2727
2726
2725
2722
2722
2722
2721
2721
2721
2720
2719
2718
2717
2716
2712
2707
2706
2706
2705
2705
2705
2702
2701
2701
2701
2700
2700
2698
2697
2696
2694
2694
2693
2692
2692
2692
2691
2688
2687
2682
2682
2681
2680
2680
2679
2677
2677
2677
2675
2673
2672
2672
2668
2668
2667
2665
2665
2664
2664
2663
2663
2661
2661
2661
2659
2657
2656
2655
2652
2652
2650
2650
2646
2645
2644
2644
2644
2644
2644
2643
2641
2638
2637
2637
2636
2634
2633
2632
2631
2631
2630
2627
2627
2626
2626
2625
2625
2624
2623
2620
2620
2619
2619
2618
2618
2617
2616
2613
2612
2610
2610
2609
2609
2609
2608
2606
2605
2604
2604
2600
2600
2599
2597
2596
2592
2592
2592
2590
2590
2588
2588
2586
2584
2583
2582
2579
2575
2573
2573
2569
2567
2566
2565
2565
2564
2560
2559
2559
2559
2559
2557
2555
2554
2554
2553
2553
2552
2551
2548
2548
2548
2547
2547
2547
2547
2546
2546
2546
2545
2544
2543
2542
2541
2541
2540
2540
2540
2535
2534
2533
2530
2529
2528
2527
2526
2525
2525
2524
2523
2523
2522
2520
2519
2519
2519
2518
2515
2514
2513
2512
2511
2511
2509
2508
2505
2503
2500
2499
2498
2496
2493
2492
2491
2491
2490
2489
2488
2488
2487
2486
2483
2483
2483
2483
2483
2482
2482
2482
2481
2481
2480
2480
2479
2476
2476
2475
2474
2474
2474
2471
2471
2470
2469
2468
2467
2465
2465
2465
2462
2462
2461
2459
2459
2458
2457
2456
2456
2454
2454
2453
2451
2451
2450
2450
2448
2447
2447
2447
2445
2444
2444
2444
2443
2443
2442
2442
2441
2440
2439
2438
2438
2436
2435
2433
2430
2429
2428
2428
2428
2427
2426
2426
2426
2425
2425
2425
2424
2424
2423
2423
2423
2419
2419
2417
2417
2415
2414
2414
2412
2411
2410
2408
2407
2406
2401
2397
2396
2395
2394
2393
2392
2390
2389
2388
2385
2385
2385
2384
2382
2381
2381
2380
2380
2379
2379
2379
2379
2378
2378
2378
2377
2376
2375
2374
2373
2372
2370
2366
2365
2364
2363
2361
2359
2359
2359
2358
2358
2358
2358
2357
2355
2354
2354
2353
2351
2349
2349
2349
2349
2348
2347
2345
2343
2343
2342
2340
2339
2338
2338
2338
2337
2334
2333
2332
2330
2328
2328
2327
2326
2326
2324
2323
2322
2321
2320
2320
2320
2319
2318
2318
2317
2316
2314
2313
2313
2312
2311
2310
2309
2309
2308
2307
2306
2304
2304
2303
2303
2300
2299
2299
2298
2298
2298
2297
2296
2295
2295
2294
2293
2292
2292
2290
2290
2284
2282
2280
2280
2278
2277
2276
2275
2274
2273
2272
2272
2271
2271
2270
2270
2268
2267
2267
2265
2264
2264
2263
2262
2262
2256
2255
2255
2254
2254
2253
2253
2252
2250
2248
2248
2246
2245
2244
2244
2243
2242
2242
2242
2241
2238
2237
2237
2234
2233
2231
2230
2230
2230
2229
2229
2229
2229
2228
2228
2226
2225
2221
2221
2220
2220
2220
2219
2218
2218
2218
2214
2213
2213
2212
2210
2209
2209
2208
2208
2207
2207
2207
2207
2206
2205
2205
2204
2203
2202
2202
2201
2200
2198
2195
2193
2193
2189
2189
2189
2186
2184
2183
2182
2180
2176
2176
2173
2172
2172
2171
2171
2170
2169
2165
2165
2163
2162
2160
2160
2159
2158
2157
2157
2156
2153
2152
2152
2150
2150
2149
2147
2145
2144
2143
2141
2140
2140
2140
2138
2136
2135
2134
2133
2133
2132
2131
2131
2130
2126
2123
2122
2121
2120
2120
2120
2119
2119
2117
2116
2114
2111
2111
2111
2108
2106
2105
2104
2104
2104
2104
2101
2101
2101
2101
2100
2100
2099
2099
2098
2098
2096
2094
2092
2092
2091
2090
2089
2081
2081
2080
2079
2078
2077
2076
2076
2075
2075
2073
2073
2072
2072
2072
2069
2068
2068
2062
2061
2061
2061
2059
2059
2057
2056
2056
2055
2055
2054
2053
2051
2050
2049
2048
2048
2047
2046
2045
2043
2041
2040
2039
2039
2038
2038
2037
2036
2034
2032
2030
2030
2030
2029
2028
2027
2026
2025
2024
2021
2021
2021
2019
2019
2018
2017
2016
2016
2016
2015
2013
2013
2013
2012
2012
2011
2011
2010
2008
2008
2006
2006
2005
2005
2004
2001
2000
2000
1999
1998
1998
1997
1997
1997
1996
1995
1995
1994
1994
1994
1991
1989
1987
1985
1985
1980
1980
1980
1977
1976
1976
1975
1974
1974
1973
1972
1972
1972
1970
1969
1967
1966
1966
1965
1965
1961
1960
1960
1958
1957
1956
1956
1953
1951
1951
1949
1947
1946
1946
1946
1945
1943
1941
1938
1938
1937
1936
1936
1934
1933
1933
1933
1931
1930
1929
1929
1927
1927
1924
1924
1924
1922
1922
1921
1921
1921
1920
1915
1913
1910
1908
1908
1907
1906
1906
1903
1903
1901
1901
1900
1900
1898
1897
1896
1895
1894
1893
1892
1891
1890
1890
1890
1889
1889
1884
1883
1883
1883
1880
1879
1877
1876
1875
1874
1873
1873
1872
1871
1870
1870
1870
1869
1864
1864
1863
1863
1862
1862
1861
1861
1859
1859
1858
1857
1856
1855
1855
1855
1855
1854
1853
1852
1851
1850
1850
1849
1848
1846
1846
1845
1845
1843
1842
1841
1840
1840
1840
1840
1837
1837
1836
1833
1833
1832
1831
1830
1829
1829
1828
1826
1826
1823
1822
1822
1821
1820
1820
1819
1813
1810
1810
1809
1808
1805
1805
1804
1804
1804
1803
1803
1802
1799
1798
1797
1797
1795
1793
1792
1790
1790
1790
1789
1788
1788
1786
1786
1786
1784
1784
1783
1782
1781
1780
1779
1779
1778
1778
1777
1776
1775
1773
1772
1772
1772
1771
1771
1771
1768
1768
1768
1768
1767
1765
1764
1764
1761
1761
1761
1759
1759
1759
1758
1756
1755
1755
1755
1754
1753
1751
1751
1750
1750
1749
1749
1749
1747
1745
1745
1745
1744
1742
1741
1741
1740
1740
1739
1739
1737
1737
1736
1735
1734
1734
1732
1732
1732
1731
1731
1731
1730
1729
1729
1727
1727
1726
1725
1725
1725
1721
1721
1721
1718
1717
1715
1713
1713
1711
1711
1710
1709
1708
1706
1706
1704
1702
1702
1702
1702
1701
1699
1698
1696
1696
1696
1695
1693
1692
1691
1691
1690
1690
1690
1689
1688
1688
1687
1685
1683
1682
1682
1682
1682
1681
1679
1678
1678
1677
1677
1676
1675
1674
1674
1673
1673
1672
1670
1669
1669
1669
1669
1668
1667
1666
1666
1666
1666
1665
1665
1664
1664
1664
1663
1661
1660
1659
1657
1656
1649
1648
1648
1648
1644
1643
1643
1642
1641
1638
1637
1636
1634
1633
1632
1631
1631
1628
1627
1627
1626
1625
1623
1623
1618
1615
1613
1610
1610
1609
1609
1609
1609
1608
1607
1607
1606
1605
1604
1602
1601
1600
1597
1597
1596
1596
1596
1596
1595
1595
1595
1593
1593
1592
1590
1589
1588
1587
1587
1586
1586
1586
1586
1585
1583
1582
1578
1576
1575
1574
1574
1574
1573
1570
1567
1566
1565
1565
1561
1560
1558
1555
1555
1555
1555
1554
1554
1552
1551
1549
1547
1547
1545
1545
1544
1542
1542
1541
1539
1537
1536
1535
1535
1535
1535
1534
1531
1531
1531
1529
1528
1527
1526
1524
1523
1523
1522
1519
1516
1515
1515
1514
1512
1511
1511
1510
1504
1504
1502
1502
1502
1500
1499
1498
1498
1495
1495
1494
1494
1492
1491
1490
1489
1488
1487
1486
1486
1484
1484
1483
1483
1482
1481
1479
1479
1479
1478
1477
1476
1476
1475
1475
1474
1474
1472
1472
1470
1470
1467
1466
1466
1464
1464
1464
1464
1463
1463
1463
1461
1461
1460
1459
1458
1457
1457
1457
1457
1455
1453
1453
1451
1451
1451
1450
1450
1450
1442
1441
1440
1440
1438
1438
1438
1436
1435
1435
1434
1433
1433
1430
1429
1427
1426
1425
1424
1422
1422
1419
1418
1416
1415
1411
1407
1407
1405
1405
1405
1404
1403
1403
1402
1401
1401
1400
1400
1399
1397
1396
1396
1395
1394
1394
1393
1393
1391
1391
1389
1387
1387
1386
1386
1385
1384
1382
1380
1379
1377
1372
1372
1370
1369
1368
1367
1367
1364
1362
1361
1361
1361
1358
1357
1356
1352
1352
1351
1351
1350
1349
1349
1348
1346
1345
1344
1341
1340
1338
1336
1334
1332
1332
1331
1331
1331
1329
1328
1328
1327
1326
1326
1325
1325
1324
1322
1321
1321
1321
1319
1319
1317
1315
1314
1314
1313
1313
1313
1312
1311
1310
1310
1310
1308
1307
1306
1306
1305
1305
1304
1299
1299
1298
1296
1295
1295
1295
1293
1292
1292
1291
1291
1290
1289
1288
1286
1286
1286
1285
1285
1284
1283
1283
1282
1281
1281
1281
1281
1280
1280
1280
1279
1279
1274
1274
1271
1269
1267
1264
1263
1261
1261
1259
1258
1258
1258
1257
1257
1255
1254
1254
1250
1250
1247
1246
1246
1246
1244
1244
1244
1243
1243
1239
1237
1236
1236
1236
1235
1234
1234
1234
1233
1231
1230
1229
1228
1228
1225
1224
1224
1224
1223
1222
1221
1221
1220
1220
1219
1218
1218
1218
1218
1218
1217
1217
1216
1214
1214
1213
1213
1213
1211
1210
1208
1208
1208
1203
1201
1200
1199
1199
1199
1198
1198
1197
1194
1192
1191
1190
1190
1190
1190
1190
1189
1189
1189
1186
1186
1186
1186
1185
1184
1182
1182
1182
1180
1178
1178
1176
1174
1173
1171
1171
1168
1167
1163
1162
1162
1161
1161
1158
1157
1157
1157
1155
1152
1149
1148
1147
1147
1145
1144
1143
1142
1142
1141
1141
1138
1138
1138
1138
1137
1137
1136
1136
1134
1134
1134
1131
1130
1129
1128
1124
1124
1123
1123
1122
1122
1122
1122
1121
1121
1118
1117
1117
1116
1116
1115
1114
1114
1113
1110
1108
1108
1108
1105
1105
1102
1102
1102
1102
1099
1099
1099
1098
1097
1096
1092
1091
1090
1088
1088
1087
1085
1082
1078
1077
1077
1075
1074
1071
1069
1068
1068
1067
1066
1066
1065
1065
1065
1063
1062
1062
1060
1060
1059
1059
1056
1053
1053
1052
1052
1052
1050
1049
1047
1046
1046
1045
1045
1043
1041
1040
1039
1039
1038
1038
1038
1038
1037
1036
1036
1033
1031
1031
1031
1028
1028
1025
1024
1024
1023
1023
1023
1022
1021
1019
1015
1013
1012
1010
1010
1010
1009
1006
1005
1005
1003
1002
1001
1001
998
998
997
997
997
997
997
996
995
995
994
994
993
992
992
989
988
987
986
986
985
982
982
981
981
981
979
977
975
970
970
970
970
968
968
968
967
965
964
964
964
964
957
955
954
953
953
951
950
950
950
949
948
946
946
944
944
943
942
942
942
941
941
941
941
940
938
935
935
933
933
932
931
931
930
930
930
927
927
926
924
919
916
916
913
911
911
909
908
907
906
905
903
903
902
901
900
899
899
898
898
897
896
896
895
895
895
895
894
893
892
892
891
891
891
890
890
889
888
885
885
883
881
881
880
878
877
875
874
873
873
872
871
870
869
868
867
867
863
861
861
860
859
858
856
856
855
854
852
852
851
850
849
849
846
845
845
844
844
842
841
841
840
838
838
837
834
834
834
833
832
832
831
830
830
829
829
827
826
824
823
822
821
820
820
820
819
819
819
819
818
817
816
815
813
813
813
810
809
809
808
805
804
804
803
800
800
800
799
797
797
795
794
794
794
794
794
793
792
791
790
788
788
785
784
784
782
782
781
780
780
780
778
776
775
774
773
773
770
767
767
764
764
763
759
758
757
757
753
750
749
749
749
749
748
747
746
744
742
742
741
740
739
735
735
734
734
732
732
731
727
727
727
727
726
725
725
725
725
724
723
722
721
721
720
719
719
718
717
714
714
713
713
712
711
711
710
707
706
706
705
705
704
704
702
700
699
699
699
698
697
696
696
695
695
694
693
691
690
688
687
686
686
682
678
677
676
676
675
674
673
670
666
664
663
661
660
660
659
659
658
656
655
654
654
651
646
645
645
645
642
637
636
634
632
631
631
630
630
629
627
626
624
623
623
623
622
620
619
619
618
618
617
617
616
610
607
604
603
600
600
597
597
597
597
595
594
590
590
589
588
588
588
588
587
584
584
583
582
578
578
577
577
575
574
574
573
573
572
571
570
569
568
566
565
565
564
564
563
562
559
559
558
558
558
557
556
556
556
555
555
554
552
552
550
549
549
549
547
547
547
546
545
544
543
543
541
539
539
538
538
538
537
533
532
532
531
529
528
527
527
527
526
523
520
519
518
517
515
514
512
512
510
509
509
508
507
507
504
504
503
502
500
499
496
496
496
492
490
489
484
483
482
480
479
479
477
477
477
476
475
470
470
469
468
466
466
465
465
464
464
463
462
462
461
460
460
458
453
453
452
451
450
448
447
447
445
445
444
443
443
438
437
437
437
437
436
435
435
434
433
433
433
433
432
432
432
431
431
430
429
426
425
424
424
424
424
423
423
423
423
423
420
418
417
417
416
415
412
410
409
404
404
403
402
400
399
398
396
396
395
395
393
392
390
389
389
389
388
388
387
387
386
386
386
385
385
384
384
383
383
382
382
382
381
380
380
380
380
380
380
379
377
377
376
374
373
373
373
372
372
371
371
367
366
365
363
362
361
360
359
359
358
358
358
357
356
355
355
354
353
351
349
347
345
343
342
342
341
341
341
340
340
339
338
338
338
337
336
334
334
333
333
332
331
329
327
324
321
318
318
316
314
314
313
313
311
310
310
309
308
307
306
305
304
304
303
303
303
301
300
299
297
297
296
295
293
292
292
289
287
287
287
285
285
284
283
283
283
283
283
281
280
280
280
279
278
278
278
277
277
276
275
271
271
270
270
270
268
267
267
266
264
263
262
262
261
260
258
257
257
257
255
253
252
252
252
252
250
250
248
248
248
248
247
247
246
246
244
244
243
243
243
242
241
238
236
236
235
234
233
231
230
230
229
223
222
221
221
218
217
216
213
213
212
211
210
207
205
205
205
204
202
202
201
200
200
198
198
198
198
196
193
193
192
191
187
187
187
186
186
183
183
182
181
181
181
178
175
175
174
174
173
173
172
172
172
172
172
171
171
169
169
166
166
165
165
165
164
164
160
158
158
157
156
156
155
154
151
150
150
150
149
147
145
145
144
142
141
141
138
137
136
135
134
134
133
133
132
131
130
129
129
128
127
125
125
124
122
121
118
118
117
117
116
115
115
115
112
112
112
111
110
108
107
105
105
105
102
101
101
101
99
98
97
96
96
96
96
93
92
91
90
89
89
87
86
86
86
85
82
81
81
81
78
78
76
76
75
75
74
73
73
72
70
70
67
64
63
62
61
60
60
60
59
56
55
55
51
50
49
48
48
47
47
47
46
41
41
40
39
35
35
35
35
31
29
28
28
28
28
27
25
25
21
21
20
16
16
16
15
12
10
10
8
8
8
8
7
7
6
3
3
3
2
1
1
1
1
0
