9998
9998
9997
9996
9995
9995
9995
9993
9992
9992
9991
9991
9989
9987
9987
9987
9986
9984
9984
9982
9981
9980
9977
9977
9975
9973
9973
9972
9969
9969
9969
9968
9968
9967
9963
9959
9958
9958
9956
9956
9955
9953
9952
9950
9950
9949
9949
9948
9945
9943
9942
9941
9937
9937
9937
9937
9935
9934
9932
9928
9928
9926
9926
9926
9925
9923
9922
9921
9921
9920
9918
9916
9913
9908
9907
9907
9906
9903
9902
9901
9901
9900
9900
9898
9897
9896
9896
9896
9896
9895
9893
9892
9890
9889
9888
9888
9887
9883
9883
9879
9879
9879
9876
9876
9875
9872
9872
9872
9870
9870
9870
9869
9868
9867
9867
9865
9865
9862
9861
9860
9860
9859
9858
9856
9855
9855
9853
9853
9853
9852
9846
9845
9842
9836
9836
9835
9834
9834
9833
9833
9831
9830
9830
9829
9829
9828
9827
9827
9827
9823
9822
9820
9819
9819
9818
9818
9818
9817
9815
9814
9813
9813
9812
9812
9812
9812
9810
9809
9809
9809
9806
9806
9804
9803
9802
9800
9800
9799
9799
9799
9799
9797
9797
9795
9794
9793
9792
9792
9789
9789
9787
9787
9786
9783
9782
9781
9779
9777
9777
9776
9772
9771
9771
9769
9768
9768
9768
9766
9765
9764
9764
9763
9763
9762
9762
9762
9760
9759
9758
9758
9756
9755
9753
9752
9750
9749
9748
9747
9747
9746
9744
9743
9742
9739
9737
9736
9736
9734
9734
9734
9733
9733
9733
9730
9729
9729
9729
9729
9728
9728
9727
9725
9724
9723
9721
9720
9717
9716
9715
9714
9714
9713
9712
9712
9711
9711
9709
9709
9709
9709
9708
9708
9706
9705
9705
9704
9702
9701
9700
9700
9698
9697
9694
9693
9691
9689
9689
9687
9684
9683
9683
9683
9682
9680
9679
9679
9678
9677
9676
9672
9672
9671
9671
9669
9669
9666
9665
9665
9662
9662
9662
9660
9659
9659
9658
9655
9655
9653
9652
9652
9650
9649
9649
9648
9646
9645
9645
9645
9643
9642
9641
9641
9638
9634
9634
9634
9634
9632
9632
9630
9629
9629
9629
9629
9628
9627
9627
9625
9624
9623
9621
9620
9620
9620
9620
9618
9617
9617
9615
9611
9610
9609
9609
9607
9607
9606
9605
9605
9604
9603
9602
9601
9599
9598
9597
9597
9595
9594
9594
9593
9593
9593
9592
9592
9591
9590
9589
9589
9589
9588
9587
9585
9585
9581
9581
9581
9578
9576
9576
9574
9573
9573
9573
9572
9572
9569
9567
9567
9565
9564
9563
9562
9561
9561
9561
9560
9559
9556
9556
9556
9555
9555
9553
9552
9551
9549
9548
9548
9546
9545
9544
9544
9543
9543
9542
9542
9541
9540
9539
9539
9538
9538
9537
9537
9535
9532
9529
9528
9526
9525
9524
9523
9523
9522
9522
9522
9520
9520
9519
9517
9517
9515
9515
9515
9514
9513
9513
9513
9513
9512
9512
9510
9509
9506
9506
9506
9500
9499
9498
9498
9497
9497
9496
9495
9495
9492
9489
9488
9488
9487
9487
9487
9485
9485
9484
9484
9483
9482
9480
9478
9478
9477
9476
9474
9471
9471
9471
9469
9469
9469
9467
9466
9465
9464
9462
9462
9461
9460
9456
9454
9453
9453
9452
9451
9451
9451
9448
9447
9447
9447
9447
9446
9445
9445
9443
9443
9441
9441
9440
9438
9436
9435
9433
9432
9431
9431
9429
9429
9428
9428
9426
9426
9423
9422
9421
9421
9420
9418
9415
9414
9414
9413
9413
9411
9410
9409
9406
9405
9404
9403
9402
9400
9400
9400
9399
9399
9399
9398
9397
9396
9396
9394
9393
9392
9391
9391
9391
9389
9389
9389
9387
9386
9386
9385
9384
9383
9382
9381
9380
9379
9377
9377
9376
9376
9375
9373
9366
9364
9363
9362
9362
9362
9361
9360
9358
9357
9356
9355
9355
9355
9354
9353
9352
9351
9351
9350
9349
9349
9349
9346
9345
9344
9343
9340
9338
9337
9336
9336
9336
9335
9335
9334
9333
9332
9328
9327
9326
9325
9323
9323
9323
9323
9322
9322
9316
9315
9314
9313
9311
9310
9307
9304
9304
9304
9304
9303
9302
9301
9298
9298
9297
9294
9294
9293
9292
9292
9291
9291
9290
9290
9290
9290
9288
9287
9287
9286
9285
9285
9278
9278
9278
9276
9275
9275
9275
9274
9273
9273
9272
9269
9269
9268
9268
9268
9268
9268
9267
9267
9262
9262
9261
9260
9259
9259
9257
9257
9256
9256
9255
9255
9254
9252
9250
9249
9249
9246
9244
9243
9241
9241
9240
9239
9239
9238
9237
9236
9236
9236
9232
9232
9231
9231
9229
9229
9228
9225
9222
9222
9221
9220
9220
9217
9217
9216
9216
9212
9211
9210
9210
9209
9209
9208
9206
9204
9204
9202
9201
9200
9199
9197
9193
9192
9192
9189
9188
9186
9184
9179
9175
9175
9171
9170
9170
9167
9167
9166
9166
9165
9163
9163
9161
9161
9161
9161
9160
9159
9159
9156
9156
9155
9155
9155
9154
9151
9150
9150
9149
9148
9147
9147
9145
9145
9139
9139
9138
9137
9137
9137
9137
9135
9135
9135
9134
9133
9131
9129
9126
9126
9126
9123
9122
9121
9119
9116
9113
9113
9113
9112
9112
9111
9109
9109
9107
9102
9101
9100
9100
9098
9097
9096
9096
9095
9095
9094
9094
9093
9093
9091
9089
9088
9087
9087
9087
9085
9084
9083
9082
9081
9081
9080
9080
9078
9077
9075
9074
9074
9071
9070
9070
9069
9068
9067
9065
9064
9063
9063
9061
9060
9058
9051
9051
9048
9048
9047
9046
9046
9045
9045
9042
9040
9036
9036
9034
9033
9033
9033
9033
9031
9031
9030
9030
9027
9027
9026
9025
9025
9024
9024
9023
9021
9021
9020
9020
9020
9016
9016
9014
9012
9011
9010
9010
9009
9007
9006
9005
9005
9004
9004
9003
9002
9000
9000
8998
8997
8996
8995
8995
8993
8993
8993
8992
8991
8990
8990
8988
8984
8983
8983
8982
8982
8980
8980
8980
8979
8978
8978
8978
8977
8977
8975
8975
8975
8973
8973
8972
8972
8972
8970
8969
8966
8966
8965
8964
8962
8962
8962
8960
8958
8957
8957
8956
8955
8954
8952
8950
8948
8947
8945
8944
8944
8944
8943
8942
8941
8940
8939
8939
8939
8938
8938
8938
8937
8936
8936
8935
8935
8935
8935
8933
8932
8932
8932
8931
8930
8930
8930
8929
8929
8926
8926
8926
8924
8924
8921
8920
8918
8917
8917
8917
8916
8915
8915
8914
8914
8913
8913
8912
8911
8908
8908
8907
8907
8907
8906
8906
8903
8903
8902
8900
8900
8899
8899
8898
8897
8894
8893
8893
8892
8891
8888
8885
8885
8885
8885
8884
8883
8883
8883
8883
8881
8880
8877
8877
8876
8871
8871
8869
8866
8865
8865
8864
8863
8863
8863
8862
8861
8860
8860
8859
8859
8857
8856
8855
8853
8852
8851
8849
8848
8845
8844
8844
8843
8843
8843
8842
8842
8841
8841
8841
8839
8839
8839
8837
8837
8836
8836
8835
8834
8834
8833
8832
8831
8828
8828
8827
8825
8825
8824
8823
8820
8819
8818
8817
8817
8817
8817
8815
8814
8812
8812
8811
8811
8811
8811
8810
8809
8807
8807
8805
8804
8803
8801
8800
8799
8796
8795
8794
8793
8791
8791
8791
8790
8790
8789
8786
8785
8784
8784
8782
8782
8779
8779
8777
8777
8775
8774
8773
8772
8772
8770
8769
8768
8767
8764
8763
8763
8761
8760
8760
8758
8758
8757
8756
8755
8754
8753
8753
8752
8752
8751
8746
8746
8743
8742
8742
8742
8741
8740
8739
8739
8736
8734
8733
8733
8732
8732
8731
8730
8728
8727
8722
8720
8720
8719
8717
8717
8716
8716
8715
8714
8714
8713
8713
8713
8711
8711
8711
8711
8710
8710
8710
8710
8708
8707
8706
8706
8704
8703
8703
8703
8701
8701
8700
8699
8697
8695
8694
8694
8694
8692
8692
8691
8689
8687
8686
8684
8682
8682
8682
8682
8680
8679
8677
8676
8674
8674
8674
8674
8672
8672
8672
8669
8668
8667
8666
8666
8665
8662
8661
8660
8659
8659
8659
8658
8656
8655
8655
8653
8653
8652
8650
8649
8648
8646
8644
8644
8642
8642
8639
8639
8638
8638
8635
8633
8633
8633
8632
8631
8630
8629
8628
8627
8626
8623
8622
8622
8622
8621
8621
8620
8618
8617
8617
8617
8616
8615
8614
8613
8613
8612
8611
8609
8609
8609
8608
8606
8605
8604
8602
8602
8602
8601
8601
8601
8601
8601
8600
8600
8600
8599
8597
8596
8596
8592
8592
8592
8592
8589
8589
8587
8587
8586
8585
8585
8583
8582
8581
8579
8579
8577
8576
8574
8573
8573
8573
8569
8568
8567
8566
8566
8566
8566
8566
8563
8562
8560
8560
8559
8557
8556
8555
8554
8554
8554
8554
8552
8551
8551
8550
8549
8548
8547
8547
8547
8545
8544
8543
8542
8541
8540
8539
8538
8538
8537
8536
8536
8536
8534
8533
8532
8531
8530
8529
8529
8528
8527
8527
8526
8524
8524
8524
8522
8522
8520
8517
8516
8516
8515
8515
8513
8511
8511
8511
8510
8508
8507
8507
8506
8505
8505
8504
8503
8503
8502
8502
8499
8499
8498
8497
8496
8496
8495
8495
8494
8494
8494
8491
8490
8488
8485
8485
8485
8484
8483
8483
8483
8482
8482
8480
8480
8479
8477
8475
8474
8473
8473
8472
8471
8470
8467
8466
8466
8465
8464
8464
8463
8461
8460
8460
8460
8459
8459
8457
8457
8455
8455
8455
8453
8452
8451
8451
8450
8450
8449
8449
8448
8446
8446
8445
8445
8445
8443
8443
8440
8436
8436
8434
8433
8433
8433
8428
8427
8426
8425
8421
8421
8421
8420
8419
8415
8414
8414
8413
8413
8413
8413
8412
8411
8411
8407
8407
8406
8406
8404
8403
8401
8399
8398
8397
8397
8397
8393
8393
8388
8388
8387
8385
8384
8384
8384
8383
8383
8383
8379
8378
8375
8374
8374
8373
8372
8371
8371
8370
8369
8369
8367
8367
8367
8367
8367
8364
8361
8360
8360
8359
8359
8359
8358
8357
8356
8353
8352
8350
8348
8348
8348
8347
8347
8346
8346
8346
8345
8345
8345
8341
8341
8340
8339
8339
8338
8337
8337
8337
8335
8334
8334
8333
8332
8331
8330
8330
8329
8328
8328
8327
8326
8325
8324
8322
8322
8321
8320
8320
8318
8318
8318
8316
8315
8315
8312
8310
8309
8308
8308
8307
8304
8302
8301
8299
8299
8298
8296
8296
8294
8294
8293
8293
8293
8291
8291
8290
8289
8289
8287
8286
8286
8285
8285
8285
8283
8283
8281
8281
8281
8281
8281
8278
8276
8276
8272
8272
8270
8269
8269
8268
8266
8265
8265
8264
8263
8263
8260
8260
8258
8258
8258
8256
8255
8251
8249
8247
8246
8245
8245
8245
8245
8243
8243
8241
8240
8240
8239
8238
8236
8235
8234
8234
8234
8232
8231
8231
8230
8228
8226
8224
8224
8224
8223
8223
8223
8221
8221
8221
8221
8219
8218
8216
8216
8215
8214
8214
8213
8210
8210
8210
8209
8208
8207
8207
8206
8205
8204
8203
8203
8201
8201
8200
8200
8197
8197
8196
8195
8195
8194
8194
8192
8189
8188
8188
8186
8185
8183
8182
8182
8182
8179
8178
8178
8178
8178
8177
8177
8175
8174
8174
8174
8169
8169
8169
8168
8167
8167
8167
8167
8166
8165
8164
8163
8163
8163
8162
8162
8156
8156
8156
8155
8153
8152
8151
8149
8149
8148
8147
8146
8144
8144
8143
8141
8141
8141
8141
8140
8136
8135
8135
8132
8132
8131
8131
8129
8128
8128
8127
8127
8126
8126
8125
8122
8121
8119
8118
8116
8115
8114
8113
8113
8112
8112
8112
8110
8109
8108
8107
8106
8106
8103
8102
8102
8101
8101
8101
8101
8099
8099
8099
8099
8098
8096
8095
8095
8092
8092
8091
8090
8090
8089
8089
8087
8087
8085
8085
8085
8082
8081
8080
8080
8080
8080
8079
8074
8072
8070
8068
8067
8066
8065
8064
8064
8063
8063
8063
8062
8061
8061
8060
8060
8059
8058
8058
8054
8054
8051
8048
8048
8048
8047
8046
8045
8044
8042
8042
8042
8042
8040
8039
8037
8036
8035
8033
8031
8031
8031
8031
8030
8029
8028
8026
8024
8024
8022
8022
8018
8018
8017
8016
8016
8016
8014
8014
8014
8011
8010
8009
8009
8009
8008
8008
8006
8006
8006
8003
8002
8002
8001
8000
7999
7998
7998
7996
7996
7995
7995
7993
7992
7992
7992
7992
7992
7991
7991
7990
7990
7990
7989
7988
7987
7987
7986
7984
7984
7983
7982
7982
7981
7981
7979
7979
7978
7978
7978
7976
7976
7975
7973
7972
7971
7970
7967
7964
7963
7963
7961
7960
7959
7958
7958
7958
7958
7957
7956
7955
7955
7955
7954
7951
7951
7948
7948
7947
7947
7944
7943
7943
7942
7942
7939
7939
7938
7935
7933
7931
7930
7929
7928
7927
7927
7925
7923
7922
7921
7919
7918
7918
7916
7915
7914
7913
7912
7912
7912
7910
7908
7907
7905
7904
7903
7903
7902
7902
7901
7901
7901
7900
7900
7896
7896
7896
7891
7889
7888
7888
7886
7886
7886
7886
7885
7885
7883
7877
7874
7873
7872
7872
7872
7870
7868
7867
7867
7865
7864
7864
7863
7862
7862
7862
7861
7860
7860
7859
7859
7858
7858
7856
7855
7855
7854
7853
7853
7853
7852
7852
7851
7851
7850
7849
7849
7848
7846
7846
7846
7844
7842
7842
7841
7839
7838
7838
7837
7833
7833
7832
7832
7831
7831
7831
7830
7829
7829
7829
7827
7826
7823
7823
7823
7823
7822
7817
7814
7814
7811
7810
7810
7809
7809
7808
7807
7807
7807
7807
7804
7803
7803
7801
7801
7800
7800
7799
7799
7799
7797
7797
7794
7792
7789
7788
7787
7786
7786
7784
7784
7784
7784
7783
7780
7779
7779
7773
7772
7772
7769
7769
7768
7765
7763
7762
7762
7761
7761
7761
7759
7759
7758
7758
7757
7756
7755
7755
7755
7754
7754
7754
7753
7753
7753
7753
7750
7749
7746
7745
7745
7743
7743
7743
7742
7742
7742
7740
7739
7739
7739
7738
7738
7738
7737
7737
7736
7736
7736
7734
7731
7730
7730
7729
7729
7728
7728
7726
7726
7724
7723
7723
7723
7723
7721
7718
7718
7718
7716
7716
7715
7713
7712
7712
7712
7711
7710
7710
7709
7709
7708
7708
7707
7704
7704
7704
7703
7702
7702
7702
7702
7701
7700
7698
7695
7694
7693
7693
7692
7690
7690
7690
7688
7688
7688
7687
7686
7684
7682
7682
7678
7677
7677
7676
7674
7672
7670
7669
7668
7668
7666
7664
7663
7660
7660
7659
7659
7658
7658
7658
7657
7656
7655
7653
7652
7650
7649
7647
7647
7647
7647
7645
7643
7643
7643
7641
7638
7638
7637
7637
7635
7635
7632
7631
7629
7628
7628
7628
7627
7627
7627
7627
7626
7625
7625
7624
7624
7622
7620
7619
7618
7617
7616
7615
7615
7613
7612
7612
7609
7607
7606
7606
7605
7599
7599
7598
7598
7597
7597
7595
7594
7593
7593
7591
7588
7588
7586
7584
7583
7583
7582
7582
7582
7581
7580
7578
7577
7576
7574
7574
7572
7572
7571
7570
7570
7569
7569
7567
7565
7565
7564
7564
7562
7561
7560
7560
7558
7557
7557
7557
7556
7555
7552
7552
7552
7550
7548
7548
7547
7545
7545
7544
7543
7543
7543
7540
7539
7537
7537
7537
7532
7531
7531
7530
7528
7527
7526
7526
7525
7524
7523
7522
7520
7518
7517
7517
7517
7517
7516
7515
7514
7514
7513
7513
7512
7512
7511
7511
7511
7510
7510
7508
7507
7506
7504
7504
7501
7500
7500
7499
7499
7498
7497
7497
7496
7495
7495
7495
7494
7494
7491
7491
7490
7490
7489
7487
7486
7485
7485
7484
7483
7482
7481
7479
7478
7477
7472
7472
7471
7471
7470
7468
7467
7467
7467
7466
7462
7462
7461
7460
7453
7453
7452
7451
7451
7449
7448
7446
7444
7443
7442
7441
7440
7439
7439
7438
7438
7438
7438
7437
7435
7434
7433
7432
7431
7430
7429
7428
7428
7428
7424
7423
7423
7419
7419
7419
7419
7419
7416
7415
7413
7413
7412
7411
7410
7409
7408
7407
7406
7405
7404
7402
7402
7400
7399
7399
7399
7398
7394
7394
7394
7393
7392
7391
7389
7389
7388
7387
7386
7382
7381
7380
7378
7376
7376
7375
7375
7374
7373
7373
7372
7371
7371
7371
7370
7370
7368
7366
7364
7363
7362
7361
7358
7358
7357
7352
7351
7350
7350
7344
7344
7343
7343
7343
7342
7341
7341
7340
7340
7340
7340
7339
7337
7336
7335
7335
7334
7334
7334
7333
7333
7332
7326
7325
7325
7323
7322
7319
7318
7317
7317
7317
7317
7316
7315
7315
7314
7314
7313
7310
7310
7308
7306
7305
7305
7301
7300
7299
7299
7298
7298
7297
7295
7291
7289
7288
7287
7285
7284
7283
7283
7281
7280
7280
7279
7277
7277
7276
7276
7275
7275
7275
7270
7270
7267
7265
7263
7262
7260
7259
7258
7258
7256
7256
7254
7253
7253
7252
7252
7251
7250
7250
7250
7248
7248
7246
7242
7242
7242
7241
7241
7241
7240
7240
7239
7238
7237
7235
7235
7234
7233
7233
7230
7230
7229
7227
7227
7225
7224
7223
7222
7219
7219
7217
7217
7215
7212
7212
7211
7210
7210
7210
7209
7208
7207
7206
7206
7205
7204
7202
7202
7202
7202
7201
7200
7198
7198
7197
7197
7195
7193
7193
7192
7190
7190
7190
7190
7189
7187
7187
7187
7186
7186
7184
7182
7181
7181
7180
7180
7177
7176
7175
7175
7175
7174
7174
7173
7172
7172
7168
7166
7165
7165
7165
7162
7161
7160
7158
7157
7157
7157
7157
7155
7152
7152
7152
7151
7151
7150
7150
7150
7145
7145
7145
7144
7143
7141
7141
7139
7136
7135
7134
7133
7133
7133
7131
7131
7130
7128
7127
7125
7125
7125
7122
7120
7119
7118
7118
7117
7117
7116
7115
7113
7112
7112
7112
7110
7109
7105
7105
7103
7103
7096
7096
7096
7095
7094
7094
7094
7092
7091
7090
7089
7089
7085
7085
7082
7081
7081
7080
7079
7079
7079
7078
7078
7075
7074
7073
7073
7072
7071
7070
7070
7069
7067
7066
7066
7065
7065
7063
7062
7062
7059
7058
7058
7058
7056
7056
7056
7056
7055
7054
7053
7053
7052
7052
7051
7050
7049
7049
7048
7045
7045
7044
7044
7042
7041
7040
7039
7038
7036
7035
7035
7035
7032
7032
7032
7028
7028
7027
7027
7027
7022
7022
7021
7019
7016
7016
7015
7013
7011
7010
7008
7006
7006
7004
7003
7003
7001
7000
7000
7000
6999
6999
6998
6997
6997
6995
6994
6994
6994
6993
6992
6992
6990
6989
6988
6987
6984
6984
6982
6982
6980
6977
6976
6976
6976
6974
6970
6970
6970
6969
6965
6963
6962
6960
6960
6960
6959
6959
6959
6959
6958
6957
6957
6955
6955
6953
6953
6952
6952
6952
6951
6951
6951
6950
6950
6949
6948
6947
6947
6947
6947
6946
6944
6944
6943
6943
6941
6941
6941
6940
6939
6939
6938
6934
6931
6929
6928
6928
6928
6927
6926
6923
6923
6922
6919
6918
6918
6918
6917
6913
6912
6910
6909
6909
6908
6907
6907
6906
6903
6901
6900
6900
6900
6899
6898
6897
6897
6896
6895
6892
6890
6890
6888
6888
6888
6887
6886
6885
6884
6884
6882
6882
6881
6880
6880
6880
6880
6880
6880
6879
6879
6879
6878
6875
6874
6871
6871
6871
6870
6870
6868
6868
6868
6867
6867
6866
6863
6863
6861
6860
6859
6859
6858
6857
6857
6856
6854
6853
6853
6852
6849
6848
6847
6846
6845
6845
6843
6841
6841
6838
6837
6836
6834
6834
6832
6831
6831
6829
6829
6824
6824
6822
6822
6819
6818
6818
6816
6814
6814
6812
6812
6811
6810
6810
6810
6809
6807
6805
6803
6801
6801
6800
6800
6797
6791
6791
6791
6789
6788
6787
6786
6786
6786
6783
6783
6782
6782
6781
6779
6778
6778
6777
6777
6777
6776
6776
6776
6775
6774
6773
6773
6772
6769
6767
6766
6765
6765
6765
6762
6761
6760
6757
6756
6755
6753
6753
6752
6751
6750
6749
6745
6744
6742
6739
6739
6737
6737
6735
6735
6733
6731
6730
6730
6729
6728
6728
6724
6723
6723
6721
6721
6720
6720
6715
6714
6714
6713
6711
6711
6709
6706
6705
6702
6699
6698
6698
6696
6694
6693
6693
6693
6693
6692
6689
6686
6685
6685
6684
6684
6684
6682
6677
6674
6673
6671
6670
6670
6670
6669
6668
6667
6666
6665
6663
6662
6660
6658
6657
6657
6657
6657
6656
6655
6653
6652
6652
6651
6651
6651
6650
6647
6647
6646
6646
6645
6645
6643
6642
6641
6639
6638
6637
6637
6635
6634
6634
6630
6630
6630
6629
6629
6629
6627
6627
6627
6626
6625
6624
6624
6624
6623
6621
6619
6617
6616
6616
6616
6615
6614
6612
6611
6611
6610
6609
6609
6607
6606
6606
6606
6606
6605
6602
6602
6599
6599
6597
6597
6596
6595
6595
6593
6592
6591
6589
6588
6587
6587
6586
6585
6585
6584
6584
6583
6582
6580
6580
6580
6579
6577
6576
6575
6574
6573
6573
6573
6572
6572
6571
6571
6568
6568
6567
6567
6566
6565
6564
6563
6563
6562
6561
6561
6561
6559
6558
6557
6557
6556
6553
6550
6550
6550
6547
6546
6545
6545
6544
6544
6544
6542
6541
6541
6540
6536
6536
6534
6533
6533
6530
6530
6529
6527
6526
6525
6523
6523
6522
6520
6519
6517
6516
6516
6516
6514
6509
6509
6507
6506
6504
6500
6498
6498
6498
6494
6493
6491
6490
6489
6488
6486
6485
6485
6485
6483
6483
6482
6478
6475
6474
6472
6472
6471
6471
6471
6470
6468
6467
6465
6464
6464
6462
6459
6458
6458
6457
6457
6456
6456
6455
6454
6454
6451
6451
6449
6447
6445
6444
6443
6442
6441
6440
6439
6439
6439
6438
6438
6438
6437
6435
6434
6433
6433
6431
6430
6428
6426
6426
6426
6426
6426
6426
6425
6425
6425
6422
6422
6420
6420
6419
6418
6418
6418
6417
6415
6415
6415
6413
6412
6411
6411
6411
6411
6411
6410
6409
6409
6408
6408
6407
6407
6406
6404
6404
6403
6401
6401
6400
6400
6397
6397
6394
6394
6393
6393
6392
6392
6391
6391
6391
6390
6390
6390
6387
6387
6387
6385
6384
6383
6381
6379
6379
6378
6377
6376
6376
6376
6374
6374
6373
6373
6372
6371
6370
6369
6368
6367
6366
6366
6364
6364
6363
6362
6362
6362
6361
6361
6358
6357
6357
6357
6356
6355
6355
6354
6354
6354
6352
6350
6346
6346
6344
6343
6342
6342
6341
6341
6340
6339
6339
6339
6339
6337
6336
6336
6335
6335
6335
6334
6334
6334
6333
6331
6328
6325
6325
6324
6324
6321
6320
6320
6320
6320
6319
6319
6318
6317
6317
6317
6316
6315
6315
6314
6313
6313
6313
6312
6310
6310
6310
6309
6309
6308
6306
6305
6303
6301
6300
6300
6299
6297
6296
6295
6295
6292
6291
6291
6291
6290
6289
6289
6289
6288
6285
6284
6283
6282
6279
6278
6276
6276
6276
6275
6274
6274
6273
6272
6272
6271
6271
6269
6269
6268
6268
6268
6267
6266
6266
6265
6265
6264
6264
6262
6262
6261
6261
6260
6258
6257
6257
6256
6256
6255
6254
6253
6253
6251
6250
6249
6248
6247
6245
6243
6239
6238
6237
6235
6234
6232
6231
6231
6227
6224
6224
6224
6223
6222
6222
6222
6221
6221
6220
6218
6218
6217
6217
6217
6215
6212
6212
6210
6209
6207
6206
6205
6205
6203
6200
6200
6199
6198
6197
6197
6197
6194
6193
6193
6191
6190
6189
6189
6188
6188
6187
6186
6186
6185
6184
6179
6178
6178
6178
6176
6175
6175
6173
6173
6170
6169
6168
6167
6167
6166
6166
6165
6163
6163
6162
6161
6161
6160
6159
6159
6158
6157
6157
6155
6155
6154
6153
6153
6152
6152
6150
6150
6148
6147
6147
6146
6146
6144
6143
6141
6141
6139
6139
6135
6135
6134
6133
6133
6132
6131
6130
6129
6129
6129
6127
6125
6125
6124
6122
6121
6121
6120
6120
6119
6119
6118
6117
6115
6114
6114
6113
6112
6112
6111
6111
6110
6109
6108
6107
6106
6104
6102
6100
6098
6097
6095
6092
6091
6091
6090
6086
6084
6084
6083
6081
6079
6078
6077
6077
6076
6075
6074
6074
6074
6072
6072
6070
6069
6069
6066
6065
6064
6064
6064
6063
6061
6059
6058
6058
6055
6054
6054
6054
6054
6053
6052
6051
6048
6048
6047
6046
6046
6046
6040
6039
6039
6038
6037
6035
6033
6032
6031
6031
6029
6028
6027
6027
6026
6026
6026
6026
6024
6023
6022
6022
6020
6016
6014
6012
6012
6011
6011
6011
6010
6010
6006
6006
6004
6004
6003
6003
6002
6002
6001
6001
5998
5998
5995
5994
5994
5994
5994
5992
5990
5990
5990
5990
5989
5988
5988
5988
5988
5988
5988
5987
5986
5986
5984
5983
5982
5982
5981
5980
5979
5978
5976
5976
5975
5974
5973
5973
5972
5971
5970
5968
5968
5967
5966
5965
5964
5963
5963
5960
5960
5956
5954
5954
5953
5953
5952
5952
5952
5952
5951
5950
5949
5948
5948
5948
5947
5944
5944
5943
5943
5942
5937
5936
5935
5934
5933
5933
5929
5927
5926
5924
5923
5921
5920
5920
5919
5919
5918
5918
5918
5917
5917
5916
5913
5911
5910
5909
5909
5908
5908
5908
5905
5902
5902
5902
5898
5897
5896
5893
5892
5892
5890
5887
5887
5886
5886
5886
5885
5885
5885
5884
5883
5883
5882
5882
5879
5878
5878
5875
5874
5874
5874
5873
5873
5872
5868
5867
5863
5863
5863
5863
5862
5859
5858
5858
5857
5857
5857
5857
5856
5856
5854
5854
5854
5853
5852
5850
5849
5846
5844
5843
5842
5842
5842
5841
5839
5838
5837
5837
5837
5836
5836
5834
5833
5832
5831
5831
5828
5827
5827
5824
5823
5822
5822
5818
5818
5816
5814
5814
5813
5812
5807
5807
5806
5806
5805
5802
5802
5801
5800
5798
5797
5796
5794
5791
5791
5788
5788
5787
5787
5786
5786
5784
5783
5783
5780
5780
5776
5776
5775
5773
5773
5773
5772
5771
5768
5767
5766
5764
5761
5758
5758
5756
5756
5756
5752
5752
5750
5749
5747
5746
5745
5744
5743
5743
5743
5743
5742
5739
5739
5738
5738
5738
5737
5737
5736
5735
5734
5733
5732
5731
5730
5727
5727
5726
5726
5725
5723
5720
5720
5718
5718
5717
5716
5715
5715
5713
5712
5708
5708
5707
5703
5703
5703
5702
5702
5700
5700
5699
5699
5699
5698
5698
5698
5697
5696
5695
5693
5691
5690
5689
5689
5687
5685
5685
5685
5684
5682
5682
5679
5678
5675
5675
5675
5674
5674
5673
5673
5672
5671
5671
5671
5671
5671
5670
5668
5668
5666
5665
5665
5664
5664
5664
5663
5660
5658
5657
5657
5655
5655
5654
5653
5652
5650
5649
5648
5647
5646
5642
5641
5639
5639
5636
5636
5636
5635
5635
5635
5635
5634
5633
5630
5629
5628
5626
5625
5624
5624
5623
5623
5623
5622
5621
5621
5618
5616
5615
5614
5614
5614
5614
5613
5612
5612
5610
5609
5609
5604
5600
5598
5598
5596
5595
5594
5594
5594
5593
5593
5592
5592
5591
5591
5590
5588
5588
5587
5587
5587
5586
5586
5586
5585
5585
5584
5584
5583
5581
5578
5578
5578
5578
5578
5574
5573
5572
5571
5571
5570
5570
5570
5569
5569
5567
5565
5564
5563
5563
5563
5562
5562
5561
5561
5560
5560
5559
5559
5558
5558
5558
5557
5557
5556
5555
5555
5553
5548
5547
5546
5546
5546
5545
5538
5538
5537
5537
5535
5534
5532
5532
5531
5531
5530
5530
5530
5527
5527
5527
5526
5524
5522
5522
5522
5520
5518
5518
5517
5516
5515
5515
5513
5510
5509
5508
5507
5506
5505
5504
5501
5500
5500
5500
5498
5498
5497
5496
5495
5494
5494
5493
5490
5489
5489
5489
5489
5489
5489
5488
5488
5487
5485
5484
5484
5483
5483
5483
5483
5481
5480
5480
5479
5476
5476
5472
5470
5469
5469
5469
5469
5466
5466
5466
5464
5461
5461
5461
5461
5460
5460
5460
5458
5451
5449
5448
5448
5447
5444
5442
5440
5440
5440
5437
5437
5435
5433
5433
5432
5431
5431
5431
5429
5428
5427
5427
5427
5426
5426
5426
5424
5424
5423
5422
5422
5421
5421
5417
5416
5413
5413
5413
5413
5412
5411
5411
5409
5409
5408
5408
5407
5405
5404
5404
5402
5401
5401
5400
5399
5398
5396
5395
5394
5391
5390
5390
5390
5390
5390
5388
5387
5387
5387
5387
5384
5382
5382
5382
5382
5379
5377
5376
5375
5375
5374
5371
5371
5370
5367
5367
5364
5363
5361
5361
5356
5355
5355
5354
5352
5351
5349
5348
5347
5343
5343
5340
5340
5340
5338
5337
5336
5336
5336
5336
5335
5335
5335
5332
5332
5331
5330
5330
5329
5328
5325
5324
5324
5323
5322
5321
5321
5318
5317
5309
5308
5308
5307
5307
5305
5303
5302
5299
5297
5294
5293
5290
5289
5289
5287
5285
5285
5285
5284
5284
5282
5280
5279
5279
5278
5271
5271
5271
5270
5270
5269
5269
5269
5268
5265
5263
5260
5260
5258
5256
5253
5249
5248
5247
5246
5246
5245
5245
5244
5243
5241
5237
5237
5233
5230
5230
5230
5230
5229
5228
5228
5228
5225
5225
5225
5225
5225
5224
5224
5222
5221
5221
5221
5221
5220
5218
5215
5215
5214
5214
5213
5213
5211
5211
5210
5209
5209
5208
5206
5204
5203
5202
5201
5200
5200
5199
5197
5196
5194
5194
5193
5193
5193
5190
5188
5188
5188
5187
5184
5184
5177
5177
5176
5176
5175
5174
5172
5169
5166
5162
5161
5160
5159
5159
5157
5155
5154
5153
5150
5149
5148
5148
5148
5147
5145
5144
5144
5144
5143
5142
5141
5139
5138
5137
5137
5137
5137
5136
5135
5135
5134
5131
5130
5130
5130
5130
5129
5129
5128
5128
5127
5127
5126
5124
5123
5123
5123
5121
5121
5120
5119
5119
5119
5118
5118
5116
5113
5111
5110
5109
5106
5105
5105
5105
5104
5103
5101
5101
5099
5099
5099
5098
5098
5097
5095
5092
5092
5091
5091
5089
5089
5087
5085
5083
5082
5082
5078
5077
5076
5075
5075
5075
5074
5074
5073
5072
5072
5071
5069
5068
5066
5066
5064
5064
5064
5063
5062
5059
5059
5055
5054
5054
5052
5051
5050
5050
5049
5049
5049
5049
5048
5047
5046
5045
5045
5044
5043
5043
5043
5042
5042
5042
5042
5040
5039
5036
5036
5033
5031
5030
5029
5028
5026
5026
5024
5024
5023
5023
5021
5020
5019
5018
5018
5017
5016
5014
5014
5007
5005
5005
5004
5004
5003
4999
4998
4998
4995
4994
4992
4992
4990
4989
4989
4988
4987
4987
4987
4985
4984
4983
4983
4982
4982
4982
4982
4981
4980
4980
4977
4976
4976
4975
4972
4972
4971
4971
4969
4968
4967
4966
4966
4965
4964
4964
4964
4963
4963
4963
4962
4961
4960
4959
4959
4958
4958
4957
4955
4954
4952
4951
4951
4951
4949
4949
4949
4948
4947
4947
4947
4946
4945
4943
4941
4939
4939
4939
4938
4938
4938
4937
4937
4936
4936
4935
4933
4933
4931
4930
4930
4925
4923
4923
4922
4921
4921
4920
4919
4918
4916
4916
4915
4912
4911
4909
4909
4908
4908
4907
4906
4905
4904
4903
4902
4900
4900
4898
4898
4897
4896
4896
4895
4895
4894
4894
4893
4892
4892
4892
4889
4889
4888
4887
4885
4884
4882
4881
4879
4877
4877
4875
4874
4873
4873
4871
4871
4870
4870
4870
4870
4869
4869
4868
4867
4866
4863
4861
4861
4860
4860
4859
4859
4859
4856
4855
4854
4854
4853
4852
4852
4850
4850
4850
4850
4849
4845
4845
4845
4843
4843
4841
4840
4839
4838
4838
4837
4836
4835
4835
4834
4832
4832
4831
4830
4827
4825
4825
4825
4824
4823
4823
4822
4821
4820
4817
4817
4816
4814
4814
4812
4810
4809
4806
4805
4804
4803
4802
4800
4799
4797
4795
4791
4791
4790
4787
4787
4786
4786
4784
4783
4782
4779
4779
4778
4777
4777
4776
4775
4775
4774
4771
4771
4771
4770
4767
4763
4762
4760
4759
4759
4758
4757
4756
4756
4755
4755
4753
4750
4749
4746
4745
4743
4743
4743
4743
4743
4742
4741
4740
4738
4738
4737
4736
4736
4735
4734
4733
4732
4732
4731
4730
4730
4730
4729
4728
4728
4728
4723
4721
4721
4721
4720
4717
4717
4717
4716
4716
4713
4710
4710
4708
4708
4708
4708
4707
4707
4706
4705
4705
4703
4703
4702
4698
4697
4696
4696
4695
4695
4691
4690
4690
4690
4686
4686
4685
4685
4678
4678
4678
4677
4674
4674
4673
4672
4672
4670
4669
4669
4667
4666
4666
4663
4662
4662
4661
4660
4660
4659
4656
4655
4653
4653
4652
4650
4647
4647
4647
4646
4646
4645
4638
4637
4636
4635
4634
4631
4631
4631
4630
4630
4630
4627
4626
4626
4626
4624
4622
4621
4621
4620
4620
4619
4619
4619
4619
4618
4618
4616
4616
4615
4615
4615
4614
4614
4614
4613
4613
4611
4611
4610
4610
4608
4607
4607
4606
4605
4605
4602
4601
4600
4600
4599
4598
4598
4597
4592
4592
4592
4590
4587
4585
4584
4584
4583
4582
4581
4580
4580
4579
4579
4577
4577
4577
4576
4575
4574
4573
4571
4570
4570
4569
4569
4566
4565
4563
4563
4562
4562
4561
4561
4561
4561
4560
4559
4557
4551
4550
4547
4546
4545
4544
4543
4541
4540
4539
4538
4535
4534
4533
4531
4530
4529
4529
4529
4528
4526
4526
4525
4525
4522
4521
4517
4516
4515
4514
4514
4514
4514
4513
4513
4512
4512
4510
4510
4509
4509
4506
4505
4505
4501
4499
4498
4497
4497
4493
4493
4492
4492
4490
4489
4486
4484
4483
4483
4483
4482
4480
4479
4477
4476
4475
4475
4474
4474
4474
4474
4473
4473
4469
4468
4468
4468
4465
4464
4464
4463
4462
4462
4460
4460
4458
4452
4448
4447
4444
4444
4443
4442
4442
4441
4440
4440
4440
4439
4439
4437
4434
4433
4432
4431
4431
4430
4430
4430
4429
4428
4428
4428
4427
4427
4426
4426
4426
4425
4425
4423
4422
4420
4420
4419
4419
4414
4414
4412
4411
4410
4409
4408
4407
4406
4406
4406
4405
4404
4404
4404
4402
4402
4401
4398
4396
4396
4396
4396
4395
4395
4392
4392
4391
4389
4388
4386
4384
4384
4384
4377
4376
4375
4375
4374
4373
4372
4367
4367
4365
4363
4362
4362
4360
4360
4359
4359
4359
4358
4358
4357
4356
4356
4356
4356
4355
4352
4349
4349
4347
4347
4346
4346
4346
4345
4345
4344
4342
4342
4342
4341
4341
4341
4340
4339
4339
4338
4337
4336
4335
4332
4332
4331
4330
4330
4329
4329
4326
4324
4324
4323
4322
4321
4319
4319
4317
4316
4315
4311
4311
4310
4310
4310
4308
4307
4307
4307
4307
4306
4305
4305
4304
4302
4300
4299
4299
4294
4293
4292
4292
4291
4291
4290
4289
4289
4288
4287
4286
4285
4284
4284
4283
4283
4283
4282
4282
4280
4279
4279
4278
4278
4278
4277
4276
4276
4271
4270
4269
4266
4265
4264
4262
4261
4259
4259
4258
4258
4258
4253
4253
4252
4252
4251
4250
4249
4248
4246
4241
4240
4240
4240
4236
4235
4234
4233
4230
4228
4226
4224
4223
4222
4221
4221
4219
4218
4215
4213
4212
4212
4211
4211
4211
4210
4210
4209
4208
4208
4208
4207
4207
4204
4202
4200
4197
4197
4196
4196
4195
4195
4195
4193
4193
4192
4192
4192
4190
4190
4188
4188
4187
4186
4185
4184
4183
4183
4181
4181
4179
4179
4177
4177
4176
4175
4175
4174
4171
4171
4170
4168
4167
4167
4167
4165
4165
4163
4163
4161
4161
4160
4159
4159
4158
4157
4157
4156
4152
4149
4149
4145
4144
4144
4143
4142
4142
4140
4138
4138
4136
4136
4136
4132
4132
4131
4130
4130
4130
4128
4127
4126
4125
4125
4125
4123
4123
4121
4121
4120
4120
4119
4118
4118
4118
4118
4116
4115
4115
4112
4112
4112
4111
4110
4110
4110
4108
4107
4107
4106
4105
4104
4103
4098
4098
4097
4097
4097
4096
4095
4094
4094
4094
4093
4092
4091
4091
4091
4091
4090
4088
4088
4087
4085
4084
4084
4083
4083
4083
4082
4079
4078
4078
4077
4077
4076
4076
4076
4076
4075
4073
4072
4071
4070
4070
4070
4066
4062
4062
4062
4058
4058
4056
4054
4054
4053
4050
4050
4050
4049
4048
4046
4044
4043
4043
4041
4040
4038
4038
4037
4035
4033
4032
4032
4031
4030
4028
4027
4027
4024
4024
4022
4022
4021
4020
4018
4017
4015
4015
4014
4013
4013
4013
4013
4012
4011
4009
4009
4009
4009
4008
4008
4007
4006
4005
4004
4003
4003
4002
4001
3998
3996
3995
3995
3993
3993
3992
3992
3991
3990
3987
3986
3984
3982
3981
3980
3979
3978
3977
3976
3974
3973
3972
3970
3966
3965
3965
3964
3964
3964
3963
3962
3956
3954
3953
3952
3951
3949
3949
3949
3948
3948
3948
3948
3947
3946
3945
3944
3944
3943
3942
3938
3936
3936
3934
3933
3932
3932
3931
3930
3930
3927
3927
3926
3923
3923
3922
3920
3920
3918
3918
3917
3917
3916
3916
3915
3915
3915
3914
3914
3913
3913
3912
3911
3910
3910
3909
3909
3907
3906
3905
3904
3902
3902
3901
3901
3899
3899
3899
3898
3897
3895
3894
3893
3891
3891
3889
3887
3886
3886
3883
3882
3882
3881
3880
3880
3879
3879
3879
3878
3877
3876
3874
3874
3872
3871
3870
3869
3868
3868
3868
3867
3863
3863
3863
3863
3863
3863
3861
3861
3860
3860
3860
3860
3855
3852
3850
3849
3847
3847
3846
3846
3843
3842
3842
3841
3841
3840
3840
3838
3838
3837
3836
3835
3835
3834
3832
3831
3830
3828
3826
3825
3825
3825
3824
3824
3824
3823
3819
3819
3818
3818
3817
3816
3816
3815
3814
3814
3811
3810
3809
3808
3806
3806
3805
3804
3801
3800
3800
3800
3800
3799
3798
3798
3798
3797
3797
3795
3795
3794
3793
3793
3792
3791
3790
3789
3786
3785
3783
3782
3780
3780
3779
3778
3777
3777
3777
3775
3775
3775
3773
3772
3772
3771
3769
3767
3766
3766
3765
3764
3762
3756
3756
3755
3754
3753
3752
3751
3751
3751
3751
3750
3750
3749
3749
3747
3746
3746
3745
3744
3743
3743
3741
3740
3738
3737
3736
3735
3735
3735
3735
3727
3726
3724
3723
3723
3721
3721
3720
3720
3717
3713
3711
3711
3710
3710
3708
3708
3708
3707
3703
3702
3699
3699
3699
3698
3698
3698
3696
3695
3694
3694
3694
3693
3693
3693
3692
3691
3691
3689
3689
3687
3687
3686
3686
3684
3684
3683
3682
3681
3681
3681
3681
3680
3680
3680
3679
3679
3676
3676
3675
3674
3674
3674
3673
3672
3672
3672
3672
3671
3671
3670
3669
3668
3667
3667
3666
3666
3666
3665
3665
3663
3663
3663
3662
3661
3661
3659
3659
3659
3657
3655
3651
3651
3649
3649
3647
3645
3641
3640
3639
3638
3638
3637
3637
3636
3636
3635
3634
3633
3630
3627
3627
3626
3622
3621
3619
3619
3618
3617
3616
3614
3614
3611
3610
3610
3608
3607
3605
3604
3604
3603
3603
3603
3603
3602
3602
3601
3600
3600
3598
3597
3596
3596
3593
3593
3592
3592
3592
3591
3591
3591
3590
3589
3589
3589
3588
3587
3586
3586
3586
3585
3583
3580
3578
3577
3574
3574
3573
3570
3570
3569
3569
3569
3568
3568
3566
3565
3565
3563
3563
3562
3561
3560
3560
3560
3559
3554
3554
3553
3552
3552
3551
3550
3550
3549
3549
3549
3548
3547
3547
3547
3546
3544
3543
3543
3543
3542
3539
3536
3536
3535
3533
3533
3532
3532
3530
3530
3526
3525
3525
3524
3522
3520
3519
3518
3518
3518
3516
3516
3513
3513
3513
3512
3510
3509
3508
3508
3508
3507
3506
3506
3504
3504
3503
3503
3500
3500
3499
3499
3499
3498
3497
3496
3495
3495
3493
3493
3492
3491
3491
3489
3489
3488
3488
3487
3486
3486
3485
3484
3484
3484
3482
3482
3482
3481
3480
3480
3479
3477
3476
3475
3473
3470
3469
3468
3467
3467
3466
3466
3465
3464
3464
3464
3463
3462
3462
3462
3460
3459
3458
3458
3458
3458
3453
3453
3452
3452
3452
3452
3450
3449
3449
3446
3446
3446
3445
3442
3441
3438
3438
3438
3438
3438
3437
3436
3436
3435
3434
3434
3433
3430
3430
3427
3427
3427
3426
3420
3420
3420
3420
3419
3418
3418
3417
3415
3414
3414
3412
3411
3410
3410
3410
3408
3405
3404
3403
3403
3403
3402
3402
3399
3399
3398
3397
3396
3396
3395
3393
3393
3393
3392
3392
3391
3389
3389
3389
3388
3387
3387
3385
3384
3383
3383
3383
3382
3380
3379
3378
3378
3378
3377
3377
3373
3369
3368
3368
3368
3368
3367
3366
3365
3364
3363
3363
3361
3361
3360
3358
3358
3358
3357
3356
3356
3355
3353
3353
3351
3351
3350
3349
3348
3346
3345
3345
3344
3342
3340
3339
3339
3338
3337
3335
3334
3334
3334
3334
3333
3332
3331
3331
3331
3330
3329
3329
3329
3326
3325
3324
3324
3322
3321
3320
3320
3318
3317
3317
3317
3314
3311
3311
3310
3310
3309
3308
3308
3306
3305
3304
3301
3301
3299
3298
3297
3297
3296
3292
3285
3285
3284
3284
3283
3282
3282
3281
3281
3280
3280
3279
3279
3279
3276
3276
3276
3274
3274
3274
3273
3271
3269
3269
3268
3267
3267
3267
3266
3265
3264
3261
3261
3261
3259
3258
3258
3257
3257
3257
3256
3255
3255
3255
3254
3254
3253
3251
3250
3248
3248
3247
3246
3245
3244
3244
3243
3243
3243
3242
3242
3241
3240
3240
3240
3240
3238
3237
3235
3233
3231
3229
3229
3229
3228
3227
3226
3224
3224
3224
3222
3222
3219
3219
3218
3218
3217
3217
3216
3216
3215
3214
3212
3212
3212
3211
3209
3209
3209
3208
3206
3206
3205
3205
3204
3203
3203
3203
3203
3202
3202
3200
3199
3199
3199
3199
3197
3196
3196
3193
3193
3192
3191
3191
3191
3190
3190
3190
3189
3188
3187
3185
3184
3182
3182
3181
3180
3180
3179
3178
3171
3171
3171
3170
3170
3170
3169
3166
3162
3161
3161
3160
3158
3153
3151
3151
3151
3151
3151
3149
3148
3144
3143
3143
3142
3142
3141
3141
3140
3139
3137
3132
3132
3131
3130
3130
3129
3129
3129
3128
3127
3126
3126
3126
3125
3125
3125
3125
3124
3123
3122
3122
3122
3121
3121
3120
3119
3118
3118
3117
3116
3116
3115
3115
3113
3113
3111
3110
3108
3107
3106
3106
3106
3104
3104
3103
3103
3102
3102
3102
3101
3101
3101
3099
3098
3098
3097
3097
3094
3092
3091
3090
3087
3086
3086
3082
3082
3081
3080
3080
3078
3077
3077
3076
3071
3070
3070
3070
3070
3069
3067
3066
3066
3064
3063
3062
3062
3061
3061
3059
3059
3057
3057
3053
3053
3053
3051
3051
3050
3050
3043
3042
3040
3039
3037
3037
3036
3036
3033
3033
3032
3032
3031
3030
3029
3028
3028
3027
3026
3024
3021
3020
3020
3019
3019
3018
3018
3017
3015
3014
3014
3014
3014
3009
3009
3009
3009
3007
3005
3005
3004
3004
3004
3003
3002
3000
3000
3000
2999
2999
2997
2996
2992
2992
2990
2990
2989
2989
2988
2988
2987
2985
2984
2981
2980
2979
2977
2977
2975
2975
2975
2974
2973
2972
2970
2970
2969
2968
2968
2968
2966
2965
2965
2963
2963
2962
2962
2961
2960
2959
2957
2956
2955
2954
2954
2951
2951
2949
2949
2948
2948
2948
2944
2944
2942
2941
2939
2937
2936
2936
2933
2932
2932
2931
2931
2930
2929
2929
2926
2925
2923
2922
2922
2921
2921
2920
2919
2919
2917
2909
2909
2907
2906
2906
2905
2901
2895
2894
2892
2891
2889
2889
2888
2888
2887
2883
2882
2880
2879
2879
2875
2871
2868
2868
2868
2867
2867
2866
2866
2865
2865
2864
2863
2862
2862
2862
2861
2857
2856
2855
2852
2851
2851
2851
2851
2845
2845
2844
2839
2838
2836
2836
2836
2836
2835
2834
2834
2834
2834
2832
2832
2831
2831
2831
2828
2828
2826
2825
2824
2824
2822
2821
2821
2820
2820
2820
2818
2815
2814
2814
2813
2812
2811
2809
2809
2808
2807
2804
2803
2803
2801
2800
2800
2798
2798
2797
2797
2795
2795
2794
2791
2787
2784
2784
2783
2782
2782
2779
2779
2778
2777
2776
2776
2775
2775
2775
2775
2774
2773
2772
2771
2769
2768
2767
2765
2764
2763
2759
2759
2758
2758
2757
2755
2752
2752
2750
2749
2748
2748
2747
2746
2745
2744
2744
2743
2742
2739
2738
2737
2736
2735
2734
2733
2733
2731
2730
2726
2726
2725
2725
2724
2724
2722
2722
2721
2720
2720
2719
2719
2719
2717
2717
2716
2716
2712
2712
2709
2706
2704
2703
2703
2702
2701
2701
2701
2699
2699
2699
2698
2698
2698
2697
2695
2694
2694
2693
2692
2691
2690
2690
2690
2688
2686
2682
2682
2681
2681
2679
2679
2677
2675
2674
2674
2673
2673
2673
2670
2669
2668
2668
2668
2667
2666
2666
2666
2665
2665
2665
2664
2662
2660
2659
2659
2657
2657
2655
2654
2654
2653
2653
2652
2651
2650
2650
2649
2649
2648
2647
2645
2643
2643
2642
2641
2639
2639
2638
2637
2637
2635
2635
2634
2634
2633
2632
2630
2630
2629
2629
2629
2628
2628
2627
2626
2625
2623
2622
2622
2622
2621
2621
2620
2620
2619
2619
2616
2615
2614
2614
2614
2611
2611
2611
2608
2607
2606
2605
2604
2603
2603
2603
2602
2602
2602
2598
2597
2596
2596
2595
2595
2591
2590
2589
2588
2586
2585
2585
2580
2579
2578
2578
2576
2575
2574
2572
2572
2572
2571
2570
2570
2569
2568
2568
2567
2567
2566
2566
2565
2564
2562
2562
2561
2560
2559
2559
2556
2556
2554
2553
2553
2552
2552
2552
2551
2551
2550
2550
2550
2550
2550
2546
2546
2545
2542
2541
2540
2539
2539
2539
2539
2538
2537
2536
2535
2534
2534
2533
2531
2530
2530
2529
2529
2529
2528
2528
2527
2526
2526
2525
2524
2522
2521
2520
2520
2519
2518
2518
2516
2515
2514
2514
2512
2512
2511
2511
2510
2509
2509
2509
2509
2507
2507
2507
2505
2504
2503
2502
2500
2500
2498
2498
2496
2495
2495
2493
2493
2492
2491
2487
2487
2487
2486
2486
2486
2486
2485
2482
2480
2476
2474
2474
2471
2469
2469
2468
2467
2466
2464
2461
2459
2459
2458
2458
2456
2455
2455
2453
2452
2451
2451
2450
2450
2446
2444
2443
2443
2442
2442
2440
2440
2440
2439
2438
2438
2438
2438
2436
2436
2435
2433
2432
2431
2431
2431
2431
2430
2428
2427
2427
2427
2426
2426
2424
2422
2422
2421
2421
2421
2420
2419
2419
2418
2418
2413
2412
2412
2412
2411
2410
2410
2409
2409
2408
2407
2407
2406
2403
2401
2401
2400
2400
2400
2399
2396
2392
2391
2387
2387
2386
2386
2384
2383
2381
2379
2376
2375
2374
2372
2371
2369
2368
2366
2364
2364
2362
2362
2362
2358
2358
2357
2357
2356
2355
2355
2355
2355
2353
2352
2352
2350
2348
2348
2347
2346
2345
2345
2343
2341
2341
2341
2340
2340
2338
2336
2336
2335
2335
2335
2334
2333
2333
2333
2331
2330
2330
2329
2329
2327
2327
2326
2325
2324
2324
2323
2320
2318
2316
2314
2311
2311
2310
2309
2309
2309
2309
2305
2305
2303
2303
2303
2301
2300
2300
2299
2298
2298
2295
2295
2294
2291
2289
2289
2287
2285
2284
2284
2283
2279
2278
2278
2278
2276
2275
2274
2274
2273
2273
2272
2272
2272
2272
2271
2267
2266
2265
2264
2264
2263
2263
2262
2261
2257
2256
2254
2252
2252
2251
2250
2249
2247
2246
2245
2244
2243
2242
2242
2241
2240
2238
2238
2238
2237
2236
2236
2236
2234
2233
2233
2232
2230
2227
2226
2225
2224
2222
2222
2221
2220
2219
2218
2218
2217
2215
2215
2213
2212
2212
2211
2210
2207
2206
2205
2205
2203
2203
2202
2202
2201
2201
2200
2196
2195
2193
2187
2184
2182
2181
2181
2181
2177
2177
2176
2174
2173
2173
2172
2170
2169
2169
2169
2169
2168
2167
2166
2166
2165
2163
2163
2162
2162
2157
2156
2156
2156
2153
2152
2151
2150
2148
2148
2148
2147
2147
2145
2145
2145
2143
2142
2142
2142
2140
2139
2137
2137
2135
2135
2133
2132
2132
2132
2129
2128
2128
2127
2126
2126
2125
2124
2124
2124
2124
2123
2123
2122
2121
2121
2120
2120
2120
2119
2119
2117
2117
2117
2115
2115
2115
2112
2111
2109
2108
2107
2106
2100
2098
2098
2097
2097
2097
2097
2095
2093
2093
2092
2092
2090
2089
2088
2087
2086
2085
2084
2079
2078
2076
2075
2075
2075
2074
2074
2074
2074
2073
2071
2070
2068
2068
2067
2065
2064
2061
2061
2061
2060
2056
2055
2054
2054
2054
2053
2053
2052
2052
2052
2052
2052
2051
2051
2050
2049
2048
2046
2046
2045
2045
2044
2044
2042
2040
2040
2036
2036
2036
2035
2032
2032
2031
2028
2026
2024
2023
2021
2020
2017
2016
2014
2014
2010
2010
2008
2007
2007
2006
2006
2005
2005
2005
2002
2002
2000
2000
1999
1998
1997
1997
1995
1995
1993
1992
1987
1987
1987
1986
1985
1985
1984
1983
1983
1982
1982
1980
1980
1980
1978
1974
1973
1973
1971
1971
1971
1970
1970
1970
1969
1969
1966
1966
1965
1964
1963
1963
1959
1959
1958
1958
1957
1957
1956
1955
1954
1954
1954
1952
1952
1952
1949
1948
1947
1946
1945
1943
1942
1941
1940
1937
1934
1934
1933
1933
1932
1932
1930
1930
1930
1927
1926
1924
1923
1919
1919
1917
1915
1914
1914
1913
1913
1912
1910
1910
1908
1905
1905
1904
1904
1904
1903
1902
1902
1900
1900
1899
1899
1898
1897
1896
1894
1893
1892
1890
1889
1889
1888
1887
1885
1885
1884
1882
1882
1882
1881
1881
1877
1877
1876
1876
1876
1874
1873
1871
1871
1869
1869
1866
1866
1865
1865
1865
1864
1864
1863
1863
1862
1861
1860
1860
1858
1858
1858
1857
1857
1857
1856
1855
1855
1855
1855
1854
1854
1853
1852
1852
1851
1851
1850
1845
1844
1842
1841
1841
1839
1838
1836
1836
1836
1834
1834
1831
1831
1830
1829
1828
1828
1827
1827
1827
1827
1826
1826
1823
1823
1822
1822
1822
1820
1820
1819
1819
1819
1816
1815
1812
1811
1811
1810
1808
1806
1806
1799
1799
1797
1797
1795
1794
1794
1793
1793
1790
1790
1789
1788
1787
1785
1783
1782
1782
1780
1780
1780
1780
1779
1779
1776
1775
1774
1773
1773
1772
1770
1770
1770
1770
1769
1768
1764
1762
1761
1761
1760
1757
1757
1756
1756
1755
1755
1753
1753
1753
1751
1750
1750
1749
1747
1746
1744
1743
1742
1742
1741
1740
1739
1739
1738
1738
1735
1735
1733
1731
1731
1731
1730
1729
1729
1728
1728
1727
1726
1726
1725
1724
1723
1721
1721
1719
1717
1716
1716
1716
1715
1715
1713
1713
1711
1711
1709
1709
1707
1705
1705
1704
1704
1703
1699
1699
1697
1697
1697
1696
1696
1695
1693
1689
1689
1688
1686
1686
1684
1683
1683
1683
1682
1682
1681
1678
1678
1677
1677
1676
1676
1675
1674
1673
1673
1673
1673
1672
1668
1668
1667
1667
1666
1666
1663
1662
1662
1661
1658
1656
1656
1655
1654
1652
1652
1652
1650
1649
1648
1648
1648
1647
1647
1647
1646
1645
1644
1644
1644
1642
1637
1635
1634
1634
1631
1631
1628
1627
1627
1622
1622
1622
1619
1619
1618
1617
1617
1616
1616
1615
1615
1613
1613
1611
1611
1611
1610
1610
1609
1609
1609
1608
1607
1606
1605
1605
1603
1599
1598
1594
1593
1593
1592
1592
1591
1591
1591
1589
1589
1588
1586
1584
1583
1583
1582
1579
1579
1578
1577
1576
1576
1575
1575
1574
1574
1573
1573
1572
1570
1570
1569
1567
1566
1564
1563
1563
1563
1562
1562
1561
1560
1559
1558
1558
1556
1556
1554
1552
1550
1550
1549
1547
1547
1546
1546
1544
1542
1542
1540
1539
1539
1539
1538
1537
1537
1537
1537
1537
1535
1532
1532
1532
1530
1528
1527
1526
1524
1521
1521
1520
1520
1519
1518
1517
1517
1516
1516
1515
1515
1514
1514
1512
1512
1511
1511
1510
1507
1505
1504
1503
1503
1503
1502
1502
1500
1500
1499
1498
1498
1497
1497
1496
1496
1493
1492
1491
1491
1491
1490
1490
1490
1488
1486
1485
1483
1482
1481
1481
1479
1478
1478
1478
1478
1477
1475
1473
1473
1473
1473
1473
1471
1471
1470
1467
1467
1467
1463
1460
1460
1460
1459
1459
1458
1457
1456
1456
1455
1454
1454
1453
1451
1451
1449
1447
1447
1447
1447
1444
1444
1441
1438
1438
1435
1434
1433
1433
1432
1432
1429
1427
1426
1424
1423
1421
1421
1420
1417
1417
1417
1416
1416
1414
1414
1414
1412
1411
1411
1410
1409
1408
1408
1407
1407
1405
1405
1403
1402
1402
1398
1397
1397
1397
1396
1396
1391
1389
1389
1387
1387
1385
1385
1384
1384
1381
1381
1380
1377
1377
1375
1372
1369
1366
1366
1366
1366
1365
1364
1364
1364
1362
1362
1362
1362
1362
1362
1362
1361
1360
1360
1360
1359
1355
1354
1354
1353
1352
1352
1351
1351
1350
1350
1349
1348
1346
1345
1344
1344
1344
1343
1341
1341
1340
1339
1338
1337
1336
1336
1336
1335
1335
1334
1334
1333
1333
1332
1332
1332
1330
1329
1328
1327
1327
1327
1324
1323
1323
1320
1319
1319
1316
1314
1314
1313
1312
1311
1311
1310
1309
1306
1306
1304
1301
1301
1299
1298
1296
1296
1296
1294
1294
1292
1291
1291
1290
1290
1290
1289
1288
1283
1283
1281
1280
1275
1275
1275
1273
1272
1271
1269
1267
1267
1267
1266
1264
1263
1261
1260
1260
1260
1260
1259
1259
1258
1257
1256
1256
1255
1255
1255
1253
1249
1249
1246
1245
1245
1245
1244
1244
1242
1242
1237
1237
1236
1235
1235
1233
1233
1232
1232
1231
1231
1230
1230
1230
1229
1227
1226
1225
1224
1223
1222
1218
1218
1216
1215
1215
1214
1213
1212
1211
1208
1207
1206
1204
1202
1201
1201
1199
1199
1199
1197
1196
1196
1195
1195
1194
1193
1193
1190
1189
1188
1188
1188
1187
1185
1183
1180
1179
1179
1178
1177
1176
1176
1175
1175
1172
1171
1170
1169
1168
1167
1167
1166
1165
1163
1162
1162
1162
1161
1160
1158
1157
1153
1153
1152
1152
1152
1152
1151
1151
1150
1150
1150
1147
1146
1145
1141
1137
1137
1135
1134
1132
1132
1128
1127
1124
1123
1122
1122
1122
1121
1121
1120
1120
1120
1118
1118
1118
1113
1113
1112
1111
1109
1109
1108
1107
1107
1107
1105
1103
1102
1102
1099
1097
1096
1095
1094
1093
1093
1092
1092
1090
1089
1089
1088
1088
1086
1083
1083
1082
1080
1078
1078
1077
1077
1076
1076
1075
1070
1070
1067
1067
1066
1063
1061
1060
1060
1059
1059
1058
1057
1057
1057
1057
1055
1055
1055
1055
1053
1052
1050
1050
1049
1048
1047
1044
1044
1044
1043
1042
1042
1040
1039
1037
1037
1036
1035
1035
1035
1034
1033
1031
1031
1031
1029
1029
1028
1026
1024
1023
1023
1022
1019
1014
1012
1011
1008
1008
1006
1005
1004
1003
1003
1002
1001
1001
1001
1000
1000
1000
998
996
996
994
994
994
994
993
993
989
988
986
985
984
984
984
982
982
981
980
978
978
977
976
976
974
973
973
973
972
972
972
969
969
968
965
965
965
962
960
959
958
958
954
952
951
951
951
950
949
949
948
948
944
943
943
942
941
940
940
940
939
939
939
938
938
938
937
936
934
934
931
931
931
930
929
927
924
923
919
918
916
916
915
913
912
912
911
911
907
907
906
904
904
902
902
902
896
895
895
894
893
892
891
889
889
886
885
885
885
883
883
882
882
882
879
878
877
875
874
873
872
872
871
871
870
865
864
861
861
857
857
853
852
852
850
849
847
846
845
844
844
844
843
841
841
840
839
838
837
837
837
835
834
833
833
831
830
829
826
825
825
824
821
821
821
821
818
818
817
817
817
817
817
816
815
815
811
810
810
810
810
807
804
804
803
802
799
798
798
797
796
795
794
793
793
793
791
791
789
788
787
787
786
786
785
784
784
783
782
782
781
781
780
778
777
775
770
769
769
768
767
767
767
762
761
760
759
757
756
755
755
754
753
752
752
751
750
750
749
749
747
746
746
746
743
742
741
740
739
738
738
737
737
737
737
734
733
731
730
728
727
727
726
723
721
720
720
720
719
719
717
717
716
714
709
709
709
708
706
705
702
701
699
697
697
695
692
691
689
689
689
686
684
684
683
680
680
679
678
678
678
678
677
677
677
674
672
670
670
668
665
663
662
661
660
658
655
654
654
653
651
651
650
650
650
650
649
648
648
648
647
647
644
643
643
641
641
641
639
638
637
636
636
635
635
634
634
632
631
631
631
631
628
627
627
626
625
624
624
623
621
620
619
618
617
617
617
615
614
614
613
613
613
610
610
609
608
608
606
604
603
603
603
603
602
600
599
599
597
597
596
595
594
594
593
593
592
592
591
590
589
589
589
587
584
583
583
582
582
582
580
578
577
577
574
574
573
573
573
573
573
572
572
571
570
569
567
567
566
565
564
562
562
559
557
557
557
557
556
556
555
549
549
548
546
546
546
544
543
541
541
540
539
538
538
537
536
534
533
533
533
530
530
529
528
528
527
527
523
521
520
519
519
519
518
518
517
517
516
516
514
514
512
511
511
511
510
510
508
508
507
507
506
506
503
502
501
500
500
499
494
493
493
491
491
490
489
487
486
486
485
485
484
484
484
484
481
480
479
478
478
478
477
475
475
474
472
472
471
471
469
468
467
467
464
463
461
459
458
458
457
455
452
452
451
449
447
446
445
443
441
440
440
440
439
436
436
436
435
433
433
432
432
426
425
424
422
421
421
420
420
419
419
419
419
416
416
414
413
413
412
412
411
410
410
407
406
406
403
402
401
401
400
398
396
395
395
393
393
391
390
388
388
388
387
386
384
380
378
378
378
376
374
374
373
372
371
370
368
368
368
366
366
366
363
363
362
360
360
360
355
354
353
352
349
349
348
347
344
344
344
343
342
342
342
341
341
338
337
336
336
335
334
332
331
329
329
329
328
324
324
323
322
322
321
321
321
321
321
321
320
318
318
317
315
314
313
313
312
311
311
311
310
308
307
307
305
304
300
300
299
298
298
298
297
292
291
290
289
289
288
286
286
281
281
281
281
280
280
279
279
278
278
276
275
274
274
272
268
267
265
261
258
257
257
256
256
254
253
252
251
250
250
249
249
248
245
245
244
243
242
242
240
239
239
239
237
237
236
236
232
232
231
228
225
225
224
222
222
217
217
217
216
216
216
216
216
216
216
214
213
210
209
209
207
207
206
206
205
205
203
202
201
200
199
199
198
195
193
192
192
190
189
188
188
186
186
183
181
181
179
178
177
174
173
172
170
170
168
168
167
166
163
163
162
161
161
160
159
159
158
154
152
149
149
148
147
147
147
147
146
146
145
141
141
139
138
138
135
135
134
134
132
132
131
131
130
129
129
129
129
128
126
124
124
123
121
120
119
116
116
115
114
113
113
112
110
110
109
105
105
104
103
103
102
102
102
99
99
98
98
97
97
96
96
96
95
95
95
94
89
86
86
86
85
85
83
82
81
81
78
77
76
75
75
74
74
70
69
69
68
68
66
62
62
61
60
58
58
55
54
52
51
48
47
45
44
42
39
36
35
33
32
31
30
30
30
30
29
29
28
27
26
26
25
24
23
22
21
21
20
17
17
14
12
12
11
9
8
8
6
6
5
5
5
4
1
0
