9998
9998
9997
9997
9992
9992
9991
9991
9988
9987
9987
9987
9986
9985
9985
9984
9983
9983
9979
9977
9976
9974
9973
9971
9970
9970
9969
9969
9967
9967
9966
9966
9966
9965
9965
9965
9965
9964
9964
9962
9961
9961
9959
9959
9959
9958
9958
9957
9956
9955
9954
9953
9952
9952
9948
9947
9946
9943
9941
9938
9937
9937
9936
9936
9931
9931
9930
9930
9929
9927
9926
9925
9924
9924
9923
9923
9919
9915
9915
9915
9915
9915
9914
9912
9910
9908
9908
9907
9907
9906
9905
9904
9904
9904
9904
9903
9901
9901
9900
9897
9896
9895
9895
9894
9893
9891
9890
9888
9887
9887
9887
9887
9885
9885
9885
9885
9884
9883
9882
9881
9878
9878
9873
9873
9868
9866
9866
9866
9865
9865
9864
9863
9863
9860
9860
9859
9858
9858
9858
9856
9856
9855
9854
9853
9852
9852
9852
9851
9851
9849
9849
9848
9847
9845
9844
9843
9842
9842
9842
9841
9841
9840
9839
9839
9838
9837
9837
9833
9832
9831
9830
9828
9827
9827
9826
9825
9824
9823
9821
9821
9820
9820
9820
9819
9817
9816
9816
9815
9815
9814
9812
9812
9811
9810
9806
9804
9802
9802
9801
9800
9798
9797
9797
9795
9795
9794
9793
9793
9792
9792
9789
9788
9787
9786
9785
9781
9781
9781
9780
9779
9778
9776
9776
9776
9776
9775
9775
9774
9773
9768
9768
9768
9766
9766
9765
9762
9761
9759
9758
9758
9757
9756
9754
9754
9753
9753
9753
9751
9749
9749
9749
9747
9747
9746
9746
9746
9746
9745
9743
9742
9742
9742
9740
9740
9739
9739
9738
9738
9737
9736
9736
9734
9731
9730
9729
9729
9726
9726
9722
9722
9720
9719
9719
9719
9716
9715
9712
9712
9712
9711
9710
9708
9708
9707
9707
9707
9703
9703
9702
9702
9701
9701
9697
9695
9694
9694
9693
9693
9692
9691
9689
9688
9687
9686
9683
9681
9679
9678
9678
9675
9674
9673
9673
9673
9673
9672
9671
9671
9670
9670
9669
9669
9668
9666
9664
9664
9663
9662
9661
9658
9657
9656
9654
9653
9652
9647
9646
9646
9645
9643
9642
9642
9641
9641
9639
9637
9637
9636
9633
9632
9632
9631
9627
9626
9626
9621
9621
9620
9620
9620
9618
9612
9611
9609
9609
9607
9607
9607
9606
9605
9604
9603
9602
9601
9599
9599
9599
9597
9593
9592
9589
9589
9588
9587
9587
9584
9584
9584
9582
9581
9580
9578
9577
9577
9577
9576
9576
9574
9573
9573
9571
9571
9570
9567
9566
9563
9560
9560
9560
9558
9557
9555
9554
9553
9552
9550
9550
9549
9548
9548
9548
9545
9545
9544
9544
9543
9542
9542
9539
9539
9537
9537
9537
9534
9531
9530
9530
9530
9529
9529
9528
9527
9526
9526
9525
9525
9525
9525
9524
9523
9523
9521
9521
9519
9519
9519
9518
9518
9518
9512
9511
9508
9508
9506
9504
9504
9503
9501
9500
9499
9498
9497
9497
9495
9494
9491
9489
9489
9489
9489
9488
9488
9486
9486
9486
9485
9485
9485
9483
9482
9478
9478
9477
9475
9473
9473
9473
9473
9472
9469
9468
9468
9467
9466
9466
9465
9465
9463
9463
9460
9459
9459
9458
9458
9453
9453
9452
9452
9451
9448
9446
9446
9445
9444
9442
9442
9439
9439
9439
9436
9436
9435
9433
9427
9427
9426
9426
9425
9424
9424
9423
9423
9423
9422
9422
9421
9421
9420
9420
9417
9416
9413
9413
9412
9412
9411
9411
9411
9410
9410
9409
9405
9405
9402
9402
9401
9401
9401
9400
9399
9397
9396
9395
9394
9393
9393
9390
9389
9389
9389
9389
9387
9384
9383
9383
9381
9380
9379
9379
9377
9373
9370
9370
9367
9362
9361
9361
9360
9359
9359
9359
9359
9357
9357
9357
9356
9355
9354
9353
9353
9351
9349
9349
9347
9347
9344
9342
9342
9342
9342
9340
9338
9338
9336
9336
9335
9335
9334
9333
9333
9333
9333
9332
9332
9328
9328
9326
9324
9323
9323
9319
9318
9318
9315
9315
9313
9313
9312
9310
9310
9309
9309
9308
9307
9305
9300
9297
9297
9296
9296
9295
9293
9293
9293
9293
9293
9291
9291
9290
9289
9288
9288
9288
9286
9286
9286
9285
9285
9284
9282
9282
9281
9281
9280
9278
9275
9275
9275
9275
9275
9273
9273
9267
9267
9263
9263
9262
9261
9259
9259
9259
9257
9249
9249
9247
9247
9247
9246
9243
9242
9241
9241
9240
9239
9239
9237
9237
9236
9236
9233
9232
9231
9231
9230
9227
9223
9223
9221
9220
9219
9219
9219
9216
9215
9215
9215
9214
9214
9212
9203
9203
9203
9202
9201
9198
9198
9198
9198
9197
9194
9194
9191
9190
9183
9182
9179
9178
9177
9177
9176
9176
9175
9174
9170
9170
9170
9169
9168
9168
9168
9168
9168
9167
9167
9165
9163
9163
9162
9160
9158
9158
9158
9158
9157
9157
9155
9154
9154
9154
9153
9153
9152
9151
9151
9151
9150
9149
9149
9148
9147
9146
9146
9143
9143
9142
9141
9139
9138
9137
9136
9136
9136
9136
9134
9134
9133
9129
9126
9125
9125
9124
9124
9121
9120
9118
9117
9116
9115
9113
9111
9111
9111
9108
9108
9108
9107
9106
9106
9105
9104
9103
9103
9102
9101
9100
9099
9098
9098
9098
9096
9094
9094
9093
9090
9088
9086
9085
9085
9085
9084
9084
9084
9081
9080
9078
9077
9074
9072
9071
9070
9069
9068
9066
9065
9063
9062
9062
9062
9060
9058
9058
9058
9057
9055
9054
9053
9053
9052
9050
9049
9046
9044
9044
9043
9043
9043
9043
9041
9040
9039
9039
9039
9039
9039
9038
9038
9038
9037
9034
9033
9032
9031
9031
9031
9029
9027
9026
9026
9025
9025
9024
9024
9023
9023
9023
9021
9021
9020
9019
9018
9016
9016
9015
9015
9011
9009
9008
9008
9007
9006
9006
9004
9003
9002
9002
9001
9001
8998
8997
8997
8996
8995
8993
8990
8990
8988
8986
8982
8980
8978
8977
8976
8974
8972
8972
8969
8969
8968
8968
8967
8967
8967
8967
8966
8966
8965
8964
8962
8962
8961
8961
8959
8959
8959
8959
8958
8957
8955
8955
8953
8952
8951
8950
8950
8948
8948
8948
8948
8947
8946
8945
8944
8944
8944
8943
8941
8940
8938
8937
8936
8933
8932
8931
8931
8931
8931
8930
8930
8926
8926
8925
8924
8924
8923
8922
8920
8918
8915
8914
8913
8910
8910
8909
8909
8906
8905
8905
8904
8903
8901
8901
8901
8899
8898
8897
8896
8896
8895
8895
8895
8893
8893
8890
8889
8888
8885
8885
8885
8880
8880
8879
8878
8877
8876
8875
8874
8873
8872
8872
8871
8871
8870
8870
8870
8870
8868
8867
8867
8867
8866
8865
8865
8864
8862
8862
8862
8861
8860
8858
8856
8854
8853
8852
8849
8847
8846
8845
8845
8844
8844
8841
8840
8840
8839
8836
8833
8832
8831
8831
8831
8831
8830
8827
8827
8825
8824
8823
8822
8821
8817
8817
8816
8815
8815
8814
8814
8814
8812
8812
8811
8811
8810
8810
8810
8809
8809
8809
8808
8807
8806
8806
8804
8804
8804
8802
8801
8800
8795
8795
8795
8794
8794
8793
8790
8789
8787
8786
8785
8785
8785
8785
8785
8784
8784
8780
8780
8780
8780
8779
8778
8777
8775
8773
8771
8771
8771
8770
8768
8767
8767
8766
8766
8766
8765
8762
8761
8760
8760
8757
8755
8755
8749
8749
8748
8747
8745
8744
8743
8743
8742
8742
8738
8737
8736
8735
8735
8735
8732
8731
8730
8730
8729
8728
8728
8727
8727
8726
8725
8724
8715
8714
8714
8712
8711
8710
8710
8709
8708
8707
8706
8706
8704
8704
8702
8702
8701
8701
8697
8696
8694
8691
8691
8689
8687
8687
8687
8686
8685
8685
8684
8684
8683
8679
8678
8676
8676
8676
8674
8673
8671
8671
8669
8669
8667
8667
8666
8666
8664
8663
8661
8659
8658
8657
8657
8656
8656
8655
8653
8649
8649
8648
8648
8643
8642
8640
8639
8636
8634
8634
8632
8630
8628
8628
8627
8626
8626
8624
8624
8624
8623
8623
8623
8623
8621
8618
8615
8615
8613
8611
8610
8609
8608
8607
8605
8603
8603
8603
8601
8600
8600
8598
8598
8597
8596
8596
8595
8592
8592
8592
8590
8589
8588
8588
8587
8587
8587
8586
8585
8584
8583
8579
8578
8577
8576
8574
8574
8572
8572
8570
8570
8569
8569
8568
8567
8567
8567
8567
8566
8566
8564
8563
8563
8563
8562
8561
8560
8556
8556
8555
8554
8553
8551
8551
8549
8549
8549
8548
8548
8547
8543
8542
8542
8541
8541
8538
8536
8536
8535
8535
8535
8534
8534
8533
8531
8531
8528
8527
8524
8522
8522
8521
8521
8520
8520
8519
8519
8518
8518
8518
8518
8516
8515
8514
8514
8513
8512
8508
8507
8505
8504
8503
8503
8502
8501
8500
8499
8499
8498
8497
8497
8496
8496
8494
8491
8490
8489
8488
8488
8485
8484
8484
8483
8482
8482
8481
8479
8478
8476
8475
8474
8473
8472
8472
8468
8468
8467
8466
8464
8460
8460
8460
8460
8458
8457
8457
8456
8454
8454
8453
8453
8452
8449
8449
8449
8448
8448
8448
8448
8445
8445
8445
8443
8443
8441
8439
8438
8437
8437
8437
8437
8435
8435
8432
8432
8432
8431
8430
8428
8428
8426
8425
8424
8423
8422
8421
8421
8421
8419
8419
8419
8418
8416
8416
8416
8415
8414
8414
8413
8408
8407
8407
8406
8405
8405
8404
8404
8403
8402
8401
8401
8400
8399
8399
8399
8398
8398
8397
8397
8395
8395
8394
8393
8392
8390
8390
8389
8388
8388
8387
8387
8385
8384
8382
8381
8381
8381
8379
8377
8375
8375
8375
8369
8366
8365
8364
8362
8362
8361
8360
8360
8359
8359
8357
8357
8357
8357
8357
8356
8353
8353
8352
8352
8352
8349
8347
8347
8347
8347
8346
8346
8343
8342
8341
8341
8337
8337
8337
8336
8335
8335
8334
8334
8332
8328
8327
8327
8325
8324
8321
8320
8318
8316
8315
8313
8313
8312
8312
8310
8309
8309
8308
8305
8303
8300
8300
8299
8298
8296
8296
8294
8292
8291
8291
8290
8289
8289
8288
8288
8288
8287
8286
8285
8285
8284
8284
8282
8281
8280
8278
8278
8278
8278
8278
8277
8275
8275
8274
8273
8272
8271
8271
8268
8268
8267
8267
8266
8264
8264
8262
8262
8262
8261
8261
8260
8259
8258
8257
8256
8255
8254
8254
8253
8252
8248
8247
8246
8245
8244
8243
8241
8241
8240
8237
8237
8235
8235
8235
8235
8234
8234
8233
8233
8233
8230
8228
8225
8224
8224
8221
8220
8218
8218
8217
8217
8216
8216
8215
8215
8215
8214
8213
8212
8212
8209
8207
8207
8207
8206
8206
8205
8205
8205
8204
8203
8202
8201
8201
8201
8199
8199
8195
8195
8194
8193
8190
8188
8187
8186
8185
8185
8184
8181
8181
8179
8176
8176
8175
8173
8173
8171
8166
8166
8165
8164
8163
8161
8160
8158
8157
8157
8157
8156
8155
8154
8153
8151
8150
8148
8148
8148
8145
8143
8142
8142
8141
8140
8140
8139
8139
8137
8135
8135
8135
8135
8129
8129
8129
8127
8124
8122
8121
8120
8119
8119
8118
8117
8115
8114
8114
8112
8108
8108
8107
8107
8105
8105
8105
8105
8103
8102
8099
8098
8096
8096
8095
8094
8092
8091
8090
8090
8089
8087
8085
8082
8082
8081
8080
8078
8077
8076
8076
8076
8075
8075
8073
8073
8072
8071
8070
8069
8068
8065
8064
8064
8062
8061
8060
8058
8058
8056
8056
8055
8055
8054
8054
8052
8052
8050
8050
8050
8048
8044
8044
8044
8042
8039
8038
8036
8035
8035
8035
8031
8031
8029
8028
8027
8027
8026
8025
8025
8024
8024
8023
8023
8020
8017
8016
8015
8013
8010
8010
8010
8006
8005
8004
8001
8000
7998
7997
7997
7997
7994
7993
7993
7991
7991
7991
7989
7988
7987
7987
7986
7984
7984
7983
7982
7979
7978
7974
7972
7971
7970
7970
7969
7967
7967
7966
7966
7965
7965
7965
7965
7965
7963
7962
7962
7960
7960
7960
7960
7960
7959
7957
7956
7955
7955
7954
7953
7951
7951
7949
7949
7948
7948
7948
7947
7947
7945
7945
7943
7943
7942
7942
7941
7940
7938
7937
7937
7937
7936
7936
7936
7934
7934
7933
7933
7933
7932
7930
7929
7929
7928
7928
7925
7925
7923
7922
7920
7918
7917
7908
7908
7908
7906
7905
7903
7901
7900
7899
7899
7899
7896
7894
7894
7893
7892
7891
7890
7890
7889
7889
7888
7887
7886
7885
7885
7884
7881
7878
7877
7877
7874
7874
7872
7870
7869
7867
7866
7865
7864
7862
7862
7862
7860
7859
7859
7859
7858
7856
7856
7854
7854
7852
7851
7850
7848
7847
7847
7845
7842
7842
7841
7840
7839
7839
7838
7838
7837
7833
7832
7832
7832
7830
7829
7829
7829
7828
7827
7827
7827
7826
7823
7822
7817
7817
7817
7816
7815
7814
7813
7811
7811
7810
7808
7808
7806
7806
7805
7802
7800
7799
7797
7796
7796
7795
7794
7791
7790
7790
7788
7787
7786
7784
7784
7783
7782
7781
7781
7781
7779
7775
7775
7774
7771
7771
7770
7767
7762
7761
7760
7758
7758
7757
7757
7756
7755
7754
7754
7750
7750
7750
7748
7748
7748
7747
7747
7747
7746
7745
7745
7745
7745
7744
7744
7744
7743
7743
7741
7741
7740
7739
7739
7739
7736
7736
7735
7734
7734
7732
7732
7730
7730
7729
7728
7727
7725
7725
7724
7723
7722
7721
7720
7718
7718
7717
7716
7714
7713
7713
7713
7712
7712
7711
7711
7711
7711
7710
7709
7708
7705
7705
7704
7703
7702
7701
7700
7698
7698
7697
7697
7696
7695
7692
7691
7689
7689
7688
7683
7683
7682
7679
7679
7678
7677
7677
7676
7676
7676
7674
7674
7674
7672
7671
7670
7670
7669
7669
7669
7668
7667
7666
7666
7665
7663
7661
7661
7660
7660
7659
7658
7656
7653
7652
7649
7649
7648
7648
7647
7646
7646
7645
7640
7639
7638
7635
7635
7632
7631
7629
7626
7625
7625
7624
7624
7624
7624
7623
7623
7622
7622
7619
7619
7619
7615
7614
7612
7612
7610
7609
7608
7605
7604
7603
7602
7602
7599
7598
7598
7597
7595
7595
7594
7592
7592
7590
7588
7586
7584
7583
7580
7579
7578
7578
7576
7574
7573
7573
7573
7573
7571
7571
7570
7570
7569
7568
7568
7567
7567
7566
7565
7559
7558
7557
7556
7555
7554
7552
7551
7551
7549
7549
7547
7547
7546
7546
7544
7543
7542
7541
7540
7538
7538
7536
7536
7535
7531
7530
7530
7529
7524
7523
7522
7522
7521
7520
7518
7517
7517
7516
7515
7514
7514
7514
7513
7512
7511
7510
7510
7509
7505
7504
7504
7504
7500
7499
7499
7498
7495
7495
7494
7493
7493
7493
7491
7486
7485
7485
7484
7482
7482
7482
7481
7481
7481
7481
7480
7480
7477
7475
7475
7475
7474
7472
7471
7471
7471
7470
7468
7467
7466
7465
7465
7461
7458
7458
7455
7455
7454
7452
7451
7448
7448
7447
7446
7445
7445
7444
7443
7443
7441
7438
7438
7437
7435
7435
7435
7434
7434
7432
7432
7432
7432
7431
7430
7430
7430
7429
7428
7428
7428
7425
7425
7423
7420
7420
7419
7418
7416
7416
7416
7415
7413
7411
7411
7410
7410
7408
7408
7407
7406
7406
7405
7404
7404
7403
7403
7403
7399
7398
7398
7398
7395
7394
7394
7394
7393
7393
7390
7390
7390
7388
7388
7388
7385
7384
7384
7383
7381
7381
7381
7381
7380
7378
7378
7377
7377
7376
7376
7375
7375
7374
7374
7373
7372
7372
7371
7368
7368
7367
7366
7365
7363
7363
7360
7360
7356
7356
7355
7351
7351
7351
7351
7348
7347
7346
7345
7344
7343
7342
7342
7340
7340
7339
7338
7337
7336
7336
7334
7334
7333
7333
7332
7331
7328
7327
7326
7326
7323
7323
7323
7322
7321
7318
7317
7317
7317
7316
7315
7315
7313
7310
7308
7308
7308
7308
7307
7307
7306
7305
7305
7304
7303
7303
7302
7301
7301
7300
7299
7295
7294
7293
7293
7292
7287
7287
7285
7284
7282
7281
7280
7280
7280
7280
7279
7279
7276
7276
7275
7272
7271
7270
7269
7268
7268
7267
7266
7265
7264
7263
7262
7261
7260
7260
7259
7259
7258
7258
7256
7255
7255
7253
7250
7250
7249
7249
7249
7248
7247
7247
7246
7242
7241
7239
7238
7238
7235
7234
7232
7230
7229
7227
7227
7227
7226
7225
7225
7223
7222
7222
7218
7216
7215
7214
7214
7213
7210
7209
7208
7208
7206
7204
7203
7202
7201
7200
7199
7198
7198
7197
7195
7194
7188
7188
7187
7187
7186
7185
7185
7184
7184
7182
7182
7180
7176
7174
7171
7171
7170
7170
7168
7167
7165
7165
7164
7161
7160
7160
7159
7158
7157
7155
7154
7154
7153
7151
7149
7149
7148
7147
7145
7145
7144
7144
7143
7142
7142
7141
7141
7138
7136
7135
7132
7132
7132
7132
7130
7130
7130
7129
7128
7128
7127
7126
7125
7120
7119
7119
7118
7118
7118
7116
7113
7112
7110
7110
7106
7104
7103
7101
7100
7098
7097
7096
7095
7095
7094
7093
7092
7090
7089
7087
7084
7084
7081
7081
7081
7079
7077
7075
7073
7072
7071
7070
7069
7068
7068
7065
7064
7064
7064
7060
7060
7059
7058
7057
7057
7056
7055
7055
7054
7054
7052
7052
7049
7049
7048
7047
7047
7046
7046
7045
7045
7044
7043
7039
7039
7038
7038
7037
7037
7036
7036
7036
7035
7035
7035
7029
7027
7026
7026
7025
7022
7019
7018
7017
7014
7013
7012
7006
7006
7006
7003
7002
7001
7000
6999
6998
6998
6998
6997
6995
6993
6992
6992
6992
6989
6989
6989
6989
6986
6985
6984
6982
6982
6982
6981
6980
6978
6977
6976
6975
6972
6972
6971
6971
6970
6969
6966
6966
6965
6962
6961
6961
6960
6959
6954
6954
6952
6952
6951
6949
6949
6948
6948
6948
6946
6946
6943
6942
6940
6939
6938
6938
6938
6936
6935
6935
6934
6934
6934
6933
6933
6932
6931
6928
6927
6927
6926
6925
6924
6924
6921
6920
6919
6919
6919
6917
6916
6915
6915
6914
6914
6913
6912
6912
6909
6909
6908
6908
6907
6904
6904
6901
6899
6897
6897
6896
6896
6896
6896
6895
6893
6892
6890
6890
6889
6888
6887
6886
6880
6880
6880
6879
6879
6878
6877
6875
6874
6870
6870
6869
6868
6868
6868
6867
6867
6864
6863
6862
6859
6859
6857
6856
6856
6852
6850
6847
6840
6838
6837
6837
6837
6836
6836
6835
6834
6833
6833
6833
6831
6831
6830
6829
6828
6828
6827
6827
6827
6826
6826
6825
6824
6823
6822
6822
6821
6821
6820
6820
6820
6820
6819
6818
6817
6816
6813
6813
6810
6809
6809
6808
6806
6806
6803
6801
6799
6799
6799
6799
6797
6797
6796
6794
6794
6792
6792
6792
6791
6791
6791
6790
6790
6787
6787
6785
6783
6781
6778
6773
6773
6772
6771
6771
6769
6768
6768
6764
6763
6762
6761
6761
6761
6760
6760
6759
6758
6758
6758
6757
6756
6756
6755
6753
6753
6753
6752
6751
6748
6748
6748
6748
6747
6745
6745
6744
6744
6743
6741
6740
6740
6740
6739
6739
6738
6738
6737
6736
6736
6735
6735
6735
6734
6732
6730
6729
6726
6726
6725
6721
6720
6718
6718
6718
6717
6715
6715
6715
6714
6714
6712
6710
6710
6709
6709
6708
6706
6706
6706
6705
6705
6705
6704
6702
6699
6699
6698
6698
6697
6697
6697
6696
6695
6695
6695
6694
6694
6693
6693
6689
6688
6688
6688
6688
6686
6686
6686
6685
6685
6683
6682
6680
6679
6679
6678
6678
6677
6677
6674
6673
6671
6671
6671
6669
6669
6667
6667
6666
6666
6663
6663
6662
6660
6660
6660
6659
6656
6656
6656
6654
6652
6652
6651
6651
6651
6651
6650
6649
6648
6647
6646
6646
6644
6643
6642
6641
6640
6637
6634
6632
6631
6630
6629
6629
6628
6627
6624
6623
6621
6619
6618
6617
6615
6615
6612
6612
6612
6611
6607
6607
6606
6606
6606
6606
6605
6601
6600
6598
6594
6593
6592
6591
6591
6589
6588
6588
6588
6587
6586
6585
6584
6583
6582
6581
6580
6580
6579
6579
6579
6577
6576
6572
6572
6572
6571
6571
6571
6571
6570
6570
6569
6568
6565
6563
6561
6561
6561
6560
6559
6558
6556
6555
6554
6554
6554
6553
6550
6549
6547
6547
6547
6547
6542
6540
6540
6538
6536
6536
6536
6534
6533
6531
6531
6530
6530
6529
6529
6529
6528
6527
6527
6526
6526
6526
6524
6524
6524
6523
6521
6520
6519
6519
6518
6517
6517
6517
6516
6515
6513
6512
6511
6509
6509
6508
6508
6508
6507
6507
6506
6505
6501
6501
6499
6497
6496
6494
6493
6491
6491
6487
6487
6484
6484
6483
6482
6482
6481
6480
6480
6475
6473
6472
6470
6470
6469
6468
6468
6467
6466
6464
6463
6457
6456
6456
6455
6455
6455
6454
6453
6453
6452
6451
6451
6451
6449
6446
6445
6444
6443
6442
6442
6439
6439
6439
6439
6438
6438
6437
6436
6435
6433
6432
6430
6429
6428
6427
6425
6425
6425
6424
6423
6422
6422
6421
6420
6420
6419
6418
6418
6416
6414
6413
6412
6412
6412
6407
6406
6405
6405
6403
6401
6400
6399
6398
6398
6396
6396
6396
6395
6393
6389
6388
6387
6387
6386
6386
6386
6386
6385
6383
6382
6381
6381
6380
6380
6379
6379
6379
6379
6378
6377
6376
6373
6372
6372
6372
6371
6371
6371
6369
6369
6367
6367
6367
6366
6365
6365
6365
6364
6364
6361
6356
6355
6354
6353
6351
6351
6351
6351
6347
6345
6345
6343
6340
6340
6340
6339
6338
6337
6337
6336
6336
6336
6335
6333
6332
6331
6330
6326
6326
6325
6325
6325
6325
6324
6323
6322
6321
6317
6315
6314
6312
6311
6310
6309
6309
6309
6309
6309
6308
6307
6306
6306
6305
6305
6305
6304
6303
6303
6302
6301
6301
6300
6300
6300
6300
6296
6296
6295
6294
6294
6293
6292
6292
6292
6288
6288
6287
6282
6282
6281
6281
6280
6279
6277
6274
6274
6274
6273
6272
6270
6269
6265
6265
6264
6263
6262
6260
6258
6258
6254
6254
6253
6253
6253
6253
6252
6252
6251
6250
6249
6249
6248
6247
6245
6243
6241
6241
6240
6240
6239
6239
6239
6238
6238
6236
6235
6235
6235
6235
6235
6234
6231
6230
6229
6228
6226
6223
6223
6223
6222
6222
6220
6219
6219
6219
6218
6216
6216
6215
6214
6213
6212
6211
6211
6207
6206
6205
6203
6203
6201
6201
6200
6200
6195
6193
6192
6191
6189
6189
6189
6186
6186
6185
6185
6185
6184
6183
6182
6180
6179
6178
6174
6173
6173
6172
6171
6169
6169
6169
6168
6167
6164
6163
6162
6161
6161
6161
6161
6161
6160
6160
6159
6159
6158
6158
6157
6157
6155
6154
6152
6151
6151
6151
6149
6148
6147
6146
6146
6144
6144
6142
6141
6141
6139
6139
6139
6139
6138
6137
6137
6137
6136
6136
6135
6135
6134
6134
6133
6133
6130
6130
6127
6126
6125
6124
6124
6124
6123
6121
6121
6121
6119
6118
6118
6112
6110
6110
6108
6107
6104
6103
6102
6101
6099
6094
6094
6093
6093
6093
6089
6089
6089
6088
6088
6087
6086
6086
6086
6084
6081
6081
6080
6079
6078
6077
6077
6077
6076
6074
6073
6073
6072
6072
6071
6068
6066
6066
6065
6065
6065
6065
6064
6064
6063
6062
6062
6061
6061
6060
6059
6059
6056
6056
6056
6055
6054
6054
6053
6051
6047
6047
6046
6044
6043
6043
6043
6041
6039
6038
6038
6037
6037
6034
6033
6033
6033
6033
6029
6029
6028
6028
6026
6026
6024
6021
6021
6020
6019
6019
6019
6019
6017
6016
6016
6016
6016
6015
6015
6014
6014
6014
6014
6012
6012
6012
6010
6008
6008
6007
6006
6004
6004
6004
6003
6002
5999
5999
5999
5998
5998
5997
5996
5993
5993
5993
5992
5992
5992
5992
5991
5991
5990
5990
5988
5988
5987
5987
5986
5986
5982
5982
5982
5981
5981
5979
5978
5974
5974
5974
5973
5973
5972
5972
5971
5969
5969
5967
5966
5965
5964
5964
5960
5958
5958
5957
5956
5956
5955
5955
5953
5952
5948
5947
5946
5945
5944
5943
5940
5940
5940
5940
5938
5938
5936
5934
5933
5933
5930
5929
5928
5927
5926
5924
5924
5921
5921
5921
5921
5918
5917
5914
5914
5913
5912
5912
5909
5909
5909
5908
5908
5907
5907
5905
5905
5905
5905
5905
5905
5904
5903
5902
5901
5901
5900
5900
5897
5897
5897
5896
5894
5892
5892
5890
5889
5889
5887
5887
5887
5884
5884
5884
5880
5879
5877
5874
5874
5873
5873
5873
5872
5872
5872
5871
5871
5870
5870
5868
5866
5866
5865
5865
5863
5859
5858
5858
5856
5855
5854
5854
5854
5852
5848
5847
5847
5846
5845
5845
5844
5844
5843
5842
5841
5841
5841
5840
5838
5838
5837
5836
5836
5835
5835
5835
5835
5833
5831
5831
5831
5830
5829
5827
5827
5827
5827
5825
5824
5824
5823
5822
5822
5820
5818
5817
5816
5815
5814
5814
5814
5813
5811
5810
5810
5809
5807
5806
5804
5804
5804
5802
5802
5802
5801
5801
5801
5800
5799
5797
5795
5795
5794
5794
5794
5793
5792
5791
5791
5790
5790
5789
5789
5789
5786
5786
5786
5784
5783
5783
5782
5782
5781
5781
5780
5779
5778
5775
5774
5773
5772
5772
5772
5770
5769
5769
5768
5767
5767
5766
5766
5764
5764
5763
5762
5762
5760
5759
5758
5757
5752
5752
5751
5750
5750
5750
5749
5748
5747
5745
5745
5744
5742
5740
5739
5739
5737
5733
5733
5731
5730
5728
5728
5727
5726
5724
5722
5720
5719
5718
5716
5712
5710
5709
5709
5708
5707
5706
5705
5704
5703
5702
5701
5701
5700
5700
5698
5696
5696
5695
5695
5693
5693
5692
5692
5691
5690
5687
5687
5686
5685
5685
5683
5683
5681
5680
5679
5679
5679
5678
5674
5674
5674
5674
5673
5672
5671
5670
5670
5669
5668
5668
5667
5667
5664
5663
5661
5661
5657
5652
5651
5649
5647
5645
5644
5644
5640
5639
5639
5638
5637
5635
5634
5632
5631
5629
5629
5628
5627
5625
5625
5624
5622
5619
5619
5619
5618
5618
5618
5617
5616
5616
5616
5615
5614
5612
5611
5611
5610
5610
5610
5608
5607
5607
5606
5606
5605
5602
5602
5601
5599
5597
5597
5597
5596
5593
5591
5590
5589
5589
5589
5585
5585
5584
5581
5581
5581
5580
5578
5577
5576
5576
5575
5575
5575
5574
5573
5572
5572
5572
5570
5569
5567
5567
5567
5566
5566
5565
5565
5563
5561
5561
5557
5557
5555
5555
5555
5555
5552
5552
5551
5551
5549
5549
5548
5546
5545
5544
5544
5543
5542
5542
5542
5541
5541
5541
5541
5540
5539
5538
5537
5536
5534
5532
5531
5531
5530
5530
5529
5528
5528
5526
5526
5525
5523
5522
5521
5519
5518
5518
5517
5517
5515
5515
5514
5513
5513
5512
5512
5511
5511
5510
5510
5510
5510
5510
5509
5508
5508
5508
5506
5506
5506
5504
5502
5502
5501
5500
5499
5495
5494
5494
5492
5491
5486
5486
5485
5483
5483
5483
5481
5480
5480
5479
5478
5478
5476
5476
5475
5475
5473
5472
5472
5470
5469
5468
5468
5468
5466
5466
5465
5463
5463
5462
5462
5460
5458
5458
5458
5457
5454
5454
5453
5451
5448
5447
5446
5446
5446
5446
5444
5442
5440
5440
5437
5436
5435
5434
5432
5432
5431
5430
5429
5428
5427
5426
5426
5426
5425
5424
5423
5422
5421
5421
5421
5420
5419
5417
5417
5416
5413
5411
5409
5408
5407
5407
5405
5405
5404
5403
5402
5402
5402
5402
5394
5394
5393
5393
5393
5391
5390
5389
5389
5389
5388
5386
5386
5386
5386
5382
5381
5380
5380
5380
5379
5379
5379
5377
5376
5376
5374
5374
5373
5373
5369
5367
5367
5366
5366
5362
5360
5360
5359
5358
5358
5358
5354
5354
5354
5353
5353
5352
5352
5349
5349
5347
5346
5344
5342
5342
5341
5341
5340
5339
5338
5337
5336
5336
5335
5335
5334
5333
5333
5331
5331
5328
5327
5327
5325
5324
5323
5322
5319
5319
5318
5318
5316
5316
5315
5313
5313
5313
5311
5311
5310
5309
5308
5308
5307
5307
5306
5306
5305
5304
5299
5298
5298
5297
5297
5296
5295
5295
5293
5292
5291
5290
5290
5288
5288
5286
5285
5282
5281
5280
5278
5276
5276
5275
5275
5274
5274
5273
5272
5271
5271
5270
5270
5268
5268
5268
5267
5267
5266
5266
5265
5265
5262
5262
5261
5260
5258
5258
5258
5257
5257
5256
5256
5255
5255
5255
5254
5254
5254
5253
5252
5251
5249
5249
5246
5245
5243
5243
5242
5240
5240
5239
5238
5237
5237
5237
5237
5236
5235
5235
5235
5234
5232
5230
5230
5230
5229
5229
5222
5222
5221
5220
5219
5219
5218
5217
5211
5211
5208
5207
5206
5204
5204
5203
5199
5194
5194
5193
5193
5193
5193
5191
5190
5189
5189
5188
5188
5187
5185
5185
5185
5185
5182
5180
5178
5177
5174
5173
5172
5171
5169
5168
5168
5167
5167
5167
5165
5165
5164
5164
5164
5163
5163
5163
5161
5161
5156
5156
5152
5152
5151
5151
5151
5150
5150
5150
5150
5148
5148
5147
5146
5145
5145
5143
5142
5140
5139
5137
5137
5137
5137
5136
5135
5134
5132
5130
5130
5130
5129
5129
5128
5128
5128
5125
5124
5123
5119
5119
5118
5116
5114
5113
5113
5113
5112
5112
5112
5111
5111
5104
5103
5103
5102
5099
5096
5095
5094
5094
5093
5092
5091
5091
5091
5090
5088
5088
5087
5087
5087
5084
5078
5076
5076
5076
5076
5075
5073
5073
5072
5071
5070
5070
5070
5069
5068
5068
5068
5067
5067
5066
5065
5064
5062
5062
5062
5060
5060
5059
5055
5053
5053
5053
5048
5048
5048
5048
5046
5046
5046
5044
5044
5043
5042
5042
5040
5039
5038
5038
5037
5036
5035
5033
5032
5031
5031
5030
5025
5025
5024
5023
5023
5021
5021
5020
5020
5018
5017
5017
5016
5016
5015
5015
5013
5009
5008
5008
5008
5007
5006
5004
5002
5002
5001
5001
5001
5000
4999
4998
4996
4995
4993
4993
4993
4992
4991
4991
4990
4990
4990
4990
4987
4987
4986
4983
4982
4982
4981
4981
4980
4980
4980
4979
4977
4976
4976
4975
4975
4974
4973
4972
4971
4970
4970
4969
4969
4967
4967
4966
4966
4965
4964
4964
4962
4961
4960
4959
4959
4958
4958
4957
4957
4956
4956
4954
4954
4952
4952
4952
4949
4946
4946
4945
4945
4945
4944
4943
4942
4941
4941
4941
4939
4938
4938
4938
4937
4935
4934
4934
4934
4933
4931
4929
4927
4927
4925
4923
4921
4921
4919
4918
4917
4917
4915
4914
4909
4907
4907
4906
4906
4904
4903
4903
4903
4901
4900
4899
4899
4897
4896
4894
4893
4893
4893
4892
4891
4889
4885
4885
4885
4884
4883
4883
4882
4881
4881
4878
4878
4877
4877
4876
4876
4876
4875
4875
4874
4874
4873
4872
4872
4871
4871
4871
4870
4870
4869
4869
4867
4867
4866
4865
4865
4865
4865
4863
4862
4861
4861
4859
4858
4857
4857
4856
4855
4855
4853
4853
4852
4851
4851
4848
4848
4847
4847
4846
4846
4845
4844
4843
4843
4842
4841
4838
4838
4837
4837
4837
4836
4836
4832
4831
4831
4831
4830
4829
4826
4825
4825
4825
4825
4824
4822
4822
4822
4822
4822
4819
4817
4816
4816
4815
4815
4814
4814
4814
4814
4811
4808
4807
4805
4804
4804
4798
4797
4797
4796
4795
4793
4793
4792
4790
4789
4789
4788
4787
4787
4785
4784
4783
4782
4782
4781
4778
4778
4777
4777
4777
4777
4776
4775
4774
4774
4774
4774
4770
4769
4768
4767
4766
4766
4765
4765
4764
4764
4764
4763
4760
4760
4760
4757
4755
4755
4754
4751
4751
4749
4749
4748
4748
4748
4747
4744
4743
4743
4743
4740
4739
4738
4737
4737
4736
4735
4731
4731
4730
4728
4724
4724
4722
4722
4719
4718
4718
4717
4717
4716
4715
4714
4714
4713
4713
4709
4708
4706
4706
4704
4704
4704
4703
4701
4701
4700
4699
4698
4697
4697
4694
4694
4694
4694
4691
4691
4689
4688
4688
4685
4685
4684
4684
4684
4683
4683
4683
4681
4678
4677
4677
4677
4673
4672
4671
4668
4667
4667
4665
4662
4660
4659
4658
4657
4656
4656
4655
4652
4651
4651
4651
4650
4650
4648
4648
4647
4645
4644
4643
4642
4641
4641
4639
4639
4638
4637
4635
4635
4635
4634
4633
4632
4631
4631
4630
4628
4626
4626
4623
4622
4621
4617
4617
4616
4616
4616
4616
4615
4615
4614
4613
4611
4610
4607
4605
4605
4602
4600
4600
4600
4598
4597
4597
4595
4594
4593
4592
4592
4590
4590
4590
4588
4585
4585
4584
4583
4582
4581
4581
4580
4578
4577
4577
4577
4577
4576
4576
4574
4573
4572
4571
4570
4569
4569
4569
4567
4566
4565
4563
4562
4560
4560
4559
4558
4556
4555
4554
4553
4552
4552
4551
4550
4549
4549
4548
4548
4548
4546
4546
4545
4544
4543
4542
4541
4541
4540
4538
4538
4537
4535
4535
4535
4531
4528
4528
4525
4525
4523
4522
4522
4521
4520
4519
4517
4516
4515
4515
4512
4511
4507
4506
4506
4505
4505
4504
4504
4504
4502
4502
4501
4501
4501
4501
4500
4498
4498
4495
4495
4495
4495
4492
4492
4491
4490
4490
4490
4489
4489
4488
4486
4485
4484
4484
4482
4481
4480
4478
4477
4477
4476
4476
4472
4472
4472
4470
4469
4469
4466
4464
4462
4461
4460
4460
4459
4459
4458
4457
4456
4455
4455
4454
4454
4450
4449
4448
4446
4443
4441
4440
4439
4438
4436
4434
4433
4433
4432
4431
4429
4428
4427
4427
4425
4422
4421
4419
4418
4418
4417
4417
4416
4416
4414
4413
4412
4410
4410
4409
4409
4409
4408
4407
4407
4406
4405
4404
4403
4403
4402
4402
4401
4400
4399
4398
4396
4396
4395
4394
4394
4392
4392
4392
4392
4391
4391
4390
4389
4389
4389
4386
4385
4384
4382
4382
4380
4378
4378
4377
4377
4376
4375
4374
4373
4368
4367
4367
4367
4367
4366
4364
4363
4361
4358
4358
4358
4356
4355
4355
4354
4354
4350
4350
4345
4343
4342
4342
4342
4341
4339
4339
4334
4334
4333
4332
4332
4331
4331
4330
4329
4327
4326
4326
4325
4324
4323
4322
4321
4319
4319
4318
4318
4316
4315
4312
4312
4311
4310
4310
4310
4309
4309
4309
4308
4307
4307
4306
4305
4302
4299
4299
4297
4295
4294
4293
4293
4292
4291
4290
4290
4290
4287
4287
4286
4285
4284
4284
4284
4284
4282
4280
4279
4278
4278
4277
4276
4276
4275
4268
4268
4265
4265
4263
4261
4261
4260
4260
4260
4259
4258
4257
4257
4256
4256
4255
4254
4254
4253
4253
4252
4251
4250
4249
4249
4245
4245
4244
4242
4242
4239
4239
4238
4237
4235
4235
4233
4231
4231
4229
4226
4226
4223
4222
4221
4217
4217
4216
4215
4214
4212
4211
4211
4210
4210
4209
4209
4209
4205
4205
4204
4203
4202
4202
4201
4200
4200
4200
4199
4198
4197
4197
4196
4196
4194
4191
4191
4189
4189
4187
4186
4186
4186
4185
4185
4182
4181
4180
4180
4179
4176
4174
4173
4171
4169
4168
4167
4167
4166
4166
4164
4164
4163
4163
4159
4158
4158
4158
4157
4157
4157
4156
4153
4153
4151
4150
4150
4148
4148
4148
4147
4146
4145
4144
4143
4143
4142
4141
4139
4138
4137
4137
4136
4136
4136
4136
4135
4134
4134
4133
4133
4133
4132
4131
4130
4129
4129
4127
4124
4123
4123
4122
4122
4122
4121
4120
4120
4120
4119
4119
4117
4116
4115
4115
4114
4112
4109
4108
4108
4106
4104
4104
4101
4101
4099
4099
4097
4096
4095
4094
4092
4090
4088
4087
4087
4086
4084
4084
4084
4083
4082
4082
4082
4081
4080
4079
4079
4079
4079
4077
4076
4075
4075
4074
4069
4069
4067
4066
4066
4066
4066
4065
4063
4063
4061
4059
4059
4059
4059
4058
4058
4053
4053
4051
4050
4049
4046
4043
4040
4038
4035
4035
4034
4032
4031
4031
4029
4027
4027
4025
4025
4024
4023
4022
4021
4020
4020
4019
4016
4016
4016
4015
4015
4015
4015
4014
4014
4013
4013
4008
4007
4006
4005
4003
4003
4000
3999
3997
3996
3995
3995
3994
3993
3992
3992
3990
3989
3987
3984
3983
3983
3983
3981
3980
3979
3978
3977
3977
3976
3976
3975
3975
3973
3972
3970
3968
3968
3968
3967
3967
3967
3966
3964
3961
3961
3959
3957
3956
3956
3955
3955
3954
3951
3950
3949
3947
3945
3945
3942
3942
3941
3939
3937
3936
3934
3933
3933
3928
3928
3927
3926
3926
3926
3924
3923
3923
3921
3919
3917
3915
3914
3914
3914
3912
3912
3911
3908
3907
3907
3907
3907
3906
3905
3904
3904
3903
3899
3899
3899
3897
3896
3896
3892
3892
3892
3891
3891
3888
3887
3887
3884
3884
3883
3882
3882
3880
3879
3879
3878
3876
3876
3875
3874
3874
3873
3872
3871
3870
3870
3869
3867
3867
3867
3863
3863
3862
3862
3861
3858
3858
3857
3857
3856
3855
3854
3851
3850
3849
3848
3848
3848
3847
3847
3846
3845
3845
3844
3844
3844
3844
3843
3840
3840
3839
3839
3839
3838
3838
3838
3836
3834
3834
3834
3834
3833
3833
3832
3831
3830
3829
3829
3828
3827
3827
3827
3825
3825
3824
3824
3823
3822
3821
3820
3819
3817
3814
3812
3811
3810
3810
3810
3809
3809
3808
3808
3807
3807
3806
3806
3805
3805
3803
3802
3801
3800
3800
3800
3799
3799
3799
3796
3796
3793
3791
3791
3791
3790
3789
3789
3788
3788
3787
3786
3786
3786
3784
3784
3783
3783
3783
3781
3780
3777
3775
3774
3771
3771
3769
3768
3767
3765
3764
3763
3763
3763
3763
3763
3762
3762
3758
3758
3757
3757
3755
3754
3754
3754
3751
3750
3750
3748
3747
3746
3745
3744
3743
3743
3742
3739
3738
3738
3737
3737
3735
3735
3734
3733
3733
3733
3733
3726
3726
3726
3724
3724
3723
3722
3721
3721
3719
3719
3716
3715
3715
3711
3711
3710
3708
3708
3707
3706
3706
3706
3705
3705
3705
3704
3702
3702
3701
3701
3699
3699
3698
3697
3696
3695
3695
3693
3693
3692
3691
3690
3689
3688
3687
3686
3685
3684
3682
3682
3681
3681
3680
3679
3679
3678
3677
3677
3677
3676
3675
3674
3673
3673
3673
3671
3668
3667
3667
3667
3667
3666
3666
3666
3665
3665
3665
3663
3663
3662
3661
3660
3660
3659
3658
3658
3656
3653
3653
3651
3651
3650
3650
3648
3646
3646
3646
3645
3640
3640
3638
3636
3634
3633
3630
3630
3629
3628
3628
3626
3623
3621
3620
3619
3618
3618
3618
3616
3616
3616
3615
3613
3612
3612
3611
3610
3610
3610
3609
3608
3608
3607
3605
3605
3604
3603
3603
3603
3600
3600
3599
3599
3597
3597
3596
3595
3595
3594
3593
3592
3591
3591
3589
3588
3588
3587
3587
3586
3585
3583
3581
3581
3580
3579
3578
3577
3575
3574
3574
3574
3573
3573
3571
3570
3569
3568
3566
3565
3562
3562
3560
3557
3557
3557
3556
3556
3553
3553
3552
3550
3549
3549
3549
3547
3546
3546
3546
3545
3545
3544
3543
3543
3542
3542
3541
3541
3541
3540
3539
3539
3538
3538
3538
3536
3533
3533
3532
3532
3531
3529
3528
3528
3527
3527
3526
3525
3523
3523
3523
3522
3522
3522
3521
3518
3517
3516
3513
3513
3513
3512
3512
3511
3511
3510
3508
3506
3505
3505
3504
3503
3503
3500
3499
3498
3497
3496
3496
3496
3496
3495
3489
3487
3485
3485
3485
3484
3484
3481
3481
3480
3480
3478
3477
3476
3476
3475
3475
3475
3474
3474
3474
3473
3472
3471
3471
3469
3469
3469
3469
3468
3468
3467
3466
3466
3465
3464
3464
3462
3462
3459
3458
3454
3453
3450
3450
3450
3448
3448
3446
3446
3445
3442
3441
3441
3440
3439
3439
3439
3438
3434
3433
3433
3431
3430
3430
3429
3427
3427
3427
3426
3425
3423
3422
3420
3420
3419
3418
3418
3418
3418
3416
3415
3414
3414
3413
3412
3411
3410
3406
3406
3405
3405
3404
3402
3402
3402
3401
3400
3400
3399
3399
3399
3398
3398
3398
3396
3393
3392
3392
3390
3389
3388
3387
3387
3386
3385
3385
3385
3384
3382
3381
3381
3380
3380
3378
3376
3375
3374
3374
3372
3370
3369
3368
3367
3366
3365
3364
3363
3361
3360
3360
3358
3357
3356
3355
3355
3355
3352
3350
3348
3348
3347
3347
3345
3344
3343
3343
3342
3341
3341
3338
3337
3337
3336
3334
3334
3331
3327
3327
3326
3325
3324
3323
3322
3321
3319
3318
3318
3316
3316
3314
3313
3313
3313
3312
3311
3311
3310
3309
3309
3309
3308
3308
3307
3307
3306
3306
3305
3303
3303
3299
3298
3296
3296
3296
3296
3295
3295
3294
3292
3292
3290
3288
3288
3288
3287
3284
3284
3284
3284
3283
3282
3279
3278
3275
3274
3272
3270
3269
3266
3265
3265
3264
3263
3257
3256
3255
3255
3254
3254
3253
3253
3253
3253
3252
3251
3251
3250
3250
3248
3248
3247
3246
3245
3244
3243
3242
3240
3240
3237
3237
3236
3234
3232
3231
3231
3231
3229
3227
3227
3226
3226
3224
3223
3221
3220
3219
3218
3217
3215
3213
3213
3211
3209
3209
3209
3207
3207
3207
3206
3205
3203
3203
3202
3201
3201
3199
3199
3197
3197
3196
3194
3194
3193
3192
3189
3189
3188
3185
3180
3180
3179
3178
3177
3176
3175
3174
3174
3171
3171
3170
3170
3169
3167
3166
3165
3164
3164
3161
3160
3159
3157
3156
3156
3155
3153
3153
3151
3150
3149
3147
3147
3147
3144
3143
3141
3141
3139
3139
3138
3138
3137
3136
3135
3131
3131
3128
3126
3125
3124
3123
3122
3122
3122
3119
3119
3118
3116
3116
3115
3114
3113
3110
3109
3108
3108
3106
3104
3104
3103
3101
3101
3099
3099
3098
3098
3097
3097
3095
3095
3093
3091
3090
3089
3087
3087
3083
3081
3079
3079
3079
3077
3076
3075
3075
3074
3074
3074
3073
3072
3069
3068
3068
3067
3067
3067
3066
3066
3065
3064
3062
3061
3060
3060
3058
3057
3057
3055
3053
3051
3048
3047
3047
3046
3046
3045
3044
3044
3043
3042
3041
3041
3039
3038
3037
3036
3036
3036
3036
3034
3033
3031
3031
3030
3028
3026
3026
3025
3024
3024
3023
3023
3023
3022
3019
3017
3014
3014
3013
3011
3010
3010
3007
3006
3005
3004
3003
3001
3000
2999
2999
2998
2997
2996
2995
2995
2994
2994
2993
2992
2991
2991
2990
2989
2988
2985
2985
2983
2982
2982
2981
2981
2978
2976
2976
2975
2974
2973
2973
2971
2971
2971
2970
2966
2966
2966
2966
2965
2964
2964
2964
2962
2962
2962
2962
2962
2960
2959
2958
2957
2956
2955
2955
2953
2953
2953
2952
2951
2951
2950
2948
2948
2947
2946
2945
2942
2942
2941
2941
2941
2937
2936
2936
2936
2935
2934
2934
2933
2932
2931
2931
2930
2930
2929
2927
2927
2926
2926
2925
2925
2925
2922
2922
2921
2920
2919
2918
2918
2916
2916
2916
2916
2916
2915
2912
2910
2908
2908
2906
2905
2905
2904
2904
2903
2900
2899
2899
2899
2898
2896
2895
2895
2895
2894
2893
2891
2885
2885
2885
2885
2884
2883
2882
2882
2881
2881
2880
2879
2879
2879
2877
2876
2876
2874
2873
2872
2872
2871
2869
2868
2866
2864
2864
2864
2862
2862
2861
2861
2858
2856
2856
2856
2854
2853
2853
2852
2851
2850
2850
2849
2849
2849
2848
2848
2847
2847
2846
2846
2846
2846
2843
2842
2842
2841
2841
2839
2839
2839
2839
2838
2836
2836
2834
2833
2832
2832
2831
2830
2828
2827
2826
2825
2824
2822
2820
2820
2819
2819
2818
2818
2818
2812
2812
2811
2811
2811
2811
2811
2811
2810
2809
2807
2805
2804
2804
2803
2803
2802
2800
2800
2798
2798
2794
2793
2792
2792
2792
2792
2792
2790
2790
2788
2787
2787
2785
2784
2784
2784
2781
2781
2781
2779
2779
2778
2778
2777
2775
2774
2774
2773
2773
2773
2771
2768
2768
2767
2765
2765
2765
2765
2764
2764
2762
2762
2761
2761
2761
2760
2757
2755
2754
2751
2751
2749
2748
2747
2747
2747
2747
2747
2745
2745
2745
2744
2743
2743
2743
2742
2740
2739
2739
2738
2738
2738
2736
2736
2736
2733
2732
2731
2730
2730
2730
2729
2729
2728
2727
2726
2725
2724
2723
2723
2723
2722
2722
2721
2721
2721
2719
2718
2717
2717
2713
2711
2710
2710
2710
2710
2707
2706
2706
2705
2703
2702
2701
2700
2700
2699
2699
2699
2699
2697
2692
2690
2690
2682
2682
2681
2679
2679
2678
2677
2674
2673
2669
2668
2668
2667
2665
2664
2661
2660
2660
2660
2656
2653
2652
2652
2650
2649
2649
2649
2646
2646
2645
2645
2644
2643
2642
2642
2641
2640
2640
2638
2637
2635
2634
2633
2632
2632
2631
2630
2630
2629
2627
2626
2624
2623
2623
2622
2621
2620
2620
2620
2620
2619
2619
2618
2618
2617
2617
2617
2616
2615
2614
2614
2612
2612
2611
2610
2610
2609
2609
2609
2609
2607
2607
2605
2605
2604
2600
2600
2600
2600
2599
2598
2598
2596
2596
2595
2595
2592
2591
2590
2590
2590
2589
2588
2588
2587
2586
2584
2584
2583
2581
2580
2580
2580
2579
2578
2578
2577
2576
2574
2574
2574
2574
2573
2571
2571
2570
2569
2568
2567
2567
2563
2561
2561
2559
2558
2558
2557
2556
2555
2554
2554
2553
2550
2550
2550
2550
2548
2548
2547
2547
2546
2546
2545
2544
2543
2543
2542
2541
2538
2538
2535
2535
2534
2532
2531
2529
2529
2527
2524
2523
2523
2522
2522
2521
2519
2518
2518
2516
2515
2514
2513
2511
2510
2510
2510
2510
2509
2507
2506
2505
2502
2502
2502
2500
2500
2499
2498
2497
2495
2493
2492
2492
2491
2490
2488
2487
2487
2484
2482
2482
2476
2475
2471
2471
2470
2470
2469
2469
2469
2468
2467
2466
2465
2465
2464
2464
2463
2462
2461
2460
2459
2459
2457
2457
2456
2455
2455
2454
2454
2453
2450
2449
2448
2448
2447
2447
2447
2447
2443
2442
2442
2440
2440
2439
2436
2435
2432
2431
2430
2428
2427
2426
2426
2426
2426
2425
2424
2422
2421
2421
2421
2418
2416
2416
2415
2414
2413
2408
2407
2406
2405
2404
2404
2404
2402
2401
2400
2400
2397
2395
2394
2394
2393
2390
2390
2388
2387
2387
2385
2385
2385
2384
2384
2384
2382
2382
2382
2382
2381
2380
2380
2380
2376
2372
2371
2371
2367
2364
2364
2363
2357
2356
2356
2355
2354
2354
2353
2353
2352
2350
2350
2349
2345
2344
2342
2341
2341
2338
2338
2337
2336
2335
2335
2334
2333
2332
2332
2331
2330
2330
2330
2329
2328
2327
2327
2325
2323
2322
2321
2317
2316
2315
2314
2314
2313
2312
2311
2311
2311
2311
2309
2309
2308
2308
2306
2306
2306
2304
2304
2301
2300
2298
2297
2297
2296
2295
2293
2293
2292
2288
2286
2285
2285
2285
2283
2282
2281
2281
2280
2280
2277
2276
2276
2276
2274
2274
2274
2273
2273
2270
2270
2268
2267
2266
2266
2264
2264
2263
2263
2260
2260
2259
2257
2256
2256
2256
2254
2254
2254
2253
2252
2252
2252
2252
2251
2251
2250
2249
2247
2247
2247
2244
2244
2243
2241
2238
2238
2237
2236
2236
2235
2233
2232
2232
2231
2231
2230
2229
2227
2225
2224
2224
2221
2221
2221
2221
2220
2218
2218
2217
2216
2213
2213
2212
2212
2212
2211
2211
2209
2209
2208
2207
2206
2206
2205
2204
2203
2203
2203
2198
2193
2192
2191
2190
2189
2188
2187
2187
2186
2186
2186
2186
2185
2185
2182
2181
2181
2181
2180
2180
2179
2179
2178
2178
2177
2177
2177
2175
2174
2172
2169
2169
2168
2168
2168
2167
2166
2166
2165
2165
2164
2163
2162
2161
2161
2160
2160
2159
2159
2158
2158
2158
2157
2156
2155
2152
2152
2151
2149
2147
2147
2146
2145
2144
2144
2143
2143
2142
2142
2142
2141
2141
2140
2140
2135
2135
2134
2134
2133
2132
2131
2131
2130
2130
2127
2127
2125
2125
2125
2124
2122
2122
2121
2120
2119
2119
2118
2118
2116
2115
2114
2114
2113
2111
2109
2109
2109
2107
2105
2104
2103
2101
2100
2100
2100
2100
2098
2097
2097
2094
2093
2093
2092
2092
2092
2090
2089
2089
2089
2088
2086
2086
2085
2085
2083
2082
2082
2082
2081
2079
2078
2078
2074
2073
2073
2073
2072
2071
2071
2071
2071
2070
2069
2068
2067
2067
2066
2066
2066
2065
2065
2065
2063
2062
2061
2060
2059
2059
2057
2056
2056
2056
2053
2053
2052
2050
2049
2049
2047
2046
2046
2045
2043
2040
2039
2039
2036
2036
2035
2035
2034
2033
2033
2032
2029
2029
2027
2027
2026
2026
2024
2024
2024
2023
2023
2022
2021
2019
2018
2017
2015
2015
2015
2014
2014
2013
2010
2010
2009
2009
2007
2006
2004
2003
2002
2002
2001
1999
1998
1994
1992
1991
1990
1988
1986
1984
1984
1983
1982
1980
1979
1979
1978
1978
1977
1976
1975
1974
1973
1972
1970
1970
1970
1969
1969
1968
1966
1965
1964
1963
1962
1961
1961
1960
1960
1959
1958
1958
1955
1953
1949
1949
1947
1947
1947
1947
1941
1941
1939
1939
1938
1937
1934
1931
1930
1930
1926
1926
1926
1925
1924
1924
1923
1923
1921
1921
1917
1915
1914
1913
1912
1910
1909
1908
1908
1907
1907
1907
1906
1906
1904
1903
1901
1900
1899
1898
1897
1896
1895
1892
1891
1891
1891
1890
1889
1888
1887
1886
1885
1884
1883
1882
1881
1880
1879
1879
1878
1877
1876
1876
1872
1872
1871
1871
1869
1868
1868
1868
1868
1866
1863
1863
1862
1859
1858
1857
1857
1854
1854
1853
1853
1852
1852
1850
1849
1849
1849
1847
1847
1845
1844
1844
1843
1839
1839
1838
1838
1834
1834
1833
1831
1831
1830
1830
1829
1827
1825
1823
1823
1822
1822
1820
1820
1820
1818
1815
1813
1813
1811
1811
1807
1806
1805
1805
1804
1802
1800
1796
1795
1795
1794
1794
1793
1791
1791
1790
1790
1789
1788
1785
1784
1784
1782
1780
1778
1776
1776
1774
1773
1773
1772
1768
1768
1768
1765
1763
1762
1761
1760
1759
1758
1757
1756
1755
1754
1754
1754
1754
1754
1753
1753
1753
1752
1752
1752
1749
1748
1747
1747
1745
1745
1745
1743
1742
1741
1741
1738
1737
1735
1734
1732
1731
1730
1728
1728
1727
1727
1727
1726
1725
1725
1725
1724
1724
1724
1723
1722
1721
1721
1721
1720
1720
1719
1718
1716
1716
1712
1711
1710
1709
1709
1708
1707
1707
1703
1702
1702
1702
1701
1701
1700
1699
1699
1695
1694
1693
1692
1692
1691
1690
1690
1690
1689
1688
1688
1686
1686
1684
1680
1680
1679
1679
1679
1678
1674
1673
1671
1670
1670
1669
1668
1668
1667
1666
1666
1666
1666
1665
1665
1664
1664
1661
1659
1659
1659
1659
1658
1657
1657
1657
1654
1653
1653
1653
1653
1652
1652
1650
1650
1648
1648
1646
1646
1645
1644
1644
1641
1640
1639
1638
1638
1637
1636
1635
1633
1633
1633
1632
1632
1628
1627
1627
1627
1625
1619
1616
1616
1615
1615
1614
1614
1613
1613
1612
1612
1612
1611
1610
1609
1608
1605
1605
1601
1601
1600
1599
1599
1598
1597
1597
1594
1593
1592
1591
1591
1591
1590
1588
1588
1588
1587
1586
1585
1585
1584
1584
1584
1582
1582
1581
1580
1578
1578
1577
1577
1576
1573
1573
1570
1569
1567
1567
1566
1565
1565
1565
1565
1564
1564
1562
1562
1562
1560
1560
1559
1558
1555
1554
1553
1552
1551
1550
1548
1548
1547
1547
1546
1546
1545
1543
1543
1543
1542
1542
1542
1541
1541
1539
1538
1538
1537
1536
1536
1535
1534
1533
1533
1533
1529
1529
1528
1528
1527
1526
1526
1525
1524
1524
1524
1518
1517
1517
1516
1515
1515
1514
1513
1513
1512
1512
1509
1509
1509
1509
1509
1507
1507
1506
1505
1505
1505
1503
1500
1499
1497
1496
1496
1490
1489
1489
1488
1487
1485
1485
1484
1484
1482
1480
1479
1477
1477
1477
1476
1473
1473
1473
1470
1467
1462
1461
1459
1458
1457
1455
1450
1449
1448
1448
1448
1448
1448
1444
1444
1444
1442
1442
1441
1441
1441
1438
1438
1437
1436
1436
1436
1433
1431
1430
1430
1430
1428
1428
1428
1427
1426
1426
1426
1424
1422
1422
1421
1417
1417
1416
1414
1414
1414
1412
1412
1411
1410
1409
1409
1408
1408
1407
1407
1404
1403
1402
1399
1396
1395
1394
1393
1393
1391
1390
1389
1388
1388
1387
1385
1384
1383
1382
1381
1380
1377
1377
1377
1376
1376
1376
1376
1376
1375
1374
1374
1374
1373
1373
1372
1372
1370
1368
1366
1366
1364
1364
1362
1361
1361
1360
1359
1357
1357
1356
1356
1356
1354
1353
1353
1352
1352
1352
1351
1350
1349
1346
1346
1345
1344
1343
1343
1341
1340
1338
1338
1337
1337
1337
1337
1336
1336
1335
1334
1333
1332
1332
1332
1331
1331
1329
1326
1325
1324
1324
1322
1322
1322
1321
1320
1318
1314
1314
1312
1311
1309
1308
1307
1307
1306
1305
1303
1301
1300
1300
1299
1296
1296
1294
1294
1291
1289
1287
1284
1283
1283
1282
1282
1281
1279
1279
1278
1278
1277
1273
1273
1272
1271
1270
1269
1267
1266
1265
1265
1263
1263
1262
1261
1261
1260
1259
1259
1259
1259
1256
1256
1254
1253
1252
1252
1248
1247
1245
1244
1243
1243
1242
1241
1240
1240
1237
1237
1234
1233
1232
1228
1226
1226
1226
1225
1223
1222
1221
1219
1219
1219
1218
1217
1217
1215
1215
1214
1213
1211
1210
1210
1210
1209
1208
1207
1204
1203
1203
1202
1202
1201
1201
1197
1197
1196
1196
1196
1194
1193
1193
1192
1188
1184
1182
1180
1180
1179
1175
1174
1172
1172
1171
1169
1168
1167
1167
1167
1166
1165
1165
1164
1164
1163
1161
1160
1160
1160
1157
1157
1156
1155
1154
1154
1153
1151
1150
1150
1145
1144
1144
1144
1144
1143
1143
1142
1139
1139
1138
1137
1133
1133
1132
1132
1131
1130
1130
1127
1124
1122
1121
1121
1120
1119
1117
1117
1116
1116
1116
1114
1112
1112
1111
1111
1110
1108
1107
1107
1107
1104
1104
1103
1103
1103
1103
1102
1101
1097
1096
1095
1092
1092
1091
1091
1091
1089
1087
1085
1083
1083
1083
1081
1080
1080
1077
1077
1076
1075
1075
1075
1074
1073
1073
1072
1071
1070
1070
1070
1069
1069
1068
1068
1068
1068
1067
1065
1064
1063
1060
1059
1058
1058
1056
1053
1053
1052
1052
1051
1050
1049
1048
1043
1041
1041
1041
1040
1036
1036
1036
1034
1033
1033
1032
1032
1032
1031
1031
1030
1030
1025
1025
1024
1024
1022
1022
1021
1021
1020
1019
1019
1016
1015
1011
1010
1009
1009
1008
1006
1006
1003
1003
1002
1001
998
997
996
996
996
994
994
994
992
991
990
989
989
986
985
984
984
982
981
981
981
980
979
978
978
977
975
974
974
974
973
972
971
970
968
967
963
963
962
961
961
960
959
957
955
955
953
952
948
948
948
948
948
947
946
945
945
944
943
942
942
941
940
940
938
938
936
936
934
933
933
932
930
930
929
929
928
924
923
922
922
921
920
920
919
918
918
917
916
915
911
909
907
906
906
906
905
904
902
899
899
896
896
895
895
894
894
893
893
891
891
891
890
890
889
887
886
881
881
881
880
880
878
877
876
876
874
873
872
872
871
868
868
868
867
865
865
865
865
861
861
861
859
859
858
858
858
857
856
856
856
855
854
854
854
853
853
853
850
848
847
846
845
844
843
841
841
841
841
839
836
835
834
831
831
830
829
829
829
829
828
828
827
826
824
824
823
823
821
821
819
819
818
818
816
813
813
811
808
807
807
804
803
803
802
801
801
799
799
797
796
796
794
794
794
793
791
790
789
787
786
786
786
785
785
783
783
781
780
779
779
778
777
777
775
774
773
773
772
771
770
770
769
768
768
765
764
763
762
762
762
761
758
757
757
755
755
754
753
752
752
752
752
749
749
749
748
748
747
747
746
744
744
744
743
743
741
741
737
737
737
736
735
735
734
734
734
733
733
729
728
727
726
724
724
724
724
724
723
722
722
719
719
719
719
719
718
718
716
716
715
713
713
712
712
710
710
710
708
707
705
705
702
701
701
700
698
698
698
697
696
695
694
694
694
693
692
692
691
690
690
690
688
685
684
684
683
682
682
678
676
676
674
673
673
673
671
669
669
666
666
665
664
663
659
656
655
655
654
653
652
652
652
652
651
651
650
649
648
648
647
645
645
645
644
642
641
640
639
639
636
634
633
633
633
632
631
631
631
631
630
629
629
629
628
624
623
621
617
617
616
616
613
613
613
613
610
610
610
609
607
606
604
601
599
599
595
594
593
592
592
591
588
587
584
582
580
579
579
579
578
578
577
573
572
572
571
569
567
565
565
564
562
561
561
561
557
556
555
555
553
550
550
546
545
545
544
542
542
541
539
538
537
535
535
535
533
533
532
531
531
526
525
524
522
522
521
521
520
520
519
519
519
517
516
516
513
513
513
510
509
509
508
508
507
506
506
504
503
503
502
501
499
499
497
496
496
495
493
491
490
489
489
488
485
485
483
482
481
479
478
476
474
472
470
469
469
464
464
463
461
460
459
458
458
458
457
456
452
452
452
449
448
445
445
445
444
444
444
443
443
443
442
441
441
439
438
436
435
433
433
433
432
431
428
428
425
425
425
424
422
422
420
420
418
417
415
414
414
409
408
406
404
403
402
401
400
399
399
399
398
397
396
396
396
395
394
394
394
393
391
391
388
387
384
380
380
380
379
378
378
376
375
375
375
372
371
371
370
368
368
366
365
365
365
363
362
362
361
360
359
357
356
355
353
353
353
352
352
351
350
349
349
349
347
346
344
344
343
343
342
340
340
338
335
335
335
333
332
330
330
329
325
322
321
320
320
319
318
317
316
316
315
314
313
312
311
311
310
310
310
308
308
308
307
307
306
305
304
304
304
303
302
301
300
298
298
298
294
293
291
291
291
291
289
287
286
284
284
283
282
280
280
279
275
275
275
272
271
271
270
270
269
269
268
268
268
265
265
264
263
263
262
262
262
261
259
259
257
256
256
256
256
255
254
253
250
249
249
248
247
244
244
244
243
241
241
239
238
238
237
237
237
236
236
236
235
234
233
230
230
228
225
224
222
221
217
217
215
212
212
211
211
209
209
208
207
205
204
204
204
203
201
201
197
197
197
196
194
193
192
191
190
190
189
188
187
187
185
183
182
180
178
176
174
173
170
170
169
165
163
163
162
162
162
162
162
160
159
159
158
157
157
156
156
155
155
155
154
154
153
151
150
148
145
143
141
141
135
132
131
130
129
128
128
128
126
125
124
123
123
120
119
117
117
116
116
115
115
113
113
113
110
106
106
105
101
101
99
99
99
99
98
98
97
95
94
92
92
91
91
90
90
89
88
87
87
86
86
85
85
84
84
83
83
83
82
81
81
78
78
77
77
76
75
72
72
70
70
70
70
69
67
65
64
63
62
60
60
58
57
56
56
54
53
52
51
50
50
49
48
48
46
45
43
42
42
41
41
38
38
37
35
35
34
34
33
32
31
30
29
28
27
26
24
23
23
23
18
17
17
14
13
13
12
12
4
3
3
2
1
