9998
9997
9997
9996
9995
9994
9994
9994
9994
9990
9990
9989
9987
9984
9982
9981
9980
9977
9976
9975
9974
9974
9974
9972
9972
9970
9970
9967
9966
9965
9964
9962
9961
9961
9958
9958
9958
9957
9956
9956
9956
9953
9953
9952
9952
9950
9950
9949
9948
9947
9947
9945
9945
9944
9944
9944
9943
9941
9941
9940
9940
9940
9938
9937
9937
9935
9934
9934
9934
9933
9931
9931
9929
9928
9928
9928
9927
9926
9926
9925
9924
9924
9921
9920
9920
9919
9919
9915
9913
9912
9911
9908
9905
9905
9902
9901
9900
9900
9899
9899
9898
9898
9896
9896
9894
9893
9887
9887
9887
9885
9885
9883
9883
9883
9882
9882
9881
9881
9881
9879
9878
9876
9876
9872
9872
9871
9871
9871
9870
9869
9867
9866
9865
9865
9864
9864
9863
9861
9861
9861
9861
9861
9860
9860
9859
9858
9856
9855
9854
9852
9849
9849
9847
9846
9845
9844
9843
9843
9841
9841
9838
9837
9837
9837
9834
9834
9834
9834
9834
9833
9832
9831
9829
9828
9828
9826
9826
9822
9820
9820
9819
9819
9817
9817
9815
9814
9812
9812
9807
9807
9807
9804
9801
9800
9799
9799
9798
9798
9797
9796
9793
9792
9791
9789
9788
9788
9786
9786
9786
9785
9784
9783
9780
9779
9779
9778
9777
9774
9774
9774
9772
9770
9769
9769
9767
9764
9764
9764
9762
9762
9762
9761
9760
9760
9760
9758
9757
9757
9757
9756
9756
9755
9755
9754
9750
9748
9746
9746
9746
9745
9743
9742
9741
9741
9741
9737
9735
9734
9732
9731
9730
9730
9728
9727
9726
9725
9724
9723
9723
9723
9723
9722
9719
9718
9717
9716
9716
9715
9714
9713
9711
9711
9709
9709
9708
9707
9707
9707
9706
9705
9705
9703
9702
9699
9699
9699
9697
9695
9695
9694
9694
9693
9692
9692
9690
9687
9687
9686
9685
9685
9685
9685
9682
9680
9680
9676
9675
9674
9669
9669
9668
9667
9667
9667
9664
9663
9663
9662
9661
9659
9657
9656
9656
9655
9655
9655
9655
9654
9653
9652
9650
9648
9648
9648
9647
9646
9646
9643
9643
9643
9642
9641
9641
9640
9640
9639
9638
9636
9636
9633
9631
9630
9630
9627
9626
9625
9625
9622
9621
9620
9620
9619
9618
9618
9613
9612
9612
9612
9610
9610
9608
9608
9607
9607
9604
9603
9602
9601
9601
9599
9597
9597
9595
9595
9595
9593
9592
9587
9583
9583
9581
9580
9580
9580
9580
9579
9579
9579
9578
9578
9578
9577
9576
9575
9574
9573
9571
9571
9571
9571
9570
9567
9566
9562
9562
9561
9560
9560
9559
9559
9559
9558
9557
9557
9557
9556
9556
9555
9553
9553
9552
9552
9551
9550
9550
9549
9548
9543
9543
9542
9541
9541
9540
9538
9538
9536
9536
9533
9533
9532
9532
9531
9530
9527
9527
9526
9526
9525
9524
9524
9519
9516
9512
9512
9510
9510
9509
9509
9509
9508
9507
9507
9507
9506
9506
9505
9504
9504
9503
9502
9502
9498
9498
9497
9496
9496
9493
9492
9490
9489
9488
9488
9487
9487
9487
9487
9486
9486
9485
9485
9484
9484
9482
9482
9479
9479
9476
9472
9472
9470
9466
9465
9464
9463
9460
9460
9459
9458
9458
9457
9457
9456
9456
9454
9452
9452
9451
9451
9449
9449
9446
9446
9445
9445
9444
9444
9443
9441
9441
9440
9437
9437
9437
9437
9436
9434
9434
9434
9434
9433
9432
9430
9426
9426
9425
9425
9424
9423
9422
9419
9419
9418
9417
9417
9414
9414
9414
9412
9409
9409
9405
9404
9404
9402
9402
9402
9402
9398
9395
9394
9394
9394
9393
9393
9392
9392
9391
9390
9389
9388
9385
9385
9385
9385
9384
9384
9383
9382
9382
9381
9380
9380
9379
9379
9378
9373
9372
9372
9370
9369
9368
9365
9363
9363
9361
9361
9358
9358
9357
9356
9354
9354
9353
9352
9352
9352
9349
9348
9348
9347
9347
9346
9345
9344
9343
9341
9341
9340
9338
9337
9337
9336
9335
9333
9331
9331
9330
9328
9328
9323
9323
9321
9321
9320
9318
9318
9317
9315
9315
9315
9314
9313
9313
9311
9309
9308
9307
9307
9307
9306
9304
9303
9302
9300
9299
9299
9299
9299
9299
9298
9296
9295
9295
9294
9293
9292
9292
9290
9290
9289
9287
9287
9286
9286
9286
9285
9281
9278
9278
9277
9277
9275
9275
9275
9275
9270
9269
9269
9268
9267
9267
9267
9266
9266
9265
9265
9263
9263
9261
9260
9259
9256
9253
9253
9253
9253
9253
9252
9251
9251
9251
9250
9249
9249
9249
9249
9249
9248
9246
9244
9244
9244
9244
9243
9240
9240
9240
9239
9237
9236
9235
9233
9233
9230
9229
9223
9223
9220
9218
9217
9217
9215
9214
9213
9210
9209
9208
9207
9207
9205
9205
9204
9201
9201
9199
9197
9196
9194
9193
9193
9192
9190
9190
9189
9189
9188
9187
9187
9187
9183
9183
9182
9178
9173
9172
9171
9170
9169
9169
9166
9166
9165
9164
9160
9159
9159
9159
9155
9153
9153
9152
9150
9148
9147
9145
9145
9144
9141
9140
9139
9139
9138
9137
9137
9137
9136
9136
9136
9134
9134
9133
9132
9132
9129
9128
9122
9122
9119
9117
9117
9116
9116
9115
9113
9112
9112
9111
9111
9110
9106
9106
9102
9099
9098
9098
9095
9095
9095
9092
9091
9091
9090
9089
9087
9087
9087
9086
9085
9085
9085
9085
9083
9082
9082
9079
9079
9078
9078
9078
9077
9077
9076
9076
9076
9075
9075
9073
9072
9071
9071
9071
9070
9069
9069
9068
9066
9066
9064
9063
9063
9062
9061
9061
9058
9058
9057
9056
9055
9053
9051
9050
9049
9049
9049
9049
9048
9048
9047
9047
9047
9044
9043
9043
9042
9039
9037
9035
9035
9034
9033
9033
9031
9031
9031
9030
9028
9027
9026
9026
9023
9022
9022
9021
9018
9017
9017
9016
9015
9014
9013
9013
9013
9013
9012
9009
9008
9007
9006
9006
9006
9005
9005
8997
8996
8995
8995
8994
8994
8994
8993
8993
8990
8988
8987
8986
8985
8985
8985
8985
8983
8982
8982
8981
8979
8978
8976
8976
8976
8975
8971
8968
8967
8967
8966
8966
8966
8965
8963
8963
8962
8961
8960
8957
8957
8956
8954
8953
8952
8952
8950
8948
8947
8946
8945
8944
8943
8943
8942
8941
8939
8938
8938
8937
8937
8936
8936
8936
8935
8934
8934
8933
8932
8932
8932
8931
8931
8930
8929
8926
8926
8923
8920
8918
8917
8915
8915
8914
8914
8913
8912
8911
8911
8911
8911
8910
8909
8908
8908
8907
8906
8901
8900
8900
8898
8896
8896
8894
8893
8892
8892
8890
8890
8889
8888
8887
8887
8887
8886
8885
8885
8883
8882
8882
8881
8881
8879
8879
8877
8877
8874
8874
8873
8872
8871
8871
8871
8870
8868
8867
8867
8866
8866
8865
8864
8864
8863
8863
8862
8861
8860
8860
8858
8857
8856
8856
8856
8853
8851
8850
8850
8849
8845
8842
8841
8840
8840
8839
8837
8837
8836
8835
8835
8835
8834
8833
8832
8832
8830
8830
8828
8828
8828
8827
8826
8825
8825
8823
8820
8818
8817
8816
8814
8810
8809
8809
8808
8807
8805
8804
8800
8799
8799
8798
8798
8798
8796
8795
8794
8794
8793
8793
8793
8791
8789
8789
8789
8789
8788
8787
8785
8784
8782
8781
8780
8780
8779
8779
8779
8778
8776
8775
8772
8771
8769
8768
8767
8766
8766
8766
8766
8765
8764
8764
8763
8763
8763
8762
8761
8761
8759
8758
8756
8755
8754
8752
8751
8751
8750
8750
8750
8750
8750
8749
8748
8747
8746
8746
8746
8746
8745
8744
8743
8743
8742
8742
8740
8739
8739
8737
8736
8735
8734
8733
8733
8731
8731
8726
8723
8723
8723
8722
8722
8720
8719
8717
8717
8714
8714
8711
8711
8710
8710
8709
8705
8704
8704
8701
8700
8699
8699
8697
8696
8696
8696
8695
8692
8691
8690
8689
8685
8684
8683
8681
8681
8680
8680
8678
8678
8676
8675
8673
8672
8672
8669
8668
8666
8666
8666
8664
8663
8662
8661
8660
8660
8659
8655
8654
8654
8653
8653
8652
8652
8651
8646
8646
8644
8643
8642
8641
8640
8640
8638
8638
8638
8638
8637
8634
8633
8633
8632
8630
8630
8629
8629
8628
8627
8626
8625
8625
8624
8624
8623
8621
8620
8620
8620
8620
8619
8618
8617
8617
8617
8616
8615
8613
8611
8610
8610
8609
8608
8608
8607
8604
8604
8603
8602
8602
8601
8601
8600
8599
8595
8595
8593
8592
8592
8592
8591
8589
8587
8587
8586
8586
8585
8583
8582
8579
8579
8578
8577
8575
8575
8572
8572
8572
8571
8571
8570
8570
8569
8569
8569
8569
8567
8567
8566
8563
8563
8563
8563
8562
8561
8561
8561
8561
8557
8555
8555
8555
8554
8552
8552
8551
8549
8547
8547
8546
8546
8543
8542
8541
8541
8541
8540
8537
8537
8537
8535
8535
8532
8532
8529
8529
8528
8528
8527
8527
8525
8524
8524
8524
8522
8521
8521
8518
8515
8515
8514
8513
8513
8512
8512
8509
8508
8507
8507
8507
8505
8505
8504
8503
8502
8502
8502
8500
8500
8500
8499
8499
8498
8498
8497
8495
8494
8493
8491
8491
8490
8488
8488
8485
8484
8481
8481
8481
8480
8478
8477
8475
8473
8473
8473
8472
8472
8470
8468
8465
8465
8464
8463
8462
8462
8462
8462
8460
8460
8459
8459
8458
8457
8457
8453
8453
8452
8452
8452
8449
8449
8448
8448
8448
8446
8446
8445
8444
8442
8441
8441
8441
8440
8439
8439
8438
8433
8433
8431
8431
8429
8429
8429
8427
8427
8425
8425
8425
8424
8424
8423
8423
8423
8421
8417
8415
8412
8412
8412
8409
8408
8407
8407
8407
8407
8406
8403
8403
8402
8402
8401
8401
8401
8397
8396
8396
8395
8395
8393
8393
8392
8392
8390
8388
8387
8387
8386
8384
8382
8380
8379
8379
8378
8377
8375
8374
8372
8372
8372
8371
8371
8371
8368
8368
8365
8363
8361
8361
8361
8360
8360
8360
8359
8358
8357
8357
8355
8354
8354
8353
8352
8351
8351
8350
8350
8350
8350
8349
8344
8342
8341
8339
8338
8338
8337
8334
8333
8333
8332
8332
8331
8331
8331
8330
8329
8329
8329
8328
8327
8327
8324
8323
8323
8321
8320
8320
8319
8319
8317
8316
8315
8312
8312
8311
8309
8309
8308
8307
8306
8304
8303
8303
8302
8302
8301
8301
8300
8297
8297
8295
8295
8295
8291
8290
8290
8288
8288
8286
8286
8285
8284
8284
8284
8282
8281
8280
8279
8278
8277
8275
8275
8274
8273
8273
8271
8269
8268
8267
8267
8266
8265
8264
8264
8262
8262
8262
8260
8259
8257
8253
8253
8253
8250
8250
8248
8247
8247
8245
8245
8245
8243
8243
8241
8238
8237
8232
8232
8231
8230
8230
8229
8226
8225
8224
8224
8223
8222
8222
8221
8219
8219
8219
8218
8216
8216
8216
8215
8214
8214
8212
8212
8211
8210
8209
8208
8207
8205
8205
8204
8203
8202
8202
8201
8201
8198
8197
8196
8196
8195
8195
8193
8192
8191
8190
8189
8189
8189
8189
8188
8188
8188
8187
8186
8185
8185
8185
8185
8185
8184
8184
8183
8181
8180
8177
8176
8175
8175
8174
8174
8174
8173
8172
8172
8171
8171
8169
8169
8168
8167
8166
8165
8165
8160
8159
8159
8159
8159
8158
8157
8156
8155
8154
8153
8152
8152
8151
8151
8148
8148
8145
8144
8144
8143
8143
8143
8142
8142
8140
8139
8137
8137
8135
8135
8135
8133
8132
8131
8131
8131
8130
8129
8127
8125
8125
8125
8124
8122
8122
8120
8120
8118
8116
8116
8115
8114
8113
8112
8111
8108
8107
8106
8106
8102
8101
8101
8100
8099
8097
8097
8096
8094
8094
8092
8092
8091
8090
8088
8087
8086
8085
8085
8085
8084
8084
8084
8084
8084
8083
8083
8081
8080
8080
8079
8079
8079
8078
8078
8077
8076
8076
8075
8074
8072
8072
8072
8072
8071
8071
8070
8065
8064
8061
8060
8060
8059
8058
8057
8057
8056
8055
8054
8052
8051
8050
8049
8048
8047
8046
8046
8045
8045
8043
8041
8040
8040
8040
8039
8038
8038
8037
8036
8034
8033
8032
8031
8031
8031
8031
8030
8030
8028
8028
8026
8025
8024
8023
8022
8020
8020
8018
8018
8016
8015
8014
8014
8014
8014
8013
8012
8010
8009
8005
8005
8002
8000
8000
8000
8000
8000
7998
7996
7995
7995
7994
7991
7991
7991
7991
7990
7990
7989
7986
7984
7983
7981
7977
7976
7975
7975
7974
7973
7973
7973
7971
7970
7969
7968
7968
7967
7967
7965
7965
7965
7965
7963
7962
7962
7962
7959
7958
7958
7958
7957
7956
7956
7955
7953
7953
7953
7952
7952
7952
7950
7949
7947
7946
7945
7943
7943
7943
7942
7941
7941
7940
7940
7939
7938
7938
7938
7936
7936
7936
7935
7935
7934
7934
7934
7930
7928
7927
7926
7925
7925
7924
7923
7921
7918
7915
7915
7913
7912
7910
7910
7909
7908
7907
7907
7906
7905
7905
7903
7902
7902
7901
7901
7901
7899
7897
7896
7896
7896
7895
7895
7894
7893
7892
7892
7890
7890
7889
7889
7889
7888
7887
7885
7885
7883
7882
7880
7880
7879
7879
7879
7877
7877
7877
7873
7872
7871
7870
7870
7868
7866
7864
7864
7863
7863
7862
7861
7860
7859
7859
7857
7854
7854
7854
7853
7852
7851
7850
7849
7847
7847
7846
7846
7845
7845
7844
7844
7844
7842
7840
7840
7840
7838
7835
7834
7833
7832
7832
7832
7832
7831
7830
7829
7829
7828
7827
7825
7825
7821
7821
7821
7818
7815
7814
7812
7812
7810
7808
7808
7805
7805
7802
7801
7801
7800
7798
7798
7797
7796
7794
7793
7790
7790
7787
7787
7786
7786
7786
7785
7784
7783
7783
7781
7781
7780
7780
7779
7778
7778
7775
7774
7773
7773
7772
7770
7769
7768
7768
7767
7767
7767
7764
7764
7764
7764
7763
7762
7761
7760
7758
7758
7755
7755
7754
7754
7753
7753
7752
7751
7750
7748
7744
7744
7744
7743
7741
7739
7737
7735
7732
7731
7730
7729
7728
7727
7726
7724
7723
7723
7722
7722
7721
7718
7716
7716
7716
7713
7713
7710
7709
7709
7708
7705
7705
7704
7702
7702
7700
7699
7698
7696
7693
7693
7692
7691
7690
7690
7689
7689
7686
7684
7679
7679
7678
7677
7675
7673
7671
7670
7668
7668
7668
7667
7666
7665
7665
7664
7664
7663
7661
7656
7656
7656
7652
7652
7651
7650
7649
7648
7648
7648
7647
7647
7646
7645
7643
7640
7640
7639
7639
7638
7637
7636
7635
7635
7634
7633
7633
7628
7628
7627
7627
7625
7624
7624
7624
7623
7623
7622
7622
7622
7619
7617
7617
7616
7616
7616
7615
7614
7614
7613
7612
7611
7611
7610
7609
7609
7609
7609
7606
7606
7604
7603
7602
7601
7601
7600
7599
7598
7598
7598
7596
7595
7592
7591
7590
7585
7583
7580
7580
7580
7578
7578
7578
7578
7578
7576
7575
7575
7575
7572
7568
7567
7564
7564
7562
7561
7557
7557
7556
7554
7554
7553
7550
7549
7547
7546
7545
7545
7545
7543
7542
7538
7537
7536
7535
7534
7534
7531
7531
7530
7529
7529
7529
7525
7523
7523
7522
7521
7519
7519
7518
7518
7516
7516
7514
7514
7513
7513
7512
7512
7512
7507
7505
7504
7503
7502
7502
7502
7501
7500
7500
7499
7498
7495
7494
7492
7492
7490
7489
7489
7488
7487
7485
7483
7481
7480
7478
7478
7476
7475
7474
7473
7473
7472
7469
7468
7468
7468
7468
7468
7464
7464
7464
7463
7461
7461
7461
7461
7460
7460
7458
7455
7455
7453
7453
7452
7451
7450
7448
7448
7447
7447
7447
7446
7446
7442
7442
7441
7441
7439
7439
7438
7438
7437
7435
7434
7433
7433
7431
7430
7429
7429
7428
7428
7427
7425
7425
7421
7421
7420
7420
7418
7417
7414
7414
7413
7412
7412
7411
7411
7410
7410
7410
7408
7408
7408
7407
7407
7405
7405
7402
7401
7400
7400
7399
7397
7397
7392
7391
7390
7390
7389
7389
7387
7387
7386
7385
7384
7382
7381
7379
7378
7378
7377
7375
7373
7373
7372
7370
7369
7369
7365
7364
7363
7363
7362
7361
7361
7361
7361
7360
7358
7356
7356
7355
7355
7354
7353
7353
7351
7351
7350
7350
7350
7349
7349
7347
7346
7346
7345
7345
7345
7343
7343
7342
7342
7342
7340
7339
7339
7338
7337
7335
7334
7334
7333
7333
7332
7332
7332
7332
7328
7327
7327
7327
7321
7320
7318
7318
7318
7317
7317
7316
7314
7314
7312
7310
7310
7308
7308
7307
7305
7303
7301
7300
7300
7298
7298
7297
7296
7295
7295
7294
7294
7293
7293
7293
7293
7291
7290
7289
7281
7281
7281
7280
7280
7279
7278
7277
7276
7276
7275
7274
7274
7270
7264
7263
7263
7263
7263
7263
7263
7262
7261
7259
7259
7255
7252
7252
7251
7250
7249
7247
7247
7246
7246
7245
7245
7241
7241
7240
7237
7236
7236
7234
7234
7233
7232
7228
7227
7227
7226
7226
7226
7226
7225
7223
7219
7218
7218
7217
7217
7216
7215
7215
7214
7213
7213
7213
7212
7210
7209
7208
7206
7205
7204
7203
7202
7201
7200
7200
7199
7196
7196
7195
7194
7192
7192
7192
7191
7190
7189
7189
7187
7187
7186
7186
7186
7185
7184
7184
7180
7179
7178
7176
7176
7175
7175
7172
7172
7172
7171
7171
7171
7168
7167
7166
7165
7164
7164
7160
7160
7160
7160
7158
7157
7152
7151
7150
7148
7148
7147
7147
7147
7145
7144
7140
7139
7139
7138
7137
7136
7136
7135
7133
7132
7131
7131
7129
7129
7129
7128
7127
7126
7125
7123
7123
7122
7122
7121
7120
7120
7120
7119
7118
7117
7116
7116
7113
7113
7113
7111
7111
7111
7110
7109
7109
7106
7103
7102
7101
7100
7100
7099
7096
7094
7093
7093
7093
7091
7091
7090
7087
7087
7087
7087
7086
7086
7085
7082
7082
7081
7078
7077
7077
7077
7074
7073
7072
7072
7072
7070
7068
7067
7067
7065
7064
7064
7063
7063
7063
7062
7062
7061
7060
7060
7060
7060
7059
7059
7059
7058
7057
7053
7053
7052
7052
7052
7049
7048
7048
7048
7047
7047
7042
7042
7039
7036
7035
7034
7033
7032
7032
7031
7031
7031
7029
7025
7024
7024
7024
7023
7022
7021
7020
7018
7018
7017
7017
7012
7011
7009
7008
7008
7008
7007
7007
7006
7006
7005
7005
7005
7004
7004
7003
7001
7001
6998
6998
6995
6994
6993
6993
6991
6991
6989
6988
6987
6987
6986
6984
6982
6981
6981
6979
6979
6978
6977
6976
6974
6973
6973
6972
6970
6970
6969
6965
6964
6962
6962
6958
6958
6958
6958
6958
6957
6956
6956
6955
6953
6952
6951
6951
6949
6949
6949
6948
6947
6946
6946
6944
6944
6943
6943
6941
6939
6937
6936
6935
6934
6934
6933
6933
6933
6933
6933
6931
6930
6930
6928
6928
6927
6927
6925
6922
6921
6921
6919
6918
6918
6918
6917
6914
6913
6912
6911
6910
6910
6909
6906
6904
6903
6901
6901
6901
6900
6900
6899
6897
6895
6894
6893
6892
6891
6888
6888
6888
6887
6887
6887
6886
6884
6882
6880
6879
6879
6879
6877
6877
6876
6876
6875
6875
6873
6871
6871
6870
6870
6867
6866
6865
6865
6865
6863
6863
6862
6858
6857
6856
6856
6856
6856
6854
6854
6852
6852
6850
6847
6847
6846
6845
6845
6844
6843
6841
6838
6837
6836
6834
6834
6833
6833
6832
6831
6831
6829
6829
6828
6828
6827
6826
6826
6826
6825
6823
6820
6818
6815
6815
6814
6812
6810
6810
6810
6809
6808
6807
6806
6805
6804
6804
6804
6802
6801
6801
6799
6798
6798
6796
6796
6795
6794
6794
6792
6792
6790
6788
6788
6786
6786
6783
6777
6777
6775
6774
6773
6773
6771
6771
6769
6769
6768
6767
6765
6764
6763
6762
6761
6759
6758
6756
6754
6753
6752
6752
6750
6749
6748
6746
6744
6743
6743
6743
6742
6740
6740
6739
6739
6737
6734
6734
6734
6733
6732
6728
6727
6727
6725
6723
6722
6722
6721
6720
6719
6719
6716
6716
6714
6713
6713
6713
6712
6712
6711
6710
6709
6709
6707
6707
6707
6706
6706
6705
6705
6703
6703
6702
6701
6701
6701
6699
6699
6699
6698
6697
6697
6695
6695
6694
6694
6694
6692
6691
6691
6691
6691
6689
6684
6684
6684
6683
6683
6682
6682
6682
6680
6679
6679
6677
6677
6677
6676
6675
6673
6673
6672
6671
6670
6670
6669
6668
6668
6667
6665
6665
6664
6663
6663
6663
6659
6659
6659
6658
6658
6658
6657
6654
6654
6654
6653
6653
6653
6653
6652
6651
6651
6650
6649
6649
6649
6648
6648
6647
6647
6646
6646
6644
6642
6641
6641
6640
6640
6640
6637
6636
6634
6634
6632
6632
6632
6631
6630
6630
6630
6627
6625
6625
6624
6623
6620
6620
6619
6618
6617
6617
6615
6615
6614
6613
6611
6610
6609
6609
6607
6605
6603
6603
6601
6601
6600
6599
6599
6599
6599
6599
6597
6597
6595
6594
6593
6593
6590
6590
6588
6585
6582
6582
6581
6580
6578
6578
6574
6574
6573
6572
6572
6572
6572
6570
6570
6569
6569
6569
6568
6568
6568
6567
6567
6563
6560
6560
6560
6559
6557
6554
6550
6550
6549
6548
6548
6546
6541
6540
6540
6539
6537
6535
6535
6533
6533
6533
6531
6531
6530
6529
6528
6527
6526
6525
6522
6521
6518
6518
6518
6517
6517
6515
6513
6511
6509
6509
6508
6508
6507
6507
6504
6501
6500
6499
6498
6497
6497
6496
6496
6493
6493
6493
6492
6492
6491
6491
6490
6488
6487
6486
6484
6484
6484
6483
6483
6481
6480
6478
6477
6477
6477
6474
6472
6471
6469
6469
6468
6467
6465
6465
6464
6463
6463
6463
6463
6462
6462
6460
6460
6458
6457
6456
6455
6453
6453
6452
6450
6449
6447
6447
6444
6443
6442
6440
6440
6439
6437
6436
6435
6433
6433
6430
6430
6430
6429
6428
6428
6427
6427
6426
6425
6425
6423
6423
6423
6422
6420
6419
6418
6417
6414
6411
6409
6406
6405
6405
6405
6404
6402
6400
6399
6399
6399
6398
6397
6397
6396
6396
6395
6393
6391
6388
6387
6387
6386
6385
6384
6384
6383
6382
6381
6381
6378
6377
6377
6376
6376
6376
6376
6374
6371
6371
6370
6370
6369
6366
6364
6363
6361
6360
6359
6359
6357
6356
6354
6353
6352
6351
6351
6351
6350
6346
6346
6344
6342
6341
6341
6341
6341
6341
6340
6339
6334
6334
6334
6333
6331
6330
6329
6329
6327
6326
6323
6323
6321
6320
6320
6319
6319
6319
6318
6318
6317
6316
6316
6313
6312
6312
6310
6309
6307
6306
6306
6305
6305
6304
6303
6298
6297
6296
6294
6294
6293
6292
6292
6291
6290
6289
6289
6288
6286
6285
6285
6285
6285
6284
6281
6281
6278
6278
6276
6275
6273
6273
6273
6272
6272
6271
6269
6269
6268
6268
6267
6267
6266
6265
6264
6264
6264
6263
6263
6261
6259
6258
6258
6257
6254
6253
6253
6252
6250
6249
6249
6248
6247
6246
6245
6245
6244
6244
6244
6238
6237
6236
6234
6233
6232
6230
6230
6229
6229
6228
6225
6224
6224
6223
6222
6222
6221
6220
6219
6218
6217
6216
6216
6215
6215
6214
6214
6207
6207
6205
6204
6203
6203
6203
6203
6202
6201
6200
6200
6199
6199
6198
6198
6198
6197
6195
6191
6191
6190
6190
6190
6189
6188
6187
6186
6183
6183
6183
6180
6180
6180
6177
6175
6175
6175
6174
6173
6172
6172
6171
6171
6170
6169
6169
6168
6168
6166
6166
6165
6165
6165
6162
6161
6161
6161
6161
6158
6156
6152
6152
6151
6151
6150
6148
6148
6145
6145
6145
6144
6140
6140
6138
6137
6137
6136
6135
6134
6134
6134
6132
6132
6132
6131
6129
6128
6127
6127
6127
6126
6125
6124
6124
6123
6123
6123
6121
6118
6117
6117
6116
6115
6114
6114
6111
6111
6109
6109
6106
6105
6104
6104
6103
6102
6101
6100
6100
6099
6099
6098
6097
6095
6095
6093
6093
6093
6092
6092
6089
6088
6088
6087
6087
6085
6084
6083
6083
6083
6081
6080
6078
6078
6076
6074
6074
6072
6072
6071
6070
6069
6067
6066
6065
6065
6065
6061
6060
6060
6059
6059
6056
6056
6055
6053
6052
6051
6050
6050
6050
6050
6050
6049
6048
6047
6046
6045
6044
6044
6044
6043
6043
6042
6042
6042
6041
6040
6040
6039
6039
6038
6038
6036
6035
6032
6031
6031
6029
6028
6027
6026
6024
6023
6023
6022
6021
6021
6019
6018
6018
6015
6014
6014
6014
6013
6011
6011
6009
6009
6008
6007
6006
6006
6006
6005
6002
6002
6002
6001
6000
5997
5997
5997
5996
5996
5992
5991
5991
5989
5987
5986
5985
5985
5984
5984
5984
5984
5984
5983
5982
5982
5979
5978
5976
5975
5973
5973
5972
5972
5970
5970
5969
5967
5966
5965
5965
5963
5963
5963
5962
5959
5956
5955
5955
5954
5954
5952
5952
5950
5950
5950
5949
5949
5948
5948
5945
5943
5943
5942
5941
5939
5939
5937
5937
5936
5936
5936
5936
5935
5935
5934
5933
5932
5931
5929
5929
5927
5927
5926
5926
5926
5924
5924
5922
5921
5919
5919
5915
5914
5913
5910
5909
5909
5908
5906
5905
5904
5903
5902
5901
5901
5900
5900
5900
5898
5897
5896
5896
5894
5894
5893
5892
5891
5890
5890
5890
5884
5884
5884
5882
5882
5880
5879
5879
5877
5874
5873
5871
5870
5870
5868
5868
5868
5865
5864
5863
5862
5861
5861
5861
5860
5860
5860
5857
5855
5850
5849
5846
5846
5843
5842
5842
5841
5840
5840
5840
5839
5839
5835
5835
5835
5835
5834
5834
5833
5832
5832
5831
5830
5830
5829
5828
5826
5824
5823
5822
5822
5821
5817
5814
5813
5811
5808
5808
5808
5805
5805
5803
5802
5802
5799
5799
5799
5796
5796
5791
5791
5789
5787
5786
5785
5785
5784
5784
5783
5783
5781
5779
5779
5779
5778
5778
5778
5775
5774
5774
5772
5771
5771
5770
5769
5767
5765
5765
5765
5764
5763
5762
5761
5761
5759
5756
5756
5755
5754
5752
5751
5751
5750
5748
5747
5747
5746
5746
5745
5744
5743
5742
5741
5739
5739
5734
5734
5732
5732
5730
5730
5729
5729
5729
5729
5727
5727
5724
5722
5719
5718
5718
5717
5716
5716
5715
5713
5711
5711
5710
5709
5708
5708
5707
5707
5706
5704
5704
5703
5703
5702
5701
5698
5697
5697
5696
5695
5695
5694
5693
5692
5692
5691
5691
5689
5687
5686
5685
5682
5682
5678
5677
5676
5675
5675
5674
5672
5671
5671
5671
5670
5669
5668
5667
5666
5664
5663
5663
5662
5660
5658
5655
5655
5655
5655
5654
5653
5653
5652
5652
5651
5649
5649
5646
5644
5644
5641
5641
5636
5635
5634
5634
5632
5632
5632
5631
5631
5630
5630
5630
5626
5625
5623
5622
5621
5621
5621
5618
5617
5617
5616
5616
5616
5616
5615
5615
5614
5614
5614
5611
5611
5610
5610
5609
5607
5606
5601
5600
5600
5599
5599
5598
5598
5597
5597
5597
5595
5591
5590
5590
5589
5585
5585
5584
5584
5583
5582
5582
5580
5580
5579
5579
5578
5575
5572
5572
5571
5566
5566
5565
5564
5563
5562
5562
5561
5560
5559
5559
5558
5556
5556
5555
5555
5553
5553
5550
5550
5548
5544
5542
5542
5541
5540
5538
5538
5538
5537
5536
5536
5536
5535
5534
5533
5532
5532
5531
5531
5530
5529
5528
5527
5525
5525
5524
5524
5522
5521
5521
5519
5515
5515
5515
5514
5514
5513
5513
5512
5510
5510
5507
5505
5504
5504
5504
5504
5503
5502
5501
5500
5499
5499
5498
5496
5495
5494
5494
5490
5488
5488
5487
5486
5486
5485
5482
5482
5482
5482
5482
5480
5479
5478
5477
5477
5476
5476
5476
5475
5475
5474
5473
5473
5472
5471
5470
5469
5468
5468
5467
5466
5466
5466
5465
5465
5465
5463
5461
5460
5457
5456
5455
5455
5454
5454
5454
5453
5453
5453
5452
5451
5450
5450
5449
5448
5448
5448
5447
5447
5445
5442
5440
5440
5439
5439
5439
5439
5439
5438
5438
5437
5437
5437
5437
5435
5435
5435
5434
5434
5434
5433
5432
5428
5428
5428
5428
5427
5427
5424
5423
5423
5422
5422
5421
5420
5420
5420
5417
5417
5416
5416
5414
5412
5412
5411
5409
5409
5408
5408
5407
5406
5406
5406
5406
5406
5406
5406
5402
5402
5400
5399
5399
5399
5398
5398
5398
5397
5397
5397
5394
5394
5389
5386
5384
5384
5383
5376
5370
5370
5369
5369
5368
5364
5364
5363
5361
5361
5360
5359
5359
5357
5357
5353
5351
5349
5348
5348
5348
5347
5346
5346
5345
5341
5341
5341
5338
5337
5337
5337
5335
5334
5332
5331
5330
5328
5327
5325
5325
5324
5323
5321
5321
5320
5318
5318
5318
5317
5316
5316
5316
5314
5314
5314
5313
5313
5312
5311
5310
5310
5309
5308
5308
5308
5308
5307
5307
5307
5305
5304
5303
5302
5302
5301
5299
5299
5297
5297
5297
5296
5294
5293
5292
5292
5292
5291
5291
5290
5289
5289
5288
5288
5284
5283
5283
5282
5275
5275
5273
5272
5272
5271
5270
5269
5268
5264
5260
5259
5257
5254
5254
5253
5252
5252
5251
5251
5251
5249
5246
5245
5244
5243
5242
5240
5235
5233
5233
5232
5230
5230
5226
5225
5225
5225
5224
5224
5224
5224
5223
5223
5222
5222
5222
5221
5221
5221
5221
5221
5220
5220
5219
5219
5219
5217
5216
5214
5214
5213
5212
5211
5210
5209
5209
5209
5208
5207
5205
5204
5203
5203
5202
5201
5200
5197
5196
5195
5194
5193
5192
5192
5192
5190
5189
5188
5187
5187
5187
5186
5184
5182
5182
5180
5180
5175
5175
5175
5175
5174
5174
5174
5174
5173
5173
5173
5172
5172
5172
5171
5170
5169
5168
5167
5166
5163
5162
5162
5161
5160
5159
5158
5158
5157
5157
5157
5157
5156
5156
5155
5155
5154
5153
5152
5150
5150
5149
5149
5149
5149
5147
5147
5146
5145
5143
5143
5140
5140
5139
5138
5138
5136
5136
5135
5133
5132
5131
5127
5124
5123
5123
5122
5121
5120
5116
5113
5112
5111
5110
5110
5109
5109
5108
5108
5108
5107
5105
5102
5100
5098
5097
5097
5095
5095
5093
5093
5092
5091
5090
5090
5088
5088
5087
5087
5084
5083
5081
5081
5081
5080
5077
5077
5077
5077
5077
5076
5076
5074
5072
5072
5072
5070
5069
5069
5068
5066
5066
5064
5064
5064
5064
5064
5061
5061
5060
5057
5057
5055
5055
5053
5053
5052
5051
5051
5050
5049
5049
5045
5042
5040
5040
5039
5038
5037
5036
5034
5033
5032
5031
5029
5029
5028
5026
5025
5024
5023
5022
5022
5021
5021
5021
5021
5020
5020
5019
5019
5018
5017
5015
5013
5011
5010
5010
5008
5005
5004
5002
5001
5000
4998
4998
4997
4996
4994
4991
4990
4990
4988
4986
4985
4985
4984
4984
4984
4983
4983
4983
4982
4979
4979
4979
4979
4977
4976
4976
4976
4975
4973
4973
4973
4971
4971
4970
4970
4970
4969
4968
4967
4966
4962
4962
4961
4960
4960
4960
4958
4957
4955
4955
4955
4952
4951
4950
4950
4950
4949
4948
4944
4944
4944
4943
4942
4942
4942
4942
4940
4939
4938
4938
4938
4937
4935
4931
4931
4930
4929
4927
4926
4926
4926
4921
4920
4919
4919
4918
4918
4918
4918
4918
4917
4914
4914
4913
4912
4912
4911
4909
4909
4909
4908
4906
4906
4905
4905
4905
4904
4903
4903
4903
4898
4898
4898
4896
4894
4891
4891
4891
4890
4889
4888
4887
4886
4886
4886
4884
4883
4882
4880
4879
4879
4878
4877
4876
4876
4876
4875
4874
4873
4871
4871
4869
4869
4868
4867
4867
4867
4866
4863
4863
4863
4861
4860
4859
4858
4855
4853
4853
4853
4853
4853
4852
4852
4851
4849
4848
4847
4843
4843
4841
4840
4840
4838
4836
4836
4833
4833
4832
4832
4832
4831
4831
4830
4829
4828
4825
4824
4824
4823
4822
4820
4818
4818
4818
4817
4817
4816
4815
4814
4814
4813
4813
4812
4811
4810
4810
4809
4809
4807
4806
4806
4805
4804
4803
4802
4799
4798
4797
4796
4795
4795
4794
4794
4793
4791
4791
4789
4788
4784
4783
4783
4783
4783
4781
4780
4780
4780
4779
4778
4778
4778
4777
4775
4775
4772
4767
4766
4765
4765
4763
4762
4761
4761
4759
4757
4757
4754
4753
4753
4752
4752
4751
4750
4747
4746
4745
4744
4744
4741
4737
4737
4736
4736
4735
4734
4734
4732
4732
4731
4731
4730
4729
4728
4728
4728
4727
4722
4718
4718
4717
4717
4716
4716
4715
4715
4714
4713
4713
4712
4708
4706
4705
4705
4705
4705
4704
4704
4703
4702
4701
4700
4700
4697
4697
4696
4696
4695
4692
4691
4691
4690
4689
4689
4689
4688
4686
4685
4683
4681
4679
4679
4674
4672
4669
4669
4668
4667
4667
4667
4666
4666
4665
4665
4664
4663
4663
4662
4662
4661
4660
4659
4658
4656
4656
4656
4655
4655
4654
4653
4650
4648
4647
4646
4645
4645
4644
4643
4643
4642
4641
4641
4641
4640
4638
4638
4637
4637
4637
4635
4633
4632
4631
4630
4629
4628
4626
4624
4623
4619
4618
4618
4616
4616
4615
4615
4612
4611
4611
4610
4609
4609
4608
4607
4605
4604
4602
4602
4600
4600
4599
4598
4598
4598
4598
4589
4587
4587
4585
4585
4583
4582
4581
4580
4577
4576
4575
4574
4570
4570
4570
4570
4569
4569
4569
4568
4566
4566
4566
4565
4564
4561
4561
4557
4556
4555
4555
4555
4555
4553
4553
4553
4553
4552
4552
4552
4552
4548
4546
4546
4546
4542
4542
4541
4540
4540
4537
4536
4534
4530
4529
4527
4527
4527
4526
4526
4524
4524
4524
4524
4524
4522
4516
4516
4516
4515
4514
4514
4514
4514
4512
4511
4511
4510
4509
4506
4506
4505
4505
4505
4504
4503
4503
4502
4502
4502
4501
4499
4498
4497
4497
4496
4495
4492
4489
4488
4487
4485
4485
4484
4484
4483
4483
4482
4481
4473
4470
4470
4466
4465
4464
4461
4458
4455
4454
4452
4451
4451
4448
4447
4446
4445
4443
4443
4442
4442
4442
4440
4440
4440
4439
4439
4436
4435
4434
4433
4433
4433
4431
4431
4430
4430
4428
4427
4427
4426
4423
4423
4422
4421
4421
4420
4419
4418
4417
4416
4416
4416
4415
4415
4414
4412
4412
4411
4410
4409
4408
4408
4407
4407
4402
4401
4400
4399
4397
4397
4396
4394
4394
4394
4391
4391
4386
4386
4383
4382
4382
4381
4380
4379
4377
4375
4373
4372
4372
4372
4371
4370
4370
4370
4370
4370
4368
4367
4366
4365
4364
4362
4362
4361
4360
4357
4356
4355
4353
4346
4346
4344
4342
4341
4340
4340
4339
4332
4329
4326
4326
4325
4323
4323
4323
4321
4319
4318
4315
4315
4315
4314
4314
4311
4311
4309
4308
4304
4304
4304
4303
4301
4301
4300
4299
4297
4296
4293
4293
4291
4290
4289
4288
4287
4282
4282
4280
4280
4279
4278
4278
4277
4277
4276
4276
4276
4275
4274
4274
4273
4273
4272
4271
4267
4266
4265
4264
4259
4259
4257
4254
4250
4249
4249
4249
4247
4245
4245
4244
4244
4244
4243
4243
4242
4240
4238
4237
4237
4237
4236
4236
4235
4234
4234
4232
4230
4229
4229
4227
4227
4226
4225
4224
4224
4223
4223
4223
4221
4220
4218
4217
4217
4216
4215
4215
4214
4211
4210
4210
4210
4208
4208
4207
4207
4207
4205
4204
4202
4201
4201
4195
4194
4193
4191
4190
4190
4190
4190
4189
4189
4189
4187
4187
4186
4186
4186
4184
4184
4181
4181
4177
4176
4175
4174
4174
4174
4174
4172
4171
4170
4169
4167
4166
4164
4161
4160
4159
4158
4155
4155
4155
4154
4154
4153
4153
4149
4148
4148
4147
4142
4140
4140
4137
4137
4136
4134
4133
4132
4129
4128
4127
4126
4126
4121
4121
4120
4120
4120
4119
4119
4116
4114
4114
4112
4112
4112
4109
4107
4105
4103
4103
4102
4102
4101
4100
4098
4097
4097
4095
4095
4095
4095
4094
4092
4092
4091
4091
4088
4088
4087
4086
4085
4082
4081
4080
4080
4079
4078
4078
4077
4074
4073
4070
4068
4067
4065
4063
4063
4059
4058
4057
4056
4054
4054
4052
4051
4049
4047
4045
4045
4041
4041
4040
4040
4039
4039
4038
4037
4036
4034
4033
4032
4032
4030
4030
4029
4028
4027
4026
4026
4025
4024
4024
4023
4022
4022
4021
4020
4020
4019
4019
4018
4017
4016
4015
4015
4014
4013
4013
4012
4011
4010
4010
4009
4009
4008
4007
4007
4005
4004
4004
4004
4002
4001
3997
3997
3995
3994
3993
3992
3991
3991
3988
3988
3987
3987
3986
3984
3984
3983
3982
3982
3981
3980
3979
3978
3977
3976
3976
3976
3976
3976
3976
3975
3974
3974
3973
3973
3973
3969
3969
3968
3967
3964
3964
3962
3960
3958
3958
3957
3957
3955
3955
3954
3953
3952
3951
3951
3949
3948
3947
3945
3945
3943
3942
3942
3941
3940
3938
3937
3935
3934
3933
3933
3932
3931
3931
3929
3928
3927
3927
3927
3926
3923
3922
3920
3918
3917
3917
3916
3916
3915
3915
3915
3914
3912
3911
3910
3905
3904
3903
3901
3901
3900
3898
3898
3897
3894
3894
3892
3891
3891
3886
3885
3880
3879
3879
3879
3877
3877
3876
3876
3876
3875
3873
3873
3869
3869
3867
3867
3865
3864
3863
3863
3862
3862
3860
3860
3860
3859
3858
3858
3857
3855
3855
3854
3853
3852
3852
3851
3851
3850
3848
3846
3843
3842
3840
3838
3838
3837
3836
3836
3834
3834
3834
3834
3833
3831
3831
3830
3830
3829
3828
3826
3826
3823
3822
3821
3820
3820
3819
3819
3818
3818
3818
3818
3816
3816
3815
3813
3812
3810
3808
3808
3807
3807
3806
3805
3805
3805
3805
3804
3804
3803
3802
3802
3802
3801
3799
3799
3798
3796
3796
3795
3795
3795
3794
3794
3794
3793
3793
3788
3786
3785
3785
3785
3784
3784
3782
3782
3780
3779
3779
3778
3778
3777
3774
3774
3772
3771
3771
3770
3770
3768
3766
3766
3765
3765
3764
3764
3763
3761
3761
3760
3760
3758
3758
3756
3754
3753
3753
3751
3750
3748
3748
3747
3746
3744
3744
3744
3744
3741
3739
3739
3735
3734
3733
3731
3730
3730
3728
3728
3728
3727
3727
3727
3727
3726
3725
3724
3722
3722
3720
3720
3720
3719
3719
3718
3717
3715
3714
3713
3713
3713
3712
3712
3712
3712
3711
3711
3710
3709
3708
3708
3707
3707
3706
3705
3705
3705
3703
3699
3699
3698
3698
3697
3697
3696
3695
3695
3694
3690
3689
3688
3687
3686
3686
3684
3682
3680
3680
3680
3678
3677
3677
3675
3675
3675
3675
3674
3673
3673
3672
3671
3671
3668
3667
3666
3666
3666
3663
3663
3662
3661
3661
3658
3658
3658
3657
3655
3655
3654
3653
3653
3652
3652
3652
3651
3650
3650
3649
3648
3648
3646
3646
3642
3641
3640
3637
3637
3636
3635
3634
3633
3633
3632
3629
3628
3628
3627
3627
3626
3623
3623
3619
3618
3618
3618
3617
3617
3616
3616
3615
3615
3614
3613
3612
3611
3610
3609
3607
3606
3606
3606
3605
3604
3602
3600
3599
3593
3593
3590
3590
3589
3587
3587
3586
3582
3582
3580
3579
3577
3575
3571
3570
3570
3567
3566
3566
3566
3565
3565
3562
3559
3559
3558
3558
3557
3555
3554
3553
3551
3549
3547
3545
3545
3543
3543
3543
3542
3540
3538
3537
3535
3534
3529
3528
3527
3526
3526
3524
3522
3522
3521
3520
3520
3519
3518
3517
3515
3515
3514
3513
3511
3511
3510
3510
3508
3507
3507
3506
3505
3505
3505
3501
3497
3497
3495
3494
3494
3493
3493
3492
3491
3491
3491
3490
3488
3487
3487
3481
3480
3480
3479
3478
3478
3473
3471
3471
3470
3470
3470
3469
3469
3468
3467
3466
3464
3464
3460
3457
3457
3455
3455
3455
3455
3454
3454
3453
3449
3448
3445
3444
3444
3443
3437
3437
3436
3433
3433
3431
3431
3430
3430
3429
3428
3428
3426
3425
3425
3425
3424
3423
3422
3421
3421
3418
3418
3417
3416
3415
3413
3413
3412
3409
3408
3408
3407
3406
3401
3400
3400
3400
3400
3398
3398
3397
3397
3396
3394
3394
3394
3393
3391
3389
3389
3388
3387
3384
3384
3383
3383
3381
3375
3375
3373
3371
3371
3370
3365
3363
3363
3360
3359
3359
3358
3358
3358
3356
3354
3352
3351
3351
3351
3350
3350
3350
3347
3347
3347
3346
3345
3344
3343
3341
3341
3341
3337
3337
3333
3332
3332
3332
3332
3331
3331
3328
3328
3325
3323
3323
3322
3322
3321
3318
3317
3314
3314
3311
3311
3309
3306
3306
3305
3305
3302
3301
3301
3301
3299
3299
3298
3297
3294
3294
3291
3291
3290
3289
3289
3289
3288
3288
3285
3283
3283
3282
3281
3281
3279
3278
3278
3278
3278
3277
3276
3275
3275
3274
3274
3272
3272
3272
3272
3271
3271
3269
3269
3269
3268
3267
3267
3266
3266
3265
3265
3265
3265
3265
3261
3258
3258
3257
3255
3253
3251
3250
3250
3249
3247
3245
3244
3243
3241
3240
3239
3237
3236
3235
3234
3233
3232
3232
3232
3231
3231
3230
3230
3230
3227
3225
3225
3224
3223
3222
3221
3219
3217
3217
3216
3212
3211
3211
3210
3210
3206
3205
3204
3203
3202
3201
3199
3198
3197
3195
3195
3192
3191
3189
3189
3189
3187
3186
3185
3185
3185
3183
3182
3181
3180
3179
3179
3178
3170
3170
3169
3168
3167
3167
3167
3167
3166
3166
3163
3163
3161
3159
3159
3158
3158
3157
3156
3155
3152
3152
3151
3151
3150
3150
3149
3149
3148
3147
3147
3147
3146
3145
3143
3141
3140
3140
3140
3140
3139
3138
3137
3137
3136
3135
3133
3133
3125
3125
3125
3124
3123
3122
3120
3116
3115
3114
3112
3111
3111
3111
3108
3108
3108
3107
3107
3106
3106
3106
3103
3102
3102
3102
3102
3101
3100
3097
3096
3096
3095
3095
3095
3094
3093
3092
3090
3089
3089
3087
3087
3087
3083
3083
3083
3083
3082
3081
3081
3081
3081
3077
3076
3075
3073
3073
3072
3071
3071
3069
3069
3068
3067
3067
3065
3063
3063
3063
3063
3062
3062
3060
3060
3059
3058
3056
3056
3056
3056
3055
3054
3053
3052
3048
3048
3047
3044
3042
3042
3041
3041
3039
3035
3035
3035
3034
3034
3034
3033
3032
3029
3029
3028
3028
3027
3025
3025
3025
3024
3024
3024
3023
3023
3022
3021
3020
3020
3017
3015
3014
3014
3014
3013
3012
3012
3012
3011
3010
3009
3008
3008
3006
3006
3006
3006
3005
3005
3004
3004
3003
3002
3001
3001
3000
2998
2998
2997
2997
2997
2996
2995
2995
2994
2994
2992
2992
2991
2990
2990
2988
2988
2987
2986
2984
2984
2983
2981
2981
2981
2981
2978
2977
2977
2976
2975
2974
2974
2973
2973
2973
2973
2973
2973
2971
2970
2969
2967
2966
2966
2965
2965
2963
2961
2960
2959
2958
2956
2956
2954
2951
2949
2949
2949
2948
2948
2947
2946
2944
2941
2941
2938
2937
2937
2937
2933
2933
2933
2932
2931
2929
2929
2929
2928
2925
2924
2924
2923
2923
2923
2922
2921
2921
2921
2920
2918
2917
2917
2912
2912
2910
2909
2908
2908
2907
2907
2904
2903
2900
2899
2899
2898
2897
2896
2892
2892
2892
2892
2891
2890
2890
2889
2889
2888
2885
2884
2884
2884
2883
2878
2877
2873
2872
2871
2870
2870
2870
2866
2865
2864
2862
2861
2861
2860
2856
2856
2855
2854
2852
2852
2852
2851
2850
2850
2848
2847
2843
2843
2842
2841
2839
2838
2838
2838
2837
2837
2834
2833
2832
2827
2827
2827
2824
2822
2821
2821
2819
2817
2817
2816
2815
2815
2815
2815
2815
2813
2810
2808
2807
2806
2806
2806
2805
2804
2803
2803
2801
2801
2800
2800
2800
2800
2797
2797
2795
2793
2793
2790
2790
2790
2790
2789
2789
2787
2783
2783
2783
2782
2782
2782
2781
2781
2780
2780
2779
2778
2777
2776
2775
2775
2775
2774
2773
2772
2772
2772
2772
2769
2769
2767
2766
2766
2765
2765
2765
2764
2763
2762
2760
2757
2756
2756
2756
2756
2751
2749
2748
2747
2746
2745
2744
2743
2742
2739
2736
2736
2735
2734
2733
2731
2731
2730
2729
2728
2728
2726
2724
2723
2722
2719
2719
2719
2719
2714
2713
2713
2711
2710
2710
2708
2707
2706
2706
2705
2705
2704
2701
2699
2697
2695
2694
2694
2693
2691
2691
2691
2691
2691
2690
2690
2690
2688
2687
2684
2683
2683
2683
2680
2679
2679
2678
2677
2676
2676
2676
2676
2673
2671
2668
2668
2664
2664
2663
2663
2663
2660
2659
2659
2658
2658
2655
2654
2653
2653
2652
2652
2651
2650
2649
2646
2646
2646
2645
2640
2639
2637
2636
2636
2634
2634
2632
2630
2627
2626
2626
2623
2623
2622
2621
2621
2620
2619
2619
2619
2619
2618
2616
2615
2615
2614
2614
2614
2614
2613
2613
2611
2610
2605
2604
2602
2602
2600
2600
2599
2599
2598
2598
2596
2596
2595
2592
2591
2590
2589
2588
2587
2584
2582
2580
2579
2579
2578
2578
2577
2577
2577
2576
2576
2574
2573
2572
2571
2571
2570
2570
2569
2568
2566
2565
2564
2562
2562
2558
2558
2555
2552
2552
2551
2551
2551
2550
2546
2546
2546
2546
2544
2544
2542
2542
2540
2539
2538
2537
2537
2533
2532
2532
2532
2530
2529
2529
2529
2528
2528
2527
2524
2522
2521
2521
2521
2517
2517
2514
2513
2513
2512
2512
2510
2509
2508
2506
2504
2502
2502
2502
2502
2501
2501
2499
2498
2498
2496
2496
2494
2493
2490
2488
2488
2487
2485
2481
2481
2481
2479
2479
2478
2478
2477
2476
2476
2476
2475
2474
2473
2473
2471
2471
2470
2470
2470
2469
2464
2464
2463
2463
2462
2461
2461
2461
2460
2460
2459
2456
2455
2454
2452
2451
2450
2450
2449
2447
2446
2445
2442
2441
2439
2436
2433
2432
2427
2426
2425
2425
2424
2424
2424
2424
2424
2423
2423
2423
2423
2422
2421
2421
2418
2418
2416
2415
2414
2413
2413
2409
2408
2408
2407
2406
2405
2403
2403
2402
2401
2398
2398
2398
2397
2397
2397
2396
2394
2394
2392
2392
2390
2388
2386
2385
2385
2384
2384
2383
2382
2382
2381
2381
2381
2380
2380
2378
2374
2372
2372
2371
2369
2368
2366
2366
2366
2366
2364
2363
2363
2361
2360
2360
2359
2359
2358
2356
2355
2352
2352
2350
2350
2349
2348
2347
2347
2346
2346
2345
2345
2344
2344
2342
2342
2341
2341
2340
2340
2339
2338
2337
2337
2337
2336
2336
2335
2334
2333
2333
2332
2331
2331
2331
2328
2327
2326
2326
2324
2323
2323
2322
2321
2320
2320
2319
2319
2318
2318
2317
2317
2316
2315
2314
2314
2313
2313
2313
2312
2312
2312
2311
2305
2305
2305
2304
2304
2303
2302
2302
2301
2300
2300
2298
2297
2297
2297
2296
2295
2295
2293
2292
2290
2290
2289
2289
2287
2287
2286
2286
2286
2286
2286
2286
2285
2285
2285
2284
2284
2284
2282
2282
2281
2281
2280
2280
2278
2276
2275
2275
2274
2272
2271
2271
2271
2269
2268
2268
2267
2266
2264
2264
2263
2262
2262
2261
2260
2259
2259
2259
2257
2253
2253
2248
2247
2246
2246
2245
2245
2244
2241
2240
2240
2240
2237
2237
2236
2236
2236
2235
2233
2226
2222
2221
2220
2220
2219
2218
2217
2217
2211
2211
2211
2210
2210
2210
2209
2209
2205
2205
2205
2203
2202
2202
2201
2200
2196
2195
2194
2194
2193
2193
2192
2192
2191
2190
2189
2188
2187
2187
2186
2186
2185
2185
2185
2185
2184
2184
2182
2177
2177
2176
2176
2175
2174
2173
2173
2170
2170
2168
2167
2167
2165
2160
2158
2156
2155
2152
2151
2150
2149
2148
2146
2145
2143
2143
2141
2140
2140
2139
2139
2138
2138
2138
2136
2135
2134
2129
2128
2126
2126
2125
2123
2121
2121
2120
2119
2117
2113
2113
2111
2111
2107
2105
2102
2102
2101
2100
2100
2099
2098
2097
2095
2094
2094
2094
2093
2093
2092
2091
2089
2088
2086
2086
2083
2083
2083
2081
2078
2078
2078
2075
2075
2074
2073
2072
2071
2069
2068
2067
2066
2065
2064
2064
2064
2064
2064
2063
2063
2062
2062
2062
2061
2060
2058
2054
2054
2053
2052
2052
2050
2049
2048
2047
2044
2044
2043
2040
2039
2039
2038
2038
2036
2035
2035
2035
2033
2032
2032
2032
2031
2030
2029
2028
2028
2027
2027
2027
2025
2024
2023
2021
2021
2021
2020
2020
2020
2017
2017
2016
2015
2013
2013
2012
2011
2010
2010
2009
2007
2006
2005
2005
2003
2002
2002
2001
2000
1999
1997
1997
1996
1994
1993
1992
1991
1991
1989
1989
1989
1988
1986
1986
1985
1983
1983
1983
1980
1979
1978
1977
1975
1975
1974
1974
1973
1972
1967
1967
1967
1965
1964
1964
1962
1958
1956
1953
1953
1953
1952
1952
1952
1951
1951
1950
1949
1949
1947
1944
1944
1941
1939
1939
1938
1937
1936
1936
1932
1928
1927
1927
1927
1926
1926
1926
1925
1924
1924
1922
1922
1922
1920
1920
1920
1920
1918
1918
1915
1915
1914
1914
1913
1913
1913
1912
1909
1905
1904
1901
1898
1898
1897
1896
1895
1895
1895
1894
1893
1893
1892
1891
1891
1891
1887
1882
1881
1880
1878
1876
1876
1875
1875
1874
1874
1871
1869
1869
1868
1868
1866
1865
1865
1865
1864
1862
1862
1861
1861
1859
1857
1857
1856
1855
1852
1852
1850
1850
1849
1849
1849
1846
1843
1842
1840
1840
1839
1837
1837
1836
1835
1834
1834
1832
1831
1831
1830
1829
1829
1825
1824
1824
1824
1823
1819
1819
1818
1816
1816
1816
1815
1813
1812
1812
1811
1811
1809
1809
1808
1808
1807
1807
1807
1806
1805
1804
1804
1804
1804
1804
1803
1798
1798
1797
1795
1795
1794
1794
1794
1793
1791
1791
1790
1790
1790
1789
1788
1786
1786
1783
1782
1781
1781
1781
1780
1780
1779
1779
1779
1778
1776
1776
1772
1770
1769
1769
1768
1767
1764
1764
1763
1761
1758
1758
1757
1757
1754
1753
1752
1752
1752
1751
1750
1749
1747
1747
1744
1744
1741
1741
1739
1738
1737
1737
1736
1733
1732
1732
1731
1730
1730
1730
1727
1726
1726
1726
1725
1725
1722
1722
1721
1720
1720
1718
1717
1717
1717
1715
1715
1715
1714
1713
1713
1709
1709
1709
1709
1707
1707
1707
1706
1705
1703
1701
1700
1697
1697
1695
1695
1693
1692
1692
1691
1689
1687
1686
1685
1685
1684
1684
1684
1683
1683
1682
1681
1679
1679
1678
1678
1676
1676
1676
1675
1674
1674
1673
1673
1672
1668
1668
1667
1666
1664
1664
1663
1663
1663
1662
1662
1661
1661
1661
1660
1659
1659
1659
1658
1656
1655
1653
1652
1652
1651
1650
1650
1647
1645
1645
1645
1643
1642
1640
1640
1639
1638
1637
1637
1636
1636
1635
1634
1632
1632
1629
1628
1627
1626
1625
1624
1622
1621
1620
1618
1618
1617
1617
1616
1616
1615
1613
1612
1611
1610
1610
1608
1608
1607
1607
1606
1605
1605
1604
1604
1601
1600
1600
1599
1598
1597
1596
1595
1594
1593
1592
1591
1590
1589
1587
1586
1585
1585
1583
1582
1581
1579
1578
1577
1571
1571
1571
1570
1570
1570
1568
1568
1567
1567
1566
1565
1564
1563
1563
1561
1557
1556
1556
1554
1554
1551
1550
1549
1548
1547
1547
1543
1543
1542
1542
1541
1540
1540
1539
1538
1537
1537
1536
1532
1530
1528
1527
1526
1526
1526
1526
1523
1523
1521
1519
1519
1518
1518
1516
1515
1514
1513
1512
1511
1511
1511
1510
1510
1509
1508
1507
1507
1505
1505
1505
1505
1504
1504
1502
1502
1501
1501
1497
1497
1490
1489
1489
1489
1487
1487
1486
1486
1486
1485
1483
1482
1480
1479
1479
1476
1475
1475
1473
1470
1468
1468
1468
1467
1465
1462
1461
1459
1459
1459
1459
1459
1455
1455
1454
1453
1453
1453
1452
1452
1451
1450
1450
1450
1450
1449
1447
1447
1446
1444
1443
1440
1440
1438
1437
1436
1435
1435
1434
1433
1432
1432
1432
1431
1430
1428
1426
1426
1426
1425
1425
1424
1423
1423
1422
1420
1419
1418
1417
1416
1416
1415
1415
1415
1413
1411
1411
1411
1410
1410
1410
1406
1406
1405
1405
1404
1403
1403
1402
1401
1401
1399
1398
1397
1394
1394
1392
1392
1391
1390
1384
1381
1380
1378
1377
1376
1375
1375
1375
1374
1373
1373
1372
1372
1372
1369
1369
1368
1366
1366
1366
1365
1364
1364
1362
1360
1360
1360
1359
1356
1356
1356
1356
1353
1351
1349
1347
1346
1344
1343
1340
1339
1339
1339
1338
1337
1335
1332
1332
1331
1331
1331
1328
1328
1326
1326
1326
1325
1325
1324
1324
1324
1322
1322
1322
1321
1319
1318
1316
1316
1316
1314
1314
1310
1306
1305
1304
1302
1300
1300
1298
1298
1296
1295
1294
1293
1293
1292
1291
1290
1289
1288
1288
1288
1287
1283
1281
1280
1280
1280
1280
1280
1279
1278
1276
1276
1273
1272
1269
1269
1268
1268
1265
1264
1264
1261
1261
1261
1260
1259
1259
1259
1259
1258
1256
1255
1255
1255
1254
1251
1250
1249
1248
1248
1248
1247
1243
1239
1238
1235
1235
1234
1233
1232
1232
1231
1231
1230
1227
1227
1227
1226
1225
1225
1223
1222
1220
1220
1217
1217
1217
1216
1213
1212
1212
1212
1211
1211
1210
1210
1210
1210
1209
1209
1207
1206
1206
1206
1205
1205
1203
1202
1200
1200
1200
1199
1199
1198
1198
1198
1197
1197
1195
1193
1191
1191
1188
1186
1186
1186
1185
1182
1180
1179
1179
1178
1177
1175
1174
1172
1170
1169
1169
1168
1168
1162
1162
1162
1162
1161
1156
1154
1153
1153
1151
1151
1147
1146
1146
1145
1144
1144
1142
1141
1140
1140
1136
1135
1132
1131
1131
1131
1130
1130
1129
1128
1127
1126
1126
1124
1124
1124
1123
1123
1122
1122
1121
1121
1120
1120
1119
1118
1118
1117
1116
1115
1115
1113
1113
1112
1110
1109
1109
1108
1107
1107
1105
1104
1104
1102
1101
1101
1100
1100
1100
1097
1097
1096
1096
1095
1095
1095
1094
1094
1092
1091
1088
1088
1088
1088
1087
1087
1085
1084
1084
1084
1081
1079
1079
1078
1078
1077
1077
1077
1075
1075
1075
1074
1073
1072
1072
1072
1071
1071
1070
1069
1069
1067
1067
1065
1065
1064
1064
1062
1061
1061
1058
1058
1057
1057
1054
1054
1052
1052
1051
1049
1048
1048
1048
1045
1044
1044
1043
1043
1042
1042
1041
1041
1039
1037
1037
1037
1036
1036
1035
1035
1035
1034
1032
1032
1030
1029
1028
1028
1027
1026
1024
1023
1023
1022
1021
1021
1021
1020
1018
1017
1016
1015
1015
1014
1012
1012
1012
1011
1009
1008
1008
1007
1006
1004
1003
1003
1001
1001
997
996
994
992
991
990
990
988
987
986
985
985
984
983
981
980
980
979
978
977
976
975
973
973
972
971
971
970
968
966
965
964
964
963
962
962
961
958
957
957
957
956
955
952
952
952
951
950
950
949
948
948
948
946
945
944
944
943
943
942
942
940
940
940
937
936
935
934
932
932
931
931
930
928
927
927
926
926
926
922
920
920
920
919
919
918
918
917
916
915
912
912
906
905
905
903
902
902
902
902
900
900
900
899
899
898
897
897
896
896
895
895
893
893
893
891
890
889
887
886
884
883
880
879
876
876
875
875
873
873
871
865
865
865
864
863
861
861
861
860
858
857
854
854
853
852
851
850
850
850
848
845
845
843
842
842
840
835
834
832
828
828
827
827
826
825
824
821
820
820
819
817
817
816
816
815
814
812
811
811
809
808
808
807
806
806
805
804
803
803
802
800
800
800
800
800
797
796
795
794
793
793
793
792
792
790
790
790
790
790
790
789
788
787
787
786
786
786
784
784
783
783
780
779
779
778
777
777
773
772
772
771
771
770
769
769
769
768
767
767
766
766
762
759
759
759
758
758
758
757
756
753
751
751
750
750
749
748
748
748
748
746
746
743
742
741
741
740
739
739
735
734
734
733
732
732
732
729
727
727
726
722
722
721
720
720
718
717
716
714
713
712
712
709
708
708
706
706
703
702
702
702
702
701
701
701
700
699
699
697
695
694
688
688
688
687
687
686
684
683
680
680
680
677
674
673
673
672
672
671
671
670
669
669
669
668
667
667
665
664
664
661
660
659
659
657
657
657
656
655
655
654
653
653
652
651
651
650
648
647
646
645
645
644
643
643
643
643
638
637
637
636
635
635
634
634
632
631
627
627
626
625
623
623
621
619
617
617
614
612
611
608
607
606
606
604
603
600
599
599
599
597
596
596
596
596
595
594
591
590
589
589
589
587
587
586
586
585
585
585
585
585
583
583
582
581
580
579
578
578
574
574
574
573
573
572
571
569
569
568
568
567
567
567
566
566
566
561
560
558
557
557
556
556
556
555
554
554
553
553
553
552
549
549
548
546
545
545
544
544
543
542
542
539
539
538
538
538
534
534
533
533
533
531
530
528
528
527
525
525
524
521
521
520
520
519
518
516
515
515
514
514
514
513
513
512
509
508
508
508
508
507
505
505
504
503
500
497
496
495
494
494
493
492
491
490
488
484
484
483
481
480
480
479
478
477
476
475
475
475
474
474
474
474
473
473
472
471
469
468
468
467
467
467
465
465
463
463
462
460
457
456
455
455
454
453
452
451
451
450
450
450
450
446
445
445
443
443
443
440
440
440
439
438
438
437
436
436
435
435
434
434
432
432
425
422
421
420
419
418
417
417
413
410
410
409
407
406
405
405
404
403
401
400
400
400
398
396
396
396
396
396
394
393
393
392
392
391
390
387
386
384
383
382
382
382
382
382
381
379
377
376
376
376
376
375
375
374
370
368
368
365
364
364
363
362
362
362
361
359
358
357
356
355
353
353
352
351
350
350
349
349
348
346
345
343
343
339
338
338
337
337
337
335
333
329
328
328
327
327
326
324
322
320
319
317
316
315
313
312
311
311
310
308
307
306
306
306
305
303
302
301
300
300
299
298
298
298
297
297
297
296
296
294
294
293
292
289
289
287
287
287
287
286
285
280
279
279
279
278
278
278
276
274
274
273
271
271
271
271
267
266
265
265
264
260
259
254
254
252
252
250
250
249
247
245
245
242
242
242
241
241
241
241
240
239
239
238
238
237
236
232
231
231
228
227
227
227
225
224
223
222
222
221
221
220
220
220
220
219
218
218
217
216
215
215
215
215
214
213
213
213
212
209
208
207
207
205
204
203
203
203
203
202
201
201
201
201
194
194
193
192
192
192
192
191
190
189
188
188
187
187
186
181
180
179
176
176
175
174
173
172
170
170
168
167
166
166
165
165
164
162
161
161
160
155
154
153
152
150
149
141
139
139
136
136
135
135
133
132
131
129
129
128
128
128
127
125
125
125
124
124
122
122
122
121
121
121
120
119
119
119
113
112
110
108
108
107
106
106
105
104
102
102
101
101
101
100
99
97
97
96
93
93
91
90
88
86
86
85
85
85
82
81
81
78
76
75
74
72
69
69
68
67
66
65
65
61
61
60
56
55
54
53
52
52
51
50
49
49
48
48
46
44
44
43
42
42
41
41
40
38
38
36
35
31
30
28
28
28
26
26
23
22
20
20
18
16
15
15
14
13
13
13
10
8
7
7
6
6
6
6
6
3
3
2
1
0
