9996
9996
9995
9995
9995
9994
9991
9990
9989
9987
9986
9985
9985
9984
9984
9983
9983
9982
9979
9978
9978
9978
9978
9975
9973
9973
9973
9972
9971
9967
9966
9965
9964
9963
9962
9959
9958
9956
9955
9954
9954
9954
9954
9953
9953
9953
9951
9950
9949
9949
9949
9948
9947
9946
9945
9942
9942
9942
9941
9940
9939
9937
9936
9934
9933
9933
9933
9931
9931
9929
9929
9928
9927
9925
9925
9924
9924
9923
9923
9922
9920
9919
9916
9913
9912
9910
9910
9910
9909
9908
9907
9907
9907
9907
9907
9905
9905
9904
9904
9903
9902
9902
9900
9900
9896
9895
9895
9892
9891
9890
9890
9890
9889
9889
9887
9886
9886
9885
9884
9883
9883
9882
9881
9881
9881
9880
9880
9879
9879
9876
9875
9874
9870
9870
9869
9869
9869
9868
9868
9868
9866
9866
9866
9865
9865
9865
9863
9863
9861
9860
9859
9859
9859
9858
9857
9855
9855
9851
9850
9850
9849
9847
9846
9846
9845
9845
9841
9841
9838
9837
9837
9835
9835
9833
9832
9831
9829
9828
9827
9826
9825
9823
9823
9819
9817
9817
9817
9816
9815
9814
9814
9814
9814
9812
9810
9810
9810
9809
9808
9805
9805
9804
9803
9803
9802
9800
9799
9799
9797
9796
9794
9790
9789
9788
9787
9787
9786
9786
9785
9785
9784
9784
9783
9783
9779
9778
9776
9775
9775
9772
9769
9768
9768
9767
9764
9761
9759
9759
9757
9757
9754
9754
9752
9751
9748
9748
9744
9744
9743
9741
9741
9740
9738
9736
9732
9731
9730
9727
9727
9726
9726
9724
9723
9723
9722
9721
9721
9721
9720
9719
9718
9718
9718
9712
9711
9709
9708
9707
9707
9705
9705
9705
9705
9704
9704
9703
9702
9699
9699
9699
9699
9695
9693
9692
9690
9688
9688
9688
9686
9685
9683
9683
9681
9680
9680
9679
9678
9676
9675
9675
9675
9674
9674
9673
9672
9671
9670
9670
9669
9668
9668
9667
9666
9666
9665
9665
9662
9661
9660
9658
9658
9658
9656
9655
9653
9653
9652
9652
9651
9649
9646
9645
9644
9644
9643
9643
9641
9641
9638
9638
9638
9636
9635
9634
9634
9634
9633
9632
9629
9623
9622
9620
9619
9617
9616
9616
9615
9614
9614
9614
9613
9613
9612
9611
9611
9607
9603
9601
9599
9598
9597
9596
9596
9595
9595
9595
9594
9594
9593
9593
9592
9591
9587
9586
9586
9586
9585
9585
9584
9584
9582
9582
9581
9581
9579
9579
9575
9573
9573
9572
9572
9570
9569
9569
9568
9567
9567
9567
9567
9566
9564
9560
9560
9559
9557
9552
9550
9549
9549
9549
9548
9548
9543
9543
9542
9540
9537
9537
9534
9533
9532
9530
9530
9529
9529
9529
9527
9527
9526
9525
9524
9524
9524
9524
9522
9520
9519
9519
9518
9517
9515
9513
9511
9510
9507
9505
9504
9503
9503
9501
9501
9499
9499
9497
9496
9496
9495
9494
9493
9491
9491
9490
9490
9490
9489
9487
9487
9487
9486
9484
9483
9483
9482
9482
9480
9480
9479
9479
9478
9478
9478
9478
9477
9477
9474
9473
9472
9472
9472
9469
9466
9466
9465
9464
9461
9461
9460
9460
9458
9455
9455
9455
9455
9454
9451
9451
9450
9446
9445
9445
9444
9444
9443
9443
9443
9439
9438
9438
9438
9435
9434
9433
9433
9432
9432
9427
9426
9426
9423
9421
9421
9419
9419
9418
9415
9415
9415
9415
9413
9412
9412
9412
9411
9410
9407
9407
9407
9402
9402
9401
9397
9395
9394
9393
9393
9393
9393
9392
9384
9383
9382
9382
9382
9381
9379
9378
9378
9376
9375
9374
9371
9370
9367
9364
9361
9361
9359
9357
9357
9356
9355
9355
9351
9350
9348
9346
9342
9340
9339
9339
9339
9337
9337
9335
9334
9334
9333
9332
9332
9331
9329
9328
9328
9325
9324
9324
9323
9318
9318
9315
9315
9315
9315
9314
9313
9307
9304
9304
9304
9303
9302
9302
9301
9300
9299
9298
9298
9296
9295
9294
9293
9291
9290
9289
9289
9288
9288
9287
9285
9285
9284
9284
9284
9281
9281
9281
9280
9280
9279
9279
9278
9278
9277
9277
9277
9277
9276
9275
9274
9273
9270
9266
9266
9265
9258
9258
9257
9255
9255
9253
9252
9251
9250
9250
9246
9246
9246
9243
9242
9241
9240
9236
9236
9236
9235
9235
9234
9234
9233
9233
9232
9231
9230
9229
9228
9228
9226
9226
9226
9225
9225
9224
9221
9219
9216
9214
9214
9210
9210
9209
9204
9201
9201
9200
9200
9198
9197
9197
9196
9195
9195
9194
9189
9185
9185
9184
9184
9184
9184
9182
9180
9178
9177
9176
9176
9170
9169
9167
9167
9167
9166
9162
9161
9161
9161
9161
9160
9159
9158
9157
9155
9155
9151
9151
9151
9150
9149
9149
9148
9148
9148
9146
9145
9145
9145
9143
9143
9142
9141
9140
9140
9140
9140
9138
9137
9136
9135
9134
9134
9132
9131
9129
9127
9126
9125
9125
9124
9123
9122
9122
9121
9118
9116
9115
9115
9114
9114
9113
9113
9113
9111
9106
9105
9103
9103
9103
9102
9101
9101
9100
9099
9099
9098
9096
9096
9091
9091
9091
9089
9089
9088
9086
9086
9086
9083
9083
9083
9082
9082
9082
9081
9079
9078
9078
9077
9075
9074
9074
9074
9072
9072
9072
9070
9069
9069
9069
9067
9067
9066
9066
9065
9064
9064
9064
9062
9061
9059
9057
9057
9057
9057
9056
9054
9054
9053
9053
9052
9050
9050
9049
9048
9048
9048
9046
9045
9043
9041
9041
9040
9039
9039
9039
9038
9038
9037
9037
9037
9037
9035
9035
9035
9034
9034
9033
9032
9031
9029
9029
9029
9029
9025
9025
9023
9022
9020
9019
9019
9018
9017
9017
9017
9015
9015
9014
9014
9014
9013
9012
9012
9007
9005
9004
9003
9001
8998
8998
8997
8997
8996
8995
8992
8990
8986
8985
8984
8981
8980
8980
8976
8975
8974
8974
8973
8973
8971
8971
8969
8968
8966
8964
8964
8964
8963
8962
8962
8961
8961
8960
8960
8960
8959
8958
8957
8956
8955
8955
8954
8953
8949
8949
8949
8947
8947
8946
8946
8946
8943
8942
8938
8938
8938
8937
8937
8937
8935
8934
8932
8931
8931
8930
8930
8929
8927
8926
8925
8925
8923
8921
8921
8920
8920
8920
8917
8917
8916
8915
8914
8913
8911
8911
8909
8906
8906
8906
8906
8904
8904
8903
8902
8902
8902
8900
8900
8900
8899
8898
8898
8897
8897
8896
8896
8892
8891
8890
8890
8888
8887
8887
8887
8887
8886
8885
8883
8882
8882
8881
8878
8877
8876
8876
8875
8875
8875
8874
8874
8874
8874
8872
8872
8872
8870
8869
8868
8868
8867
8867
8865
8864
8863
8859
8857
8856
8855
8854
8854
8854
8853
8853
8850
8850
8848
8848
8847
8846
8844
8844
8843
8843
8842
8841
8839
8839
8835
8835
8835
8835
8832
8828
8828
8828
8828
8827
8827
8826
8826
8825
8823
8823
8822
8821
8820
8820
8820
8818
8817
8817
8816
8816
8815
8813
8811
8811
8810
8810
8808
8807
8807
8805
8804
8803
8802
8802
8799
8796
8795
8795
8793
8791
8786
8784
8784
8784
8782
8782
8782
8780
8779
8778
8778
8776
8776
8775
8773
8772
8771
8771
8771
8770
8769
8768
8766
8766
8763
8762
8761
8757
8757
8757
8756
8755
8753
8752
8748
8748
8747
8747
8746
8744
8744
8743
8742
8741
8740
8739
8738
8736
8736
8735
8734
8734
8733
8731
8730
8729
8728
8727
8725
8722
8722
8722
8719
8718
8717
8716
8715
8714
8713
8713
8712
8712
8712
8711
8711
8710
8710
8710
8709
8707
8704
8703
8702
8702
8701
8701
8700
8699
8698
8697
8696
8696
8695
8694
8693
8692
8692
8691
8690
8689
8687
8686
8685
8683
8683
8683
8682
8678
8678
8678
8678
8672
8671
8669
8668
8668
8667
8667
8667
8664
8663
8661
8660
8658
8657
8657
8656
8656
8656
8655
8655
8653
8652
8651
8650
8650
8650
8649
8648
8646
8646
8645
8645
8644
8642
8642
8641
8640
8640
8638
8637
8636
8634
8634
8632
8632
8632
8632
8630
8630
8629
8628
8627
8625
8624
8623
8622
8621
8621
8620
8620
8619
8619
8619
8618
8618
8617
8617
8613
8613
8613
8611
8611
8610
8609
8609
8608
8607
8607
8607
8605
8603
8602
8601
8601
8601
8600
8599
8598
8597
8597
8596
8594
8593
8592
8590
8590
8590
8590
8588
8586
8586
8585
8584
8583
8582
8581
8580
8580
8579
8579
8577
8575
8575
8571
8570
8569
8567
8567
8566
8566
8565
8560
8558
8558
8557
8556
8556
8555
8555
8554
8553
8553
8553
8552
8551
8551
8548
8548
8548
8546
8544
8544
8544
8542
8539
8539
8538
8538
8537
8536
8532
8532
8532
8531
8528
8528
8528
8526
8526
8525
8524
8523
8521
8520
8520
8518
8515
8513
8513
8512
8511
8510
8510
8508
8508
8507
8507
8505
8504
8503
8501
8501
8500
8500
8497
8497
8496
8496
8495
8495
8490
8490
8490
8489
8488
8488
8487
8487
8486
8486
8486
8485
8484
8484
8484
8483
8483
8483
8482
8481
8477
8477
8476
8473
8472
8472
8471
8470
8470
8468
8466
8465
8464
8463
8462
8462
8461
8456
8456
8456
8455
8452
8452
8451
8450
8447
8447
8446
8446
8445
8445
8444
8444
8439
8439
8439
8438
8437
8436
8436
8435
8433
8433
8431
8431
8427
8426
8426
8423
8420
8419
8416
8416
8413
8413
8413
8412
8412
8410
8409
8408
8405
8405
8404
8403
8403
8402
8401
8400
8398
8397
8397
8396
8396
8395
8395
8394
8393
8391
8390
8389
8389
8387
8387
8387
8386
8386
8384
8384
8383
8381
8381
8380
8378
8377
8377
8376
8375
8374
8374
8372
8371
8370
8369
8369
8368
8367
8367
8366
8366
8364
8364
8363
8363
8363
8362
8361
8360
8360
8358
8358
8356
8356
8356
8354
8354
8353
8352
8351
8350
8350
8350
8349
8349
8347
8347
8346
8346
8344
8344
8344
8343
8342
8342
8342
8342
8340
8340
8339
8338
8338
8338
8337
8336
8336
8335
8334
8334
8331
8331
8330
8328
8323
8322
8321
8321
8320
8319
8319
8319
8319
8319
8318
8318
8318
8317
8317
8316
8316
8314
8313
8313
8313
8311
8310
8309
8307
8307
8306
8306
8306
8305
8304
8303
8303
8302
8302
8300
8300
8297
8296
8294
8294
8294
8290
8290
8290
8289
8288
8287
8286
8282
8282
8281
8281
8281
8279
8278
8277
8276
8275
8275
8274
8273
8272
8270
8270
8270
8269
8269
8268
8268
8268
8268
8268
8266
8265
8264
8264
8264
8263
8262
8261
8260
8260
8260
8259
8256
8256
8252
8250
8248
8247
8247
8246
8245
8242
8240
8239
8238
8238
8237
8236
8234
8233
8232
8231
8227
8226
8226
8225
8224
8223
8222
8221
8221
8219
8219
8218
8216
8212
8212
8210
8208
8208
8207
8207
8207
8205
8204
8204
8203
8202
8200
8200
8200
8200
8199
8199
8199
8197
8196
8195
8194
8192
8191
8191
8191
8191
8191
8189
8187
8187
8187
8186
8186
8184
8184
8183
8183
8181
8179
8178
8177
8177
8176
8176
8175
8175
8175
8174
8172
8172
8167
8167
8167
8166
8159
8158
8157
8156
8156
8156
8155
8155
8154
8153
8152
8151
8150
8149
8148
8147
8146
8143
8143
8142
8141
8141
8140
8136
8133
8133
8133
8133
8132
8132
8131
8127
8126
8125
8125
8123
8122
8119
8117
8114
8113
8113
8113
8110
8107
8107
8107
8105
8105
8104
8103
8103
8102
8099
8098
8098
8098
8098
8096
8095
8092
8092
8091
8090
8089
8087
8085
8083
8082
8081
8081
8078
8078
8077
8076
8075
8075
8074
8074
8073
8073
8072
8070
8070
8070
8070
8069
8066
8066
8062
8061
8060
8060
8057
8056
8055
8055
8055
8054
8054
8052
8052
8050
8049
8048
8046
8046
8043
8041
8039
8037
8037
8037
8037
8036
8035
8034
8034
8031
8030
8030
8029
8029
8029
8029
8026
8022
8020
8018
8016
8016
8015
8013
8011
8010
8010
8009
8009
8008
8008
8004
8004
8002
8001
7999
7999
7999
7998
7996
7995
7993
7992
7992
7991
7990
7988
7988
7988
7988
7987
7985
7985
7982
7982
7978
7978
7977
7975
7973
7973
7972
7972
7971
7971
7971
7969
7968
7968
7965
7965
7965
7963
7962
7962
7959
7959
7958
7958
7958
7956
7955
7954
7954
7952
7952
7951
7949
7949
7949
7949
7948
7946
7946
7946
7944
7943
7943
7942
7942
7941
7941
7940
7940
7940
7939
7937
7936
7936
7935
7934
7934
7933
7931
7930
7929
7928
7927
7927
7927
7926
7926
7926
7926
7925
7924
7923
7922
7922
7922
7922
7921
7921
7921
7918
7917
7917
7916
7915
7914
7914
7914
7913
7913
7912
7912
7911
7911
7908
7907
7907
7906
7906
7906
7906
7905
7903
7902
7901
7901
7901
7899
7893
7892
7892
7892
7892
7890
7887
7886
7885
7885
7884
7882
7882
7882
7882
7880
7879
7878
7877
7871
7871
7871
7870
7870
7868
7868
7867
7866
7866
7865
7865
7864
7864
7862
7862
7861
7860
7859
7859
7859
7858
7858
7856
7855
7855
7854
7854
7853
7852
7852
7852
7851
7851
7850
7847
7846
7846
7843
7840
7840
7837
7836
7834
7833
7833
7830
7829
7828
7825
7824
7821
7819
7819
7817
7816
7815
7815
7815
7814
7813
7810
7805
7804
7804
7802
7801
7801
7798
7796
7796
7795
7794
7790
7789
7789
7787
7785
7781
7780
7779
7777
7775
7774
7774
7774
7773
7772
7771
7771
7770
7769
7769
7767
7767
7766
7763
7762
7762
7761
7761
7760
7760
7759
7759
7758
7757
7757
7756
7756
7756
7755
7754
7754
7753
7752
7752
7751
7751
7750
7748
7746
7744
7742
7741
7741
7741
7739
7739
7738
7738
7737
7737
7736
7736
7736
7732
7731
7731
7731
7730
7730
7728
7727
7726
7722
7722
7721
7720
7719
7719
7719
7717
7717
7716
7716
7715
7712
7711
7711
7710
7709
7705
7703
7702
7701
7700
7700
7699
7699
7697
7697
7696
7694
7693
7693
7692
7691
7691
7690
7689
7689
7687
7687
7687
7687
7685
7685
7685
7682
7680
7680
7679
7679
7679
7679
7679
7678
7678
7676
7675
7673
7672
7671
7670
7670
7670
7670
7670
7670
7669
7666
7665
7661
7661
7661
7661
7660
7660
7659
7658
7657
7656
7656
7656
7655
7654
7654
7653
7652
7647
7647
7645
7642
7641
7641
7639
7639
7639
7638
7637
7634
7629
7629
7627
7627
7626
7626
7625
7625
7623
7623
7623
7622
7618
7617
7617
7613
7612
7611
7610
7609
7609
7608
7607
7606
7606
7606
7601
7600
7598
7598
7598
7597
7596
7596
7595
7595
7595
7592
7589
7589
7588
7588
7588
7587
7587
7587
7585
7585
7585
7583
7583
7583
7582
7581
7581
7580
7580
7579
7579
7578
7577
7577
7576
7576
7572
7570
7570
7570
7570
7568
7568
7567
7566
7565
7565
7565
7562
7560
7559
7559
7557
7557
7556
7555
7552
7550
7548
7547
7547
7546
7545
7545
7544
7544
7540
7540
7540
7535
7531
7531
7531
7530
7526
7526
7526
7523
7522
7522
7522
7522
7521
7521
7520
7519
7519
7519
7518
7516
7514
7513
7513
7511
7510
7510
7509
7506
7505
7505
7504
7502
7501
7497
7496
7495
7493
7490
7489
7488
7488
7487
7487
7487
7483
7483
7483
7482
7481
7481
7481
7480
7480
7480
7479
7475
7475
7474
7474
7473
7473
7473
7472
7471
7468
7467
7465
7465
7464
7464
7461
7460
7456
7454
7454
7452
7450
7449
7449
7449
7447
7446
7445
7445
7445
7444
7443
7442
7441
7440
7440
7439
7437
7436
7435
7433
7432
7431
7431
7428
7428
7427
7426
7425
7424
7424
7422
7422
7421
7421
7421
7420
7419
7414
7413
7410
7409
7409
7406
7404
7404
7403
7403
7403
7401
7400
7399
7398
7397
7395
7395
7393
7392
7392
7391
7390
7389
7385
7385
7385
7385
7384
7384
7383
7383
7382
7381
7381
7381
7379
7379
7377
7377
7376
7376
7373
7373
7372
7371
7370
7368
7368
7367
7364
7364
7361
7359
7358
7357
7357
7356
7356
7354
7353
7352
7352
7351
7350
7350
7350
7349
7349
7348
7347
7347
7346
7343
7342
7340
7340
7340
7338
7336
7336
7335
7334
7334
7334
7333
7330
7330
7328
7328
7328
7328
7327
7327
7326
7326
7325
7325
7324
7323
7323
7323
7322
7322
7321
7320
7314
7313
7313
7313
7311
7307
7306
7305
7303
7301
7299
7298
7298
7297
7297
7295
7294
7292
7291
7290
7289
7287
7284
7284
7284
7283
7282
7280
7279
7278
7278
7278
7277
7277
7277
7275
7271
7270
7269
7269
7269
7268
7267
7267
7266
7266
7265
7265
7264
7263
7263
7263
7262
7261
7260
7260
7259
7258
7258
7257
7256
7256
7255
7255
7255
7255
7253
7253
7252
7251
7251
7250
7250
7250
7250
7248
7248
7247
7247
7246
7246
7246
7245
7245
7244
7244
7244
7243
7240
7240
7240
7238
7238
7237
7237
7237
7233
7232
7232
7232
7230
7229
7228
7228
7227
7227
7224
7224
7222
7221
7219
7218
7218
7216
7216
7216
7215
7214
7212
7211
7211
7210
7210
7210
7210
7208
7208
7207
7201
7201
7200
7199
7198
7197
7196
7196
7196
7195
7195
7194
7194
7194
7194
7193
7192
7191
7191
7190
7189
7189
7187
7184
7183
7182
7182
7181
7181
7178
7178
7177
7177
7177
7174
7172
7171
7171
7170
7170
7167
7165
7163
7163
7162
7161
7161
7160
7160
7158
7158
7157
7156
7156
7155
7155
7154
7152
7152
7152
7150
7149
7147
7145
7142
7141
7141
7140
7139
7139
7139
7138
7138
7138
7137
7137
7136
7135
7135
7135
7131
7131
7130
7127
7127
7126
7125
7124
7123
7121
7120
7119
7119
7118
7117
7115
7112
7111
7110
7106
7104
7104
7104
7102
7102
7101
7101
7100
7100
7099
7097
7092
7091
7088
7088
7086
7082
7080
7079
7078
7078
7077
7074
7071
7070
7070
7067
7067
7066
7065
7064
7064
7063
7063
7062
7062
7058
7058
7058
7056
7056
7055
7051
7051
7048
7048
7047
7044
7043
7042
7042
7040
7038
7037
7036
7034
7034
7034
7033
7031
7031
7030
7027
7025
7025
7024
7024
7022
7022
7019
7019
7018
7017
7017
7015
7015
7015
7015
7015
7014
7013
7013
7009
7007
7005
7005
7003
7000
6999
6999
6998
6998
6996
6995
6995
6993
6993
6989
6988
6988
6985
6985
6984
6983
6981
6978
6978
6976
6976
6975
6972
6971
6969
6969
6968
6968
6965
6964
6957
6957
6956
6954
6952
6951
6951
6950
6946
6946
6946
6945
6945
6944
6942
6942
6941
6940
6939
6937
6937
6937
6937
6936
6936
6935
6934
6934
6933
6933
6931
6931
6930
6927
6926
6925
6924
6924
6923
6922
6921
6921
6921
6920
6918
6916
6915
6915
6914
6913
6913
6912
6912
6912
6908
6908
6908
6907
6906
6906
6904
6903
6902
6902
6902
6901
6900
6899
6899
6897
6894
6893
6893
6892
6889
6889
6887
6887
6887
6883
6883
6882
6880
6879
6879
6878
6876
6874
6874
6872
6872
6871
6871
6868
6868
6867
6866
6863
6860
6860
6859
6858
6857
6856
6856
6856
6855
6855
6854
6854
6854
6853
6853
6852
6852
6851
6847
6846
6846
6845
6842
6842
6841
6836
6836
6834
6834
6834
6833
6833
6830
6828
6827
6827
6827
6827
6826
6826
6824
6824
6824
6822
6821
6819
6815
6813
6811
6810
6810
6808
6808
6806
6805
6804
6804
6804
6804
6803
6802
6802
6801
6800
6797
6796
6794
6793
6792
6790
6789
6789
6789
6788
6788
6787
6784
6783
6783
6782
6780
6780
6779
6778
6776
6776
6775
6775
6774
6774
6774
6772
6771
6769
6769
6767
6764
6763
6762
6762
6761
6761
6761
6760
6759
6759
6757
6753
6753
6753
6753
6750
6750
6748
6748
6747
6747
6745
6745
6744
6744
6741
6740
6739
6737
6734
6734
6733
6732
6730
6730
6730
6728
6727
6725
6724
6723
6723
6722
6722
6718
6718
6717
6717
6715
6715
6715
6713
6713
6711
6711
6710
6709
6707
6707
6707
6706
6706
6704
6703
6703
6702
6700
6699
6698
6696
6695
6695
6694
6691
6691
6691
6689
6689
6688
6682
6682
6682
6681
6681
6679
6679
6677
6676
6675
6675
6675
6674
6672
6672
6670
6669
6669
6668
6667
6666
6665
6663
6662
6661
6660
6660
6659
6657
6657
6656
6655
6655
6654
6654
6654
6651
6650
6649
6648
6647
6646
6646
6643
6641
6641
6641
6640
6639
6639
6638
6633
6633
6632
6632
6631
6630
6629
6629
6626
6626
6624
6623
6620
6620
6619
6618
6617
6616
6616
6615
6615
6615
6614
6614
6614
6613
6612
6612
6612
6611
6609
6607
6607
6606
6606
6606
6606
6605
6604
6601
6598
6598
6596
6596
6596
6595
6593
6593
6592
6591
6590
6589
6587
6585
6584
6582
6581
6580
6579
6576
6575
6575
6574
6573
6573
6573
6572
6571
6571
6569
6568
6566
6565
6565
6561
6559
6557
6556
6554
6554
6548
6547
6546
6545
6544
6543
6543
6543
6543
6538
6537
6536
6535
6533
6532
6531
6531
6528
6527
6526
6523
6521
6520
6520
6520
6519
6518
6517
6517
6515
6514
6514
6513
6513
6512
6511
6511
6510
6510
6509
6509
6503
6503
6499
6499
6499
6498
6495
6495
6494
6494
6494
6494
6493
6493
6491
6490
6489
6489
6488
6486
6485
6485
6485
6485
6485
6484
6483
6483
6482
6481
6478
6478
6477
6475
6474
6473
6470
6469
6468
6468
6467
6467
6467
6467
6464
6464
6463
6461
6458
6458
6457
6457
6457
6456
6453
6453
6452
6451
6450
6450
6450
6450
6447
6447
6447
6446
6446
6445
6444
6439
6437
6437
6437
6436
6436
6436
6434
6433
6431
6430
6430
6426
6425
6423
6423
6422
6421
6421
6420
6420
6419
6418
6418
6416
6416
6413
6413
6413
6412
6410
6410
6410
6407
6407
6407
6406
6405
6405
6404
6403
6403
6402
6402
6401
6400
6400
6400
6399
6399
6398
6396
6396
6395
6395
6394
6393
6392
6392
6390
6390
6389
6387
6387
6386
6385
6383
6382
6381
6379
6377
6377
6375
6375
6374
6374
6373
6371
6371
6371
6370
6370
6369
6367
6367
6366
6366
6365
6364
6364
6364
6361
6361
6360
6359
6358
6358
6358
6357
6355
6354
6353
6352
6349
6348
6347
6346
6346
6343
6342
6341
6339
6339
6339
6338
6337
6334
6332
6332
6331
6331
6330
6329
6328
6328
6326
6325
6325
6324
6324
6322
6322
6320
6318
6317
6316
6316
6313
6312
6311
6310
6310
6309
6308
6308
6308
6305
6305
6303
6302
6302
6300
6298
6298
6298
6296
6295
6294
6293
6290
6289
6289
6288
6287
6286
6285
6283
6280
6280
6280
6279
6276
6274
6273
6272
6271
6270
6269
6269
6268
6266
6266
6263
6263
6260
6259
6259
6258
6258
6257
6257
6257
6256
6256
6253
6253
6253
6252
6252
6251
6248
6248
6245
6244
6244
6243
6241
6241
6241
6241
6239
6237
6236
6235
6233
6233
6232
6230
6230
6230
6229
6228
6228
6227
6227
6226
6226
6223
6221
6220
6220
6219
6218
6217
6216
6216
6214
6213
6212
6211
6211
6209
6207
6205
6203
6202
6202
6201
6198
6196
6195
6195
6193
6192
6190
6190
6190
6186
6185
6180
6180
6178
6177
6177
6176
6176
6174
6173
6171
6170
6168
6167
6166
6165
6165
6163
6161
6159
6158
6156
6156
6155
6155
6153
6152
6152
6152
6152
6151
6148
6144
6144
6143
6143
6143
6142
6141
6140
6138
6138
6138
6137
6137
6137
6136
6134
6133
6130
6129
6127
6126
6124
6123
6120
6120
6119
6118
6116
6115
6113
6112
6112
6110
6109
6106
6105
6105
6105
6105
6105
6104
6103
6103
6103
6102
6101
6095
6094
6094
6093
6092
6089
6088
6086
6086
6084
6083
6081
6079
6078
6077
6074
6072
6070
6066
6066
6066
6064
6064
6064
6063
6063
6063
6061
6061
6060
6058
6058
6057
6057
6056
6056
6056
6055
6054
6054
6053
6052
6051
6051
6050
6049
6048
6047
6047
6047
6046
6045
6045
6045
6043
6042
6042
6041
6041
6040
6039
6039
6037
6036
6033
6032
6032
6031
6031
6031
6029
6027
6025
6025
6024
6023
6023
6023
6022
6022
6021
6021
6021
6021
6020
6019
6018
6018
6018
6017
6016
6016
6014
6014
6013
6012
6012
6010
6009
6009
6009
6009
6009
6009
6007
6007
6005
6004
6004
6003
6003
6001
5996
5996
5995
5994
5994
5993
5992
5992
5992
5990
5989
5986
5986
5986
5985
5985
5985
5984
5983
5983
5980
5979
5976
5975
5974
5974
5973
5973
5971
5971
5971
5970
5968
5967
5966
5966
5961
5960
5959
5959
5957
5957
5956
5956
5954
5954
5954
5953
5950
5949
5948
5947
5946
5946
5945
5944
5943
5942
5942
5939
5937
5936
5936
5935
5935
5932
5932
5932
5931
5931
5930
5930
5929
5928
5928
5927
5924
5920
5920
5917
5917
5916
5915
5915
5914
5914
5913
5912
5912
5910
5909
5909
5907
5907
5904
5903
5903
5903
5899
5898
5896
5895
5890
5888
5888
5887
5886
5884
5883
5880
5879
5879
5876
5875
5875
5874
5874
5873
5871
5870
5869
5869
5867
5867
5866
5865
5865
5864
5863
5861
5861
5859
5858
5855
5855
5854
5851
5849
5848
5847
5847
5847
5847
5847
5845
5844
5843
5841
5839
5837
5837
5836
5836
5835
5835
5833
5831
5831
5829
5827
5826
5825
5825
5824
5824
5824
5823
5823
5822
5822
5821
5821
5820
5818
5816
5813
5812
5812
5810
5809
5808
5808
5808
5808
5807
5806
5805
5804
5804
5803
5802
5802
5801
5797
5796
5796
5794
5793
5793
5792
5791
5789
5788
5788
5784
5784
5779
5779
5779
5778
5776
5776
5774
5773
5773
5771
5770
5769
5769
5768
5765
5765
5763
5763
5762
5761
5759
5759
5757
5756
5755
5755
5754
5752
5752
5751
5750
5749
5747
5747
5747
5746
5745
5743
5743
5743
5741
5740
5739
5738
5738
5738
5737
5736
5734
5734
5734
5734
5733
5731
5730
5728
5728
5726
5725
5725
5725
5725
5724
5724
5724
5723
5722
5722
5722
5722
5719
5718
5715
5714
5714
5713
5710
5710
5710
5709
5709
5709
5709
5709
5708
5707
5707
5707
5706
5703
5702
5700
5700
5699
5697
5696
5696
5693
5693
5692
5691
5690
5690
5690
5690
5689
5689
5688
5687
5687
5686
5685
5685
5684
5683
5682
5681
5680
5678
5678
5677
5676
5675
5673
5668
5668
5667
5667
5666
5666
5665
5664
5664
5664
5663
5662
5662
5662
5657
5655
5655
5654
5652
5649
5649
5649
5644
5643
5643
5643
5642
5642
5642
5641
5640
5638
5638
5638
5637
5636
5635
5634
5634
5633
5633
5632
5632
5631
5629
5627
5626
5626
5625
5623
5623
5621
5621
5621
5619
5619
5618
5617
5616
5615
5615
5614
5614
5613
5609
5609
5608
5607
5607
5604
5603
5603
5602
5601
5598
5598
5597
5595
5595
5594
5594
5593
5592
5591
5591
5591
5590
5589
5588
5587
5587
5585
5585
5583
5583
5581
5580
5578
5578
5578
5578
5577
5577
5576
5573
5573
5570
5568
5568
5567
5566
5563
5561
5560
5560
5559
5556
5555
5555
5554
5553
5552
5551
5551
5551
5551
5549
5547
5546
5545
5543
5542
5542
5541
5541
5538
5538
5538
5537
5536
5534
5532
5531
5530
5529
5529
5528
5527
5526
5525
5525
5524
5524
5522
5521
5519
5518
5517
5517
5517
5516
5515
5514
5514
5513
5512
5509
5508
5508
5507
5507
5507
5505
5505
5503
5503
5501
5501
5501
5500
5500
5498
5498
5497
5497
5497
5496
5495
5494
5494
5493
5492
5491
5489
5486
5485
5484
5484
5483
5483
5483
5482
5481
5481
5480
5479
5478
5477
5477
5476
5475
5475
5475
5474
5474
5473
5473
5471
5471
5471
5470
5469
5469
5468
5468
5467
5466
5466
5466
5464
5463
5460
5460
5459
5457
5456
5454
5454
5454
5454
5452
5452
5451
5451
5450
5450
5448
5447
5446
5445
5444
5443
5441
5437
5437
5435
5434
5434
5433
5429
5429
5428
5428
5427
5424
5424
5423
5423
5422
5420
5420
5419
5419
5418
5418
5416
5415
5415
5415
5412
5411
5410
5410
5406
5399
5398
5396
5395
5395
5392
5390
5389
5388
5387
5387
5387
5387
5386
5386
5386
5385
5384
5384
5384
5382
5379
5379
5379
5378
5376
5374
5373
5373
5373
5372
5371
5369
5369
5368
5368
5368
5366
5366
5366
5365
5365
5362
5359
5358
5358
5357
5357
5356
5356
5351
5351
5350
5349
5347
5346
5344
5343
5342
5342
5341
5341
5340
5340
5338
5338
5335
5335
5334
5334
5330
5330
5329
5329
5329
5329
5326
5324
5322
5321
5319
5318
5317
5317
5316
5315
5315
5312
5312
5312
5311
5311
5311
5309
5308
5307
5306
5303
5301
5300
5300
5300
5299
5299
5299
5299
5298
5298
5296
5296
5296
5294
5294
5291
5290
5289
5289
5285
5284
5284
5282
5281
5280
5280
5279
5278
5276
5275
5275
5274
5273
5273
5273
5272
5270
5270
5267
5262
5262
5261
5261
5260
5260
5260
5260
5259
5256
5256
5256
5255
5254
5254
5254
5253
5253
5252
5252
5251
5251
5247
5247
5246
5246
5242
5240
5240
5239
5239
5237
5235
5232
5231
5231
5226
5225
5223
5223
5221
5221
5220
5217
5215
5215
5214
5214
5213
5213
5212
5211
5211
5210
5210
5210
5209
5208
5208
5207
5207
5207
5206
5206
5206
5206
5206
5206
5205
5204
5204
5203
5201
5200
5199
5196
5194
5193
5192
5190
5189
5188
5187
5184
5184
5184
5182
5181
5179
5178
5178
5177
5175
5173
5172
5170
5170
5170
5168
5167
5165
5164
5163
5163
5161
5160
5160
5158
5157
5156
5156
5155
5155
5154
5153
5152
5150
5150
5149
5149
5148
5148
5147
5146
5146
5145
5144
5144
5142
5141
5140
5139
5136
5136
5135
5133
5133
5132
5132
5131
5130
5129
5129
5128
5128
5127
5127
5127
5126
5126
5126
5125
5124
5123
5123
5122
5122
5122
5119
5118
5118
5118
5118
5117
5115
5115
5113
5113
5111
5103
5103
5103
5101
5101
5101
5101
5100
5100
5098
5097
5097
5095
5094
5093
5092
5092
5092
5092
5089
5089
5085
5085
5084
5084
5083
5083
5082
5081
5081
5079
5079
5079
5078
5077
5076
5075
5074
5074
5073
5072
5071
5071
5070
5070
5070
5069
5067
5066
5064
5061
5060
5060
5059
5057
5056
5054
5053
5052
5052
5051
5050
5049
5049
5049
5047
5046
5045
5042
5042
5041
5040
5036
5035
5034
5032
5031
5028
5027
5026
5024
5021
5021
5020
5019
5018
5014
5014
5012
5012
5011
5010
5006
5006
5006
5005
5004
5003
5002
5001
5001
5000
5000
5000
4999
4998
4997
4996
4996
4996
4995
4993
4991
4989
4984
4983
4980
4978
4977
4975
4974
4973
4971
4971
4970
4970
4968
4968
4967
4967
4965
4963
4959
4958
4958
4957
4956
4955
4954
4954
4953
4951
4950
4949
4949
4948
4947
4947
4944
4944
4944
4942
4941
4940
4940
4938
4938
4936
4935
4935
4934
4934
4933
4933
4932
4932
4930
4926
4926
4923
4923
4922
4922
4918
4918
4915
4915
4913
4913
4911
4906
4903
4903
4903
4901
4901
4900
4900
4900
4899
4899
4899
4899
4894
4894
4894
4894
4890
4889
4886
4886
4886
4886
4885
4882
4880
4880
4878
4878
4877
4876
4875
4873
4872
4872
4871
4870
4868
4867
4866
4865
4865
4862
4861
4861
4861
4861
4860
4859
4857
4857
4856
4855
4855
4854
4854
4852
4852
4852
4845
4845
4844
4844
4843
4842
4842
4839
4838
4838
4838
4837
4837
4836
4836
4835
4835
4835
4834
4832
4831
4831
4830
4829
4827
4825
4824
4823
4822
4821
4821
4820
4820
4819
4819
4819
4818
4818
4817
4816
4815
4815
4815
4815
4814
4814
4811
4809
4807
4806
4805
4803
4802
4802
4802
4801
4801
4800
4799
4795
4794
4792
4790
4790
4789
4785
4785
4785
4784
4783
4782
4781
4777
4774
4772
4770
4767
4767
4764
4762
4762
4761
4761
4757
4752
4751
4751
4751
4750
4749
4749
4748
4747
4745
4744
4744
4743
4741
4740
4739
4738
4738
4738
4737
4736
4736
4734
4730
4729
4727
4725
4723
4722
4722
4721
4720
4719
4719
4719
4717
4716
4716
4715
4715
4712
4710
4710
4709
4709
4708
4707
4707
4707
4705
4705
4702
4701
4701
4699
4697
4697
4693
4692
4690
4689
4689
4688
4686
4685
4681
4681
4680
4677
4673
4673
4671
4670
4670
4669
4665
4665
4665
4664
4664
4662
4659
4658
4656
4656
4654
4652
4651
4651
4650
4649
4649
4647
4646
4645
4644
4644
4644
4643
4643
4641
4640
4640
4640
4639
4639
4637
4637
4636
4636
4635
4635
4634
4634
4633
4633
4631
4630
4629
4629
4627
4626
4626
4626
4625
4625
4624
4623
4623
4622
4622
4621
4621
4621
4620
4619
4616
4616
4616
4616
4616
4615
4613
4612
4612
4611
4611
4610
4610
4608
4608
4606
4606
4605
4605
4604
4603
4602
4602
4600
4599
4598
4598
4597
4596
4596
4595
4592
4592
4592
4592
4592
4590
4588
4585
4585
4585
4584
4584
4584
4582
4579
4578
4576
4575
4575
4574
4573
4572
4571
4570
4569
4568
4567
4567
4565
4565
4565
4563
4563
4561
4559
4558
4558
4557
4555
4554
4552
4552
4548
4545
4545
4543
4541
4540
4538
4537
4537
4537
4535
4535
4532
4530
4528
4528
4527
4526
4526
4525
4524
4524
4523
4523
4521
4520
4520
4519
4517
4516
4516
4514
4514
4513
4512
4512
4511
4511
4510
4508
4507
4507
4505
4504
4503
4499
4499
4499
4497
4497
4494
4493
4493
4492
4490
4489
4488
4488
4487
4487
4485
4485
4485
4484
4483
4483
4483
4480
4480
4479
4478
4476
4476
4475
4475
4474
4473
4472
4472
4472
4470
4470
4469
4468
4467
4465
4464
4464
4463
4461
4461
4461
4461
4460
4458
4456
4454
4454
4454
4453
4453
4453
4451
4449
4449
4449
4447
4446
4444
4443
4442
4441
4436
4433
4433
4433
4433
4432
4430
4429
4428
4427
4426
4426
4425
4424
4424
4423
4422
4422
4421
4421
4419
4419
4416
4415
4414
4412
4411
4410
4410
4409
4408
4408
4407
4407
4407
4404
4403
4402
4402
4402
4402
4401
4401
4400
4400
4399
4399
4397
4397
4396
4396
4396
4394
4393
4393
4393
4392
4391
4390
4389
4386
4385
4384
4383
4382
4382
4382
4381
4380
4379
4379
4378
4377
4377
4377
4377
4375
4375
4374
4370
4368
4368
4367
4366
4364
4363
4362
4362
4361
4359
4359
4359
4358
4358
4357
4356
4356
4353
4353
4353
4353
4352
4346
4345
4344
4343
4343
4343
4342
4342
4340
4338
4337
4336
4335
4329
4329
4327
4327
4325
4324
4323
4323
4322
4320
4320
4320
4319
4317
4316
4315
4315
4314
4312
4312
4311
4310
4310
4309
4308
4304
4303
4302
4302
4301
4301
4300
4300
4299
4298
4297
4297
4293
4293
4286
4286
4285
4285
4284
4283
4283
4283
4282
4282
4281
4281
4281
4281
4281
4277
4276
4276
4276
4275
4275
4274
4273
4273
4271
4271
4270
4270
4268
4267
4265
4265
4265
4263
4263
4262
4261
4259
4259
4257
4252
4251
4250
4250
4242
4241
4237
4236
4236
4235
4235
4235
4235
4232
4232
4232
4230
4230
4229
4228
4228
4227
4223
4223
4222
4222
4221
4221
4221
4221
4218
4217
4217
4216
4214
4214
4212
4212
4212
4211
4211
4211
4208
4207
4207
4203
4202
4201
4199
4199
4197
4197
4197
4194
4193
4192
4191
4190
4189
4188
4188
4187
4187
4186
4184
4183
4183
4183
4182
4181
4179
4178
4178
4177
4176
4174
4174
4173
4173
4172
4171
4171
4169
4169
4168
4165
4165
4163
4162
4161
4161
4158
4157
4156
4154
4153
4152
4152
4150
4150
4150
4148
4147
4146
4145
4141
4141
4140
4136
4135
4133
4132
4132
4131
4130
4130
4130
4129
4128
4127
4127
4124
4124
4123
4123
4123
4122
4121
4121
4120
4120
4119
4118
4118
4118
4114
4112
4110
4107
4105
4102
4101
4101
4101
4099
4099
4098
4097
4096
4089
4089
4088
4088
4086
4084
4084
4083
4083
4083
4082
4080
4078
4077
4077
4077
4076
4075
4075
4073
4072
4069
4069
4068
4068
4068
4067
4066
4066
4063
4062
4062
4062
4061
4061
4060
4060
4059
4057
4056
4053
4052
4049
4049
4048
4046
4046
4046
4046
4045
4045
4044
4041
4039
4037
4037
4036
4036
4034
4032
4032
4031
4031
4031
4030
4029
4027
4027
4027
4026
4024
4022
4022
4022
4019
4017
4016
4016
4015
4014
4014
4013
4013
4012
4011
4011
4010
4008
4008
4007
4006
4006
4005
4004
4004
4002
4000
3999
3998
3997
3995
3994
3994
3991
3991
3988
3987
3987
3987
3985
3984
3983
3983
3982
3982
3980
3980
3978
3978
3977
3975
3974
3974
3973
3972
3972
3972
3971
3970
3966
3965
3964
3964
3964
3963
3963
3960
3960
3959
3957
3955
3955
3954
3953
3953
3950
3950
3949
3949
3948
3946
3946
3945
3944
3944
3943
3942
3942
3942
3941
3940
3939
3939
3937
3936
3936
3936
3935
3935
3934
3934
3934
3931
3931
3930
3929
3927
3923
3922
3922
3921
3920
3918
3917
3917
3916
3915
3915
3914
3913
3912
3912
3912
3911
3911
3910
3909
3909
3909
3907
3907
3906
3905
3904
3903
3901
3900
3899
3897
3894
3894
3890
3890
3888
3887
3884
3884
3884
3883
3883
3883
3882
3882
3881
3880
3880
3879
3878
3877
3877
3876
3875
3875
3874
3873
3873
3871
3871
3870
3869
3868
3867
3866
3866
3866
3865
3865
3864
3864
3864
3863
3863
3861
3860
3860
3860
3858
3858
3857
3856
3855
3854
3853
3852
3852
3850
3849
3848
3844
3844
3844
3844
3843
3842
3842
3841
3841
3841
3841
3839
3839
3837
3837
3836
3836
3835
3835
3832
3832
3832
3831
3831
3830
3826
3825
3824
3823
3823
3822
3821
3821
3820
3820
3820
3819
3818
3813
3811
3810
3810
3809
3808
3807
3807
3806
3804
3803
3802
3802
3801
3800
3798
3798
3797
3796
3795
3794
3793
3793
3793
3789
3788
3784
3783
3782
3778
3777
3776
3775
3774
3774
3771
3770
3769
3768
3767
3763
3762
3761
3761
3760
3759
3759
3758
3758
3758
3756
3756
3754
3753
3753
3752
3749
3749
3747
3746
3746
3745
3745
3744
3744
3744
3741
3741
3738
3737
3737
3736
3736
3734
3733
3732
3730
3729
3729
3727
3727
3726
3724
3722
3721
3720
3720
3720
3719
3719
3719
3719
3718
3717
3717
3716
3716
3715
3715
3713
3710
3709
3709
3708
3704
3703
3703
3702
3702
3701
3700
3700
3699
3699
3695
3693
3693
3693
3693
3693
3691
3691
3691
3689
3687
3685
3680
3679
3677
3677
3676
3676
3675
3674
3674
3673
3671
3670
3668
3666
3666
3665
3665
3663
3660
3660
3658
3657
3655
3655
3654
3653
3653
3653
3652
3652
3651
3648
3648
3648
3647
3646
3645
3645
3644
3642
3641
3640
3639
3639
3638
3636
3636
3636
3634
3629
3629
3628
3628
3627
3626
3625
3625
3624
3623
3623
3622
3621
3621
3621
3620
3620
3619
3619
3619
3618
3614
3613
3611
3610
3610
3607
3606
3606
3605
3605
3604
3603
3602
3602
3602
3601
3600
3597
3596
3596
3595
3593
3592
3591
3590
3589
3587
3586
3585
3585
3583
3582
3581
3581
3580
3578
3578
3576
3576
3572
3571
3571
3570
3569
3568
3568
3566
3566
3566
3565
3563
3562
3561
3560
3560
3558
3557
3556
3556
3555
3554
3553
3553
3553
3552
3552
3551
3551
3550
3548
3547
3547
3545
3542
3541
3541
3539
3539
3535
3534
3534
3533
3532
3532
3531
3529
3528
3527
3526
3525
3525
3525
3525
3524
3524
3523
3523
3522
3518
3516
3515
3514
3513
3510
3507
3506
3506
3505
3505
3505
3503
3502
3501
3501
3499
3499
3498
3497
3496
3495
3495
3493
3491
3490
3490
3490
3489
3488
3488
3486
3485
3485
3483
3482
3482
3481
3481
3479
3478
3477
3476
3476
3472
3471
3470
3470
3468
3468
3467
3466
3466
3465
3462
3462
3460
3458
3458
3458
3457
3457
3457
3456
3455
3455
3455
3453
3453
3450
3449
3447
3444
3444
3443
3443
3442
3441
3440
3439
3438
3437
3435
3433
3433
3433
3431
3429
3427
3423
3422
3421
3421
3421
3419
3418
3418
3417
3417
3416
3416
3415
3414
3413
3412
3412
3411
3410
3408
3407
3407
3406
3405
3405
3402
3402
3402
3401
3399
3398
3397
3395
3393
3393
3389
3388
3387
3385
3384
3384
3381
3378
3377
3377
3377
3376
3376
3375
3372
3372
3371
3369
3368
3367
3364
3363
3362
3362
3362
3362
3361
3360
3358
3357
3357
3356
3355
3355
3354
3354
3353
3352
3352
3351
3351
3351
3349
3349
3347
3345
3344
3344
3343
3341
3340
3340
3339
3339
3339
3336
3335
3335
3334
3332
3332
3331
3329
3329
3327
3327
3326
3325
3323
3323
3320
3319
3318
3317
3317
3317
3314
3313
3312
3311
3311
3310
3309
3308
3305
3302
3302
3300
3299
3298
3297
3297
3296
3296
3292
3291
3290
3289
3289
3286
3281
3280
3279
3278
3275
3275
3274
3273
3271
3270
3268
3268
3267
3267
3265
3264
3264
3263
3262
3260
3260
3259
3258
3258
3257
3256
3255
3254
3254
3252
3251
3251
3251
3248
3247
3247
3246
3243
3242
3241
3241
3240
3240
3239
3239
3238
3237
3237
3237
3235
3232
3230
3228
3227
3226
3224
3224
3224
3223
3221
3221
3220
3220
3220
3218
3218
3218
3217
3217
3216
3213
3212
3211
3211
3210
3210
3210
3209
3209
3209
3208
3208
3205
3205
3204
3204
3203
3203
3203
3203
3202
3199
3198
3197
3197
3197
3196
3193
3191
3191
3190
3180
3179
3178
3178
3178
3178
3177
3177
3176
3175
3175
3173
3173
3172
3172
3171
3170
3170
3168
3168
3165
3165
3165
3163
3162
3162
3160
3159
3157
3157
3156
3155
3154
3151
3151
3150
3149
3145
3145
3144
3144
3143
3142
3141
3140
3139
3138
3137
3136
3135
3134
3133
3132
3131
3130
3130
3129
3128
3127
3126
3126
3126
3124
3124
3122
3121
3119
3119
3119
3118
3118
3117
3116
3116
3115
3114
3113
3113
3112
3111
3111
3110
3109
3109
3106
3105
3103
3103
3101
3101
3101
3100
3100
3100
3099
3098
3098
3098
3097
3097
3096
3095
3095
3095
3095
3094
3093
3093
3092
3092
3092
3091
3090
3089
3088
3088
3087
3086
3085
3084
3083
3083
3083
3083
3082
3081
3080
3079
3079
3076
3075
3075
3074
3070
3070
3069
3064
3064
3063
3062
3062
3061
3059
3059
3058
3057
3056
3054
3053
3053
3048
3046
3045
3044
3043
3040
3037
3035
3035
3032
3032
3030
3030
3029
3028
3024
3022
3021
3020
3020
3019
3019
3018
3018
3017
3017
3016
3016
3015
3015
3012
3012
3010
3009
3009
3008
3007
3007
3007
3007
3005
3000
3000
2999
2998
2998
2997
2996
2994
2993
2991
2990
2989
2988
2985
2984
2983
2982
2982
2981
2981
2980
2980
2979
2976
2974
2973
2972
2972
2972
2972
2967
2967
2967
2967
2963
2960
2960
2956
2955
2955
2954
2953
2951
2950
2950
2949
2949
2949
2948
2945
2945
2945
2943
2942
2942
2940
2938
2938
2938
2937
2937
2936
2935
2935
2934
2933
2933
2930
2928
2924
2924
2923
2922
2922
2916
2914
2911
2909
2909
2908
2908
2907
2906
2906
2906
2905
2905
2903
2903
2900
2897
2897
2896
2894
2892
2891
2891
2891
2888
2887
2887
2885
2885
2883
2881
2881
2880
2880
2880
2877
2876
2875
2873
2872
2871
2870
2870
2870
2865
2864
2857
2857
2857
2853
2853
2853
2852
2851
2851
2851
2850
2850
2850
2848
2847
2847
2846
2845
2845
2843
2843
2843
2842
2842
2842
2841
2837
2837
2836
2836
2834
2832
2832
2831
2831
2829
2829
2828
2827
2827
2824
2823
2822
2819
2818
2817
2817
2817
2816
2815
2815
2814
2814
2814
2813
2812
2808
2807
2806
2806
2803
2803
2802
2802
2801
2800
2799
2798
2798
2796
2791
2789
2788
2786
2785
2785
2784
2783
2777
2776
2775
2775
2774
2769
2766
2765
2765
2764
2762
2761
2760
2760
2760
2760
2758
2758
2757
2756
2755
2755
2752
2752
2751
2751
2749
2748
2748
2748
2747
2747
2746
2745
2745
2744
2743
2742
2742
2741
2741
2740
2740
2739
2737
2736
2731
2730
2728
2728
2727
2727
2727
2726
2726
2725
2725
2722
2722
2721
2719
2719
2718
2717
2716
2715
2714
2712
2712
2711
2711
2710
2710
2708
2707
2707
2705
2704
2702
2698
2698
2695
2695
2694
2692
2690
2684
2684
2680
2679
2677
2675
2673
2672
2671
2671
2665
2663
2663
2663
2662
2659
2658
2657
2656
2656
2655
2655
2654
2652
2650
2650
2648
2648
2648
2647
2647
2646
2644
2643
2643
2641
2639
2638
2638
2637
2636
2636
2635
2635
2633
2632
2632
2631
2631
2629
2628
2628
2627
2626
2625
2623
2621
2619
2619
2619
2618
2615
2614
2613
2613
2612
2612
2611
2608
2606
2605
2605
2604
2604
2604
2602
2602
2601
2599
2599
2599
2599
2598
2597
2596
2596
2596
2596
2594
2593
2593
2593
2591
2590
2586
2584
2583
2581
2581
2581
2580
2579
2579
2578
2577
2576
2576
2575
2574
2573
2573
2572
2570
2569
2569
2568
2568
2565
2564
2564
2563
2561
2561
2561
2561
2560
2560
2560
2559
2559
2558
2557
2557
2554
2553
2552
2551
2551
2548
2547
2547
2546
2546
2546
2545
2545
2545
2545
2543
2543
2541
2540
2539
2537
2536
2536
2535
2535
2535
2534
2533
2530
2525
2522
2522
2521
2521
2520
2520
2518
2518
2518
2516
2516
2516
2515
2514
2514
2513
2513
2512
2512
2512
2509
2509
2507
2507
2507
2507
2506
2506
2504
2503
2503
2503
2503
2500
2497
2497
2496
2495
2494
2494
2493
2493
2491
2488
2488
2483
2483
2482
2480
2480
2478
2478
2475
2472
2471
2471
2469
2469
2467
2467
2467
2466
2466
2466
2465
2464
2464
2463
2463
2462
2461
2460
2460
2460
2458
2457
2457
2454
2453
2452
2452
2452
2451
2450
2450
2449
2448
2447
2447
2446
2446
2446
2444
2441
2441
2440
2439
2437
2436
2436
2435
2435
2434
2432
2431
2431
2430
2429
2429
2428
2427
2427
2427
2426
2425
2424
2424
2424
2422
2421
2420
2419
2418
2418
2417
2416
2415
2414
2413
2412
2410
2410
2410
2409
2409
2408
2407
2406
2406
2405
2405
2404
2404
2404
2404
2404
2403
2402
2402
2400
2400
2399
2398
2398
2398
2397
2397
2396
2392
2391
2390
2388
2387
2387
2387
2386
2386
2385
2385
2385
2385
2384
2384
2383
2383
2382
2382
2380
2380
2379
2379
2378
2377
2374
2374
2371
2371
2370
2368
2367
2366
2366
2365
2365
2365
2364
2364
2363
2360
2359
2358
2356
2354
2353
2352
2350
2349
2349
2348
2347
2345
2344
2341
2340
2339
2335
2330
2329
2329
2328
2328
2327
2327
2325
2325
2322
2321
2321
2321
2321
2321
2321
2318
2314
2313
2313
2313
2309
2308
2306
2305
2305
2305
2305
2303
2303
2303
2299
2299
2298
2298
2296
2295
2292
2291
2288
2287
2287
2287
2286
2286
2285
2285
2285
2285
2282
2281
2280
2279
2279
2279
2278
2278
2276
2275
2273
2272
2269
2269
2268
2267
2264
2263
2261
2261
2261
2261
2260
2260
2257
2257
2257
2256
2255
2254
2253
2251
2248
2247
2246
2242
2241
2241
2240
2240
2239
2239
2238
2237
2236
2236
2236
2235
2231
2229
2229
2225
2224
2224
2224
2224
2223
2222
2221
2221
2220
2216
2215
2215
2215
2213
2211
2211
2207
2206
2206
2203
2203
2202
2199
2199
2199
2198
2197
2195
2194
2192
2192
2189
2189
2187
2186
2185
2183
2181
2180
2179
2178
2177
2177
2175
2175
2172
2171
2171
2171
2170
2170
2170
2169
2169
2168
2167
2167
2166
2166
2165
2164
2164
2164
2163
2163
2161
2161
2160
2160
2159
2159
2158
2156
2154
2153
2153
2153
2152
2146
2143
2142
2142
2141
2140
2139
2139
2139
2138
2137
2136
2135
2134
2133
2132
2132
2131
2128
2127
2126
2126
2126
2126
2125
2125
2125
2125
2124
2124
2122
2122
2120
2120
2119
2119
2116
2115
2115
2115
2114
2113
2113
2112
2111
2109
2109
2108
2108
2108
2106
2105
2103
2102
2102
2098
2098
2096
2092
2086
2085
2085
2084
2083
2081
2081
2078
2077
2076
2075
2074
2069
2067
2065
2065
2064
2064
2060
2059
2058
2057
2057
2057
2056
2056
2054
2054
2054
2048
2048
2047
2046
2045
2045
2045
2045
2044
2044
2039
2036
2032
2030
2029
2028
2027
2024
2024
2022
2021
2021
2020
2020
2020
2019
2019
2016
2015
2014
2012
2012
2010
2009
2009
2007
2007
2006
2005
2004
2004
2003
2002
1999
1995
1993
1991
1990
1988
1988
1987
1986
1985
1985
1984
1981
1981
1981
1978
1977
1976
1976
1975
1975
1974
1973
1973
1971
1970
1968
1966
1965
1965
1963
1963
1963
1962
1962
1962
1962
1961
1961
1960
1959
1958
1958
1957
1957
1955
1952
1952
1952
1951
1951
1951
1951
1950
1949
1948
1948
1947
1946
1943
1940
1939
1939
1938
1937
1937
1937
1937
1936
1936
1935
1935
1934
1931
1931
1930
1929
1928
1927
1925
1925
1924
1923
1923
1923
1922
1920
1920
1920
1919
1918
1917
1916
1913
1913
1912
1912
1912
1911
1910
1910
1910
1909
1909
1908
1907
1906
1906
1906
1905
1905
1901
1900
1899
1898
1896
1895
1895
1895
1895
1893
1892
1889
1888
1886
1885
1883
1882
1882
1879
1878
1878
1878
1877
1875
1872
1872
1871
1870
1869
1869
1868
1868
1867
1866
1866
1865
1865
1864
1864
1863
1863
1862
1860
1860
1860
1857
1857
1856
1853
1852
1850
1849
1849
1848
1848
1844
1841
1840
1840
1840
1839
1839
1838
1838
1837
1837
1836
1836
1833
1833
1832
1832
1829
1829
1828
1828
1827
1827
1826
1826
1825
1825
1824
1822
1821
1821
1820
1819
1818
1817
1816
1816
1813
1813
1812
1811
1809
1807
1806
1804
1803
1802
1802
1802
1801
1799
1798
1797
1796
1795
1793
1792
1791
1789
1787
1785
1784
1782
1782
1782
1781
1780
1780
1779
1779
1777
1776
1776
1774
1774
1774
1773
1773
1773
1772
1771
1770
1769
1768
1768
1767
1766
1764
1763
1763
1763
1762
1762
1762
1761
1760
1759
1759
1757
1756
1756
1756
1755
1754
1752
1752
1751
1750
1750
1749
1749
1749
1748
1743
1741
1740
1739
1738
1737
1737
1737
1735
1734
1733
1733
1732
1731
1731
1731
1730
1730
1728
1725
1724
1723
1723
1723
1723
1722
1722
1720
1719
1719
1719
1716
1716
1716
1715
1715
1715
1713
1712
1711
1710
1709
1708
1707
1704
1702
1702
1701
1701
1700
1700
1698
1697
1696
1696
1695
1695
1695
1694
1691
1691
1688
1687
1684
1683
1682
1682
1680
1679
1674
1673
1672
1670
1669
1668
1668
1666
1664
1664
1663
1663
1663
1658
1657
1657
1656
1655
1654
1654
1654
1651
1651
1650
1650
1649
1645
1645
1644
1643
1642
1642
1640
1639
1638
1638
1638
1637
1637
1637
1636
1636
1635
1635
1635
1633
1632
1631
1631
1631
1630
1629
1628
1627
1627
1626
1626
1625
1625
1624
1624
1623
1622
1622
1620
1620
1620
1618
1616
1615
1615
1614
1614
1612
1612
1612
1612
1612
1611
1611
1610
1609
1609
1608
1608
1608
1608
1606
1606
1605
1605
1603
1602
1602
1601
1601
1601
1600
1596
1595
1595
1595
1594
1594
1593
1593
1593
1592
1591
1590
1586
1585
1584
1580
1580
1579
1576
1574
1572
1571
1571
1570
1569
1567
1567
1564
1564
1563
1563
1561
1561
1560
1560
1559
1557
1556
1555
1554
1554
1554
1552
1551
1551
1550
1550
1549
1549
1548
1546
1545
1545
1544
1543
1542
1541
1540
1540
1540
1539
1539
1536
1534
1533
1533
1532
1532
1531
1530
1529
1528
1528
1527
1526
1523
1523
1521
1519
1519
1518
1518
1517
1516
1516
1515
1515
1513
1512
1511
1511
1510
1507
1505
1503
1503
1500
1500
1500
1499
1498
1494
1494
1493
1492
1492
1491
1490
1489
1488
1487
1485
1485
1484
1484
1484
1484
1483
1482
1481
1480
1480
1477
1477
1476
1476
1476
1472
1471
1471
1470
1469
1469
1468
1467
1466
1465
1465
1465
1465
1464
1464
1463
1462
1460
1460
1457
1456
1455
1455
1452
1452
1451
1451
1451
1450
1449
1448
1448
1442
1440
1435
1435
1435
1434
1434
1433
1431
1431
1431
1431
1431
1430
1429
1427
1423
1422
1420
1419
1418
1416
1415
1414
1409
1409
1409
1408
1407
1407
1405
1405
1404
1404
1403
1401
1401
1399
1399
1398
1397
1396
1396
1396
1395
1393
1392
1391
1389
1388
1388
1388
1388
1386
1386
1385
1384
1384
1383
1383
1382
1381
1381
1380
1380
1379
1379
1378
1377
1377
1376
1375
1375
1374
1373
1373
1372
1371
1371
1369
1368
1367
1367
1366
1365
1365
1363
1362
1361
1361
1360
1359
1358
1357
1354
1354
1352
1352
1350
1349
1348
1348
1348
1347
1346
1346
1345
1345
1343
1341
1339
1337
1336
1335
1334
1331
1331
1327
1326
1324
1322
1319
1319
1318
1318
1317
1317
1317
1316
1316
1314
1313
1309
1309
1308
1308
1306
1303
1300
1299
1299
1299
1296
1295
1295
1293
1292
1290
1288
1287
1287
1287
1287
1285
1283
1281
1280
1279
1279
1278
1276
1276
1275
1274
1273
1272
1272
1270
1270
1268
1265
1263
1262
1262
1261
1261
1260
1260
1258
1257
1257
1255
1252
1251
1250
1249
1249
1249
1248
1248
1247
1247
1246
1245
1242
1242
1240
1239
1239
1239
1238
1237
1235
1235
1234
1234
1234
1234
1233
1232
1231
1229
1229
1225
1223
1218
1215
1215
1212
1211
1210
1207
1207
1206
1206
1205
1203
1202
1201
1201
1201
1198
1198
1197
1197
1196
1194
1193
1190
1188
1187
1186
1182
1182
1181
1181
1179
1179
1178
1178
1177
1177
1174
1172
1168
1167
1166
1164
1164
1164
1161
1161
1160
1160
1158
1157
1156
1154
1154
1152
1151
1151
1149
1148
1147
1145
1144
1143
1143
1143
1142
1142
1139
1137
1135
1135
1135
1133
1131
1131
1130
1129
1129
1128
1128
1127
1126
1126
1124
1122
1121
1121
1119
1118
1117
1114
1114
1114
1113
1113
1111
1111
1109
1108
1108
1107
1107
1107
1105
1104
1103
1103
1103
1101
1101
1101
1100
1100
1099
1099
1098
1097
1094
1094
1091
1089
1089
1086
1086
1085
1084
1083
1082
1080
1079
1079
1078
1077
1076
1075
1075
1074
1073
1069
1068
1067
1067
1066
1062
1062
1062
1060
1060
1060
1059
1056
1055
1055
1054
1054
1053
1050
1048
1048
1048
1047
1046
1046
1046
1045
1044
1042
1042
1041
1039
1038
1037
1037
1034
1033
1033
1032
1031
1030
1029
1028
1028
1026
1026
1025
1025
1024
1024
1024
1024
1021
1021
1020
1019
1014
1014
1011
1011
1010
1009
1008
1008
1008
1006
1004
1004
1004
1003
1002
1002
1002
1001
1001
999
999
996
993
992
990
988
986
986
986
985
984
984
982
981
981
981
980
980
979
977
976
976
973
972
971
969
968
968
967
965
965
963
963
962
961
960
959
959
958
957
955
953
950
950
948
947
946
945
943
941
940
940
939
937
936
936
934
934
934
934
933
930
929
929
927
926
925
924
921
919
919
919
918
918
917
916
912
910
908
908
907
906
904
904
903
901
900
900
900
899
896
896
895
893
892
891
891
890
890
888
888
886
886
886
885
883
883
883
882
881
881
877
877
876
876
874
874
874
873
873
872
870
870
865
865
863
862
862
861
860
860
857
855
855
855
854
853
852
851
850
850
849
848
847
846
846
845
844
844
842
841
841
840
840
840
839
838
836
834
834
832
831
830
829
828
825
823
823
823
822
822
821
821
819
819
818
817
816
816
815
815
814
814
812
811
811
810
810
810
809
808
808
805
805
804
803
802
802
800
799
798
798
798
796
796
796
795
795
795
794
791
790
790
789
787
786
786
784
784
783
783
783
782
781
778
778
778
777
777
776
775
775
775
774
774
774
773
771
771
771
769
768
767
766
766
765
764
763
763
761
759
757
757
756
754
752
752
746
746
746
745
742
742
741
741
741
741
740
739
738
738
737
737
737
736
736
735
733
731
730
729
729
728
728
727
727
724
723
723
722
721
717
715
713
713
713
713
711
711
710
708
708
708
707
707
707
707
706
706
702
701
701
698
698
696
695
694
692
691
690
690
689
688
687
687
686
686
685
684
683
682
680
678
677
675
674
674
673
673
671
668
668
666
666
665
664
664
663
662
661
661
661
660
658
657
657
656
655
652
651
650
647
647
646
646
645
643
642
642
641
639
639
639
638
637
635
635
634
633
631
630
628
627
627
626
625
625
625
624
621
621
620
620
620
619
619
617
616
615
615
614
613
613
612
612
612
612
608
606
606
605
603
603
603
603
601
600
599
598
597
597
596
595
595
593
592
591
590
590
589
588
588
587
586
586
583
582
581
580
578
577
577
577
574
573
572
570
569
565
565
564
563
562
561
561
561
560
558
557
556
556
555
555
555
554
554
553
553
552
551
551
549
547
547
547
546
545
545
543
542
540
540
538
538
537
536
535
533
533
533
531
530
529
529
528
528
528
527
526
526
524
523
522
521
520
518
517
516
516
515
513
512
511
510
509
509
509
509
508
507
507
506
505
504
503
499
497
497
494
494
494
493
493
492
492
490
490
488
485
483
483
481
479
477
477
475
475
474
473
473
472
469
468
467
464
461
458
456
456
456
456
456
455
454
452
451
451
451
451
446
446
445
444
441
441
441
438
434
433
433
432
430
429
427
425
425
422
421
420
419
419
419
419
419
418
418
418
417
416
413
412
412
412
410
409
409
408
408
408
407
407
405
403
403
399
399
398
397
394
392
391
389
388
388
387
384
384
383
383
383
382
381
381
379
379
378
376
374
372
372
370
370
370
369
369
367
367
366
365
364
363
361
360
357
357
356
356
355
355
354
354
352
352
351
349
349
348
347
347
346
346
344
343
342
341
341
340
340
339
339
338
337
336
336
330
329
328
326
326
324
324
322
321
318
315
311
311
310
309
307
306
306
306
303
303
300
300
299
298
294
292
290
290
287
286
286
286
286
285
285
283
282
281
280
280
280
279
279
277
277
272
270
268
268
267
266
266
261
260
259
255
254
254
252
250
249
248
247
247
246
238
238
235
234
231
228
228
228
225
225
224
224
222
220
218
218
217
217
216
216
216
216
214
213
213
213
212
212
212
211
207
206
205
205
205
205
204
204
204
203
203
202
202
201
201
200
200
199
199
199
198
198
197
195
194
192
191
191
190
189
187
185
185
182
182
180
179
178
178
178
178
177
177
175
175
174
173
170
168
165
163
163
162
160
160
159
158
156
156
152
151
151
150
150
148
147
147
147
146
145
144
142
141
139
139
138
136
133
133
130
129
126
125
125
125
125
124
124
123
123
120
119
118
117
117
116
115
114
112
112
111
111
110
110
107
106
106
102
102
100
99
98
98
96
95
94
93
92
92
88
88
88
88
88
88
86
85
84
84
80
80
79
78
78
77
77
75
75
74
74
73
73
70
68
66
66
65
65
65
64
62
61
60
60
59
57
57
54
53
53
52
52
51
51
51
50
50
50
49
47
47
45
45
45
43
41
41
39
36
36
36
35
35
33
31
31
30
29
28
27
26
25
25
25
25
23
22
21
21
21
17
17
15
15
14
13
13
12
9
8
7
5
5
3
1
1
0
