9999
9999
9995
9994
9994
9994
9993
9992
9991
9991
9990
9990
9989
9988
9987
9986
9986
9985
9984
9984
9983
9982
9979
9979
9979
9978
9977
9976
9974
9971
9969
9968
9968
9965
9963
9963
9961
9960
9959
9958
9957
9957
9955
9954
9954
9953
9953
9951
9950
9950
9950
9949
9948
9947
9946
9945
9945
9944
9944
9943
9943
9941
9939
9938
9937
9937
9936
9936
9935
9933
9932
9931
9930
9928
9928
9927
9927
9925
9925
9925
9924
9923
9922
9922
9921
9921
9920
9919
9919
9918
9918
9918
9917
9915
9914
9914
9913
9912
9911
9909
9906
9906
9906
9905
9903
9903
9902
9901
9901
9900
9898
9896
9895
9895
9895
9894
9892
9891
9891
9889
9889
9889
9887
9886
9886
9885
9884
9884
9881
9881
9879
9879
9877
9877
9876
9876
9876
9875
9875
9871
9870
9870
9870
9869
9868
9867
9866
9866
9866
9865
9865
9863
9862
9861
9861
9859
9856
9856
9856
9853
9853
9853
9853
9852
9852
9852
9852
9851
9848
9846
9846
9843
9843
9840
9838
9837
9837
9836
9833
9833
9832
9831
9831
9830
9830
9829
9828
9827
9827
9826
9825
9825
9824
9823
9822
9822
9819
9818
9818
9817
9816
9816
9814
9814
9813
9812
9811
9811
9811
9809
9809
9807
9804
9804
9802
9800
9799
9799
9799
9799
9797
9797
9796
9795
9794
9792
9791
9790
9790
9789
9789
9789
9788
9787
9787
9787
9786
9786
9784
9784
9782
9782
9782
9780
9780
9777
9777
9775
9775
9775
9775
9775
9772
9771
9770
9769
9768
9763
9762
9761
9758
9756
9755
9755
9755
9754
9753
9752
9751
9750
9749
9748
9746
9745
9745
9744
9743
9743
9742
9741
9741
9740
9740
9737
9736
9735
9733
9733
9732
9730
9729
9728
9727
9727
9725
9724
9722
9722
9719
9719
9718
9714
9714
9713
9712
9710
9708
9707
9706
9706
9705
9704
9703
9702
9701
9699
9698
9696
9696
9695
9694
9694
9694
9692
9692
9691
9687
9686
9686
9685
9684
9684
9684
9682
9682
9682
9682
9681
9680
9679
9679
9678
9677
9675
9673
9672
9671
9669
9668
9666
9665
9665
9664
9664
9663
9662
9660
9660
9659
9657
9656
9655
9653
9652
9651
9651
9651
9648
9646
9644
9644
9643
9641
9640
9640
9639
9637
9636
9635
9633
9632
9632
9631
9631
9631
9631
9629
9628
9626
9626
9626
9625
9625
9624
9621
9619
9619
9619
9619
9618
9617
9616
9615
9615
9614
9610
9608
9608
9607
9605
9604
9604
9602
9602
9599
9599
9598
9598
9596
9596
9594
9593
9593
9593
9591
9590
9590
9589
9589
9586
9584
9584
9584
9583
9581
9580
9580
9578
9577
9577
9576
9575
9573
9573
9571
9571
9569
9568
9568
9568
9566
9565
9562
9560
9558
9556
9556
9554
9554
9553
9553
9552
9552
9551
9550
9548
9547
9547
9545
9542
9541
9541
9540
9540
9540
9538
9538
9538
9537
9536
9534
9533
9532
9531
9530
9529
9528
9525
9525
9524
9521
9518
9517
9516
9516
9515
9514
9512
9511
9510
9510
9510
9507
9507
9506
9506
9503
9502
9501
9501
9500
9500
9498
9496
9496
9495
9493
9491
9490
9489
9488
9487
9485
9485
9484
9484
9482
9481
9481
9480
9480
9480
9480
9478
9478
9478
9477
9476
9475
9474
9474
9473
9473
9472
9472
9471
9471
9468
9467
9467
9466
9464
9463
9462
9460
9458
9457
9456
9455
9454
9454
9453
9453
9452
9452
9449
9449
9448
9447
9447
9446
9444
9443
9443
9443
9442
9441
9439
9439
9439
9438
9437
9437
9436
9434
9432
9432
9430
9427
9427
9426
9425
9423
9423
9423
9419
9419
9417
9415
9415
9413
9411
9411
9410
9410
9408
9408
9406
9406
9405
9404
9404
9403
9400
9400
9400
9400
9400
9398
9397
9397
9397
9395
9394
9393
9393
9392
9392
9391
9391
9390
9390
9389
9388
9388
9383
9381
9378
9378
9377
9375
9375
9374
9374
9372
9371
9369
9369
9368
9366
9365
9365
9364
9362
9359
9359
9358
9358
9357
9356
9356
9355
9355
9355
9353
9352
9350
9349
9348
9348
9347
9346
9346
9345
9342
9342
9341
9341
9340
9339
9337
9336
9335
9333
9333
9331
9331
9330
9330
9328
9326
9326
9326
9326
9324
9324
9323
9322
9320
9318
9312
9312
9312
9312
9312
9310
9307
9306
9306
9306
9305
9304
9304
9303
9302
9299
9297
9296
9295
9293
9292
9291
9290
9286
9285
9284
9283
9283
9282
9280
9280
9276
9276
9276
9276
9274
9273
9273
9272
9272
9267
9266
9265
9264
9262
9260
9260
9259
9259
9258
9257
9256
9255
9254
9250
9249
9248
9247
9246
9246
9246
9245
9245
9243
9243
9242
9238
9238
9238
9236
9234
9234
9234
9233
9233
9232
9231
9231
9230
9229
9228
9227
9227
9227
9225
9225
9225
9225
9224
9223
9221
9218
9217
9216
9214
9214
9213
9211
9211
9210
9210
9210
9209
9208
9207
9207
9205
9204
9204
9202
9202
9201
9201
9200
9199
9199
9198
9197
9196
9195
9195
9194
9194
9193
9192
9192
9192
9192
9192
9191
9191
9190
9190
9190
9189
9189
9188
9186
9185
9185
9183
9182
9181
9178
9178
9178
9177
9175
9173
9173
9173
9173
9172
9172
9172
9168
9167
9167
9166
9165
9164
9164
9162
9161
9161
9161
9160
9160
9155
9155
9155
9154
9151
9150
9150
9148
9146
9146
9146
9143
9142
9141
9140
9140
9139
9139
9138
9137
9137
9136
9136
9135
9135
9134
9134
9133
9128
9128
9125
9124
9122
9120
9119
9119
9118
9117
9117
9114
9113
9113
9112
9112
9111
9109
9107
9104
9104
9104
9104
9103
9103
9103
9099
9098
9098
9095
9094
9092
9090
9089
9086
9082
9082
9081
9079
9079
9079
9079
9078
9077
9076
9076
9076
9076
9075
9074
9073
9071
9067
9066
9066
9065
9065
9061
9059
9059
9058
9058
9057
9057
9057
9053
9052
9052
9051
9049
9047
9045
9045
9045
9045
9043
9042
9039
9039
9037
9036
9036
9036
9034
9033
9033
9033
9033
9033
9032
9032
9030
9030
9030
9030
9030
9029
9028
9027
9022
9019
9018
9013
9013
9012
9011
9010
9010
9007
9007
9006
9003
9003
9002
9002
8999
8998
8997
8993
8992
8992
8992
8992
8991
8990
8990
8990
8989
8984
8984
8984
8979
8977
8977
8977
8975
8973
8973
8972
8971
8971
8970
8969
8969
8968
8967
8965
8965
8964
8964
8962
8960
8960
8960
8958
8957
8955
8954
8952
8951
8950
8947
8947
8946
8945
8944
8943
8941
8938
8938
8937
8936
8936
8934
8934
8934
8933
8933
8932
8932
8930
8929
8929
8928
8926
8925
8925
8925
8925
8924
8923
8923
8923
8922
8922
8921
8920
8918
8917
8916
8915
8914
8914
8914
8912
8909
8909
8906
8903
8902
8902
8901
8901
8900
8900
8898
8898
8896
8895
8895
8894
8894
8894
8893
8892
8890
8890
8887
8884
8881
8878
8878
8878
8875
8872
8871
8871
8871
8870
8866
8866
8865
8864
8864
8864
8861
8860
8859
8859
8858
8857
8856
8855
8854
8853
8851
8851
8851
8851
8850
8850
8848
8846
8845
8841
8840
8838
8837
8837
8834
8833
8832
8831
8829
8829
8829
8828
8828
8828
8825
8825
8825
8824
8824
8821
8821
8819
8818
8816
8815
8815
8815
8814
8812
8811
8810
8808
8808
8806
8805
8805
8804
8803
8802
8802
8801
8800
8798
8797
8796
8795
8794
8794
8793
8793
8793
8792
8791
8791
8786
8785
8785
8785
8783
8782
8781
8776
8776
8775
8774
8774
8774
8773
8772
8772
8770
8770
8769
8768
8768
8768
8768
8768
8768
8767
8766
8766
8765
8763
8763
8763
8758
8758
8758
8758
8757
8756
8754
8754
8754
8753
8750
8750
8749
8748
8745
8744
8744
8742
8740
8740
8740
8739
8738
8737
8733
8732
8729
8727
8727
8727
8725
8723
8723
8722
8721
8721
8718
8717
8716
8716
8715
8715
8713
8711
8711
8709
8708
8707
8706
8706
8706
8705
8703
8703
8698
8698
8696
8695
8694
8694
8693
8691
8690
8688
8688
8687
8686
8686
8684
8682
8682
8681
8680
8679
8677
8677
8677
8675
8674
8672
8672
8672
8670
8668
8668
8668
8668
8667
8661
8660
8658
8655
8655
8653
8652
8651
8651
8649
8649
8647
8646
8645
8643
8643
8642
8642
8642
8639
8638
8637
8637
8636
8635
8632
8631
8630
8629
8628
8627
8627
8626
8626
8624
8623
8623
8621
8620
8618
8617
8617
8617
8616
8616
8616
8614
8613
8613
8613
8612
8611
8609
8608
8608
8607
8607
8607
8606
8606
8605
8605
8605
8604
8600
8599
8599
8597
8596
8596
8596
8594
8594
8593
8591
8590
8589
8589
8583
8582
8582
8580
8579
8579
8579
8579
8577
8577
8576
8575
8575
8575
8574
8573
8573
8573
8572
8572
8571
8571
8570
8569
8566
8566
8563
8562
8561
8560
8559
8559
8559
8556
8556
8556
8555
8554
8554
8552
8551
8549
8549
8549
8548
8548
8548
8539
8538
8537
8535
8533
8532
8532
8529
8529
8527
8525
8525
8524
8524
8523
8523
8523
8520
8520
8519
8519
8517
8516
8514
8513
8511
8510
8509
8508
8508
8508
8507
8507
8504
8503
8502
8501
8498
8496
8495
8495
8494
8493
8493
8491
8490
8488
8486
8485
8484
8483
8481
8480
8478
8477
8476
8476
8476
8476
8476
8472
8472
8472
8470
8469
8468
8463
8461
8459
8458
8451
8450
8450
8449
8449
8448
8447
8445
8444
8444
8443
8443
8443
8443
8442
8441
8439
8437
8436
8435
8435
8434
8434
8434
8433
8432
8432
8430
8429
8429
8428
8425
8425
8424
8423
8420
8420
8419
8416
8414
8413
8409
8408
8408
8408
8408
8406
8405
8405
8405
8403
8403
8401
8401
8400
8398
8397
8396
8395
8395
8393
8389
8388
8387
8386
8386
8386
8386
8385
8385
8383
8383
8383
8382
8381
8380
8378
8377
8374
8373
8371
8371
8369
8367
8365
8363
8363
8362
8357
8356
8356
8356
8352
8351
8350
8349
8349
8349
8349
8348
8347
8346
8345
8344
8344
8343
8343
8342
8341
8341
8340
8340
8339
8338
8337
8337
8337
8336
8335
8335
8334
8332
8330
8329
8328
8328
8326
8325
8323
8320
8316
8315
8315
8314
8314
8311
8310
8310
8310
8308
8308
8308
8307
8305
8305
8305
8303
8302
8301
8301
8300
8298
8297
8297
8296
8296
8294
8292
8291
8289
8289
8289
8288
8287
8286
8285
8285
8284
8284
8283
8282
8282
8281
8281
8280
8280
8280
8280
8279
8279
8278
8278
8278
8275
8275
8273
8272
8270
8270
8267
8267
8264
8264
8263
8262
8261
8260
8258
8258
8257
8257
8256
8255
8254
8253
8251
8250
8250
8250
8250
8249
8248
8248
8248
8247
8245
8243
8242
8242
8241
8241
8241
8240
8240
8239
8236
8235
8234
8233
8232
8231
8230
8230
8229
8229
8228
8227
8227
8224
8224
8224
8222
8221
8220
8220
8220
8220
8218
8218
8218
8215
8212
8211
8210
8209
8207
8207
8207
8206
8205
8202
8201
8198
8198
8197
8197
8194
8193
8193
8192
8190
8190
8189
8183
8182
8181
8180
8178
8174
8173
8172
8169
8169
8167
8164
8164
8162
8162
8161
8160
8160
8160
8159
8159
8158
8157
8157
8157
8156
8156
8156
8155
8153
8152
8151
8150
8150
8150
8150
8150
8149
8147
8146
8144
8142
8142
8139
8136
8134
8131
8129
8129
8129
8128
8127
8127
8125
8125
8123
8122
8119
8116
8115
8114
8112
8111
8111
8110
8110
8109
8107
8106
8104
8103
8103
8102
8101
8099
8099
8098
8097
8097
8096
8095
8094
8094
8094
8093
8090
8089
8089
8088
8086
8085
8084
8084
8082
8082
8081
8081
8079
8078
8078
8076
8074
8073
8072
8071
8069
8068
8068
8067
8065
8065
8063
8060
8059
8059
8059
8058
8057
8057
8056
8056
8056
8055
8054
8052
8052
8052
8050
8049
8047
8046
8045
8045
8045
8044
8043
8043
8043
8041
8041
8041
8041
8040
8040
8037
8037
8037
8036
8036
8036
8035
8035
8035
8034
8033
8032
8032
8030
8029
8029
8026
8026
8025
8024
8023
8023
8021
8021
8020
8019
8018
8018
8018
8018
8015
8014
8012
8010
8009
8008
8004
8004
8004
8004
8003
8000
8000
7999
7999
7997
7993
7993
7991
7990
7990
7987
7985
7985
7985
7984
7982
7982
7982
7982
7981
7981
7980
7980
7978
7977
7976
7976
7975
7974
7974
7972
7971
7971
7970
7970
7970
7968
7963
7963
7961
7959
7958
7958
7958
7958
7957
7956
7956
7956
7953
7953
7953
7953
7952
7950
7950
7950
7949
7948
7947
7945
7944
7944
7943
7942
7942
7942
7940
7939
7939
7936
7936
7934
7934
7934
7933
7932
7932
7931
7930
7929
7928
7928
7927
7926
7925
7925
7925
7925
7919
7918
7917
7916
7914
7914
7911
7910
7910
7910
7907
7907
7905
7905
7903
7901
7898
7897
7897
7896
7895
7895
7894
7893
7893
7893
7891
7891
7890
7889
7889
7888
7887
7887
7887
7886
7886
7885
7884
7884
7883
7883
7883
7882
7881
7880
7879
7875
7872
7871
7871
7870
7870
7867
7866
7866
7866
7864
7864
7862
7862
7862
7862
7861
7861
7861
7860
7859
7859
7856
7856
7855
7854
7853
7851
7850
7850
7848
7847
7847
7846
7846
7846
7845
7844
7842
7841
7840
7840
7836
7836
7835
7834
7832
7831
7830
7826
7824
7823
7822
7821
7820
7819
7818
7818
7815
7814
7812
7812
7810
7808
7808
7808
7807
7805
7802
7802
7801
7801
7800
7799
7798
7798
7791
7789
7788
7785
7785
7785
7785
7783
7781
7781
7780
7778
7777
7776
7776
7776
7775
7773
7773
7772
7771
7770
7769
7768
7768
7767
7766
7765
7765
7763
7763
7762
7759
7759
7758
7757
7757
7756
7754
7752
7750
7749
7749
7747
7746
7745
7744
7744
7744
7744
7743
7743
7743
7742
7742
7741
7739
7739
7738
7738
7736
7735
7734
7734
7731
7729
7728
7727
7726
7726
7725
7723
7720
7719
7718
7716
7715
7715
7713
7712
7711
7709
7709
7709
7707
7707
7706
7705
7705
7702
7700
7698
7697
7697
7696
7696
7696
7693
7692
7691
7691
7688
7688
7687
7687
7686
7685
7684
7681
7679
7677
7676
7675
7675
7675
7675
7674
7673
7671
7669
7667
7666
7666
7666
7666
7665
7665
7663
7663
7661
7661
7660
7659
7658
7656
7655
7655
7655
7652
7650
7650
7650
7649
7644
7644
7642
7640
7640
7639
7639
7639
7639
7637
7636
7635
7634
7634
7633
7632
7632
7632
7631
7631
7630
7627
7627
7626
7619
7618
7617
7617
7617
7617
7616
7616
7615
7615
7614
7614
7613
7613
7612
7612
7611
7610
7609
7608
7607
7605
7601
7601
7600
7598
7597
7597
7596
7595
7594
7592
7588
7588
7587
7586
7586
7582
7582
7581
7581
7580
7580
7580
7580
7579
7577
7576
7575
7573
7573
7572
7571
7571
7570
7568
7567
7567
7567
7567
7566
7565
7565
7559
7559
7558
7557
7556
7555
7555
7555
7553
7552
7551
7551
7550
7550
7549
7547
7547
7547
7546
7545
7544
7543
7542
7539
7538
7537
7537
7537
7536
7535
7535
7535
7535
7534
7533
7530
7529
7528
7527
7527
7525
7524
7524
7523
7522
7522
7522
7521
7519
7519
7518
7517
7515
7511
7510
7509
7509
7509
7509
7506
7504
7502
7502
7501
7499
7498
7498
7497
7496
7491
7491
7490
7490
7487
7487
7486
7485
7481
7481
7479
7479
7479
7479
7478
7477
7477
7477
7476
7476
7475
7475
7475
7474
7473
7473
7469
7468
7461
7458
7458
7452
7451
7449
7449
7448
7447
7445
7445
7444
7443
7441
7440
7439
7439
7437
7437
7437
7434
7434
7433
7433
7431
7431
7429
7429
7428
7426
7426
7425
7424
7424
7422
7419
7414
7414
7413
7413
7412
7410
7409
7408
7408
7406
7405
7404
7404
7402
7401
7400
7399
7399
7399
7397
7397
7395
7395
7395
7394
7391
7391
7390
7389
7389
7389
7384
7383
7382
7381
7381
7381
7381
7381
7380
7380
7380
7379
7379
7377
7376
7375
7375
7373
7373
7372
7370
7370
7369
7369
7368
7368
7367
7367
7367
7365
7365
7363
7363
7363
7362
7362
7361
7361
7359
7356
7355
7355
7354
7354
7350
7349
7349
7346
7344
7342
7341
7341
7340
7339
7338
7338
7338
7338
7338
7337
7336
7333
7332
7331
7331
7330
7329
7328
7328
7325
7323
7323
7322
7322
7322
7321
7321
7320
7320
7319
7317
7317
7316
7315
7314
7312
7311
7311
7310
7310
7308
7307
7307
7306
7304
7303
7302
7302
7302
7301
7298
7298
7297
7295
7293
7293
7292
7292
7290
7290
7287
7287
7287
7286
7285
7284
7281
7281
7281
7280
7280
7279
7279
7278
7277
7277
7274
7273
7271
7270
7270
7268
7268
7268
7265
7265
7264
7264
7263
7262
7261
7257
7256
7255
7255
7254
7253
7251
7251
7249
7249
7248
7246
7246
7245
7245
7243
7240
7237
7236
7236
7236
7234
7231
7231
7230
7229
7229
7229
7228
7223
7222
7222
7221
7219
7217
7217
7217
7216
7215
7214
7214
7210
7210
7208
7206
7206
7204
7204
7204
7201
7199
7198
7193
7192
7192
7191
7191
7188
7183
7183
7181
7180
7180
7180
7178
7178
7177
7176
7175
7175
7174
7171
7171
7171
7170
7169
7169
7169
7163
7163
7163
7162
7162
7162
7161
7161
7158
7157
7155
7147
7146
7145
7145
7142
7142
7142
7140
7140
7134
7133
7132
7132
7132
7128
7128
7128
7128
7128
7127
7126
7124
7124
7122
7122
7120
7120
7116
7116
7114
7114
7113
7112
7110
7110
7107
7107
7106
7105
7105
7104
7101
7101
7100
7099
7099
7098
7098
7097
7096
7096
7096
7095
7091
7088
7088
7088
7086
7085
7085
7084
7084
7083
7083
7083
7082
7082
7081
7081
7080
7079
7078
7078
7077
7076
7075
7074
7073
7073
7070
7069
7067
7067
7065
7065
7063
7063
7062
7057
7057
7056
7055
7055
7054
7054
7054
7053
7052
7052
7049
7043
7042
7042
7042
7041
7040
7040
7039
7039
7038
7038
7038
7034
7034
7033
7032
7032
7031
7030
7029
7028
7028
7027
7027
7026
7026
7024
7023
7023
7023
7022
7022
7020
7020
7019
7019
7019
7017
7013
7012
7011
7010
7010
7009
7009
7006
7004
7003
7002
7001
6998
6998
6997
6996
6996
6995
6994
6993
6992
6990
6987
6987
6986
6986
6985
6985
6983
6983
6983
6982
6980
6979
6977
6977
6976
6976
6975
6973
6972
6971
6970
6969
6967
6966
6966
6966
6965
6964
6960
6957
6956
6954
6954
6953
6952
6951
6951
6951
6951
6951
6949
6948
6948
6945
6943
6942
6941
6941
6941
6939
6937
6934
6932
6932
6931
6930
6930
6929
6929
6927
6927
6926
6925
6925
6925
6923
6922
6922
6921
6920
6920
6920
6919
6919
6918
6915
6914
6913
6911
6910
6910
6906
6905
6904
6904
6904
6901
6901
6900
6898
6898
6896
6896
6896
6895
6895
6893
6893
6889
6889
6889
6887
6886
6883
6882
6881
6880
6878
6877
6877
6877
6876
6876
6876
6874
6874
6874
6873
6872
6871
6866
6862
6861
6861
6859
6858
6857
6857
6854
6854
6854
6854
6852
6848
6848
6847
6844
6842
6842
6842
6841
6840
6839
6837
6836
6835
6835
6834
6834
6833
6831
6830
6828
6828
6825
6825
6823
6823
6823
6822
6820
6820
6819
6819
6818
6816
6816
6815
6814
6814
6814
6813
6812
6811
6810
6809
6809
6807
6806
6805
6804
6800
6796
6796
6796
6796
6795
6795
6794
6790
6790
6789
6789
6788
6786
6786
6785
6785
6785
6784
6784
6783
6783
6782
6782
6781
6780
6779
6778
6777
6777
6776
6776
6775
6773
6773
6773
6772
6769
6768
6766
6765
6764
6763
6762
6762
6760
6759
6758
6758
6757
6756
6755
6754
6753
6750
6749
6747
6746
6744
6744
6744
6743
6743
6743
6741
6738
6737
6737
6737
6736
6735
6734
6734
6733
6733
6732
6731
6731
6730
6730
6729
6727
6727
6724
6724
6723
6723
6718
6718
6716
6716
6715
6715
6713
6713
6712
6710
6709
6709
6708
6707
6706
6706
6705
6704
6704
6704
6703
6702
6702
6701
6700
6700
6699
6698
6697
6696
6696
6695
6694
6693
6692
6687
6687
6686
6686
6686
6686
6682
6681
6681
6681
6678
6678
6677
6675
6673
6672
6672
6671
6670
6670
6669
6669
6669
6665
6664
6663
6663
6662
6662
6661
6661
6660
6659
6659
6658
6653
6653
6653
6650
6650
6650
6648
6648
6646
6645
6642
6642
6642
6642
6641
6640
6640
6638
6637
6637
6637
6635
6635
6635
6634
6631
6631
6631
6630
6629
6629
6629
6628
6627
6627
6626
6625
6625
6625
6623
6623
6622
6620
6618
6618
6616
6615
6612
6611
6610
6609
6609
6609
6605
6602
6601
6601
6601
6600
6599
6599
6599
6598
6597
6596
6595
6593
6591
6591
6589
6584
6584
6583
6583
6583
6579
6578
6578
6578
6578
6577
6577
6575
6572
6572
6572
6570
6569
6569
6569
6568
6567
6567
6566
6565
6564
6564
6563
6563
6562
6561
6561
6561
6560
6559
6557
6556
6555
6555
6554
6554
6553
6551
6550
6550
6549
6549
6548
6548
6547
6546
6544
6543
6541
6539
6539
6538
6537
6537
6536
6534
6533
6530
6528
6527
6526
6525
6519
6518
6517
6517
6517
6517
6515
6515
6514
6513
6512
6512
6511
6510
6510
6510
6509
6509
6508
6507
6507
6504
6503
6503
6503
6502
6501
6499
6499
6497
6494
6491
6489
6489
6489
6488
6488
6488
6487
6485
6484
6484
6483
6481
6480
6480
6480
6480
6479
6478
6478
6477
6472
6472
6470
6470
6470
6468
6467
6467
6466
6464
6464
6464
6463
6463
6463
6462
6459
6458
6457
6455
6455
6454
6453
6452
6452
6450
6449
6447
6446
6445
6445
6445
6445
6445
6444
6443
6441
6441
6439
6439
6439
6437
6437
6434
6433
6433
6433
6431
6430
6430
6430
6428
6428
6428
6427
6427
6427
6427
6425
6425
6425
6424
6421
6419
6417
6416
6415
6413
6412
6409
6408
6408
6407
6406
6406
6404
6402
6401
6398
6397
6392
6392
6392
6391
6390
6390
6389
6388
6388
6386
6386
6386
6384
6384
6382
6381
6381
6380
6380
6379
6379
6377
6376
6376
6375
6375
6374
6374
6372
6371
6371
6370
6369
6368
6366
6364
6364
6364
6362
6362
6361
6361
6360
6360
6358
6358
6358
6358
6358
6357
6357
6356
6355
6353
6351
6350
6349
6348
6346
6346
6345
6345
6344
6343
6340
6340
6339
6339
6335
6333
6331
6330
6328
6328
6327
6327
6326
6324
6324
6322
6321
6320
6319
6319
6318
6316
6314
6313
6309
6308
6308
6308
6307
6305
6303
6302
6302
6300
6299
6299
6297
6295
6294
6294
6293
6293
6293
6292
6292
6292
6292
6291
6291
6290
6289
6288
6288
6287
6285
6284
6284
6283
6283
6283
6283
6282
6282
6277
6277
6277
6269
6265
6264
6261
6261
6261
6261
6260
6259
6259
6258
6258
6258
6255
6252
6250
6249
6248
6248
6245
6243
6242
6242
6240
6239
6238
6237
6237
6237
6237
6236
6236
6234
6234
6234
6233
6232
6232
6232
6231
6229
6229
6229
6228
6227
6224
6224
6224
6222
6221
6221
6221
6219
6219
6219
6217
6217
6216
6215
6215
6214
6213
6213
6212
6210
6208
6206
6202
6202
6200
6200
6199
6199
6198
6198
6197
6197
6197
6197
6196
6194
6194
6194
6191
6191
6190
6188
6186
6186
6185
6181
6181
6180
6179
6179
6179
6179
6179
6178
6178
6176
6176
6176
6174
6173
6173
6171
6171
6171
6170
6168
6168
6166
6165
6165
6164
6163
6162
6161
6161
6158
6157
6156
6156
6155
6153
6152
6152
6150
6149
6149
6147
6147
6147
6146
6146
6146
6145
6145
6144
6144
6144
6142
6142
6141
6139
6136
6134
6134
6133
6132
6129
6121
6121
6119
6119
6118
6116
6115
6115
6114
6113
6113
6112
6110
6110
6109
6107
6106
6106
6106
6105
6105
6105
6104
6102
6101
6100
6098
6098
6097
6095
6094
6094
6093
6092
6092
6091
6091
6090
6089
6087
6086
6086
6085
6081
6081
6080
6079
6078
6076
6075
6075
6074
6072
6072
6071
6070
6069
6068
6064
6064
6062
6062
6060
6059
6058
6056
6056
6054
6052
6051
6051
6050
6047
6047
6046
6045
6044
6042
6042
6041
6041
6040
6040
6039
6038
6038
6036
6036
6034
6034
6033
6033
6033
6032
6031
6030
6028
6028
6028
6027
6026
6026
6025
6025
6023
6023
6022
6022
6022
6020
6018
6017
6016
6015
6015
6013
6013
6013
6012
6012
6012
6011
6011
6011
6005
6004
6004
6003
6002
6002
6002
6001
6000
6000
5999
5999
5998
5997
5997
5993
5992
5991
5988
5986
5983
5982
5981
5980
5978
5978
5977
5976
5976
5975
5974
5972
5971
5971
5969
5968
5968
5968
5965
5963
5962
5959
5955
5953
5953
5951
5950
5949
5948
5946
5944
5944
5942
5941
5940
5939
5939
5938
5937
5937
5936
5936
5935
5935
5934
5934
5934
5931
5927
5926
5923
5922
5919
5918
5917
5917
5916
5916
5915
5914
5913
5912
5909
5908
5906
5906
5905
5905
5905
5905
5902
5901
5899
5898
5897
5895
5895
5894
5894
5894
5893
5892
5892
5891
5889
5889
5886
5886
5885
5885
5884
5883
5882
5881
5878
5876
5874
5874
5874
5873
5873
5872
5871
5871
5869
5866
5866
5862
5861
5860
5859
5859
5858
5857
5855
5853
5852
5850
5850
5846
5846
5845
5845
5845
5844
5843
5843
5842
5842
5842
5842
5841
5841
5841
5839
5839
5838
5837
5837
5837
5836
5836
5836
5834
5834
5833
5829
5828
5827
5826
5826
5826
5825
5825
5824
5823
5822
5822
5819
5813
5812
5811
5811
5810
5810
5809
5807
5807
5805
5803
5802
5800
5800
5798
5798
5796
5796
5795
5795
5795
5794
5790
5790
5789
5789
5788
5788
5784
5783
5783
5782
5782
5782
5781
5780
5779
5778
5776
5776
5773
5772
5771
5771
5770
5767
5767
5767
5765
5763
5763
5762
5761
5757
5757
5756
5755
5755
5753
5753
5752
5752
5751
5751
5750
5750
5748
5747
5745
5745
5744
5740
5739
5737
5735
5735
5735
5733
5731
5730
5730
5730
5728
5728
5727
5726
5726
5726
5724
5724
5723
5722
5722
5722
5720
5719
5718
5718
5713
5713
5713
5713
5711
5709
5708
5708
5708
5707
5703
5702
5701
5699
5697
5696
5695
5695
5694
5693
5693
5693
5692
5692
5691
5690
5689
5688
5688
5688
5687
5685
5685
5682
5680
5679
5678
5675
5672
5672
5672
5672
5671
5670
5670
5669
5669
5666
5666
5663
5663
5662
5661
5660
5660
5657
5657
5657
5656
5655
5651
5648
5648
5647
5647
5647
5643
5643
5643
5642
5642
5642
5642
5642
5637
5636
5636
5633
5633
5633
5632
5631
5630
5629
5629
5629
5628
5625
5625
5624
5624
5623
5623
5623
5621
5620
5618
5617
5616
5615
5614
5614
5613
5611
5609
5607
5606
5605
5603
5599
5599
5599
5595
5595
5594
5594
5594
5594
5591
5590
5590
5590
5589
5589
5589
5586
5584
5584
5584
5584
5583
5582
5582
5580
5579
5577
5576
5575
5574
5572
5569
5569
5567
5567
5567
5567
5566
5565
5563
5560
5560
5559
5559
5557
5556
5555
5555
5555
5554
5554
5554
5550
5548
5545
5544
5544
5543
5542
5542
5541
5541
5540
5539
5538
5538
5537
5534
5534
5533
5533
5531
5530
5530
5528
5527
5525
5525
5523
5518
5516
5516
5513
5513
5511
5511
5510
5509
5508
5508
5507
5505
5504
5503
5502
5502
5501
5501
5500
5500
5499
5498
5498
5497
5495
5493
5493
5492
5492
5491
5489
5489
5489
5487
5485
5484
5483
5482
5481
5480
5480
5479
5479
5479
5478
5476
5475
5474
5474
5469
5468
5464
5464
5462
5461
5461
5461
5457
5455
5455
5455
5453
5453
5453
5452
5451
5450
5448
5446
5446
5445
5445
5444
5444
5443
5440
5440
5439
5436
5436
5435
5433
5432
5430
5430
5429
5429
5429
5425
5425
5418
5418
5418
5417
5416
5414
5414
5414
5413
5413
5411
5410
5409
5408
5408
5407
5406
5406
5406
5405
5405
5404
5404
5403
5403
5403
5401
5398
5397
5396
5396
5396
5395
5393
5392
5392
5391
5390
5388
5386
5385
5384
5384
5383
5383
5382
5382
5380
5379
5378
5378
5378
5376
5376
5376
5374
5373
5372
5372
5372
5371
5369
5368
5367
5367
5366
5365
5364
5364
5363
5360
5359
5357
5355
5352
5352
5352
5352
5351
5351
5350
5349
5348
5347
5346
5345
5343
5342
5340
5340
5339
5338
5337
5336
5335
5333
5333
5333
5332
5327
5326
5325
5325
5324
5320
5319
5318
5317
5317
5316
5314
5314
5308
5308
5308
5307
5307
5306
5303
5303
5300
5300
5297
5296
5296
5296
5295
5291
5291
5290
5290
5289
5288
5286
5285
5284
5284
5284
5282
5281
5280
5278
5278
5274
5274
5273
5272
5272
5272
5271
5271
5270
5269
5269
5267
5266
5265
5265
5264
5262
5262
5262
5260
5258
5256
5256
5251
5250
5250
5250
5249
5246
5242
5242
5242
5241
5240
5239
5239
5237
5236
5236
5236
5236
5235
5234
5234
5231
5229
5229
5227
5227
5227
5224
5223
5223
5222
5222
5221
5221
5221
5219
5219
5218
5216
5216
5215
5214
5214
5212
5211
5210
5209
5208
5208
5207
5206
5206
5205
5203
5203
5202
5201
5200
5199
5197
5196
5194
5192
5192
5191
5187
5186
5185
5185
5184
5184
5184
5183
5183
5182
5180
5180
5179
5179
5179
5179
5177
5177
5176
5176
5176
5176
5176
5172
5171
5170
5169
5165
5163
5162
5161
5161
5159
5159
5158
5156
5156
5154
5152
5150
5148
5148
5147
5147
5146
5146
5142
5142
5142
5142
5142
5141
5140
5140
5139
5139
5137
5137
5136
5136
5134
5133
5132
5131
5130
5128
5128
5128
5126
5126
5125
5125
5124
5123
5122
5121
5119
5119
5119
5118
5118
5117
5116
5116
5116
5114
5113
5113
5107
5106
5106
5106
5105
5104
5103
5103
5099
5099
5098
5098
5098
5097
5094
5093
5092
5092
5091
5091
5091
5090
5090
5089
5087
5087
5086
5084
5083
5082
5081
5080
5079
5078
5078
5077
5075
5073
5071
5070
5069
5068
5067
5066
5063
5063
5060
5059
5058
5058
5057
5056
5056
5056
5055
5055
5054
5051
5051
5051
5050
5045
5043
5043
5042
5040
5039
5039
5039
5039
5038
5038
5038
5037
5036
5035
5035
5034
5030
5030
5030
5030
5028
5027
5026
5026
5024
5021
5021
5021
5021
5020
5019
5016
5014
5013
5013
5011
5011
5010
5010
5010
5008
5007
5005
5005
5004
5003
5002
5001
4999
4999
4999
4998
4998
4996
4995
4994
4992
4992
4990
4990
4990
4987
4985
4985
4985
4985
4984
4983
4981
4980
4979
4979
4978
4976
4976
4976
4975
4975
4971
4971
4970
4970
4969
4968
4965
4964
4964
4963
4963
4962
4962
4961
4960
4957
4956
4955
4955
4953
4953
4952
4950
4949
4949
4947
4947
4947
4946
4945
4945
4945
4943
4942
4942
4940
4940
4940
4938
4935
4932
4931
4930
4930
4928
4928
4927
4925
4925
4923
4920
4919
4919
4918
4918
4918
4917
4914
4914
4914
4914
4913
4912
4910
4910
4907
4906
4906
4902
4902
4901
4900
4899
4898
4896
4896
4896
4896
4896
4896
4894
4894
4893
4891
4890
4889
4889
4889
4888
4887
4887
4886
4886
4883
4883
4881
4881
4880
4879
4877
4876
4874
4874
4874
4874
4872
4872
4871
4871
4867
4865
4865
4865
4865
4864
4863
4863
4863
4862
4862
4862
4861
4861
4860
4860
4859
4859
4858
4856
4853
4851
4850
4849
4848
4848
4846
4846
4845
4843
4834
4834
4833
4832
4831
4831
4829
4828
4827
4827
4826
4825
4824
4823
4822
4820
4814
4809
4809
4809
4809
4807
4806
4806
4805
4805
4804
4804
4802
4801
4801
4798
4797
4795
4795
4795
4794
4794
4793
4792
4791
4791
4790
4790
4786
4786
4786
4785
4783
4780
4779
4777
4776
4776
4776
4776
4775
4774
4773
4773
4768
4765
4760
4759
4757
4756
4756
4755
4753
4753
4752
4751
4750
4749
4747
4745
4745
4743
4741
4741
4740
4739
4737
4735
4735
4732
4732
4732
4732
4731
4731
4730
4730
4727
4727
4727
4726
4725
4721
4720
4716
4713
4712
4712
4711
4710
4709
4709
4708
4707
4706
4706
4704
4703
4702
4702
4702
4701
4701
4701
4701
4700
4695
4695
4693
4688
4687
4686
4686
4685
4685
4683
4683
4680
4679
4679
4678
4678
4678
4676
4675
4674
4672
4671
4668
4667
4667
4666
4666
4665
4664
4663
4663
4662
4662
4662
4661
4660
4657
4657
4656
4655
4655
4654
4653
4653
4651
4651
4650
4650
4649
4647
4646
4646
4645
4644
4643
4643
4642
4640
4640
4638
4637
4636
4635
4635
4634
4634
4634
4633
4633
4633
4632
4630
4627
4626
4625
4625
4623
4622
4621
4621
4620
4620
4619
4619
4616
4615
4615
4615
4613
4612
4609
4606
4606
4604
4601
4601
4600
4599
4598
4596
4596
4595
4593
4592
4589
4588
4586
4586
4585
4585
4584
4584
4580
4579
4578
4578
4576
4575
4575
4574
4574
4571
4570
4570
4570
4569
4568
4565
4562
4562
4562
4561
4561
4561
4561
4560
4559
4556
4555
4555
4555
4550
4549
4548
4547
4545
4545
4545
4544
4542
4542
4542
4539
4539
4537
4537
4535
4534
4529
4529
4528
4528
4526
4525
4522
4522
4522
4520
4516
4515
4513
4512
4512
4511
4511
4510
4510
4510
4510
4509
4509
4508
4507
4506
4506
4505
4504
4501
4501
4500
4499
4498
4498
4495
4495
4495
4494
4494
4494
4493
4493
4492
4491
4490
4490
4490
4490
4488
4487
4487
4487
4487
4486
4486
4486
4486
4483
4479
4478
4478
4478
4476
4476
4475
4473
4470
4470
4469
4468
4467
4465
4464
4464
4462
4462
4461
4461
4460
4460
4460
4459
4459
4459
4457
4457
4452
4452
4451
4450
4450
4449
4449
4449
4448
4446
4446
4445
4445
4445
4441
4441
4441
4440
4440
4439
4436
4436
4435
4435
4434
4433
4431
4431
4431
4430
4430
4429
4429
4429
4428
4428
4428
4428
4426
4426
4426
4425
4425
4424
4424
4421
4420
4420
4419
4419
4418
4417
4416
4414
4413
4413
4412
4411
4411
4408
4407
4407
4406
4406
4405
4404
4403
4400
4399
4399
4397
4397
4396
4395
4394
4393
4393
4393
4392
4389
4376
4376
4375
4374
4374
4374
4373
4371
4367
4365
4362
4362
4360
4360
4358
4358
4358
4357
4357
4356
4356
4356
4356
4355
4355
4354
4354
4352
4352
4351
4351
4347
4345
4344
4343
4343
4343
4341
4340
4340
4339
4339
4339
4339
4339
4339
4339
4337
4336
4336
4335
4335
4335
4334
4334
4333
4332
4332
4332
4331
4330
4327
4324
4322
4321
4321
4320
4319
4318
4318
4318
4316
4314
4313
4312
4312
4312
4311
4310
4309
4308
4308
4308
4307
4306
4303
4302
4301
4300
4300
4297
4297
4292
4292
4292
4289
4288
4288
4286
4286
4286
4286
4285
4285
4284
4282
4281
4281
4279
4279
4279
4276
4273
4272
4272
4272
4271
4268
4266
4266
4266
4265
4264
4263
4263
4262
4262
4261
4259
4258
4254
4253
4251
4249
4249
4249
4247
4247
4246
4245
4245
4243
4241
4241
4241
4240
4240
4239
4239
4238
4237
4237
4236
4236
4233
4233
4232
4225
4224
4224
4223
4222
4221
4220
4218
4215
4215
4214
4212
4211
4210
4210
4209
4208
4207
4207
4207
4206
4206
4205
4205
4203
4203
4202
4202
4200
4200
4200
4199
4199
4199
4196
4195
4195
4194
4191
4191
4191
4190
4188
4187
4187
4186
4183
4181
4180
4179
4179
4179
4177
4176
4176
4174
4174
4169
4169
4166
4166
4166
4164
4163
4163
4163
4163
4162
4161
4160
4159
4159
4158
4158
4157
4156
4156
4156
4155
4155
4155
4155
4154
4154
4153
4153
4151
4151
4150
4148
4148
4147
4147
4146
4146
4145
4143
4141
4139
4138
4131
4131
4129
4129
4128
4128
4127
4127
4124
4124
4123
4123
4122
4121
4121
4120
4120
4119
4118
4117
4117
4116
4115
4111
4109
4108
4107
4106
4105
4104
4104
4104
4103
4101
4099
4095
4095
4093
4092
4092
4092
4091
4091
4091
4090
4090
4089
4089
4086
4082
4081
4080
4080
4078
4077
4075
4074
4071
4070
4070
4070
4069
4068
4068
4066
4065
4065
4061
4061
4058
4058
4057
4057
4056
4055
4055
4055
4054
4054
4053
4051
4050
4049
4044
4042
4042
4042
4041
4040
4039
4038
4037
4033
4032
4031
4031
4031
4031
4031
4031
4030
4030
4029
4029
4027
4026
4026
4026
4025
4025
4024
4024
4024
4024
4022
4022
4021
4021
4020
4020
4017
4012
4011
4010
4008
4008
4006
4006
4006
4005
4005
4004
4003
4002
4002
4002
4000
3998
3998
3996
3996
3994
3992
3991
3991
3990
3990
3990
3987
3985
3983
3982
3981
3980
3979
3979
3978
3978
3978
3977
3977
3976
3975
3975
3974
3973
3973
3972
3972
3970
3969
3969
3968
3967
3967
3966
3966
3966
3965
3965
3963
3962
3961
3960
3960
3959
3957
3957
3956
3956
3955
3955
3955
3955
3955
3953
3953
3952
3951
3948
3947
3947
3944
3943
3942
3941
3940
3940
3940
3939
3936
3934
3933
3932
3930
3930
3928
3927
3925
3925
3925
3923
3922
3922
3922
3920
3919
3918
3917
3911
3911
3908
3907
3903
3903
3902
3902
3902
3901
3901
3899
3896
3895
3894
3894
3894
3894
3894
3891
3890
3890
3888
3888
3886
3886
3883
3882
3878
3878
3877
3877
3876
3875
3874
3874
3873
3872
3871
3870
3870
3870
3869
3868
3868
3867
3867
3865
3862
3860
3860
3858
3856
3856
3855
3855
3855
3852
3852
3851
3850
3850
3850
3849
3847
3847
3846
3846
3846
3845
3844
3844
3843
3841
3841
3840
3838
3838
3837
3836
3835
3835
3834
3831
3830
3829
3828
3824
3823
3823
3823
3823
3822
3822
3822
3821
3820
3819
3819
3818
3818
3818
3818
3817
3814
3814
3814
3813
3812
3812
3811
3811
3810
3810
3809
3809
3808
3807
3806
3806
3806
3805
3803
3803
3802
3802
3801
3800
3799
3798
3796
3796
3795
3795
3794
3792
3792
3792
3791
3791
3789
3787
3787
3787
3786
3786
3784
3784
3782
3782
3779
3778
3776
3776
3776
3776
3772
3771
3771
3770
3769
3769
3767
3765
3763
3763
3761
3761
3761
3760
3760
3759
3759
3756
3755
3754
3753
3752
3752
3751
3751
3748
3747
3746
3745
3743
3743
3742
3742
3740
3740
3738
3737
3735
3733
3731
3729
3729
3729
3729
3728
3727
3726
3725
3724
3721
3720
3719
3717
3716
3715
3714
3713
3711
3711
3710
3709
3707
3706
3705
3704
3703
3702
3702
3701
3701
3700
3700
3699
3698
3698
3696
3696
3696
3693
3693
3692
3689
3689
3687
3686
3686
3685
3685
3685
3685
3684
3682
3681
3678
3675
3675
3672
3672
3672
3670
3669
3666
3666
3665
3664
3664
3662
3658
3656
3655
3654
3654
3654
3653
3653
3649
3649
3648
3648
3646
3643
3643
3643
3643
3642
3640
3638
3635
3635
3634
3634
3634
3634
3632
3632
3627
3625
3625
3625
3624
3624
3623
3623
3621
3617
3616
3616
3616
3615
3615
3614
3614
3614
3613
3613
3612
3612
3610
3609
3606
3605
3605
3603
3601
3597
3596
3595
3593
3593
3592
3592
3591
3589
3588
3588
3587
3587
3586
3585
3583
3583
3582
3580
3575
3575
3574
3572
3571
3571
3571
3569
3568
3566
3566
3565
3565
3565
3562
3562
3562
3562
3562
3559
3559
3559
3557
3557
3557
3557
3555
3550
3549
3549
3548
3548
3548
3548
3547
3547
3546
3546
3545
3543
3540
3539
3534
3534
3533
3532
3529
3529
3529
3525
3524
3523
3522
3521
3520
3519
3519
3519
3517
3517
3515
3514
3512
3511
3511
3507
3506
3505
3503
3503
3502
3502
3501
3501
3500
3500
3498
3497
3496
3492
3490
3485
3485
3483
3482
3481
3481
3477
3476
3473
3472
3472
3470
3468
3468
3468
3464
3463
3463
3459
3458
3458
3453
3453
3452
3452
3450
3449
3449
3444
3442
3442
3439
3437
3434
3431
3428
3427
3426
3423
3421
3421
3421
3421
3418
3416
3415
3414
3413
3413
3413
3411
3409
3406
3404
3399
3399
3398
3397
3394
3393
3392
3391
3390
3390
3389
3388
3388
3387
3387
3387
3386
3385
3383
3383
3380
3380
3379
3379
3378
3378
3377
3377
3375
3374
3372
3372
3372
3371
3368
3367
3366
3365
3363
3362
3362
3361
3360
3360
3359
3357
3357
3356
3353
3353
3350
3350
3350
3350
3348
3346
3346
3346
3345
3343
3343
3343
3342
3342
3341
3340
3340
3340
3339
3339
3338
3338
3337
3335
3334
3333
3333
3332
3332
3331
3331
3330
3330
3330
3326
3325
3325
3324
3323
3319
3318
3317
3314
3314
3313
3311
3311
3309
3308
3308
3306
3304
3304
3301
3300
3298
3298
3295
3292
3292
3292
3292
3292
3291
3290
3290
3289
3289
3285
3283
3282
3282
3282
3280
3279
3279
3279
3278
3277
3274
3273
3272
3271
3271
3270
3270
3269
3269
3269
3269
3267
3265
3265
3264
3264
3264
3264
3264
3262
3262
3262
3261
3261
3260
3260
3258
3256
3254
3252
3252
3248
3247
3245
3244
3244
3243
3241
3239
3236
3235
3235
3234
3233
3233
3232
3229
3228
3228
3228
3228
3227
3223
3222
3222
3222
3221
3220
3220
3215
3215
3215
3212
3210
3209
3208
3207
3206
3205
3205
3203
3203
3200
3199
3199
3199
3198
3195
3194
3189
3187
3187
3187
3185
3185
3182
3182
3182
3181
3180
3180
3178
3178
3177
3175
3175
3173
3173
3172
3170
3169
3168
3168
3167
3167
3166
3165
3165
3164
3164
3162
3161
3161
3161
3156
3155
3154
3154
3153
3153
3152
3150
3150
3148
3148
3147
3145
3144
3143
3143
3142
3140
3137
3136
3134
3133
3133
3133
3132
3131
3131
3130
3130
3130
3129
3129
3128
3128
3127
3126
3125
3125
3125
3125
3124
3124
3124
3123
3123
3123
3119
3119
3117
3114
3114
3111
3110
3109
3108
3108
3108
3107
3107
3106
3105
3104
3101
3100
3098
3098
3098
3097
3095
3092
3090
3090
3089
3088
3088
3087
3086
3086
3085
3085
3084
3084
3083
3082
3082
3081
3081
3080
3079
3078
3078
3078
3077
3073
3071
3070
3068
3065
3065
3063
3061
3060
3059
3058
3058
3058
3057
3054
3052
3051
3050
3050
3046
3045
3043
3043
3042
3041
3041
3039
3039
3038
3037
3037
3037
3036
3036
3035
3035
3035
3034
3034
3032
3032
3031
3030
3030
3029
3029
3029
3027
3026
3025
3025
3025
3024
3023
3021
3020
3019
3019
3019
3019
3017
3015
3015
3014
3011
3009
3007
3006
3005
2999
2999
2999
2998
2996
2996
2995
2995
2995
2994
2994
2993
2990
2989
2989
2989
2988
2987
2986
2986
2985
2985
2984
2982
2979
2979
2979
2979
2977
2976
2975
2973
2972
2971
2970
2970
2967
2966
2965
2964
2964
2964
2961
2961
2960
2957
2957
2956
2955
2954
2954
2954
2951
2947
2947
2947
2947
2946
2946
2945
2945
2945
2943
2943
2942
2942
2941
2940
2939
2937
2935
2935
2935
2934
2933
2933
2932
2930
2930
2930
2928
2927
2926
2925
2923
2923
2922
2920
2920
2920
2919
2918
2917
2917
2916
2914
2914
2912
2911
2911
2910
2910
2906
2905
2903
2902
2902
2900
2899
2898
2896
2896
2896
2893
2893
2891
2890
2889
2887
2886
2885
2884
2884
2883
2883
2881
2881
2880
2880
2880
2879
2877
2876
2876
2875
2875
2873
2872
2872
2871
2870
2868
2868
2863
2861
2860
2859
2857
2857
2857
2857
2857
2857
2856
2855
2855
2855
2855
2853
2853
2853
2851
2849
2849
2849
2849
2848
2848
2847
2846
2844
2844
2843
2842
2840
2840
2839
2838
2836
2835
2833
2833
2832
2831
2831
2830
2829
2829
2829
2827
2827
2827
2827
2826
2825
2823
2822
2821
2820
2820
2819
2818
2815
2815
2814
2814
2814
2814
2814
2811
2806
2805
2805
2803
2800
2797
2795
2789
2788
2787
2787
2787
2787
2782
2781
2778
2778
2778
2776
2776
2774
2774
2773
2773
2770
2770
2770
2768
2768
2767
2764
2764
2763
2761
2761
2761
2761
2760
2760
2760
2760
2760
2759
2757
2755
2753
2745
2744
2744
2744
2744
2742
2741
2739
2739
2737
2736
2734
2733
2732
2732
2728
2727
2726
2726
2725
2724
2720
2717
2717
2716
2715
2714
2711
2708
2707
2705
2705
2704
2702
2701
2700
2698
2698
2697
2696
2694
2693
2693
2693
2690
2689
2687
2687
2681
2681
2679
2679
2677
2677
2677
2676
2676
2676
2676
2673
2671
2670
2670
2670
2669
2668
2666
2665
2665
2664
2663
2661
2660
2659
2657
2656
2656
2655
2655
2655
2655
2655
2655
2654
2654
2653
2653
2653
2652
2652
2652
2652
2652
2651
2651
2650
2649
2649
2648
2647
2646
2646
2645
2645
2644
2644
2644
2641
2641
2640
2639
2638
2637
2635
2635
2635
2634
2632
2628
2626
2625
2625
2622
2620
2619
2619
2616
2615
2615
2614
2614
2613
2613
2612
2610
2610
2608
2607
2605
2605
2604
2604
2604
2601
2600
2598
2597
2596
2596
2595
2593
2592
2591
2589
2587
2587
2585
2585
2584
2583
2583
2583
2582
2582
2580
2579
2578
2578
2578
2576
2574
2573
2573
2571
2570
2566
2563
2561
2561
2560
2560
2558
2558
2557
2555
2555
2553
2552
2551
2549
2548
2548
2546
2546
2543
2542
2542
2541
2540
2539
2538
2535
2533
2533
2532
2530
2529
2529
2528
2528
2527
2527
2527
2527
2527
2526
2524
2523
2522
2522
2521
2521
2520
2519
2512
2512
2512
2512
2511
2509
2509
2507
2507
2507
2505
2505
2502
2502
2499
2499
2499
2498
2497
2496
2494
2492
2491
2491
2490
2488
2487
2486
2486
2485
2484
2484
2483
2483
2482
2478
2477
2477
2477
2476
2475
2475
2474
2474
2474
2474
2472
2470
2468
2468
2467
2466
2466
2465
2465
2464
2464
2463
2463
2463
2462
2461
2461
2460
2460
2460
2459
2457
2454
2454
2453
2452
2452
2451
2450
2450
2449
2449
2448
2448
2448
2447
2445
2444
2444
2442
2439
2438
2437
2436
2436
2435
2434
2433
2433
2432
2432
2430
2430
2430
2429
2428
2428
2427
2425
2425
2423
2423
2422
2421
2420
2420
2420
2417
2417
2417
2416
2415
2415
2415
2413
2413
2412
2412
2409
2409
2408
2408
2408
2407
2406
2406
2406
2406
2405
2404
2403
2401
2399
2398
2397
2393
2393
2390
2390
2390
2390
2390
2390
2389
2389
2389
2388
2387
2387
2386
2385
2385
2383
2380
2379
2378
2376
2376
2375
2373
2373
2372
2372
2371
2370
2369
2369
2369
2368
2363
2363
2361
2360
2360
2359
2357
2356
2356
2356
2352
2351
2351
2348
2347
2344
2344
2343
2343
2341
2341
2339
2339
2337
2336
2336
2335
2335
2333
2332
2332
2332
2332
2332
2330
2329
2329
2326
2325
2325
2324
2322
2322
2322
2320
2320
2317
2317
2316
2315
2314
2314
2313
2313
2312
2312
2312
2311
2309
2307
2306
2305
2304
2304
2302
2299
2298
2296
2296
2296
2294
2291
2291
2287
2286
2286
2285
2285
2284
2284
2282
2280
2279
2279
2279
2278
2277
2277
2276
2275
2274
2272
2271
2268
2265
2263
2263
2263
2263
2262
2261
2261
2260
2259
2258
2256
2254
2252
2251
2249
2248
2247
2247
2246
2242
2242
2240
2239
2238
2235
2234
2231
2231
2230
2229
2228
2228
2227
2227
2226
2224
2224
2223
2223
2223
2222
2222
2220
2219
2219
2218
2215
2213
2210
2209
2208
2208
2204
2204
2204
2200
2198
2197
2197
2196
2194
2194
2194
2193
2193
2192
2192
2192
2190
2190
2188
2185
2185
2183
2183
2182
2180
2179
2174
2173
2172
2171
2171
2170
2170
2169
2169
2168
2167
2166
2162
2160
2159
2159
2159
2157
2157
2154
2154
2154
2153
2153
2153
2153
2153
2152
2152
2150
2150
2148
2148
2147
2145
2143
2141
2140
2139
2138
2138
2137
2137
2137
2136
2134
2133
2132
2131
2131
2130
2128
2128
2124
2124
2124
2123
2123
2120
2120
2118
2115
2115
2114
2113
2112
2112
2112
2112
2110
2110
2108
2107
2107
2107
2106
2105
2104
2099
2099
2095
2094
2094
2094
2089
2089
2087
2087
2086
2086
2082
2081
2080
2079
2079
2079
2078
2078
2077
2076
2075
2075
2073
2072
2072
2069
2069
2068
2067
2064
2062
2062
2061
2059
2059
2059
2057
2056
2054
2048
2047
2045
2045
2044
2042
2042
2042
2039
2038
2033
2032
2031
2029
2029
2029
2027
2027
2026
2026
2025
2025
2025
2023
2021
2021
2020
2020
2019
2016
2016
2016
2014
2014
2013
2012
2012
2011
2011
2010
2009
2008
2006
2006
2004
2003
1999
1997
1995
1995
1993
1993
1991
1990
1989
1988
1985
1985
1983
1982
1981
1981
1980
1979
1979
1978
1978
1978
1977
1976
1976
1975
1975
1975
1974
1974
1973
1973
1972
1971
1967
1965
1961
1960
1959
1958
1958
1958
1957
1957
1956
1956
1955
1955
1954
1953
1953
1952
1951
1951
1950
1949
1948
1947
1946
1946
1946
1944
1943
1942
1941
1940
1940
1939
1939
1938
1936
1934
1934
1934
1934
1933
1932
1932
1931
1931
1931
1931
1931
1931
1930
1930
1930
1928
1928
1928
1928
1927
1926
1925
1923
1920
1919
1918
1916
1915
1914
1913
1913
1912
1910
1910
1907
1906
1905
1904
1903
1902
1901
1897
1897
1897
1897
1896
1895
1895
1893
1892
1892
1891
1890
1889
1888
1888
1888
1887
1886
1885
1884
1884
1884
1884
1881
1881
1879
1873
1872
1871
1870
1870
1870
1868
1868
1867
1867
1864
1864
1864
1860
1860
1860
1860
1859
1859
1858
1858
1854
1853
1853
1852
1851
1850
1850
1850
1849
1849
1847
1847
1847
1847
1846
1846
1845
1845
1844
1844
1844
1843
1843
1841
1841
1841
1840
1838
1837
1836
1834
1832
1829
1828
1827
1826
1824
1823
1823
1822
1822
1821
1821
1820
1818
1816
1815
1814
1813
1813
1809
1809
1808
1808
1807
1805
1804
1804
1804
1803
1803
1802
1802
1802
1801
1801
1800
1800
1800
1798
1798
1797
1794
1792
1791
1790
1790
1789
1787
1787
1786
1786
1786
1785
1781
1780
1780
1779
1779
1777
1776
1776
1775
1775
1774
1774
1773
1769
1768
1767
1767
1765
1765
1764
1764
1763
1762
1760
1759
1759
1759
1759
1759
1757
1756
1756
1755
1750
1750
1750
1750
1749
1749
1748
1748
1748
1747
1747
1746
1746
1745
1745
1744
1743
1743
1741
1739
1739
1738
1738
1737
1736
1736
1736
1734
1733
1732
1731
1730
1727
1727
1726
1725
1724
1723
1723
1722
1720
1719
1719
1719
1719
1718
1717
1716
1714
1713
1713
1713
1711
1710
1710
1709
1709
1707
1707
1705
1703
1702
1702
1701
1701
1701
1700
1697
1696
1696
1694
1693
1691
1690
1690
1688
1688
1686
1684
1684
1684
1683
1683
1682
1681
1678
1678
1676
1671
1671
1671
1670
1670
1669
1669
1667
1667
1666
1665
1664
1664
1661
1661
1660
1657
1657
1656
1656
1653
1652
1652
1651
1650
1648
1647
1646
1644
1641
1641
1639
1638
1637
1637
1635
1635
1635
1634
1633
1633
1631
1631
1630
1630
1629
1625
1624
1624
1624
1623
1623
1621
1618
1617
1616
1616
1616
1615
1615
1614
1611
1610
1609
1609
1607
1607
1606
1605
1605
1604
1602
1602
1601
1600
1598
1598
1597
1596
1596
1596
1596
1594
1594
1593
1592
1591
1590
1590
1588
1586
1586
1585
1585
1584
1583
1583
1581
1581
1581
1578
1578
1575
1574
1574
1573
1573
1572
1572
1571
1571
1570
1567
1567
1564
1563
1562
1562
1562
1560
1559
1556
1556
1556
1555
1554
1554
1551
1550
1550
1549
1549
1549
1548
1548
1547
1547
1546
1546
1546
1545
1542
1541
1540
1539
1537
1537
1535
1535
1534
1533
1533
1533
1531
1529
1529
1527
1525
1524
1523
1523
1523
1522
1517
1516
1516
1515
1514
1513
1512
1512
1512
1509
1509
1509
1507
1505
1503
1500
1499
1499
1499
1493
1492
1492
1491
1491
1491
1489
1488
1488
1487
1487
1485
1484
1484
1484
1483
1483
1482
1482
1481
1479
1478
1477
1476
1476
1476
1476
1475
1474
1473
1473
1471
1471
1470
1470
1469
1468
1467
1466
1465
1463
1460
1460
1460
1459
1458
1458
1457
1457
1455
1454
1453
1452
1452
1451
1450
1448
1447
1446
1444
1442
1441
1440
1439
1438
1436
1435
1435
1435
1435
1434
1434
1432
1430
1428
1428
1428
1427
1426
1426
1425
1425
1424
1422
1417
1416
1413
1412
1411
1410
1409
1408
1408
1407
1406
1406
1406
1406
1406
1406
1405
1405
1405
1405
1404
1403
1403
1401
1400
1400
1400
1399
1397
1393
1393
1389
1388
1386
1385
1385
1385
1383
1383
1381
1380
1379
1378
1376
1376
1375
1375
1374
1374
1373
1373
1372
1372
1371
1371
1369
1367
1367
1367
1367
1366
1365
1365
1362
1361
1361
1360
1359
1359
1358
1356
1355
1354
1353
1353
1351
1350
1350
1349
1349
1349
1347
1346
1346
1344
1343
1341
1340
1336
1335
1334
1333
1333
1332
1332
1331
1330
1330
1329
1327
1326
1326
1325
1321
1321
1320
1319
1318
1318
1317
1317
1317
1317
1316
1316
1315
1314
1313
1312
1309
1308
1308
1307
1306
1304
1302
1301
1301
1301
1301
1299
1298
1296
1293
1293
1291
1288
1285
1285
1284
1284
1283
1281
1280
1280
1279
1279
1278
1278
1278
1275
1274
1271
1267
1265
1265
1264
1260
1260
1259
1258
1254
1253
1253
1252
1251
1250
1250
1248
1248
1247
1247
1246
1246
1245
1244
1241
1238
1238
1238
1236
1232
1232
1231
1231
1230
1229
1229
1228
1228
1227
1224
1222
1222
1220
1220
1220
1220
1220
1219
1219
1219
1217
1216
1215
1214
1213
1212
1210
1209
1208
1208
1201
1201
1197
1197
1196
1194
1194
1194
1194
1194
1192
1192
1191
1191
1187
1186
1184
1184
1184
1184
1183
1181
1180
1179
1179
1179
1179
1178
1178
1176
1174
1171
1170
1170
1168
1168
1168
1167
1167
1166
1166
1165
1164
1164
1164
1163
1161
1161
1160
1159
1159
1158
1157
1153
1152
1152
1151
1151
1151
1150
1150
1149
1148
1147
1147
1147
1147
1145
1145
1145
1144
1144
1143
1143
1143
1142
1138
1138
1138
1138
1136
1136
1135
1134
1133
1133
1132
1128
1127
1126
1125
1125
1121
1121
1120
1119
1119
1119
1117
1116
1116
1114
1113
1112
1112
1112
1110
1108
1107
1105
1104
1103
1102
1102
1100
1099
1099
1098
1097
1096
1096
1093
1093
1092
1091
1090
1090
1088
1088
1087
1087
1086
1086
1084
1082
1080
1080
1079
1079
1077
1077
1076
1076
1074
1074
1073
1072
1071
1071
1071
1070
1070
1070
1069
1069
1068
1066
1066
1066
1064
1063
1062
1062
1060
1057
1057
1056
1056
1053
1053
1051
1050
1050
1049
1047
1046
1045
1044
1042
1040
1039
1039
1039
1036
1035
1034
1034
1033
1032
1031
1030
1029
1028
1028
1027
1026
1026
1025
1024
1024
1023
1022
1022
1018
1016
1014
1013
1013
1012
1011
1007
1007
1007
1007
1002
1002
1001
1001
1001
1001
1000
1000
999
998
995
991
989
988
988
987
986
986
984
983
983
982
982
982
980
979
979
977
972
972
970
970
970
969
969
968
967
965
964
963
963
962
961
961
960
960
959
957
956
954
953
952
952
952
952
950
950
947
947
946
946
946
945
944
943
938
938
937
937
937
936
936
935
932
932
932
929
927
926
925
923
922
919
918
917
916
916
913
913
913
912
908
907
907
906
905
904
903
903
902
901
900
900
900
899
896
896
895
894
893
893
892
892
890
890
889
887
884
883
883
882
882
881
879
879
879
878
878
877
876
876
876
871
870
869
865
863
862
862
861
860
859
859
858
856
855
854
854
853
852
851
850
849
848
846
843
843
842
842
842
841
841
841
840
838
837
836
835
835
834
834
834
832
832
829
829
827
826
824
823
823
823
823
823
822
820
818
818
818
814
814
814
813
811
810
810
808
807
805
801
801
800
799
799
797
796
794
791
790
790
788
787
786
786
785
784
783
783
781
780
780
780
777
775
774
773
772
772
771
769
769
769
768
768
764
763
763
763
762
762
761
758
758
757
756
755
755
755
754
754
752
751
749
748
746
744
743
743
743
738
738
738
738
736
736
734
731
730
730
728
728
728
726
725
725
724
724
722
718
717
717
717
717
716
714
714
711
708
706
706
706
703
703
702
701
700
700
700
699
699
698
698
698
698
697
695
694
694
694
694
691
691
691
691
689
686
685
685
685
685
685
683
682
682
681
680
680
679
679
679
676
676
674
674
674
674
672
672
672
671
671
668
668
667
666
664
663
661
660
659
658
657
657
657
657
656
650
649
648
646
646
644
644
643
643
642
641
640
640
639
637
637
636
636
635
634
634
633
633
632
632
632
632
631
630
627
627
626
625
625
623
621
621
614
614
612
611
611
607
605
604
603
602
600
597
597
594
593
590
586
586
585
585
583
582
582
582
581
577
575
574
573
573
571
568
566
564
562
559
558
557
555
555
553
552
548
545
545
544
544
543
542
540
540
539
539
537
535
534
533
532
532
531
530
530
529
528
528
527
527
525
524
523
523
523
521
521
520
518
518
517
517
515
514
513
511
510
510
508
507
506
506
506
505
504
501
499
499
499
498
498
497
496
495
493
491
490
488
487
486
485
485
484
484
484
483
482
482
480
479
478
478
478
477
476
475
475
475
475
474
473
472
469
467
465
465
462
462
462
461
461
460
460
458
457
456
456
455
455
455
454
454
452
452
451
451
450
447
446
445
445
443
441
440
440
440
437
436
435
435
433
430
429
427
427
426
426
425
425
424
424
424
422
422
420
415
413
413
412
412
408
408
406
406
406
405
405
405
404
402
401
400
400
399
398
397
396
395
392
392
390
389
389
388
386
386
385
384
384
384
380
380
380
380
379
378
378
378
377
377
377
376
375
375
375
374
372
370
369
369
369
367
367
363
362
362
361
361
360
360
360
360
358
358
358
358
357
356
353
351
351
351
350
350
348
346
346
346
345
344
343
342
340
340
340
340
338
337
337
336
336
335
335
335
333
333
329
329
324
324
320
320
317
317
315
313
312
312
311
310
308
305
305
304
302
302
302
300
298
297
296
294
293
292
292
291
291
290
290
290
287
287
285
285
285
282
281
281
280
278
278
278
276
276
275
275
273
273
272
272
270
269
269
267
267
267
266
265
264
261
261
261
260
259
259
259
258
256
256
256
256
255
254
252
252
251
251
250
249
249
247
247
246
246
245
244
243
243
242
241
241
240
239
238
238
236
235
235
234
233
233
232
231
228
228
226
225
224
222
220
219
218
218
218
217
216
216
214
214
214
213
213
212
210
208
206
203
203
199
198
197
195
194
192
191
189
188
186
184
184
183
181
180
178
176
176
173
170
169
168
168
168
168
164
162
161
160
159
154
150
149
148
146
144
143
140
139
139
137
135
135
134
133
131
131
130
129
129
128
128
128
126
124
123
122
122
121
120
116
115
115
112
111
110
108
106
104
104
103
100
100
99
97
96
95
95
94
92
91
91
90
88
88
87
87
85
85
84
84
84
83
83
83
82
82
81
79
78
77
77
76
75
75
75
74
73
73
72
72
72
71
69
68
68
65
65
62
62
61
60
59
59
57
57
55
54
54
53
50
49
48
47
47
44
43
43
42
41
40
38
34
33
28
27
26
26
26
25
24
22
22
22
22
20
18
17
16
15
14
14
13
12
12
10
10
9
8
8
7
6
6
5
5
4
4
0
0
