9997
9997
9997
9996
9996
9995
9993
9993
9991
9989
9989
9985
9984
9984
9982
9982
9981
9980
9977
9975
9974
9974
9974
9973
9973
9972
9969
9964
9962
9962
9956
9954
9954
9953
9952
9951
9951
9951
9951
9950
9950
9948
9946
9943
9942
9941
9941
9941
9941
9938
9938
9937
9935
9934
9934
9932
9930
9929
9928
9925
9924
9924
9924
9924
9922
9922
9922
9922
9921
9920
9920
9918
9918
9918
9918
9917
9916
9911
9909
9908
9907
9905
9905
9904
9904
9904
9902
9901
9901
9900
9899
9898
9897
9896
9892
9890
9889
9888
9888
9887
9887
9887
9885
9884
9882
9881
9880
9880
9879
9874
9872
9872
9871
9871
9870
9870
9870
9869
9869
9868
9868
9867
9867
9867
9866
9866
9862
9862
9860
9859
9856
9854
9854
9853
9851
9850
9850
9847
9847
9846
9844
9844
9844
9844
9843
9843
9843
9839
9837
9837
9836
9836
9835
9833
9833
9832
9831
9830
9826
9826
9825
9824
9823
9819
9818
9817
9817
9816
9816
9816
9815
9814
9814
9813
9811
9810
9808
9807
9807
9807
9802
9802
9801
9801
9800
9798
9798
9798
9798
9798
9795
9795
9795
9794
9793
9792
9791
9791
9791
9791
9791
9791
9790
9789
9789
9788
9788
9787
9786
9786
9786
9786
9784
9783
9783
9782
9780
9779
9779
9778
9776
9772
9772
9769
9768
9768
9768
9767
9767
9767
9766
9765
9762
9761
9760
9756
9755
9755
9754
9753
9752
9751
9751
9750
9750
9749
9747
9746
9746
9746
9744
9742
9739
9738
9737
9736
9734
9730
9729
9729
9728
9728
9724
9720
9720
9719
9718
9718
9718
9717
9716
9715
9714
9714
9711
9710
9709
9708
9703
9703
9702
9700
9700
9698
9698
9697
9696
9696
9690
9690
9689
9688
9688
9688
9687
9687
9684
9683
9682
9682
9680
9680
9679
9678
9677
9676
9675
9674
9673
9672
9671
9669
9669
9668
9667
9667
9667
9665
9664
9662
9662
9662
9659
9659
9659
9659
9658
9656
9656
9655
9655
9654
9653
9650
9649
9646
9643
9643
9643
9641
9640
9636
9634
9633
9632
9631
9629
9627
9627
9626
9622
9620
9619
9618
9618
9617
9616
9615
9615
9614
9614
9614
9613
9612
9611
9611
9610
9609
9608
9607
9606
9605
9605
9604
9601
9601
9600
9600
9600
9600
9599
9599
9598
9598
9597
9595
9595
9594
9594
9593
9592
9591
9590
9588
9588
9587
9586
9586
9585
9585
9585
9582
9582
9580
9578
9577
9577
9576
9576
9576
9574
9574
9574
9570
9570
9567
9567
9565
9565
9563
9562
9561
9561
9560
9560
9559
9558
9558
9558
9557
9555
9555
9555
9554
9553
9550
9550
9549
9548
9548
9547
9546
9546
9544
9544
9541
9541
9540
9539
9538
9538
9538
9538
9534
9530
9530
9530
9528
9527
9526
9525
9525
9524
9524
9523
9523
9522
9521
9521
9520
9518
9517
9515
9514
9513
9511
9511
9508
9508
9507
9507
9507
9504
9504
9503
9502
9502
9502
9501
9499
9496
9495
9494
9494
9494
9492
9492
9492
9492
9490
9489
9488
9487
9485
9485
9481
9480
9477
9475
9472
9472
9471
9469
9469
9469
9469
9468
9468
9467
9467
9466
9465
9463
9463
9462
9462
9461
9460
9460
9458
9456
9454
9454
9454
9453
9453
9451
9451
9450
9450
9449
9447
9447
9447
9446
9445
9443
9441
9439
9439
9439
9439
9436
9436
9436
9435
9435
9434
9434
9434
9433
9433
9432
9431
9431
9430
9430
9430
9430
9429
9427
9427
9426
9425
9425
9425
9424
9422
9421
9421
9420
9420
9419
9418
9418
9418
9417
9417
9416
9416
9415
9413
9413
9412
9412
9410
9406
9406
9406
9405
9404
9404
9403
9401
9401
9400
9399
9397
9396
9396
9394
9393
9392
9392
9389
9389
9389
9389
9387
9386
9382
9381
9381
9380
9379
9379
9379
9378
9378
9377
9376
9374
9374
9374
9373
9369
9368
9368
9366
9365
9365
9365
9364
9362
9361
9360
9359
9359
9358
9357
9356
9356
9356
9355
9355
9354
9354
9354
9353
9352
9352
9351
9350
9349
9348
9347
9347
9346
9343
9342
9342
9341
9340
9340
9339
9338
9337
9337
9337
9335
9335
9333
9331
9330
9330
9326
9325
9324
9323
9323
9323
9322
9320
9319
9318
9318
9313
9312
9311
9309
9309
9308
9304
9302
9302
9301
9300
9300
9300
9299
9297
9296
9296
9295
9295
9294
9294
9293
9288
9285
9284
9284
9281
9281
9280
9279
9279
9278
9275
9275
9274
9273
9271
9270
9269
9269
9268
9268
9268
9266
9265
9265
9264
9263
9263
9262
9262
9261
9259
9259
9258
9254
9249
9248
9247
9247
9247
9246
9246
9245
9245
9245
9245
9244
9243
9243
9240
9239
9239
9238
9236
9235
9235
9234
9231
9231
9229
9225
9225
9225
9224
9223
9222
9221
9221
9220
9218
9215
9215
9212
9210
9208
9208
9206
9206
9206
9201
9200
9199
9199
9199
9198
9196
9195
9193
9193
9193
9193
9193
9193
9192
9191
9190
9189
9187
9187
9186
9186
9184
9184
9184
9184
9183
9182
9179
9178
9176
9176
9175
9172
9170
9169
9169
9167
9166
9166
9165
9164
9161
9159
9158
9158
9157
9156
9155
9152
9150
9150
9149
9149
9149
9147
9146
9145
9143
9142
9142
9142
9142
9141
9140
9140
9139
9139
9133
9131
9130
9130
9130
9129
9129
9127
9126
9126
9126
9126
9125
9125
9124
9121
9121
9121
9120
9119
9118
9117
9116
9114
9114
9111
9108
9107
9104
9103
9103
9102
9101
9101
9100
9100
9100
9100
9099
9098
9096
9096
9095
9094
9092
9092
9091
9091
9091
9090
9089
9089
9089
9088
9088
9087
9087
9087
9085
9085
9085
9084
9084
9083
9080
9077
9077
9077
9076
9075
9075
9075
9072
9071
9071
9069
9068
9068
9068
9067
9065
9065
9064
9062
9061
9060
9059
9059
9059
9057
9056
9055
9054
9054
9053
9053
9053
9052
9051
9050
9050
9048
9047
9047
9046
9044
9042
9042
9042
9041
9041
9038
9038
9038
9037
9037
9036
9035
9035
9033
9031
9031
9030
9029
9029
9029
9029
9028
9027
9025
9025
9024
9024
9023
9022
9020
9018
9017
9016
9015
9015
9012
9012
9010
9009
9008
9006
9006
9006
9006
9004
9003
9003
9002
9002
9001
9000
8999
8999
8998
8997
8996
8996
8995
8995
8994
8990
8990
8990
8989
8988
8987
8987
8983
8983
8982
8982
8982
8981
8979
8978
8976
8975
8974
8974
8973
8973
8972
8971
8971
8967
8967
8966
8966
8966
8966
8965
8964
8962
8961
8958
8958
8956
8955
8954
8953
8952
8952
8951
8947
8947
8945
8945
8943
8942
8941
8940
8940
8940
8937
8935
8935
8934
8933
8932
8932
8931
8930
8928
8927
8927
8924
8924
8923
8923
8922
8921
8921
8920
8919
8918
8918
8916
8916
8915
8914
8913
8911
8910
8909
8908
8907
8904
8904
8901
8901
8899
8899
8899
8899
8896
8895
8895
8894
8893
8890
8890
8889
8889
8887
8887
8887
8886
8884
8883
8883
8881
8881
8880
8879
8879
8879
8878
8878
8877
8877
8876
8875
8874
8873
8872
8871
8871
8870
8868
8867
8867
8866
8866
8866
8865
8864
8862
8861
8860
8859
8854
8852
8852
8850
8849
8848
8848
8848
8847
8846
8846
8846
8846
8845
8844
8842
8841
8841
8841
8839
8837
8836
8833
8831
8829
8827
8827
8825
8824
8823
8823
8822
8820
8818
8815
8813
8813
8813
8812
8810
8809
8809
8808
8808
8808
8805
8805
8805
8805
8805
8802
8800
8798
8797
8796
8795
8795
8795
8793
8792
8792
8791
8791
8789
8788
8786
8785
8785
8784
8782
8779
8778
8775
8774
8772
8770
8770
8770
8770
8769
8768
8767
8767
8764
8764
8764
8763
8763
8762
8761
8760
8760
8757
8757
8755
8755
8754
8753
8753
8752
8750
8748
8746
8746
8746
8744
8744
8743
8741
8740
8740
8739
8739
8738
8738
8738
8737
8736
8734
8734
8732
8731
8730
8730
8730
8727
8724
8721
8721
8720
8719
8718
8715
8714
8714
8712
8712
8710
8709
8709
8709
8708
8707
8704
8702
8702
8701
8696
8695
8695
8695
8693
8692
8691
8691
8690
8690
8688
8688
8687
8685
8685
8684
8679
8678
8678
8678
8677
8675
8675
8674
8673
8673
8670
8668
8667
8666
8666
8666
8666
8664
8664
8663
8662
8661
8661
8660
8659
8657
8657
8655
8655
8654
8653
8653
8653
8652
8651
8651
8650
8650
8649
8648
8648
8646
8646
8646
8646
8644
8644
8643
8641
8640
8639
8639
8638
8638
8638
8632
8630
8630
8629
8627
8627
8627
8623
8623
8622
8621
8621
8621
8620
8619
8619
8619
8618
8617
8616
8615
8615
8615
8613
8612
8612
8611
8610
8610
8608
8606
8606
8606
8605
8605
8603
8603
8602
8602
8602
8601
8600
8599
8594
8591
8591
8590
8589
8588
8587
8585
8585
8583
8579
8578
8578
8576
8575
8574
8574
8574
8573
8573
8572
8572
8572
8572
8571
8570
8569
8568
8568
8568
8566
8561
8561
8560
8557
8556
8555
8551
8550
8549
8549
8548
8548
8546
8544
8541
8540
8539
8538
8538
8537
8537
8536
8535
8534
8530
8529
8528
8528
8527
8526
8526
8525
8525
8525
8525
8525
8525
8524
8521
8520
8518
8517
8516
8516
8516
8516
8515
8515
8513
8513
8512
8512
8511
8511
8510
8510
8506
8506
8505
8503
8502
8502
8501
8501
8500
8500
8499
8498
8497
8496
8494
8494
8492
8491
8491
8489
8489
8489
8489
8487
8486
8485
8485
8483
8483
8482
8480
8478
8478
8477
8477
8476
8475
8475
8472
8472
8472
8472
8471
8471
8468
8467
8466
8466
8465
8465
8464
8460
8459
8459
8457
8457
8455
8455
8452
8451
8450
8448
8448
8447
8447
8447
8447
8447
8446
8445
8444
8443
8441
8441
8437
8436
8435
8435
8434
8433
8432
8431
8431
8430
8430
8429
8428
8428
8428
8427
8426
8425
8423
8422
8419
8417
8415
8415
8414
8413
8413
8412
8412
8412
8411
8410
8409
8408
8408
8407
8407
8406
8405
8404
8404
8399
8399
8398
8397
8394
8389
8389
8389
8387
8386
8386
8385
8385
8385
8383
8382
8381
8380
8380
8379
8377
8376
8376
8374
8373
8371
8368
8367
8367
8364
8363
8363
8363
8362
8361
8361
8360
8359
8358
8357
8356
8356
8356
8355
8355
8354
8354
8352
8351
8350
8350
8350
8350
8349
8349
8349
8349
8347
8346
8345
8345
8344
8344
8343
8342
8342
8341
8339
8338
8338
8338
8335
8335
8335
8334
8334
8333
8332
8331
8330
8330
8329
8328
8327
8326
8326
8324
8324
8323
8322
8318
8318
8318
8316
8313
8310
8308
8307
8307
8307
8306
8305
8304
8304
8300
8299
8298
8297
8296
8296
8294
8294
8294
8293
8292
8292
8292
8291
8290
8287
8286
8285
8283
8282
8282
8281
8281
8281
8281
8279
8277
8276
8275
8275
8274
8273
8272
8272
8271
8271
8269
8269
8269
8267
8265
8265
8262
8258
8257
8256
8253
8252
8251
8249
8249
8249
8248
8247
8245
8245
8243
8240
8240
8239
8238
8237
8236
8235
8234
8232
8231
8231
8230
8229
8228
8227
8224
8222
8220
8219
8217
8216
8214
8214
8214
8213
8212
8212
8212
8211
8211
8211
8211
8210
8210
8210
8210
8210
8209
8209
8209
8208
8208
8208
8208
8206
8206
8204
8204
8204
8203
8202
8201
8201
8200
8199
8199
8199
8199
8198
8195
8194
8192
8192
8192
8191
8191
8190
8189
8189
8189
8188
8187
8187
8186
8185
8185
8183
8180
8178
8178
8177
8176
8175
8173
8170
8170
8169
8168
8167
8166
8164
8163
8163
8163
8163
8160
8159
8158
8158
8157
8157
8156
8156
8156
8156
8156
8156
8155
8155
8154
8154
8152
8152
8152
8150
8149
8147
8146
8146
8145
8144
8144
8144
8143
8141
8139
8137
8135
8135
8135
8134
8132
8131
8130
8128
8125
8125
8125
8123
8121
8121
8121
8119
8117
8116
8113
8113
8112
8110
8110
8110
8109
8109
8108
8108
8101
8099
8099
8099
8096
8095
8094
8090
8090
8087
8086
8085
8084
8084
8083
8083
8083
8082
8081
8081
8080
8079
8079
8079
8078
8078
8077
8077
8075
8075
8074
8073
8073
8070
8070
8069
8068
8067
8067
8064
8062
8061
8061
8061
8060
8058
8057
8053
8053
8052
8051
8051
8049
8049
8049
8049
8048
8048
8047
8046
8045
8045
8043
8041
8041
8041
8039
8035
8034
8033
8033
8032
8031
8031
8031
8030
8030
8030
8028
8027
8027
8026
8026
8025
8025
8024
8024
8021
8021
8021
8021
8018
8018
8018
8018
8017
8016
8014
8012
8011
8011
8009
8009
8009
8005
8005
8003
8003
8000
7998
7997
7996
7996
7996
7995
7994
7992
7991
7991
7990
7989
7989
7988
7988
7988
7988
7986
7986
7986
7986
7984
7984
7984
7983
7980
7979
7978
7978
7977
7975
7975
7971
7970
7969
7969
7969
7968
7968
7966
7966
7963
7961
7959
7958
7957
7957
7957
7956
7955
7955
7955
7955
7954
7954
7953
7953
7952
7949
7949
7948
7946
7945
7945
7943
7943
7942
7939
7939
7939
7938
7938
7937
7936
7933
7932
7931
7930
7929
7928
7927
7927
7926
7925
7924
7920
7920
7919
7919
7918
7916
7915
7914
7914
7912
7911
7911
7911
7910
7908
7907
7904
7904
7902
7902
7900
7899
7899
7898
7896
7895
7895
7892
7892
7891
7891
7889
7888
7887
7887
7886
7884
7883
7881
7879
7879
7878
7877
7876
7875
7874
7871
7870
7869
7869
7868
7867
7867
7866
7865
7863
7863
7862
7861
7857
7857
7857
7856
7854
7853
7850
7848
7848
7847
7847
7845
7845
7841
7839
7839
7838
7837
7834
7832
7832
7832
7830
7830
7829
7827
7826
7824
7824
7823
7823
7823
7821
7820
7820
7820
7820
7819
7818
7817
7817
7815
7815
7814
7813
7812
7811
7811
7810
7808
7804
7802
7800
7798
7795
7794
7794
7792
7792
7792
7790
7790
7789
7787
7787
7782
7781
7781
7780
7778
7777
7775
7775
7773
7771
7771
7770
7770
7766
7766
7763
7762
7761
7761
7760
7760
7758
7758
7757
7757
7756
7756
7755
7753
7753
7753
7753
7752
7750
7750
7748
7746
7745
7744
7742
7740
7740
7739
7737
7737
7735
7733
7732
7732
7731
7730
7725
7725
7725
7724
7724
7723
7722
7721
7720
7718
7716
7715
7713
7713
7712
7712
7711
7711
7711
7710
7709
7709
7708
7707
7705
7699
7699
7698
7698
7696
7695
7694
7694
7693
7692
7689
7689
7688
7688
7685
7684
7682
7681
7680
7680
7679
7678
7677
7677
7677
7677
7675
7672
7672
7669
7667
7667
7667
7666
7665
7663
7662
7662
7657
7655
7655
7653
7653
7652
7651
7651
7651
7650
7649
7649
7645
7645
7643
7637
7635
7634
7634
7634
7632
7632
7631
7631
7628
7627
7625
7625
7625
7625
7624
7624
7623
7622
7621
7620
7619
7618
7617
7616
7615
7615
7614
7614
7613
7611
7611
7610
7609
7608
7608
7605
7605
7603
7602
7602
7602
7601
7599
7598
7598
7598
7597
7597
7596
7596
7594
7593
7592
7590
7589
7589
7588
7587
7587
7587
7587
7583
7582
7582
7582
7581
7579
7579
7577
7577
7577
7576
7575
7572
7569
7567
7567
7566
7566
7566
7565
7565
7565
7564
7558
7554
7552
7550
7548
7548
7545
7544
7542
7541
7539
7538
7538
7537
7536
7536
7535
7534
7533
7530
7526
7524
7523
7523
7523
7522
7522
7521
7520
7519
7518
7518
7515
7514
7513
7513
7513
7512
7512
7510
7509
7509
7506
7505
7505
7504
7504
7502
7501
7498
7496
7496
7496
7496
7495
7494
7493
7492
7490
7490
7488
7487
7487
7485
7485
7483
7483
7482
7481
7480
7480
7480
7479
7478
7478
7477
7477
7477
7477
7477
7476
7472
7471
7470
7468
7467
7467
7465
7465
7464
7463
7462
7461
7459
7451
7451
7450
7450
7448
7447
7447
7447
7446
7446
7446
7446
7445
7445
7445
7443
7440
7440
7438
7438
7437
7436
7436
7435
7435
7434
7434
7430
7430
7428
7427
7427
7427
7426
7425
7424
7423
7423
7422
7422
7421
7420
7419
7418
7417
7416
7416
7415
7414
7414
7414
7414
7414
7412
7408
7408
7407
7407
7407
7405
7405
7403
7402
7401
7401
7400
7399
7399
7397
7396
7395
7395
7395
7393
7391
7390
7389
7389
7389
7388
7388
7388
7387
7385
7384
7384
7383
7382
7382
7382
7382
7380
7380
7379
7379
7379
7378
7378
7377
7375
7375
7375
7374
7372
7371
7370
7370
7369
7367
7365
7362
7361
7359
7359
7359
7356
7356
7355
7355
7354
7353
7352
7352
7351
7350
7350
7349
7349
7345
7343
7341
7340
7340
7340
7339
7337
7336
7336
7335
7331
7330
7328
7328
7326
7326
7325
7325
7324
7324
7323
7323
7323
7322
7322
7321
7321
7321
7320
7320
7320
7319
7318
7316
7315
7315
7314
7314
7313
7313
7312
7312
7307
7304
7303
7302
7302
7300
7299
7299
7298
7297
7295
7295
7294
7294
7291
7291
7289
7288
7288
7286
7284
7284
7284
7282
7281
7278
7276
7275
7274
7274
7273
7272
7269
7269
7268
7266
7266
7266
7266
7265
7264
7264
7263
7262
7261
7261
7261
7261
7260
7260
7259
7259
7259
7258
7257
7256
7256
7256
7254
7254
7249
7245
7245
7244
7244
7244
7243
7241
7240
7237
7236
7235
7235
7234
7234
7232
7231
7230
7229
7228
7228
7228
7227
7226
7225
7212
7212
7211
7211
7210
7209
7206
7204
7201
7201
7200
7199
7197
7197
7197
7196
7196
7195
7194
7193
7191
7190
7190
7188
7187
7185
7184
7183
7183
7183
7182
7177
7174
7172
7171
7170
7169
7169
7168
7168
7168
7168
7167
7166
7164
7164
7163
7163
7163
7163
7159
7156
7155
7155
7153
7153
7152
7151
7150
7148
7147
7147
7145
7144
7143
7142
7140
7140
7139
7138
7137
7137
7136
7134
7131
7131
7130
7129
7127
7126
7125
7125
7123
7121
7121
7118
7117
7116
7112
7111
7109
7109
7109
7108
7107
7106
7104
7104
7103
7102
7102
7101
7101
7098
7097
7095
7095
7095
7094
7093
7092
7091
7090
7090
7087
7087
7086
7086
7085
7085
7084
7084
7083
7082
7079
7077
7077
7074
7073
7073
7070
7069
7068
7068
7068
7067
7067
7066
7065
7065
7064
7063
7062
7061
7061
7061
7061
7060
7059
7057
7057
7053
7049
7049
7046
7045
7044
7042
7041
7039
7039
7039
7037
7036
7036
7034
7034
7033
7032
7032
7031
7031
7030
7030
7029
7029
7026
7024
7023
7022
7020
7019
7017
7016
7015
7014
7012
7011
7009
7006
7005
7005
7005
7004
7003
7003
7003
7002
7001
7001
7001
7001
7000
6999
6999
6997
6997
6997
6997
6995
6995
6995
6991
6990
6989
6987
6986
6986
6986
6985
6984
6981
6980
6980
6978
6978
6976
6976
6974
6974
6973
6973
6973
6973
6971
6969
6967
6967
6966
6966
6966
6965
6962
6961
6960
6959
6959
6958
6958
6956
6954
6952
6950
6949
6947
6946
6946
6946
6944
6942
6942
6942
6942
6941
6938
6937
6937
6936
6936
6934
6934
6934
6934
6934
6932
6931
6929
6925
6925
6924
6921
6920
6919
6919
6916
6916
6915
6914
6909
6909
6909
6908
6906
6905
6904
6904
6903
6903
6901
6898
6897
6895
6892
6891
6891
6888
6888
6887
6886
6885
6884
6884
6883
6882
6882
6877
6877
6876
6875
6875
6871
6871
6869
6869
6869
6868
6867
6863
6863
6860
6858
6856
6856
6856
6855
6855
6854
6854
6854
6853
6853
6853
6852
6851
6851
6850
6849
6849
6849
6848
6848
6848
6846
6846
6846
6845
6845
6843
6841
6839
6839
6838
6838
6836
6836
6835
6834
6831
6831
6828
6826
6825
6823
6822
6821
6821
6820
6820
6819
6819
6819
6818
6814
6814
6813
6813
6807
6807
6803
6801
6800
6798
6798
6797
6796
6792
6791
6791
6790
6786
6784
6783
6783
6783
6781
6781
6779
6779
6779
6778
6778
6778
6777
6777
6776
6776
6772
6770
6769
6769
6767
6767
6767
6766
6766
6764
6764
6764
6761
6760
6759
6759
6758
6757
6756
6756
6755
6755
6754
6753
6752
6749
6749
6748
6747
6746
6746
6746
6745
6744
6744
6743
6742
6742
6739
6738
6737
6737
6736
6736
6735
6735
6734
6734
6733
6732
6732
6731
6731
6731
6728
6728
6727
6726
6725
6721
6721
6721
6721
6720
6720
6719
6719
6717
6716
6715
6715
6714
6713
6712
6712
6711
6711
6711
6709
6709
6709
6709
6707
6705
6705
6702
6700
6700
6697
6697
6696
6696
6696
6695
6694
6693
6693
6692
6692
6691
6690
6689
6689
6688
6688
6685
6684
6682
6682
6681
6681
6681
6679
6679
6677
6677
6676
6673
6673
6672
6671
6670
6669
6667
6665
6663
6662
6661
6659
6656
6655
6654
6653
6652
6652
6650
6646
6644
6643
6638
6638
6637
6635
6635
6635
6633
6633
6633
6632
6632
6632
6632
6630
6628
6627
6627
6626
6625
6624
6623
6623
6623
6623
6621
6619
6619
6618
6614
6613
6612
6610
6609
6609
6609
6609
6609
6608
6606
6606
6605
6604
6599
6597
6596
6595
6595
6594
6594
6594
6591
6588
6587
6586
6586
6586
6586
6585
6584
6584
6583
6582
6579
6578
6578
6577
6574
6571
6568
6566
6565
6563
6562
6562
6560
6560
6559
6557
6555
6555
6554
6554
6553
6553
6548
6548
6547
6545
6545
6545
6543
6542
6542
6541
6540
6540
6540
6539
6539
6538
6537
6536
6535
6535
6534
6533
6531
6531
6530
6527
6526
6524
6523
6523
6522
6522
6521
6520
6519
6518
6516
6516
6515
6513
6512
6510
6509
6507
6507
6506
6506
6505
6505
6505
6504
6504
6503
6503
6500
6498
6497
6494
6494
6494
6491
6490
6490
6490
6489
6488
6488
6488
6488
6487
6485
6484
6484
6483
6482
6482
6482
6480
6478
6477
6477
6477
6476
6474
6474
6473
6473
6472
6471
6471
6469
6469
6468
6467
6466
6465
6465
6464
6461
6460
6459
6459
6457
6457
6457
6456
6456
6455
6455
6454
6454
6454
6453
6453
6453
6452
6452
6452
6451
6450
6450
6450
6450
6449
6448
6445
6442
6441
6441
6436
6434
6433
6432
6431
6430
6430
6430
6429
6427
6427
6427
6427
6426
6425
6425
6423
6421
6421
6421
6415
6414
6413
6409
6407
6407
6406
6404
6404
6403
6403
6400
6400
6398
6398
6396
6396
6395
6395
6395
6393
6393
6390
6389
6387
6387
6386
6385
6384
6383
6383
6382
6380
6380
6379
6377
6376
6375
6372
6372
6371
6368
6367
6366
6365
6362
6362
6360
6360
6357
6356
6356
6356
6354
6353
6352
6350
6349
6348
6347
6347
6346
6345
6345
6345
6343
6343
6342
6341
6339
6339
6337
6336
6335
6334
6333
6333
6330
6329
6329
6328
6328
6324
6324
6323
6322
6319
6319
6319
6318
6317
6317
6316
6314
6314
6312
6311
6311
6309
6309
6308
6308
6303
6303
6302
6301
6299
6299
6298
6298
6297
6294
6294
6292
6292
6291
6290
6288
6287
6286
6285
6284
6282
6282
6281
6278
6277
6276
6275
6274
6274
6272
6270
6269
6269
6267
6265
6265
6262
6260
6260
6260
6259
6259
6259
6257
6256
6255
6254
6253
6252
6251
6250
6249
6248
6248
6247
6245
6245
6243
6243
6242
6242
6241
6241
6241
6240
6239
6236
6235
6235
6233
6232
6232
6232
6231
6231
6228
6225
6224
6222
6222
6220
6220
6220
6219
6218
6218
6217
6217
6217
6215
6215
6211
6211
6211
6210
6210
6210
6209
6208
6208
6207
6207
6206
6205
6205
6204
6203
6203
6203
6201
6199
6198
6198
6197
6196
6195
6195
6194
6194
6192
6191
6191
6187
6186
6185
6185
6184
6183
6183
6181
6181
6181
6180
6180
6179
6176
6175
6175
6174
6174
6173
6173
6172
6172
6169
6166
6165
6163
6162
6160
6159
6159
6158
6158
6154
6153
6152
6149
6148
6143
6142
6142
6141
6141
6141
6141
6141
6138
6137
6137
6133
6132
6131
6131
6130
6129
6129
6128
6127
6127
6126
6126
6125
6125
6124
6124
6123
6122
6116
6116
6115
6113
6112
6110
6110
6108
6108
6107
6106
6104
6102
6100
6099
6098
6098
6097
6096
6096
6094
6092
6090
6090
6089
6088
6086
6086
6086
6086
6085
6084
6083
6082
6081
6081
6080
6079
6079
6079
6077
6076
6075
6075
6072
6070
6068
6068
6067
6066
6066
6065
6065
6064
6062
6059
6058
6058
6058
6056
6053
6052
6049
6049
6047
6046
6045
6044
6043
6042
6040
6036
6035
6035
6033
6032
6030
6030
6029
6029
6028
6027
6026
6024
6023
6022
6020
6019
6018
6018
6017
6016
6016
6015
6014
6013
6009
6008
6008
6006
6006
6005
6001
5999
5999
5993
5992
5990
5988
5988
5987
5986
5984
5983
5982
5982
5982
5981
5980
5979
5979
5978
5977
5977
5976
5975
5975
5974
5974
5973
5969
5968
5968
5968
5965
5964
5963
5963
5963
5962
5959
5958
5958
5958
5957
5957
5957
5957
5956
5955
5954
5954
5950
5950
5949
5948
5948
5947
5947
5946
5945
5945
5942
5942
5941
5940
5939
5939
5936
5933
5929
5929
5927
5927
5926
5925
5924
5924
5921
5920
5920
5920
5918
5918
5916
5915
5914
5914
5914
5912
5912
5911
5911
5911
5909
5908
5907
5905
5901
5901
5899
5898
5898
5897
5897
5896
5896
5895
5894
5892
5892
5892
5890
5887
5887
5885
5884
5884
5883
5883
5882
5882
5882
5881
5881
5881
5879
5878
5878
5877
5877
5876
5875
5873
5872
5872
5870
5869
5868
5868
5868
5866
5866
5865
5864
5864
5863
5863
5862
5861
5856
5855
5853
5852
5852
5850
5850
5848
5847
5847
5846
5845
5843
5841
5838
5838
5837
5835
5835
5835
5835
5834
5834
5834
5830
5829
5829
5829
5827
5826
5826
5825
5824
5824
5824
5823
5823
5822
5822
5822
5822
5819
5819
5818
5817
5817
5815
5814
5814
5812
5810
5810
5809
5809
5808
5806
5803
5802
5801
5800
5800
5797
5795
5794
5793
5793
5793
5793
5791
5789
5789
5788
5788
5787
5787
5786
5785
5785
5785
5784
5783
5783
5782
5781
5779
5778
5778
5777
5777
5777
5776
5775
5775
5773
5773
5773
5772
5772
5771
5770
5769
5769
5768
5768
5765
5765
5764
5764
5763
5762
5762
5761
5760
5760
5757
5757
5757
5756
5756
5754
5753
5752
5751
5750
5749
5747
5745
5744
5744
5742
5740
5740
5739
5738
5738
5736
5735
5735
5735
5735
5734
5732
5732
5731
5731
5724
5723
5722
5722
5720
5719
5719
5719
5717
5715
5714
5714
5713
5712
5712
5711
5707
5706
5704
5704
5703
5703
5700
5699
5698
5698
5698
5696
5695
5693
5690
5689
5687
5687
5686
5683
5683
5683
5682
5682
5682
5681
5680
5680
5679
5678
5675
5673
5671
5670
5668
5668
5667
5666
5666
5664
5662
5662
5660
5658
5658
5657
5656
5655
5653
5652
5651
5651
5650
5647
5647
5647
5647
5646
5646
5644
5644
5643
5643
5641
5641
5641
5639
5638
5638
5637
5635
5634
5634
5634
5634
5633
5633
5632
5631
5630
5630
5627
5626
5625
5625
5620
5620
5619
5617
5614
5614
5612
5611
5611
5611
5611
5609
5609
5607
5605
5605
5603
5602
5601
5601
5597
5597
5596
5596
5596
5596
5595
5595
5595
5594
5594
5593
5592
5592
5590
5589
5588
5588
5587
5586
5585
5585
5584
5583
5582
5582
5581
5580
5580
5579
5579
5578
5578
5577
5575
5575
5572
5571
5569
5569
5569
5567
5566
5566
5564
5563
5562
5562
5557
5556
5555
5555
5555
5555
5554
5552
5551
5551
5549
5547
5547
5546
5545
5545
5545
5544
5543
5540
5540
5540
5539
5538
5538
5538
5538
5537
5537
5537
5536
5536
5535
5534
5532
5532
5531
5530
5530
5528
5528
5527
5527
5525
5524
5523
5522
5522
5521
5518
5517
5517
5517
5513
5512
5508
5507
5507
5506
5506
5506
5503
5502
5502
5500
5498
5497
5494
5493
5489
5487
5486
5485
5485
5484
5483
5482
5481
5480
5476
5475
5474
5473
5472
5471
5471
5470
5467
5463
5462
5461
5461
5461
5461
5460
5460
5459
5457
5456
5453
5451
5450
5449
5448
5447
5445
5443
5443
5442
5441
5441
5441
5440
5439
5439
5439
5438
5438
5435
5433
5431
5431
5431
5430
5429
5429
5429
5429
5428
5426
5425
5425
5424
5423
5418
5418
5418
5415
5414
5413
5412
5409
5409
5409
5406
5405
5405
5404
5399
5396
5395
5394
5391
5389
5388
5388
5387
5387
5386
5386
5383
5382
5382
5381
5381
5380
5379
5377
5377
5376
5374
5373
5372
5372
5371
5370
5369
5369
5368
5368
5366
5365
5364
5364
5361
5360
5360
5360
5360
5358
5357
5356
5355
5355
5351
5351
5350
5350
5349
5349
5348
5347
5346
5346
5343
5342
5342
5342
5341
5340
5340
5340
5339
5339
5338
5338
5335
5334
5334
5332
5329
5328
5328
5325
5323
5323
5323
5323
5321
5321
5321
5321
5320
5319
5319
5319
5319
5318
5317
5316
5314
5313
5313
5313
5312
5311
5311
5311
5310
5308
5308
5307
5307
5307
5306
5305
5305
5304
5304
5303
5301
5301
5301
5300
5299
5296
5296
5296
5294
5294
5291
5288
5288
5286
5285
5284
5284
5283
5282
5282
5281
5281
5280
5280
5279
5279
5278
5277
5275
5275
5274
5273
5273
5272
5271
5270
5270
5269
5269
5268
5268
5266
5266
5266
5265
5264
5263
5263
5260
5260
5258
5257
5257
5256
5256
5256
5255
5254
5254
5252
5252
5252
5251
5250
5249
5247
5246
5246
5245
5243
5242
5242
5240
5239
5236
5236
5234
5232
5230
5228
5228
5227
5226
5225
5224
5223
5222
5222
5221
5221
5220
5219
5219
5219
5217
5216
5216
5214
5213
5212
5212
5211
5211
5205
5204
5204
5202
5201
5201
5199
5198
5198
5197
5194
5194
5194
5192
5192
5190
5190
5188
5187
5187
5186
5184
5184
5184
5183
5179
5179
5177
5177
5176
5176
5176
5176
5175
5175
5171
5170
5170
5168
5167
5167
5166
5166
5165
5164
5162
5161
5155
5154
5154
5151
5151
5151
5151
5148
5148
5148
5148
5145
5144
5143
5143
5142
5142
5140
5138
5137
5136
5135
5135
5135
5134
5133
5132
5132
5131
5130
5126
5126
5125
5124
5120
5120
5119
5119
5119
5118
5116
5116
5114
5113
5111
5108
5108
5107
5107
5107
5106
5105
5103
5103
5103
5101
5100
5099
5098
5098
5097
5096
5096
5095
5095
5092
5090
5090
5088
5086
5084
5082
5082
5080
5077
5074
5071
5071
5071
5069
5067
5067
5067
5066
5065
5064
5063
5063
5063
5060
5059
5058
5058
5058
5058
5057
5056
5056
5050
5050
5050
5049
5048
5048
5045
5045
5044
5042
5042
5040
5040
5039
5038
5038
5038
5037
5036
5034
5032
5031
5030
5030
5028
5028
5027
5026
5026
5024
5024
5024
5022
5021
5019
5019
5018
5017
5014
5013
5013
5012
5012
5007
5005
5005
5004
5002
5001
5000
4998
4998
4998
4997
4997
4996
4996
4995
4993
4993
4991
4991
4990
4990
4989
4989
4988
4987
4987
4986
4986
4985
4984
4983
4982
4982
4981
4975
4975
4974
4973
4972
4972
4972
4972
4972
4972
4970
4969
4968
4966
4965
4965
4963
4961
4961
4961
4961
4956
4954
4954
4954
4952
4951
4950
4949
4945
4944
4944
4944
4942
4941
4940
4939
4939
4938
4938
4938
4938
4937
4936
4935
4935
4930
4929
4927
4926
4924
4922
4920
4920
4920
4917
4917
4917
4916
4915
4915
4914
4912
4912
4911
4910
4910
4909
4909
4908
4907
4906
4906
4905
4905
4905
4904
4903
4903
4903
4902
4902
4902
4901
4901
4899
4897
4897
4896
4895
4894
4893
4893
4892
4891
4891
4890
4890
4889
4888
4886
4886
4885
4885
4884
4884
4882
4881
4880
4880
4880
4875
4875
4875
4874
4874
4874
4873
4873
4873
4872
4872
4870
4870
4869
4869
4868
4867
4867
4866
4865
4864
4863
4862
4861
4861
4860
4860
4858
4858
4857
4854
4852
4851
4849
4849
4848
4848
4847
4847
4846
4845
4844
4844
4844
4841
4840
4838
4838
4838
4837
4835
4834
4833
4832
4832
4830
4830
4829
4828
4826
4824
4823
4823
4823
4823
4822
4822
4822
4821
4820
4820
4816
4816
4816
4815
4812
4811
4811
4810
4810
4810
4809
4808
4807
4807
4805
4801
4801
4800
4799
4798
4797
4796
4796
4795
4793
4793
4793
4792
4789
4787
4785
4784
4784
4782
4781
4781
4781
4780
4780
4779
4779
4778
4778
4777
4776
4776
4775
4775
4773
4773
4772
4771
4767
4766
4766
4765
4763
4761
4760
4758
4757
4755
4751
4750
4750
4749
4748
4748
4747
4744
4743
4742
4742
4741
4740
4740
4739
4739
4738
4738
4738
4737
4736
4734
4733
4731
4730
4730
4728
4727
4726
4726
4725
4723
4722
4721
4719
4719
4718
4716
4715
4715
4713
4710
4710
4709
4707
4706
4704
4703
4703
4702
4701
4700
4700
4700
4699
4699
4699
4699
4697
4697
4695
4695
4694
4694
4692
4691
4687
4685
4683
4683
4682
4682
4681
4678
4677
4677
4675
4674
4672
4671
4670
4668
4668
4667
4667
4666
4666
4666
4665
4665
4664
4664
4663
4661
4660
4659
4659
4659
4658
4656
4655
4654
4653
4652
4652
4651
4649
4646
4646
4645
4644
4644
4641
4641
4641
4639
4637
4635
4634
4633
4632
4631
4630
4629
4629
4628
4626
4626
4625
4623
4622
4620
4619
4619
4617
4616
4613
4612
4611
4611
4610
4608
4608
4608
4607
4607
4606
4604
4604
4603
4602
4602
4602
4601
4600
4600
4598
4598
4595
4595
4594
4594
4594
4594
4593
4593
4591
4590
4589
4589
4587
4586
4585
4585
4585
4584
4584
4581
4579
4579
4577
4575
4575
4574
4573
4573
4571
4569
4568
4568
4566
4565
4565
4564
4564
4563
4563
4562
4562
4561
4560
4560
4558
4558
4556
4555
4555
4553
4553
4553
4553
4553
4552
4550
4550
4549
4548
4547
4546
4546
4546
4545
4545
4544
4543
4543
4542
4542
4541
4541
4541
4541
4540
4539
4538
4537
4536
4533
4532
4532
4531
4529
4528
4527
4526
4525
4525
4524
4521
4519
4518
4518
4517
4516
4516
4513
4512
4510
4508
4506
4504
4502
4501
4500
4497
4496
4494
4494
4494
4493
4491
4489
4487
4487
4486
4485
4480
4479
4479
4479
4478
4477
4475
4475
4471
4471
4469
4468
4466
4466
4464
4462
4462
4461
4460
4460
4459
4458
4458
4455
4451
4449
4449
4447
4444
4444
4443
4443
4443
4442
4442
4441
4441
4440
4440
4440
4438
4438
4436
4435
4435
4434
4433
4429
4428
4427
4425
4425
4424
4420
4419
4414
4414
4413
4413
4412
4411
4411
4410
4410
4408
4405
4405
4403
4403
4397
4397
4395
4392
4392
4392
4391
4390
4387
4386
4386
4386
4384
4384
4383
4383
4381
4381
4381
4380
4378
4377
4376
4375
4375
4374
4374
4373
4370
4369
4368
4366
4365
4364
4362
4361
4359
4355
4354
4353
4352
4352
4352
4351
4350
4349
4348
4348
4346
4345
4345
4345
4344
4343
4342
4341
4340
4339
4332
4331
4330
4330
4329
4329
4328
4328
4328
4327
4327
4327
4326
4324
4324
4322
4322
4322
4319
4318
4318
4317
4316
4315
4315
4315
4314
4313
4312
4310
4310
4309
4307
4306
4306
4305
4304
4304
4302
4302
4302
4301
4299
4299
4296
4295
4295
4294
4293
4293
4293
4293
4292
4290
4289
4283
4282
4282
4282
4282
4281
4281
4280
4279
4278
4278
4277
4276
4275
4275
4274
4274
4272
4272
4271
4271
4271
4269
4269
4266
4264
4263
4262
4259
4259
4258
4257
4256
4255
4255
4252
4252
4251
4251
4250
4248
4247
4247
4246
4245
4242
4242
4239
4238
4237
4236
4235
4235
4234
4233
4233
4231
4230
4230
4228
4228
4225
4224
4224
4222
4220
4220
4219
4219
4218
4212
4212
4212
4211
4210
4210
4210
4209
4207
4206
4206
4206
4201
4200
4199
4199
4197
4197
4196
4195
4194
4192
4190
4190
4188
4188
4187
4184
4181
4180
4177
4175
4175
4175
4174
4173
4172
4172
4171
4171
4164
4163
4163
4162
4161
4161
4161
4161
4159
4158
4157
4155
4154
4154
4154
4152
4151
4150
4149
4149
4149
4148
4147
4146
4145
4143
4140
4138
4137
4136
4136
4136
4133
4132
4132
4132
4132
4129
4128
4127
4126
4124
4124
4122
4121
4121
4120
4114
4114
4109
4108
4107
4106
4105
4102
4101
4100
4100
4098
4097
4097
4094
4092
4091
4090
4087
4086
4085
4085
4084
4083
4083
4083
4082
4080
4080
4079
4079
4078
4075
4075
4074
4074
4071
4071
4070
4069
4064
4063
4061
4059
4059
4059
4058
4057
4056
4055
4055
4055
4055
4054
4052
4051
4051
4049
4049
4045
4044
4044
4043
4042
4042
4041
4041
4040
4037
4037
4036
4036
4036
4035
4035
4035
4033
4032
4031
4030
4030
4029
4028
4024
4023
4023
4023
4022
4022
4021
4019
4019
4015
4014
4013
4011
4011
4008
4008
4006
4006
4006
4005
4003
4003
4002
4002
4002
4001
4000
3999
3999
3998
3998
3997
3995
3995
3994
3994
3990
3989
3989
3988
3985
3985
3985
3985
3983
3982
3982
3979
3978
3977
3977
3976
3976
3975
3974
3973
3972
3972
3970
3969
3968
3968
3967
3967
3967
3965
3965
3965
3962
3961
3960
3959
3958
3957
3955
3954
3953
3951
3950
3950
3949
3946
3945
3943
3942
3942
3941
3939
3939
3937
3936
3936
3935
3935
3932
3930
3930
3928
3926
3925
3922
3920
3920
3919
3919
3919
3918
3917
3917
3917
3917
3916
3916
3915
3912
3912
3906
3903
3903
3903
3902
3902
3901
3901
3901
3900
3900
3899
3891
3890
3889
3888
3887
3887
3885
3884
3883
3883
3883
3882
3882
3881
3880
3880
3879
3878
3877
3876
3874
3874
3874
3873
3873
3872
3871
3870
3869
3869
3869
3868
3867
3867
3865
3863
3863
3862
3862
3861
3860
3858
3858
3858
3857
3856
3855
3855
3854
3854
3851
3850
3848
3848
3846
3845
3843
3842
3842
3840
3839
3839
3836
3831
3830
3830
3826
3826
3825
3824
3823
3823
3822
3822
3820
3818
3817
3816
3815
3815
3814
3813
3812
3812
3811
3810
3809
3809
3807
3806
3806
3803
3800
3800
3798
3798
3798
3796
3796
3795
3794
3794
3794
3792
3792
3789
3789
3788
3788
3786
3784
3783
3783
3782
3781
3780
3780
3780
3780
3780
3777
3777
3776
3776
3775
3775
3773
3773
3771
3771
3770
3769
3766
3766
3765
3764
3762
3761
3760
3758
3755
3755
3755
3755
3754
3754
3754
3753
3750
3749
3747
3747
3747
3746
3746
3745
3744
3743
3741
3739
3738
3738
3735
3735
3732
3732
3731
3731
3730
3729
3728
3726
3725
3724
3723
3721
3720
3720
3718
3717
3716
3713
3712
3711
3710
3710
3710
3710
3707
3707
3706
3706
3704
3703
3703
3702
3702
3701
3701
3700
3697
3697
3696
3696
3693
3692
3692
3690
3689
3689
3689
3687
3687
3685
3684
3683
3682
3682
3680
3680
3678
3678
3676
3672
3672
3671
3671
3666
3664
3662
3662
3662
3662
3659
3656
3653
3653
3651
3650
3650
3648
3647
3645
3642
3639
3637
3636
3636
3636
3636
3633
3630
3630
3629
3629
3628
3626
3626
3626
3624
3624
3621
3618
3617
3617
3616
3615
3615
3615
3615
3614
3614
3612
3611
3611
3610
3608
3606
3606
3605
3605
3605
3605
3604
3604
3602
3600
3599
3598
3597
3595
3592
3592
3592
3588
3586
3586
3586
3585
3584
3582
3581
3581
3581
3580
3578
3577
3575
3574
3573
3573
3570
3570
3569
3568
3568
3567
3567
3566
3564
3561
3560
3559
3558
3557
3556
3553
3552
3552
3552
3552
3551
3551
3550
3548
3548
3548
3547
3547
3545
3545
3544
3544
3544
3543
3540
3540
3539
3538
3537
3536
3536
3536
3535
3534
3533
3532
3532
3531
3530
3530
3530
3525
3523
3523
3522
3519
3516
3515
3514
3514
3513
3512
3510
3507
3507
3506
3504
3504
3503
3502
3502
3501
3500
3500
3499
3498
3497
3497
3497
3495
3494
3493
3493
3492
3491
3491
3490
3488
3488
3488
3486
3485
3482
3481
3481
3479
3479
3478
3478
3477
3477
3476
3475
3470
3468
3467
3466
3466
3466
3466
3465
3465
3464
3461
3458
3458
3457
3457
3455
3453
3451
3451
3451
3449
3448
3447
3442
3441
3436
3436
3435
3434
3433
3432
3432
3431
3430
3430
3429
3428
3427
3427
3427
3426
3426
3424
3422
3422
3421
3421
3420
3420
3419
3417
3417
3416
3415
3415
3414
3414
3414
3414
3412
3412
3412
3412
3411
3409
3408
3408
3408
3407
3407
3406
3406
3400
3399
3399
3398
3398
3392
3392
3391
3390
3390
3390
3389
3389
3388
3388
3388
3388
3388
3386
3384
3383
3383
3383
3383
3383
3383
3382
3382
3381
3381
3380
3375
3375
3375
3375
3374
3372
3372
3370
3369
3367
3367
3367
3362
3360
3360
3359
3358
3354
3354
3353
3353
3352
3352
3351
3350
3350
3349
3349
3347
3345
3343
3343
3343
3341
3340
3340
3338
3338
3338
3336
3334
3332
3331
3331
3330
3330
3329
3325
3325
3324
3323
3322
3319
3316
3315
3315
3314
3313
3312
3311
3310
3307
3305
3305
3302
3300
3298
3298
3295
3295
3292
3292
3289
3288
3285
3285
3284
3283
3283
3282
3282
3282
3281
3281
3280
3280
3278
3277
3277
3276
3274
3274
3272
3270
3270
3270
3269
3268
3266
3265
3261
3261
3259
3258
3257
3257
3257
3256
3256
3254
3254
3254
3252
3252
3251
3251
3250
3250
3248
3246
3246
3245
3245
3244
3243
3243
3240
3239
3238
3237
3237
3236
3235
3234
3233
3233
3230
3229
3228
3228
3228
3226
3225
3224
3224
3224
3223
3222
3222
3222
3221
3220
3216
3216
3216
3215
3214
3213
3213
3212
3211
3211
3211
3210
3210
3209
3205
3205
3205
3204
3204
3204
3203
3203
3201
3197
3196
3195
3195
3194
3192
3191
3190
3189
3188
3188
3186
3185
3184
3184
3183
3181
3180
3177
3177
3176
3175
3172
3170
3168
3166
3164
3162
3161
3160
3159
3156
3153
3153
3150
3148
3148
3147
3146
3146
3146
3145
3145
3143
3142
3141
3141
3140
3140
3138
3137
3136
3135
3135
3134
3132
3131
3131
3130
3130
3129
3127
3126
3125
3123
3123
3122
3120
3120
3120
3120
3120
3118
3117
3117
3115
3114
3114
3114
3113
3110
3110
3109
3109
3106
3105
3105
3104
3103
3102
3102
3101
3100
3099
3094
3094
3094
3094
3092
3086
3085
3082
3081
3080
3080
3080
3079
3077
3076
3075
3075
3075
3066
3065
3064
3064
3063
3063
3062
3062
3061
3060
3059
3058
3058
3056
3055
3055
3053
3053
3052
3050
3048
3047
3046
3046
3045
3043
3042
3042
3040
3039
3039
3038
3038
3037
3037
3037
3037
3035
3033
3030
3030
3028
3028
3027
3027
3026
3026
3024
3024
3023
3022
3022
3021
3021
3020
3018
3016
3016
3013
3011
3011
3011
3010
3008
3008
3004
3003
2999
2999
2997
2997
2996
2993
2993
2993
2991
2990
2989
2989
2988
2987
2985
2985
2985
2984
2983
2982
2980
2977
2974
2973
2973
2972
2972
2970
2970
2969
2969
2966
2965
2965
2963
2962
2961
2960
2959
2956
2956
2956
2955
2955
2955
2954
2954
2953
2953
2952
2951
2949
2949
2949
2949
2948
2947
2947
2946
2946
2946
2945
2945
2943
2942
2940
2940
2940
2940
2937
2936
2936
2935
2935
2933
2933
2932
2931
2931
2930
2925
2925
2925
2924
2923
2923
2922
2921
2919
2918
2917
2916
2916
2915
2915
2913
2912
2910
2908
2908
2905
2905
2904
2903
2901
2901
2900
2898
2898
2895
2894
2893
2891
2890
2888
2887
2887
2886
2886
2885
2884
2884
2882
2881
2881
2881
2881
2880
2877
2875
2875
2874
2874
2873
2873
2873
2872
2871
2868
2868
2867
2865
2864
2864
2862
2859
2859
2859
2856
2856
2853
2853
2851
2850
2849
2849
2848
2848
2847
2846
2846
2845
2845
2843
2843
2843
2842
2840
2840
2840
2840
2837
2836
2833
2831
2831
2829
2829
2827
2827
2822
2821
2821
2819
2819
2818
2818
2818
2817
2817
2817
2815
2814
2814
2813
2813
2812
2811
2810
2810
2809
2808
2808
2808
2807
2806
2806
2803
2802
2800
2799
2799
2796
2795
2795
2793
2791
2791
2791
2791
2789
2787
2785
2785
2784
2783
2782
2779
2776
2775
2775
2775
2773
2772
2772
2771
2769
2768
2767
2767
2766
2764
2764
2762
2762
2762
2762
2761
2760
2760
2758
2756
2755
2754
2753
2753
2753
2750
2749
2747
2746
2744
2743
2743
2742
2741
2741
2740
2740
2740
2740
2737
2734
2734
2732
2732
2732
2730
2729
2729
2728
2726
2725
2724
2724
2723
2722
2719
2717
2717
2712
2711
2709
2708
2708
2708
2706
2704
2703
2703
2700
2699
2699
2697
2697
2695
2695
2694
2692
2691
2690
2687
2686
2686
2685
2685
2684
2683
2681
2680
2679
2679
2679
2677
2677
2676
2674
2674
2674
2673
2673
2672
2672
2671
2670
2668
2665
2665
2661
2659
2656
2655
2655
2654
2653
2652
2652
2651
2649
2648
2648
2647
2646
2645
2645
2643
2643
2641
2640
2639
2638
2637
2636
2635
2635
2634
2633
2631
2631
2630
2629
2629
2629
2627
2625
2624
2624
2622
2622
2621
2621
2619
2618
2618
2618
2613
2612
2612
2610
2607
2606
2606
2605
2605
2604
2604
2602
2601
2600
2599
2598
2597
2596
2596
2595
2595
2595
2595
2595
2594
2594
2594
2594
2591
2591
2591
2590
2589
2589
2588
2588
2586
2585
2585
2584
2584
2584
2583
2581
2579
2579
2578
2577
2577
2574
2574
2574
2573
2572
2572
2571
2570
2570
2569
2567
2566
2563
2562
2561
2561
2559
2558
2557
2556
2555
2555
2553
2553
2553
2553
2553
2552
2551
2551
2549
2549
2548
2546
2546
2544
2542
2541
2540
2538
2538
2537
2536
2532
2531
2530
2529
2528
2526
2526
2525
2523
2523
2521
2521
2521
2521
2520
2520
2520
2519
2519
2517
2516
2514
2513
2511
2511
2510
2509
2509
2508
2507
2507
2506
2505
2502
2502
2501
2500
2498
2498
2498
2497
2496
2493
2492
2491
2491
2491
2490
2486
2486
2486
2484
2484
2484
2483
2483
2483
2482
2481
2480
2479
2479
2478
2477
2477
2477
2476
2475
2474
2474
2474
2472
2472
2469
2469
2468
2468
2468
2467
2465
2464
2464
2464
2463
2462
2461
2461
2460
2460
2459
2457
2455
2454
2454
2454
2453
2452
2451
2451
2450
2450
2450
2450
2449
2448
2448
2448
2448
2444
2444
2443
2443
2442
2441
2440
2435
2434
2433
2430
2430
2430
2428
2427
2427
2426
2425
2423
2422
2421
2421
2420
2418
2418
2417
2415
2415
2412
2410
2409
2409
2408
2408
2405
2405
2400
2400
2400
2399
2398
2398
2398
2397
2394
2394
2393
2393
2392
2391
2391
2390
2388
2387
2387
2386
2384
2384
2383
2383
2382
2382
2381
2381
2380
2379
2379
2379
2377
2377
2375
2373
2373
2373
2371
2370
2370
2369
2367
2367
2367
2366
2365
2364
2363
2363
2363
2362
2361
2360
2358
2357
2357
2355
2355
2354
2354
2351
2351
2350
2350
2350
2349
2349
2348
2344
2342
2342
2340
2340
2339
2337
2337
2336
2336
2336
2335
2334
2331
2330
2329
2325
2325
2324
2324
2323
2322
2319
2319
2318
2317
2317
2317
2317
2317
2316
2315
2315
2315
2311
2311
2311
2311
2311
2310
2309
2308
2308
2304
2303
2302
2302
2301
2300
2299
2299
2298
2298
2298
2296
2296
2295
2293
2292
2291
2291
2291
2291
2291
2289
2287
2286
2286
2284
2283
2283
2282
2279
2275
2275
2275
2274
2274
2273
2272
2270
2270
2269
2268
2267
2260
2259
2259
2258
2257
2256
2253
2253
2252
2252
2250
2250
2248
2248
2248
2247
2246
2242
2241
2241
2239
2239
2236
2235
2233
2232
2232
2231
2231
2226
2224
2224
2221
2220
2220
2219
2218
2218
2218
2218
2216
2214
2214
2211
2211
2210
2209
2208
2207
2207
2206
2206
2206
2205
2205
2204
2204
2203
2203
2197
2197
2196
2196
2194
2192
2191
2189
2188
2188
2184
2184
2183
2183
2182
2181
2180
2180
2179
2176
2175
2175
2174
2173
2173
2171
2168
2167
2166
2166
2165
2163
2159
2156
2154
2153
2153
2152
2152
2150
2150
2150
2149
2147
2146
2145
2144
2143
2138
2137
2135
2134
2132
2132
2132
2131
2131
2130
2130
2128
2127
2127
2123
2123
2122
2116
2115
2114
2112
2112
2111
2111
2110
2109
2109
2109
2108
2108
2108
2106
2105
2104
2104
2104
2104
2103
2103
2103
2103
2103
2102
2100
2099
2099
2095
2095
2095
2094
2094
2094
2094
2092
2092
2091
2090
2089
2086
2084
2084
2083
2082
2081
2077
2077
2077
2075
2072
2071
2071
2068
2063
2063
2063
2058
2057
2057
2057
2055
2054
2054
2054
2052
2051
2048
2048
2047
2047
2045
2044
2044
2044
2042
2041
2039
2039
2039
2037
2035
2032
2032
2032
2030
2029
2027
2027
2027
2026
2025
2023
2023
2022
2022
2022
2022
2021
2020
2020
2019
2017
2015
2013
2012
2012
2009
2008
2007
2006
2006
2005
2005
2004
2003
2002
2000
1999
1999
1998
1997
1997
1997
1996
1994
1994
1990
1989
1987
1987
1987
1986
1986
1985
1984
1984
1984
1980
1980
1979
1975
1975
1974
1974
1973
1972
1972
1971
1971
1970
1970
1970
1968
1968
1967
1966
1965
1965
1964
1964
1963
1963
1962
1962
1959
1957
1956
1955
1955
1954
1952
1952
1952
1951
1951
1951
1950
1949
1949
1948
1946
1945
1945
1945
1945
1945
1943
1942
1942
1941
1940
1939
1938
1938
1937
1937
1937
1937
1935
1933
1932
1932
1930
1930
1930
1929
1928
1927
1925
1925
1923
1923
1922
1922
1921
1919
1916
1915
1914
1912
1911
1911
1909
1909
1908
1908
1907
1906
1904
1902
1901
1901
1896
1894
1892
1892
1889
1889
1887
1887
1886
1885
1885
1884
1882
1881
1878
1878
1876
1873
1873
1872
1872
1871
1870
1869
1869
1867
1866
1866
1864
1862
1860
1860
1859
1859
1857
1857
1855
1854
1854
1852
1851
1849
1849
1848
1848
1846
1845
1845
1844
1844
1843
1842
1841
1840
1840
1839
1837
1836
1834
1834
1833
1833
1833
1832
1830
1826
1824
1823
1820
1819
1819
1815
1815
1814
1814
1814
1811
1810
1810
1810
1809
1808
1807
1806
1806
1800
1798
1797
1797
1797
1797
1797
1796
1796
1793
1791
1791
1786
1786
1784
1783
1783
1781
1780
1780
1780
1777
1776
1775
1772
1770
1770
1770
1770
1769
1769
1769
1767
1766
1765
1764
1763
1762
1762
1761
1757
1756
1756
1754
1753
1752
1752
1752
1751
1750
1749
1749
1748
1747
1747
1747
1746
1745
1744
1741
1739
1738
1738
1736
1736
1736
1735
1733
1732
1731
1731
1729
1729
1729
1728
1728
1727
1726
1726
1726
1724
1724
1724
1723
1722
1719
1718
1717
1716
1714
1714
1713
1713
1712
1711
1711
1709
1708
1706
1706
1705
1704
1702
1702
1701
1701
1699
1699
1697
1696
1695
1694
1693
1693
1692
1692
1690
1689
1688
1686
1686
1682
1679
1678
1678
1678
1678
1674
1674
1673
1670
1669
1669
1669
1667
1666
1662
1662
1662
1659
1659
1659
1659
1658
1654
1653
1653
1653
1652
1651
1650
1650
1649
1648
1646
1645
1645
1644
1644
1643
1643
1643
1643
1641
1639
1639
1639
1637
1635
1635
1634
1634
1633
1633
1629
1629
1629
1628
1628
1628
1628
1626
1626
1624
1622
1621
1619
1617
1616
1615
1613
1612
1612
1612
1610
1610
1609
1609
1608
1605
1605
1605
1604
1603
1603
1603
1602
1601
1600
1596
1595
1594
1594
1594
1593
1592
1590
1589
1588
1588
1586
1583
1583
1579
1577
1576
1575
1574
1573
1568
1567
1564
1562
1561
1559
1557
1554
1553
1553
1553
1551
1551
1549
1549
1548
1548
1547
1547
1546
1546
1545
1544
1544
1544
1543
1543
1542
1539
1538
1538
1538
1537
1536
1536
1536
1535
1533
1530
1530
1529
1529
1529
1528
1527
1526
1525
1524
1523
1523
1523
1523
1522
1521
1521
1519
1519
1518
1517
1517
1516
1516
1516
1513
1513
1513
1513
1512
1511
1511
1509
1509
1508
1507
1507
1506
1505
1503
1503
1497
1497
1492
1492
1492
1491
1488
1488
1486
1483
1483
1482
1482
1482
1482
1481
1480
1479
1479
1477
1476
1476
1476
1475
1474
1473
1473
1470
1470
1470
1469
1469
1468
1467
1466
1466
1466
1464
1460
1459
1458
1457
1455
1453
1451
1450
1448
1447
1445
1443
1442
1441
1440
1439
1437
1436
1436
1435
1429
1428
1426
1426
1426
1425
1424
1424
1423
1423
1422
1422
1421
1421
1420
1419
1419
1418
1417
1416
1416
1415
1411
1408
1408
1407
1406
1406
1406
1401
1400
1398
1396
1396
1394
1393
1392
1392
1392
1391
1390
1390
1388
1386
1385
1385
1385
1385
1383
1383
1382
1381
1380
1379
1379
1378
1377
1376
1374
1373
1373
1371
1370
1369
1369
1368
1366
1366
1364
1363
1361
1361
1361
1361
1361
1359
1359
1359
1357
1357
1356
1356
1355
1354
1354
1353
1353
1350
1350
1350
1350
1349
1347
1347
1346
1346
1345
1345
1345
1344
1343
1342
1342
1342
1341
1341
1340
1340
1339
1339
1338
1338
1338
1334
1334
1333
1332
1332
1331
1329
1328
1327
1327
1325
1324
1323
1321
1320
1320
1319
1318
1318
1316
1316
1315
1315
1313
1312
1312
1310
1310
1309
1308
1307
1305
1301
1300
1299
1298
1296
1295
1294
1292
1292
1291
1291
1288
1287
1287
1286
1286
1286
1286
1286
1285
1284
1279
1279
1278
1276
1275
1274
1273
1272
1270
1269
1266
1266
1260
1258
1255
1254
1253
1252
1250
1249
1249
1249
1247
1245
1245
1241
1240
1238
1238
1238
1236
1234
1234
1233
1232
1232
1231
1231
1229
1229
1228
1228
1224
1224
1223
1223
1223
1222
1221
1220
1220
1220
1218
1218
1218
1217
1217
1217
1217
1216
1215
1215
1211
1210
1206
1206
1205
1204
1204
1203
1202
1202
1201
1201
1201
1200
1199
1196
1194
1192
1192
1190
1189
1189
1187
1187
1186
1185
1184
1184
1184
1183
1183
1183
1181
1179
1179
1179
1178
1178
1178
1178
1178
1177
1176
1174
1173
1173
1172
1171
1171
1171
1169
1169
1169
1168
1168
1167
1167
1167
1166
1166
1166
1165
1165
1164
1163
1163
1160
1159
1159
1159
1158
1157
1155
1155
1154
1153
1150
1149
1146
1145
1144
1143
1143
1142
1141
1140
1140
1139
1139
1138
1137
1137
1136
1133
1133
1131
1131
1131
1130
1130
1127
1126
1125
1125
1124
1122
1122
1121
1120
1119
1117
1116
1116
1116
1115
1114
1113
1113
1113
1112
1112
1111
1111
1110
1109
1107
1106
1105
1102
1101
1101
1099
1098
1098
1097
1095
1093
1092
1092
1091
1089
1089
1088
1087
1085
1084
1084
1084
1083
1083
1082
1081
1080
1080
1080
1079
1079
1078
1078
1077
1076
1075
1074
1074
1073
1071
1070
1070
1069
1067
1063
1059
1057
1057
1054
1053
1053
1051
1050
1050
1049
1049
1049
1048
1048
1047
1045
1045
1044
1043
1043
1042
1042
1039
1039
1038
1036
1036
1035
1034
1034
1033
1032
1032
1031
1030
1030
1029
1029
1029
1027
1023
1023
1022
1021
1021
1017
1016
1015
1013
1013
1012
1012
1011
1010
1009
1008
1008
1007
1007
1006
1003
1003
1002
1001
999
999
998
998
997
997
997
994
994
992
990
987
986
984
983
982
981
981
979
978
978
976
976
973
973
972
972
972
972
969
969
968
966
965
965
963
963
963
962
960
958
958
956
956
956
955
954
954
953
949
948
947
945
943
943
940
939
938
937
936
934
933
932
932
932
927
927
927
925
925
924
923
921
921
919
918
918
916
916
914
913
911
910
910
908
908
907
906
905
905
905
902
901
901
901
899
898
897
896
896
895
895
894
893
893
891
888
888
887
887
885
884
882
882
881
881
880
880
880
878
878
878
875
874
874
873
871
871
870
869
869
869
867
867
865
865
863
862
862
862
862
862
861
859
859
858
857
856
856
854
853
852
851
849
848
848
847
846
845
845
845
843
841
841
841
840
837
835
833
830
829
828
828
827
824
819
818
818
817
817
817
815
813
813
812
811
810
810
810
809
809
808
808
805
804
803
802
801
801
800
798
796
795
794
793
792
792
789
789
788
788
788
785
784
776
775
774
774
773
772
771
771
770
768
767
766
765
765
764
763
759
759
757
757
755
755
755
754
753
752
751
751
747
743
743
742
742
739
738
737
734
734
733
732
731
731
731
728
727
722
722
721
718
718
715
714
714
713
713
711
709
709
709
706
705
705
705
704
698
698
697
697
696
696
696
694
693
691
690
690
688
688
688
687
687
687
687
685
684
684
683
683
682
681
673
673
672
668
665
665
662
661
660
659
659
659
658
657
655
654
651
650
648
647
647
647
646
646
644
644
643
643
641
641
640
640
634
633
632
632
631
630
629
625
625
624
623
622
620
619
618
618
617
616
615
613
613
613
612
612
610
608
606
606
605
604
603
602
602
602
599
599
599
597
597
597
596
593
593
592
592
590
590
588
587
586
586
585
580
578
576
576
576
575
574
572
572
571
570
570
570
567
567
567
566
566
564
563
563
563
560
560
559
558
558
557
556
555
554
554
553
551
550
548
547
546
546
545
543
542
542
541
541
540
540
540
539
539
538
536
534
534
533
533
532
532
532
532
531
530
530
526
526
525
522
520
519
519
516
516
513
513
513
512
511
511
511
511
509
505
505
502
501
501
500
499
499
498
495
494
493
491
489
488
482
480
480
479
478
477
474
474
473
473
472
471
471
471
468
465
464
464
464
463
460
460
459
459
459
458
458
455
455
454
454
454
453
450
447
446
446
444
444
443
440
439
438
437
436
436
435
435
434
433
433
432
432
432
431
431
429
427
427
424
423
422
421
421
421
420
420
420
419
419
418
417
414
414
412
409
409
408
407
406
405
401
401
400
398
396
396
395
395
395
395
394
394
394
394
392
390
389
388
387
385
385
383
383
382
380
378
373
373
371
371
370
366
366
365
362
357
357
356
353
353
351
349
347
344
344
341
340
340
339
339
339
336
335
334
334
333
332
332
330
329
329
328
328
328
327
326
325
325
324
320
319
319
318
314
312
310
309
308
307
305
304
304
304
304
303
301
301
300
300
300
294
294
293
292
290
289
289
288
286
286
285
285
284
284
284
283
280
279
278
277
277
276
275
273
273
273
271
270
269
269
269
268
267
265
264
264
264
262
262
262
257
257
257
256
256
255
253
251
251
250
250
247
247
246
245
243
242
241
239
239
238
238
236
236
235
234
230
229
229
229
229
228
228
227
226
225
225
224
224
223
220
219
218
217
217
215
214
213
213
213
212
212
212
211
211
210
207
205
204
202
198
198
197
196
195
194
194
193
192
192
192
190
189
187
185
182
182
182
181
181
181
180
179
178
178
177
177
176
174
173
173
170
169
168
168
165
162
162
162
161
160
159
155
153
153
153
152
151
149
148
147
146
145
145
143
141
141
141
139
138
138
138
136
135
135
135
133
133
133
130
129
129
128
126
125
123
121
120
120
119
118
114
114
113
112
111
111
110
109
106
105
105
104
103
102
102
101
100
98
96
95
95
95
95
94
94
94
91
91
91
90
90
90
88
87
87
87
87
86
86
86
86
86
85
84
83
83
82
81
80
80
79
79
79
78
78
78
76
75
70
68
64
64
63
62
60
60
57
56
53
53
53
50
49
47
40
39
38
37
37
36
36
35
35
35
34
34
31
30
29
29
28
25
24
24
23
22
22
22
21
20
20
20
18
18
18
18
13
12
11
9
8
8
6
3
3
2
1
1
