8648
9177
9825
9206
9107
2590
2911
9223
7896
3349
9360
1745
847
8841
4169
9563
1116
4322
3173
1495
6623
9035
5584
7330
610
3404
1422
1357
7770
3972
6010
5447
2305
8962
7793
5273
1014
8798
7623
6128
4036
2762
7323
8033
8249
5060
2908
3329
3467
1020
3099
3813
9574
6864
6947
8610
3519
4585
5317
8439
8695
6803
9732
6704
5648
5159
8666
2947
2291
9825
5743
9569
3826
6970
6520
8466
7451
5694
504
235
4578
5818
2919
4957
3775
3218
6346
202
929
9900
5801
8863
9248
1907
2113
6718
603
9336
7481
7193
1483
9212
4029
8689
1335
3800
836
8090
8442
4033
7447
2533
8649
184
2184
418
5226
9639
1723
1757
3942
4694
4329
7405
6046
1669
2928
6555
3236
6301
5746
1883
2968
9389
1631
2205
9446
962
4392
3170
5543
854
5473
7562
3518
8520
7110
8120
7913
5149
8771
7427
2280
6701
8100
1391
2500
7366
3862
5102
3373
9113
2453
2468
1884
4493
1429
3889
95
6684
3196
9478
2959
2861
9523
8849
1527
4421
2852
2330
9986
330
3521
2598
5779
7928
2969
237
5625
8869
1729
1428
6717
6594
7615
1141
1565
5694
3876
544
7016
2850
9295
3085
2839
3637
2210
9716
2896
9433
8282
80
2445
3895
7430
3113
8384
9042
8838
7493
5343
6833
4180
9631
9470
3331
8283
4500
3469
9013
3332
2486
988
630
7421
3654
5830
7089
777
9379
1587
4315
3264
83
315
1755
4968
7004
4641
6250
7559
5381
6290
7403
7918
6197
5449
2194
7076
3723
9612
5648
6899
6519
7575
8615
4149
229
4136
3394
6564
1555
3678
2801
8427
4142
6335
8598
3708
8717
8695
689
3337
1840
2125
9403
9409
9850
5709
9343
3203
7223
7499
4793
5767
1417
7373
3459
9538
9524
7071
7450
6969
5564
8229
7852
7444
1075
7135
1958
6913
5846
5779
309
5627
60
2336
4039
8099
3907
656
1734
5992
5822
7557
8964
9043
5898
8753
3002
1290
6721
9122
9820
9912
9933
651
424
1802
3124
1919
8788
8621
8357
6213
4254
4538
533
1544
7096
2122
1131
4675
7136
913
415
3062
1819
97
9108
3106
1916
1394
8754
497
183
796
8499
8578
724
8085
4876
3646
4530
1240
317
1895
9753
8730
5584
1312
3629
6517
1085
3240
6635
8104
2133
2576
8480
5392
3594
2587
9832
5281
100
192
3275
1971
9014
233
1970
7743
4676
2713
4691
5627
4125
5297
1501
5815
6418
4452
5170
3937
9984
2539
9644
3396
5013
4876
8356
5829
788
356
1980
3471
1078
1537
7343
4698
4246
5297
6649
9369
8544
3135
8913
3684
7239
956
3544
5259
2661
1831
9417
7865
3052
1593
1417
1840
1163
6387
464
581
8980
3330
2319
5725
8630
260
5087
3611
5586
8283
5283
3477
6590
1229
7546
3438
1402
9474
3665
3780
4397
1677
2436
8326
9370
6870
3055
3729
8426
1112
1255
3430
3801
7416
9176
7695
9619
5041
7112
3678
9146
4400
7681
9773
1933
6792
720
6637
4375
4006
268
3253
6714
1385
3355
99
9235
9411
4018
3127
547
3064
4931
1608
1198
5265
3378
76
6616
570
7871
9668
4371
7921
6703
6934
2113
6786
9917
8833
4165
9258
1761
1105
6741
1828
1564
3430
4012
4445
7130
8895
9842
1198
6272
7134
2917
6512
8888
253
6194
3100
4115
8110
5132
3060
4520
4883
3009
1518
2043
1969
5748
2978
8446
3216
3191
4156
6412
7248
8484
3508
6098
8210
2360
6843
5955
649
4476
519
5940
6454
9716
8509
5839
1756
3340
7333
1371
9562
5257
3323
6001
9470
305
9954
6898
9325
8401
9111
9403
4873
5710
9064
5511
2597
5549
3635
8376
7759
5648
1622
6672
4400
6630
2851
9729
6549
5040
7430
6827
210
3162
7743
1764
3831
6945
8505
6852
923
2875
8828
8892
2232
4377
1623
3358
6454
8425
9944
1978
7868
3437
6873
3264
6455
255
5419
5111
1079
9023
7587
3547
9137
6117
7211
1947
6701
6936
9478
589
1660
2323
1142
7287
8571
8653
9360
6034
8072
4238
3811
2064
5518
7557
6284
8568
3276
6076
4295
2397
8551
7922
449
3538
3999
2517
7232
5875
1475
435
7738
4819
238
7202
6398
740
9668
540
237
5850
3165
5634
377
6128
4229
8412
5574
9248
7965
2535
4412
4032
1244
1823
444
6918
2575
6178
5065
6163
8381
5711
6166
5067
5819
4758
6756
1352
3546
4729
6616
1043
897
2325
1812
1671
2833
7572
1409
1411
2717
4317
8107
7942
7478
4361
9654
3172
42
5248
903
7782
2064
879
2151
2557
5920
3568
7995
1860
8686
5953
2385
8289
2400
1252
9754
6527
4313
754
9151
8744
7973
8149
8180
3480
1073
1329
6175
4915
8748
3630
1558
9634
1681
8129
6586
3596
6818
578
3823
2846
4738
8840
2573
7705
1809
9254
232
1684
7143
3298
3096
3147
4068
1083
3448
9877
3316
1778
4997
4148
491
4890
6639
8622
3482
447
5360
1462
6445
647
2684
2424
5740
267
5468
367
9778
8234
1106
6607
9125
8149
9223
7869
5383
1292
6807
7182
7418
1626
1366
1022
1292
8681
7234
6227
5904
852
3353
784
9792
8585
7061
8444
5821
4214
7242
8315
9514
2820
1991
7057
3724
6331
439
3142
6993
1362
5780
9718
5483
9752
6656
5094
8672
9651
7095
7575
7151
4122
932
4430
6809
3697
5286
3186
7423
9116
9064
7064
5294
536
6693
5419
8910
9930
4318
4317
3823
4078
5583
2022
7968
6610
6737
9091
1424
8868
6317
3011
5293
1018
2940
2892
2804
6823
5844
558
2008
7718
6723
615
3498
4470
8141
3519
8493
7569
3348
2497
2291
718
4676
7298
5646
5325
2845
5163
1893
7726
7518
2175
841
5021
196
6169
1346
9879
4183
5793
3276
9427
2744
8962
6131
8431
5815
7949
5963
2388
7676
7674
4465
1845
2819
8359
4069
5301
4951
3652
750
4370
4526
567
1846
1550
3488
8152
9661
7896
2018
7649
2873
5168
1009
8104
6845
4625
5684
7888
826
2523
353
4360
4707
596
1632
1078
530
8321
7628
4342
4264
2607
3555
8625
1481
9702
63
3511
6538
3565
9139
3101
8605
4735
3879
2556
9472
3815
2629
5426
7445
4085
5072
9726
8830
8474
7652
335
3528
7152
8426
227
4081
3322
6890
3297
8130
6470
2624
7077
2725
4274
7715
4543
5154
6645
1806
353
9042
7988
5383
8384
6371
6635
6421
4236
5743
3640
7885
8462
4731
6652
8734
3766
9500
8398
9066
2108
7976
3480
827
5727
3831
1652
9105
9483
7288
494
5459
567
5314
5524
3956
5640
8191
1166
2620
4778
1604
1700
7866
6191
3435
7366
7152
5644
2244
7125
5554
9740
88
6213
5270
2771
5727
3609
3160
2741
5574
1805
339
3311
8798
8858
9572
4944
9857
583
769
303
6472
9001
2217
6103
3530
1636
5364
6032
3741
5125
3937
7098
4013
5738
3989
4836
2443
8876
35
1145
4592
9390
3901
2255
9280
4648
7096
3250
3528
2675
4590
9959
3453
8420
7699
8575
2965
2203
6499
8346
4895
5761
7598
2886
9858
2937
1454
1247
6575
4047
4490
731
3647
5193
5170
9627
6851
6440
9971
9529
7907
5600
4673
3723
353
7654
8775
225
5706
3308
6009
5509
8363
4053
1894
7677
882
5238
62
5918
2179
3120
2699
6437
9983
6654
6862
3732
5430
9837
7644
99
2080
5861
1219
5540
3829
13
5658
4861
6201
4299
5030
8706
3331
3101
2845
485
8581
5837
4128
1734
174
9539
1560
4303
4494
1554
6
8954
8788
161
5499
6441
1854
8784
9285
8954
6039
7709
4878
6928
6344
5731
6259
8651
2788
2993
8311
7841
280
5435
6384
7432
6242
733
495
6165
9939
5374
1056
8272
9075
2621
7294
5526
8590
1496
6526
5245
3789
7647
2330
7455
4938
7973
2316
9339
3302
2225
1676
5360
9215
6459
6973
6992
1231
5158
5762
6857
1654
1146
1516
8266
7847
4980
85
2633
549
8407
3442
4063
190
9720
8835
2503
9654
2309
6619
4311
7297
1617
8028
1818
7128
9793
4937
1519
4049
1837
7259
3904
765
1808
57
6627
9589
2718
1661
6677
6724
9185
6119
6563
8802
7593
8195
4111
1500
4542
6747
5413
7825
728
2842
5722
9349
4007
2218
3626
7072
2404
7832
9722
9899
5055
7139
2169
7741
6701
478
8024
3178
9236
1478
1040
289
2002
7751
3745
1778
1100
316
4053
5846
6771
3161
4380
2385
7088
150
4322
4039
5642
5080
6312
1400
694
2123
7337
3223
3347
8087
8820
1887
2681
5014
1061
1567
6538
1439
8243
1552
7635
3342
4965
9997
6034
1276
5479
4011
664
8450
2396
454
4525
5666
2462
8042
501
2899
3216
5461
7288
4067
5809
2071
7836
1042
6106
7453
5943
5345
8265
3607
130
1116
2464
8874
7788
913
1151
5855
6733
6719
6298
6488
5758
2115
3440
6237
568
7999
7042
5913
6541
3457
5656
4036
5192
5442
4696
4820
6898
5766
9238
6912
8501
1568
9209
5803
711
5906
4552
8487
6895
8427
8530
2377
1821
2131
3194
1753
6160
1219
2214
4094
172
6686
2771
5514
7889
903
31
9244
1314
9761
4804
3587
2702
1137
7464
6118
1798
1389
8926
9006
4078
7415
2525
6322
5507
395
9047
7927
9070
8736
798
6100
8462
2008
9631
494
4699
4665
8126
4152
2127
8212
2766
8362
1326
3144
2853
6935
7780
7467
9185
1128
6768
6887
2037
4894
6965
2878
8896
6372
7468
8729
8543
5634
5570
430
9599
565
5504
8768
8444
2480
1583
1379
3540
541
2712
8658
625
9426
9041
5407
5977
7776
5734
902
3020
5928
3238
3643
908
198
8260
3498
2385
7533
4707
3146
2249
8756
9269
2789
7028
816
2035
6955
1096
8464
8544
9862
4409
3599
6031
6313
2259
6164
3260
8368
8020
3928
308
4154
5721
9718
1938
4083
463
3792
5793
1467
1191
5866
4529
9092
2143
6054
9228
627
6409
6472
9958
5932
7477
5567
8184
2312
2370
5391
4875
9540
3050
7965
7634
5084
1134
666
9932
7380
4623
2091
5628
9254
4387
9309
2361
571
2404
4544
8096
9128
3406
4369
6146
1394
6503
7331
5332
232
3602
6520
3575
5012
6987
2081
5196
616
9312
4905
4469
5767
5432
6815
558
7849
6978
4450
1866
892
7414
3740
1048
5797
7411
9383
5456
7002
7824
9047
1626
7786
276
5174
6559
7209
3444
8183
3032
5257
6477
3645
923
9217
9684
2588
1640
3508
6603
8442
8146
7239
897
6356
8763
8634
6096
631
9000
3104
6195
3808
1945
2255
307
6622
4452
4384
5165
1449
3282
3139
5111
3152
2666
9918
412
291
2306
7329
1225
6562
2781
5558
6335
7009
3478
856
2924
6082
6752
5510
6055
4916
818
1664
4284
3361
3036
7112
904
8226
4729
9830
8647
2963
8426
9396
9400
5591
8534
7688
9451
1055
6813
8300
5102
1376
4779
3955
3101
2020
6156
3865
5282
5660
3835
8471
7038
5214
7478
7282
4812
6432
9837
6636
8673
6597
2141
8130
2188
9966
1509
5167
3353
2464
6217
4666
7097
7840
7897
3255
2019
5004
3230
2512
1457
1588
1568
5742
1713
1909
9060
9592
8322
8454
4297
7412
4623
4772
5307
7672
5584
4229
2791
9990
3794
3476
9887
3352
3881
1642
4492
5967
6204
6334
6164
3868
619
5284
5985
5839
6345
8172
4405
5547
4530
6550
9063
7864
5979
1110
1837
5268
7675
4556
1982
1949
8246
5253
107
7791
4310
1532
5947
1747
6768
9013
1430
4288
8529
3646
9362
1594
2924
1311
7206
9946
5086
748
4896
7362
6965
361
5411
976
334
1007
6892
2840
1115
6273
5538
3899
2672
8919
9162
5752
5348
7210
2382
2436
4426
7656
5707
0
8978
1310
2456
9881
9574
9250
9406
3239
3747
9104
9332
7285
4234
8557
6203
1393
6564
3668
6688
319
9320
9519
4840
4196
2561
8224
359
155
7291
4661
4669
8382
1634
3409
3176
6231
7399
1327
6588
7605
4128
8969
8878
1233
6352
617
4635
704
3831
7063
3896
1163
3805
7510
8280
2409
8946
6941
8292
5835
4603
3143
7957
3089
4199
3199
9643
7655
2171
2724
8869
6649
9746
2346
6156
9029
9984
5061
616
8168
5057
4910
7809
1259
516
2180
2671
5391
8415
2808
6803
283
3601
9999
8256
669
5226
4206
1118
7086
8589
3558
1644
2445
773
599
7456
3168
7251
2753
6442
7905
5604
3329
2360
3895
6811
7074
4878
869
4198
9283
2811
5089
5042
315
643
1550
92
7978
77
724
1827
8719
322
7264
3109
4776
3103
2056
4112
8567
949
5701
6878
7446
248
1059
3651
1652
3735
4857
7291
5810
637
3501
9462
9638
6503
6230
5065
6677
8935
9535
9418
771
9862
375
8081
8826
9812
2124
7872
4920
4674
6430
1654
5230
914
6188
8737
5432
839
9706
7401
2271
5604
3789
5937
8758
9944
3946
3879
8163
9279
3238
5641
5350
6819
7353
4642
5310
5541
2449
7191
7792
7526
3993
1894
3829
1023
9411
2145
4645
3835
4669
6399
5957
143
5116
3340
977
6713
3868
6807
3584
3595
6805
8401
9068
3879
1889
4064
3614
6845
1872
4595
5253
8946
3746
9073
8412
7438
5291
4458
1383
2212
8949
4261
1028
2395
5909
4103
1888
5614
8771
2231
7463
9496
9454
8619
9911
6905
92
7141
662
8728
8620
1485
8486
579
7431
6999
3504
2704
3072
7404
5250
5594
7264
7519
476
7317
4723
474
1651
2424
1224
715
286
6450
6139
2113
140
4477
7299
3879
4127
6999
2423
5649
5319
1435
611
7135
6824
3020
9420
6989
7514
4527
7896
207
585
282
3616
3281
9763
6304
2265
1578
3591
5011
1551
3985
1691
9933
7379
5700
8149
3123
9132
1269
6243
5559
2599
6425
5625
8726
3671
9132
7755
3773
3253
7308
7899
3186
4014
3187
2341
8722
2590
1967
7554
8544
6605
5505
4076
5907
4542
138
1542
1575
7841
1430
2942
2195
8889
7611
5530
7271
5572
7798
3016
8101
2924
703
8683
3047
5084
4455
1892
4866
6226
8427
1079
7457
7440
3494
4783
1374
7645
8030
8509
9696
506
3134
9314
8451
6091
2058
1868
8701
5524
5638
9456
577
9234
7614
883
3116
4598
1201
9590
7557
6721
974
4383
5926
6911
2213
2176
1190
6997
3223
1857
43
4059
4806
5003
4469
9359
5078
3518
3632
7333
7118
6495
3356
5305
1558
8594
6471
2306
6163
52
3671
5819
9669
4087
1127
8580
7744
897
8131
3669
4764
8708
5245
5034
6306
1419
1086
2325
3748
9240
3732
3445
4156
3471
972
5606
5788
9018
2129
5806
1950
8612
3049
4648
3687
801
4963
3216
4875
9764
7437
1295
1599
8712
5355
6684
1438
264
2
9529
7237
6516
4694
2697
4259
8783
6129
9017
9244
1931
3644
8907
4810
1098
9918
7394
2894
9216
8291
7784
6488
2174
3850
386
9773
4760
7706
8596
2957
4559
6450
1353
9622
2891
1723
559
1153
1550
7994
4378
4999
1641
214
2507
887
6106
6805
7491
1914
686
7653
6943
5441
9001
1158
5131
2123
6195
9259
8817
85
2171
4354
1450
5218
9804
7505
1876
7923
5753
2986
8554
1204
1457
280
7955
4981
9777
952
6295
6705
8323
4503
7038
8951
3998
4234
2706
480
4530
1464
8466
8514
1832
4002
6676
6395
8932
2693
6115
2643
6890
8067
6984
4541
647
7635
2922
1805
3071
3232
4271
3630
4578
6936
2595
5483
1697
3577
5079
360
1655
7608
8861
2921
1673
2209
9525
3902
1025
8882
5109
6514
1127
6533
6742
6165
3904
26
9774
9751
1541
9569
4673
1028
1333
3918
5312
4134
7809
2354
3320
8170
555
2671
1129
1975
241
4983
3056
9686
7244
4090
3298
4497
6946
6308
2094
153
3305
253
6434
7143
7612
4847
9723
3290
2488
2009
5559
6514
2125
5941
4403
895
8519
5676
8334
5847
31
2692
8326
2223
2999
730
479
8450
9296
730
2551
4453
2779
9779
9758
1001
5354
9333
9298
7425
9048
4601
6369
1134
3914
3963
516
8303
2853
4550
91
6221
3508
7730
4325
4328
4288
6099
7043
2760
6244
1845
3430
4326
5066
4828
1400
8301
7758
7589
2106
2140
6713
3637
9929
293
9829
4835
867
7641
9097
3469
9686
8801
1633
4680
403
3488
6533
5347
1724
2479
8125
6200
8906
8301
1181
4994
6183
9729
6513
9888
9373
9407
5963
3844
6581
9455
4300
2806
5991
829
1734
2717
3694
8326
4888
2986
1204
4679
5922
6960
1843
3959
9193
3129
7574
6616
2379
4340
2966
5951
4276
6134
1020
8535
4650
9463
6310
9143
2441
7496
4554
4160
7403
1036
4103
6073
6803
2113
4097
5689
3239
740
6050
7988
1770
5548
499
2167
4612
5002
8017
6361
9454
2272
4347
2746
3079
3473
2742
9318
5447
5937
2663
496
614
485
2926
9873
9979
9216
9109
4940
211
8278
9568
5420
2899
3244
1782
3958
5501
3295
878
352
3475
9208
5214
8244
1605
9325
9635
6263
8494
7120
5671
3967
1960
3785
9327
6617
4617
9307
1354
1811
8340
5937
1941
5316
3490
8667
1605
3043
3789
8315
2737
1066
567
4225
1724
5788
712
5165
9877
1973
1141
9028
2485
7166
8830
4182
9235
7266
9538
7918
5967
9461
242
332
7272
5575
9975
5220
1798
979
1312
3042
7295
1660
29
4896
402
4767
3608
566
6975
6035
229
8182
2368
848
8619
7793
7466
4363
5714
6268
5536
149
3486
6302
6974
6069
8456
8053
3890
769
7457
7946
4137
4066
1009
5505
4879
9767
1308
5758
9057
16
5284
1681
4254
6126
4447
8463
2341
2040
2290
8933
31
3058
6932
7394
5009
4279
1355
7349
9666
309
6126
7085
4600
244
9781
5957
7072
9648
225
3349
5356
4345
6414
1741
8547
9170
3366
5119
2806
8529
5109
4005
9236
4617
9566
8842
5634
3429
6568
4120
4227
8342
5201
6716
143
5950
9516
3200
868
9113
2256
2563
5212
7700
4711
2742
1429
8402
7076
1620
8050
1174
7741
5763
7684
1323
1843
3039
3643
3121
9109
8494
1541
2894
8503
6392
3216
6992
2561
5137
8303
2784
7370
5964
9563
8889
5151
759
1672
4195
5137
9115
9624
3935
5004
9839
2086
5063
9521
7523
7118
2470
5266
508
2506
2234
260
2570
626
7988
5214
7041
8245
1770
8698
8682
4941
1242
1997
5614
9938
1069
683
895
6062
7406
8993
879
1261
938
9999
5453
2663
5737
9249
3400
5502
8309
2063
4712
9412
3631
4996
478
7574
2742
118
146
9963
9488
6694
5409
588
2390
8632
9743
9998
1315
7602
2717
8573
7582
1155
8585
3157
467
2342
9398
9449
2701
2337
3889
5211
2441
433
4713
4867
9504
6344
8310
4328
9143
8275
3569
5992
7565
6402
7794
7788
9543
5553
1034
6856
9987
2688
2753
7993
8122
4549
8012
9366
5068
8297
3884
3125
3034
3323
635
6577
7067
5516
6385
310
8399
6256
8387
3330
1742
7124
8882
1626
7628
7919
8527
5851
4825
9950
5848
5824
7213
8751
6825
4421
4096
415
4798
1095
2873
3519
7167
5714
8219
4284
2060
6751
2499
6043
5060
3902
8005
5350
3399
4164
2777
6150
2577
2135
8269
286
8294
9806
8940
7351
4784
8498
942
9381
9151
5764
9536
6201
186
3030
2598
5399
9239
5559
630
6825
231
4933
2071
5274
5644
5632
6373
6598
5409
1554
6316
1874
6030
5344
5325
1428
7989
3243
5183
5566
487
854
4467
1649
3936
696
8265
7799
2265
697
5307
1981
9033
3883
9490
1436
3681
3456
8990
1543
6765
4152
7609
5060
5985
336
9843
2383
7990
3627
3265
986
4474
8026
9244
7523
4946
8490
5778
9199
2647
9681
4252
1976
4626
5249
5339
1942
1687
4379
7899
2718
9065
1606
8761
6198
4058
7914
563
6095
2569
6002
9447
3765
2515
259
4333
3638
8444
2470
4757
1175
8295
7572
4786
9763
242
9876
6422
4175
4811
9080
7077
7335
5075
7156
2173
3987
5598
1691
5777
9567
9039
8655
9251
5095
7842
7709
352
9233
7276
6164
2967
6758
5241
3473
708
8683
3720
6758
5966
3003
6523
9288
9719
6610
8074
8036
6361
8309
8380
3506
2139
77
32
4868
5407
8702
4127
6088
1825
2756
3319
4248
7882
515
1872
9517
1685
2865
4557
7352
818
1501
8472
7410
3248
6788
4517
407
8776
1565
8084
3665
5297
6833
1789
8471
6304
2810
6584
7524
3450
4132
1399
8725
759
1142
5658
2370
5131
130
3437
2378
1141
4154
2836
8642
6823
2668
9205
6788
1126
2516
6275
3688
3029
5116
4952
1903
6932
4598
5568
3937
8850
9540
5707
7613
3212
6550
2378
7217
596
7384
4282
1130
2616
2579
7176
5593
1350
3630
2948
5989
7200
2621
881
1551
880
2935
7855
6764
2333
7168
2685
2905
1840
8693
8713
6120
6285
1454
7852
4262
6651
8526
8786
3281
1135
3731
1791
5403
1990
2161
2730
5539
3188
4871
9172
9431
290
177
2315
6876
3548
9009
9390
6033
182
4606
2585
330
2021
7457
2169
7716
269
4845
3463
3189
9997
619
9571
9361
3171
4875
4379
6621
504
5131
3234
3952
9237
257
1924
3835
6063
5955
8095
9826
1847
5877
3101
3383
7535
5643
6410
7300
8712
7918
9180
6705
9611
5518
8349
5026
6097
6046
7730
1504
1110
5975
7956
8926
5366
4268
2838
5072
756
5650
5770
9050
3774
1460
6069
4159
1591
1663
1887
2228
3918
5017
3204
478
9688
5684
5756
843
8758
3628
4294
3470
5335
3026
1499
597
1626
7632
7070
4408
7346
4512
45
2611
3131
7940
6242
8453
3666
3321
1860
7713
9382
7001
3741
3763
3941
1563
6575
3266
8439
7782
7419
9252
2202
3794
8284
5389
4405
9248
8278
5110
339
7196
7818
1915
1072
9311
8733
2666
5531
664
5775
3950
9542
8723
6976
2728
7282
7508
2593
6376
6730
1902
4960
3962
2244
9010
4461
148
4164
3148
60
5446
7476
8555
6355
1745
9000
9249
2931
9980
5315
8571
5986
7620
1666
1930
6617
7260
5517
4989
4956
3997
7035
6139
4445
8522
2832
6469
5896
4884
8571
2640
6744
6748
679
8104
6894
3625
7326
5887
8917
9040
4084
1836
6988
5875
232
657
5932
270
7546
8306
9022
4321
4584
3429
739
9598
5994
7365
8644
8018
8138
6966
6674
3960
9500
6983
750
1691
6725
9092
6382
5139
4909
2763
7141
2841
3818
9135
2294
9503
59
2804
1712
7020
8942
8015
6211
2029
8738
5131
1930
4126
4354
446
8010
8703
7067
7420
7916
1060
1901
241
6040
3898
4442
1247
2903
8604
4484
2189
4220
1841
4734
5585
1368
2872
9017
6474
3400
3762
5877
6773
3626
4181
320
4131
7012
4824
8532
4692
8171
8698
7845
4495
3546
7446
6985
7367
5556
710
9656
8135
909
114
7934
8719
104
5876
570
1244
182
3281
5344
6713
8231
8299
3885
9955
8832
6459
2017
1592
4677
6791
8594
5572
5913
3104
1061
6469
435
8157
6513
4185
4291
2401
2903
4960
8660
7871
6229
6646
7433
9539
6023
3121
7348
983
3279
7382
808
8585
2064
5387
89
8614
8490
3028
425
4566
8493
6759
8658
7889
8871
4345
3560
3843
4466
5956
3753
5660
7992
7412
9200
4389
8066
6760
2664
8867
5249
2561
8252
80
5578
7285
5153
6899
5942
2029
6054
5580
5968
9390
1350
3790
6567
9815
2219
943
6222
2963
7937
621
2242
9710
5361
7520
5715
2317
1429
958
5693
9969
2744
9278
279
4395
9815
4703
9685
5624
7379
6130
9116
1044
6377
8178
7342
1892
7620
8379
246
61
1949
833
7256
4668
6796
3883
2629
2246
4431
1385
2796
6570
2919
2025
5645
4191
6820
8780
7538
9527
996
1116
9077
9028
7572
5802
1233
7367
3005
8306
9283
9859
9568
5694
3212
4401
3051
3624
9701
3101
6478
4638
2661
8460
7761
2238
6363
1476
7816
5450
7666
9386
4442
1541
1578
8858
6462
330
7447
6429
2049
2165
1448
1717
4964
3035
4701
535
2504
4519
5382
4381
9377
3315
7451
18
2395
4958
8274
7843
1961
8966
2339
563
7603
8186
8501
4346
6502
3351
3757
3060
5898
4989
7419
2453
2556
8748
5736
5235
5031
6901
8504
9859
7407
8366
6016
5558
6373
1910
6820
3639
7023
2382
4192
405
6635
7795
1959
189
9794
5861
8377
7942
2710
2209
140
9559
9363
8897
7264
4726
7171
1097
3603
1428
5306
1836
7032
3479
4470
9559
7992
2427
2984
928
4984
3022
379
1756
865
7057
6326
2265
4353
3853
9700
8961
7012
6911
9857
4340
7173
5323
9795
7352
8739
5433
8742
2109
4636
2912
9975
9665
1780
7950
8147
7874
6859
6565
9277
7285
7
9183
5694
6864
6446
3570
7676
1894
4596
2983
3320
7850
2800
1954
8270
8269
5818
1514
7296
1654
6560
2878
478
2342
8113
3593
7733
2899
6103
2995
6786
1103
1617
4444
1332
2856
516
265
8083
3475
5807
1563
3691
3733
5947
9185
5123
3736
3420
3938
9937
7269
4762
3930
6163
1611
5315
4348
4990
2963
9409
364
3298
5621
9448
6960
7241
3822
5407
410
2544
8796
9612
4960
1928
9946
386
4745
5213
8357
2112
5442
3005
2821
8569
2308
602
3462
1046
1272
4796
5676
2630
7588
2551
7620
5342
2169
7218
7730
7333
9178
4900
4881
3225
9723
853
2716
1869
5556
3390
1386
2278
3569
685
4498
303
6588
4041
6405
5752
8455
9760
5163
2045
1722
550
9436
8304
4426
6581
3420
6761
8337
5752
2492
6811
4848
2512
3661
640
6251
4666
9158
4438
9504
7988
8543
3423
6835
9194
4530
8611
2481
8826
440
8116
7736
6981
2636
6073
7084
6404
9604
7798
6657
9499
438
675
2497
8025
9408
6443
205
6878
21
2070
9417
6231
1509
3154
6250
9533
3065
5982
4391
8379
6275
1745
791
9124
4203
9198
5086
240
6356
74
2809
3884
2376
4964
1206
9941
3714
6032
3061
5856
1765
6934
8294
1011
2993
9625
5320
81
6427
2350
4145
5845
6565
3041
1015
8276
5221
7605
49
3351
9111
3124
761
2032
6125
1864
1599
7091
2080
3180
8748
3088
1556
6892
6281
2687
888
3504
8471
700
8785
3775
7585
5798
200
2571
774
8658
2047
9674
7855
4438
5156
3282
7684
6991
5467
296
4603
1942
8877
1192
8015
5888
8370
6233
7518
9359
9123
4131
3220
1883
7112
3839
5900
8561
9433
5127
4455
8839
4
3807
8738
9867
2622
3054
4350
8772
4456
3115
2159
449
6960
7911
9453
58
7919
8494
1479
2341
7908
154
1819
3048
6745
2093
7587
1311
752
5982
732
5648
9555
2505
9872
399
1984
3012
8033
3895
4225
6804
435
4411
9788
3230
3018
5057
87
1779
6810
4149
6478
2663
5411
3323
9439
5003
2914
1681
8244
9651
7352
592
4985
8935
456
421
50
6174
7906
7423
2292
3676
5539
6322
6047
9101
6061
1667
8859
6587
7664
8971
8339
824
679
4844
3925
9401
882
3865
9469
1150
8400
8769
5589
6006
9309
9668
6457
4889
2949
7507
4364
6565
1734
6726
6763
2044
1849
2158
4755
6132
2543
5649
9010
19
8996
8539
8966
8426
8691
7221
3828
9757
4081
287
9345
7941
4950
7457
2667
226
2340
2430
8650
6030
2147
4071
4926
8158
593
2955
9760
9162
5632
3157
6265
2471
8073
2425
8916
9979
3701
7374
3429
5269
2995
4179
9102
4347
8191
9416
3456
3851
8363
140
2661
49
1984
7060
7608
631
2974
9801
4756
5288
640
8580
2885
389
6115
2397
1772
7664
7893
9820
6461
6766
6909
4817
1259
6791
7221
6708
915
2421
1804
298
2521
6215
4243
9508
581
9748
6165
5429
9455
2799
7137
7594
1892
1595
8466
5515
9735
4238
4834
6029
3059
3868
8035
832
6947
7867
5199
7762
939
4460
9854
8815
4771
6435
7928
7693
5435
5404
2361
9722
4828
8989
9390
7439
4301
7664
6762
5803
2265
7557
9142
2051
3676
494
8806
6529
5710
2775
337
2502
2221
9751
6508
4898
678
4128
8759
210
9202
2108
9800
2382
8038
2979
7704
2404
9360
4557
582
2533
1635
9027
8444
9616
9949
1124
4147
5798
1689
3385
8491
9076
7752
1215
5464
583
3040
3920
2386
324
6469
6501
6291
8096
9872
1035
2256
1803
7298
5754
1596
1019
994
4545
7843
9737
8072
9558
6257
8539
2301
4817
8246
3082
8806
9301
5527
2784
5493
3843
105
826
4003
7357
5240
4201
4673
4397
9439
451
4562
7890
218
5907
4918
7951
6877
8821
4662
176
1878
9568
9422
4510
8508
9299
1444
8865
8508
7830
4317
33
7066
1384
7864
8099
4172
851
2771
9596
693
1647
1571
8891
4753
6969
2469
6974
8988
7260
5132
1695
2077
41
3068
3793
8588
5914
5499
8561
9620
8504
2744
3923
2988
8397
3032
1807
5759
3682
5413
1277
3846
2649
2950
8609
3051
7389
2749
1680
3477
548
4553
3435
4514
1368
7576
1959
791
1251
6078
2722
387
3591
7763
1946
5374
7350
5517
8727
1347
8977
2199
7525
6953
2654
281
1953
6657
4558
2962
5416
9973
2875
1032
4070
8223
1624
289
2837
5506
3000
7550
5742
4035
9911
9430
7728
5219
7664
6985
6280
6976
1338
1007
7681
4633
3278
7348
4528
7458
3363
8966
8262
5395
3232
1574
2897
885
4473
2733
3865
8791
9946
44
8969
3402
6865
2671
6789
5229
54
1875
1576
1911
3843
433
2672
6906
1529
7873
767
6836
1979
8331
2975
3411
4020
455
3589
8604
579
4303
7660
2463
6194
8441
83
1328
3476
1588
3735
527
6379
7018
6418
9665
719
4714
7824
531
5294
5768
4568
7320
161
5895
3437
6405
2147
91
458
8183
1521
8439
6093
6684
7902
3870
4982
3566
7927
6269
1961
1874
1999
3754
4815
1524
2504
1167
8194
2846
1310
7878
2426
6733
32
1824
5604
9940
2634
4403
7213
1897
6214
1315
6858
5049
2508
7701
2168
4172
9604
2096
5844
1374
623
2556
2993
2572
3717
117
6384
8102
5645
9222
9072
4843
9376
2162
949
9717
4721
4694
8222
4772
9821
3014
2548
2177
457
8039
9631
3414
3638
1543
5442
692
1669
145
1901
219
3020
7326
2869
6307
6679
738
5602
2516
7428
1895
2415
1041
465
8009
2270
4356
5169
1215
2224
3797
9432
8717
4236
8169
7942
8494
3693
1765
113
9112
2223
5223
5885
8933
8816
4555
580
9531
117
3364
3169
504
2857
784
5849
8012
8819
3000
6669
7369
5491
9332
1078
794
3602
4820
2758
5040
6108
13
8844
34
1891
5218
9762
8875
1409
874
9281
1610
856
7895
6110
19
5992
1846
4382
8350
6767
2628
6725
5386
9066
6994
239
6545
495
4665
2693
793
2972
59
3518
6095
6086
738
1743
8828
1667
555
963
7139
1828
166
9589
5581
9848
121
3205
8524
5712
2015
4659
2814
5853
1366
6676
5957
9704
1806
1263
4686
4039
3931
9910
206
9757
3744
8730
633
4772
4996
3029
8179
952
6931
6559
8497
2705
3955
1692
2259
9704
6562
8118
4520
6513
3494
9304
5725
7433
3561
7930
9286
5731
1786
3770
4622
2626
8646
97
1228
2884
3037
7586
8929
687
9292
7881
1794
1551
6114
2555
8371
3513
572
6996
8874
3541
3473
2916
741
3183
3355
7650
7597
835
5114
3173
3065
6698
5833
2861
85
472
4798
9420
8475
1170
6849
3111
8277
3021
8243
5448
4139
1383
2024
9850
6428
7832
5532
7413
8093
4134
6127
2906
2366
699
2456
3376
5335
6271
7693
9346
9133
2128
8019
6479
6030
5848
4353
3798
1089
6849
7832
3068
1170
8295
9850
2810
1099
7757
5630
9532
3557
2035
6225
8256
7892
9930
7617
4170
4441
449
7145
7346
5197
2895
6895
2848
8682
9617
853
9267
6762
1815
7677
9762
3774
3725
3709
1003
3852
737
1534
7076
592
2584
7811
7369
4331
3590
374
9733
6209
8146
8659
2797
4926
1088
3415
4228
1634
9450
1347
4917
777
4191
7844
2629
9826
7904
6264
2465
8878
7309
5414
5640
1833
7317
7759
2569
4504
6898
9696
984
1408
5600
1782
4938
2225
3612
1201
5915
952
7540
935
3006
5621
8687
128
5122
4142
579
7954
4554
2280
7705
8929
7840
3087
7991
1056
6873
3202
7420
9450
437
366
6380
7166
3979
8189
3792
1846
3279
8806
6928
1466
5947
1342
1902
5023
3153
4343
2272
4274
2873
3251
921
813
5045
9823
3464
8702
8536
8995
9773
6618
9555
90
3900
5092
1268
3531
1687
3748
4744
1216
9640
691
2097
8606
8269
1180
3698
9228
8037
5547
2681
7758
6287
6966
1601
6174
9090
8109
8089
8534
2818
2011
8600
3887
6425
6495
1953
3516
6920
3452
7260
8296
7324
3910
4046
4255
8502
7369
5897
9639
3726
9202
2810
4722
7546
3038
1561
6421
8595
6007
7881
3365
9358
3476
8991
3479
4579
6489
154
5392
3994
9489
4292
6998
4382
8128
9413
9362
543
6946
4660
1835
4744
4545
2081
4700
9419
9520
7916
8996
8464
3836
4121
9228
8337
1617
8155
3626
1362
395
6624
8321
117
8709
6287
6355
3605
8701
4131
9788
3011
4813
6770
3356
7309
41
8222
1068
6683
9333
4320
2971
4829
5653
1417
7868
9535
8001
6883
9244
4652
2262
8918
5814
5526
5121
3661
5226
4309
8486
8243
9239
1148
6880
9486
1397
2212
3083
9281
3703
5738
7912
9319
7054
2849
8531
9818
1343
769
5873
9179
5022
2220
5898
4057
656
6305
1234
2276
2542
2969
9493
4190
4822
5267
2033
1648
3674
1081
2270
7544
5160
8683
5796
3082
1082
8597
5456
4355
8824
7584
3371
4617
7545
9238
8388
3695
2345
9711
1890
1415
47
6355
7039
7603
5104
1699
6589
7278
1794
5134
2186
5950
9359
9889
3715
6627
18
3448
732
7083
5910
5456
9236
3195
9911
8285
6129
1786
7019
1995
604
4262
7544
7163
6389
596
665
6237
1267
1687
7124
6443
667
7007
2764
5066
179
3551
441
957
7879
1619
6429
4487
1028
2686
8848
1866
3345
4747
9888
8722
8405
884
637
2156
1916
7551
7158
91
645
74
9161
1693
8584
4210
8067
2843
1568
4259
9544
6249
34
188
6746
6603
5835
8493
4337
7412
3121
4128
169
7599
5167
3705
980
2792
8746
3418
861
8328
5126
8634
6400
8441
2116
5954
364
8833
4714
2689
6624
7902
2850
3158
2569
5250
3490
6002
1730
4796
923
1775
8513
3791
3453
5487
9014
8364
6910
4498
6741
821
5398
8159
9703
3876
7523
1953
5845
2209
1993
5544
7080
2331
9898
1087
8260
7592
2280
5437
6368
6339
626
7496
6938
7746
4850
9805
9219
1631
7995
1737
9004
5700
9402
140
8170
6081
8426
2152
2969
4775
8913
4021
8907
674
567
9258
8634
9208
7161
9210
701
9323
3038
9230
1265
5518
8809
4034
7852
6957
4293
6518
4153
5293
1788
5376
7505
7789
5578
8148
6146
2541
4200
8037
1686
8177
465
4727
3272
1290
471
1778
3906
998
6927
5710
6044
1590
3980
4816
3193
941
451
8952
6549
4580
5885
5071
889
2645
9142
7103
1924
9790
2389
2958
8082
6079
4317
5857
3326
339
5144
1997
4009
6094
2545
1629
1987
4190
2050
6047
8291
5556
7623
8667
6460
2134
8159
4443
2346
3966
3465
8159
7664
5657
8908
8828
7838
5993
1370
4364
825
366
419
7971
2500
6830
7653
5310
5901
3124
4087
9353
6205
3780
121
8101
625
3573
5177
8824
2615
5998
4355
1358
2728
3194
7667
2100
4267
6796
3286
9854
479
7581
56
4410
1456
5421
6049
8866
3121
88
9367
7069
7752
7733
4564
8290
5307
7505
3070
2264
7514
7682
8853
9053
2154
948
1148
9858
3248
4012
4552
6868
3993
7601
3050
2482
3158
9094
8589
871
2436
1495
6724
7714
1746
9312
1526
7164
1850
3976
9497
8636
8816
8905
7515
9828
2842
7031
2992
6554
4720
1693
5371
4422
6864
5139
6839
2165
2210
7591
6718
1522
3527
3799
8377
3974
7748
3325
9691
334
4735
5416
8106
5239
7613
9267
9179
4913
2236
5692
3085
3228
6674
6811
7069
8045
7697
6204
3022
7103
160
3184
8490
311
6896
1314
6276
3181
1305
3125
2502
4384
2139
88
5501
8899
187
9339
8246
7099
9503
6390
5148
9245
1650
6136
9993
4324
5
2800
5570
1958
2618
3180
7096
6182
6296
6536
936
286
1697
8747
7310
2663
8990
8035
697
4577
6380
4419
4456
2155
9217
5366
6824
6515
5729
5625
3909
7941
6519
120
1537
2265
8873
4937
1890
206
3666
2967
2774
3343
2181
7541
7024
3575
2522
9526
7091
6470
461
798
5157
2743
7538
9714
2265
6228
30
2304
909
1220
5992
6245
4278
6783
4016
3366
1914
742
6559
439
5950
1484
2734
7306
4263
1369
335
6004
6922
1614
4496
4514
90
4834
897
3956
7223
8080
4700
8656
803
6162
2509
4343
9154
2350
3558
947
1922
1104
8077
2932
4704
5401
5299
1927
8008
9434
950
3534
8230
5987
4218
2616
8655
6628
7174
9113
6634
2002
5412
9500
9026
8987
7291
7362
1754
1237
546
238
906
9728
9300
8899
2191
321
1525
9509
2747
6085
6865
8749
4326
3116
7397
6920
9692
9962
9382
4275
4710
2386
2355
1385
7036
7179
3003
5232
8599
1002
5187
8881
3122
2835
4221
4088
1824
1486
3018
3010
132
2857
113
7297
5749
5177
4705
274
3755
4235
1849
678
7522
4820
1734
4465
5213
9022
560
4558
362
6841
6964
7115
1616
9602
7173
6863
1108
2131
4078
3380
3123
5296
318
4792
4733
6601
3090
5310
7887
2818
8899
8271
8091
5308
9759
6890
8262
5646
8433
821
7579
6443
9255
7784
4248
9824
2763
6027
7976
3965
6947
5190
2643
6248
5251
255
2167
173
1642
5713
2895
1970
6032
4792
3977
2004
9139
1689
3112
5563
4457
3073
8857
7344
6454
8851
2216
4081
8307
1147
9635
146
9554
4770
6728
1653
3887
2067
7058
5644
9962
9972
3129
2258
3608
7340
7364
9441
8082
6153
9315
1712
139
1133
1595
6780
3590
8401
1087
6404
8754
5371
3895
761
5756
847
2173
8833
1964
6412
8497
824
9036
7648
8751
2471
3027
6444
7649
5257
1782
3723
1951
997
7459
5288
5191
4041
8443
2155
4316
9442
4126
754
3012
806
8085
7672
8689
7286
34
8228
117
5194
4596
8126
514
6034
5412
2640
6531
9423
6417
8373
7022
6330
8183
8488
6755
5324
6167
3479
9274
2128
9442
6079
23
660
2989
661
5548
1973
4027
4652
7062
6006
2995
1881
7041
9927
2789
5540
5597
5974
5645
1495
9359
1172
5666
1043
9328
1086
6408
5896
5774
9842
7156
7180
7589
9071
8579
4529
736
9115
8301
967
5444
6886
9578
4232
4593
6100
1772
5404
6413
7236
9591
1283
3015
6573
9160
7822
2585
5898
2922
8090
7097
7082
2085
9763
9325
8627
4874
3921
2604
4476
1203
9050
4308
8939
9542
1608
9349
5388
9739
7215
3106
555
6350
4619
4174
714
621
7948
6058
799
5695
1421
3515
2626
8841
4730
3646
3738
6540
6551
4014
4163
3124
8320
97
4352
1315
304
2180
3929
3519
7250
7458
7526
5974
1458
6544
946
4014
6996
4841
8150
5563
9934
8317
7199
1765
5999
97
1114
8140
8835
8997
7909
7054
9184
3613
2496
2421
7741
5926
2077
571
2149
6492
5720
6971
1709
9261
8334
7120
1692
7809
8986
1328
2867
6336
3640
7354
829
8198
2746
1875
4025
1894
4869
1643
8985
9479
8533
7847
6225
5170
5822
2666
494
2558
2914
5296
4627
7289
4695
5844
7108
8325
2869
9381
9660
4974
9567
9198
2641
8779
1379
7827
2846
9016
1910
6753
448
8104
4516
916
9210
8512
702
2069
6876
5923
3818
5846
690
4320
2144
1021
6360
7457
244
5819
7469
7725
2544
5408
6338
7815
8495
6707
6629
2787
4401
1518
2631
143
2994
6655
55
3349
8223
221
8467
9858
9305
6456
5990
8174
5127
7722
2806
9691
7291
1065
1172
204
7746
8550
6131
2770
4791
5097
2946
8398
9503
4898
4365
3465
3117
7663
3283
3143
4771
8919
4096
8227
8141
4390
9113
8699
4969
7062
4743
1142
3279
6986
5879
8669
8125
8073
5859
1429
3156
3192
3744
2957
1965
8739
211
2609
9236
2479
8346
7206
3032
3999
5820
5572
1207
5337
527
8175
6912
505
2604
267
418
6514
1944
1048
7078
5245
1813
3240
4150
5049
5982
7137
2408
3325
8899
753
2009
6456
5877
2965
5903
1518
2992
9705
8236
4906
4465
4210
9658
6671
8653
1078
6216
5763
2473
467
3611
582
8057
3149
3983
1327
4765
9330
8123
5439
4279
4174
2005
5126
6456
746
2914
6435
8841
6792
7036
2617
3311
5141
7406
645
9187
8857
8327
8649
3333
1270
3
3781
4248
7940
4994
4533
8976
2297
6355
8918
8767
9209
5806
69
1867
1046
9139
3791
9538
8943
5220
8400
4483
7936
4398
5779
9230
8366
1912
4011
5666
7548
1977
6150
5964
5071
8626
6764
9415
2313
101
7708
9294
1725
4610
7285
8859
4306
6615
2395
5769
4301
4434
1583
9821
8596
1956
8002
9731
4562
9484
5226
892
4162
1365
5542
7521
4016
912
9955
9431
827
6395
1423
5753
9072
5337
8061
5404
3190
8257
1002
6812
9626
7089
2391
7467
5050
8026
2629
7261
5808
3269
2332
8224
273
1268
3784
7298
96
445
8621
8058
8601
7103
3401
1942
4553
4231
2341
9458
7359
4273
6993
7103
5389
5581
5941
6255
2560
9217
3660
6211
9588
55
6646
4679
5363
3730
6609
5558
824
8861
5100
5649
2371
2214
1262
9018
4386
2962
4593
222
747
1083
7562
5312
3351
4031
8728
2591
1621
5343
5595
3489
717
8547
7882
7579
7760
9899
6092
4772
4736
3819
7298
2011
3990
5626
9958
1439
7165
7234
2181
1898
1336
2731
3396
5914
6661
2504
7631
9841
8358
6462
7734
5716
2058
9219
3772
9573
5666
2697
5574
2437
2737
4474
8936
7040
2082
3445
7341
5415
5822
7881
6235
9953
3429
4804
4852
3264
2436
3743
1396
216
7431
2421
989
8926
7732
6672
2183
6137
684
1981
7101
6405
1931
9461
2287
3855
6192
4768
2209
9852
2094
4481
5016
9878
2431
848
643
8164
6853
2393
4638
9152
7432
4895
7186
760
8830
4481
5737
5588
3837
2211
1350
2699
1963
7372
3430
4435
3434
4980
4869
9801
3482
1449
9788
8443
2119
1281
9022
6939
2736
6736
4332
2202
8786
1925
877
5166
1628
2556
8934
1592
4100
2620
66
5840
3858
9733
9984
7750
7645
1542
191
2406
2715
6646
3186
7464
4420
4814
1457
3009
9642
2912
8807
4415
4154
4964
3639
9594
8301
6986
7762
8178
9421
9874
988
1665
1355
6482
1361
400
1034
2283
3165
5349
9715
2485
86
57
1686
2361
8816
960
6454
1653
9239
2222
1329
8415
889
4697
131
2403
1826
7242
250
3241
5286
2651
4747
3952
1503
9746
8329
6190
6958
7799
6055
9527
974
9402
1469
3461
51
3119
6461
7511
3650
7825
8641
1673
1185
6521
3226
6827
8961
8559
5559
2258
7486
5741
7221
5343
4131
9547
3434
6702
3472
3859
1930
2590
7814
9999
3795
5189
3377
8621
4953
582
3397
6075
2851
3666
8033
1212
6729
9026
2353
2295
1375
6893
7910
2659
3692
3707
488
8094
8574
7497
6397
8513
5609
9353
2421
1429
945
3575
9951
4987
9307
740
2166
3860
9561
9896
4199
2205
3531
8363
159
4014
1798
218
7601
2739
2143
7422
9580
8846
5947
784
6771
6074
5407
1455
7322
4617
9723
7520
60
2192
1572
4364
7472
1993
6106
1979
8508
9927
3485
7155
7625
2189
2531
3566
5758
8243
7462
8173
924
3563
1876
8097
1035
1129
4145
8104
9136
587
6235
5211
1797
9242
3560
3562
4646
9591
6955
9687
5156
3988
9119
5526
1705
8210
6904
4205
9665
2184
7782
1427
9793
7941
3455
3583
1591
1989
6111
2175
4434
1724
3167
3035
2248
3241
4432
7907
3335
963
1619
5489
5513
7885
3848
8756
8181
8898
4399
5499
7126
8651
3317
9418
4954
9748
7706
9793
9858
6636
6526
8819
8112
5534
9554
7001
1166
964
789
8661
6491
4993
5041
1594
2435
6197
2688
7139
1281
1509
1675
9577
1394
5628
7698
6617
8919
9458
3223
5975
1826
1167
3504
6562
4260
903
3061
6648
7162
2935
9255
5504
1870
7029
505
9486
7065
4278
5469
8335
5800
1248
6097
2497
8603
318
1816
7719
686
3385
4328
8863
6117
745
2517
910
9532
6858
4756
1471
6378
9993
1570
5761
6022
3262
5030
1971
8141
461
2545
2224
1716
1278
1756
1913
7702
6963
155
8117
981
9320
7714
5971
4540
3046
3355
455
9013
3825
6386
9825
3674
2364
2174
6136
788
7614
7276
7718
3806
751
3010
8258
1313
5229
7997
7242
2882
7170
9633
6877
7
4663
1605
1380
5147
4204
9596
5474
4589
7389
152
351
6308
1240
8295
6933
2293
1122
7940
8293
5910
6022
5410
5317
8798
2208
445
2326
8514
2731
939
2227
7686
7059
7397
4031
7789
7260
558
9037
5817
4555
983
5888
119
2845
2542
8792
2440
3825
2657
7709
6820
1719
958
4060
2419
4308
4530
603
6573
945
2369
9524
6400
7534
3816
8516
2173
3107
5771
606
3292
2509
1316
9889
8205
5008
7985
1912
2905
9143
7404
4463
8725
48
9240
1781
9088
6620
1511
2770
6576
2441
6168
1741
6241
6129
3564
8370
8423
3941
1937
2144
4521
9874
8365
5338
2109
6238
5750
7780
1628
770
6396
6074
5443
4679
6437
9758
1496
9739
7005
6952
8013
1499
7364
2439
2749
31
2469
1860
129
9207
2392
6711
2284
471
3902
6163
5497
7294
5104
3404
1813
2050
2488
6129
6727
7942
6031
3114
7733
4779
2006
1363
5273
8877
5106
1251
7163
4216
1138
279
9909
4042
9067
9577
5513
9582
6530
1158
343
5259
6039
8036
3418
7868
77
3823
5075
523
2022
3163
3410
877
6418
9475
5083
7125
6507
1858
9158
4576
9108
8731
7463
230
6958
1816
2651
2704
6457
392
5608
109
4369
2404
7148
9035
500
5997
5031
3662
4637
2268
6274
5209
5074
7687
6435
8414
2974
2467
2095
3557
1491
9430
134
9642
1080
6418
7530
6815
2775
4131
8423
3790
9308
440
953
9166
9936
1682
4995
3849
8548
1193
3332
5493
6266
5486
3018
4857
9054
8791
761
8293
8131
7486
5958
188
5937
6885
7735
4130
3230
4249
7770
1787
3566
3507
9020
4072
9803
9139
1532
24
3581
8957
464
5004
2768
8113
8152
1329
3764
9525
1614
1242
5251
9196
9226
4261
7480
8340
5473
8360
6504
8150
663
7195
5931
7129
3266
3643
9666
5400
6172
3273
7929
5187
4549
82
5360
1734
2218
791
4435
4329
5531
3321
9603
2836
8538
9688
7573
1127
947
3475
6986
5177
832
7298
6359
218
7335
6230
2628
8310
4724
9024
3866
4972
8077
141
8858
1102
2589
2112
3048
4302
3047
9538
5118
1954
7360
3173
954
6918
8218
4961
2047
5534
9903
2631
3565
6805
3090
5532
3237
1065
9077
1745
5962
6215
6275
179
636
9724
6064
391
5070
4961
2100
7129
2061
1158
7082
6249
4700
7313
3580
3582
1818
1697
1078
8561
5105
267
9609
9981
7885
9258
1509
2142
1790
9489
6722
5789
1650
2526
3796
9781
796
1724
8280
6192
8676
4409
2573
3719
188
4946
6427
1638
1466
2334
5322
9357
9969
54
4676
4626
7706
415
1495
6856
5145
391
1468
669
9967
1022
8727
8807
9181
7884
7566
2824
5337
5808
238
4610
7558
7087
2621
1724
5964
8721
37
4758
3665
920
8777
5518
3979
6039
5011
661
1754
4389
1655
6629
6789
976
5518
8193
4185
5087
1576
4750
1203
2895
8576
5616
2677
1746
364
7993
7372
3654
250
9052
5810
4651
1596
6593
6027
6149
6341
1158
7490
4186
4636
6102
4978
2573
2983
1182
3603
6315
5306
9466
3362
2431
1236
7047
6599
6277
8563
9914
4611
2868
2292
2642
217
4293
1007
9062
1619
6325
2386
5976
9082
9564
3592
7157
81
3077
9015
6358
411
1360
7381
4867
8486
8696
2570
1275
7535
8481
7705
8530
5736
8954
9980
6124
7481
880
4568
3289
9867
7243
9468
2468
7332
9743
9653
1004
3857
2008
8025
2968
6597
4806
2791
2383
6981
4275
5697
3682
5305
210
3219
5221
2715
7773
3299
6855
68
2664
3514
3180
6632
6721
2639
9907
2826
8232
6519
2005
300
8799
866
8748
9504
6505
8141
2616
9635
3354
3053
6108
8312
3469
1351
2962
8701
7372
9583
8026
9907
6842
9255
3067
2417
4258
7483
4186
4145
184
7575
188
4166
2964
7274
240
664
4556
9395
3476
6770
7506
9450
2797
2998
9021
7532
81
7811
9402
7195
236
8469
3785
2369
7093
2775
8076
4430
5013
8582
2249
5510
6249
2000
6768
788
5616
7139
784
2114
809
9892
3985
7633
8845
5807
7492
7243
6523
7396
3030
1715
5563
9364
3767
4091
1096
1204
4658
5557
5608
5351
4927
4443
9070
5658
388
6193
3
5356
8719
4210
1540
5841
6516
6339
1146
7652
2970
9389
2607
2823
1360
4612
4136
3423
6193
314
6992
4549
794
3895
4902
1303
7423
4534
5722
8334
9583
9444
3302
7448
4074
1181
9302
3443
8586
847
1843
874
9113
2168
287
4745
347
4435
3209
6288
1329
8080
9666
904
8117
5239
2234
9136
4998
9108
3980
3085
5856
100
510
88
7724
3860
2572
2659
9238
6042
4269
8707
7751
1435
6907
8881
211
489
8730
8501
4528
4575
6349
10
149
2450
4547
8109
8824
4270
7327
3857
9124
6258
4546
5832
1182
8658
5309
6235
1355
1966
1401
7241
9987
1579
1471
8285
9356
9017
9418
8089
2959
8622
8507
6155
1836
2268
6085
7259
8340
1030
2472
9010
2881
1979
1570
6953
4582
309
84
3855
2458
1878
6803
9882
9806
8884
3392
8130
783
1885
3330
5655
4837
4674
6226
3579
1596
4610
594
1104
6100
9918
9350
7345
1867
7226
8807
1778
7152
7111
3717
8786
7995
2810
8073
4319
172
7403
3757
2974
1010
7758
6937
1962
1153
9313
5096
4369
5852
4385
6013
7867
5130
8104
3641
6626
2230
293
4866
3531
199
8676
5414
7036
7129
8623
2793
1985
1637
7328
9087
6544
1485
5790
6694
8026
9897
239
5596
8861
6083
5796
1678
182
8783
9015
1772
4608
4197
2733
2567
1665
2582
6167
7398
8996
1034
5563
6975
19
3441
5856
7597
4005
2502
1796
3117
7700
2790
7767
4976
8543
8353
9148
8015
8309
3089
4460
8432
2561
7233
6796
4261
5704
8693
5049
8044
3598
3681
320
6007
5729
7118
558
7952
6739
9618
6941
7346
2763
4515
8820
1646
1452
5365
153
8736
5846
1611
9243
6580
1297
7716
5357
9650
1581
8934
326
7518
4961
5133
582
8104
3556
2599
5252
530
9618
2570
8917
228
507
4441
3423
2059
77
989
1740
5542
7943
2796
8286
9954
9695
9096
4348
6115
471
2698
4294
5905
1542
7335
8094
251
4539
6811
8368
1184
783
6689
5630
3880
3829
854
3699
96
1755
7315
8359
5314
2015
9832
6245
8082
5723
4563
7690
1531
134
3847
6775
3853
7787
2401
4212
6650
8272
4789
3820
7494
3915
6815
1375
5769
3811
7683
5361
8950
1577
4186
2787
9817
954
2997
9632
3792
9969
2214
4724
9596
8752
8687
7871
5696
8281
3414
7962
9673
7371
3272
4372
7536
3012
3718
5521
5278
4817
3733
1705
5510
7787
1240
5437
7888
8841
4520
1434
3220
1663
2719
144
7649
1264
6451
3199
5101
4399
7706
6596
3303
4438
6811
7512
1135
9667
3010
3695
2782
2075
4410
110
7249
9679
2455
6163
143
9163
5924
8230
8320
7202
9485
6428
6994
8209
2276
1644
3192
3456
2659
8647
9084
1521
6369
3816
3628
2840
6561
1459
1220
1765
5949
1024
1606
7999
3186
8570
6168
5520
7888
9811
1878
1178
1325
8769
5722
7058
2679
5595
9194
356
3988
9489
4570
2077
429
7820
2123
1134
6416
495
164
3610
2147
9466
7871
7850
9710
6813
4219
4842
2599
1300
5014
9901
7621
2507
4031
6056
3539
3695
3559
1747
6537
9391
4268
5437
8593
1388
4259
7572
1211
7284
2398
5962
3585
9013
1572
4084
1260
4912
3417
3102
8601
7770
7199
7424
5991
3062
2054
558
576
6082
3610
2664
7569
4074
3088
3767
7688
9584
9466
6871
5089
4290
2981
3389
9362
8300
1355
9210
4575
8554
8449
3525
8154
1366
8761
4072
2458
8362
175
1869
2324
2135
1666
5687
2557
7766
2292
1532
369
9035
2721
5217
9117
3642
827
6765
1321
11
8375
3790
935
9401
6761
7307
7085
918
5896
7463
4111
3779
1854
8579
5617
717
5686
2587
3472
8765
7935
7459
6223
8808
816
2543
5200
3311
2776
5856
779
2373
8176
9339
5702
1897
8257
6821
7141
4068
8177
6036
4274
9558
8951
402
3560
2919
2397
8475
9580
7487
1819
8998
5372
3772
1109
7300
2498
5800
161
4411
7752
3153
5078
3731
365
2573
7498
1335
843
1883
8564
5075
173
750
9545
4516
6016
7305
2932
8458
727
7030
4939
9289
4574
472
2789
3738
6341
9316
7887
7744
2689
6149
9060
9091
7078
1854
8397
5224
8842
5976
5915
5237
3098
9643
8258
4397
2574
7655
963
6784
3134
6225
3426
6619
5833
5495
635
1676
9648
1458
6000
2829
695
184
5148
2204
5701
8368
1418
8682
9767
8127
9993
3574
1074
692
9076
1160
8039
3211
3339
8496
7686
5197
6999
6389
7496
6342
1273
8780
6840
5398
3758
882
8265
603
5295
7407
3341
5751
3271
933
2584
2399
8980
7060
4022
7954
674
7396
400
1420
3217
3579
724
3419
9909
5578
7860
4794
1939
5339
258
8559
6205
2453
2505
3266
2770
1998
6396
1953
9110
5947
1448
9759
9482
8617
1430
5017
4235
3511
1317
3176
5698
3614
7336
270
4389
9702
1274
2785
1740
1539
9075
3803
3247
5010
2871
1041
9042
4127
5091
1044
7233
653
3053
5198
9041
5638
2515
7432
3776
6559
9094
569
5963
927
7146
8089
6599
2277
6744
767
5407
7238
720
3105
1214
3032
5386
2797
3162
3206
524
7525
6275
5649
6491
7349
1147
1018
8892
7648
8965
1587
4160
7125
9906
236
2609
7737
5076
6788
9035
8581
9562
4245
4784
3741
6945
592
9377
4904
3651
2802
4203
3128
4909
8419
5602
604
2743
6671
9736
2437
448
5468
7046
552
7270
2808
9799
6649
1676
1145
2274
8828
1474
1089
9444
6967
4349
6447
6702
5219
2883
6041
91
6129
4040
9039
3828
9737
4239
9561
9454
2833
7669
3240
8865
7983
7283
3104
1701
9389
5029
4647
6057
2734
321
301
377
9198
3485
1626
3474
9588
3971
3507
9141
3149
1506
8400
1568
7022
2018
229
7844
6556
9194
6946
4291
3722
6788
7931
3999
715
6479
7449
4049
8525
947
8186
2173
5696
2130
9519
4294
833
150
3645
6345
3467
9270
8910
6028
1850
3452
3812
2769
2953
5531
6968
7034
9486
883
8094
3374
1127
8534
2522
5089
2288
122
7096
2253
6747
9855
8461
8978
252
6663
5655
268
5821
3125
7717
3580
2851
4402
3575
5314
419
4453
5868
7823
7150
6054
2544
8288
4927
5817
113
6792
1349
5307
212
7287
6342
4592
6825
1787
1610
5147
4902
5092
7715
4882
2412
4611
2511
9239
6931
7460
6337
8822
4724
4882
3992
5807
5030
2279
776
8506
4715
1655
135
5906
8815
2107
3363
1710
605
3153
7632
514
806
5158
7232
7074
9252
878
4291
3343
3970
2246
9507
6909
1971
6908
436
8808
3248
9750
4750
8288
4524
5659
8548
7032
2059
1125
5260
5589
3509
3909
9003
339
7252
2005
7332
152
3864
5361
2251
8122
8484
6434
5077
5217
4734
8552
297
9513
493
4261
5898
6801
3403
9372
2831
5761
9252
2246
4235
3687
9540
2016
5854
6745
5483
3913
2664
2180
4463
4618
3160
8516
1490
5679
1973
3803
2669
8394
3524
1306
9807
9321
4297
6584
5347
1555
8939
9900
4630
3290
5924
3115
8092
1795
1762
785
9505
7940
8871
1035
7563
3637
1125
3007
7258
2192
2835
4103
4303
9427
1446
2133
633
1676
1607
4526
1444
5262
8406
9237
4627
901
577
9712
1532
5652
243
9329
3983
4470
4398
9102
6193
3190
4703
6132
1834
4906
6444
9248
5867
2028
4513
2633
7963
7104
4133
7808
9339
6446
6719
9309
7659
1967
6741
9613
5291
8309
3745
4449
4647
4246
4797
473
605
9687
6523
3492
4070
2143
2659
6895
2636
9442
2543
6781
3988
8703
8375
2357
5194
5061
4180
7655
6392
7537
7441
3321
449
3528
5142
5301
1189
7917
9533
643
1489
7528
5406
9258
9142
6780
9842
4541
2768
5761
7467
5013
2248
7681
9092
3786
8157
8668
9280
2584
2522
9233
8863
2284
8824
3347
1730
2514
2661
8077
1294
8708
5687
3959
981
6185
4582
3916
4795
7349
3642
6398
8568
9868
4287
6651
9852
847
7318
8535
4570
4425
4047
8169
1533
7963
565
9802
1719
5071
5382
3805
7794
2062
4405
6423
808
8121
8802
1035
5191
8472
692
1070
232
4121
8796
5421
6092
1377
1177
8245
5022
9294
5047
6368
4000
3406
4229
9159
3228
9695
3332
7708
6081
3594
3927
2414
9995
5014
2115
674
4501
1872
8751
9273
2186
1416
3271
9281
673
742
9603
4793
8908
5351
7953
673
9019
7319
9380
8639
5780
2734
1057
5460
9346
1387
8824
1834
3316
425
266
5590
9433
7642
5883
8262
2247
9401
8156
9800
1939
2789
8301
2197
1161
1560
8329
9171
2230
642
1671
5652
4296
4548
9065
7844
6224
912
7674
1841
9832
1537
456
6425
9856
9834
9726
3533
1561
5365
3500
8111
4272
3289
5770
7596
9251
8950
2142
99
3343
5614
431
9521
5586
6387
1732
5295
2606
9729
1266
4206
11
1663
9864
1870
1238
6772
6325
1793
2353
4372
8103
707
1148
5888
2770
9855
1547
4372
5542
3269
9815
7354
8758
5712
7348
9786
7695
4935
5945
4681
3320
5165
5345
5259
6676
1334
9574
3883
1474
6448
8167
9893
1168
7730
696
552
4285
671
8193
6762
7133
3981
3036
7926
6101
2562
9659
8439
2760
122
2059
1593
3697
7775
470
5430
3610
109
8819
9014
4553
5575
6611
6944
6452
3761
3752
4515
3982
8173
4473
5898
2752
9434
7009
2916
3353
508
8969
2591
5298
2485
4440
7469
4113
6763
7784
3943
3940
7037
819
258
4863
2403
4602
7720
8915
1113
4416
5725
1177
3026
6680
3661
2741
7652
9532
501
434
3817
4599
5921
4145
6467
6063
5190
6351
5885
4570
3734
21
4673
7742
6270
467
8292
6111
9729
3872
5620
3113
8793
297
7038
487
7797
1726
8890
5877
3025
6385
4810
7729
4925
9007
6368
3689
708
2972
7775
2608
3920
4319
1953
7013
9097
9526
8210
2403
6429
8640
4931
2142
3440
2844
4259
1817
8172
890
9558
4977
1066
1948
597
2897
804
3353
5882
4671
2749
532
6300
304
7308
2928
9362
8740
9496
4141
8713
4786
357
6694
9298
3738
5443
1854
4588
209
5536
2750
8630
8101
15
4663
2299
1991
3844
9822
141
6265
5005
5292
1416
7299
404
1604
6596
5652
4756
6684
8422
9852
8772
4312
4866
629
85
8867
9873
4688
2778
8430
6566
43
9141
6447
6782
743
307
8122
254
7435
834
1433
6516
1595
5925
4285
2731
5526
9021
8641
1002
7223
1783
9728
9470
9089
8098
3383
2518
2137
8694
7438
6724
2796
3168
3689
881
7726
1810
5425
351
3155
455
1767
8290
9171
7805
4119
8888
6119
6114
1949
641
9793
2986
4783
920
4498
4113
4828
6586
8163
4236
9942
9280
1741
6348
9832
8132
5843
7212
9277
7121
1222
650
949
9074
6105
8709
6987
3398
2602
4857
2832
30
6476
2602
9074
7793
9396
7610
7016
1398
467
1282
1544
7638
4323
9029
467
7999
6327
7002
2989
1855
1561
6954
1194
1704
3189
40
7530
9471
7491
6894
8142
838
7446
3106
6603
2729
4042
6357
5114
7645
4713
3888
557
7352
1234
6730
916
7601
5229
176
3543
4985
8030
8359
484
6870
3051
4449
7676
5358
3078
7012
4194
6692
1882
7364
4932
8214
9469
2367
5101
5982
