9014
1826
8990
6051
8221
4521
8556
4883
4885
7526
5799
9292
3756
9249
4272
9022
7613
8670
6396
6783
8890
5588
6313
4987
6259
4215
7088
3176
5747
3305
5297
7321
7332
9662
7617
2342
2243
848
3422
9511
3208
7271
4555
1183
9730
3383
8514
6289
3173
2710
4046
1366
1889
1653
8836
3567
4926
2542
7377
4029
3945
7333
3405
2289
6910
9479
5337
4981
3819
3031
5025
4995
4311
4808
9866
452
9314
7613
5784
6392
4084
9898
3947
5923
7945
7
7214
1698
6854
1220
3228
3074
8497
7154
9872
9081
6044
5774
5351
2396
5934
4270
9539
4954
7079
6344
5467
1497
3743
8081
9785
3429
2024
8509
8904
1650
325
6198
3117
3715
7507
3796
4474
7616
8528
8289
5434
1754
6261
5918
4387
8284
9934
7228
1028
4873
5174
9488
9263
8166
7984
863
7839
754
5150
3143
9199
2283
6558
7585
5213
4503
680
1471
4383
9492
3112
1356
8862
110
9439
2675
1225
1775
7955
4354
286
5088
4779
1379
2484
9547
3793
7915
347
9579
6466
8478
2364
5514
2122
4912
9257
3719
7506
2479
58
2115
5579
9262
7677
9549
7426
9207
7719
98
7857
703
6175
6264
4844
9321
1332
8261
5276
5522
2751
81
4692
5537
5458
6902
6617
6376
678
2526
7937
3982
5338
10
321
6906
1361
3422
4159
6585
2327
3748
655
9261
9463
7369
9827
3923
1134
1250
6940
5244
1
5000
7637
440
9842
6294
2455
4206
9666
2820
4747
6443
6198
861
2101
3372
7071
7888
282
3795
6132
4153
450
8763
9160
6157
4940
4729
2988
3073
4254
7366
3514
5749
8064
5672
8454
6739
6035
3727
8763
8958
24
519
8651
47
7857
6631
7851
9262
271
257
1369
3837
6862
4021
1360
2145
3894
8355
2919
1690
6700
6841
640
1013
2061
3835
5584
5904
1430
4940
2946
1987
4163
6444
9146
7685
1008
731
3345
3873
2044
825
2454
9089
9961
8741
574
2092
9142
9121
3526
6759
3338
1739
6621
7852
9909
3914
9151
9991
6564
6589
2221
6371
7359
5911
7468
8171
8265
5502
3011
418
9087
3301
9502
5128
7696
849
3570
7976
4621
2191
8134
426
856
4197
9059
5309
9453
32
5477
151
1898
2735
6704
9222
3605
6459
2143
2222
8934
8747
1834
4810
5071
8446
4359
3768
5834
310
5712
7475
1001
9201
7441
613
4129
3863
4874
510
1970
2713
6563
1403
1608
1830
4214
2028
7183
8359
8332
1413
6721
946
8537
7537
970
2487
9126
3584
382
9453
9797
6943
3426
6400
8673
6812
9273
3842
9770
7268
538
2641
9862
4047
7268
8286
361
4879
1659
3995
8237
5225
4046
2445
6293
3514
4684
2128
7179
2580
2526
5793
7391
6890
1758
5282
7233
8374
9209
9149
196
7187
903
6919
560
7582
4033
6550
1130
3200
1378
9752
3998
580
8840
3160
5945
4436
3151
2061
6704
3355
6059
7352
2672
9960
3323
5719
848
5301
1709
7650
7811
3266
4855
7828
6345
7121
9318
7675
7972
6974
5456
401
3095
3882
3859
4772
1708
3630
6974
4974
6714
765
7315
482
8762
1409
8151
1599
6225
1539
9963
3514
6445
6000
6089
4091
4687
2307
3981
8391
5390
2475
4277
5980
6247
5564
8487
5422
9392
3412
7536
4061
5578
2095
7598
185
6567
2085
6727
8959
8196
765
5627
3157
1562
1988
8579
4625
2611
8731
6007
2680
1030
6494
8485
1184
7813
7122
3045
6914
7108
4938
6619
8033
2046
9719
8116
2940
6118
3907
229
6621
1373
4680
4387
3690
2225
5033
7446
4810
8974
1844
6685
5848
8265
3071
478
7244
8693
660
5596
4405
8483
558
8525
8624
8775
6271
7410
2023
404
7839
3274
9324
4294
3801
4009
3869
5556
9744
2326
5243
9238
3378
9292
1094
1286
2717
8404
6318
1729
930
1250
8608
8377
8670
4692
607
8352
2308
1290
5325
1713
4375
9164
3363
6078
751
4901
7538
3700
7647
3243
2997
2748
256
275
8587
2686
4149
2655
8370
9603
9873
3975
488
1087
1074
819
4300
1822
6477
5261
5683
468
6511
7627
4719
5571
6050
3167
9579
3290
5778
8971
5384
2506
6017
2933
7033
3554
8516
4858
558
5238
3661
901
8455
1069
2823
6478
573
9714
8181
9460
3694
6567
5229
5066
9699
3000
6405
6163
4359
7406
7796
7911
6216
7447
4720
3598
7751
6057
6127
9372
9120
4702
2235
9126
8068
6145
4579
7237
8366
5562
2745
6084
3042
3221
7474
7295
8066
4121
5504
557
6676
40
7581
1455
4558
7212
7371
315
1247
8532
5679
7283
3754
2603
1350
5023
4229
3219
7466
9280
4688
1936
9082
9321
8319
3288
6628
4791
8676
6871
7303
2880
5209
3060
5339
9858
5994
9428
832
4025
6279
3070
5989
2894
4507
9993
7114
6049
5877
6487
424
6525
7138
8962
9860
7788
5346
8115
5497
437
7613
516
1821
2589
8460
5672
6206
604
6387
9480
9242
2250
1437
5607
217
2726
1159
4765
3029
5049
3192
8155
60
241
8904
5352
4165
9454
3999
8874
1781
9760
8823
7304
3427
7619
3208
6380
1350
9278
8132
2788
7928
5267
9211
8511
2601
7002
5106
4561
9530
7063
7288
1644
3005
1170
6282
1926
2670
9078
3525
402
6059
3683
7249
6616
1637
2443
5452
7455
1576
2934
8925
9579
9825
4798
2565
5670
7678
3653
3747
2161
6031
8634
2409
7312
765
4145
8681
7641
5301
8138
372
7535
2263
3764
4467
1611
4396
8625
3858
1892
3431
5965
3015
2167
4390
5184
4008
81
2021
4802
7367
3393
5462
9613
632
658
7075
5212
1131
8111
1401
7261
8505
3949
659
9943
6817
8384
3879
7880
5708
2875
7802
8471
4968
4727
9020
7075
7167
3933
8459
5764
8522
7529
1312
7466
9056
3042
7755
1242
9298
6639
2397
1160
2230
3497
3325
782
6043
7610
4774
7627
5347
5741
1027
7127
5926
5569
2963
3602
860
1201
2813
6539
3925
187
7168
4083
9508
4895
3057
2058
6990
7736
6967
6060
1518
4048
2130
6217
2423
8698
5077
9052
5132
2443
8492
8557
2366
1913
3742
9067
5665
2733
3118
5804
8830
8729
8759
5080
735
1430
2528
5049
6168
3151
8703
9632
9826
3822
9210
2792
407
6441
9384
7656
8872
8510
737
5197
7359
7167
6063
120
2998
3832
1358
7411
3916
165
8492
1611
3100
860
2355
2292
9455
394
6282
3427
4419
231
9950
1411
6752
163
4677
6318
7786
2513
2061
3669
4334
700
3238
9443
6680
4351
7689
9377
4675
1549
2500
4670
5784
5104
5224
170
5147
3764
6128
7803
9193
1215
8461
7581
1152
5376
8622
851
8942
8026
1625
5645
3332
120
1095
1929
7011
1278
7170
5380
3290
2885
176
1900
6481
3006
2668
1490
4723
7869
7578
9359
9997
9081
5558
4150
9379
7923
353
8056
6208
8091
7052
1224
9769
6046
4397
3366
7344
3823
8992
8755
3028
2521
6221
6900
3594
6046
9929
105
2851
3659
551
867
2453
6840
9238
6561
8914
635
3769
6280
3697
2177
536
4792
5697
9387
5758
1618
3154
1007
8204
8985
5119
5055
5178
1030
935
6551
3303
8031
9904
6944
5711
3702
2284
7045
7662
587
7082
2476
3320
8473
1717
5648
7440
3398
3559
1112
7061
306
3613
1750
9945
697
8143
1731
8478
7719
4919
8410
9997
5066
6963
9425
7134
2778
8129
3130
4627
2582
1689
196
2301
7745
5216
1721
7404
7620
2454
4533
3367
4990
5662
7460
6170
5154
9913
3344
3979
9271
4263
286
484
909
3334
2216
7475
3973
6872
3247
7554
2218
4155
2481
3644
5421
4731
5933
7947
4935
6895
73
9341
1852
580
7116
4880
4253
1863
5635
8006
6172
2186
1329
3355
9783
6551
1870
5634
4066
1458
6603
7955
7739
5147
6606
3206
1598
9833
3102
569
5589
8067
2548
8158
8876
3062
4863
1848
7016
5931
7195
9897
8896
1099
9389
2671
7548
4890
8905
6919
3166
1223
2299
4422
3694
2717
7579
5560
8205
5077
6787
9357
962
7587
936
2926
9529
2786
94
4851
8585
3942
9865
9036
2213
9812
1729
7819
1324
2376
8832
5716
9644
4707
668
8100
1191
2937
9798
2290
4554
8447
1259
2087
4444
3767
656
601
8944
8489
41
396
1716
9495
1637
4402
1994
3220
8238
5864
1611
6297
5673
653
7566
4983
7114
665
633
3031
1197
2779
5401
2305
5953
3827
4798
372
8345
8400
2602
4534
4863
2950
774
2349
2051
6603
4517
4513
7143
6405
6904
7208
7995
2266
6624
7478
8446
4805
6969
7010
9899
7498
1502
6837
2441
3042
2033
7877
9130
2719
7512
9991
5230
6667
8224
5303
100
2424
8278
9861
3224
8924
815
1446
7430
3165
4565
293
1720
7199
7433
3810
3366
3802
2665
6001
3888
196
5769
7230
6403
550
5896
200
2417
9618
3632
3585
4625
1862
8293
5619
8524
2644
1695
6136
9701
701
2127
7029
5575
3992
1792
7923
46
4218
3316
5973
7019
8859
6113
6113
4101
3393
1364
851
887
519
5151
6736
7223
7671
2906
8023
5564
8879
4745
6703
8150
2132
468
2103
4071
8777
5085
2533
3530
7236
545
6095
6579
9305
7021
7696
1476
3678
7605
4548
3382
7958
3520
2994
7638
7400
3097
5386
3054
5892
6643
6882
9760
2286
1098
8579
3028
3072
2875
5153
9195
600
4672
2325
2298
4620
2171
1904
373
3677
9558
9890
8508
2128
8557
6179
1670
7936
4285
2793
4109
6241
2660
1224
3682
3733
8311
8483
8860
9297
8985
5757
3362
7101
2296
3180
8353
9302
3330
9171
5008
6920
7105
3038
825
9048
8155
5077
1571
2545
641
9305
6959
6642
6278
111
2262
9442
4117
5628
9920
6257
5747
7416
4938
2865
1857
8184
5330
369
1227
6703
4237
2113
1242
1788
3434
7299
9771
5327
8944
413
1888
7650
8163
315
1313
7264
4564
7959
5672
937
331
7115
6745
9430
9574
8146
1690
8819
4689
959
8917
7236
6336
9552
2767
2145
3067
7249
4425
3802
147
8686
2612
6421
8322
1840
6529
9750
2395
1061
5212
262
6327
9875
2059
2969
6310
617
582
1967
5725
6434
7654
296
6277
40
3462
7391
7671
2783
3193
5499
4192
7010
4067
4778
291
4513
2760
494
8833
3930
2483
4713
5092
358
6008
9201
6729
1161
830
5861
5033
2983
5259
5961
5501
6303
9771
9664
6498
5527
6201
2919
3146
4575
8479
9640
9893
194
2531
3290
9251
7817
9672
3471
6094
7682
7398
9932
6606
2160
3796
8532
8466
8729
6988
1119
4193
6908
8982
4025
2693
1584
4117
7953
5028
9656
5861
5384
9132
1668
2173
309
4842
5205
8841
9119
4928
2239
2260
736
58
8289
7964
8753
5606
7329
8902
8225
6059
2673
7913
5030
8384
755
2149
6270
9214
1650
3308
6043
1905
7489
6444
2110
8644
7480
1858
5458
9648
6173
9100
6594
6193
9805
9497
9491
6720
4077
3738
6567
5601
5591
4089
5807
2265
8274
6537
4196
4336
5622
6814
3
2214
9343
5650
146
4066
5093
2825
7833
9611
6363
6640
26
8265
8338
5293
3850
2224
4511
9274
6020
7894
239
9425
9624
9686
9032
3545
8104
8679
9341
5572
7200
4882
1896
5262
1779
5916
227
3016
5953
6811
9896
4063
1729
5319
5185
8543
3521
4650
5513
9202
3310
858
7699
6409
3963
5245
4308
960
6296
3088
2826
8785
8817
8764
5148
8034
7789
3922
1967
8303
9216
9718
2049
3757
3707
6346
2095
6787
9730
3102
8916
6496
770
35
1971
6781
7091
7870
995
2083
3388
6361
384
4968
9482
2458
9289
8625
2378
8758
3958
9091
4528
9614
6764
6558
4909
6929
4568
2470
6680
228
7604
9280
7602
5865
8891
2718
7133
8407
3331
2222
7197
3155
5151
3759
1963
2521
2049
717
5688
574
4579
2748
6627
9436
9631
9497
9363
8399
7638
5999
7505
1673
4118
9197
3638
3460
7544
514
3647
9715
7127
7691
8121
4385
6134
224
4370
4181
8554
6633
8805
15
9603
8538
904
5107
3365
6042
6812
9478
4169
1299
2715
8049
1758
2281
5596
4882
4185
6759
1689
9245
6496
7298
1029
121
7752
1663
9848
4549
3680
9459
1270
1751
7368
5050
8729
9380
5782
8841
5846
436
5646
3871
1138
9396
8187
2323
5843
3916
8649
7025
8396
4134
3077
6343
9643
4994
1877
6917
8774
8334
6905
7660
1091
501
6438
134
5268
8173
280
4969
9539
9739
5463
1349
3376
2142
1536
6741
3655
3346
3274
7047
2046
8789
7771
3113
3423
6091
2374
8175
3459
6051
9660
2200
7249
9558
5774
3328
9809
9405
8818
3673
3584
3198
4716
6554
7747
8571
9004
4952
8972
4729
4309
6400
3640
4979
4964
7871
6952
3361
2143
5281
5339
4740
5190
6161
4713
1814
7397
793
8584
4339
7391
6609
6926
5621
495
3054
8731
8782
7965
9236
8665
674
5837
4687
971
4419
9257
4357
1821
2509
2661
2539
4679
1177
900
6866
1942
3287
1554
2742
87
1416
4014
595
4898
4963
6672
3217
7924
5152
9571
8108
5289
9615
6187
217
5194
3859
4696
3777
1013
403
6019
8022
2763
7582
3212
492
903
9144
4385
3375
2904
2593
9195
2850
4855
8977
7196
8770
7476
9303
4852
2188
8348
3084
6851
1186
9902
2673
6498
1299
5790
2967
9469
5376
6598
9841
4919
9192
9577
2230
8089
3308
6027
2182
8917
8740
4309
4363
1879
3857
6047
1558
3326
2568
8051
5493
3901
9362
2696
2948
5281
5047
5073
5590
2460
8130
6105
8209
5036
716
6967
4090
3590
4503
1684
8189
116
2020
1565
8419
4693
592
7247
2911
4096
1684
1574
6402
1904
6264
9256
2066
3793
7594
7334
6019
6182
6498
3823
531
1156
526
610
8495
5700
7705
653
6149
8658
7582
8854
3193
4556
7118
590
9485
9457
6682
1820
5300
337
1843
9919
7799
6137
9960
4972
9764
5603
6690
7100
7951
4302
6418
6589
7469
792
2370
93
5466
9818
6694
7968
2131
8624
8162
4935
9497
999
5288
8674
8878
2507
5666
8743
5894
9507
8101
1207
7993
4016
2718
2794
3124
6281
5643
2036
9812
6960
9095
3858
8251
1262
4750
8398
9228
8085
8096
4437
2720
8209
4178
2772
802
6962
596
5086
160
8407
1906
9456
7941
77
698
4471
932
9539
4520
150
2129
6684
4555
5327
658
8519
1509
7962
679
6447
6486
6995
2448
9578
9848
1751
3995
1409
8976
7676
5056
1388
6692
5225
5803
7343
5665
2097
1695
9510
561
7701
2352
2004
8930
2720
6724
2964
3842
5947
9030
329
6157
5195
9954
6201
1979
9016
5404
9132
1306
1183
781
271
7195
489
2137
6319
870
4241
6883
9476
7088
5041
5766
2176
5837
6924
4706
2298
975
8738
9826
2754
3744
9763
1460
7882
9314
4994
3285
7904
7429
5289
859
1877
4067
579
9763
8994
9595
2770
7332
7915
351
8614
3535
3847
4765
1812
5918
3522
2233
7958
765
8940
2749
5505
7592
1737
8016
900
6967
1409
212
6266
2230
2257
2868
3565
4167
5885
9455
46
3953
8358
9149
5967
3728
3712
6004
7070
6072
8416
7287
1099
3343
4587
9101
9763
5350
3299
2549
4991
9140
3151
1725
1043
7834
3419
5563
2145
6397
5576
9206
8625
948
1738
6949
3260
4844
3689
8074
3515
9110
1523
8894
4656
7012
6674
9210
3356
2568
120
9037
1328
617
2874
1925
3781
1703
2556
4514
8024
8467
6760
8051
3449
1522
1251
6504
5271
1837
8580
7665
918
3549
621
8142
9766
5822
6745
525
4027
4873
7873
1141
1038
7623
5479
9837
4944
6548
3777
8973
8802
1255
2782
7446
6552
6094
9703
6971
7913
4640
6237
2059
8330
1314
9704
2198
340
7578
6702
4587
2395
5155
8960
8422
6071
1559
2436
7236
2871
3841
2334
4078
7360
4904
8676
5411
4249
3013
9364
3535
3238
9193
228
4067
6898
9077
4463
4546
3698
5487
7098
2593
398
5525
3612
7216
5458
1285
5704
4829
7851
6415
1347
2349
3739
1722
708
3330
6838
1769
4327
9523
6950
968
5006
9462
5193
2097
260
7736
3703
2310
7924
3443
2243
1780
3493
3996
4077
7890
4146
934
8690
3538
1041
7678
9534
1585
8418
5263
795
8705
5355
1024
8412
993
3572
6905
7029
553
2610
8628
6398
7010
1903
4307
7852
365
7804
1249
3906
1971
2443
2666
1791
8511
465
1824
4770
9833
9160
9749
3475
5235
7237
4012
3159
4378
7642
381
1785
8389
156
6131
8138
3906
280
3673
8807
7836
1888
5839
7788
3408
2511
9613
2718
8753
1728
3412
7292
7674
5142
4116
302
8548
8644
3961
7905
1340
312
4132
7231
4644
153
1454
6228
4321
1112
6907
6802
2824
8330
9879
5687
3638
7419
24
274
8386
6724
9419
4647
5084
2970
1285
4474
4830
4478
7965
8055
729
1228
82
4845
7297
6441
845
2055
731
63
4313
4588
494
563
4101
3450
431
7803
9486
3069
3327
6359
9176
8470
6204
5685
9078
9156
4970
728
9358
7714
6055
4245
7775
7639
9599
9926
838
6723
3420
3688
1683
9418
9514
8973
3720
4066
5165
783
2107
8598
8873
2285
856
1369
7245
7308
2023
2179
2778
1826
4834
2193
4009
7599
6806
482
8916
1560
5997
9190
9626
5231
3357
8999
1513
9496
6812
1426
2604
1376
4200
4807
9792
1121
472
6310
6886
9877
5663
3235
5694
494
4064
3028
5493
6572
1749
2917
8064
7815
9158
6901
5192
2913
7783
9934
3047
4732
5174
6582
3167
6419
459
4170
2907
1188
3371
8500
9174
2993
3361
3577
8003
103
1814
5478
9142
8655
9590
4490
9145
8667
4174
8922
8719
723
5567
8674
58
7537
7698
6507
7712
976
2646
258
2187
1735
8225
9774
8925
5855
5608
8214
6549
9526
2571
8546
7353
1218
9662
2566
9890
8070
1161
1576
8215
1707
34
4963
4842
7136
6241
5357
4804
7262
771
6812
6331
4668
3528
5478
9625
1807
1828
612
8943
489
7653
7479
4804
1672
6072
2657
2493
6938
4241
6580
244
3765
285
7784
5508
7722
3991
8227
495
6053
6773
9319
8863
8777
6591
3855
3830
5374
4684
9885
4282
7425
4834
8785
9489
138
2635
1239
4950
8619
1785
1673
1579
7935
6748
3809
7942
9557
6338
7413
598
606
701
9078
712
6465
5031
7928
6066
1807
6889
498
6358
9831
463
7740
6234
4614
308
1080
4898
6880
9157
3759
3349
9189
9245
8345
270
2583
4241
1173
5461
3073
9398
9777
5305
2979
772
9887
8230
9121
507
4461
9373
7116
4079
8397
2727
8635
7114
9056
5950
6380
3962
4536
7692
9721
7537
8780
9822
2518
102
4984
7244
3418
7681
6563
6153
8136
6533
7973
7490
2638
8765
6028
6148
5959
5536
6097
8044
1448
582
6477
6536
5649
3785
8633
6907
4741
4389
534
2592
9464
6130
5302
9693
834
2022
7616
6938
552
4828
5862
6683
2027
354
8895
8843
162
4616
2477
3672
669
2676
1910
1239
2571
6439
4245
5098
762
1123
5500
5204
9010
5212
5824
419
7654
6732
8219
4104
4370
9455
4550
7222
844
6240
5894
2161
2999
3155
2982
7037
7454
7223
6499
4635
2358
2706
6266
2332
6395
5676
2999
9373
5832
4283
6246
5668
5775
2640
7331
1942
8490
9491
6740
4490
8578
8970
1192
9070
2077
9654
6876
7527
4167
9848
1788
7627
8029
1585
1925
1285
5639
3155
3221
8870
9802
195
3524
7601
5566
8277
6662
179
8297
5790
3721
5742
5183
4476
4989
9008
6682
6405
9747
5017
4541
409
43
6287
3391
8030
8922
6392
3668
8896
3175
8981
4587
8084
5632
4066
7289
3555
2242
4064
9888
9974
4761
507
8129
6386
716
8602
7639
9108
8519
898
6345
7919
7075
3190
8516
3204
6061
5500
5129
4018
5136
8474
8756
2242
7823
876
5016
5951
8493
6961
6804
5925
8984
3487
1936
2827
4730
4875
9661
8989
8964
1599
6553
7988
7563
1258
7717
7211
6384
4016
4927
3481
7593
4059
9379
9484
1390
6583
3039
9188
4805
5431
9254
3786
9760
9958
218
5731
8510
966
6202
7419
5710
4613
9009
2748
2874
91
32
4351
2809
1560
1520
6645
8693
7353
8136
5018
4922
9753
4792
4416
4602
6822
5846
6447
1587
3669
223
2646
3361
4335
6817
3036
4749
7024
4589
3288
1386
4807
2199
856
6261
1113
2707
322
2192
4341
9916
815
8067
8744
4265
3894
6923
9360
7817
8544
9476
7247
9875
1039
7604
7483
7008
1361
8449
6531
3875
4581
1311
7384
4134
5140
6310
668
3921
4334
5903
7341
3924
6476
7792
3976
9918
7172
486
4732
5758
7955
839
5089
7314
5103
6276
1161
580
6918
3065
4973
2312
2925
6019
491
6911
541
4302
7380
9019
9574
2637
9466
7281
2604
7140
2714
1100
9773
264
3175
8846
9788
9868
8771
2938
5067
3327
82
4498
7854
8744
4355
7880
5862
1855
3833
3240
562
9000
4220
3575
8555
3658
1583
1130
6670
6493
6336
6963
4371
6557
1069
6569
2879
4425
4944
3941
8997
6320
1138
6235
3058
2041
5374
1258
4621
8467
2982
447
6620
4710
9118
668
8474
4626
1784
9240
1385
7327
114
7881
4479
6566
1016
2957
8786
5425
5734
1361
7107
3622
4109
3629
1779
923
8445
8492
9044
1625
722
5948
8289
1924
6622
9174
6765
4042
7343
9106
5566
8479
5485
9361
627
8461
4437
3311
3284
8718
1644
9611
8565
4110
4877
7236
5747
2282
7223
6157
5017
8544
880
5233
6042
451
2041
4558
9155
4202
9179
5558
7510
4900
4830
8464
9041
7957
6653
3428
357
9479
6954
8531
796
9358
1140
5183
3789
1945
4631
9026
4404
5706
4667
2342
6497
5051
8101
2165
222
4639
8821
6859
856
8919
8746
2718
2830
7384
4476
1336
8691
9089
7623
7920
1296
8344
624
520
8953
7181
1387
237
7479
9183
9520
2844
159
3572
4091
3011
6452
8072
7870
3310
2962
4000
5826
1534
5665
7261
6296
1513
674
4520
1684
4580
1930
4641
1796
1079
8121
1715
7025
3955
7855
7458
431
9313
1669
7582
7517
2073
1795
8853
9963
8358
5769
1002
4929
124
7960
367
4671
1626
3883
221
2150
1860
5746
6115
7077
1819
4135
3233
3424
542
9917
6750
3792
9312
2541
5507
8249
9078
5720
3913
5232
2194
9170
6943
9959
5916
5555
8314
1413
1751
5082
2503
2415
1694
6277
7127
8555
9688
410
3396
831
4220
8755
8833
3731
5865
6414
8263
5176
1801
3777
6212
7273
7857
6883
6254
7139
7470
897
620
5173
6107
6718
6422
4147
9141
9348
3222
6196
970
8056
347
6391
3241
2595
1359
949
440
6788
7394
5350
1849
645
686
2605
9842
4817
4542
4788
5894
6722
6278
1535
7281
5910
5167
7696
9429
7387
8336
8561
1144
5499
3720
5164
2547
7727
682
4058
8428
7276
5703
5642
2955
5698
2690
2631
5197
1942
4848
5593
8758
2235
7832
5600
2959
5947
1939
4993
7494
6225
4484
6015
7233
595
2155
3659
8943
5942
7179
3419
7116
4342
388
6890
1767
1054
8951
8105
7134
3657
6410
1389
6515
1795
7947
7076
5153
281
4342
4945
22
4408
3963
6442
2658
5254
3302
5854
8757
4462
3072
7483
6173
2549
8678
550
1145
2138
1011
6095
1126
7662
5919
430
1412
6093
8484
7862
1931
9020
1265
1343
9990
5002
4049
3456
4596
2558
6333
1724
8010
8369
2752
1621
623
2301
5969
7846
5943
733
1177
9442
3512
2324
1281
7167
8909
5837
2069
2140
1643
7926
2266
3258
3704
9897
4191
7117
3827
6377
6952
8266
5078
5540
5598
9473
6324
87
6453
1420
1306
539
967
8726
2604
7548
7874
4524
1593
7930
6165
8962
9651
9904
9458
7940
347
6619
5712
7141
7094
3493
4904
3022
5865
4077
1303
6774
7951
1228
6259
9483
3462
5233
2056
6726
2288
8147
7313
8669
5596
4156
9649
7337
7560
8998
1894
6223
4012
7631
4003
8613
1951
8215
3986
108
1460
2237
7693
7703
9469
5118
9085
2465
3007
9018
9727
5388
8125
9707
8706
6295
9509
2355
1878
3818
4942
6889
2450
423
8249
2144
3224
202
4119
9501
4555
8737
8310
869
1052
3711
7115
2969
4332
2168
704
9687
8814
5284
5961
6960
2411
4393
5801
114
4268
2592
3568
1882
7212
4737
3102
422
3496
4874
7341
576
8541
4245
883
8340
8942
4867
4874
8056
7741
3410
5764
4177
2152
7573
3022
4655
6305
2526
4731
941
4359
8068
4132
407
7360
8145
4653
586
604
3100
5732
1049
6953
1617
6835
7970
5528
3692
2461
8460
4528
8183
6649
6623
1523
8469
1527
919
4532
7606
767
2948
2393
9961
5486
1009
3551
9811
7060
7927
8191
8576
8636
1538
9888
1511
4675
7959
9396
1494
5795
2314
5013
2297
4352
8919
1106
6202
4782
3136
8773
1169
1502
36
385
887
6365
842
2806
6982
7103
6705
2454
6430
7976
782
9048
8786
3933
3828
3880
7214
9981
5544
2763
4537
8195
3772
3419
478
5792
6308
1999
9152
9067
5572
3691
6443
9614
4667
7895
5389
1218
4463
9347
3939
8112
5266
2741
3523
7822
3339
9881
8756
4788
2116
5222
8305
4117
258
7770
4445
8358
3930
4735
4164
4052
8577
5088
7799
8918
6341
9219
2146
5045
8828
4271
3739
8190
1336
3396
4556
8408
3937
1191
6829
2626
6778
6846
5779
5466
1883
1205
9157
685
1357
3816
267
1916
2399
1338
6788
8033
2816
9198
1155
5464
6819
4275
9538
6997
9821
7572
5492
4277
2673
2314
1284
9027
308
4739
4557
6290
7134
1952
532
1483
1670
3650
247
1908
5902
2268
3488
2510
628
9153
1001
5137
6656
2755
4333
317
3151
8465
3240
695
8643
8789
9950
5620
7253
6787
6810
7128
2539
5373
8820
8571
4051
9978
5392
8481
7146
2335
6316
3927
4897
8695
5353
9551
2065
6647
1117
780
4974
922
9035
2279
7915
13
9976
5612
6177
2293
934
3301
8222
2404
563
9981
4648
6128
7764
5209
9565
4705
4612
6616
817
7603
5868
6560
9083
6129
6097
222
2281
8948
1963
8164
961
4560
1667
1768
2401
5111
5697
5701
5963
509
3059
7561
9946
1784
4981
1201
652
7820
3727
6891
7650
215
7589
8419
5369
6813
4402
4530
18
5716
4988
9662
2590
8010
4818
6884
3252
9283
6890
4086
9748
7127
1323
3079
2635
4237
7484
18
3141
4473
2613
4777
5223
2309
6845
6335
2006
4446
8301
1002
8210
6078
3476
438
4381
3263
7558
6771
5806
7171
6480
2868
8834
5613
7554
6827
9978
2150
8320
1091
8686
3380
3910
8242
2919
491
1653
7498
7810
2107
7911
8199
1580
1573
6221
9167
9610
3366
7686
5733
7129
94
4260
9405
3299
3691
3093
8723
4686
1818
5410
3633
4047
3249
6533
9918
1175
4076
4616
4631
6135
9903
4414
8297
1663
7939
8970
4706
688
6836
6506
4541
7024
1462
1994
4793
2101
4402
2891
1914
8278
5923
6333
3059
9765
9360
761
6336
5471
9476
8327
8025
4184
7167
5769
1943
1434
5121
447
3755
9086
5480
5167
918
3274
2408
76
7153
3636
9546
2465
8885
6958
4799
5594
9900
1351
2629
5824
9653
2830
7083
3265
82
4810
7155
4921
5606
2418
9779
883
1030
7770
4717
3503
2510
9388
9929
6673
7428
8792
5632
7369
53
9981
189
4402
1220
2961
1184
9992
1879
806
653
8198
2357
824
4242
519
1432
4315
304
3036
1921
6136
6403
1366
2373
4841
7514
9379
7669
6508
2329
5151
4879
522
1505
2947
4528
3583
4438
3162
1605
8983
9195
3085
5096
1807
3624
127
9596
7118
4322
5719
7665
7433
4150
2470
6943
7824
8284
9366
1830
1830
3405
9817
5469
9045
4590
5172
4202
5715
9659
1945
3236
2968
1349
4472
9280
3409
3508
5936
3159
5729
8704
9827
3005
8703
1151
723
6522
482
623
8031
9054
6464
183
8797
2675
9172
2973
6052
398
6550
1044
7258
8713
883
2278
3395
1166
9159
9815
2978
5418
7084
2079
6857
6364
3209
501
9068
8252
6663
6316
6149
9471
1841
7482
2403
4702
6056
1635
1366
467
1653
1292
4405
1748
2360
3047
5782
9326
4774
3376
9838
9758
9767
9843
9941
2504
5367
8017
821
1593
2160
1181
5525
2480
4663
2068
5797
8208
7242
3262
9978
2876
1147
5671
5671
4547
39
2511
5351
4189
4962
9628
1868
2014
6131
1666
7364
7696
8175
7566
3508
6306
7454
8205
3140
7551
4971
3597
3449
1911
6045
7011
8602
3617
8392
8600
5408
7043
3557
1698
9009
82
2729
811
6899
5313
6917
1504
8594
7386
3152
8882
5202
2927
2961
3180
7804
7504
6690
8069
6103
2691
7413
9766
9090
5128
1170
2710
7622
8620
6043
695
4756
9771
1189
667
3454
7436
8374
109
2806
6357
2760
7891
3363
5747
6775
2834
9306
4311
697
3769
241
4193
6300
9899
8199
7708
5360
425
6061
2347
3114
8032
2084
1504
7866
1638
1461
670
1876
37
9908
1401
5345
9532
6176
8293
4910
5470
65
7379
367
9717
41
7930
8532
3529
9867
3431
1129
8031
6804
1700
4369
2569
4876
8547
1505
4559
5468
4156
6044
3161
4065
6481
2561
3078
6386
1301
4047
4099
9280
4346
9638
6614
1844
6890
4178
3282
9992
2565
1603
2247
3348
9798
7383
7877
6809
1229
1374
859
350
8751
1363
677
9726
397
9305
9964
7639
3200
6777
2074
9579
4368
3563
291
1117
1634
3419
9552
3705
2485
4060
9299
4196
1125
4200
9124
9252
1485
9075
7259
9528
4376
7303
5616
147
6954
6152
4101
3317
3087
9346
1226
6172
3914
1369
7657
1914
8906
4916
4261
5145
9092
3600
6491
2946
5760
326
2462
1666
9890
2849
2965
5681
9869
1934
7852
8420
7626
4278
4704
7879
6209
1896
2499
8500
5055
2012
5141
8839
2729
6682
7114
9738
726
9336
6281
876
6110
6227
6909
4509
5206
4382
9368
3954
5343
4051
1616
995
6725
2901
1614
697
1937
1214
9082
4384
6255
2234
9646
1509
8017
9448
4366
8966
4584
3072
2847
2037
6131
1322
8737
4629
6423
8111
2243
7678
7035
7789
5499
3709
9064
9206
3118
2393
4247
5973
2047
6677
5660
7121
1992
1519
6670
2532
75
7647
5638
484
1164
833
3065
473
8352
3172
7294
3034
6444
6577
4662
9743
4969
306
123
779
6271
3681
4699
4475
8483
2415
6895
3158
2865
1903
6184
2211
9869
3712
8044
4802
8576
2119
1661
2984
9683
5977
3384
7012
3099
7484
1274
8589
7375
3467
8717
541
9722
6699
7916
4900
2131
4468
7349
3785
1263
9095
752
2588
7197
474
9066
2992
8865
3778
907
4096
2065
6479
1605
3580
9312
7553
5607
7200
9458
8335
2161
4174
9031
8852
9560
8044
6515
5685
8968
7456
5444
7397
4867
8963
2096
1410
5488
4438
8827
1819
3260
8974
4624
1108
2261
1251
359
9972
6938
7268
7366
8539
3938
59
4498
9147
6811
2569
583
5551
1547
8196
6373
5936
9426
3699
2449
7432
2530
2124
7342
7958
6369
9208
3161
7190
3585
5322
4382
2175
2435
6420
9156
4719
3859
1703
1477
7031
1349
2742
6838
9335
8520
8653
3672
8133
335
4593
7741
6665
5265
6313
6948
9709
7311
1806
9539
3349
8785
2185
9590
6558
7015
7842
9808
5551
736
2672
3204
3731
4827
8682
1972
9739
5251
5660
4061
3660
9608
5747
5325
6719
2534
734
7911
2970
9314
686
3565
2404
5580
6127
3955
3687
5695
2392
8736
1277
7546
4024
6120
6089
6855
9105
4
1050
9826
8289
2311
2907
8979
934
9176
9471
3364
1255
4798
7112
988
670
7376
6771
8245
8643
7409
8015
8445
3226
9792
9724
9094
4238
7689
2903
5475
6566
7911
5790
6343
8408
4690
3943
5994
9469
1155
8332
5882
7075
5551
2568
8050
3982
2325
6366
2147
239
6540
6093
7545
2910
3784
4832
2181
1649
6723
3763
140
5203
3767
3866
703
3737
4909
1979
2626
4576
4765
8029
8731
4398
3058
920
7559
9236
8364
9000
795
4739
1794
7284
7433
3045
3478
7684
8273
9377
6203
387
7193
982
7374
4220
8901
3406
2569
1332
6370
4261
1415
6876
4988
2617
9226
7484
4639
2938
5930
3284
5370
6092
7167
6974
7063
6382
1113
21
8661
2760
8602
464
7846
4444
3397
8982
7820
6011
4110
9887
3852
4677
9177
1553
8577
2996
1549
6403
1709
3471
326
4029
6774
7681
2402
2288
4757
1445
8410
278
2133
9282
3709
3988
8658
5943
7004
118
8515
170
6258
6060
6928
5995
4045
4380
3189
9852
2189
8232
211
7598
8614
142
168
4124
7693
299
5559
9646
9077
2103
5135
1012
8948
2095
4513
3394
1992
8578
2011
7582
1969
8261
1291
776
3697
3089
3694
4235
9539
25
4842
9449
8990
5032
2013
5587
875
8743
1085
4907
3826
5385
4441
9530
2200
8406
4101
2519
1430
5953
7593
8580
8881
6856
7574
4833
3754
3107
59
112
2300
7926
278
2020
2676
9507
9612
4586
7125
9233
1885
5779
7877
9778
2316
3358
7131
2859
7891
9585
789
8619
3591
189
260
8633
4951
608
6539
2323
3765
3047
6055
2254
403
1164
8302
7176
3150
5296
1156
2971
2286
59
972
728
4183
7896
1007
8049
8617
6656
3578
4392
679
6686
8445
3758
7244
3035
2339
8368
6721
1381
2337
5091
42
2088
8789
2347
235
5357
1921
8958
7753
1913
9881
7996
8792
7850
5020
8070
4249
9330
9479
1676
7662
2652
796
5249
1524
7912
3161
8392
2680
9919
203
373
9185
8345
739
432
2941
182
9802
4712
4740
1489
3414
6686
880
2166
7111
9846
3478
6987
4982
1112
9766
8531
8144
926
9216
2773
8995
1334
1157
6106
306
6474
9714
3328
6314
842
7346
9758
6312
9477
3043
7044
9931
769
6342
1460
7291
6974
3690
5533
6517
9732
9432
8684
5735
7885
9701
249
6573
2703
3844
8711
1470
1297
4640
4266
7623
2391
5574
7963
6293
9938
655
9556
7351
9109
9896
7950
5461
6058
1447
2642
6096
7608
9604
1951
6679
9453
6422
3947
628
1849
3524
9009
9758
9860
9822
8715
3610
1195
339
4361
2610
8433
1118
9849
5660
3986
5247
7888
1740
5551
5464
5503
9437
6999
9522
4702
7896
4656
5483
6809
7653
1741
5492
4462
46
4383
8199
3557
9431
1072
1980
8517
3350
3666
3378
8205
1925
2127
7754
6491
9282
7090
2088
1063
6610
4009
3014
6399
8564
180
6759
1992
2165
1241
1465
4902
96
6879
6521
6489
8348
6445
8010
6802
1520
3918
4135
6493
7800
8224
9599
5374
9599
9334
3279
8768
5163
2728
9284
7645
1068
4833
7493
6227
5458
9881
6003
1208
7129
4239
4576
21
6107
7739
5148
1695
7243
2765
2704
2777
9537
966
7448
2481
386
4306
7082
5815
5761
1891
6205
749
4443
6508
8405
5695
6870
5136
5420
6496
6895
5824
6915
7967
7826
9283
3867
3597
2455
7286
8359
8446
497
1560
2621
4516
5841
6222
613
4885
321
4022
6108
2778
327
1648
2290
4393
7536
2201
9207
9792
5245
3545
7086
4443
7378
9709
5433
5130
8104
8776
193
7824
6157
4758
3754
1874
9489
2840
5535
4399
2644
7088
4079
1115
1402
7207
5127
5005
6655
6269
3942
2218
2206
4461
4359
5356
9277
4857
1444
7950
3845
5965
9472
294
1624
2383
1971
6075
9502
9288
6031
1253
1552
8648
8740
1513
2346
5114
9679
2269
241
7299
9707
5674
8551
5857
2955
2403
3062
3169
5874
2050
241
721
4482
4917
1640
9355
8544
9693
6523
4408
9293
6066
6524
2505
5550
8658
3278
9234
1597
8847
2392
7299
9005
4019
4874
2841
3777
9563
184
3593
9611
7569
3455
6272
7890
7550
3094
2211
5062
8792
3986
9593
8491
925
5827
7853
2589
9217
5707
4833
8027
3695
9043
97
8179
6750
3158
8425
8634
2090
3386
5984
7501
9095
2451
7913
6594
466
32
139
6096
7851
943
123
8256
9628
7153
930
8854
7401
977
540
8705
2932
4228
3619
1322
5189
850
6115
6974
8011
8593
4002
7888
2476
8691
6223
4075
4470
1167
8497
4367
7201
7382
9003
2659
425
755
9169
5044
3022
1215
2811
9572
3208
8841
4662
6697
1159
7435
5002
5110
2114
9293
514
4653
4124
8331
2774
5254
3524
9889
4840
8411
2954
2048
3303
5688
1268
5078
7847
6859
2044
2780
2889
8869
7573
1893
6170
5652
8170
3503
7343
7948
2449
3424
5494
1759
2821
6918
8346
3843
1861
6772
7445
2741
9438
2772
2994
4226
7552
4899
9235
783
9645
2209
6269
5741
3849
4276
7012
4036
5097
2326
8658
3219
9316
2757
6423
287
4030
6589
3642
2200
3606
4587
6340
520
4123
9285
2287
3531
2359
1955
4250
2382
5771
4663
4662
1346
5495
5017
4254
6115
2366
3929
309
8203
6765
4783
1190
7982
6695
5768
2496
3681
4897
5810
6824
8723
5058
8548
3471
5213
9202
8086
6602
7089
3194
4876
456
2453
4980
43
7934
989
630
1661
4594
8960
6584
7096
3493
1290
2554
1361
7589
7496
8500
2633
5496
5802
800
2568
3248
7715
7270
862
9450
3499
8067
603
3678
7550
9648
3439
8342
1507
1958
1269
2333
2059
4800
4278
737
9903
7940
3456
8662
6058
931
9472
8777
1856
2844
8724
1577
9289
9173
1722
4548
9158
2983
8563
1461
5442
92
1205
5791
5681
3508
2470
2953
8806
665
7285
4436
3795
8094
2520
3227
4844
2075
7980
3941
1293
560
2588
3003
3475
1183
6609
3896
8857
2529
2893
1
6360
1020
7521
2894
607
3715
3021
7081
1969
8158
5328
3116
2767
3964
9092
9784
4739
7305
4552
2635
7997
8620
3245
505
7081
5981
9103
3892
5418
1344
6089
9026
5561
4623
3503
9339
8876
972
5293
1630
5015
9974
264
7709
8488
1519
5988
3528
6897
2100
338
6907
2998
6930
1122
1827
659
7901
6056
1981
2989
4677
2456
8755
9434
6448
8464
9165
7493
4808
5345
7384
3828
4020
3476
9459
9033
3552
2991
4566
92
9166
3754
7730
4630
3064
8303
8316
1486
672
5727
5805
2834
1440
4056
9360
4102
3765
3671
537
9294
9574
4494
9090
946
2410
5259
321
5927
3985
4053
8630
571
8053
5488
6030
1206
7195
1354
6264
9042
7665
8419
4855
1623
9769
9154
2934
6523
6435
8612
8021
6857
621
3387
8043
2285
2957
6703
5859
3684
4680
6988
286
4409
7276
6012
6208
6177
9523
6647
743
2987
4635
9609
4621
2226
5077
3167
7948
8101
281
9747
7360
8923
2983
8575
7175
6369
3169
4084
650
1849
4741
5675
8652
2360
8933
5592
2167
5801
213
8180
1942
3641
4966
5587
3240
6998
613
2106
6219
780
2956
1773
2750
9310
2562
1582
8645
6059
6741
5740
6183
9541
2324
4749
5607
7212
5825
6797
5839
9311
1820
7899
4009
4962
7414
1589
652
3579
516
8531
2367
5656
2313
1384
6613
8329
9803
484
3922
2780
2553
1462
1256
2487
8945
6804
6508
3642
1075
9508
8206
1576
4227
8522
6385
24
6353
2432
244
3175
5377
9993
5784
4075
7275
3528
1875
6702
5880
3972
6377
3249
6159
4378
4883
2574
6280
2085
3396
567
246
8430
2832
8272
2072
8861
7641
8996
4519
5649
3002
1357
289
9982
5095
1238
1200
167
6741
1973
1379
7932
6370
8708
3786
5334
1690
9879
5478
690
716
5999
5962
3100
1880
3543
4680
1643
1821
9623
8252
7124
4166
1347
5407
1376
5117
2307
7755
1541
1968
7430
7475
4514
8836
6647
8824
9785
9814
7217
8966
7264
3528
4398
5023
398
4647
173
8498
3833
7276
198
5241
9225
2374
9814
9005
2388
6327
1003
9284
9922
643
3517
9617
3705
3375
5035
824
7172
1308
7181
4754
8197
8216
6526
8033
9554
8579
2247
2023
9458
8002
5049
4771
1442
1317
5157
3032
5009
6823
716
7675
5877
458
1753
3709
7399
6840
9049
6989
2815
5038
1679
3244
1321
5706
1800
1507
9662
2806
319
3236
4924
7480
2509
463
3516
3887
8306
1168
5963
6786
8103
7730
7027
8484
1144
4791
5973
8424
302
6170
2291
2085
3981
6534
8111
7176
3144
2502
9687
4161
9079
9532
6845
5011
5402
5521
1083
8829
6006
9382
147
5443
9197
3035
9309
8449
7103
8221
7357
7247
8571
5358
8322
3644
3255
226
8375
2270
4346
5726
974
5708
7515
152
2361
4557
4017
474
3800
9888
6608
8988
6583
534
8003
4330
732
509
2863
3357
8606
2446
6027
8682
161
1425
1611
7735
7459
9809
9910
3167
2261
7767
1586
1115
1961
6077
1586
3422
5983
7464
8366
2201
6862
267
7610
375
7636
3529
3397
9738
9975
5761
3960
8900
5472
556
3642
7092
5939
1007
7407
6201
7186
1438
9381
2652
4806
9363
2266
2779
9744
2761
220
193
6095
7788
3789
1323
3460
9853
1828
5767
1486
6623
2012
1393
4721
4978
8460
250
1819
5183
2334
222
4297
4631
8788
9132
6551
384
1616
2517
622
4434
5094
3653
6355
8141
1096
4586
9991
2584
8352
9889
2007
9745
9903
661
8056
5348
4247
4896
5230
7970
5461
1755
9563
585
7662
1500
9666
117
9574
9912
5720
7745
5683
5840
2630
7729
1481
3205
1131
5355
1647
4278
818
5205
1660
9315
4693
9444
5285
8752
5628
2035
2689
8074
1383
8897
6487
2201
6262
5890
5939
5787
4338
6208
2746
8142
1267
6283
5385
6720
9153
4609
2796
1015
1688
1038
2345
9575
4801
5056
1504
6385
1488
285
7403
9326
8097
9048
3544
2622
3408
5215
8343
7253
1112
5743
5893
8132
919
1317
5349
4538
3466
4370
1695
769
9443
8321
7285
7258
3889
5395
522
8512
2503
1584
5324
3147
7992
6425
2578
3013
957
2132
2738
2960
1643
1324
6883
122
5993
5097
2113
1804
1866
3522
5978
3983
9044
8764
3798
8278
9685
6989
2185
3807
4282
8965
1863
1782
1818
852
2963
4927
1867
6042
6368
834
635
6133
5410
8226
2599
4101
3223
7768
4305
5582
2427
4551
7152
4794
5425
7638
1529
83
5605
3209
5546
342
1975
1703
7792
7609
2367
6145
5024
3046
3251
8326
2531
3206
7393
1908
6994
983
4131
6655
9143
977
887
6001
6207
2145
8655
923
2248
1542
8709
6726
7826
1724
2513
5731
9109
962
1920
8113
563
9784
2156
5155
4643
9586
5772
4046
6533
9035
1804
1034
1916
1817
688
178
996
4948
2156
8294
2550
250
272
2744
7660
2927
7080
7651
3956
186
3879
5871
7692
9772
7081
8549
2793
2973
3795
1487
3111
9149
820
7688
6586
9174
9557
8425
7727
3314
8502
986
7903
5010
4462
9832
1291
5788
3384
9335
8015
8091
1793
485
5012
2240
232
995
9442
874
809
8100
9116
9285
1979
5981
9309
2853
5032
5263
5601
3426
8402
296
7922
4946
7880
1051
1862
4875
3091
359
9479
2050
3172
3977
3341
3471
7505
479
4329
2253
555
337
5873
6427
3401
8731
4691
3673
8384
4576
884
127
7429
9084
8252
2401
9101
757
9116
706
4176
122
6558
7518
4649
6761
1037
638
6458
3228
7604
1682
1953
5287
4592
1050
4133
5575
4549
8237
1027
8288
3479
2002
5249
5761
4956
8338
716
3911
1592
5454
5783
2466
7489
4065
9649
7570
1816
8139
6793
8963
5462
5992
2399
1234
9815
4081
251
8839
9169
6208
3437
7551
5999
8975
7347
786
1396
243
3873
7885
1323
1167
5571
2796
3048
3895
8554
5890
5082
6442
3338
8631
8280
3424
3553
712
5364
6364
3461
1911
1067
91
6571
6418
5340
2390
9258
5662
7621
2523
5314
6765
1032
476
9572
7697
1557
2877
1370
6893
8739
3415
1518
4661
1247
5275
9627
6064
2787
622
2210
103
1250
7497
5774
8035
6751
7600
3294
4425
2248
9406
6923
8163
3828
9809
4544
7055
6396
4064
2892
8864
4524
8169
5339
3699
7508
53
8184
7498
2308
5918
5282
4029
7974
5931
7205
3312
407
9058
7775
7644
6852
341
7761
2522
5409
5107
2824
8674
6012
3726
369
3137
5821
7395
7865
1857
3787
127
3420
3640
6269
4622
7902
5465
8004
55
6747
2114
484
7902
8754
8911
2845
7903
8611
4920
8753
32
9680
5398
6429
9867
3671
6526
7987
4200
4196
2455
8531
874
1963
4598
5083
1868
346
5725
373
1476
1425
6936
6726
2043
4248
3836
867
8187
9015
9378
1318
6683
3168
4728
6255
3258
7957
6254
1175
9447
6947
6269
2542
2334
1158
7511
5679
7523
9038
6528
2645
1008
3321
9089
8523
8754
964
1543
2663
3714
6819
5670
4739
8810
6482
941
4196
958
8839
7389
5653
5592
4228
4268
2108
3358
9861
4610
2448
645
156
3366
9670
3461
5993
7377
1479
9760
3533
8661
5476
8825
213
8624
7026
7522
2809
9712
9065
2340
46
2769
9630
3021
120
2866
4645
8255
1729
3775
692
6451
5735
1373
4849
4904
3386
9284
6486
8818
6232
5821
8926
7589
2270
9933
7259
9505
2684
5229
2289
7618
3596
5442
9574
8891
7653
1660
6825
5951
1013
1587
2570
5774
2271
3697
3889
2450
1252
4652
1297
1816
7215
6650
4397
4198
7988
2459
2789
7733
3841
9815
2921
8870
2453
3590
3039
8462
4288
3677
5214
1630
845
8892
5546
7030
1825
2367
1066
6525
1065
1864
4597
9352
5243
9261
6921
5868
3834
7042
8931
4680
3567
6047
5149
3566
5704
7968
3984
8943
9893
8119
9406
890
4032
8850
3338
681
5626
1661
7983
5648
6437
6525
2573
1825
8911
255
9564
8241
9779
1805
1165
8034
3557
1372
8307
590
6215
1826
597
5823
7223
5604
7661
6394
6349
7498
9361
6193
172
3977
4831
3702
2032
2645
7994
7023
8377
1205
308
3286
3846
3960
9829
8910
7267
5232
9381
8771
805
3352
5615
1710
4895
5915
5032
7015
2324
6800
2677
1507
5838
8204
4147
9714
4986
6317
1774
214
9590
7661
1442
9697
9143
4117
7322
2560
9765
8677
8025
7900
2904
595
9150
7675
2872
8237
4008
9492
3535
213
6444
4994
7977
584
7076
126
8820
1905
7049
6726
1020
634
1437
5794
3413
3089
7796
1592
89
6488
4066
2265
7726
8899
4007
7080
437
3909
7645
2579
9396
733
8859
9923
524
8092
2129
3574
9857
718
5751
7042
2883
598
9341
4925
1068
1197
9355
1677
6098
1796
7514
6668
9934
836
3509
1925
6675
1663
5201
3691
454
1459
6608
1421
2099
4294
6445
8160
6137
2198
7675
4387
8874
3980
1655
3364
7733
81
8756
9765
1824
3199
1074
4957
3800
8639
1819
1679
3446
5369
269
8062
4172
8648
815
5939
4610
7723
9546
1230
8835
7599
2056
4811
393
2156
1725
714
7286
7004
8598
4795
7328
4382
5155
1045
5880
9128
6762
4623
870
4281
1415
389
3228
7270
5483
3210
4360
2748
9604
1650
6176
6169
1640
9783
3274
2942
1622
2805
1401
1657
7028
913
1053
6238
5377
2442
171
1146
5145
1685
5304
5778
5313
8986
6302
9065
8449
718
5646
2940
2194
4579
9849
3829
9254
1274
7012
4593
6529
7096
1586
5469
9934
3179
4677
1483
2585
6275
5785
5492
585
2778
9815
613
2377
2432
1366
3101
4825
655
6864
6942
1557
8744
3928
4361
6880
9350
6495
2292
1624
576
3727
3413
5639
5786
467
1781
5358
7817
7110
7349
3824
5639
7167
651
4895
8723
1478
8832
2949
9389
9116
6840
4359
6219
6283
3082
7229
2255
6230
7151
1467
160
5126
8309
2107
2765
1131
7357
5016
1510
6478
1215
5558
7167
5291
9118
7668
6922
3072
1649
2832
9422
7305
9031
5952
4696
2497
3032
7810
9001
7070
7695
1882
5597
4044
7636
6633
1207
2174
9121
3130
4493
9329
8340
1753
7260
5273
3343
1143
1310
6747
943
7102
3858
3751
7591
9132
2265
2286
3652
7506
4455
5448
3868
4345
4861
1743
2835
8041
6968
6750
3284
1536
2622
1879
6653
1474
5152
1822
2
7045
8034
560
657
4456
3361
4281
146
5400
4684
8409
1966
5640
6929
5100
3516
2867
2061
7024
1116
1386
2887
3017
8479
4841
9004
1288
3195
7201
8254
6257
2865
6515
4261
5818
2346
5603
5623
6844
6240
8722
5160
8089
6265
3556
8267
1295
1389
3378
7835
3270
9767
5145
9497
3986
5378
5434
5013
8320
9049
7654
3489
1981
3036
745
9826
5366
731
1714
7320
2606
8206
1786
6621
6925
2285
8683
6431
7564
633
5614
2251
7988
2957
919
8237
9881
8816
994
3824
2514
6777
3117
1130
2462
1698
4110
1382
4381
1757
5370
8583
9559
4532
4766
6491
5313
1892
1113
590
4931
6782
7498
210
4846
1047
5628
7167
2988
2402
4502
6431
9850
344
3258
1141
1709
5359
9804
9052
3660
3150
4004
9955
8623
5731
6579
3967
7357
4262
2670
8710
3637
4253
2030
9344
8220
2392
6209
9179
5010
5648
6751
177
2911
7556
7450
2011
7253
3598
7978
5579
5415
7474
5856
1855
2248
2714
8645
9795
2287
9563
8484
7639
7371
5344
6668
419
229
7650
6813
2712
6921
3578
1355
9779
3553
4988
7597
2093
5624
9302
6367
7974
1560
7683
8413
6543
5518
7654
1146
8543
8376
5135
1062
5696
9997
1722
5212
233
279
6591
8503
4962
1317
8855
2255
851
8069
5418
3454
3444
329
1417
3435
1671
4504
5186
9361
2581
9756
7356
1790
3378
9354
4175
6863
7759
4787
8421
2193
7016
7106
7399
1449
7598
7273
6397
3738
5931
4857
7756
449
8161
2331
190
4000
7175
442
396
30
1797
8628
9130
7066
3341
3327
6915
5364
2852
6142
336
9754
8332
3312
8481
9629
4971
7696
497
2935
3008
4583
9478
6
7218
3032
4911
7375
9209
5146
5790
1344
8746
6743
9156
6004
3123
4189
4308
641
4236
3828
1216
7036
1481
2411
2774
8021
4832
9174
4440
4842
6544
2849
1557
2367
1806
9742
4161
8001
8371
2254
1467
2264
2676
759
3355
6439
5339
5541
4205
5434
1992
9700
5158
2063
6394
8365
4550
2308
1540
4336
2624
9821
1000
5360
5892
1914
7171
3666
8553
8582
5279
4066
3200
739
1987
2988
758
3766
5306
7106
38
7723
8112
6930
602
6127
1040
7631
8726
1067
1779
6701
5180
3616
6865
5586
5247
4993
8949
379
5978
5719
7224
4830
2999
7150
1197
7496
9375
2202
8313
3647
2006
9799
4087
1740
6825
672
9319
3698
2667
471
2767
8034
5089
9858
9178
4934
5672
234
2007
2804
9347
8044
7321
6534
2162
261
405
8708
4562
8547
9405
6378
748
9837
994
7626
2935
6678
1472
4126
493
1485
2972
8198
7803
5079
8553
5408
1444
1373
1778
6694
6838
6857
6157
7199
6833
5664
7251
2513
9896
8440
5648
6886
3534
5966
2085
2089
9365
6549
6970
93
9888
9564
5324
7506
3362
6217
4706
4779
2494
2578
8104
8605
4637
9261
5941
1668
6062
6726
1381
9866
538
5123
914
3543
2939
2846
7872
5862
1868
8494
9925
8432
1405
6850
2926
1581
1015
631
2482
4249
4339
6266
1566
6380
2187
3794
7160
4900
2357
8036
1411
2890
9103
698
3151
422
8031
734
3718
4641
8008
3413
6983
6173
274
6868
7271
8700
6340
8606
376
8618
515
3430
2331
2123
9925
8565
7721
7756
4745
1356
4386
3485
4035
9888
4159
8717
8046
7063
9923
3309
6159
4284
7728
7584
705
1726
8949
9657
859
8368
1561
8951
7507
6459
1480
7680
9533
1889
4608
5294
4324
4063
7748
4423
467
6295
1866
655
8577
508
4316
2670
6996
8045
7581
3710
2699
1807
866
109
4161
3587
7415
7742
2183
4458
4856
2618
6678
5424
8031
7560
2323
99
3793
2961
3597
1163
5103
5912
248
7562
7334
8674
7490
9978
3202
4419
1353
7975
3953
5433
8522
3393
3542
6580
1722
1076
9395
4702
6258
9801
8073
2877
658
3419
6641
6937
4557
4635
882
532
9903
1609
9620
4145
7401
599
387
2938
8666
6262
5381
8081
6019
4883
8302
6315
6050
4824
1965
2875
145
2763
3845
3637
4989
3935
1692
3377
8777
9513
4166
8342
4282
4492
2105
3013
8274
5037
4472
2895
7846
5073
9272
7430
8153
8130
3834
9729
2768
1897
705
2734
7429
9796
5134
4592
273
5969
7594
9598
6858
7519
149
4864
6205
590
8596
7038
4932
4920
3233
7865
118
4881
9914
2137
7969
3695
9580
6693
4586
1499
8865
4510
7164
7268
6553
3644
8828
9193
700
6811
7943
8055
9031
3738
3254
3387
867
5044
9470
2762
2283
3402
4027
423
7470
4993
4672
2634
8315
1841
9252
3663
1140
3550
3611
8061
4192
5139
881
2083
2040
6226
5580
9461
3291
5633
8953
4545
6243
4641
7751
8848
2977
1589
7250
5397
6196
276
749
9012
4667
4731
1987
9574
2507
3288
3982
9707
4769
5655
7632
7861
6774
7653
6097
2775
7464
9663
6452
5479
7692
6459
8396
614
2809
8072
897
9663
5153
3607
1585
4907
6146
2514
415
4393
9570
729
8683
5020
7281
2293
6806
2946
6163
608
9468
7995
415
7307
4706
1425
6410
874
4283
4538
8314
1606
6322
8935
1414
4296
7585
7924
6668
5100
1994
2576
4390
4429
4061
5235
7150
3471
711
7900
2025
7914
2684
2837
118
8820
7159
8014
6909
7237
6538
520
468
6093
4428
6983
5784
207
8792
1205
2581
2819
3949
5697
827
4966
7646
5639
2879
2212
6796
873
3704
1808
5620
3994
927
2154
2925
346
4607
5602
1031
8769
2587
5125
7472
327
1011
5099
2007
5935
1190
6596
5701
2774
3378
7926
5894
3711
5201
1935
705
3554
7529
2542
9406
897
3353
4368
467
4560
5912
956
7368
9188
731
9024
3376
5437
2496
8491
406
6357
1782
608
3803
3085
8512
9379
4435
9748
8727
4750
1836
9617
8777
9485
7295
1976
6341
5552
3783
1907
815
9946
386
3257
6600
4381
2528
8425
1509
8008
5661
7276
9153
7455
9367
1497
8511
3856
815
9
6096
2243
1398
5666
6139
4731
8033
3416
2042
5233
1084
5322
7974
107
4151
8420
2939
6103
7094
7251
900
4235
2560
4074
9630
5827
8000
6282
7807
4830
9738
2344
4632
8772
2963
4687
8680
9199
1728
422
3094
1302
5980
8497
2304
1594
8443
4968
1433
1946
2821
6412
3316
8076
6123
5215
9601
666
2233
9445
1819
7692
814
4331
5484
7256
5528
1989
5301
1237
8219
972
2391
1420
1154
7453
5062
1404
7762
5425
3112
9563
3344
4143
1905
601
1223
7260
6537
5833
6451
9541
8292
5232
8800
3911
5287
7465
9071
3657
6706
7727
7943
2084
5361
6942
4554
4612
6439
113
2810
6430
1250
6041
6995
2115
3539
5403
4706
2372
2518
9279
4329
7001
1133
5614
6348
2520
304
6813
2605
7497
9861
7688
5308
8570
4743
9327
8064
5369
646
1097
4495
3127
6764
9943
6108
7629
4522
3451
9
8329
260
702
8760
1953
6752
2861
9243
728
3081
3649
4734
6481
4959
8376
4561
4301
7860
9058
8695
7165
3499
2266
420
6045
6117
5851
8825
8318
8800
444
4280
1032
1638
1723
4290
4544
2896
9826
4154
6370
1596
3045
6715
4700
4882
3895
8154
5960
6396
7056
2259
1058
2513
287
3878
484
1714
1402
3403
9339
8682
6664
7994
9514
8713
8542
2046
7762
9993
3674
8873
5183
911
5091
8009
5803
7164
6293
7618
9310
8672
8597
9555
5798
9484
7319
5348
8402
4809
6834
5022
3074
8043
9326
7079
3453
7258
7114
7169
2760
4981
3862
5062
3941
7317
5684
4340
3953
8455
9170
6928
7945
4417
9728
5051
4396
5580
236
6485
2796
898
7027
5091
1326
8047
7440
7525
3180
2780
807
8747
6675
7654
2616
3496
6088
4994
9818
8253
7269
1481
3780
8376
4557
2049
6180
8064
3198
8930
2358
6620
4591
7626
6039
3054
17
5351
9157
2515
2186
9050
573
2246
2956
9495
7906
1806
9872
5150
7379
2168
3775
4511
7634
934
4693
8448
4790
6439
3456
4707
7679
1747
2020
5182
4152
695
6384
2823
1623
2034
2136
9126
7610
4440
4179
5019
8932
4728
8985
7682
1430
3937
9844
3316
5605
1131
3014
1230
7412
2738
5404
7722
7597
6025
2514
9204
7411
8950
8678
2755
3337
4993
379
8876
8531
844
7374
5602
4097
6839
5691
5317
9008
4902
1153
5634
3530
6418
2054
3524
7335
2913
4824
7507
140
5765
7080
6177
9666
7208
8357
2573
9002
3849
9951
3010
3031
5647
1847
5830
1487
7809
6466
271
4410
453
6120
8134
4314
1034
3485
1248
8199
7495
2125
5906
1696
5930
7195
1330
7111
5119
4790
3051
6877
1720
2095
3597
4049
4140
9501
2326
1848
140
129
3393
4988
3081
1861
5874
6536
4383
1869
2883
5410
5271
3909
7160
1242
9125
4182
9046
5327
6905
2450
9026
8633
2008
1263
1098
437
7652
7657
5098
4069
9415
8479
5819
9437
7935
2630
4272
5547
1896
925
1750
56
9468
7050
500
7069
7093
1099
5751
8823
8160
610
2608
1706
518
2626
7887
2125
977
4380
1368
3155
7036
9431
3118
8590
881
770
3559
7079
8403
2283
781
5327
6433
5258
5227
6017
4707
7124
5323
3075
5161
5544
8894
4147
72
2090
4277
7788
2311
6298
1918
708
5473
2647
1950
8702
9060
160
5751
3345
4003
6749
9802
5423
6815
8159
8309
5197
6469
4439
6987
9068
6673
5223
4182
1983
7638
8799
7046
5009
5677
8927
9920
7907
6005
7672
9208
7250
3940
2160
4106
1645
2431
8058
5301
6979
9247
2863
4460
6224
5499
7612
5720
341
8257
6510
6682
9063
3937
149
463
2951
5865
9490
2279
985
8967
4573
3675
1216
6873
4063
5089
5468
1930
9143
2707
2975
6531
8038
8735
1943
5032
5488
5147
2519
9074
4860
9730
9416
5572
9295
9813
7516
5856
2241
3471
9207
6492
7067
170
7883
7158
35
2836
8094
8615
885
1166
9153
4311
482
1614
5658
2411
5568
2944
5365
1196
6516
7501
2101
9643
5161
7420
9015
6756
6289
1879
5348
7757
8160
6201
8124
2590
4570
6114
8702
2350
3381
815
2936
2263
4192
6592
2862
5581
897
8737
7311
1408
3208
3221
8566
866
4955
1176
2336
230
5917
8629
8674
6725
8282
1112
2194
2520
8432
7786
970
5110
9697
2557
4838
7775
1943
265
5463
2084
9446
4505
2505
5516
9346
9881
2494
1193
9170
5565
9603
3431
3406
8934
419
2390
5919
7740
8019
3414
7105
6774
4178
1853
2134
337
2389
2124
9354
4917
8516
553
6002
7476
352
5157
1723
3448
2164
1931
9100
5187
5349
6435
4357
5926
1764
1523
749
6558
1991
6904
1737
2521
6814
3889
982
5917
6542
9162
1463
3614
9446
4706
6545
5532
7551
7100
1708
8582
5301
8361
6849
787
4180
2165
5513
6996
4314
3911
9280
2329
2255
349
2592
1953
2678
4749
5784
6154
594
6498
1800
7783
9782
9839
5139
5106
2640
5058
9945
6844
6427
6856
7838
7774
937
8834
5084
2632
3079
108
2979
3257
4500
9890
4993
8944
9480
8556
9093
2770
1602
9177
3957
7307
9385
1822
3316
1584
3036
3991
3548
7410
6719
4504
5819
7255
3370
4866
5563
7758
1949
1674
8911
2636
253
6009
7773
6279
9951
890
2735
4633
4295
5863
5662
3110
3172
8592
1958
2206
4573
6913
5804
288
6361
1223
379
9553
7296
6334
9055
5570
1677
3922
2872
3000
7671
1581
4219
114
5441
2161
6565
2530
7496
7519
5351
2244
348
4149
5683
1463
3548
4200
8363
2024
9397
4379
6956
235
4270
6889
5095
3874
354
1160
5024
2775
4824
2435
5520
6942
2026
3476
9729
6441
3033
8593
1239
5480
6136
5045
9731
9003
1259
5399
5940
3923
1083
5913
9345
8639
1748
194
972
3925
6389
4436
8031
5428
5497
408
6716
3054
9109
5008
4423
5316
7159
695
2895
7391
6002
9385
9347
27
1046
3527
3511
2754
7745
1951
4709
8898
5756
4852
4552
1766
3988
1784
7691
1120
7473
8903
5143
6502
523
6869
2153
9352
4463
8779
5310
8947
2384
8317
1667
8189
7833
1886
6011
3969
9128
4928
1087
3463
6054
1841
9596
2061
1130
963
6074
850
3325
945
1382
1565
8140
2473
2496
4763
4292
9830
5475
2595
3923
26
104
999
169
3365
528
7410
3252
8206
7406
9133
3802
4443
3590
4440
49
4710
7154
3114
3713
9738
2707
5706
7966
