8143
6733
4075
3812
8643
5317
3055
6966
3529
1999
5404
4379
121
8547
564
8420
3005
6692
4381
1684
1185
7017
5139
4656
3154
3633
7043
848
6907
1233
1010
8397
2077
3504
2987
5952
4357
9634
8116
9833
8168
8723
5030
8892
2128
247
8318
3306
3297
2428
8772
3590
397
9349
420
6550
3262
1966
521
5582
5603
7774
3748
3768
858
8828
4568
9541
6369
8063
2492
6354
9417
9415
3289
9755
9750
8093
5553
7520
7166
3577
6038
1117
9415
9362
9110
9649
5262
314
5320
652
9866
596
1642
5638
4843
2572
1221
2127
3296
9833
3628
8035
965
5538
7557
8784
8180
656
6651
2246
3760
5348
5740
1729
1218
738
9132
2622
9671
7631
4817
4022
6706
3352
8429
2687
8123
7791
8673
3007
9959
5034
1509
3325
1471
7449
3870
5914
3879
5034
8942
5186
8583
3957
4091
6282
268
4746
9428
4131
4911
2398
9683
1232
9987
7756
4586
976
4395
1987
3255
2140
8570
3694
6240
9346
1052
1282
4825
3739
6383
1543
917
7912
614
9130
2481
9193
4944
566
8791
5814
5048
748
7039
1188
3492
9526
6796
2551
5327
865
1670
1565
2408
7350
8140
6121
284
8333
9978
4548
2607
916
2941
5718
1928
9121
8499
1102
2474
8110
7209
7761
39
7111
2103
4452
6473
6835
9908
6544
1430
4602
3275
9314
2007
3119
325
3300
1693
6945
8747
9873
3656
4000
465
9977
9815
8214
9461
4039
6365
3343
9699
6493
8476
7339
2342
4033
1711
1255
1403
2779
5426
6595
4853
5834
3832
271
3799
9394
3749
6891
5811
2526
4129
3956
9740
2991
1397
6740
8436
9093
6337
6107
2650
5439
2830
4349
4122
8681
6075
1208
8356
7877
8118
4732
7890
2895
1464
9302
5041
3498
7358
6263
9011
1141
3924
952
6030
5346
749
3579
2771
6573
751
445
2653
7917
7194
6252
1859
8675
3572
7908
6898
3853
6759
5143
8348
5014
9279
3504
6092
9523
4861
853
9749
7214
2548
9363
4323
5768
8519
1178
5113
8680
1545
7419
7845
2613
7529
6992
9668
4114
909
3815
4178
9228
5920
8466
8944
3365
8633
3041
7144
2922
1527
6039
5890
4646
5924
7467
2546
3470
4044
3055
6940
4667
1663
435
1746
1557
4407
9477
5513
5710
5549
3575
2830
2626
860
8601
3921
2197
6540
1518
1627
9921
9542
1168
7163
1782
5692
9644
7279
3012
9971
3809
4582
8508
4986
3065
9594
601
8256
1218
7861
8078
6264
7475
7930
8880
3394
3976
6327
7753
6859
5054
3800
9245
4509
6446
3057
5953
1022
1070
1962
1653
9378
1635
7749
9067
8766
9369
7187
2402
7103
2458
4827
5525
6198
7383
6464
7636
266
1302
7789
9680
3967
3854
8834
6351
4441
2316
3230
519
2919
4919
7616
9202
5391
3326
553
2756
8557
6718
2219
1896
6818
6812
5831
346
8416
5199
9288
4456
4013
1835
790
4952
8950
6286
5401
149
1253
1347
398
4405
1025
2056
6049
373
3300
1789
5039
8710
5644
1114
8114
4278
3859
4401
5742
3610
3968
3803
5592
4420
6337
134
3440
4278
8278
5443
767
2238
4757
2618
5745
4147
2934
3236
5573
9640
5185
6053
7205
6446
6977
5014
372
5481
518
7483
1531
8454
2441
500
9864
8232
3974
5324
6757
1025
4990
8227
8373
8631
9157
8603
6819
8430
5991
3801
9217
8588
7032
3777
5530
6035
7606
7655
5399
5153
2659
8591
1423
5871
5015
2969
1349
823
7061
4852
4438
2632
2374
6912
7926
3983
2044
4554
7933
5130
1603
877
5435
5769
8348
6261
1999
761
5604
7869
1852
2140
9971
1170
6545
3006
25
7708
6016
2453
11
749
5136
4524
151
3222
7989
8320
5887
388
3066
857
2043
3074
1325
9051
4289
5958
5629
2293
9506
9412
4470
2458
8705
2706
5077
3942
1011
985
1020
2315
4873
8390
7237
6530
3154
4899
1064
6270
2029
5070
1262
2990
9760
2677
8339
479
270
6478
8491
8350
8238
8784
416
9775
6918
364
8903
2993
7280
2282
1662
4641
7210
7751
6134
1799
2508
4782
1185
8788
7183
3500
4533
4226
9182
352
495
3622
9091
5104
4241
2864
3551
5551
8114
8391
2225
9122
2761
496
6959
242
857
7301
4463
7173
3999
8213
9319
2369
4001
7385
2421
5896
8256
9615
1026
2334
5093
3427
551
7800
9142
8649
4946
5165
8589
8713
2034
2409
5894
1102
2555
1120
1091
2910
6820
9618
2065
2308
847
7899
9369
860
4674
9676
4076
6105
9101
132
5924
8579
3571
6717
5589
2566
7114
4294
9300
5236
6294
5235
6199
4563
9008
9726
8890
2431
589
1431
5398
5687
9194
8920
6438
4525
723
3851
5305
4578
9617
2720
8985
6345
812
208
8135
3188
9863
8633
482
7021
2742
9826
6879
9028
4249
2876
1777
1277
4062
3599
170
3936
2482
9359
1236
1934
3694
5901
4824
4397
2991
1241
695
9934
5793
5335
2018
968
549
3236
3981
673
4640
3764
5591
6834
2259
5335
7739
7918
5891
5512
3438
8040
8535
1100
6764
9112
2050
1164
5481
442
8156
6196
8599
8351
2511
2878
4183
903
9011
5333
4597
5820
1028
616
6100
2791
8622
8269
7189
4978
5949
1218
5420
8302
1063
8051
5578
1283
1088
4721
2993
2656
9363
7150
4592
8744
7560
4846
6812
7704
4999
9654
3915
3091
9458
3072
2426
4981
8583
187
7427
2847
8705
8191
4266
753
8341
2719
4877
2102
6932
5779
1347
8079
5491
4923
622
1266
4750
4490
3344
3454
8110
6251
6648
4594
1250
8579
5497
8044
7607
395
9606
5776
9091
8583
3337
6074
4393
5282
4097
5378
3028
4559
699
5398
1852
6289
6911
6422
2228
8805
7005
7783
214
822
9471
6897
9224
7474
2297
8968
4432
4937
8193
487
871
2987
980
1009
2672
5161
4991
9304
9137
1674
7774
1979
4501
1174
2662
4925
2093
3548
1832
530
390
7527
2365
6505
7954
3622
7518
5385
6627
5044
2930
7274
7512
6699
2802
2282
2239
5090
4221
3190
2828
23
8768
3415
7036
2354
9274
50
2520
741
6196
6906
2357
4320
2447
7837
6505
7549
7710
6358
8650
8085
3303
3607
5549
8472
6446
3011
6453
7694
8447
6687
3476
9169
4748
5563
9912
7650
6055
2486
2375
8686
8832
5167
4405
762
314
3706
3683
2076
7931
5673
2402
1008
5496
233
461
1783
8868
1627
4143
4555
1912
1514
8752
2224
9551
9085
2242
4626
8437
7692
8338
4472
7358
6773
1825
8351
8877
8298
5774
455
898
7632
287
6293
1864
9783
5031
8585
6109
3289
3296
7789
6531
5693
3619
5238
186
6495
6109
7787
8684
5748
4517
8985
9309
9060
1843
3337
4703
2650
6792
7003
8638
5340
766
395
2886
7876
224
5575
5573
3799
7235
4113
4479
271
1827
9081
9735
1689
3366
8277
9110
3709
4573
4417
5653
400
1051
2050
1849
2628
1220
239
6636
1500
6413
4693
1636
6718
8552
2945
803
6018
3303
1423
3281
8553
9905
3827
2751
1996
4948
6073
7787
459
6335
4280
6824
7872
5340
8720
8202
9407
9259
8515
487
1702
4475
8940
741
1208
9940
5650
8754
8783
4046
7865
3395
7827
3658
5640
3158
2716
2678
4688
6762
4066
8921
5910
1242
7427
2327
5799
4314
2446
4565
8152
5048
212
9926
7205
1845
7545
103
7163
9569
8325
888
3403
8305
3595
7158
6160
4655
4158
3570
8360
2769
1632
2356
5480
6343
6551
6293
6782
4746
4973
4500
4079
6085
8269
1025
6323
7573
4325
1407
5733
8856
2178
322
3895
7104
6302
4241
4384
3616
1184
6641
1757
439
1649
9692
5510
2101
9436
5610
1535
1900
1955
2870
2960
4426
4870
7369
6843
5993
6149
6245
3151
2462
5605
2582
7667
9588
561
2497
1055
4485
5250
2211
2172
8018
8853
1628
4874
7055
4640
2673
4110
2357
585
5176
8836
2609
64
457
6475
7580
9725
2901
6006
3747
506
2833
4579
3837
6886
9771
5545
7682
8946
3718
4216
5574
1577
3627
1315
6831
5258
6334
3070
5721
3254
6353
1256
4036
742
6740
6033
4675
2472
3921
9443
3365
6836
4848
7604
6307
5916
3149
5238
2
3038
2016
7023
5714
1600
5535
6447
5176
1587
6832
4315
5949
3032
1014
5912
4619
8930
3180
7891
3455
3624
6983
3427
1531
6523
7190
6896
4420
5148
458
7417
7514
6007
2189
3941
6797
6511
3704
3273
7471
6291
3227
6397
5196
1648
6198
7774
6935
2576
5305
6922
8388
7832
8266
1499
2804
9883
1895
6365
1646
8163
4259
3650
963
6093
2852
4729
8645
4550
5608
6190
6769
2065
3326
8349
146
9967
6611
6727
6873
8845
7771
3949
9201
1268
8318
2039
3359
4535
5653
2746
5095
6352
8340
6670
3670
5834
7961
262
755
1971
6959
3498
2311
1806
6121
4
856
968
2370
5701
2784
9908
7411
1692
343
229
424
2022
760
6818
3489
7175
5604
3151
6710
9765
1931
9106
1119
9717
3016
2891
1335
2415
555
1275
6717
4817
2090
5222
9251
1311
7135
1234
8799
3215
2943
2242
1480
3282
6240
5708
4946
9257
324
764
5094
8660
7919
667
2381
280
8917
1646
2290
6580
8702
4266
3764
5189
7159
8874
1426
6988
656
2379
2299
2873
9280
9663
5356
1268
9476
9232
2765
3643
7809
9394
4927
5901
5084
8196
7563
9338
1264
7641
7980
6067
721
268
9390
287
4258
4117
6716
8616
8991
281
4629
9760
9740
5786
8771
6307
5859
3384
4068
9099
5604
8970
9847
7742
6054
6836
48
9179
389
2708
8276
9894
5874
4635
1633
6370
5303
2174
4328
2665
1852
5045
1914
3655
2281
3443
9655
7362
6277
3543
4041
79
332
3379
4693
3529
3034
6231
5091
4185
4868
954
4389
1034
9740
1249
9369
9605
7270
8776
5102
6827
4661
8242
5241
3470
4397
6107
8028
8290
9384
8388
2109
798
283
7188
6993
7585
706
70
6627
534
4729
1122
985
3922
7742
7690
9747
1397
6034
2136
4256
3152
2712
3691
8719
8198
7579
1500
9359
6606
6379
6313
629
1804
499
4880
963
3592
1631
8130
6579
8397
7166
1435
805
4465
1175
2896
8121
6205
2704
3436
6626
3678
7811
757
36
359
4279
7691
441
4739
8280
4344
6059
9048
368
2577
4000
1481
4151
811
6660
6630
4754
6960
1788
2555
5725
7336
479
1868
2465
9798
4418
8571
7431
140
3511
1949
7372
1702
7760
3795
5700
9557
2649
5462
3703
2270
5674
6811
2785
6183
2687
9979
6162
9453
6683
7075
2499
5668
8377
2424
5910
9764
7442
6758
6363
2165
5655
2885
2122
614
8361
9813
1123
2989
8619
5024
1339
8551
9227
2660
1132
9525
1379
8769
9360
9716
5174
3411
1551
1915
6369
3437
2884
1280
5865
9060
865
7572
3227
1953
639
5164
3221
2529
3677
6059
4841
9335
6215
7835
5560
4002
7272
5364
9672
1110
7341
2451
8497
3463
7904
7121
1940
9814
8819
2165
5452
3831
5312
811
3787
256
8847
5856
3115
6631
6412
9481
6020
6690
963
94
9734
4601
1663
2017
6519
7585
6327
3613
6559
8150
78
9523
7936
6131
3569
3100
5306
5086
1349
5830
8760
7161
5945
1560
6987
5523
6073
4682
4377
3652
7999
3082
9961
6386
7546
8635
7201
8457
6484
263
7558
2424
1113
7216
7497
9453
2756
3097
8120
3143
9538
4365
8984
8748
6371
616
2817
7583
5379
7715
5829
9119
2105
9068
9097
1346
3843
4741
130
3357
5135
2921
101
2779
2098
3319
1489
4659
1599
7484
2913
7753
3509
6735
2772
8751
4263
4438
994
4923
7793
5680
8672
904
5524
4059
8639
5904
558
2270
6160
3488
2475
421
7823
7259
8193
3639
8434
2259
1257
8381
283
3737
6613
5130
6469
2015
421
3619
182
4648
4805
5635
4764
4800
5540
9531
5217
7810
6674
113
389
6319
9779
7265
6508
7970
7156
6838
6944
8724
7665
7680
141
9120
1070
9401
7506
433
1776
6532
5689
2617
5697
6014
3201
6157
4575
6660
9588
5524
561
1157
6470
2784
120
3473
3708
6090
369
7103
648
9302
2875
2519
1965
5766
9620
5355
9957
1402
3345
433
337
9701
9830
544
6507
3951
2767
3045
8134
98
2867
1826
3414
6977
1577
6941
859
9374
6360
9306
5631
3341
8888
3268
7536
2512
9674
5542
2597
8765
2700
5070
7833
545
1411
4660
9308
7361
3067
1942
6849
9563
1927
4120
4899
8351
2953
8290
7903
2170
6834
6672
358
2115
3997
4000
6187
803
9962
2550
9459
6259
6926
8780
8635
4827
6769
4421
9517
4835
8820
3989
7840
5812
1657
159
1074
6415
1983
8226
406
7925
5193
948
8111
9143
1624
5475
2548
2829
9689
4791
2887
3464
2088
7095
8322
1016
4137
7926
2017
5668
3858
1436
8319
3989
1959
9222
2871
7932
6052
7385
9180
4198
7564
5064
1918
3011
1656
617
6785
2156
177
4796
9099
4249
5192
3847
8466
2635
5919
9230
4840
4069
5082
4873
2094
4367
1617
7290
8805
6614
5404
8693
2396
165
6326
8305
1986
2697
4284
2488
7347
6864
9024
6
6236
7720
8648
4769
9995
7018
3471
4761
7850
5738
7558
2460
3568
6740
3701
9085
4285
5322
8854
2217
210
6631
6130
3970
5631
5390
6340
4775
6213
5180
6748
6059
4925
1666
7233
3601
9070
6570
4375
2233
3924
6936
2097
1652
4228
7303
3467
2613
3419
761
2006
2520
1878
8544
2431
9543
9711
6815
139
4762
6631
3612
5939
2587
1333
8508
7552
692
5447
2529
2213
2067
2634
6057
5347
3431
1646
8037
8755
6201
3322
678
7961
8513
5374
9995
2509
9360
5559
4055
4811
8811
3366
7587
2914
1502
2723
3745
7
4101
3351
1225
8843
1303
6429
7701
2381
9034
966
8596
2891
8043
920
3561
533
5808
9515
1740
8994
9770
6410
869
141
339
5442
4582
1860
7788
5512
6900
3252
3208
4842
2835
9177
17
9317
9247
1783
9178
8901
691
87
8239
2259
834
9958
1573
8574
1199
5895
6804
7338
5522
2909
298
1385
9761
1489
2796
5827
4972
1160
4809
5687
2652
8452
237
8044
9922
3237
5795
231
4974
3344
3336
4311
1553
1114
1885
9402
4972
7124
6341
7684
1100
5726
154
6974
4111
4187
28
2561
8378
2287
1725
3727
4835
2008
7360
5778
2378
7615
6255
6789
421
4848
3367
9282
9608
4224
1585
1046
3846
7519
6776
5990
8337
8373
7363
5474
5073
7667
3435
2933
9403
1832
3903
9745
8678
7563
4067
8293
6761
9565
94
8963
6224
8872
1395
1415
3417
8078
6628
6871
307
6371
4180
7427
933
1636
3352
390
9679
9114
8204
540
3146
6102
2022
840
7360
9990
6739
2643
7283
2599
8249
9685
6164
7177
5554
6299
8123
5741
8940
9175
8548
3451
9973
3732
3382
3648
3998
708
187
1841
4048
5914
969
9473
3592
6290
9214
8589
4375
8352
1297
6678
4781
928
5509
6914
3588
2678
293
2768
3770
6310
6978
7534
1085
5636
1289
8723
2601
8636
2216
4434
1002
9584
6443
3856
1563
5928
1481
6864
3
1092
867
8305
1102
2698
388
1022
9893
6751
5113
7914
9541
2303
3235
7422
2624
7795
4194
8699
5371
9851
5378
2409
7710
7627
3795
656
5424
1003
6571
4799
4602
8863
6841
3110
2711
4530
9681
1127
5057
8988
6088
6350
211
8972
1692
5475
3042
6225
896
6769
9399
6244
6417
2356
2215
9726
8855
5237
4809
7556
824
3633
3515
678
5423
936
8414
9482
9403
2947
7903
3427
7236
5375
117
547
3471
3631
1802
8231
7272
3824
3141
1164
4840
8594
5255
9729
2506
3886
5601
2286
5769
3136
5365
7741
7245
3431
2058
627
9589
4187
30
9486
7790
2628
1337
788
8947
1933
9541
4838
6604
7291
9393
7157
1056
2317
6049
8703
6628
3273
8534
920
1882
1383
3470
7133
8941
4134
6759
50
3677
4946
2852
6271
9391
6803
3535
2607
2764
9557
740
5726
2394
2467
770
6219
7005
3248
590
490
2547
2417
295
9082
4851
7029
9764
7991
7217
1061
1628
339
395
609
7139
9378
5785
857
6325
181
1340
8333
8885
6659
3695
6360
7687
2532
9297
3790
2438
9769
1981
7145
7131
5662
4328
4087
1205
188
5424
1797
1000
8584
8145
7257
5060
203
5024
7730
4114
3579
2880
8776
4140
9417
2926
4028
8834
7713
4847
5673
6006
2604
488
7059
952
8684
5196
9202
8700
5518
2631
1080
6166
2865
1886
9557
4724
7747
4160
8552
3461
5876
9884
8603
3504
4228
6199
7412
4157
8556
9008
9105
2357
9510
3415
4998
7931
3678
1325
1426
8512
1376
5198
890
9598
1251
2523
1173
7218
2923
6446
3359
2933
2771
4156
3769
3486
4699
6137
6678
336
7278
6204
4426
7490
1001
4343
8998
9613
4547
1833
4492
6183
6941
844
3039
1677
3291
8786
7656
6153
5365
1027
4305
5452
4713
4316
1983
5266
5250
7201
4055
8762
4261
3069
6254
3135
5655
6033
6757
6512
6935
9843
1593
2948
1855
5226
4257
9925
4011
1620
1854
9699
2731
5143
1374
3151
1513
5808
8738
2361
1041
3510
170
6019
3296
4080
137
41
662
3877
2600
4221
4100
3747
2656
4649
7406
1004
3778
730
407
1068
1805
5130
2510
8825
594
4732
9464
3413
5837
792
409
9160
2890
6858
9330
9691
1706
3767
4889
1843
6937
2011
5280
965
4114
3152
211
9419
3433
3578
436
5654
1141
5866
6331
2090
4750
5314
966
6252
2416
1751
9797
1054
8654
9679
8708
6968
8320
2975
4429
922
8231
3936
6562
4201
1187
267
8396
4363
234
7778
4515
4268
1989
1010
6771
4640
6597
8786
6638
5303
8470
6766
1184
4216
6318
4508
1917
2724
3220
223
664
78
7455
2438
4253
206
2653
4155
277
8950
1461
1691
9513
556
368
7393
6654
8060
4571
2666
9943
3407
880
5365
2019
9619
3486
3477
8830
9154
2182
5249
818
9691
5063
4448
750
1040
8126
8255
5545
4592
2254
4464
5245
9797
4093
4111
866
513
1005
5451
4300
7777
1936
5248
7653
4505
5354
3798
6453
1970
2659
767
1015
7506
445
9990
2905
7824
7829
2692
8944
2566
5698
248
3467
8292
3174
9570
659
3940
2839
6469
2712
5013
364
4946
6269
5207
6042
3250
9165
1035
5441
760
1834
7083
3894
3287
2896
7008
4872
8195
6453
8092
5410
4938
9368
5251
2714
1024
456
3756
4833
8236
9879
8604
4852
8990
6314
2473
2438
8147
1464
3498
8798
1266
6367
8741
1068
6360
1600
9128
27
2515
3970
6900
630
5393
5566
7171
8315
6618
7157
1045
5284
1307
6818
8944
72
5580
6432
9284
531
3826
3213
9429
5135
3671
778
3006
9952
5137
4456
62
9000
9339
8492
4306
3808
1168
8603
4727
3972
9929
1949
7260
4234
1631
7983
5840
5211
6743
7893
1183
4252
7619
7379
9953
140
500
7353
6557
324
8052
9838
4796
2210
9707
1797
6783
688
8744
7937
2156
2478
7004
4613
1423
4185
403
886
3519
4989
1010
9529
9092
6808
4336
285
7887
4436
3711
65
679
5714
7150
9923
3679
7066
5927
6625
6033
2903
8253
7437
9136
8324
5906
324
9814
3311
6421
8211
8142
3194
8573
5159
4636
4526
4238
4346
871
7729
5480
2624
2201
7869
1691
4060
1185
2735
7991
5362
5559
3056
2708
9377
5179
3094
8749
8966
8176
1172
934
2440
7811
8696
8954
3528
7965
3184
3524
3318
7008
5461
1497
9036
6953
3715
4254
4641
7172
7426
2495
1217
9739
2311
9734
931
6510
3375
6246
6932
6409
6928
4999
2966
5082
3983
1172
733
8075
6856
7299
41
2992
7959
6756
6661
5705
4822
9340
5467
643
8160
4048
1908
5396
483
5790
3166
5455
1148
4745
1437
5768
47
9335
5715
1968
6179
6407
5159
5635
9242
5062
6683
4749
2086
3843
1767
2619
9363
4472
2618
6003
3046
9193
5843
5870
8621
2907
2537
2321
6694
5769
7319
8559
3524
6676
5266
7457
573
3171
4905
8303
7513
8679
7484
568
5391
3731
7588
6196
6581
3806
7825
1823
6059
2822
800
7595
4100
7906
4880
9789
3992
8062
6347
338
9591
6622
9466
7516
6643
4964
7722
8552
8646
2864
4001
6739
2758
9070
4883
2721
3749
4228
4335
2095
4313
7093
5108
9165
8208
4137
1908
9789
8621
2127
9030
4607
7928
2996
6556
7604
6584
453
3441
3993
8260
8154
2849
5683
5561
9976
4986
2214
5635
3960
5284
9996
7837
2841
1332
2910
6231
5698
202
2894
8159
7267
8921
13
6380
3695
4784
7678
6327
6126
8905
193
1956
6393
5952
6591
3308
2323
5371
6871
6462
3664
4562
4143
1850
3502
2453
8967
44
4170
2711
197
5085
1126
9426
43
4166
3047
4525
9709
9074
1466
5401
6001
9157
8706
3278
8557
7796
8536
7702
2018
4375
44
186
7360
1538
1522
546
1854
3201
7843
2738
7702
2176
1732
3108
5221
7595
6658
2905
7685
1314
6613
8592
1371
9440
5979
8092
6214
9761
880
8394
9556
8399
1950
168
7928
9328
7278
7969
9539
8515
3444
440
3203
413
2034
3497
7810
8277
8774
913
125
1353
2533
949
7681
1380
1839
4693
7867
8025
7251
1667
3906
7907
8984
883
3355
4662
489
1039
5015
8154
367
1823
5673
9375
6947
9391
9003
3836
2126
3027
5087
341
3681
6680
556
3885
8129
8662
6127
1151
9468
5102
458
4579
2599
7937
6629
6276
4137
6215
371
6226
7402
230
7150
143
2892
1671
8625
1125
292
9326
7679
5794
3168
9165
5192
32
2891
9607
1051
1591
4062
7701
6519
6866
9706
9541
4978
6973
881
8779
3366
3865
1961
341
7114
703
9835
2599
7325
1935
2542
118
67
7618
428
885
4177
3411
840
6403
5770
2336
5570
441
4759
6955
8776
2376
1135
898
1971
4021
6499
6821
1807
4665
9382
3839
5831
7630
1281
1211
1198
3050
3986
6643
1383
5858
7815
6955
6346
4939
4629
6066
2325
9333
9160
228
8444
9963
7091
3315
8668
915
8581
5548
9286
2534
1486
7541
4062
9718
9390
7765
1485
2734
5751
5636
1111
4563
6944
4284
8910
8364
3817
6802
4744
974
3460
7228
8613
3531
359
2881
6157
8308
8810
7791
8050
1596
6557
7900
2380
6121
2970
7487
3884
2860
3764
2836
9009
1379
8265
3540
1146
9827
4507
4058
6125
609
2104
8120
4056
5391
2734
6422
9963
3593
3343
3673
2292
1812
7717
4511
5349
7708
7953
9059
8987
823
8525
7978
6460
4513
2156
3727
9254
7722
8487
9487
5932
2684
3688
9657
522
4798
1550
6210
4869
3898
4363
3287
8468
1948
4955
8373
8783
767
9587
2167
4849
4835
5144
812
7000
8433
3002
3545
6005
3435
6297
6032
5589
3906
6911
4637
3336
6326
3441
9735
6332
9763
1660
6778
9529
8569
4519
2289
6788
1311
9631
8215
6841
3548
8345
2136
8983
8799
2012
2733
6213
1587
7861
9581
6770
8794
9014
3872
8505
734
603
1981
4395
1325
6695
6935
1649
7536
794
3769
1305
1884
6050
3538
9
8170
9982
7318
749
9893
2544
5903
4720
2774
5625
3114
2194
7743
6737
648
6322
8337
9549
206
109
6998
9177
4279
3456
7997
695
423
4150
867
5216
5113
3919
7090
9047
2321
8287
4554
7927
8878
6869
8818
189
3351
8908
7574
9759
7689
7469
4874
2375
1212
4444
4652
6134
4647
7755
8880
542
7871
1554
4287
6605
8775
16
2989
4176
2230
5404
6608
1781
7534
1484
506
8444
9908
4086
4596
6650
6618
1618
9877
513
1121
9708
5300
3486
9284
5760
7892
5454
137
1202
122
9990
9928
1477
2466
8663
2276
6387
5798
842
9133
6353
7836
4206
6943
3314
159
3313
9920
8537
7540
997
7654
3461
9277
115
7430
3823
3009
1228
2551
1782
5109
5144
6756
5563
8154
7971
1363
1173
5221
284
6163
6200
2762
1350
7309
1386
8710
3938
5409
1695
89
5217
4904
4934
4920
4442
1406
2661
6473
8725
7149
5016
4047
4033
5940
8475
3340
9735
8089
3014
1251
1540
2676
3166
4436
9445
9202
5592
8355
4444
3186
4361
3652
183
609
3942
9751
3492
4205
9085
1284
757
577
209
1609
5515
867
2704
9084
6278
9279
8643
5979
2623
3127
9790
6954
1889
5313
1509
3908
8426
5103
8212
6625
2285
5933
2300
4161
4473
9576
230
193
1467
4484
1283
6644
2539
2347
6886
3837
9620
1003
938
2139
952
3707
4483
9598
6544
4478
1293
2456
5608
6729
4434
545
3548
7737
7740
7589
8845
4616
280
7201
8220
8430
6326
8986
1837
1822
8158
5562
8985
2105
4090
544
8672
6188
9511
9584
8872
5830
4471
1409
2785
1809
7326
3456
398
3354
331
7201
8894
4853
9700
1547
5982
5283
9625
8762
6127
7079
7008
6353
812
231
1269
14
477
4256
1469
7302
7567
5445
1228
9058
7269
9227
403
5780
4916
7869
1386
9080
6801
1841
6963
4209
4209
9117
6214
8193
8808
469
4630
9550
1267
346
4790
9810
3930
2350
4265
4061
2691
5499
8203
7635
2844
2474
5003
8684
8602
3890
4886
1897
6219
3239
2779
6892
6228
5617
8909
5909
1155
9610
2778
9366
1248
5768
8778
4563
2288
7000
4593
2337
6309
5910
6777
8866
8205
1604
1383
4952
8633
3825
1392
3102
6340
5407
6821
3524
1127
4978
7852
3747
2021
609
6118
3000
3900
1691
4335
1710
9826
666
9915
8511
5624
8497
3866
2029
7909
7700
2332
2353
6623
4656
4464
7601
8472
8489
6959
4253
8132
7302
2555
6064
30
3769
7083
5257
4622
1205
7205
1420
9651
8074
8938
8118
8612
3624
5209
4510
5822
9841
9266
9510
9883
5218
9574
8937
5108
4003
982
1936
3501
503
6435
1542
8277
1805
3226
5668
3576
3831
7942
9032
4036
5055
4592
3588
2156
9355
1161
4862
1066
4556
837
4268
5180
5970
5521
2973
1502
4928
833
1138
9902
707
3857
7492
1523
554
7073
8110
699
6538
4574
9980
7231
9881
9513
4494
2679
3099
4985
8358
6467
7794
4036
4564
4996
1274
8353
4076
9735
8290
9332
9624
8298
5146
9678
6663
5894
2192
8478
2925
3211
7272
7768
7231
794
7109
4013
292
9284
5766
3641
5050
9502
9385
7792
1798
6293
4168
7777
3793
5294
256
9407
2352
2337
7569
1285
6550
1079
944
9475
1536
5626
983
8502
1211
1408
3909
6569
5566
9382
8415
1079
326
5743
2
9081
6700
1764
3641
6078
2039
6140
3715
5822
7970
5231
6133
3137
1197
5024
1296
1632
3571
2261
8144
8223
2240
1206
8912
6791
7774
6834
1404
4027
7964
4810
623
1526
7698
3602
4412
9534
773
4282
8370
9408
7807
9145
3808
3806
5508
1133
8711
5905
6479
2245
5786
1517
5465
591
3540
908
7492
2579
6039
285
5692
8815
4499
6505
1790
9752
9201
2333
183
9849
3323
3787
7370
7078
1276
5518
2048
7962
2840
4989
7648
7031
1015
1277
8286
3559
5849
9745
1155
7773
8728
9516
3244
3309
1610
6747
7912
2675
3508
2986
7368
7661
2168
4603
336
7251
2333
6193
355
1419
3235
8176
9028
404
7041
6366
293
5525
6863
9198
6306
9422
7630
6534
2912
730
5632
2442
2808
608
2884
3249
7517
6305
571
1252
5047
9989
1787
3988
8744
9459
7561
8706
4249
992
1703
1781
5697
3638
9417
3218
9336
8519
1803
7097
2609
6351
3398
9843
9396
1322
2713
9531
7593
9701
6366
1106
3504
7110
5861
4337
8614
9284
2312
3620
8236
7274
8496
1327
8258
9610
9489
9284
5729
674
2858
6199
1423
6725
6865
2367
7640
8383
481
6819
2513
1181
2138
6248
2863
3805
5090
9490
1255
7036
6021
6112
9335
5092
91
2773
8720
5034
41
6385
2808
9256
9107
8861
7673
635
7571
4202
7920
9908
554
5085
3832
57
311
2695
9424
3023
9726
560
7155
0
4972
389
3925
7657
4369
5525
4742
9209
7359
5499
4978
1020
2214
3418
9466
2539
3600
6408
6898
9833
1453
8209
920
693
738
2127
5131
2362
7633
2055
7805
1296
1417
9017
3543
8064
2937
791
3330
9461
9886
2569
1469
4247
6345
7315
7754
8520
9049
5522
5889
1664
5632
5392
4650
4082
789
6119
6564
3445
4691
8928
7
7079
4285
2778
4501
4298
2161
4244
5767
3963
9562
3982
6583
9378
9821
5396
1891
4730
5985
4661
1730
4742
1749
5072
3573
1913
7936
2867
6431
3811
7698
6112
2680
6235
2398
3024
4
6745
6686
1191
5044
7064
5665
4549
2435
2144
9263
695
7690
8338
8909
7124
150
3000
9444
1340
2607
3144
4844
6416
7565
1299
9765
564
6169
2581
181
6530
4769
8202
5465
4237
5798
7102
1143
7984
4198
9211
6249
7727
7976
981
1724
2500
1636
6225
6613
2858
4211
3078
6955
8392
9416
928
8220
5804
4047
9557
5876
2845
2149
6386
284
3452
6734
6734
1457
9878
7849
6302
6458
8277
5649
4706
7192
5264
9807
3818
9187
4272
2072
4931
2583
2224
7049
4289
5008
8959
7425
7430
2256
4151
3743
8944
6784
9039
5564
5756
5917
3183
411
8844
1326
9697
9233
419
8898
5889
2279
1050
3401
130
7284
3907
5494
9880
2632
1424
9592
300
1760
2984
9835
7612
1527
963
7991
6494
6436
6423
1518
6189
2699
5092
2192
5691
940
8836
5716
4445
4034
7826
575
1296
7032
3770
9997
1090
9435
5214
4352
5286
6156
1725
2586
226
2460
4979
338
4281
9866
1274
9283
3000
4562
1771
6951
9606
7224
3924
8768
6700
3294
9941
4389
3871
5770
5912
8534
5078
8323
8261
2485
9105
5177
2571
6149
6186
5614
3490
2192
3989
5168
3451
3093
6515
2628
2210
9203
230
1832
8853
890
2730
9884
2846
654
603
8907
934
1766
4788
6749
2277
8406
3712
3149
5054
8545
6726
1789
3960
4879
3003
5389
9527
1033
3905
549
6972
9906
74
1372
4441
8593
8017
6107
7899
9591
4805
8985
2709
1159
3614
250
9964
652
7373
970
9015
3390
2477
5629
6334
6210
9671
4738
4821
9225
4595
1744
6996
1521
6168
3359
102
6527
7056
107
1131
606
6772
4362
4961
4075
4628
6439
9401
7274
6708
5415
6803
5608
8321
248
3045
6505
965
8518
1228
8168
736
4645
9223
4670
3353
6778
7294
4442
9456
1744
4507
9566
2699
394
332
1359
2307
1500
930
3748
1224
942
7972
9644
747
4342
1524
7119
2652
5559
7534
1575
190
438
4740
7277
69
5137
5464
6654
8545
957
9677
8571
6091
3117
1959
7426
6767
9184
6539
3365
366
3998
6475
173
7699
1815
9213
1469
1958
3147
2243
7710
2005
3309
9407
6229
6646
2026
497
4005
2473
8641
4247
8234
1685
5428
7544
2850
483
2300
1746
139
3050
9831
366
5320
932
3891
1068
8556
2733
4459
8898
3229
4394
3190
6999
1516
6099
9173
5665
8327
7815
9
532
2453
1862
5766
5926
9451
7526
6711
9986
4203
9709
1788
3994
2366
869
3739
9575
8994
3120
8493
3901
9513
5216
999
4832
2891
7414
7001
5071
9406
5677
463
6815
5688
5566
9293
6154
7884
5286
7828
9496
9714
6831
3131
2702
5965
3949
3589
7258
3533
5717
2498
6840
1511
4949
6388
1907
9012
1341
7683
9595
4442
296
3967
1111
2735
9718
1581
9057
7725
8701
9603
2696
5247
4003
1334
24
8857
2482
4353
1688
4086
246
6909
3307
9074
2175
7984
9537
9097
8688
701
5348
15
146
3910
7425
1005
3133
4784
1321
61
6989
6025
8079
6701
3448
4899
7381
5077
7006
7743
2992
7251
8719
2775
223
797
1554
6135
4488
7076
1106
899
4613
6547
1540
6481
4510
5293
2935
6331
2058
2575
2872
5113
4589
2696
2071
2657
6280
5674
1137
890
3866
343
3103
1695
3658
351
4303
8156
4609
8235
4385
9046
9293
5264
4735
6533
7130
5060
3474
97
1876
7139
4309
5411
8515
2475
5994
5573
3010
6916
8923
3463
2080
9911
5484
8244
9155
5327
1178
6067
6969
8373
4244
4885
6863
7658
2534
5957
9816
4204
7742
92
4459
9897
8721
4980
2867
6303
7604
1060
5839
1011
4699
7290
5492
2772
738
4911
4551
8570
7948
6844
8493
5449
4620
2695
8810
7454
1391
4546
3130
3337
1288
6640
629
3854
9720
2894
9266
8372
5088
9777
4714
9314
5438
8474
9556
9528
1693
9526
5301
2018
3377
5158
9093
3733
8460
9346
1587
5067
5013
3370
2420
4562
8636
5060
4927
3966
6340
3236
2325
2192
4476
4944
3454
8045
5606
2015
7332
598
6797
5193
2298
3040
9698
8625
7307
457
1015
4856
57
4570
465
638
9085
8745
2199
6848
4680
4725
4762
1586
6538
8503
4184
4140
4450
6495
4518
8928
1995
4741
281
2721
2198
3274
5599
5542
8430
4963
5625
5446
3438
3156
6772
75
4330
5292
3695
3362
1577
248
2546
4021
5663
5666
2052
3618
5864
7746
6187
5863
1847
79
4830
5558
239
9966
1694
5138
5151
357
2015
9098
3756
3097
6024
1786
5429
4425
8064
1996
5738
6868
5356
8609
4604
2567
4888
5105
1321
1879
1679
7221
7824
7628
6744
7220
5565
9803
8505
316
689
7657
7085
3613
6789
6211
6979
5624
4483
1958
9886
4871
2288
8216
6192
9398
3801
4019
506
5113
2111
1689
3969
9778
3506
7317
3609
1224
9051
5259
6940
2895
4424
2445
8200
7166
5512
825
1165
7066
9681
6568
2293
8
427
2813
7116
2916
6109
8660
2269
6744
1885
899
5292
9800
7631
6518
4459
3519
3619
3425
1273
1358
35
4016
8981
1361
6048
1234
1487
5573
9059
9577
8385
5016
5008
4157
3481
7161
6188
9354
6129
3994
3849
4870
6995
2664
9098
1070
2441
7418
7066
7352
4620
1094
6133
7027
7597
6790
6116
9668
3326
5468
6759
7223
5151
3272
603
3311
661
3097
2386
6090
169
8566
468
3816
1896
4978
4482
8804
9987
1029
7382
9887
6918
7141
9396
5651
7554
1092
5973
754
8146
9298
1790
5435
9881
2598
8076
3990
3277
8648
1120
1387
6644
9171
5657
8514
9132
9198
8043
5567
6474
7190
578
10
5405
9433
204
226
990
9502
1867
8475
9597
3707
9290
7112
9083
6451
3661
149
6929
5194
3766
8189
6519
3336
9481
8524
1516
748
4232
3751
8395
5893
1000
1674
7598
541
777
6403
4462
7916
1979
5640
2117
7806
4278
1895
9896
7598
528
6074
2420
6559
6044
269
6517
1713
5352
2891
5387
7640
2707
3316
2018
9226
4159
5142
6771
5919
5801
6801
7238
8443
4876
5840
2038
4036
7925
8443
4014
4300
2856
8964
2488
514
9896
5127
8651
4882
9727
3368
2967
2592
5836
5316
8561
8794
2050
824
9933
6649
5575
5153
2090
7462
454
7915
1184
1547
6302
9211
4092
8993
2410
4024
1034
2762
7878
9391
2272
2662
4302
125
7215
7648
8713
7923
1850
5659
972
5616
8307
4684
1633
2957
8583
6181
3386
2916
2984
2058
1651
7721
2671
9471
7608
2051
4849
3440
43
6720
8607
5911
715
9959
9175
1297
1663
4955
8492
2767
1855
1738
311
591
4889
8631
8866
3689
9071
3567
1066
8230
6134
8341
3587
2566
5094
9521
7845
6108
3322
8201
7800
841
7738
7010
7837
8090
5255
6899
533
9883
3079
8070
7031
3796
6266
9156
5964
2519
2080
6230
365
4537
8102
8560
5892
331
3815
1180
7779
9246
3414
5249
8455
5819
975
5977
2484
763
7809
4437
631
1018
5797
3993
206
5331
9834
4235
4568
6698
7101
5363
727
632
848
3760
266
8721
1588
5127
5488
245
9168
5012
9674
673
5064
7822
7549
4855
5408
4473
9721
4365
1758
5724
2700
3072
8441
2933
4328
2310
2392
490
3013
7215
3873
4497
7936
8774
4173
407
6612
1905
9466
8267
5601
8504
8368
7993
9968
5823
4407
8657
7177
4728
3629
5156
1486
9490
1852
2838
5642
547
5723
5658
7696
4409
6639
6272
2092
294
6847
7095
5825
1426
2612
9821
2461
9987
176
7129
9034
8666
6443
4409
3481
8457
7815
1194
3122
1890
7380
1704
7946
3270
2826
1403
5976
2621
4833
1806
1801
8032
8478
8886
3564
1906
8215
1413
8101
181
398
4278
8749
45
5944
8448
5389
873
9785
3595
1729
5156
3024
1604
511
1062
8340
9212
3372
5915
9127
5819
8423
366
8090
8182
5253
6329
1573
7115
4034
7834
1767
2606
2679
2897
139
2813
3597
6208
1893
9303
9472
7000
3103
5582
5724
3789
9262
8486
5832
7882
6436
2304
4531
486
3945
3680
3041
4064
556
1228
9974
7190
4528
7613
1305
3556
1568
3393
2905
31
3699
1290
9535
5698
6388
6800
4889
3650
889
6001
8338
7
3677
4301
5321
74
5108
462
19
9861
4996
8687
884
2298
3644
7845
1880
1376
3092
948
4886
4180
4790
9894
1602
341
6739
190
6512
742
5271
7874
6002
2540
4032
6173
2532
5483
5522
2579
6958
5336
8567
7960
6512
3814
8487
8106
782
845
5404
4638
3051
4197
107
6651
9835
3575
6242
6605
7094
1110
2154
4026
7676
7864
5706
8382
863
6425
580
8140
1531
2976
3172
6449
3435
8312
5040
5172
8363
6207
7034
8047
512
9256
7765
642
3352
6848
839
9469
4421
7306
2430
5140
2056
6363
3186
4765
6884
7146
6196
6904
46
2627
5828
8386
9597
87
589
6002
6309
8581
6866
7708
154
4596
9373
7324
9208
8152
8465
3926
3358
1447
4080
2131
6280
4794
1000
2306
458
110
381
362
1671
487
8048
5241
1354
5465
926
8453
7489
5578
9141
4126
7295
6453
2857
9870
7868
2269
9685
8495
4135
769
629
8102
7036
7153
9981
3416
8652
2184
7310
4329
5167
607
7731
8616
3010
9607
41
4494
8310
3423
970
5310
4857
9492
7787
3008
1191
3513
826
9212
3142
5686
2084
2813
4164
8049
6023
705
2157
3314
3900
4029
8110
8877
3539
5648
8863
5818
2322
5914
3571
1573
2344
2793
1027
6739
3194
9356
2907
976
9610
6290
6220
344
8388
9637
6759
8567
1340
4261
4201
7710
8876
1685
8626
9526
1791
6910
7743
7351
7254
2539
3816
9834
8643
157
9428
2008
7891
8264
1593
6270
3295
3262
4448
5680
5365
5032
1778
4640
8230
1419
1965
7527
4349
6608
9615
4111
5841
6810
55
1717
6613
2946
5187
7986
5646
4064
1782
4840
3303
7148
6155
3775
9303
8634
2440
4979
3168
495
5136
7921
5331
9045
503
9048
9884
7779
5483
3019
7963
6491
7316
7487
4163
7669
1778
7894
7041
7773
3075
7929
8781
5331
3805
3378
8360
39
9131
1928
7224
7030
5319
9145
6382
8302
9154
1362
9076
8946
1368
9451
3742
9233
4202
3603
7857
4923
488
8134
4434
7174
9228
7056
9430
378
539
5722
126
879
1070
1174
1683
2108
9480
4007
1484
1935
459
7550
8619
6202
4868
5925
8950
8353
3084
1183
4530
8803
8377
1108
9859
9308
7257
3520
6426
6937
4116
9947
1334
9485
8211
1381
5368
9135
2046
1523
857
4037
1577
8363
9879
8082
272
3266
8937
7605
1072
7827
7101
12
2515
2667
787
3392
7943
9072
9844
8073
9537
3934
6423
759
2204
788
215
9408
5821
4906
1102
2333
8202
8405
2969
8145
5289
2098
516
4080
9553
4424
4265
9060
2340
4225
7639
4348
997
3341
3977
9111
7022
7053
672
331
7187
5262
2228
6581
5590
4929
3961
2948
977
4817
3316
61
270
6845
6341
3607
6237
4460
2694
1986
4510
7384
3793
8827
2725
3771
5157
3968
2492
5402
5836
1205
3073
8858
4921
3632
4219
5799
7573
7689
4414
8455
740
5206
9947
2217
1801
8653
9693
5822
1732
8569
253
1046
8092
3733
6195
8051
2081
3995
541
9555
8281
2910
1347
6873
5269
2317
1266
3522
241
3814
8305
7572
1020
2743
7652
2211
4397
8724
6390
5107
596
3039
5226
1041
9859
7250
3904
9046
8630
9315
9924
4803
9617
3155
3353
1405
2153
5142
4075
6777
6684
6312
1640
4002
9970
2211
2050
1601
5632
3265
245
4429
8066
7288
1867
2238
6402
2365
2941
2230
9193
2659
1525
3902
9834
1970
1085
9409
7305
9819
1387
282
6801
2677
9026
1842
9
8618
6370
9934
5392
7059
4655
721
4692
6591
4245
3170
3026
2897
2655
5615
6490
5703
8844
2312
2937
8368
480
3251
8762
6233
9442
661
6931
184
9597
8628
9236
20
125
8022
8835
8132
7042
7549
7482
7809
5418
3147
5542
2019
4824
2185
1890
7910
970
5947
5080
9486
7208
3770
6808
5903
578
4819
3611
5663
8436
9025
3001
7618
3350
6939
5771
8147
5897
9411
7106
110
7285
1883
5278
3287
6313
4827
8240
7864
8064
1416
5203
2240
4963
5829
2421
3947
4341
806
9835
7773
487
1001
7974
8340
3326
9513
2550
5308
315
8552
7590
8176
2938
1608
6587
4162
4249
3764
5181
7109
9333
8765
8162
7473
6253
6376
8222
3540
1085
1188
3818
1784
6974
4513
8724
9930
3807
4323
6446
9763
2040
4260
8513
7918
1516
1692
6859
2037
3681
6483
6974
6487
3512
6725
368
6608
5694
4998
1925
2885
8073
8918
252
6843
4313
2690
6786
8539
6752
2188
2540
1497
7
4685
9707
4693
5562
5761
9026
2760
7748
171
2821
4978
1841
455
7921
797
5796
6977
2278
4666
8089
5701
4065
5758
5532
5508
2233
8808
6553
5167
3108
739
7377
1134
8450
4007
871
1319
6579
1665
345
6643
9687
1033
3544
1785
7243
2570
5261
8851
7515
8019
530
2866
6684
7268
4186
5979
7752
6460
6759
8047
9505
861
1086
4886
9169
4740
8848
1863
1072
7091
1290
9775
7624
6417
3806
1962
8216
9989
9768
6466
6302
2993
5019
4736
4794
821
771
8828
5215
3386
9311
2345
6545
3776
3881
6494
5630
4849
1359
1506
2135
6412
3988
5439
7589
2544
4254
6892
9813
3295
5265
5534
1183
7508
7505
4495
1597
3846
1643
1677
4748
5231
6268
2794
9395
7840
8860
7594
5642
9586
8085
2095
9980
4560
5599
3926
1772
9316
5933
4886
8234
4060
3763
4691
4530
6825
8865
2557
569
1534
431
8725
6309
1488
4032
6342
2949
8253
6518
5211
8252
2209
6376
2830
416
5050
9700
4889
6415
6458
4788
6902
7543
6835
1625
1052
6988
5503
6011
7437
1727
9108
1955
6931
3754
8078
82
3645
3722
9958
4284
8564
3440
7197
3605
2384
2353
3509
1458
4764
7134
7363
9639
9293
2801
3306
356
8269
8423
1868
5490
9118
380
6602
8643
4695
1414
2444
2200
3061
4229
3043
8562
8377
4318
5960
2021
3518
7819
3697
5291
6709
6743
5421
2661
9045
5700
8937
9897
7087
1368
4969
9589
4923
8397
6135
9443
3041
3166
1136
197
7145
9873
639
9276
8680
1829
5053
6100
206
4460
6033
5033
3033
5573
2863
2361
1529
2697
2128
4412
8399
6973
4046
4939
7881
7961
1684
1244
9293
4003
9901
149
1640
8328
9323
6906
1119
1941
6892
2404
7252
561
8624
6603
127
4299
2097
9059
737
5654
5858
582
8805
3450
490
3620
7599
7830
1364
2789
3267
4112
6268
1115
6977
1423
2018
2032
1762
5348
2959
1929
2407
2546
787
3173
5895
9259
9546
2868
2033
4966
1842
8397
8669
7022
2308
6759
3628
2098
2202
1089
5943
5437
4636
4376
2262
9529
3390
7373
407
9662
9526
4963
989
4992
9075
2826
9690
277
1985
4164
7393
5201
7175
4442
2674
5367
1084
640
1335
1455
7409
346
650
761
3867
5155
1776
8444
7754
2331
2387
4115
5856
8435
3007
3142
5803
8732
4740
985
5381
6577
3150
3230
3490
7695
2878
3570
1445
5304
270
6945
6161
3361
6749
5273
7367
6852
3966
8774
9470
29
2875
6756
4927
5772
2771
7907
74
1806
3084
1646
6229
2457
238
8868
8599
7810
4273
2567
3018
5653
5038
6228
5867
5456
5814
640
5678
7767
2941
7822
5844
6855
3694
4144
6636
9253
1020
3383
1302
5878
3000
4476
5389
863
6939
8003
653
5917
2839
92
4899
5053
8665
2337
6953
887
312
1582
1567
333
2464
3972
2531
4500
2623
3551
3518
4859
9536
6858
5240
5358
8940
1465
4429
8035
4123
8232
4786
7904
6105
4126
2615
1438
8468
4939
131
1759
4788
4940
7607
2843
2449
3569
1433
4499
5202
7655
8953
9628
8263
1318
2504
5404
3961
4702
4455
373
2993
6998
2267
216
6199
8843
7581
5917
4425
4097
6177
9446
9541
1256
6275
3677
7951
312
1099
5275
9039
1738
7887
1511
4930
466
9599
4583
4653
9195
7456
9920
5332
2225
2151
8138
5410
3061
9072
3870
44
6526
8206
8503
6813
8835
2531
8032
665
7131
9626
1680
618
3387
36
1723
7167
6221
2444
43
8576
8193
139
2336
6245
5448
5430
6596
4244
1181
8677
8558
5731
4356
6448
3086
9463
326
8911
7151
2917
577
63
7031
4604
4684
5605
9595
7125
8736
2396
5175
4187
1011
265
7378
9401
7454
1680
3437
1979
6644
7270
7224
4662
6389
5520
5863
2156
1789
3114
51
4157
7705
8306
7656
5652
6910
3500
9932
8593
8903
4780
9781
3276
3349
5491
1878
4782
6411
8218
5228
9721
7870
4465
9697
1148
1860
4207
9436
5038
4271
8087
7749
9958
5458
3498
9933
2710
7740
2038
2864
6623
3367
9908
2737
5894
116
4704
5224
8925
8507
1743
5545
5963
6711
585
9495
1507
6698
7733
249
9923
7874
4618
9996
3505
2551
937
9832
5829
940
2162
6197
9643
2030
6610
7165
7786
752
1862
7334
7662
1084
2496
5762
4640
9397
1124
7427
7432
2284
2539
5014
8970
8330
6419
4499
9593
3861
7469
4955
5469
8563
3155
272
4078
8066
8256
8092
323
7052
2330
9139
1372
8271
905
8344
5688
9979
3706
7703
1862
6712
3556
9619
5870
6076
7717
8656
1119
7303
9388
9077
4304
5648
850
5313
1471
429
1283
2621
2932
3482
1718
5559
2719
9120
6734
2637
8096
6284
7551
6527
7348
8546
3982
546
9522
7819
3339
3780
8075
3225
2844
9189
1529
7418
8345
1286
8099
8860
6218
2595
8032
11
7219
982
6899
8240
738
3160
5467
8354
5439
3212
6925
3085
7557
8790
218
615
1305
1829
9045
6282
6736
5036
9668
8975
9217
248
7097
1403
1209
9763
8460
7425
1449
7243
4382
8935
8812
396
4073
9401
8169
3774
7478
1118
3339
6273
8324
8437
7910
4633
5199
9831
8114
1160
3881
7499
3229
1201
3071
4409
8043
3448
7405
5154
8781
4101
6159
8832
8639
4080
3413
9247
1527
7040
5616
185
2979
4757
5462
1251
5316
5625
6784
2808
82
1440
3768
6944
4553
7449
9221
5046
676
708
842
1590
4186
2220
1484
8023
8842
8996
9265
277
5743
3253
6036
8338
494
7266
8191
6584
1637
4071
2121
9117
2195
6135
7677
5236
2471
6447
6960
6315
6258
9009
2459
6914
4570
8647
8118
9696
634
3263
9250
5883
7459
5171
2395
400
4548
1998
4188
3600
3529
1791
9098
9514
3364
1421
9513
3970
4598
2159
8032
4552
8659
1385
1093
8416
2611
4786
5075
3269
1971
9126
882
1413
4189
1674
680
6725
3221
8740
931
9669
1278
2396
9166
5990
7251
1437
8041
609
2590
9908
9132
9441
4489
4107
659
8317
3098
6884
7864
29
4199
6250
2127
7617
1284
3867
5073
4456
1289
7789
6881
9445
6386
3011
3829
8658
171
2822
8693
3178
356
3729
9024
6527
1632
6850
2583
4092
1769
9005
6235
1262
1203
7511
4463
6596
1391
3682
6325
1287
9997
1362
5160
6429
1660
8508
3643
5136
1496
1758
7879
7463
4775
6228
8161
2219
266
5356
731
1290
6647
8507
4422
8888
1064
7283
8431
246
6421
4982
2622
1724
9336
7518
9740
7050
3800
8230
9706
2434
6551
3512
9786
6710
8904
929
805
1305
6386
6601
8847
8861
1882
4026
3887
8602
203
2233
1694
1209
2009
7168
2955
5840
2816
6568
4114
7233
8488
5221
7655
1336
2016
4473
5693
3817
7695
7131
9644
6961
7838
6462
475
6973
4084
5948
8566
5501
35
4610
9596
6318
4475
1276
2990
539
4745
9997
2490
1471
7972
7956
4160
3287
3827
6698
5772
6039
6206
7260
2913
3259
2835
9883
1400
7339
1162
9393
2610
2221
6115
8037
8214
2545
293
8585
3435
3313
1
1873
3461
4401
1159
4569
5915
9776
7575
4950
3396
2178
313
6725
4012
178
988
3540
4573
6036
3666
9691
631
9577
9796
5802
9919
5449
8047
1722
912
8506
6309
2772
6195
4870
6200
9581
1137
4222
1408
6237
1947
2284
9927
6268
3626
1113
6830
1008
7548
8826
8620
361
447
9690
2372
1647
1431
121
2898
8259
1323
6068
9016
6185
9113
2514
5576
3127
3556
6360
1431
1861
4121
9853
4699
6821
4343
2886
5841
426
2409
8984
5863
3588
8325
1626
1731
3064
4373
4633
3547
6823
5723
2819
8366
7441
1070
6825
3692
2688
8910
9121
9604
1948
3735
6521
2243
6857
7775
8254
2975
4664
8203
7616
6883
3204
6725
9532
1508
7079
8333
5986
1694
5698
8686
6206
9278
5117
5039
8727
6959
7317
3943
8024
4146
2499
35
9263
8841
2244
4175
920
3681
3989
5874
6480
6161
164
4543
3265
2731
8549
6415
8555
4006
3926
9174
566
3617
4959
4293
4646
6382
4367
7891
3052
2433
4924
4500
92
2657
8599
4557
3044
7436
1229
5691
3311
5004
529
9859
1535
7975
950
3302
5038
6577
4911
3907
5884
4972
6296
1081
3082
2654
8722
6486
3046
6401
8088
151
8254
9456
6143
5317
5250
3761
9442
7184
9645
7882
5939
5178
7532
8008
9669
5805
9904
1891
2528
3236
9050
5932
956
7817
3683
3738
4525
8443
2583
441
2848
3356
4924
808
7050
5349
9137
755
2080
1569
1136
1273
6592
5174
7066
948
7794
5925
5336
8286
9717
9504
7624
7859
4683
759
8817
4954
9403
4457
1363
1807
9097
8141
409
4808
5306
5665
2290
6114
5657
6689
382
4991
6730
6934
9200
3908
4407
6411
9683
1915
9595
7921
6093
3168
1049
6187
7644
1575
1200
8695
6093
3508
5301
2987
3837
9284
9059
1517
5786
661
4911
4435
2247
6033
2606
2707
9383
7146
5373
8809
8408
1211
9055
9934
4630
95
7878
9090
2686
3904
7203
2793
4875
9717
548
148
5363
7514
5473
7011
4209
4369
476
687
1681
4912
2972
5140
5087
721
6631
4028
7527
3849
4871
9092
355
9980
6153
4344
8903
4870
5872
2350
4087
3664
9078
7450
858
6436
8082
2230
8157
4886
9041
7741
4046
4493
2054
5029
3943
3637
9988
5390
9568
6208
2301
9416
1095
7037
1438
398
5262
115
1067
5918
7769
8041
7334
2600
9112
7363
6645
2854
9251
8562
6023
9239
7935
1336
5028
1560
4372
5497
1407
4189
2010
5337
6191
6272
1643
632
7793
5448
8814
575
8778
6503
9507
7900
3497
9994
1531
9192
9496
2275
7645
3973
728
7605
495
9533
6004
5052
8723
654
1797
7747
8230
3412
4579
9734
2518
58
4187
6126
1258
7579
6352
5551
6821
6055
9530
21
4330
4122
8400
6219
2038
7948
4019
3975
5251
7042
8499
2206
8905
4857
308
9972
958
4707
4797
460
1225
1810
3418
8679
8024
425
4222
9450
8044
982
5716
870
3235
5863
5908
9865
2180
4091
8483
626
2425
4527
8420
3843
4524
4408
119
4415
8215
5048
2074
8056
6015
9361
3526
2651
9835
6479
137
8517
1713
7217
7702
2842
677
352
5206
7463
3888
3812
1092
5912
1762
6699
9540
5153
3519
7806
6731
9822
1766
3783
642
1945
2143
5436
1712
7062
6785
3755
5888
8500
8451
8261
6040
5146
5491
8963
2472
4455
6547
9848
8378
1693
7850
6148
1475
8436
5290
9900
8754
8197
8066
8242
7340
4741
630
6789
751
9093
4913
6005
6540
4564
5349
1976
8226
5217
5113
4222
1729
2092
3128
2287
4090
3267
7942
9687
168
8348
6343
8542
1206
5355
1707
700
7713
8114
9523
1479
7910
5267
5268
310
2156
7791
2857
8488
3240
514
277
8019
2197
4554
2692
7101
9366
1800
2281
7184
861
9645
8416
3733
1293
3979
1363
7839
4621
1158
7651
8642
6363
5129
5489
7162
2028
4171
4161
587
8593
2834
2213
2319
8149
8570
5403
7161
5395
9263
6918
2904
3580
7426
9118
9275
6711
9176
8242
2712
9336
1266
889
769
9106
7431
3871
3058
1406
6098
7076
6626
9860
5110
2341
2379
1263
5535
38
5771
8585
5857
9037
9347
1107
9877
5063
6923
6428
6536
7031
9208
5154
7492
917
8481
5377
8809
5944
5583
728
6363
8424
5923
2728
726
4475
2458
5473
6133
3992
2690
8231
9949
4777
3583
9463
3518
7504
3034
3982
2687
9340
9010
3491
6427
6478
7806
9568
4967
3538
1003
7342
4650
924
6661
7532
5319
9512
4032
4330
7452
5796
2656
6678
502
9556
6091
885
943
469
7716
3268
8352
9656
1062
2490
562
7137
9950
2642
4360
6360
4347
9743
6525
2571
6288
6298
1086
2637
6503
846
2604
119
6414
1985
2009
889
2099
9305
1069
1395
6481
6830
3906
3784
3530
8124
9161
9546
3578
6050
4374
6065
1998
4294
4938
8527
4417
2287
3593
3013
415
9855
2846
5280
4240
3098
1919
3713
5420
8328
1873
4263
4395
6651
7429
9797
8265
7801
1629
6198
9583
8145
9
2829
6783
4462
4210
5501
8227
2028
1078
5986
3168
2863
2200
3263
1966
7511
574
8208
4788
1710
5645
5232
2726
7446
5270
1484
7767
6462
3380
6689
8368
3103
5056
4418
5557
2538
6532
8636
365
9870
6262
7774
7228
5401
4566
2217
9508
1430
3640
124
2701
6338
6725
776
8097
2453
5098
4296
4646
5194
4210
1479
9617
2332
5786
7766
9291
3873
956
895
9343
5011
650
2672
841
6882
3349
1475
1887
2445
7037
3594
6753
7707
1751
8316
4136
1721
1458
3793
3588
2322
9162
8148
4571
8392
7126
3043
5665
3603
4890
4942
2440
1050
1345
2744
1246
2950
3573
9059
2758
4693
4369
6466
3478
7901
2401
9357
5624
2905
3833
6593
5814
7023
1894
162
806
1411
1344
225
4149
5877
8094
7529
1103
8020
346
22
389
338
6502
1689
436
6521
6861
8119
4683
6069
638
5119
5148
4555
7196
3817
6046
5424
556
8126
9503
8002
9226
8176
3595
5587
9172
6382
8848
6934
6363
1204
3131
4217
6758
7297
6416
660
5786
9788
6286
1402
6456
4678
2252
1905
5066
7038
1967
9205
6149
3549
5231
2675
3766
6207
2325
2598
4566
9582
1658
6824
9118
4849
7970
8054
1943
33
6405
6880
7398
7384
9658
8617
8120
5595
5084
5169
5071
6728
6188
6706
3402
5099
8216
1757
6336
8160
718
8470
51
7456
885
4280
6154
1078
245
5961
4753
7776
3843
7168
363
6819
5458
5930
4914
7055
4550
326
6996
3205
706
6528
4137
7367
9118
9806
5381
8974
6296
5697
4732
6954
8650
5496
2141
3767
7852
7554
7603
2142
5931
3383
5694
1826
9970
5540
2383
5498
961
2418
3347
78
3871
3635
3140
2127
6308
8528
7587
3758
1314
9423
7530
8540
5744
807
682
5249
9461
5299
9743
999
2153
7430
9178
4285
3943
6600
79
2756
3188
1334
2402
199
9848
7963
6528
2089
5643
8192
1574
9363
2851
1684
6186
5573
2026
1730
8622
3504
5221
4373
6875
3472
5305
3922
6309
7039
3928
703
1802
6688
306
106
3773
4106
576
5518
2621
7169
2740
1547
4072
8458
5389
8124
8749
6195
9329
508
2852
1866
9979
5015
3278
7452
5020
5349
9723
9221
6115
9856
8347
4313
5751
5697
6457
975
237
1982
5309
3240
7750
237
8602
6097
5911
7231
7570
7713
6852
2150
9616
1212
8991
7377
6422
9610
3790
9739
9124
4077
2675
6961
2747
7448
3965
2294
9398
2060
2215
8817
9922
3397
2641
3719
6662
8794
1483
2066
5799
3485
9069
8968
6320
4663
6134
8878
4089
7904
5497
829
3721
9283
590
8791
8018
838
9550
7099
4540
6647
8559
1866
1600
1713
962
676
1403
6096
9341
4486
6379
2303
6123
7623
5836
4781
4622
4064
3991
6590
6431
729
7155
9773
2998
1471
7401
2794
8918
8617
2384
499
1947
2460
6159
9502
129
2936
3815
4655
9483
1876
3537
282
6730
8666
3310
3266
214
6951
5894
3729
8823
5088
4936
3058
3030
8456
7110
8330
4438
7452
46
6802
151
1018
3464
4078
6192
1886
1408
4796
9756
6380
6783
5240
3578
8575
5467
3152
6931
5887
6229
1201
6865
760
4367
7050
144
1007
1572
4791
1091
9593
1815
9614
2993
3154
3296
13
1117
7389
9392
9596
3441
6623
7397
3586
1227
4299
2420
3508
5267
902
5217
7212
5238
5970
6985
381
8967
1172
1172
9994
5617
2209
2205
9811
1817
8278
3721
2899
2557
9198
4358
6452
9342
1947
7432
9702
6510
298
1976
6630
2902
3561
6488
1304
137
2981
3485
5231
628
7267
2501
2860
8168
1938
1514
3535
1444
699
1961
5607
6130
877
464
1153
4378
9131
1201
7831
1435
8085
6441
7741
7915
9321
9198
1866
2797
3260
1155
2644
6604
1846
1094
6548
6457
5677
3885
3142
4639
3231
7761
7045
192
6211
8112
4457
8663
1629
9274
6461
8581
8266
1929
7192
4499
2378
2648
6142
5514
5140
3807
356
5049
2191
6681
4094
2406
3875
7853
647
9074
3296
9258
3421
3114
8126
5132
1156
3102
1292
4972
5205
9004
5082
165
5151
1171
3028
3404
2742
177
3992
4208
3111
9637
3279
922
6540
1303
6325
9413
3674
6788
1524
1353
1999
3058
103
463
1654
9474
2597
3363
4193
2633
3448
2797
8806
1483
7516
4918
6652
9290
4888
9015
5490
899
3271
7663
3572
3443
452
7566
3900
6155
2864
6577
7364
250
95
334
6037
3021
9378
2751
5954
1172
8496
8199
2064
7243
389
9643
6743
9496
7767
6201
7227
60
1482
5669
6655
8289
2106
2384
8007
6340
177
8462
176
1759
6944
6947
646
7536
4054
8674
9796
3501
7617
777
7740
4218
9355
3657
5779
7607
5100
4990
1038
5379
8864
3874
4668
1114
8850
5561
1124
4268
351
7409
8434
8768
9295
9657
7149
2952
9355
401
8700
3574
4999
2779
2265
354
2628
3777
2933
9122
2060
8292
2935
984
985
9126
2034
2155
5758
3472
2777
4084
2894
9058
1232
6353
7011
8657
4111
5427
2555
9917
8696
823
8668
8597
2875
6487
8789
7184
8789
9262
9182
7625
5057
8212
3505
6427
9364
8262
3697
2732
5337
9116
1046
5158
5023
5756
5093
1155
1072
9935
2195
3428
753
3057
34
1579
7310
9554
9135
3535
2857
6486
7536
558
985
9445
155
1680
6582
7051
125
8247
4966
6339
5377
6932
2376
9162
94
58
5112
5353
7316
5345
5162
1859
5925
3331
6015
8306
2537
9588
3579
8523
6386
633
3569
4450
3217
6932
8567
3551
2379
3775
5064
3336
9893
952
3236
6975
9035
5154
9931
2047
9186
4788
8421
492
3133
5527
6833
1525
2786
6320
843
894
3362
9804
5248
9217
6501
8120
3282
9357
3467
4982
2217
7764
639
7505
8685
7590
818
6795
7412
1963
5527
4570
2621
4296
5455
4213
2204
8733
8456
8545
991
7938
7122
3364
873
7294
826
5312
2414
4278
356
4996
4644
9312
6801
1459
7200
9672
148
2073
1704
1213
7247
2701
7327
3588
3229
6616
8864
3404
5249
7032
4325
6340
2520
7379
3028
3627
1994
5454
4505
492
4770
2468
3144
4170
4314
5641
3415
6929
3945
3508
5785
5162
7666
6375
3967
9065
5383
448
38
8681
855
3126
5125
1151
8270
8616
9856
899
1274
7613
590
9188
6473
2126
4545
1986
1959
6696
9379
5390
261
228
539
6018
4243
8466
2714
9701
3967
5716
140
5587
2300
5869
4149
4320
7115
6981
5376
8365
8376
719
2329
9726
9064
7830
7648
5334
9973
3462
8316
3178
9696
1647
6328
2919
2808
6524
1875
3152
1202
9025
1972
3735
5805
1613
3650
5712
8492
446
2309
3192
6930
3816
2641
1282
8268
8133
1676
1673
1147
7841
884
2785
9313
3651
7063
4521
4289
4269
9768
8650
9017
387
6417
4546
9135
6147
4885
6642
3696
2480
7399
4296
2469
8796
8844
6997
2728
4333
7224
7812
4433
8160
3938
5849
9056
7278
6776
4085
3942
5580
9114
2410
1088
2528
4639
6958
6454
