6772
9574
652
2113
7343
4003
7619
4925
1995
275
5425
3175
9488
9180
3687
559
9218
809
7172
3209
2734
8814
7113
9601
6443
5971
9244
5076
801
7124
9217
1994
6462
3059
1388
359
5814
1556
72
7957
9168
9956
3339
3445
8401
6937
8174
667
7344
9875
2375
7512
7381
8168
2998
8061
8779
2184
3296
2467
3151
2155
156
5044
64
1224
1825
7372
1354
2126
1391
9892
9922
7540
4880
2396
5957
9996
4137
1139
2417
8428
3715
7834
3311
4949
7857
3738
2908
7218
8403
227
1320
8909
6907
5779
2076
3212
4625
8137
305
2041
2128
9566
5899
6681
6260
2588
4672
3976
5921
3330
1912
5845
9733
9750
6979
8897
8000
2368
4614
5238
8621
5863
8513
5166
1576
910
5356
7388
9465
6983
2967
2653
2184
8484
4588
2212
2294
8544
2328
3432
3885
7080
6791
1043
1813
2323
6579
3996
68
7904
962
4716
7747
803
1297
9675
8579
9001
1995
7601
5315
1501
9783
4412
3400
7544
817
2027
9299
6295
8790
1546
7615
3076
3617
9991
7704
3277
9474
3801
4875
497
3043
1566
3468
1187
7658
3104
9101
4070
6689
1938
5212
8960
23
3433
4645
6266
751
1470
492
5415
5305
2329
1637
7699
9182
5713
7549
6652
2130
9260
3742
6970
1218
4779
4008
1163
7557
1482
8063
1700
2602
3990
3536
5219
2957
577
9405
4525
8382
214
3895
3570
6313
5317
3630
379
7619
804
2409
2983
2548
9036
7338
3805
2861
4559
7284
8670
5989
2149
3581
7633
9740
6609
5784
6148
1547
3014
5866
6776
4527
1650
2730
3551
3750
2767
5142
3450
21
2438
5288
1953
5194
2327
7017
2611
2604
2956
2550
3739
8535
2204
8933
8883
5817
8167
850
1542
8621
8301
9509
8779
8319
4771
8322
2819
3861
9355
4795
4503
6567
9877
4660
7571
8430
4191
8657
8111
5080
7002
4553
9273
9426
9450
7019
7331
9627
1318
5792
1536
5560
953
8191
6837
1203
8557
5502
5547
6498
4374
4006
1240
1133
4480
491
5828
4447
3368
8993
8615
169
4343
181
4347
2091
5844
7324
5837
6911
4256
3117
5521
3473
1516
9739
9516
3429
8857
504
7159
6933
6431
5196
8824
8417
2215
2768
4871
1698
2602
4463
9002
740
1379
7613
9995
2221
3441
5383
6833
8726
4474
549
3563
6887
8136
2033
1875
3047
7776
1364
1370
165
643
2503
9738
3554
8668
2523
7664
9826
1461
2538
6198
2898
3894
7971
7501
3321
2846
4742
3439
2317
5027
3309
316
9922
634
5595
2200
7403
5562
825
9732
7720
8336
4997
6133
4238
6552
5358
7154
7099
1662
5565
7152
8726
193
9467
9191
4770
4155
1421
3054
4482
3289
8886
1440
4976
7080
8682
1225
7126
4987
1734
3668
6965
9241
2389
4688
5340
5715
7471
3940
340
4893
7102
9317
1528
6736
4058
1723
2373
408
877
3471
7444
2213
4317
2514
3904
2860
4864
3865
2633
8231
4944
9019
2912
6192
3249
3957
6028
5656
4180
6438
7359
3134
759
3628
3575
6272
6594
1880
1422
3533
7468
1470
7220
4092
5960
455
1705
2254
3122
3446
3112
6273
9713
3081
2522
2323
5714
4225
9384
528
952
3546
1884
1482
1532
9980
6352
8477
6466
4858
2253
2795
6415
3931
4489
6818
1769
7433
2695
2503
429
8427
8026
768
6606
4149
1516
766
703
9864
4526
6652
6923
9809
995
3467
9644
5208
3295
3085
1762
5060
8298
5740
8265
1429
7961
2642
6071
7288
9197
386
6842
1636
1098
8438
2895
3556
3680
6847
7631
4183
1225
2522
929
3090
5052
8883
6881
3561
5041
5525
5913
9384
6645
1647
5854
4345
248
9434
6841
4445
2719
1291
3086
1992
6815
7952
457
215
2668
2782
2620
6782
7025
1323
26
4729
129
4103
5431
9689
7170
5054
6844
3018
1095
7474
3768
1465
6231
4440
5474
5327
7634
782
646
8740
9412
9315
6178
7660
6316
4880
9215
3408
6862
5932
520
2215
2946
4906
9223
4111
450
5394
8626
7728
7718
6300
309
1083
3930
547
9067
2278
7366
8680
4352
8173
4374
5750
4852
3585
3441
3233
1590
8307
5184
6433
1490
4348
8300
1794
7760
1203
3579
7866
5624
2648
2908
8281
1958
4609
7875
5040
5189
9972
3066
5630
7468
2865
2425
8082
4579
1889
3154
3917
270
9075
566
125
814
8907
8994
7822
2464
9670
8433
7023
9152
7574
3941
4090
335
2667
4971
858
9156
4336
4801
2172
9282
3400
6026
1628
4671
7214
6662
3691
337
4016
2838
4031
3694
2817
8273
8912
5507
5527
7805
8786
6617
8754
2034
868
1662
3702
2871
363
3813
3958
5226
318
5187
2595
8367
5573
6045
1985
1578
7190
2145
1994
2693
9912
3682
4813
4755
6681
1155
7580
5656
1081
3174
7179
7896
670
8728
5084
842
1590
1800
4009
5777
7621
9277
2235
4861
4864
4131
5956
8724
6626
4535
4784
3815
1771
6203
604
9860
3761
9602
5399
9850
6970
5874
9373
9790
1412
5354
6709
3138
7011
336
2658
5342
3747
9432
2297
7139
4588
4266
8245
1442
3983
544
1929
7494
5864
4587
546
7741
1622
3307
9801
7407
287
318
686
4086
321
3348
7104
4866
4798
8489
9986
1449
9550
4902
2682
9544
6861
9598
1880
7397
5713
5622
8090
9745
3216
8584
9801
7721
893
5836
5826
2243
3775
9801
1081
8323
9877
1977
2029
356
2577
6953
9403
3947
8640
6401
7439
8125
210
1485
836
2884
9939
8341
2904
931
4621
5401
1006
9220
4186
3198
8218
5412
9717
6970
3432
6756
6266
9924
5584
4029
3690
323
1564
1186
1461
8692
1500
2131
1460
2398
9578
9639
6146
3610
3334
7877
8159
3217
9439
9188
1417
7680
9399
7857
3074
7967
4307
8423
323
9752
3809
3769
5957
1872
788
8698
1858
5673
9902
8004
116
1317
5103
4139
7381
8388
8522
8491
9203
7215
686
2036
7629
4190
9954
5645
7119
9086
7264
7696
981
4869
789
6790
2932
825
3968
381
6151
7969
9518
5877
5250
1634
1480
9413
4950
9898
7147
8884
2930
8106
803
2068
3313
9091
1605
7720
1569
5919
8644
7338
1220
8988
7256
8006
7666
2133
1991
2179
4709
3017
3288
8563
4886
1553
6890
9349
5617
6335
7272
2990
9329
3152
8987
8416
7232
1541
2689
6141
3224
5008
5854
4060
6509
8094
1697
898
8964
8752
3654
8266
6019
7654
6943
3054
7883
6992
3167
5498
1297
85
8705
4682
711
9695
2739
2463
1743
7329
6140
8828
9100
7994
8166
6580
5760
4900
3950
888
146
6415
2079
9724
3263
3207
8238
4511
8321
6980
7842
6380
1256
3434
7845
2395
1722
1179
5531
7786
619
5214
9964
4808
2062
8270
5
6176
4770
5818
1316
1201
310
909
3630
5727
3384
3078
8677
2760
2385
1561
8681
9296
6811
6782
5041
6241
1847
5677
6972
2577
9368
5766
221
1956
8962
129
6737
9746
2171
417
7156
1243
8084
7852
9326
7221
8665
2834
7743
1287
7752
2189
727
4630
8522
9358
4444
7632
426
6919
5473
4583
8062
2696
6499
7241
1271
417
2967
5360
7876
3384
1998
7461
7893
4962
8763
3109
795
2795
9626
8731
5471
4637
5840
2655
5890
2427
6359
1395
4160
7810
3414
8531
6654
6702
9898
9471
8214
2679
3323
323
4027
8994
7137
6719
8717
6843
6523
8928
7445
3120
2453
2879
4352
4389
4741
2843
9560
5010
2100
397
7120
6465
4812
6066
2801
1803
3504
4534
2408
3814
5751
1725
8442
8067
745
2164
5348
2248
1096
8035
1341
1395
15
7157
7852
4545
1550
5670
6011
2092
1343
2659
3259
4727
5482
8176
2188
4177
5369
3145
7992
3223
7306
9505
562
7431
6466
1595
2152
3867
6290
5286
1833
2726
5996
9630
3454
6219
827
6923
4757
5338
1980
975
1423
9194
5707
129
1350
3498
3990
1090
1267
4460
2440
1999
9899
1889
4527
8334
9330
590
5155
3218
8969
2317
700
4491
4556
1442
7115
4505
8045
6302
2473
5035
2857
4747
5403
8902
2992
6779
6288
1969
3825
9383
3797
4004
6983
8677
5338
4593
1676
2293
6390
731
68
570
282
6056
4854
8560
6980
7745
3050
2144
6704
6042
1216
574
1785
3115
3815
4702
8085
2439
8188
4801
5500
7332
6808
4431
5594
7345
9834
7107
3266
4270
8792
660
8477
5262
5231
137
3553
9200
6571
3841
1334
3832
5078
8693
9532
5457
4833
463
7083
9962
5942
1629
8946
3864
4781
4647
6884
6692
4064
1196
5039
1506
6717
8636
824
8655
3134
3351
3569
8967
2235
6900
5653
6490
2948
4982
3457
7626
4202
1105
8343
3045
8369
6537
1095
1112
5169
5647
6787
6734
498
1030
866
7517
7405
5997
1401
9889
4465
2899
6908
1485
187
4570
3933
2473
773
2699
3666
7754
2535
1358
2263
3987
9588
6099
5259
270
2045
9037
2482
8940
9899
8164
6222
3472
2979
4788
2047
3719
7964
6396
8640
4845
9289
3558
285
5228
1949
8513
3230
339
732
9979
5057
4121
2181
3445
4397
6775
2737
8674
6849
8013
8924
6511
1815
7811
3193
5184
4094
2494
2094
2273
3560
2593
1821
2238
6008
310
9833
1025
8349
8683
295
8585
1734
1561
5336
7408
6904
3363
3773
129
7071
266
3879
2117
5002
9926
7004
5581
2596
5152
4425
180
3234
8042
673
1366
9447
5002
2747
1795
1017
9815
6155
2994
1575
1441
5477
4180
4902
5622
9332
2647
5742
4483
6986
5437
3708
6343
6647
5180
3057
8712
3519
3888
5539
1072
9046
7292
8342
435
1498
8869
4191
1928
1991
7063
6112
8667
9400
1459
5030
54
2187
3611
4463
5295
5133
6113
2838
9406
4204
9077
657
2274
3314
6683
6700
7443
2649
7675
4685
6205
9376
2800
9454
4312
8057
9025
9607
3153
9908
5097
1738
4627
7154
5508
9955
9044
1143
244
3192
8455
677
5851
1986
3505
11
9273
5838
597
4394
9692
2073
7495
4673
5179
7181
9778
1498
327
2031
7571
3946
8257
3075
1833
7040
5386
2654
2156
7529
166
2888
3509
7563
7652
9265
7641
1458
186
2004
5968
1594
756
5560
4690
5689
9657
9207
9599
9178
6968
4542
7592
3234
3058
8982
4248
1092
6823
7820
2008
2754
6726
1271
1450
922
2788
7081
8974
9032
8670
3725
7784
5662
1723
4012
5500
8241
5469
3993
936
2999
3338
7463
4630
7405
4725
2082
2584
5937
4384
9138
298
9991
4056
5332
4702
7952
814
1613
4853
2029
93
1043
8380
4308
2611
4959
9580
5673
3463
4289
6769
7723
8552
759
1089
9636
8244
970
6247
9040
591
4822
8914
8386
6851
8624
2412
6063
117
2361
2172
4543
3843
55
1
6233
808
1950
5642
1369
4624
7304
8335
1297
5295
7021
8104
4786
7509
6007
6396
4640
5377
6219
8302
6811
141
2677
4134
4443
8010
6373
6369
4854
3733
9958
9106
8330
1787
4405
1084
3759
1099
7370
50
7673
1151
6939
5789
28
6972
7608
1496
2207
8058
8912
8337
131
1571
916
6009
8137
3313
4975
2917
7315
894
2585
3180
5380
2318
9971
4101
3830
9721
1107
6950
2130
2449
7282
5974
7988
5796
7036
5377
7383
1788
6324
1691
7958
6171
5074
9448
4615
1444
3000
1319
6730
9182
4448
39
2249
6183
9374
8309
5136
8039
5092
4617
9098
596
1377
7459
2373
4504
9689
7790
5433
529
5821
9703
5916
3636
4111
2312
2848
2010
515
1602
5245
3073
1281
9634
8586
2388
3770
9862
6307
2837
6020
1611
2479
915
2089
3748
6113
4128
896
7464
7187
8507
7316
747
9395
8099
5628
2595
4876
8888
7050
3314
1732
8069
5079
8359
6018
5872
4604
7070
6062
1164
3377
4405
8471
3988
7297
3303
1991
7861
4202
7663
7495
2180
4372
1102
9816
407
9783
4604
9882
2818
8328
7012
3669
3593
3638
5861
7851
727
5959
2524
713
3859
4600
4813
887
9486
7873
2278
5780
5207
2166
4241
6168
4701
7805
8320
3387
2895
5710
7645
765
6490
5492
8262
1531
8392
2599
4342
1264
5904
9411
7706
4179
1575
2745
9924
8980
2512
8161
9773
1875
8633
9645
6198
1428
2874
1789
7097
2366
6664
430
7197
3214
2130
6831
4131
5669
8438
9986
367
2008
3431
1382
116
495
3304
6655
4532
7764
2440
8958
5570
1432
2716
9590
8743
5853
6628
2460
7641
8817
1356
272
8602
7275
1592
2016
2179
5702
7328
3249
9171
1603
9124
2995
2888
8822
7404
3623
6067
837
4247
2986
383
3000
5796
1337
8840
4829
968
9016
6540
875
7427
4786
3239
1428
8940
8819
1959
2393
9183
8804
1468
7033
5797
2428
6908
956
5125
4559
2032
5705
2359
2878
8598
5656
4126
1393
3276
7491
448
7324
134
1499
923
3159
7212
9156
5541
2351
9002
2040
4048
4077
2753
2950
8982
9762
5435
1336
6629
1657
9927
1598
6981
1651
3520
4639
8521
6733
9208
176
6128
6023
383
9737
758
3133
2529
8022
7651
6782
1321
3359
5797
2038
5111
6361
5135
4343
1222
9558
9524
8561
9686
9800
2940
5687
5115
9488
3510
588
7226
2366
5039
5126
3233
4485
8488
2419
782
1235
6501
9575
8400
6870
2528
8249
1526
3834
2350
4628
6128
5383
9882
3028
8606
6467
1020
213
257
4674
8986
735
6907
5138
2144
7124
9490
745
585
2614
9331
1728
889
8213
2685
6777
9466
403
2683
1192
3576
543
3246
6244
5769
2099
8780
7949
1803
7275
5468
2734
4356
291
4872
2109
4804
590
8187
8385
3212
5617
9985
8724
2265
9427
3587
5360
4362
364
6277
5710
2327
8335
1517
7260
3267
9761
7028
8615
2004
6221
2166
9908
5191
1003
5344
2886
9738
6284
2452
3401
9502
2546
183
6816
2317
925
3967
9854
5395
8708
8821
812
893
7926
2848
3742
5002
7114
7331
1171
3310
6677
4408
4274
2379
9036
3200
9011
2488
5753
7878
1674
9332
5151
6677
7533
3066
5621
9136
1835
1573
1763
9950
3270
1057
2765
1737
6207
1168
5039
5756
9488
3719
4025
9131
6379
3770
3270
9535
2409
9380
2438
3395
5232
1594
9732
1713
3416
9446
8362
8348
9108
5629
1156
9229
2899
7305
2183
7386
7884
3054
9360
7896
3918
1374
7384
8902
2378
8334
6084
9712
6335
1988
5273
4634
1007
8978
3556
1712
4586
4395
5158
8792
88
9428
5845
5460
4756
2541
6248
8322
4723
9066
8515
8796
9123
906
88
7158
9669
2803
6653
3923
8822
4098
4796
9799
2098
5240
3773
8451
7821
6446
4910
2087
685
1861
6666
8489
3838
6297
3115
9520
7912
3256
3718
5387
4389
2269
2662
5950
5022
829
6735
242
8629
1169
1744
8036
1529
4983
8827
2747
8127
9809
3637
3280
3691
9249
3374
3508
2275
5448
8881
2015
8876
6345
1626
1418
6458
2078
8303
6190
5222
4627
8965
186
3684
2294
8163
302
8510
5929
2380
637
2808
6963
1209
2332
665
8244
4182
7871
9032
7425
9940
5027
6797
9251
9507
4884
4841
7448
859
392
195
9134
7645
6767
2038
4669
1008
2736
7193
3696
9722
2061
8041
3743
570
8122
6314
1227
7801
390
2106
5928
7833
578
8617
9112
2904
7963
9647
2331
5303
7918
8652
8651
2031
5053
5306
552
8246
2522
7937
9073
6690
2041
7945
6927
9470
4932
5380
4208
7984
3149
3218
9135
6608
612
1549
7810
5800
9444
1901
6354
718
2723
6214
6000
2133
5220
4618
6722
7464
6267
1065
7796
1082
4365
6157
4326
4692
1449
2027
7231
566
5810
5018
423
2665
6613
8091
3003
3288
9660
6369
6156
5771
3596
6057
4168
6996
8114
9064
6452
6968
862
3123
2821
6574
7768
9903
7368
8782
2252
1722
7267
3003
2414
776
1573
7116
1723
3529
1641
6732
7917
6879
9228
6692
6907
2037
464
5498
3302
6645
3962
9389
6856
5642
9102
9138
4614
6569
6189
9276
1811
5623
3623
6417
694
6582
8485
636
5364
5951
6001
1437
2432
4144
250
7756
1850
4332
3164
9639
9633
7715
1387
7783
4324
6396
866
5952
2077
2774
7223
429
980
7460
5836
133
3880
6042
9394
816
357
8759
2203
6814
2756
6082
9927
4256
8187
7573
667
330
8293
932
8238
4240
1236
3163
1388
6825
5822
5944
3283
7443
5991
2924
4074
8721
5002
7479
5581
2019
2538
5671
1243
9045
4714
643
6331
7986
6492
1480
3138
5686
8362
1705
3367
984
4326
9983
5264
8105
6188
8379
6156
3198
9948
1548
2039
1541
3704
3623
4583
7730
2881
8240
2516
6249
7832
1125
8735
5216
898
3998
6664
1819
4870
3139
9428
3976
2461
5921
3192
9099
6871
3833
1687
7477
6820
1095
2368
4777
5541
3816
5910
5413
2113
5856
9839
6150
5266
4002
3951
7176
4334
6927
9905
6124
9353
9484
9840
9020
2510
6323
9241
988
6100
6581
7367
8697
7937
4440
4528
5984
3795
8705
9257
3862
7837
8261
9978
6239
6243
9242
5173
3027
6279
4065
3239
3075
2912
2084
8251
364
7714
6577
633
8242
325
2990
2422
8136
983
8957
5221
1126
3776
7440
5215
3056
4151
556
3676
6446
981
3133
3306
5346
2998
1833
418
2511
1767
7819
500
1805
8554
8374
11
2540
396
5598
400
6663
1492
8403
1286
4117
9629
7370
8487
6511
3762
712
9175
4301
8131
3602
814
8100
290
2418
2714
433
5317
59
9078
292
6122
8468
220
9180
244
9678
4262
3964
6840
7302
5094
8865
3642
6245
3596
6136
2611
9579
8241
2602
4700
8040
8049
7128
8730
9402
5572
2288
6693
2105
97
2032
7988
9934
1581
6001
8064
2316
3965
275
2737
7829
2451
3810
8055
6907
3103
9583
6991
3397
4692
9579
8490
3620
2096
3119
1417
5902
7762
8769
5816
3140
2746
1088
6571
5927
1666
4793
9996
3982
6552
605
2229
9199
3000
8963
9361
4492
8319
104
3164
8803
5423
1564
3025
126
8105
7085
4212
5200
3024
4096
4955
6677
1257
487
5
5946
7572
5219
6305
2601
8742
1469
7184
9546
3119
5454
5117
6123
2514
8903
9480
346
3929
8155
4984
5268
3133
8350
8490
3880
4223
6814
6781
1502
9368
5822
5513
4589
701
1228
66
127
2013
113
2289
312
1322
7567
3248
3113
6634
9988
999
489
6333
9879
4131
2510
2479
5017
6376
7463
9999
3082
4926
5125
7287
1357
5272
2815
4027
9970
8343
1613
197
6248
1545
3131
6160
7282
3857
5657
7512
7527
6609
2127
9910
8363
5751
1389
8526
6956
8494
8541
3914
2463
7039
9726
1151
8629
4783
1705
1882
3213
5873
6785
9560
6270
7262
9212
6622
1319
3529
32
8582
5703
8644
3591
4114
8997
5578
338
2074
1277
4212
7412
6107
6216
342
604
4993
7550
3743
8720
2222
1261
1245
4115
1395
9996
1550
1225
5032
675
2137
8293
3090
1060
5003
6161
4099
6102
7225
2009
6180
310
4382
5214
7440
8089
9688
7120
5203
13
9411
6458
1409
9368
5582
7389
7110
9890
315
7687
2455
2667
2151
471
9811
7365
3770
4072
6751
592
2123
1095
2498
2084
6587
9562
6153
7605
8114
6148
7489
5998
2476
3922
1482
6651
3725
4787
5813
2791
9752
9843
6592
5475
442
9270
1256
2958
336
7030
9208
146
1943
4651
113
3304
2886
2681
7009
5857
9904
8023
6346
2167
5431
271
9935
7515
7912
448
4400
4140
5344
1056
2182
5179
2593
7265
4390
605
7011
5215
9888
1869
3536
4918
6882
4833
53
2041
2951
3798
6139
4983
7012
2977
3437
1084
1991
5558
3963
8543
148
4714
3347
8686
3906
5302
9700
6598
3840
9851
5151
6796
2014
7460
6358
4645
3269
9665
2330
3491
9245
3034
2757
2123
9933
4277
7697
7121
5379
9997
9955
9853
5796
9847
4793
8481
1782
8852
7683
1175
7615
1877
9772
7935
9638
879
2407
4910
8686
3409
6661
6895
136
9109
1112
836
7730
9416
1321
5578
7607
4575
7413
836
7136
1166
1979
1457
9069
2861
9091
1367
5310
6850
6669
5305
6169
8509
8651
5442
330
7264
443
4267
7997
7303
1024
4767
4655
7843
7696
3852
5739
8984
4984
5199
3103
813
7464
3282
2664
5428
7407
1200
8827
3776
2041
1092
5396
1829
1963
7448
4519
3500
1770
405
4977
919
6343
8254
8561
6213
1358
5798
8671
2778
4620
7974
8360
8179
5559
6168
6007
5259
3858
8062
5584
2858
4601
509
5014
2573
6548
8927
532
3434
2174
6026
7154
2075
2999
7277
5358
1987
1356
489
1905
1790
265
2089
8385
9126
6328
3246
4478
3707
6720
4890
4226
346
204
1803
2650
399
3878
2500
6945
7909
1868
3400
1186
4996
9564
2908
5981
9541
7129
3476
4824
7046
9028
7436
7062
7725
2074
5458
3298
9314
3124
4875
2842
5890
8961
8769
4389
3057
5125
5729
472
276
7497
4486
3459
1803
305
7255
5851
8764
6865
548
469
6183
4874
2450
6769
474
6341
939
7931
4854
3364
8656
9676
2395
4859
5756
5796
9051
6088
3938
7299
1866
2376
1566
1738
805
745
1912
6837
6167
8379
3990
7814
7364
4796
8178
961
3034
5400
6903
6982
6870
7702
4017
6340
8376
7880
5177
5448
2808
4628
5537
6925
9975
9234
380
9319
7291
5712
8905
1723
8479
2477
1347
6541
5697
7505
4848
9264
9455
2253
4024
7599
7718
5676
8086
3525
2807
8622
7520
951
2342
600
9845
8499
8340
5463
5762
1676
6819
9905
4136
1163
8761
8827
6679
4314
2145
4606
949
5059
3905
3116
3327
3372
108
7906
2030
9219
2480
5417
3859
7471
9422
8281
7410
9656
116
857
9771
5616
1009
944
3337
3152
4997
4328
4325
6558
4948
4285
4795
5571
4895
6422
5568
4736
4142
401
8256
9414
1854
3947
860
8760
2236
1307
2833
7857
3354
7861
2330
926
5834
4927
512
4985
1209
3980
5156
8731
3536
7483
8604
4457
2013
4312
3118
1868
6859
1366
101
1323
5411
9370
8296
676
560
99
90
4228
8986
4309
4358
4524
2407
4491
8886
7721
1054
4250
5346
1100
4943
6586
5066
6894
5152
6628
4355
89
4274
508
4040
9090
2509
933
9049
7215
3420
1800
353
9895
1295
8675
3408
7111
279
9364
4353
3143
3929
8945
7619
6018
2730
6599
6416
7166
6232
7409
538
7767
5917
840
4374
2005
4734
9094
1630
9031
9260
2702
2314
4822
900
7811
1798
2319
3224
9426
1420
3226
3573
7579
5019
7699
8394
8836
6008
8755
3436
3883
5202
6713
1880
2995
429
5218
5757
5139
5179
4464
8609
3181
5008
9152
228
7196
7246
8363
7533
261
1661
2096
9175
6242
7163
4492
5286
7093
2386
6922
7936
7965
6035
5082
2351
2025
6259
2946
3684
3306
6981
3067
9248
5126
3130
7041
1501
3676
6009
2190
2803
1216
4657
493
8974
971
9006
3655
5029
6334
5856
3805
3120
245
9269
2777
9660
6712
2837
4194
5911
5398
2474
1626
3870
1873
4865
3001
7206
713
8512
6133
5230
5958
1445
2737
6361
3616
2096
8637
6432
3876
7560
5996
6321
6489
6559
9346
2817
1372
2753
962
6478
7905
7758
2691
252
635
2205
732
3081
6124
7488
7056
3401
5531
470
6187
8486
213
8336
8846
6908
3062
1044
4638
3047
6629
4372
4383
4555
163
7415
8959
5921
1624
4604
5599
3921
7436
3770
4462
3587
2328
8610
8008
6580
3911
6027
3207
7362
1850
6246
1928
6385
9451
6337
8007
3710
6257
5869
430
871
3894
6742
819
3628
3777
7968
9999
3316
4539
137
2788
9890
9091
3624
2373
5505
6062
9209
5627
3463
8038
9718
8541
3730
9494
6517
6602
2852
621
5294
8374
3064
9327
1365
1810
2688
2631
5996
1878
7456
379
1656
5009
341
8765
5989
520
5675
8497
1358
1706
1835
2578
9279
9632
5659
1720
6786
733
873
1119
4852
5354
2282
986
7322
8047
7252
4615
2536
2086
6107
1996
8773
9969
3450
4042
9006
8951
3143
2328
7
5597
693
1932
5851
6212
8153
413
6043
611
8264
4291
4100
5151
6555
5465
3255
7210
2377
3942
2147
7363
2448
9968
4858
7390
3369
8186
6458
1957
2805
8831
7331
9305
2528
6094
7008
1630
378
1799
954
8930
2332
3316
1829
1099
344
8230
108
1750
6388
4726
7609
3861
8234
5836
1518
1712
7866
7786
5741
5763
9193
7494
1094
7158
7711
1954
5740
6349
1098
2723
2527
5960
6428
2003
449
1479
6576
2933
3324
4606
5727
5602
9935
3174
1467
2044
6428
8433
8808
7998
3499
5181
9768
6579
8093
2760
593
9170
1708
5223
7592
1831
5181
7135
1679
1289
2874
7422
1188
3211
7544
7418
2307
6845
877
859
6556
4365
3646
2942
5137
287
3761
2760
703
6177
109
8463
8113
8540
5007
7269
7069
3257
8322
3136
1211
8231
1905
3306
168
6998
3801
1237
3367
9989
7937
7464
6990
6834
6442
1861
8350
2673
8574
436
5185
3767
2354
7323
897
2865
2424
7948
585
2797
413
2485
6885
7497
2119
9664
9096
3330
9220
9742
3824
9948
1878
2052
498
9181
2615
6883
474
2475
1140
3683
4196
2267
4415
7567
6867
324
6201
3932
9459
6596
5545
6629
8518
5367
4250
8573
5182
1649
9215
4949
1127
9631
6733
8228
6717
6761
2318
1107
4551
1555
1447
8163
9812
596
3706
9555
7339
338
5290
389
4190
2327
2513
7529
5616
6221
2075
1566
1811
3614
2184
5426
2610
7065
2315
2663
7359
2987
8379
7877
7608
4062
4405
8875
987
6729
1410
5242
5628
1944
9116
751
5870
2875
6385
7748
1601
1538
1798
24
5583
7406
6709
7005
5348
5013
9225
6120
8876
4260
9124
2121
6144
6674
485
1810
1851
3255
931
140
8155
4660
3836
8992
101
2517
2574
3038
541
1385
3937
8082
5853
4532
1252
5997
8507
3092
6366
6979
7628
7402
3700
4189
4103
1349
8847
8094
2494
5427
8837
7785
8047
1857
1099
4404
3416
5603
3415
7429
6376
8416
7706
8023
6771
9137
6350
4902
8200
2394
947
7263
7545
9588
9894
6189
3353
560
2981
646
2262
1730
8313
6695
1240
6628
9304
8872
2187
7739
7232
818
4649
4363
7901
8187
1828
9805
9319
622
4838
2603
999
1162
297
775
4461
826
6668
5046
8836
3324
5549
6927
5101
9836
5085
154
7362
6649
4045
9467
9912
9053
6733
9031
4286
3364
889
3869
1444
5177
2988
1617
379
6060
7958
8638
5938
2740
3203
4052
5461
2576
81
7622
5954
6584
9451
2577
957
6631
1799
2451
8978
6525
6560
1794
3475
7696
9742
4217
7679
8915
3722
7663
6284
6061
8171
5996
9977
2344
6474
8077
8132
1590
7715
314
9579
7188
327
6367
1300
7135
9846
8152
160
1253
9848
5584
3319
81
2134
8599
8846
6226
9472
3920
9257
8011
1818
750
7156
2161
4835
4115
3995
6947
7724
1955
84
9731
5926
2192
6395
3169
3090
9015
6470
2474
5834
3392
9790
2071
4315
1432
6329
3754
1383
5638
5702
27
3181
8308
3310
5663
4460
3399
196
7768
2593
3004
2930
9597
5292
7286
4795
6215
8361
2148
9769
731
1496
7257
6367
8269
2075
8109
9275
1112
9170
9755
2888
2521
2613
6525
2349
8608
4817
1647
4516
7367
6306
2988
3374
1430
9395
6320
1866
6496
8323
5505
4846
456
8288
9763
5917
9235
290
1804
4287
4092
3466
7015
6463
1724
1698
3123
1581
2880
6650
1808
8507
7399
5140
8556
7415
3599
4746
4769
8539
7758
7901
6566
5985
5066
1365
8030
5086
6884
4960
2778
7626
379
681
6591
460
5715
924
5636
9534
2823
2456
9299
3126
4514
952
4033
5247
5161
9491
4784
2578
4542
3185
3520
6039
4545
1309
213
1176
2387
7749
188
9902
7767
349
3204
9813
2942
9844
3831
6280
4082
9463
9757
6869
9503
6975
4484
7201
5321
2019
3557
2336
1961
2856
8948
8002
5532
8365
4491
1536
6568
3031
6392
3280
4866
4988
6736
5358
3250
9744
4644
6254
4940
5112
9279
6410
8951
6107
1262
2195
5400
2063
4194
3014
7975
2097
6000
9083
3914
9163
563
5446
2810
7424
3756
1168
4320
2451
4359
1351
1407
8806
9612
3580
156
5029
7167
9730
9387
1699
71
8679
3292
4308
9084
5422
8164
9010
7082
7277
9906
5946
3645
8498
2452
1837
3959
420
8517
778
5143
5473
3127
9781
4804
9892
7302
3511
1171
1753
3934
852
1521
8086
431
4490
5762
7239
3009
3531
5034
434
5647
8306
961
9484
2690
6009
9805
6033
7803
5551
7186
1340
3598
147
3253
4652
5602
6498
5237
2486
1460
201
4182
775
1255
8001
5289
6773
7660
8849
6814
7838
5282
7405
735
9782
6975
5547
9522
8342
1194
9749
7225
3516
8504
4779
9885
7981
7271
7055
9745
7647
8230
4214
144
4481
5162
992
3111
9220
4218
5318
9676
4275
7552
2705
3693
5234
7920
1472
3574
2717
9592
6098
2758
5018
7556
1118
8955
5974
1349
3351
4260
1802
2050
5974
3073
5261
983
3978
2433
5422
6506
6877
9857
6604
883
1201
7047
541
2693
2258
3967
1766
1492
1927
6665
7330
510
6828
3976
8523
43
9136
2769
4004
8925
480
8764
942
3934
7942
89
3131
7348
9963
3754
2832
972
9142
998
6138
920
8371
6055
22
1201
6521
4325
2912
5698
9973
150
9643
7563
6719
1433
5920
2206
427
8205
7069
5089
2934
4907
766
8341
4928
1608
3688
875
6267
7724
7586
5089
9314
2844
1151
9547
974
3235
206
1052
1674
9303
291
1459
2448
8823
2472
4241
4508
3127
5350
3335
9181
8582
3672
2132
9957
3686
6688
3597
2528
2878
7451
3446
3163
1803
7641
7094
544
5130
1150
7628
1280
7312
3691
6461
4689
8670
4971
522
8196
4061
4605
9839
684
9045
2883
7194
7480
8960
2716
7178
7323
9581
9695
5395
8612
4169
3006
9854
9505
600
1188
5634
4033
4040
3153
816
4302
5109
6746
6343
7042
900
4213
5010
1328
6328
6377
5099
3091
6291
5091
2281
1220
4915
6553
9402
9515
6752
6477
7498
8500
6216
1776
2953
1234
5767
2397
5126
7621
417
1289
5941
2460
5951
58
7964
3480
939
2842
297
6963
8110
1140
2280
190
8917
7926
3393
1922
6245
204
4073
4397
4138
5393
6168
2906
120
8376
3684
1933
5266
2879
4156
21
9492
2979
8480
9094
4726
7929
2388
7764
6601
6272
5848
2330
6076
3259
7655
3624
6027
8950
1213
2639
4244
3056
4090
2967
3508
6596
8315
3457
1461
9724
572
247
7830
9715
1473
3318
4249
3017
900
9074
2379
546
2046
7097
9324
5932
235
6191
5471
2291
3849
2102
8745
4320
3783
6888
1050
8941
4713
7819
7184
9595
6176
1895
3857
6352
3947
593
6650
6470
2561
8301
5674
7751
7910
7035
6532
137
4845
9519
1753
9313
8428
2445
9304
9797
9085
1865
9010
3993
1277
3036
4742
7955
2501
7755
107
4272
4466
3259
8018
7398
1079
8093
15
6970
8537
2002
9504
271
1254
8863
4154
5805
3618
3963
6655
6162
1640
9481
9723
9858
450
4989
809
8602
3281
2936
4313
8600
5110
2657
4262
1916
9413
261
8407
6656
9676
5897
5469
2815
8198
4384
872
3962
3530
9944
2725
3659
4419
877
9035
9480
2558
5406
9171
6798
8602
5658
7462
9149
5945
2734
4480
1905
4553
2189
2016
1207
2814
5895
1078
721
8774
3187
8323
4579
3423
1521
5249
6119
7746
4410
6228
8475
2147
2337
5967
4906
1548
548
4353
3871
1979
6145
6825
6269
4790
5754
1348
33
2766
4168
8898
296
8342
3863
2952
1750
7921
5023
4891
3463
7826
5828
6454
5442
6822
3135
7436
524
7355
4422
6653
4799
2629
2859
6878
4699
9496
8738
9933
9130
7759
2118
6402
588
4926
3530
5539
63
1725
1832
4865
6714
7764
929
5666
4793
8580
9933
164
7121
5059
4584
8455
6502
3683
1259
8514
3929
1396
8748
507
5154
2024
7105
7470
5269
2113
7374
8004
4300
2826
735
3051
5506
1100
733
8051
2071
7656
7625
3820
7169
1650
9613
4333
7024
1763
1748
7274
6497
1345
9630
3690
1994
881
1675
6376
7023
4456
690
2713
1632
8217
2777
6615
8098
7826
9141
5960
1776
8855
4340
6409
7782
8719
2656
9899
1336
1287
2854
6230
2006
5606
387
9172
9839
8328
5286
4288
4426
5373
3425
4288
6316
2108
8616
9131
3877
2915
3108
2340
7683
390
4424
2009
8847
1608
7216
4860
7283
3934
9827
4360
882
5619
6589
9392
6756
7131
8542
8259
1334
7545
7213
3911
6896
6635
8375
196
8371
7347
5305
5668
5667
5223
3920
1021
3659
1065
5448
8574
4031
603
5751
7411
634
283
4298
5719
2759
1407
9917
2720
8767
5820
4922
6131
5897
5078
3998
7551
761
1630
9285
7378
9025
4901
8540
2907
2061
7388
8943
8109
3011
5882
5142
1272
4614
727
6478
7137
6383
1716
4984
3479
9295
2612
2695
8172
2020
7570
4098
1701
3888
1834
7150
1798
6298
5894
4152
1441
6069
7082
2028
8796
1372
5002
52
7844
3280
7586
1911
1424
3755
2648
8147
4209
3920
5801
4485
1738
4846
9312
1318
3032
6762
8105
9719
8575
1591
8433
9751
2447
8017
2002
7547
7288
7925
3310
8675
3405
7949
779
6616
8833
167
2910
6865
5448
1463
9134
9105
7319
2028
1284
2179
1433
9575
5703
9189
7615
7400
7847
2942
4048
1186
1010
5161
7116
1588
8225
6449
9482
7063
1783
7762
8277
4147
7914
8382
6088
448
5124
9759
1002
8989
3460
9434
8412
1207
8514
4307
6507
9931
8404
7917
9407
2939
4124
2133
6747
2340
3703
9657
6219
4945
8407
88
6007
4034
4865
8959
7374
3487
455
6092
3772
1120
519
6926
1717
9240
5089
8030
460
6923
9645
5935
1970
357
9164
6623
137
4660
7200
1537
8250
3060
2067
4814
6795
7047
351
5596
9393
4164
3874
8725
3321
8480
58
6936
2455
2463
7156
7697
4731
7969
5224
8297
3216
8375
909
3473
9791
3481
9133
878
3060
3776
7566
1061
7617
860
426
265
73
6422
6599
6299
8357
2987
3309
39
4712
5885
658
7689
9558
7341
4245
1830
2895
413
2740
2508
2320
2634
4848
3129
1862
6621
5364
9764
3832
7674
3204
6640
6673
6444
5218
5016
5406
8120
8344
7458
7670
8246
9268
4600
7593
9310
5101
6858
1774
1515
799
9317
6494
5796
9077
4000
2963
7047
6356
92
7867
785
3943
9321
9781
7042
7085
676
8124
1116
5796
5916
226
2023
422
4901
3832
5968
1811
7689
6884
3981
630
8548
3803
9937
2904
5566
7633
7683
9148
8359
394
3663
2631
5564
9804
4539
8225
3225
9098
7666
7066
4991
8115
5940
3839
5105
8046
7554
2859
5586
9259
5502
6339
9703
1511
1267
3226
4872
8474
2103
9829
9444
4017
1518
4081
9511
5966
8152
3734
3790
4156
9111
5040
6968
3525
9982
2548
4435
9715
5272
2529
4252
4186
9796
2236
5422
8213
3684
4720
5032
290
1080
4252
705
9450
5379
511
8917
7801
1884
675
4222
9175
2143
7298
9195
7218
2901
6418
9989
5457
6613
4748
7804
3942
9743
6989
2277
1890
9722
4300
8839
3455
1347
2804
8397
4199
8659
6637
4382
9145
8900
3486
9140
9383
998
1832
8934
3147
2226
8174
4406
8963
3181
9417
1251
3047
3017
278
4065
471
3996
8085
4863
9784
6857
7684
6584
3746
6231
7258
1072
4631
8418
1873
465
1170
2158
5253
714
5581
6775
1932
6031
3425
1014
1256
3477
5999
225
1937
7596
4884
9152
859
6057
901
2544
2678
8559
5226
6003
7348
2955
8688
5090
1213
4469
6392
1543
3507
6189
8716
1663
4218
1585
6469
3405
1138
2716
7526
5536
3612
987
4615
4310
8035
861
9106
581
5434
761
3614
2983
4638
9527
7027
889
5457
1310
9179
4213
5090
6485
8800
5811
7497
1325
7588
6224
9925
4532
5323
9822
2907
4449
5765
6017
116
6805
750
9141
2239
9184
404
5859
4707
5040
640
9494
2528
7077
5242
6562
6756
7060
8751
1957
6194
6715
8071
5740
4811
2296
5304
6290
39
3581
1605
1690
9662
6611
2096
3656
5292
8301
4790
6065
8573
228
2295
3171
2219
8328
3679
1017
1733
5052
5273
9169
5227
590
3439
8949
8157
166
9338
8615
6980
5162
5634
5564
750
6797
7697
578
2481
2477
7349
9358
2774
6542
5527
2164
6599
9132
1278
3234
437
9137
8482
7845
1023
9821
8370
6387
8828
8565
5498
1577
9118
5438
7137
7141
934
8784
1257
3635
9657
9882
6222
9888
1962
2873
6134
6575
2909
611
9332
1796
3681
1880
4015
7236
5051
484
4138
7458
6033
2160
807
4196
9399
917
9239
2136
5716
2494
9006
2596
5412
8912
5796
6769
3987
4782
6171
749
8963
2982
2938
412
8392
4587
7661
5444
9843
5524
8539
8257
5661
338
6476
5366
4980
1657
9460
5924
5501
2458
5566
4528
8351
7101
7884
3156
7488
6229
443
161
1051
94
2808
2610
5820
4664
2468
1940
7522
4919
8324
1889
9122
189
5653
1988
6383
7060
2779
9487
5063
6418
2322
7555
6869
2542
5411
7810
1978
3802
5501
799
4337
6472
9572
8939
2254
5464
8374
2567
827
8351
4134
1293
4680
1982
3665
9608
9140
4160
7182
7863
5508
6428
8290
7121
1428
7795
8589
9177
433
3444
1135
1051
5759
6858
588
6662
2234
8645
4316
7056
6634
368
7927
4563
1296
7141
763
5551
7944
8417
1724
1092
8739
2462
3485
4745
9331
6312
3605
1958
4381
9682
4368
6086
9431
8250
9247
1957
4263
9022
2855
9033
1990
8052
2913
2773
4961
8728
7366
4554
3306
7004
7085
7662
4413
8515
4794
9285
1994
1347
3800
6178
1489
7358
5950
4743
4542
4447
6782
4612
9021
1920
7295
8527
2629
1183
5983
297
7538
4420
1804
6902
694
4602
8625
461
9410
1207
4340
696
4729
7374
3349
8765
5650
5853
9355
8912
5759
3085
6569
5222
78
3030
1298
6983
4004
4908
2642
7631
8099
1986
566
9062
2196
1690
1941
5217
9793
885
357
6289
9013
4003
3445
7616
9572
5818
2269
5422
6123
5182
940
4888
7105
757
1007
4769
4811
4904
4442
6717
6760
7267
1037
6820
660
5334
925
1453
5270
5230
553
9492
7264
2395
980
8171
9866
8404
591
422
2454
7176
487
7414
1589
1082
9666
1189
3013
5045
8910
8763
1023
4655
6751
912
6351
2481
8318
5926
6160
5356
7983
1111
120
4180
9726
2489
4633
6987
4923
6270
3248
5469
5866
4003
5045
4906
4735
6989
4364
7572
1984
4569
4612
68
5127
5162
6097
5747
8772
8584
2852
4418
9419
3087
6211
2871
4019
814
3553
1401
9564
916
9079
3466
2108
453
9729
7911
7511
9369
3440
5750
2942
7343
8808
6436
7719
7116
4942
1712
4399
1004
7772
8712
6214
4756
4437
7782
4936
5651
472
4661
4007
9785
5499
1117
5426
6859
1851
2909
5249
9492
7157
9043
1833
8031
6294
1669
2957
1176
297
1705
2834
7345
9843
1281
7678
1611
8740
442
8982
8341
8491
2196
6931
164
8440
6955
2515
9807
7287
4699
5778
2497
802
776
9410
3133
7485
9145
1391
4236
8588
5100
7788
7793
1448
8016
6942
6560
5383
3513
9267
8125
7550
3577
2694
8087
2110
2644
2366
7070
9794
7418
4624
1
6559
8300
9563
5029
9372
684
3438
3814
4408
5108
2108
4509
7895
6264
9328
3686
2723
2203
9192
3726
4524
6741
332
7717
9398
11
569
4809
1722
4395
4625
5118
4527
5662
4247
4798
6856
2027
9623
8691
2166
7063
3330
77
9377
5924
3221
4509
3487
8186
8625
7412
5801
4727
5046
3233
4773
595
6121
7266
7223
503
8053
9962
6253
8765
918
7546
6588
814
3325
2041
239
9215
1736
8450
5437
3060
3434
6742
9547
6014
2591
1577
2377
4899
2203
3217
9682
7683
731
8965
7971
7019
1230
5660
757
3040
2459
219
3305
7064
6021
7071
7623
6023
915
8395
1932
5995
7081
5551
9199
2037
2443
7807
7443
674
3826
7532
456
853
629
9408
1371
8967
1653
4860
3050
3609
9619
1935
8671
6154
5028
5151
3080
3946
815
9448
492
3923
1943
7321
6932
5817
9554
8453
6468
5756
7589
6714
8702
3015
871
272
1269
4982
7606
6744
5169
7952
5938
6801
2612
4293
3751
6452
6792
9729
3300
350
485
8004
7339
5906
5707
4042
1492
708
9795
858
8312
3853
4212
9951
2144
5105
1172
9657
286
4533
9696
1072
5181
9235
7154
6508
4425
3078
4508
1202
209
7
3481
4977
7495
1397
1734
6945
702
3173
7719
2936
1954
8977
358
2356
77
1525
9954
8397
8414
5501
5784
3160
1271
1791
2764
7115
3356
4704
4198
562
3911
925
214
3255
7414
1378
1744
7219
5692
4934
8085
6914
2108
5940
1995
383
7045
5918
72
4777
5364
3481
7688
9765
720
5478
7183
2702
8671
6708
5202
173
364
5166
44
1535
1240
4686
2767
1435
4710
7131
6368
9914
8995
1803
5860
675
6475
633
8282
388
8773
3880
5780
4456
7559
2586
6768
7607
560
808
9878
849
4666
2792
2922
9895
3135
7671
4404
3954
1929
7032
8265
7983
959
8724
3470
5918
9653
3680
8844
7199
2667
1182
87
3992
771
2005
329
1895
4018
8195
7757
2652
9118
2811
3849
3404
643
2956
3608
3344
6126
4605
4782
5324
8457
8336
6530
6872
5034
930
9242
2405
2075
8963
6304
5982
4223
7049
5465
1837
4090
5166
2188
8178
3778
6628
9843
8221
559
698
1953
1300
1865
1590
9823
6022
560
8637
4825
6915
42
806
8395
5782
153
2399
4329
9058
9098
5778
7404
2891
3618
1266
9494
8350
9517
3988
9401
203
7302
2346
5415
4055
3178
3074
273
8275
3940
3373
6626
9088
5383
1488
7367
9538
7797
3276
9284
5534
8822
3819
339
5177
3481
9914
618
709
3576
1427
4460
6002
3779
6898
6642
6300
9748
1556
8594
1119
4370
3922
1586
5631
1849
603
2584
673
5770
7500
5039
6580
6505
9692
1269
1456
5343
1543
5276
204
7623
3215
4862
6674
4759
9669
9736
7597
5590
3527
7905
3662
716
3680
6145
25
9623
7429
1544
5826
9313
5106
243
9880
4861
2626
6334
7610
6895
9234
8604
2485
8310
4809
5315
3781
2738
3543
7521
1296
231
8540
9576
6807
1428
4946
1426
1536
90
7587
1031
8631
5270
2766
6843
9805
8651
2887
9652
5622
9596
6848
315
9692
328
8795
4858
7994
6312
2735
1323
5951
2393
779
3310
7483
3540
8306
3641
2251
139
240
7830
9572
1705
8805
1112
71
9606
4599
4662
9050
8926
9667
6341
8747
1968
3337
8821
196
1043
9053
3247
9237
6176
3136
9738
5372
4158
4515
6982
6625
8971
7791
1933
8333
21
703
7177
8915
3863
1064
7955
1010
7120
7520
2990
2145
3171
3127
3292
5086
2830
654
946
4365
9737
3779
5499
2142
4462
8889
9034
3516
7410
8080
2262
8655
9580
5110
3040
6753
1896
2585
5618
4650
8421
426
3592
1245
6090
2828
2075
7286
3776
3309
4902
8998
6474
5228
835
3170
6189
8183
8664
730
9701
9081
4872
5688
4820
356
9106
6348
946
6791
2069
6133
6815
6723
7655
2061
8143
3023
6158
9936
560
4157
8200
6669
8706
5926
9675
1773
640
9978
6427
2062
7826
6099
3671
5843
4876
1455
9208
5478
9954
1455
1394
113
6284
3708
2508
3552
7573
8662
5671
5808
5305
7967
8802
692
3855
4308
2222
5935
163
4567
7467
6834
8303
1467
3631
9148
5702
7621
4132
2102
6995
9821
1188
7715
3546
765
7457
8414
1504
13
4353
901
8946
5899
4324
583
3127
5380
46
7541
2154
9337
6915
1940
1498
6745
6496
4102
4682
2276
7642
2022
9203
8422
8888
7011
3297
5007
432
6373
6494
6102
6512
548
7100
6765
9311
976
2696
9784
3664
4097
5548
5657
7788
6383
3428
7415
9004
5025
7758
5559
5007
9054
5211
7404
617
6000
5959
9404
7142
9971
1595
665
6491
8022
8437
783
5011
3034
7385
5375
2636
2965
9815
8262
1395
8318
70
81
3592
1915
9043
9335
4025
7692
76
3349
2518
8089
7924
3424
2718
2861
3912
597
624
5634
5544
5842
1652
8371
6843
1292
8148
8090
6453
7134
233
4595
4167
2162
1612
2799
2944
4706
8547
8271
2712
4596
4592
66
4294
6163
5872
599
6652
6894
1710
8340
8301
6261
3218
5464
4234
4531
8101
9224
2981
1892
3387
2796
4533
4094
9045
8588
8779
2022
4507
4639
5826
9064
7036
2585
4131
1984
5539
3931
9688
8104
5966
9846
9744
4046
4722
8570
7413
9015
4698
3664
9437
8674
4434
5779
7863
4024
4712
432
7895
3387
8443
4318
8345
4575
9082
3137
8194
8646
36
4585
2613
6274
2494
1206
4438
2655
1983
9145
2612
7168
4536
471
7367
9522
1838
8718
3037
5009
987
9568
3292
7674
8524
1173
347
1673
337
1537
9192
7945
8703
3565
296
5394
5244
1932
9345
3250
3902
9754
615
3987
1186
7204
1325
4267
1858
8643
7926
4713
7011
9680
1736
8029
8074
577
496
8951
4613
7896
4520
8843
6062
1940
938
2350
7475
3592
7192
3465
7235
493
5449
3616
291
9145
2860
4916
3939
6483
8702
7603
4404
1749
8384
1885
1602
7076
5974
870
6275
3102
1508
3110
8463
4134
6631
366
8722
5918
2342
8660
3870
7901
5558
8413
7146
1033
7017
2530
8621
1607
1642
9648
5479
1407
3896
3470
3321
4556
4909
8082
9072
1797
5163
3451
3233
3718
6414
4954
4253
5406
9162
5683
604
6377
7486
529
6786
1287
1328
6617
7935
8861
7434
5514
3952
8792
4063
8819
8177
8910
1309
252
7475
7859
8414
4144
330
1703
1828
2361
7037
6422
2894
9131
1415
2098
2063
5975
6582
8734
7305
7013
8303
8115
7986
8265
8159
897
1919
3278
5376
3201
2492
1382
521
2377
4856
4178
6493
7326
4974
515
2205
4804
3019
106
2239
9433
3080
1198
1317
1846
4436
8265
5940
6300
5733
1556
6766
6431
2363
1522
4404
5333
9021
7630
8144
4130
3994
2881
1888
1347
9070
2473
4011
3966
9133
7479
8247
9860
8478
2151
786
456
6679
6519
4754
1951
5439
4333
6983
3165
9278
57
3557
8212
7133
7637
15
2569
8988
8063
9264
1835
1506
2371
5299
3502
9312
1647
3618
3379
4023
5863
9874
9997
1456
8902
6748
2246
8509
8031
5276
7791
5150
2236
967
2414
3670
5343
6883
3290
6894
6641
5601
2464
9403
3864
9462
289
982
794
3814
2434
9492
4520
1150
8227
1147
5411
4915
2547
9793
6267
582
8271
3187
5764
8123
1351
3512
5315
4407
6016
1413
7783
6260
3297
7666
1081
4906
2089
4287
9649
358
8323
7351
2025
9951
4454
7083
3291
8645
8446
6894
7041
19
8695
1938
2710
5899
8937
9509
567
9501
5076
8132
8538
1633
4085
9545
2071
2015
3656
7960
750
8108
117
3940
3082
1973
1270
6041
3927
1623
299
1971
7435
7101
6632
2412
2017
3079
9756
4912
2882
9165
2381
2268
1971
6295
51
9690
4743
2612
5338
7694
8197
5032
6077
3155
4758
3358
8777
9241
2224
2225
272
6052
803
2449
2982
7699
4511
7385
1723
8304
5633
1828
2904
8913
7798
654
188
9704
5324
1921
4178
7003
3918
4484
7568
2625
565
3280
1314
3835
8493
6427
1877
5834
6476
7007
4334
5087
412
8997
1256
1033
9109
1184
2661
5780
5522
5098
8043
6207
9298
3031
7521
603
6428
9978
5473
2399
7024
9035
6688
6903
2837
3197
2021
2995
1956
7752
7815
680
9342
6584
937
7143
8334
2527
9182
8442
66
6654
5012
1386
4858
3861
9117
270
2083
2466
9117
6123
2742
3630
7903
1951
2035
2401
5539
5996
7612
5907
8447
6522
2835
5823
9681
5805
3391
1596
4498
8082
9909
8126
6132
6055
8849
6619
7721
3216
8849
112
7672
4727
9982
5867
7386
7899
8924
5200
2239
4392
3880
7656
8996
211
9349
432
5401
6250
2242
5905
616
1733
7721
9758
8367
5209
5221
9766
8201
2956
2551
567
4082
2601
8739
2932
3715
578
4289
6954
6443
5636
957
7355
2332
7021
1772
5691
175
5200
6054
8586
7496
5024
3497
3375
1405
6085
5970
2481
5140
2678
5644
5743
1474
6280
3305
5488
853
6728
1244
2618
9025
4386
1003
3247
6277
4519
7435
4465
7909
6797
7017
4726
3531
7425
192
9038
946
8715
4591
1623
8938
1110
8463
9094
2078
5625
1349
5255
9869
483
2117
4646
1958
4312
2833
5671
961
9688
620
5735
4508
5041
8670
204
8525
9988
1854
4192
4492
8984
2021
1192
4418
892
2990
5383
8639
7504
5486
5104
3173
2374
7838
3390
5348
2402
9118
7779
8675
8540
7573
5620
537
8715
8721
3027
9175
5593
4262
5321
9641
4184
5088
4294
1928
9441
9109
2966
8333
1975
7348
1641
1240
818
9820
9998
6981
5769
6080
8747
6223
8244
4007
904
6390
8821
4370
7173
7044
1694
8060
2092
4875
1077
7459
7602
944
2327
3369
8560
9189
966
4158
297
1841
6116
4343
1821
4359
960
5692
9487
9780
1734
5120
5058
9955
8510
132
8925
9041
5560
4390
4009
2852
6445
3085
8323
6174
9135
240
4524
8997
9457
7802
2917
1770
6942
9444
304
9244
5758
371
863
2240
4839
8097
6771
6782
5512
8156
5708
403
2021
3027
9563
6200
149
2150
3654
6164
1838
5878
8631
6730
9164
6401
7844
1075
9341
4298
1397
4700
3492
180
4400
3074
5894
7126
969
2744
7071
1053
7432
170
3711
3015
7884
5802
688
9519
2751
4396
5664
4379
6345
6456
4717
8383
2510
9784
8223
1101
8445
4630
9843
2522
5499
679
7864
905
2347
9208
7374
7213
324
9165
3813
5803
2886
1593
3251
5684
1190
2898
2469
6544
5594
3757
2343
9057
8524
7133
1356
9462
7598
5822
2150
4339
9151
7236
2960
2651
1389
701
7486
8628
3270
471
1303
877
9925
5847
278
209
7929
8342
6601
1135
4050
4644
1050
9682
9257
3297
5860
3277
5702
2486
1216
6807
8148
6062
9762
2611
2896
5072
7776
1219
6650
2411
8695
3893
4943
8970
4514
7683
4772
652
3274
8637
8900
6972
6303
9041
9934
3618
7201
125
708
3295
5617
2536
3795
1462
2833
3071
7010
6161
2854
7653
3679
4028
2283
7320
6122
7791
4568
6162
8330
4103
9432
7516
9124
4357
6214
7517
218
5332
689
3145
4566
930
8508
5267
9126
1083
4843
5869
2742
8964
9000
2665
4242
3058
4885
3565
8031
6351
2966
8119
4487
928
7124
2979
269
2592
216
3656
9301
6798
5464
5422
8630
4118
6928
2066
4615
770
1184
2399
3994
7300
4097
886
1232
6415
1091
613
8281
9197
6709
3890
5360
7421
9368
8238
1723
8564
246
3250
3490
9228
998
6875
1553
2172
3606
8026
6388
1917
7094
6125
8086
3976
59
7159
9393
3167
5004
164
6672
7171
335
7623
8763
2540
8524
8262
6496
1667
4433
902
6294
913
6086
3640
9695
2035
1271
3461
6939
1320
7271
7589
6783
3454
7770
9365
6649
11
484
8259
6846
5701
1466
5722
171
9009
7158
6043
3488
7720
3270
4100
1015
3955
341
9954
16
7819
9457
3604
8338
3533
7996
1923
9818
7015
4507
3744
7950
9258
3892
8426
432
5593
8872
7797
7181
6924
1419
1354
2270
5385
8302
9792
5835
3492
8184
2538
5480
2847
3810
804
7951
5720
1748
8855
917
429
3878
2717
1605
9307
9338
7306
3703
6321
3025
112
6476
9855
6900
2007
357
5079
3308
3452
1400
9428
5346
7489
2956
4192
7891
9224
6644
5009
4329
5222
6327
4115
8252
5209
8123
7625
6418
2791
6724
1820
9156
1530
3288
3450
7014
7616
2983
393
7979
660
914
662
7855
9655
3615
9722
7489
2039
9503
8343
4478
9980
5839
5813
3687
9469
1547
6223
467
4660
5001
8774
2812
1960
3360
6539
3857
5854
5377
2005
4101
1170
2723
1815
3533
4527
5835
7637
7423
1131
9046
4839
5993
1709
6315
5747
7368
8399
3297
9641
5295
7713
3631
7409
7911
3306
7410
4737
1581
1215
7542
4101
4238
5481
5402
2461
5992
2621
598
8511
851
9288
930
637
2347
8629
7714
4290
7534
7365
8503
5418
8435
7403
3955
4785
7301
2915
8091
6547
2264
6270
1521
3286
2913
3912
5348
8852
1123
6364
9392
9836
1075
4900
2173
6254
3812
1106
1613
2135
5911
4531
4847
7078
8888
7974
2708
584
5815
9521
9459
1965
4275
5433
1184
3
286
8174
6860
8152
6095
9475
4609
3058
5847
9159
1858
6438
7074
6663
2237
2953
2643
3674
3898
9604
7365
3095
3667
5403
5828
1695
8933
3580
3147
1213
4494
2446
8345
5441
4736
5158
849
8857
2449
3123
4180
5752
4354
2524
7355
7489
9985
8567
3725
9508
4950
7417
9032
8996
1804
1545
5315
8791
1756
184
4943
2981
8288
2981
9575
4923
9354
1535
2087
8973
8318
513
5649
3061
5021
7284
3028
450
7449
6613
933
5506
1363
4857
8755
98
9933
6309
8405
4395
7961
2868
2130
8225
5550
7057
8152
6938
4262
7542
9774
8739
4729
5793
2202
8862
8429
2281
2742
9597
7948
708
4259
4223
9396
9159
8842
7154
7867
7782
8439
2269
1833
3631
1941
6313
5185
4625
3614
4484
6267
6260
6123
903
1703
6646
2463
7517
9070
7725
5035
1178
6547
3115
6838
121
9550
5931
9288
7879
4059
3131
3528
4802
3871
6482
7251
4750
4300
4052
7050
7313
8022
320
7098
3931
9667
7418
8543
9676
4566
4824
459
1145
3585
9911
2381
4883
402
7137
522
88
9762
9392
4608
3954
5252
1041
9941
7938
2974
8540
9780
8500
3112
1136
6402
6394
4858
1156
5342
4473
1388
638
6194
5167
698
8650
5110
5245
4944
1570
8647
7329
5671
6760
5995
4705
4793
8647
6772
8438
1533
5039
4534
3519
3647
627
1974
3850
7220
4154
2358
4222
3066
5433
3171
1136
9349
8532
2186
3312
9423
7834
3185
7017
1080
4383
8448
1004
8414
959
7750
729
330
5663
9136
1813
344
5449
4983
8232
808
2989
7995
1615
902
2537
5689
4182
1849
3066
8641
9381
4675
9821
7325
1072
5528
8653
4716
4212
1103
1057
6995
7466
2017
1609
2685
865
5118
3726
1320
9729
6683
4062
6368
9421
7182
686
3534
4176
4885
5240
4811
7268
9966
4689
660
9049
2951
3995
7603
4052
1375
7050
6115
8241
6322
9571
4237
2774
6171
4272
5595
1173
8320
5644
6607
2679
894
8887
6600
5746
5544
5182
6266
2122
9329
3343
4439
3778
8335
6157
522
2057
8238
8180
69
844
7322
654
3985
3326
5577
8325
7628
4924
9501
2411
4670
3401
5931
3765
2007
783
9838
330
6246
755
402
3412
9305
9495
6860
8006
550
7514
655
3419
5542
5020
3221
1796
6945
3562
9370
3773
1449
2252
4719
2490
7643
7764
1815
9419
3718
3452
3732
8098
585
4461
5765
4726
5543
2478
5556
7812
3986
5915
9506
2580
1808
8732
8625
9677
9131
3858
137
1886
6783
5227
2078
6997
552
5810
6901
9774
4664
7702
6665
1038
5150
4336
6778
7297
5821
4181
7452
48
4407
9902
2052
9915
4106
6916
9316
7139
6244
489
2098
6538
3053
1098
8694
2079
5665
3643
4097
3436
1355
7274
7582
4511
5768
9106
9921
1798
438
6872
8226
8670
3226
2716
8898
223
9501
2748
9527
2102
4846
4710
8699
5941
5868
9182
8594
3453
4304
8126
9071
1045
1008
8216
3450
6850
660
5444
5630
2536
5065
1761
5354
2919
2748
4141
3454
7449
5262
1396
1722
8979
6048
4318
2700
6871
6022
247
3118
3453
1146
4079
967
5131
1158
3884
294
2027
5372
795
9634
2939
988
9645
9764
5603
1725
8955
3902
5791
9724
6286
8865
2592
1689
7735
8762
1400
983
8394
3815
564
1033
3973
5618
2460
1783
2460
6714
4817
205
8695
6796
3527
7858
4030
9980
3895
3415
7875
7654
3303
5661
7857
9199
4588
3017
572
8531
6118
8892
5450
7853
1465
8278
133
1257
8898
9921
6958
9915
8469
149
6600
7447
2395
8930
6779
8782
2619
6138
1005
8318
7996
6153
4823
3521
2356
1872
4705
8234
3868
5054
7842
5906
5574
8471
9431
6731
6754
6788
7733
4229
4866
7316
6202
6227
8190
8806
6235
2347
43
6332
3785
5159
6445
2958
7935
4957
443
4368
9848
8759
7971
933
5992
2568
2083
2786
482
2215
4643
7398
7494
2145
7196
5866
6251
3422
5589
3685
7865
1904
6171
4110
5433
5063
4891
7378
6237
1238
4466
7072
7621
8248
8956
5646
6194
9244
9505
4791
3347
2424
9833
2684
8809
7830
5114
9443
7883
8801
3278
4103
7388
7885
3532
1315
9898
7003
2842
3630
5825
9475
7536
5688
8129
7183
3785
9958
5001
9552
7708
9746
1726
2325
3101
4114
4121
3157
2410
1108
2437
7955
4433
177
6414
6573
473
2082
9305
8993
9182
4713
1113
3432
9165
6238
9028
5973
7589
2776
6114
7228
2464
6418
7654
5350
6086
813
8252
6228
7177
5766
1780
1134
9693
9350
579
9254
6948
5887
9902
7562
769
782
8585
3308
6691
8745
7099
5043
7889
141
9761
6521
2484
1387
8704
4111
1142
9180
3415
2403
4473
5099
1128
4587
2643
6637
174
3867
2811
3109
508
9707
3543
11
3062
8005
9185
3411
2323
7424
1328
6725
4583
5097
8961
5845
7676
3610
3694
5008
6725
7822
1489
5003
4368
4395
7791
7366
3288
9152
8604
3086
3457
7364
6126
1966
6454
9906
3874
9303
4451
3836
2898
9823
2022
9436
7612
4912
4804
6954
7087
8104
208
5432
5215
5510
1882
2816
1048
2423
1437
1307
8854
4670
8052
4366
5926
3474
9028
2152
5054
5532
2074
280
7672
5851
3202
2736
3217
9438
2445
3568
9947
9405
3308
3511
2607
3229
867
7116
2704
5997
7699
3129
7855
9285
6507
5905
7745
6989
3163
8418
5505
4934
4202
8124
5028
9332
8318
5311
6661
310
2279
9905
6023
602
7902
6697
3251
6271
8158
911
2907
5825
7354
5674
7968
6481
2394
499
4875
1466
9607
5184
412
254
4328
6691
5380
4401
8513
7493
4477
5257
5010
2662
6554
6254
5805
9508
4530
1684
5553
8004
9643
5935
1011
2401
407
1996
1594
4454
2709
5727
6245
6514
3772
2827
7007
8347
9405
8789
274
5030
882
8162
2557
4493
5110
8413
8782
2372
9290
5386
7631
8722
9215
1887
249
5822
8531
8308
5740
8824
4838
4329
9352
1331
7321
3758
6924
6092
9774
325
2306
6990
2325
862
2755
2219
4956
3736
1058
150
6007
4590
2077
8757
9219
8524
5748
6658
3634
7691
8169
8876
1659
5937
7353
3190
1942
7606
469
3642
5380
5924
4923
6157
4520
7460
6551
7543
8898
3111
4327
3163
1450
2744
2503
498
4023
210
7928
5485
3240
7777
2364
6052
1478
4190
7089
2558
1583
8563
9806
8020
8062
3085
1931
1936
1994
1129
7705
264
1640
3772
5262
715
5851
6957
3770
6874
2749
3577
78
6885
1887
9607
2906
2435
4111
1072
2568
1583
9674
9139
9451
4645
1840
3886
5014
5748
124
3419
4979
3987
4636
3918
5524
7121
567
7932
9814
7690
9745
2770
3996
6096
4427
8191
8918
7705
6988
2778
6232
1377
8043
1339
5337
4918
4641
1473
617
8937
9680
6062
6844
4337
3447
9835
4275
230
8251
2400
3961
8467
7572
7188
8121
8164
1808
5563
14
8611
3762
8089
2713
1785
8332
350
6392
6312
2524
9059
9330
3164
3865
5284
8669
9672
7589
5512
3181
2452
5513
8049
1757
1775
2473
1730
8166
9593
9371
6338
4745
926
5404
9234
5092
3664
5912
718
8608
4956
6414
1417
7776
3312
7856
8605
2425
4299
2891
4765
3931
4283
8087
954
6284
1075
2361
9539
259
2494
7641
5770
1548
3914
3811
5265
3663
3654
6299
5033
1616
728
1328
8872
2994
2885
844
4149
8875
4180
6345
5848
8237
331
8502
5513
5989
7057
7289
7249
6571
1238
5612
306
2192
7292
7912
7924
7190
1462
4070
5110
7755
4838
8104
3799
9323
1906
578
2453
2280
5151
3465
8581
353
7841
6240
6877
4998
6476
2435
2723
3456
1602
6547
646
7725
692
2266
10
6664
9627
4284
5667
3647
9920
7627
9612
7787
7320
405
767
7589
3633
8133
