7417
2543
7849
990
3000
2800
1034
4597
9141
5314
6133
7312
5812
6095
8546
1905
7174
3998
5749
3711
2725
6796
5710
2024
2485
8451
2247
1178
4400
7176
7147
2121
9822
3849
6646
1590
3409
5552
5545
2672
7063
9580
5642
7485
3642
9132
6462
9988
5084
3081
5304
4529
1336
8698
536
3629
978
8041
6738
6709
1832
5803
2840
17
9988
8878
4683
6804
8648
5630
1598
6015
4009
5903
2530
7149
3985
1195
996
8778
6994
8089
9736
8265
2262
7031
5313
651
139
2853
98
5358
775
3052
4093
419
2171
4780
1882
5256
4091
1730
595
4685
2621
7676
3275
8805
1272
4268
8237
5668
8405
6899
9129
6267
7537
3925
2265
4214
6583
1345
7491
5765
4459
7157
6382
9307
8647
7037
6873
7308
5292
5746
6543
7866
4173
6706
7767
7434
4547
5570
6662
1123
4209
2290
4351
2015
3407
181
3452
6367
7241
9768
4886
7265
5072
9867
118
5341
3084
8227
1767
1476
6669
9343
1139
3088
2563
7597
4715
2542
6783
9744
2856
3527
3317
1952
3075
8790
256
3095
7106
558
4600
7802
5705
3171
4319
9899
7610
5970
6410
9278
9431
3345
2684
3026
1360
7962
805
4637
9543
2699
6680
3563
9720
6543
5767
994
8306
9834
5044
6778
6471
4616
4452
6691
9974
6567
6475
8878
2528
6034
5181
3234
3265
6984
1527
7719
9551
4407
27
1186
4791
2579
2975
3123
7183
8962
2351
6955
9408
1024
6236
4980
1140
6229
6134
9876
5975
8604
3942
9794
1866
8863
2453
1508
9477
8866
1293
8830
6011
5375
962
1551
3017
2504
1252
3539
5421
7059
6731
7315
5626
6031
1229
6412
891
922
5275
6133
4391
9284
5309
7939
406
9890
1149
2648
1857
4280
8668
2827
4085
4083
7947
5382
2197
480
3244
1146
561
9445
59
9504
2115
3991
6293
2568
2029
2537
9038
5203
4965
755
5905
4363
7679
2746
9929
3592
9054
6248
109
6309
7746
5740
5408
4549
3624
6743
8640
8192
2903
4424
8095
3410
8462
9668
8993
8046
6221
6208
3867
5932
5641
3101
858
1815
7429
7866
1559
3432
4352
6943
5527
7581
1689
1778
6865
2530
2310
800
9393
40
7626
9840
826
6392
9714
6121
3129
3372
1834
3844
5728
6902
4223
2634
648
3192
9574
3595
3779
9671
7941
1602
4465
721
3912
6576
6419
6296
9886
964
6529
4861
8006
5437
4590
786
9903
9871
6160
323
7773
2104
2854
9568
2518
2682
9171
2490
4673
9788
2675
6982
1699
4945
4785
2158
812
6693
2745
694
0
6403
9449
5833
1122
7709
6687
3919
8068
8564
9143
9746
9821
2878
991
3890
2993
6885
4286
8246
884
3915
8544
8470
6462
89
3843
9740
4766
2593
5595
5331
6221
1675
7738
5841
6079
7254
2504
614
6787
1142
9159
1884
9472
6262
1140
6472
7919
4981
879
9488
3432
9667
4268
9431
1803
9964
2179
4309
4223
2877
4782
3965
2439
3771
5471
4668
4710
8628
5133
8203
3196
503
4246
9195
5276
6042
9802
1192
1027
1100
6419
4180
6566
8054
6178
3612
8304
1229
9689
3771
6290
1007
1681
6381
5762
1659
8021
8698
4798
2699
7489
4039
2518
8673
834
1677
6669
7667
1723
2340
1655
4555
9008
175
8027
1014
7427
1969
2334
691
4316
9671
1820
4541
3217
2782
1919
8318
1365
3110
5783
1498
6930
5498
4086
4466
3671
4689
318
8731
5135
254
1399
3131
7948
8654
6009
7513
3858
3931
3325
4218
3224
6261
3000
6854
8368
671
3163
5287
3888
6577
6977
5578
2376
2497
9873
3656
8259
9272
8955
1950
9505
9449
3265
8878
6787
80
8620
2149
2374
1154
3542
8153
6485
2079
3441
1371
7150
4237
8664
9701
695
8463
8277
3860
3928
2499
5510
1639
5785
4975
2713
641
5775
9258
3316
6400
8885
2643
5849
6257
1803
3784
366
3235
3258
4013
762
8296
2116
6240
7417
3831
413
8520
3377
5994
4987
8025
3819
8600
551
5172
2970
6701
9107
6962
4826
3650
5464
3204
4025
1513
6273
9219
1066
1013
472
3880
1681
3839
2350
2392
3638
7132
4498
9084
5483
7205
6873
6662
832
7179
9905
4889
8682
1084
4129
3430
4929
5216
6168
750
2783
6035
1077
3364
70
2760
4004
7496
9601
1943
9959
8249
4665
775
9045
9774
5524
5654
5946
3573
4322
2637
6677
1123
5221
6781
2677
1248
3770
8114
2119
2332
4523
2986
1045
4393
8750
892
2366
6246
4701
8516
9070
8589
1361
4694
9093
4689
2865
2287
3221
6510
4825
5524
4107
5669
5717
4298
4041
5357
6151
82
1471
1521
6378
1683
1411
9011
7687
2883
2885
1160
6518
8157
7321
9300
1010
7126
5428
2105
8518
3187
6494
3318
9163
6841
3276
434
4890
9635
7708
6189
5690
365
7472
9347
4671
1193
1182
1209
1454
7679
380
9483
9041
3386
9858
1764
2721
6651
3896
6671
862
4435
4952
1950
6478
5710
3040
5268
5393
4763
8606
5297
1463
3012
9017
7754
1885
6442
9009
3526
5889
4618
8352
3749
8296
6370
5828
9742
5328
6732
7205
4111
3846
9454
6300
2974
6748
9536
2462
8280
6647
603
4847
3495
7160
2663
3703
5541
6118
6818
1555
813
7868
4841
2657
3349
2433
3156
7372
8758
7787
2759
9233
8413
7711
8869
6377
4584
1816
6678
5740
8666
6180
2508
7976
1491
2731
2842
3391
6813
3053
7272
4364
6485
7584
5213
7695
8610
4319
393
1120
7985
2082
1588
1835
1535
2195
2858
1274
108
8919
1611
9642
2024
3465
8236
5708
3019
8541
6747
2257
1928
416
1922
5230
1285
3321
4737
5085
7360
6616
4569
2187
4630
8620
3582
4149
5595
2253
6006
1957
8021
6706
2592
3438
8182
6256
8430
7179
478
2016
542
7353
942
4940
158
68
4545
8729
3468
4853
4008
9381
3731
664
817
4135
7153
4404
7575
6264
4661
1381
4451
3771
1830
1328
1519
9430
9602
686
3064
6796
9146
1661
9558
1831
5246
1280
7944
2598
3931
9109
1108
143
1719
614
2973
2087
5802
4225
6512
6749
6781
4112
8190
9672
8147
7378
3787
6319
9603
3931
7406
4387
4528
9650
7574
6725
5429
8626
1766
1137
5040
8231
3439
6499
4894
1566
3711
5561
7661
5439
3200
3578
4294
8447
8208
8462
2148
2948
9432
2554
5607
6767
699
8306
6494
5334
9828
158
7533
2595
3664
2748
8506
9545
4571
1197
1362
2508
6219
2671
7533
9386
2384
9689
7950
1033
3654
4708
3884
6625
3417
2399
4589
6442
6342
736
5979
2827
9647
4521
3068
269
9916
5299
7762
8509
5942
9726
2710
8384
1140
4457
1433
8720
7459
9297
4672
3983
6374
2024
3021
6658
1546
7589
6301
5343
2070
1675
838
9402
4794
3532
6834
3698
9187
5901
9372
2390
8425
404
8227
9084
5959
5287
3632
1719
7668
8609
7411
4497
5917
4089
1502
5881
3284
8671
8754
1237
589
586
4140
1044
5915
4189
8023
765
8787
3185
6952
6454
6408
6964
1638
941
6888
5758
6191
9090
7797
9034
7501
6984
7045
8178
8718
9156
7081
8838
6193
22
2714
548
4955
509
7485
1242
3823
8557
3432
2076
7583
2637
4359
3645
330
724
3251
8093
1012
3279
374
2900
9511
7677
9744
1185
9170
3295
8191
269
9578
964
2998
4908
1646
7882
1259
4148
5521
9233
6505
1067
727
735
5900
2775
7080
2135
4366
4047
4369
272
364
1662
8598
1754
1732
8147
2636
9497
9000
2967
9562
4445
7872
6425
7662
3630
2215
6541
7109
8395
3812
1997
9647
2084
5383
4866
4285
4797
8935
5301
3956
3907
2371
6620
360
2957
3470
3273
6840
8276
1842
6096
1969
2205
6276
8929
9826
4161
7003
8189
6382
5954
9845
2325
5316
5737
1958
1194
692
5754
6921
6369
8424
2677
330
2129
3195
5710
5670
3466
2611
6898
4326
1820
5772
91
2798
1466
9129
9881
4894
9461
8549
9503
6543
9905
2839
7151
6146
8894
621
3464
3943
9992
9427
9039
9706
1312
3146
9741
9309
4349
1558
9307
7155
1639
3574
3294
3304
4950
4019
5749
1224
8288
2329
183
4545
262
368
9366
8915
8542
5700
4289
8150
5044
6155
1219
2195
4272
1260
7197
8134
8793
6230
8559
4451
5228
4584
4098
3076
1312
6192
4336
3344
9625
8561
1055
6958
6368
515
6689
3246
4247
9089
1496
9614
6927
2382
7521
2915
8808
3441
2269
3675
7941
2781
1755
6576
1777
94
2123
7444
5153
8885
1378
9065
7416
1301
7966
5611
916
4271
871
8210
6238
2210
6745
2210
477
6006
3129
107
3625
2804
3303
2750
4729
6143
7470
5453
3825
1464
7069
4927
7892
7665
3837
7607
9056
1433
2920
9820
1096
7422
9795
5540
5950
3976
4085
8004
5359
1086
9420
7332
4049
4524
7428
7484
9920
7684
5686
2390
3600
594
3959
2859
4417
3720
453
3046
2355
2767
9946
7640
5872
9461
8651
8700
3613
2519
6452
4135
3972
2388
5764
8167
238
3195
7668
7808
623
5379
224
8402
1858
2903
887
5529
2237
9653
4806
261
4996
642
3470
9633
5753
5011
3622
4461
8341
9420
4655
2202
1847
2421
3835
3404
7894
2681
2564
6477
1318
6474
3676
7033
9218
2814
9256
4815
3129
7767
866
3380
6507
3035
9181
5122
5075
7735
8065
6970
720
6433
8880
147
546
984
4419
746
1482
8470
8296
6573
7385
2654
4833
9679
1
1724
6529
3321
7293
863
1058
6731
2714
4160
7400
956
6769
6753
1193
4327
7892
4720
2676
6639
3067
7200
6715
7004
9934
2528
3297
1523
1130
7706
8623
3408
8570
8489
1466
6
9997
5526
6809
8284
2710
571
8952
2762
9643
5562
9253
7650
1148
6573
9453
7964
1739
4065
146
2797
4868
650
5374
7600
306
7688
8537
1285
8166
2396
1875
8323
733
7919
1614
5602
8317
9769
3533
8714
8153
3446
9214
2656
6013
9649
1475
7402
8627
5481
8664
9745
1300
2318
1328
8940
9140
3591
1562
5192
2245
8651
4851
6855
4863
2071
6585
4288
6048
1303
580
5786
4680
9398
4941
3724
4834
3692
1356
7119
8429
5803
7559
169
856
3049
9075
5045
1860
6512
5616
1153
8318
6347
9524
2445
7771
673
8513
8931
1569
376
2639
8513
4305
8531
5884
476
1870
9767
6051
2546
3877
1877
2760
9288
7483
9254
2259
800
8720
5311
9476
7154
4286
8950
2299
5834
1514
8361
422
6553
6663
3942
1235
254
2085
998
8255
6843
877
1986
3352
9268
3640
7583
2650
9915
5668
5588
7378
8977
4524
6786
5208
3465
7283
7275
4604
9797
3971
7516
4626
2560
8695
9320
5242
6948
2828
3404
8712
2640
5198
1734
884
2408
2721
872
2363
9656
1142
4805
3399
5247
9652
8331
3105
5464
5009
4964
3132
9774
495
6549
8286
9182
2571
5288
1750
3377
3368
2727
538
7639
349
4405
7595
8507
5360
3312
601
607
4101
109
3878
5691
3587
3107
9114
8958
9567
6464
2585
7007
8063
695
1465
6428
5202
5691
9437
1922
7342
2729
2324
8138
9109
8621
7753
9917
432
2128
8931
1550
4914
11
1580
6808
938
7709
4767
8006
3809
7508
921
4176
1924
5300
7690
5528
2470
5544
4433
3826
2463
2874
9154
6036
9106
7968
7439
1678
9350
4739
3598
2651
2340
5683
5597
8023
9966
2327
9615
5241
163
8091
7093
3530
4754
1620
7000
4884
8686
9637
8697
2951
297
9747
6281
406
2907
5222
3542
909
6464
5804
9829
2658
4234
806
969
6702
3610
3415
6160
4691
1979
7951
1299
7526
8301
5101
1511
8513
8556
3633
880
2043
8537
964
5310
1564
604
9076
5252
8688
1959
6759
8641
8596
769
3929
799
5657
3013
8858
7285
7105
7365
4545
7721
1961
7541
6180
3467
6999
1644
7679
9694
1483
5781
1594
2885
7645
4902
3371
8056
4439
7262
7862
6145
7967
140
3320
878
3158
3546
5636
6185
7770
5520
3528
9773
1607
7322
3571
5799
937
9334
2503
9787
557
8805
3071
1862
3670
8709
8821
230
2816
2934
2731
5357
3446
6784
4321
6800
5442
3334
9992
8802
6839
5581
1733
7842
8348
1522
56
5183
6881
4292
8023
103
1207
2339
4611
4999
3126
5221
7247
1834
3090
9078
5387
500
79
2089
9200
3582
1724
4280
94
8751
2147
7951
2649
9535
1810
4691
777
7594
5790
2431
4446
4762
4296
1343
7128
1130
2031
511
8301
6207
1030
8233
9791
3814
4978
7608
9504
7783
1705
5593
1207
4758
4538
8146
4398
2421
2503
6210
4030
6361
3981
7371
5875
6419
8366
5781
9652
3854
5510
8618
8695
3960
3292
780
1891
4861
9521
770
916
2125
5582
9814
3354
587
5687
3125
215
9276
7449
6934
4548
2730
6567
7406
6408
2140
897
7898
8243
2710
6867
9135
3932
9470
4298
2839
4159
2332
4047
3098
603
2610
6559
1336
1485
7476
8420
134
1427
5827
8318
8347
9301
8916
3413
4964
8747
1768
2070
1995
7406
6863
9155
7293
2531
9876
5628
6669
2632
8354
5056
915
7077
8138
5856
7434
8141
9064
9537
8040
2930
998
2069
4210
5781
3659
7577
8568
5299
8792
1022
6703
4010
1285
9252
6554
2760
6570
7898
3571
6457
5296
4904
8564
2540
2631
219
1792
8622
8823
5134
1170
1168
9649
4075
4713
2795
283
6263
7306
1778
3719
4609
9760
3702
5434
4430
3697
1859
9194
5151
9286
9925
5076
4000
4113
7744
9648
1929
521
8650
9994
8428
5651
4612
7827
3765
3123
3759
7252
4260
7784
3310
9941
8665
5288
9822
4441
1429
6404
7775
2134
1735
1897
7019
969
5506
7576
9342
9503
1314
692
4538
8015
76
8243
6738
504
2756
4939
2482
1227
9900
3598
3038
2102
1763
3562
4822
2784
8029
3350
3383
3511
1694
2228
8451
1910
2531
1620
9741
8890
1756
1359
5857
5454
998
7684
1507
1826
5489
9537
1462
2621
3496
7291
3224
6971
1472
3293
4180
476
7121
6791
3222
6679
650
6747
1205
9304
7830
4780
9457
2996
7200
7083
596
9439
7700
8519
1339
7852
2361
4324
2679
3658
8293
4820
8849
6809
3119
6398
2817
1746
3282
7650
2718
4217
185
2962
576
6333
6001
7173
1967
124
2170
3956
2835
1592
96
7446
7599
1805
5365
1386
881
8926
3917
2513
3725
5241
1047
5281
4012
6217
1843
3109
9914
4423
4732
7325
4712
9757
8184
8710
1063
8810
4271
8133
2907
459
1830
2151
3568
1808
6217
6641
9375
8439
2318
6540
9090
5620
2378
2599
819
2589
466
6689
9702
311
956
5631
1656
4230
9252
9805
709
7443
9203
6849
65
6442
3100
2643
9927
1135
7001
1487
8325
3188
6223
4868
4717
1900
3269
3549
9981
4825
3214
849
545
1100
9636
5921
8885
9098
7519
4597
7386
6384
8271
1951
7648
9231
5975
5095
2732
953
3292
6955
5534
3203
76
1731
2514
2005
7673
634
8349
825
7123
2063
3712
6214
57
3876
5355
7711
6926
6653
4956
2587
8393
5919
748
7735
2225
8184
3895
5564
9801
355
9741
8104
3492
4585
2630
3696
8600
943
1797
3615
1274
8414
5001
1770
6889
725
6036
9225
1745
7188
2006
6713
4610
396
6373
2515
3638
1921
4158
150
8504
4431
6410
163
7201
3580
2058
2942
1877
5926
6636
5024
8366
9683
8973
9577
9572
3639
8957
2916
3776
5773
1709
2756
5096
7207
6117
713
4842
9000
8580
1021
9280
9010
6021
9856
1494
3515
5738
4789
2403
3668
3532
1865
8789
9930
5674
8630
4205
8637
4748
4977
2040
3552
4173
156
8671
1890
1323
3488
8630
8625
4507
8354
3040
5150
4862
3925
7173
8304
159
6727
2917
3665
3923
4623
7195
2591
9871
9100
7925
5982
8676
7833
4982
8952
1297
8423
4805
9719
751
5942
3782
2856
2055
1438
7371
1795
8318
5928
9000
7941
9467
4564
5250
4100
8932
8629
1570
8058
2775
8833
5798
8083
5192
1943
5164
5898
4121
4251
6130
4230
743
9556
5385
5442
7086
6423
4663
4921
6663
9302
1636
7959
4062
789
4089
1619
785
7746
4809
3772
6269
2339
198
9896
4969
109
6463
4522
2685
1143
3452
8247
7887
7121
7656
3161
6690
6556
2745
9188
3354
2915
8099
1395
1709
5445
3236
3604
6728
549
8784
6808
9642
2292
2695
1824
4441
4280
3770
4381
8377
1526
3260
7404
4190
168
9267
9657
7161
4934
8024
2091
5816
9124
702
3254
1135
9499
4366
2950
5439
9008
919
8964
8814
3520
8439
5116
7850
4862
5186
167
8790
1371
7732
6174
4733
8899
1164
1780
4474
9741
1116
610
8739
4334
4508
7468
8137
706
8291
5339
5950
9668
3263
4350
8061
9500
3047
9771
1780
2521
6720
9922
5074
7314
7251
6396
7849
4623
6890
8421
7268
1995
4982
360
9864
2051
3271
6363
4183
1986
8715
9018
9056
7332
4059
9473
4252
1353
1981
4933
2202
2494
9483
5745
1791
6270
5407
8293
7778
4684
5407
1851
2320
5793
5560
7241
8277
8442
7886
2620
7515
2284
8495
7074
1238
1243
1821
5827
3570
9338
2441
1796
4017
1390
9392
7015
9267
7561
6516
4006
9843
9891
6422
1560
2527
1054
4906
1592
5201
389
7337
3738
6755
9947
8405
2206
1075
3762
1900
4983
744
6844
7746
9003
3091
6503
9360
6092
8445
7526
5622
3614
8108
4457
8202
594
7383
8763
6822
4834
7284
6045
2144
8998
7009
8589
8388
4003
8158
1556
5563
6170
776
6888
4217
545
800
7612
3999
6541
8242
6645
1010
3660
5549
8420
7903
4391
5957
8716
4995
8629
2390
7896
307
8924
8465
5462
1323
8720
4513
9274
1561
6372
3172
1106
564
6164
1072
1295
6812
3838
5396
9158
9217
8179
6716
2585
4390
2122
2371
9762
3632
6523
7895
8310
5759
7246
7503
2322
9281
1553
8509
5730
201
2907
8667
1248
9773
4251
9926
7729
9895
8583
6828
5182
2538
2220
2904
5948
3558
528
3781
2551
590
8102
1470
7601
9309
5366
295
8803
2286
1412
1280
2587
9922
8521
8456
3173
3484
7247
7511
0
6132
2218
4489
5333
9039
7875
9815
5633
6155
258
854
4774
3017
5639
4381
4579
2089
9315
8910
8282
9573
8199
5640
5536
6364
8975
5923
3342
8884
9546
2654
5909
3893
5234
2714
7843
5067
2801
7726
9319
8106
4704
746
8911
5482
3246
7272
9612
1505
9224
9916
6250
3351
2583
7494
7979
3939
3129
866
7813
8085
7889
9891
2279
4230
7888
8081
8178
256
1247
4152
175
3331
1344
2582
2471
613
8522
8460
180
9680
1280
5485
1181
5060
8275
9760
7210
9910
5536
6229
3733
12
4273
9018
1761
575
3413
1757
1163
5041
7579
9018
4292
9074
5576
5432
740
2228
6707
4728
8931
4405
2190
6994
7901
4131
6804
8784
3097
953
1524
7331
3337
4788
1343
7126
2140
938
3734
4357
5593
667
2306
2319
610
3717
7056
8793
2022
976
7331
4610
4241
2584
6147
1134
3456
9248
4790
3253
9264
2240
4789
3591
436
618
299
3142
8145
2604
7676
3295
1358
1695
607
4288
3356
7111
8538
5565
5386
2464
3362
4188
3266
6180
4292
8507
5485
2106
3723
5614
6771
9003
7477
2758
9416
3173
1293
4874
5751
9328
1684
2639
9060
1017
3350
8064
6971
3390
7212
7529
908
7898
2860
5379
7503
666
6673
4733
3084
3669
2236
5988
298
611
2778
7641
6730
7475
6329
8547
8989
1036
3029
5462
2132
7363
625
4856
3543
6298
8539
3329
2416
7214
3125
6728
843
5971
6713
4054
178
2933
880
8588
6824
7141
11
5338
4892
2285
4665
849
9251
6020
5525
8700
1459
5309
7766
1609
2739
7013
2592
8946
2734
4716
7349
6701
130
9923
8170
5436
1389
8186
9402
633
6813
8448
2211
8959
8971
6983
715
3467
7097
5636
7740
500
2495
7792
3875
1170
4237
4464
2890
680
1426
7207
3764
9468
8218
4205
4602
1171
408
764
6518
3764
7890
5742
6219
1862
5588
954
4443
134
6561
1500
3710
77
4882
1115
2851
4955
2655
8156
7742
628
5040
4627
7296
3205
9524
2792
1325
7986
860
1314
2189
7965
1025
5654
5267
4376
4405
5475
4272
6163
1961
5186
6152
68
4571
2458
6912
8115
4988
3492
4079
4658
9853
3186
3711
878
8090
2906
9884
640
9675
8552
2397
7970
9217
6816
4071
3033
2125
8098
2477
494
7200
426
2175
1382
8440
9889
2621
7201
534
9599
3794
2897
7115
999
6269
3533
8136
8461
5008
8032
2959
526
6419
2187
8674
8927
6412
2294
8979
9536
3089
231
7579
7802
1495
558
1413
4872
9414
330
3329
9641
2581
2699
791
6222
4874
6094
7116
6008
4077
1804
4361
8370
6605
4110
2491
4325
5231
8778
7729
3046
2296
7687
4096
1947
7147
9615
6080
7280
623
9853
7076
3651
1272
4130
7809
7685
7721
5646
1278
3187
9084
7441
5939
2570
650
6236
6839
2067
5210
7994
5154
6315
1340
9919
261
1242
8699
8408
4814
2900
7001
7517
2580
3848
9675
7945
801
8027
5452
2231
3718
9669
1099
7879
1538
1718
6372
6483
9639
4491
7867
3562
6049
5843
1923
777
1397
12
7963
9479
4395
3447
2749
2136
7677
2461
2911
6067
3348
9332
7801
2139
4937
605
7230
9605
2651
3778
8986
7100
1750
6295
9136
8950
9718
3831
4101
5436
6449
3222
7208
5411
3123
9070
4041
9754
9668
2050
253
4563
7723
1264
2747
3695
5900
2577
87
1265
6790
9839
880
6091
647
6108
9463
1697
8967
7564
6688
7447
2287
3680
9875
8686
440
3365
48
6310
247
8329
6464
9126
5140
1699
8165
5555
3589
2040
9744
4761
8358
381
3892
1125
6602
560
6387
142
1599
1294
156
8268
519
1727
3788
4032
9051
884
6465
2809
2936
5489
5633
3052
8491
9863
5974
7495
9061
6273
8203
8861
2015
4030
4080
5955
1370
858
9633
2657
4409
629
2035
9312
6793
7439
6868
3279
9539
7144
1537
2980
3016
4020
7516
7716
7595
1964
8790
3698
8006
6822
6356
5298
8550
8821
9005
9333
9364
1855
8697
9369
9677
9413
4815
6486
2604
5322
5344
2715
7490
1137
4581
3450
9956
1031
6372
5555
6942
9330
9075
8553
3802
5453
3449
7376
3246
5955
7500
6425
1345
3622
2934
6393
4160
9114
6343
7231
9604
1512
4470
2935
3104
339
7017
6407
2350
3075
2300
5545
5934
9041
788
4941
3074
2596
9045
1072
6753
6061
1949
2730
595
5526
4148
2558
593
708
2725
63
6402
3469
1731
1200
3322
8221
5885
4763
5342
1472
5079
1178
1632
7065
3533
5024
3747
8289
7484
8641
8457
7956
3059
492
1605
2793
1677
8639
1676
9062
3729
6617
7878
2176
2564
6285
6441
4260
9881
9824
563
126
503
940
3999
3890
9215
3542
5604
5634
4849
4718
2346
9903
7142
7621
1253
5589
9984
9082
6570
9823
681
6184
6986
6835
8565
5835
9233
6446
7873
1456
8561
5855
9225
1294
3645
2665
1183
3600
3345
6736
8429
4922
5382
3369
5881
9103
2489
586
8740
6232
9894
8798
6869
2754
9059
2067
8204
6220
6566
6291
9932
747
3730
1206
8086
2153
2070
9829
5887
4958
2142
1153
8677
6962
8368
9293
8614
922
512
5038
5418
7066
3216
3842
441
4558
8620
7606
38
4887
3524
6344
854
5178
1747
9782
3960
4862
4410
8248
7024
4827
5693
6846
3682
4234
9320
6834
7105
6472
1457
3353
379
2417
9049
9240
9805
6106
8685
498
8424
5211
20
195
6189
6286
9498
4063
89
2675
4677
2849
2190
1154
6784
3621
6123
1934
9334
4640
2818
5474
3571
6162
4455
8705
7343
2596
1534
2732
2572
9799
1730
3853
7924
4989
763
9831
7514
5726
4921
3736
3508
8756
2032
8417
342
9081
2736
5651
955
4605
6698
5392
899
1895
9044
2166
4482
4212
760
7632
8205
3771
3050
613
675
6431
9705
8460
4901
8471
3449
6553
8408
1923
1894
5915
8990
7072
6277
2481
9047
8126
1441
5351
9466
853
8693
5576
4777
8979
4079
1405
4924
9578
3418
779
5405
6303
1973
6878
6768
3340
1047
7980
6491
2272
5973
8560
1109
8627
9983
4620
4162
4868
6272
2550
5953
1776
6189
7486
4457
756
4949
4097
2788
5487
7516
9985
7553
2466
6377
9508
4167
6544
9811
3694
9727
9322
3965
164
1391
5418
4537
5478
8410
4019
4218
1179
8886
921
144
3946
8169
9260
1592
9737
4385
5562
1894
1563
7989
1375
107
661
6518
9778
7392
1177
2687
332
216
9236
3896
5701
7531
8274
3825
8052
1888
3835
2311
3631
5085
2735
7969
9446
7393
3383
9136
6861
5675
6397
2632
3086
9758
7201
6540
3049
8339
5187
2784
927
5376
7269
7608
2764
5426
7143
3239
8984
1744
5441
1982
8407
4041
90
4813
3395
3801
661
105
9137
3774
5276
4567
8768
4852
3711
7688
9996
7934
5746
3019
8239
544
9530
4495
5872
8018
741
3646
7137
6877
9656
4037
3482
3632
9932
2558
4697
5730
9806
3300
7032
2608
3748
8667
711
3870
157
4082
5715
8531
8608
7226
6538
3922
8357
60
3717
5398
8346
2075
2396
8285
7797
6183
5893
1654
5598
4450
5339
9459
6201
9486
4775
8311
9471
8708
4835
2771
2059
2935
7077
8393
8249
7814
5370
9966
8941
6404
365
7420
8463
3958
7971
4646
250
1377
3052
7172
4069
2124
5083
3030
9423
8487
3378
7444
2071
6993
5704
6020
3151
9492
5551
3029
3337
6013
190
1033
7627
7778
3701
5656
9925
3997
6655
4594
390
4005
6819
3102
2694
7090
3359
9154
2780
5996
338
209
5492
6468
4029
114
551
4455
2532
9036
4711
4617
5497
1533
2697
8641
6380
7867
5501
9538
9583
1495
996
8570
73
1303
8426
4736
3644
604
5350
2878
1828
6164
2852
5344
6686
9606
2427
3919
7154
433
5866
3228
466
4582
7664
4217
9268
4961
7996
6434
7494
721
3165
865
5789
163
9543
816
348
8123
6531
6979
7398
2432
3795
4212
9218
5631
8161
1799
6621
7499
5924
6002
7090
1147
7065
3552
7399
456
8855
7420
4491
9426
7729
1664
8603
4688
9882
448
8202
819
3071
7434
7171
4419
4342
5665
849
6933
1014
4769
9023
8113
5118
1891
806
1702
4748
5070
8411
2445
9267
2977
4298
8825
9174
2894
8890
9089
5565
9603
4136
9067
8615
1471
1543
9022
9252
6416
1994
3388
3299
9684
8661
1590
2766
7386
3637
374
4667
4629
3504
8059
3770
4707
9020
8961
2051
6326
9333
1871
4228
9106
1671
9910
5748
3717
3376
344
6866
1920
4267
2029
4036
3522
3871
5021
7754
1768
9822
1597
4169
6079
877
426
6350
1194
408
5988
9895
4749
3999
3419
6750
1126
7801
4959
531
8008
2696
7906
6468
3488
2990
5573
9129
5807
7341
2109
1510
4841
3954
9258
9790
4317
1684
8140
9050
6382
3611
1945
6642
5656
9906
6088
1480
8169
2374
792
9543
1694
3895
7362
8136
7911
2207
3448
4024
3545
8938
4507
3488
7188
1611
8353
5540
847
8478
7218
3072
439
3442
7028
542
7425
1101
6788
966
4575
9984
1857
9424
2444
5422
3710
5093
9575
2190
5315
8878
8655
1030
5656
9139
2906
2496
9132
3699
1832
6154
5566
2376
3125
3133
4369
577
7999
5226
2077
1187
511
4349
5872
8918
7555
1984
7007
8567
5084
9448
7094
6228
7901
6305
7124
397
4855
6065
3754
8106
8654
5405
9943
9790
9666
5600
7310
5376
6068
2596
5744
3276
8466
5201
1723
3407
5758
9243
576
5135
377
9240
9492
1151
5322
8096
7444
8654
2400
9670
5433
9951
969
8661
5420
5610
9120
7198
9176
4633
4754
7769
8897
7753
2244
7667
9865
1958
1524
1011
1728
6586
347
583
9025
3935
7165
3203
3450
238
1657
9187
92
6062
2264
8541
7346
8704
5245
3983
5557
3020
7788
3617
2556
1248
8457
4155
5225
6863
1871
8951
4968
2269
961
3764
1546
5241
9315
7215
4115
4394
8235
2152
510
9703
7915
8799
5811
114
9870
472
9076
6606
8195
7899
2734
5738
522
8741
2600
5677
5671
4769
7708
3947
3878
343
8268
3773
7232
2329
6892
3757
2482
3399
2978
3860
5742
7772
2607
9165
8766
902
6667
1770
9472
2336
8031
268
5154
4049
4558
5765
5456
4917
8486
3154
3571
5673
4293
6441
8374
7681
6548
7340
7227
3191
6442
7031
9065
4324
691
2060
11
2989
9355
6621
9274
4178
9716
5181
1359
640
1839
1335
1724
7788
7673
1042
6942
3900
9633
1030
7135
2157
6504
6002
8027
7859
4159
1524
2264
6299
6150
2992
4861
4189
4523
4908
5592
282
4322
8851
1929
8897
6254
2986
9750
3411
685
742
5444
5481
2740
1362
2277
9724
2673
434
5910
2930
7844
4238
8832
1463
2663
7742
1121
460
694
2445
5439
3680
8727
6905
7438
3404
6087
9745
8884
5651
3702
2213
9699
7186
6525
4965
6855
7249
9797
1635
2616
8770
4325
9964
1932
953
8462
9783
9011
7515
4803
6016
6025
2653
7745
3957
2732
9838
3993
3611
4368
6905
1876
9595
6617
4614
6891
3237
658
4819
286
3890
8347
8713
4688
7167
7457
5227
5796
8888
9536
4589
1975
4800
8446
2303
4216
7834
5927
4349
7402
6593
1634
5301
47
1065
9019
7201
3754
4117
5132
8569
5553
248
2006
9696
5928
6285
9584
2505
2897
2227
5359
695
7797
4284
3860
8625
1588
6302
9900
5449
1416
251
3116
4393
5950
1191
7747
5726
4567
7243
818
5999
9856
502
3945
5399
5105
514
8829
9725
8438
7977
4162
3385
3098
2676
2171
5080
9013
6300
6287
8390
4212
7742
7555
5359
5937
5781
6294
2328
350
1623
7279
3798
6634
1669
1205
1871
5988
9103
2607
5981
8498
1418
4523
9
1218
9827
3210
1666
8925
5666
1974
2055
4940
8354
1803
1699
3183
9242
7916
3009
4211
5803
5536
8167
7344
964
5265
5675
8209
3142
8287
8477
6025
3545
4282
1474
7790
8642
420
6494
7139
7365
8090
8343
4124
4551
5135
6431
8399
4430
5253
2647
2375
528
2995
7641
2801
1283
2281
4513
8911
3856
8750
971
2801
2164
1410
8506
3012
8997
7031
9852
5429
6215
1507
4046
6566
1516
6050
1791
3050
5005
2449
2505
7707
3910
884
8411
7012
9177
5835
369
6899
3392
443
4723
3899
5502
7378
409
6422
4158
4746
789
6621
8122
8827
5245
6739
9186
1584
1427
5062
283
9769
241
5737
9095
4177
2145
3519
5336
2175
5137
9295
8114
3937
1944
4653
8305
3027
6323
4174
9693
4925
6175
2182
1804
2881
4184
6695
6798
9110
5097
7040
2592
722
2420
3187
4428
4036
6313
4234
7562
7964
8762
680
4393
6986
1740
116
444
6937
8987
8815
4891
2259
2283
2303
3018
1721
8663
6461
9930
648
5867
6977
7123
1675
9518
8997
6121
2732
7007
777
6252
517
9868
4750
6896
80
8562
7023
8019
6294
995
1558
6676
960
8856
8490
1294
115
3918
6941
37
9672
9809
1467
4287
3978
3438
7849
3415
1085
4264
8313
2375
552
8898
8467
9380
4502
3151
8258
6963
262
3559
7059
6024
3438
5681
8655
9159
3542
7008
5315
6498
415
8198
1422
4562
8578
7516
6190
6250
8389
9889
1892
7948
7431
3749
8706
7981
2888
5989
9813
9142
5853
7767
692
6879
1481
1660
4697
3866
4682
3699
2941
1154
9679
2206
280
5854
3141
9031
764
5427
4851
7775
5288
9018
6905
7902
1407
7004
2279
3240
251
962
6292
8342
8322
7569
9943
6385
2594
1625
2417
7848
5754
5349
1137
104
4722
3346
1668
4216
9630
5281
6514
6730
2331
1139
1356
1061
3226
7218
9683
5204
2672
4473
1889
9906
8587
4722
2920
4207
4992
4330
3319
3288
7168
9472
2141
6956
7881
1853
6621
5770
5692
8837
2697
5793
752
7351
2546
2286
5684
6642
126
7260
9172
968
3407
5734
7664
9682
2433
811
6288
8785
5646
8216
3474
4998
3032
6819
5057
675
3533
2861
2724
5484
5921
2060
8515
8658
6855
5630
1819
3841
7212
3316
7809
7091
7933
9017
6552
7424
9610
2285
226
8439
5837
2071
1744
9027
8942
7438
1932
950
8135
3642
3895
1140
4341
1006
2659
7007
3028
8268
5335
3713
6180
1753
2063
3440
7244
6622
846
7972
8369
6696
9974
7606
7508
4928
227
1329
4105
7442
5277
5510
5969
260
2791
915
6681
9308
636
764
2423
1140
2253
5782
9458
3876
2803
5667
8680
5351
3008
314
1598
8160
723
8201
2941
9373
1254
3880
8660
6047
6170
1232
4514
6361
6945
4276
9665
165
4144
2699
1747
2078
5061
4988
4723
4856
2746
8087
8510
700
7148
8816
9836
3415
4767
8965
7081
4894
6633
2907
7958
5246
5709
3891
7796
7105
3863
2720
7943
1121
5470
457
8308
1448
9365
4980
5455
7186
3421
9776
7802
8120
6296
2144
2456
893
9095
7194
4033
4765
5556
3428
4371
4512
3221
5516
3518
1676
9544
9933
6531
4388
6326
9540
7753
277
3040
3905
3994
6617
4631
3178
792
6777
2179
4672
1348
2292
5475
2966
6049
5429
4992
6291
1599
7991
6978
4243
2668
8286
9509
4458
5737
9669
9186
8787
4317
894
7879
2699
7097
615
6421
5208
5756
5811
7494
404
7097
6649
3048
5874
5032
8384
2594
7719
1471
4204
7409
6665
1648
1691
2327
4863
8595
9478
1128
8349
3563
63
3742
5880
3997
9304
3533
854
8373
3093
686
9387
7667
6912
3411
4249
6518
4566
2095
1347
3259
8240
2812
2693
6885
3197
5640
7405
794
6965
164
171
7631
4616
5211
4836
6954
8913
2376
9284
7600
6493
3224
6630
9582
9011
8204
6892
6183
1238
1212
2764
5480
6454
7571
2900
1958
3172
4684
6196
3114
6235
4086
967
2975
9589
736
3619
4318
7723
482
2443
4039
7629
9374
3516
1608
3433
9202
7302
8826
1370
2042
6557
203
3666
2861
8382
7209
6054
3323
5870
6353
5172
1799
7703
617
8858
4288
7233
6082
4517
8476
6164
806
8136
8473
1721
937
9292
903
403
9871
5526
3966
5848
9859
2857
9869
3108
1868
7861
7566
6750
8763
764
7163
5569
8880
8273
9507
2430
1938
9524
4534
3767
6899
8420
9710
9629
1861
901
5610
1776
9357
6249
9048
4338
6542
7369
5502
8776
8671
6204
1598
2510
5978
6919
5324
8466
8641
1290
6357
995
1836
7870
1348
2165
3070
8919
9396
1248
6964
6847
1024
9382
8433
4944
9935
845
3822
5595
602
2162
977
2790
6300
345
3447
4793
1561
1976
1072
7110
269
5540
9040
5520
5587
463
191
3867
743
7626
794
1559
333
7796
8352
1266
258
6348
1046
8187
659
4979
2389
8439
282
3637
1366
5609
2614
8847
7881
1311
3798
7796
5684
7730
9864
1067
125
7546
6136
769
6053
9386
4794
4932
1968
5001
7534
3527
148
7742
9020
6227
8873
590
3401
7116
2110
5983
532
6967
4063
8985
772
9401
829
9993
7194
3285
9097
3053
1912
52
2272
1164
8827
1273
7725
453
8562
8803
4955
1007
2609
7048
3376
3311
2790
4534
164
5739
9003
9846
3137
371
2939
5195
1019
1485
7958
9432
3557
3554
5632
1140
6996
3289
7600
1600
6154
3329
7328
6881
2993
3576
133
8077
2949
9808
1384
8823
4553
8240
2194
9592
4895
8988
9121
9007
3338
1013
9369
3428
8557
6050
5860
7402
9466
9293
7116
9219
8870
123
5404
7787
9795
7082
2800
9300
8358
7438
8942
4768
3778
3204
6093
2392
5646
2275
6863
1949
969
5462
7433
1911
8613
7630
4434
3827
6797
3913
6802
2690
58
0
4845
6416
5704
8899
7529
2403
6213
5215
5578
4166
3242
2029
2340
6486
955
4722
6584
3206
1245
744
1408
7831
1078
4236
1245
3441
2667
9663
4600
5055
478
9183
3595
4565
5186
4338
2661
5630
3580
3823
7779
3500
5187
5615
4571
2652
893
3503
8227
3324
6212
5244
776
6560
2013
1921
1512
6222
8488
5909
4547
5571
3949
7834
3384
5481
8630
1342
6179
1131
5103
8123
6938
4096
1122
4685
7252
7179
7780
6617
408
9
5682
5764
4695
4494
4551
606
5556
515
7099
438
6873
3929
6349
9444
128
896
6659
7688
6414
4821
2622
2164
373
4799
6757
2610
7019
7348
6425
3517
2070
6408
2790
5977
3972
153
9769
346
1074
6950
8937
3533
580
6994
7108
2713
6833
574
6934
679
5259
8729
7295
6694
4856
7129
9432
727
6513
9409
6878
8247
6629
1907
2051
7369
5519
7789
58
83
7921
4859
730
4544
8534
8025
3201
5938
8989
4346
3464
9347
3885
5856
4213
9166
2639
2956
8050
6166
724
9063
9663
5076
8627
5421
9917
2688
9316
3489
4991
8912
5375
1187
6666
959
5055
8405
5645
3895
2477
6656
8409
9144
952
7524
9521
6253
9976
4657
5511
2169
5822
4437
3535
6635
2883
1183
7833
1892
7881
3776
9690
9833
1923
1915
2085
9980
5999
1874
8488
7225
3966
3598
6388
9144
3322
3232
39
8853
8151
7792
3640
914
498
1563
5714
4548
6142
7035
7794
595
8223
6713
5700
6021
7528
5969
9657
2590
1351
1253
309
4322
3814
2462
1286
1737
9271
3011
5377
9602
7003
6261
618
8834
9802
2356
4632
2571
1225
5220
403
1014
6314
5509
4355
9575
8411
1641
8061
132
311
7673
8208
5711
1469
3769
5561
4831
4203
2273
2559
2883
951
9976
921
4446
1480
5097
5181
2223
3679
5675
5424
5418
4043
4620
2647
2788
4320
5504
3170
3374
8883
2305
4301
939
3367
5816
2050
6542
8862
9168
3139
7333
7519
5024
7741
8665
4815
7406
6452
923
932
1819
4842
2073
8688
8355
1594
1897
8312
3826
1734
4085
9959
588
4716
7956
3336
1717
8274
2399
48
4438
2819
857
8363
6334
7925
7633
1959
1723
1982
2624
3937
8844
8418
3693
4873
1975
7115
3350
9024
6487
7555
9110
5913
8959
1085
5002
5493
8942
3249
5035
3824
3768
3572
8136
2795
2842
9407
8039
1776
3286
2497
948
1325
4508
1748
8382
9030
5301
3391
2563
5447
3399
176
6936
3683
4077
4540
4990
9647
1358
6788
6390
1235
2641
8258
636
3807
5161
1132
4937
6178
609
1156
4820
6058
2425
6815
3087
6367
8818
8741
5180
4207
3414
6060
6769
2364
4556
2204
2391
9199
3774
1311
2401
6516
3690
7745
9118
6600
5739
5499
2077
8963
8463
1298
6606
4575
7856
5051
9538
328
2273
3987
833
9336
5747
2268
104
3292
5193
6189
2622
1540
8976
6149
208
7809
6555
527
8648
9607
1536
3281
4719
7153
3353
6680
2742
8446
6000
2890
2705
4554
5784
3325
9400
4550
3888
2648
4799
2634
3694
5087
3924
955
7274
4353
7843
374
232
4844
6109
8019
9178
1067
4961
4831
1493
4229
6874
8518
2785
9824
1735
7350
3440
7692
9767
8020
2020
6509
1646
6475
9904
7968
1755
4019
8537
1998
6432
2299
7931
3300
207
9809
2633
1185
9556
9480
9291
9279
5490
1573
8159
8965
3408
8645
9409
639
1089
9654
3937
9808
3442
8405
7536
868
5668
7502
6740
9994
4894
2718
4427
9982
3982
4261
3372
4139
241
822
6323
3319
6055
9468
1883
96
8077
9455
6536
6697
6546
866
4453
8829
6566
9610
8400
5790
8700
8768
7000
8386
7132
2523
5910
83
9819
2990
3036
3540
6552
2152
813
4238
7648
796
1817
5228
8121
3849
7448
2246
9604
6856
3325
6367
5045
1457
9128
2193
9253
8672
5120
3168
1734
7572
2348
2014
6956
3473
8600
3536
1151
4181
7612
9065
4093
5028
4716
6661
8889
3405
8163
8887
2776
1382
1668
406
7131
582
408
990
5483
6965
9630
5584
4173
4409
2331
2030
1498
5070
45
8744
7649
1370
8674
9217
9597
9168
9520
7538
2149
4182
4184
9307
8883
4039
866
5304
4372
6481
8708
1037
2182
192
6326
3939
1499
8470
430
1347
8919
7553
517
6682
923
768
6039
8242
6883
6903
3141
4899
2033
6176
9112
5653
4809
32
3995
5472
3183
1594
506
8134
164
2092
5312
7899
9538
4802
7047
5757
9078
2127
8997
2701
9944
3352
7305
2062
7827
250
8762
5243
3487
5286
5741
397
7766
2449
9732
1560
8919
3894
9019
6512
8147
6502
543
5307
2593
1270
773
7754
3730
4962
5466
7417
3095
7866
3615
1719
6589
3712
6618
2579
3217
7774
9669
9708
4049
7043
8779
9132
2447
1975
3431
2834
7143
2751
1862
1482
5633
4277
3238
1148
6528
3210
8571
6642
5996
7153
128
8618
5251
923
7296
8989
3135
7232
5396
9317
300
9502
2771
9853
9221
2644
623
2683
7338
3566
9545
1028
9001
6970
6463
8188
5540
3537
5792
3813
1825
7000
9000
2270
1949
3803
7521
7678
6309
4042
4932
2892
7267
5225
5698
5170
849
1000
9397
9561
7480
5471
1339
2144
5603
9956
2720
9175
8257
3146
6106
4929
4141
7471
4866
539
1513
4204
8448
8535
5408
7341
8896
2902
6059
1599
7816
2490
9171
3031
7212
6379
6759
1685
2005
3423
606
4515
6879
4590
9101
3303
5156
5979
2205
6746
2812
2384
8594
8062
6455
6189
3650
9480
121
3991
6913
2775
2068
3867
2826
696
9404
9456
9199
7526
5358
3166
3641
8314
1263
9706
9436
5361
2912
2876
8805
7460
8858
3105
3306
2052
6429
564
8250
2992
9762
8842
448
6940
2997
7178
6329
9514
921
5007
537
8309
8809
1187
3494
3615
3005
1708
78
9285
3843
3883
575
5541
2937
2084
9355
2729
7563
9938
6365
51
5892
6549
1430
6096
8163
9810
1640
8656
549
8142
7609
9746
404
3116
5306
7994
3897
9317
6304
4683
9579
4554
818
1547
4371
3032
4680
8188
1644
6497
3544
4437
4610
3487
5024
8333
2058
4838
2236
3527
7640
4360
236
848
8368
7209
270
7552
2747
4903
5362
4323
4079
5157
4830
4503
9849
6732
4581
2207
3843
4393
4675
5997
3646
6677
5564
2606
2523
9707
9686
856
1343
3540
5609
9326
3143
3654
7830
2624
231
9109
6482
163
1295
610
7721
8240
3909
6284
7359
903
6010
302
7430
7610
8459
9661
7803
6010
9664
7416
2722
6287
2329
6437
5172
9489
1932
6378
374
5997
6244
7966
3383
1879
5340
2911
4737
234
1915
4846
2448
1877
2459
6478
8214
4649
847
868
680
3554
7267
198
8811
4462
7022
3676
4007
2645
5735
7353
436
3621
9759
2515
9287
7883
3153
6073
4084
2943
5533
5885
1049
5869
8264
6311
611
6944
45
4480
3574
438
6717
5699
8227
1612
4326
7248
2720
2
8897
3401
388
7822
1176
926
4423
8856
9667
3551
2247
7642
712
5912
9270
908
50
2384
6335
3244
6331
3808
5069
6828
3408
5665
624
644
4856
4499
1826
8071
1145
5504
4643
3012
7178
3116
6042
3768
5470
8174
1815
767
8164
9735
3754
8959
9280
7030
8671
8180
7130
7156
4211
5131
5667
7122
4106
8729
2663
4631
8631
6560
2126
608
4349
3908
8083
7869
926
8407
6978
4581
1805
2746
6339
8196
9817
5075
8049
5386
8428
1731
5618
6192
4267
9771
6162
6052
6803
7389
9466
7690
6622
8780
8457
5933
4587
6240
7698
2454
393
6402
9094
4150
477
9343
6904
8419
2084
9049
7376
952
2383
1181
1822
6816
8987
9463
5825
3584
943
5088
1378
6064
7344
4543
3255
5774
4066
9964
5673
4745
7813
2748
379
2428
665
5492
2726
6554
7622
9563
7991
3648
4230
5588
6228
2532
1362
1991
263
4669
9419
2316
8135
8475
4794
5564
8187
813
7326
4979
2355
7841
8614
9836
717
9064
7594
1636
8343
3020
1575
839
3631
369
8025
2744
5880
312
4886
1480
8677
9263
4867
9178
4825
6475
2297
3359
8007
9923
9429
9335
6138
7183
2794
5971
1478
242
9204
2565
2951
249
5298
1787
6827
8042
4137
8636
2989
8971
7311
8175
5275
6010
1236
5483
6119
3439
1898
9647
7596
4476
3160
9949
3322
175
9928
6405
8190
3613
8970
8754
5874
2933
6993
7661
7197
9184
7691
9412
6030
32
6913
714
3192
8423
7860
3332
2992
6059
6240
9251
1506
5146
8722
5816
462
8302
6680
6856
5698
5721
1228
201
4550
763
4845
4202
2235
9958
9517
5845
3351
1097
1248
903
903
3563
6032
2204
1962
8337
2956
5495
5999
1223
5935
3724
9224
1750
6813
9537
5836
1942
8995
2765
5004
3677
2653
4295
607
728
9601
289
9276
1716
8412
994
1140
3228
8074
6545
6808
8084
1547
8110
3588
2411
8934
6464
3737
6524
3696
1682
7587
8911
4291
7001
4830
9604
7969
7114
7935
9117
3025
6152
2703
1756
800
3457
2308
7624
8910
5859
2806
5908
2772
3629
80
3141
3363
3546
449
4070
5317
6568
9758
9456
964
9505
8669
4707
2728
9777
5094
5564
8420
9850
8215
2267
1371
3259
2401
1557
139
7288
3455
6711
530
8291
4114
9375
6076
4411
476
3389
1792
7043
6134
29
7
6742
6184
6126
6389
1494
8999
1382
8910
5274
9679
8859
2399
2636
5418
3108
6607
709
9706
3685
6244
3439
9206
7913
7331
4141
4461
5662
5373
1552
3155
635
7385
1393
2543
7225
1563
216
5899
9309
5563
753
6348
7562
6742
8370
279
4816
5479
6315
1688
4801
5750
3421
8284
8200
5489
1676
9923
1363
2959
2658
77
7269
4357
1189
1396
5335
2153
1789
7165
6572
3334
8515
1472
3202
1593
1566
2240
7362
7810
4707
2941
1809
8676
5992
735
6631
4211
526
1112
9886
1106
8075
1637
6842
294
246
354
1997
3986
1602
7585
439
9514
6653
3391
266
4748
9924
6812
5748
2621
9479
7140
1729
331
5214
1945
3360
2157
1980
1365
1655
3537
4185
3220
4617
8007
2908
8964
5706
7949
8738
6151
6276
4678
3585
9150
6274
3359
2516
6174
7979
3468
2308
7326
844
6089
6853
5336
1606
5180
824
7955
2750
1150
2069
8529
4138
1566
84
9194
7159
5623
2623
9351
8106
6133
5017
591
7645
5198
7064
8090
6246
7513
543
7635
1197
8272
6283
6910
9459
1025
3552
9448
2025
4530
6031
9744
9664
6620
8082
8405
6995
7418
2180
6962
1662
3862
3407
2965
8069
2416
9710
7324
608
7101
7287
7525
9584
5536
8887
2290
4187
6525
9078
5556
723
8958
4622
194
1096
3227
9950
4833
6038
3208
7475
339
9947
8973
9929
6033
9376
7800
7295
9560
5170
3830
3994
8505
9048
4757
2954
6263
9041
7302
1950
9488
4600
1920
4167
9518
1416
1166
9316
5567
8047
5466
3871
3209
1290
4649
8934
7667
4903
3537
2135
7812
6769
5120
5547
3365
2871
5413
5081
4816
2565
9959
8062
2807
8542
3117
4789
1336
6611
7768
6721
7029
4955
4897
8675
4955
9901
9590
4912
9959
5364
2472
9294
1345
6153
3291
7855
7901
1073
6471
8074
9681
400
6781
2868
2782
3686
6975
8939
3411
8110
8235
8458
7949
4615
8575
291
6417
8928
3964
1958
7817
7220
1864
6359
7089
1663
7130
7934
5147
9403
5771
1350
5373
9592
2932
2093
2239
7034
7656
2412
319
7712
8459
7915
4845
1045
578
9872
8175
6016
7855
5732
77
3548
9654
5720
3554
5416
5969
6498
2102
832
1911
3831
8735
5398
6150
4949
1920
3578
6566
7882
8611
5023
350
9405
4
7169
5121
5463
1342
1362
2205
7924
3098
7410
3216
9340
7249
1986
6252
3047
8958
9549
8632
9351
976
593
8947
9844
5332
918
2365
922
4479
7379
9656
4510
1958
65
2190
8662
858
8269
2268
3216
6873
7721
623
6034
1594
9585
607
3454
831
7457
1700
4557
2213
7274
3303
2599
6103
6378
3477
8531
3927
2287
6283
918
8460
8707
5679
3761
1277
6207
3553
8744
3627
7620
4404
1241
8339
3743
9426
53
1985
3163
8296
9300
8511
1172
7867
7157
7832
6627
3101
160
5431
2349
7120
3756
1970
4210
4026
9401
5061
6368
272
6063
8924
5337
7804
9304
1481
3494
4926
4227
2565
3474
8896
9548
1426
8455
7652
8798
6447
9799
6719
1235
5110
2700
1361
9435
7627
2572
3342
2721
3370
9722
6287
5607
5270
7564
3545
8241
3676
55
7732
1498
7825
7392
1658
2778
44
5035
6233
9853
5057
112
2106
9185
4388
935
8325
1982
3727
9921
3053
6012
9351
7575
8560
3654
8213
5324
5082
7022
5158
8008
5940
9110
9853
2607
9307
5876
5523
8373
442
7915
1304
4986
1841
1967
163
9541
7782
1883
4709
259
4030
5861
3934
4624
3096
1791
4953
2338
370
5345
5154
8980
6697
6121
1802
4492
8519
5545
8135
1792
7571
6551
7218
4662
8315
9090
7471
832
2772
7415
6625
5703
9223
4806
4117
4513
3394
8870
5439
5899
8116
5913
5801
7827
269
5990
4620
7596
1805
1197
6803
1275
5062
8518
1569
4323
1243
5140
4652
4377
4928
8490
5123
9233
6802
5485
3761
7893
1391
5479
5975
235
6542
9204
8560
1316
6612
1665
6276
9640
1897
357
1149
4777
2710
1472
4722
8711
7672
5809
1019
6936
2301
2988
5924
9934
5783
7287
6881
2977
913
898
5327
2380
4648
752
3136
9305
4448
3169
3487
8008
8633
6565
6028
4032
7357
6186
5992
9248
4490
6416
7020
4884
9678
5597
7803
739
4171
5500
3434
8595
3618
2568
3320
549
5965
919
8888
8423
2837
7690
5953
8745
8342
9774
8572
8857
91
7258
3494
3653
3438
2935
6906
9151
1406
9154
8063
8676
9589
2967
7613
9753
7447
8049
1946
4997
4821
7173
8750
8256
5246
2168
3079
8048
5726
9249
7733
3960
5942
6326
6497
8064
8621
5521
3898
2650
6716
8475
519
7611
2415
4229
8637
5687
7570
9485
8968
1398
5096
8859
5645
26
6124
8385
3206
6262
8247
8972
6320
8246
6080
7780
280
1655
6511
4531
7851
206
7543
6700
5971
3492
1418
2181
4042
422
9832
568
4020
6705
1487
4481
1403
7773
9972
547
5339
4374
3014
5539
5543
6625
2513
6978
3486
3755
8465
9056
5420
994
8849
4128
5187
2091
1890
7221
5472
5830
6701
5996
7212
7528
3261
1471
8172
2036
2919
5381
3378
3005
6161
8561
2053
4316
5282
955
7969
3468
5730
7940
2730
3464
1447
9557
4378
9255
6283
8897
6969
7181
5716
3444
236
996
522
8468
2341
6036
6790
4713
2842
3907
4741
3564
7482
3657
2160
1636
1157
1793
6953
3310
534
2777
7318
4117
3180
3639
7342
64
5768
1206
435
8019
9967
8131
2964
93
949
4356
5682
565
101
3957
1102
7391
487
3410
851
1553
898
6240
8193
6600
1889
736
7441
7614
5130
1962
3742
3528
5580
6649
3879
9229
4564
9714
1137
4223
608
4126
5033
2735
4103
1648
9778
6100
1287
567
3681
2054
2816
7954
5428
7075
2314
8215
2108
7364
644
6742
8220
1200
2394
7327
4483
440
2080
4655
201
1768
8912
8699
3197
8889
605
6085
6868
5367
8707
4656
4804
4016
167
1329
9568
2857
2460
94
3750
9532
2499
6546
8212
5745
2757
7682
4540
844
1561
864
6191
8945
8360
3838
5514
7152
8897
8482
1928
3386
9719
4552
9892
1061
6188
6130
3961
4452
3274
2688
2262
2968
3808
8732
8987
4734
4573
846
1152
9921
6651
8617
4773
2054
2765
6396
883
1187
1033
6151
2350
6265
1480
7778
8336
5265
8953
2114
4406
775
3666
3681
2816
5550
8499
4690
9282
7291
391
9187
9673
4397
1692
6428
2504
4754
6175
5494
836
7792
3562
9001
249
5933
5877
2315
7941
5374
8728
6143
1660
7672
677
4557
6194
3016
4296
7593
9435
3249
3195
7375
9659
7714
335
9415
596
7838
4289
6209
1108
6982
1751
8526
1847
537
6566
908
2126
7514
7822
1809
6451
8950
2141
5529
1605
307
8194
2636
2024
4793
4696
7932
3316
1988
6636
173
1169
1507
8370
5752
5711
4580
6320
9307
9358
7341
8511
7872
9619
8409
2940
1552
6985
9900
1853
2975
2004
5399
4442
9781
4997
618
6125
9292
6444
2475
8663
2141
6017
149
1661
2149
3503
7304
2663
3000
5373
8131
31
8400
6656
1086
38
1277
8957
3322
7237
9364
1922
5646
5016
9001
7310
2573
1520
6358
1887
4531
4601
5470
7864
9608
8306
5423
7266
353
2584
4833
9746
7109
7332
367
1677
3096
1680
7473
8060
8054
9508
5696
7784
6618
2601
8027
7058
4816
3522
3556
5480
3077
1351
5394
4125
6968
4760
1279
5272
7499
8521
2598
8976
1299
1559
8641
2521
7220
6882
6837
4995
9991
6341
6425
728
3434
6070
2588
2115
5461
1659
395
4496
4560
5638
3099
3165
2821
3708
7281
5359
3670
275
8147
8094
3444
8328
1885
6130
4687
3476
8387
2984
5615
7036
6896
1935
4604
8461
9157
3266
731
3145
9520
8590
1418
7612
9091
3061
6045
482
1536
1503
42
4239
1388
5046
7410
9769
1866
740
886
2958
8084
7772
8021
184
3273
444
8366
7455
197
9841
1608
6166
7272
3254
9042
6951
9067
2860
1081
1975
3875
2890
1624
5128
6772
7581
6082
9071
5262
580
3575
7840
5952
146
5439
3833
4975
3480
1525
8357
1902
7851
2981
5671
6742
5755
5238
1467
2283
6337
7706
8056
9536
5486
7350
206
2297
2630
1767
7519
7968
3071
3599
1509
5695
937
2262
8155
9604
9272
787
9571
4443
621
5300
1667
3329
3590
2192
8209
2420
8258
3309
5489
5344
6114
2661
6013
994
8197
9092
4036
1901
8520
8099
575
6818
8535
2571
610
377
2376
6600
581
4710
1930
8722
5
2798
5428
931
7064
961
3140
7669
4349
8393
9022
4597
7597
4925
7740
410
7226
4310
2321
6229
9729
9245
8897
6158
3614
6061
1499
9495
2431
1560
1637
9766
5674
1832
4561
8284
6862
3052
6506
225
6933
7228
4956
9384
240
1676
7058
3694
9911
9580
9650
7364
9094
438
8056
7055
4704
3401
9822
8915
698
3558
3823
462
8591
1095
4848
6353
3982
5875
8651
9857
9185
5526
2734
2521
3687
3351
3674
2940
6176
3540
2662
1815
4076
5018
7131
4558
9204
2051
7818
4561
977
9222
7426
9997
1893
783
9165
4464
3452
9519
897
7157
4601
8279
3318
1370
8876
8069
8719
1068
907
269
190
4046
7726
6881
9838
6750
5390
2010
8579
227
6856
9767
9368
8874
2727
8684
351
3641
2552
345
4355
9208
654
474
6383
241
7162
3953
1319
5321
1835
1403
9940
8378
5583
3821
2497
6530
2161
3549
5635
139
393
4350
200
5553
5542
733
4654
3561
6922
6856
1185
6856
7708
8275
9395
7982
2054
5628
5480
5169
4073
7940
3190
7211
3036
4645
6548
139
9197
9648
3277
7788
5098
7812
2228
5609
7878
4070
7682
2022
9161
8070
8355
4489
429
2708
9179
8067
3433
3215
9471
2702
7163
4551
1989
1731
5171
8794
3552
8178
9631
920
9381
7275
1410
925
154
3377
8659
2596
2845
6903
9933
4383
3898
2308
1707
5836
5990
1182
4289
3822
7707
5538
4609
6381
8848
5125
9131
8466
2707
9143
5215
3050
729
7146
4676
3135
4207
6106
8984
5028
2308
626
1571
944
5680
1108
9070
9445
91
315
9946
5542
5141
2220
5926
8360
8944
8294
8963
3227
856
5446
3981
6723
831
6727
5629
7804
5779
608
5418
5459
434
7123
4177
3520
2649
9547
3600
6228
820
8341
9790
3944
4140
116
1177
7006
4814
8065
2976
7137
4997
1937
413
56
246
4967
3366
9958
5562
2407
5780
6412
9732
1297
4229
6867
8604
3927
1347
3459
8164
8116
1498
1071
3875
5821
8011
4736
3553
7905
3593
8367
7292
6936
8109
3530
9407
1770
826
6529
4177
7394
7438
4397
9308
981
5683
5600
8449
466
7248
9184
6834
5056
7769
6930
2204
8055
1213
6669
6510
1133
9705
1316
2578
5754
4948
7422
3943
1840
2773
9098
5314
5970
8100
7970
5805
1408
3578
7560
6954
75
1542
893
2830
2233
5548
3488
59
3066
4734
9935
1488
6633
1524
1233
8376
6720
758
1735
2499
1013
6268
9140
1367
9705
9100
8285
6858
2168
138
9683
19
5632
8687
6711
2523
7958
7758
1165
8327
2530
6241
5479
7438
7068
7936
1337
7399
9706
7480
8633
7060
5096
3651
5772
1565
479
1196
2156
7036
6673
3375
6372
8425
1758
8772
9073
4218
5869
7527
7833
7237
3949
4155
2370
1660
9592
6355
2431
2565
7152
1832
7367
5773
1208
8022
5990
2608
2141
2854
7609
6291
4121
8194
364
4104
7095
1438
907
2234
7524
4918
301
8245
3555
7188
4607
9497
9061
5078
5027
4507
7593
480
1714
8268
1615
1213
7419
1804
4656
1047
1942
906
3958
9995
6100
8890
9075
2292
4318
3469
7483
6156
8318
8419
1706
6390
426
6532
3751
8136
3961
1579
1681
7702
9903
3483
68
4272
3554
2701
753
4537
2280
6942
2839
780
5591
5784
1204
1821
1767
6480
897
5355
1063
7323
791
9688
4104
3289
3563
2650
5516
2367
714
5550
7049
9983
643
440
1505
3223
5078
9674
8631
6183
4095
7752
6793
2713
2828
6813
9756
3048
3600
8752
6139
6400
5626
8926
270
2426
746
8682
7036
702
7659
6523
81
8787
9075
629
2243
6307
5846
8681
9444
4587
9691
4420
4472
8788
1417
4267
5004
2255
4690
1429
1069
860
6360
9405
709
8437
3101
1590
9049
3167
681
8727
5182
8683
6600
1401
3340
3032
8986
449
9667
3231
4694
4205
3573
3065
7335
7814
3135
7056
1624
6546
7287
4063
3869
1928
3668
9844
9698
6882
9887
9106
9163
3545
7712
4057
6291
5445
4218
8260
4797
3828
1300
1757
4230
6539
5092
5804
1116
6631
9854
3347
7801
7067
6636
4405
7661
7338
5665
3897
9088
7567
2802
3136
2235
5802
4642
5212
1896
4557
3889
8766
7096
3413
6453
4323
2954
5474
4442
2231
3242
6854
4634
1544
2652
9992
360
4701
6274
3558
5793
3771
18
4013
5584
155
9798
6427
9490
1191
9176
5121
1201
3876
4868
7842
2905
8046
7007
780
2323
8795
6416
5502
6893
647
4228
3079
598
4071
177
5136
2530
8266
4639
6296
2687
2852
6051
7628
9747
5099
9744
6081
7582
8601
6416
582
2158
3955
8480
1553
8094
1928
339
6883
4678
4822
4286
4081
4378
2325
7171
5282
3040
3997
4224
9055
9841
1719
5514
548
6811
1927
7398
9426
2286
9269
6015
3222
9994
431
2380
2315
5638
9308
8982
1519
5846
2464
5879
2467
113
6845
290
412
4988
100
7379
8847
1175
7558
1556
5438
8418
8871
6968
3164
133
1666
3056
1264
9532
9159
6090
1620
1733
3613
366
7556
1747
7776
3444
3655
6593
1974
8199
7186
838
5422
754
3999
8833
6492
7419
4319
3577
8156
5643
6805
1755
1662
3704
2413
6786
3575
1331
3156
6921
8788
8835
4682
3404
4838
5387
5737
4480
899
8095
2052
4666
8224
2259
6962
5098
7473
9742
6151
9995
2360
6820
9334
6344
8355
5040
7369
8719
9812
8630
9350
8879
8798
9832
545
194
4179
9173
8714
302
34
1111
3286
1462
8373
6776
9163
7006
2296
4589
4496
4016
2232
6432
9693
6888
9699
1720
3119
3802
148
4275
7470
8284
8892
7173
9665
1033
1851
8917
6216
2949
5907
211
5532
8940
2044
4369
8363
3469
8105
5973
7688
3047
7020
1791
9762
7925
641
5119
8725
5068
8952
9787
8230
7186
9361
2824
4852
8052
1000
5465
9736
2663
4544
594
6844
1845
8913
1001
8504
4891
2402
6883
1494
491
7287
2927
9829
5777
3757
4985
3618
5673
1135
3875
6891
9874
1799
9176
1125
2787
5939
8986
5357
2536
3354
2592
8226
8755
1860
1745
2068
5291
562
2805
4285
3181
239
6423
6579
1302
2385
3585
8386
6947
3090
6902
6867
6249
7861
3820
2122
4850
8721
4062
2983
2501
5513
7074
5675
1393
9158
6496
4928
6918
5837
7754
4699
1311
7542
1754
3564
5135
6261
2362
8069
8955
6149
7850
5830
7689
524
6823
9022
3121
8208
7271
8062
5830
6851
3343
4720
6430
9179
8188
3702
7371
1867
2792
1805
863
5649
123
4187
5432
9653
1080
7948
3552
2521
3780
4307
5422
7846
502
1954
9422
1648
7277
5818
8126
5231
9536
7465
9794
7585
3499
5605
9223
7695
7061
7777
8547
8620
5802
7178
8114
1995
9476
1832
9941
3746
1794
6791
1391
9229
1701
3922
4704
8743
7420
7982
8814
2443
5528
2128
3475
7028
6073
808
