4409
4357
1062
9662
4037
1448
9853
7190
6231
1228
7725
4768
2246
1006
5529
3764
3195
5991
5578
1727
679
8059
2330
210
8472
4947
3049
3167
1723
9028
9039
8752
2810
9731
833
8676
8483
3927
1394
914
1174
4157
9787
3551
8515
5437
4095
9792
8967
7572
6364
6788
8237
1394
4297
3789
663
4142
4085
8382
2129
1344
6293
3095
6221
9963
2006
8442
3321
328
9636
2712
3122
2435
3663
3186
4665
5560
5410
8301
4382
8797
2479
5344
1906
4173
7883
3649
5399
3237
2098
9011
3039
2685
1270
1037
4970
4504
2632
1484
457
1348
3829
8315
8353
8425
6287
7130
5002
9060
4019
8943
2703
2239
8357
817
3507
6986
5944
3822
7744
176
2057
952
3938
1563
3814
6178
7033
2178
8162
4665
4735
45
7645
3299
7654
185
2951
171
7457
4262
4928
1410
8713
8908
408
3859
4324
751
5488
2486
1458
482
7174
2139
4774
7918
9269
4270
6408
4933
1217
594
7614
3407
9263
7312
5318
860
7703
5465
7884
7333
4311
5293
8341
3260
8037
5020
36
9543
9011
7442
9236
7891
560
839
1514
1564
443
4327
3982
4108
3870
1553
3350
6424
3955
805
630
561
6250
4083
6876
1974
2727
2429
774
704
7173
9914
8150
5910
8338
4095
5457
7488
9367
6434
4200
3140
2073
2225
899
9188
2414
5901
7682
8662
9182
4256
1871
756
1356
7046
9064
1619
830
1758
3082
7617
6295
6880
7930
8703
959
5932
1424
1341
1447
2721
7506
7553
7786
6806
4433
9069
4643
7001
9009
3332
2173
9904
2804
1147
745
9870
4929
4135
7585
6677
7332
3851
4956
7153
2831
3390
8865
7497
3111
6636
4495
3696
3795
9926
9561
8484
6351
5811
9625
4630
2074
8868
19
5971
1673
9063
7499
9606
5105
9016
979
4892
212
7742
4808
7531
5430
4884
9893
9876
1404
6313
7705
1848
8674
4048
9696
346
3788
901
9978
8893
4146
2992
2257
3398
2694
1338
2958
4379
7188
7082
1233
771
5145
3620
3128
5536
4856
2862
1553
8670
4848
2198
5915
8951
9054
3320
5265
1755
2614
4017
6645
6646
3699
9293
5960
5068
53
8700
2124
5433
5041
2675
6517
200
6913
1820
8844
7083
6725
9591
7377
4476
4892
642
6265
9353
3703
4200
5085
4456
3300
4280
6169
408
1596
6294
3324
7535
4396
2655
1558
1669
602
8357
1162
7933
8772
1192
1059
6646
5568
246
5749
5864
3630
650
7337
5768
6306
2152
9180
1179
9294
4018
472
9773
4770
9027
1757
5256
1825
4868
9782
6687
8190
2108
6372
7449
2076
4108
79
9925
9765
5733
1246
4858
4046
4522
817
7567
1016
96
739
6739
7884
5027
9123
5336
2405
3106
6465
7316
5394
9054
178
8326
1310
7021
3439
3303
8391
3976
935
9008
8975
8016
8477
4912
2759
982
5636
1568
519
9351
583
1645
3568
7327
4120
5100
4621
1298
5542
6659
9098
5358
6390
707
1965
3503
9452
5983
4116
5246
9409
43
4071
7933
8416
1389
5267
818
4624
5329
6584
3082
4125
8199
3928
426
7165
3394
3649
2593
7557
1812
4374
7243
223
8772
2456
3968
5517
9257
7605
5921
564
3398
9567
5522
7248
4543
3691
5013
3662
2938
3121
2253
837
9102
7994
7076
9434
2293
7519
3781
1641
1120
9089
870
2046
5326
9691
36
7461
34
8781
2567
9762
6331
8552
2841
7700
4990
7021
5380
3329
3302
1740
4066
6209
8557
7113
9535
3858
5531
6238
3521
75
9471
9038
6990
3687
579
1994
2233
9051
712
1260
7824
6195
8155
123
9292
2879
1695
3854
7700
3056
942
9805
2917
6213
5873
8322
8325
9897
4915
475
8915
3381
7524
1936
5322
3840
4185
8411
2184
7706
4035
6967
413
8908
7903
9314
9444
2615
2445
7645
7352
7774
9281
992
3837
4265
1566
214
3495
813
9246
2737
4577
7905
3439
3913
1440
5960
9783
511
7312
2707
443
3255
7649
5326
4495
9528
3353
2296
6829
4450
7454
7063
6437
8345
8439
692
5965
1310
8376
3448
5731
1058
4210
5908
7103
8508
6160
8668
2040
6703
8037
5914
7931
2528
446
2277
9405
7472
9385
4203
1716
3166
9491
6807
3511
9834
3372
4690
315
924
5847
498
3901
5173
4675
8155
6863
8165
7423
8646
6192
9031
7468
4975
4397
4355
834
9520
1825
583
9539
1353
9235
8278
6453
3339
5381
6410
1260
8788
382
2536
7087
5290
2024
5205
2564
8999
8750
8222
4678
6043
83
2491
3608
9043
2496
93
1960
5767
6330
6965
7269
3835
7254
5105
8471
98
3993
2562
4155
5812
2552
9659
2841
9056
6027
2847
3273
3972
8210
3412
5769
2372
8705
6831
4044
6985
6999
3
606
7213
3049
7817
7806
7644
2354
7539
950
6771
4149
9373
9481
8351
2440
4208
7179
708
906
5038
2574
9870
4333
6852
6321
910
1245
860
3151
8096
4639
2873
2193
8557
327
2368
979
6028
5314
8296
5204
951
1801
80
8484
711
5989
7371
3752
9114
4645
152
685
7347
6578
1539
1622
9602
620
9254
1781
5313
6471
8133
8294
6530
9891
5303
6541
3314
9084
1654
1590
2283
4843
8127
7177
3387
3077
2978
4556
7875
4631
6672
8847
5994
4007
4343
1007
6455
5518
1863
9468
929
2720
477
6642
5921
4517
6702
1986
1258
9265
8699
5146
9115
6396
7721
9787
21
3617
3366
1189
2597
6572
4379
8392
1934
7008
2504
4748
7448
4945
5519
9123
4802
141
6982
3640
8099
8197
4466
2878
7871
7091
5071
3720
7651
606
6892
4705
6866
6165
7754
8613
669
5910
8029
2316
7909
1526
2623
3432
6921
5260
8339
4227
5070
1866
6724
9373
2041
8803
9250
5665
8769
4903
1207
8612
3598
932
3050
2930
4750
9019
3109
1410
3539
1738
3535
9354
5862
5794
2156
9851
484
9717
6536
8535
1365
9759
2903
5114
7857
3255
1898
3010
1000
4130
5083
7703
6318
935
1036
9021
3538
3825
7515
2548
1486
3218
6651
548
2033
9556
3413
3385
416
510
3722
8268
525
9274
7455
3335
2816
5184
3368
1605
9390
5765
7462
1091
5478
7574
3685
4537
9092
1681
6043
4633
898
8494
4151
8324
4542
5801
46
6886
3560
3308
2717
6813
4806
6804
8177
220
9870
5101
7171
2499
5375
3347
9636
9228
202
6992
4879
3991
2740
1738
9120
3677
4048
6112
7513
8060
3478
4987
6047
6064
1731
4301
9856
1920
2595
9535
8344
672
8680
3064
4297
3919
8343
8438
3669
3552
719
2811
5105
3295
3234
2306
3398
5350
1366
8930
9098
2162
3486
1773
7239
1369
4610
9740
1791
5399
1626
7801
8827
5820
9141
3840
648
6592
9471
8601
5144
9626
2512
6918
9511
704
1215
4457
5122
3745
6219
540
833
6631
8857
4245
5275
2382
5149
7974
4805
5315
4688
9936
2714
3034
7408
4572
6974
1565
8060
7878
8406
2765
2976
2762
8463
269
6174
8127
6003
2636
2182
4181
5396
143
1116
5647
4126
4691
7468
3998
6613
688
7842
9631
2428
8433
4422
4949
1297
530
376
9769
4302
6180
559
1142
602
7781
5919
722
1581
9238
2817
4156
9890
5613
9104
8607
9082
9284
7258
6488
669
8693
1130
5782
9348
1893
6934
9867
3849
8648
989
2714
435
1606
6418
8497
8400
9217
8533
8217
2100
467
3947
9746
2031
4273
1576
1866
8239
4429
4679
7344
2977
4349
1791
4847
5923
4559
1031
4598
4500
9864
6607
8064
3897
2440
8568
7699
6216
1692
6839
8768
5875
1698
8428
1630
8828
2243
2280
9509
6498
60
9764
3731
1392
2724
9976
5699
298
8852
8162
2453
2693
4739
2416
567
6520
9373
8531
1343
855
6901
5364
8804
5159
8028
3431
796
7764
9602
7549
2691
2060
4661
313
2623
7431
3628
6952
6981
3430
984
3660
4954
9872
765
918
1342
2618
8530
491
7538
4621
7068
9800
1641
4514
8033
213
9962
477
1960
6388
3865
5413
4653
2303
7839
578
8813
5827
6956
8705
5960
7775
4494
4415
5188
3269
3360
9233
2099
2937
8200
879
3396
8968
8581
1683
29
6393
7488
8943
4533
3062
3514
836
6276
2777
9585
5089
1668
4752
5862
4060
5096
9189
9503
9067
335
3115
9420
8876
1468
2820
9838
2105
7011
9281
2512
953
830
728
3795
4159
8712
2186
9373
384
9977
5254
6499
9301
9417
2640
768
6603
6023
1052
2121
869
1432
2933
2631
4773
2862
2201
6851
449
2409
1705
4020
9029
7012
387
278
7320
1138
6307
8167
391
7289
7624
189
7440
7817
7378
2924
9727
5199
9499
8355
3593
6927
2866
9387
8609
5473
7400
7316
787
3406
1225
9985
3402
8668
729
725
3505
5272
5999
9831
454
225
2552
2272
3922
8355
6539
7617
2737
2917
4680
751
2671
1311
2065
4847
773
2100
649
1279
6278
1585
8806
4687
3216
5671
7577
5231
7857
5469
2446
4242
4938
3152
373
3920
165
7944
595
6523
2962
818
4284
3559
2626
446
2519
913
3099
2280
4241
1545
6426
7239
5855
3411
2640
6431
1992
6616
4265
3549
2532
448
6961
7184
4499
7897
3894
1122
8631
2560
377
1899
9564
395
7008
9380
5403
6711
4114
7923
7178
6973
7629
2825
1187
8549
6736
9158
7550
9339
6545
7870
6429
8396
4892
7065
9313
3102
947
4748
6555
7245
4722
3022
3864
4415
821
2672
9908
1565
6780
1450
4327
8262
6240
8904
484
8203
9828
5618
119
914
2122
4900
7682
3159
1349
549
577
1609
9582
5201
7814
542
5123
9923
3641
973
5456
7218
4583
481
8739
6423
8066
6245
4124
2594
8260
7291
6372
7398
130
5827
8213
3290
5802
1667
4683
291
8323
8207
7284
8074
6608
3220
2207
4727
1995
2790
6123
7568
1170
2120
5057
686
2436
2681
6714
8516
2326
1146
4322
4660
7355
1953
504
444
1349
1934
2984
8229
2261
2446
71
375
3596
1707
2724
5951
4692
7622
1785
3749
945
9281
3467
1992
9789
3542
3565
2238
748
1626
1005
7404
8184
9470
4338
1596
3524
4786
566
2468
9677
3170
4301
5221
4117
5439
6668
1017
8688
8424
7584
1590
3554
1875
2114
6144
9944
4809
1414
6226
1313
5710
1483
9227
5397
2276
8393
1375
252
8093
6966
6667
5832
5567
980
9039
8900
6716
6890
1262
3156
6016
9777
5543
8351
2409
9799
7627
1831
758
9735
8291
3493
6609
9429
3584
442
1903
865
7885
776
3491
8437
1922
6865
702
2566
1260
7272
3057
1224
9447
3012
4249
3169
4004
8237
3960
8725
2744
7645
4755
8798
2533
2904
7362
491
2546
8210
3939
8146
9272
739
5617
1940
1150
5189
7564
2275
6516
2881
2052
7101
9769
4940
7672
1038
7138
5997
655
9737
5249
9497
2546
221
2793
8273
6948
8165
8059
4308
6935
6011
2797
9775
3835
1641
5977
7398
7601
5894
9341
1898
8715
8671
366
5916
1697
7575
7198
3136
651
71
4484
8559
8045
31
8596
898
8882
2159
5708
4837
3831
3298
6412
1598
6464
7907
6118
4660
1768
6080
1365
3738
5340
6422
8331
4235
5265
2808
1349
1220
1612
3595
6012
6724
1629
4219
3599
6612
2320
9268
972
8666
5861
8085
2827
6587
7505
8792
1269
5624
64
9171
1011
4269
3848
9298
7221
3034
6014
39
6991
5715
8686
3551
4753
746
930
6797
6543
247
5668
6741
7986
2211
8981
6380
6086
6875
5874
4041
5482
1816
3572
4490
5695
1527
652
9317
7064
6323
7941
5774
9580
2320
4986
7808
618
8897
4119
352
4693
2595
2679
8147
801
6703
2775
3295
637
3937
7128
1577
4060
5542
9002
6156
6521
3925
3998
8694
6872
7503
1573
2154
2949
5808
4569
6593
6643
116
5705
9108
9791
9870
1058
1750
7144
7971
1875
6731
2907
8680
7691
6498
2933
285
5733
7385
5479
970
3826
9457
9651
396
6629
1886
2134
1363
7912
2749
9625
5658
4820
4477
6500
5675
3569
1372
4674
8712
9880
3562
5370
4026
1588
2573
548
3609
5351
7301
5143
6476
4124
5567
9908
2770
7187
5677
8695
8419
9892
4467
3259
3247
6016
3120
3352
5461
1635
9767
9748
3271
5765
8310
3124
4
9668
6231
2254
2560
3692
241
865
4273
7776
7536
3663
2364
9352
2164
8534
6999
263
539
3767
3722
2549
7502
6197
3492
1441
4488
8677
4911
2804
4334
2960
1338
1336
3059
7182
1560
5382
7560
5479
6424
3920
9550
956
5411
1419
347
2224
6547
6640
8098
8037
192
2175
8948
4148
2307
2542
6256
1485
5593
9981
7506
4936
7530
8782
6797
7635
2817
882
1941
6490
3934
7802
9084
860
7668
6541
4516
7826
7273
9967
2862
4257
9684
5442
3198
8030
4683
8961
9829
8171
8251
5911
2397
6448
5456
3706
829
971
9215
6021
4200
5777
9968
3124
9021
8991
7938
7896
1691
6214
3987
2508
1879
5050
7294
6474
8470
1324
8098
2796
7373
7468
1562
5249
956
8803
4446
6549
2179
3987
9722
4044
2592
1789
5557
6906
2276
7515
4096
6350
1546
8897
2439
8315
8772
3109
2837
6272
6009
3620
1693
323
4328
8102
7231
7613
3690
6291
3875
8222
8004
9802
7290
151
4618
4241
7819
6831
8908
7657
1615
624
8845
8339
8152
6212
1483
9327
9998
8494
3149
6559
5737
598
7781
2553
9756
8996
3351
7758
3254
4332
4589
7246
9250
8536
1333
1313
665
1105
5747
4716
4590
9962
8370
785
7768
5275
2513
3442
7983
7757
8866
2283
3588
6563
7331
3314
8711
5684
1112
678
4813
1914
8842
2744
218
1933
4151
9344
8015
805
8506
5569
9267
9296
2356
1580
2879
2803
1674
7160
5666
419
1838
4380
6157
8648
8462
1651
3519
669
5254
7723
8590
8657
2286
4698
7491
3650
4151
5035
9512
4738
6405
8686
64
6909
424
2993
6368
4806
1325
9799
8244
7875
999
1334
8870
873
8409
8862
724
2570
2341
5839
22
4632
7554
372
8952
2116
3886
141
8731
6792
9289
6635
8097
4606
2006
4539
1245
8975
4123
6419
6384
2348
8598
2472
1132
9455
4529
38
3773
7043
909
7815
29
6523
7386
5279
3466
7918
1689
8669
3895
5787
7243
1094
2210
377
1282
5801
1988
169
3261
8458
7875
5177
5752
6409
8287
3908
5171
323
5285
703
7641
6359
7604
4354
6118
5067
3783
3347
8478
6579
1089
7833
2720
361
2495
3564
4613
1753
8378
8384
5217
6865
1778
7611
507
1996
6087
651
3041
3671
1832
7535
6055
666
4901
718
3678
9898
1939
4432
7064
3977
9969
1181
5150
9363
6319
2526
466
579
1837
9240
4995
7740
5078
4097
8391
1768
7646
9105
1077
4110
1210
7814
7680
5492
4821
2503
2084
1338
7152
5487
3958
9815
1977
3576
8067
2168
6851
4805
1853
4002
4269
6954
3872
461
1829
8076
5474
7893
2913
303
812
9498
2215
9518
5740
2729
1103
5127
4432
1742
6228
6150
3677
9086
1055
2113
8724
6990
4086
9796
1258
98
9394
9822
9640
8327
4812
267
3921
616
626
7990
3248
7785
6921
2246
1337
5472
909
9257
6394
6132
6458
923
5548
2524
6856
5589
214
3704
8370
3905
8068
8627
6587
8195
9350
1687
9680
9464
51
9206
2780
2227
2224
5772
5455
3632
2130
4595
9913
47
213
6592
1021
1213
3022
8797
457
9354
6087
3852
6426
8224
8510
8845
7219
4958
4557
3574
1610
5826
4894
5408
1589
5495
283
370
3268
8264
3517
7823
9890
8861
1192
9143
6879
9876
5472
9211
2573
2670
7472
3154
9880
8690
8078
9837
3490
8511
9064
7847
4452
6664
7246
9384
8948
1297
7042
2362
915
9096
2322
1303
8800
7501
6695
3136
5185
8254
2505
4900
4271
8561
2694
6520
6285
8755
6464
3332
9769
8244
9167
9818
2383
4737
9227
8167
8396
5266
64
2660
6330
1369
2966
3677
3382
4941
7636
3129
4176
5720
768
6527
178
6165
9393
5556
2649
4550
4994
9027
6435
2518
6397
9390
4055
9041
4336
6601
9580
8762
8224
1066
9599
9022
6160
2654
4236
6548
2474
3279
4580
1715
3253
6483
4200
5592
9147
8575
1456
2553
6556
2411
6208
9141
2765
6692
9244
8099
8009
794
5215
4981
7579
7535
238
3611
78
4082
3415
5816
3710
4221
7510
291
1103
3580
7731
5275
4585
3110
9195
9752
8034
5085
2995
8349
8509
214
8003
5752
676
4064
553
7554
9736
5926
6965
5726
4045
3522
4512
8594
6877
2457
4871
7154
7924
250
367
1820
9010
917
7386
6315
5236
7587
3221
8285
2334
7441
2311
9454
3316
5382
5338
1656
2724
273
9980
8902
4713
318
5245
9811
2038
2239
2254
9200
6585
2245
3118
2369
8517
5493
6100
753
330
4710
9670
2973
4156
7985
223
1057
5517
327
8274
7605
4361
3536
5736
6041
4747
4169
2548
2710
7776
9951
4342
6561
8527
830
4123
9443
6616
2078
9992
7586
1773
3329
7823
2804
352
9227
2522
106
6026
4527
3988
6965
8123
8865
4219
8324
4004
4205
159
569
7694
1001
2805
7145
5572
7481
6861
8301
1342
171
6820
7510
6744
2719
4696
7506
1497
4444
1869
9630
5814
9607
2489
1154
1515
3358
8716
6631
3218
555
8706
939
9404
9197
6705
3672
4226
1087
865
6795
4884
8535
8474
64
6074
7382
177
1628
2612
3450
4452
4430
3626
1639
1137
2544
6937
4322
8101
5450
176
8421
8296
2363
6020
8638
5395
3223
2489
7640
4934
7719
5698
2710
4500
8794
1680
2364
863
2519
5908
5725
4136
1874
4042
2089
9099
8065
5056
8032
1599
9300
8406
4650
3603
3611
160
8097
3918
9276
9158
2438
2845
3664
3130
5023
8126
8922
6494
1082
6402
803
6029
6055
9118
5186
8029
1261
4317
5311
676
992
6070
1646
8353
6808
1454
5408
432
7906
907
6247
5637
4780
1570
4376
4531
7092
4786
7506
6896
5643
8324
3359
7796
2663
1071
9235
6004
4246
2968
1138
1102
3692
5781
6311
1065
4750
921
4658
432
9338
8991
6533
242
5163
1984
6601
4880
4846
3148
6113
7646
9667
1388
8800
6453
7845
6798
8830
3385
9372
1429
2774
7014
6871
4681
1394
4372
4691
5905
1177
236
6497
7686
51
5009
4980
2081
6446
8901
6023
8637
5981
9316
3610
7409
5452
410
1108
2384
9508
8649
9147
738
1419
5835
274
1177
5688
1570
5785
224
6919
397
698
8803
6282
4996
8717
2684
4230
5683
191
9461
5686
8219
2587
1607
1831
6485
4797
9841
828
3891
3708
3560
8347
7600
3915
5410
7595
2598
9188
5205
7708
8438
7354
4348
8810
98
8649
5662
1836
5796
1248
5136
1309
8843
6693
1436
9623
7653
2239
6264
2158
7879
6770
3644
3513
3324
1833
9029
6540
7727
9636
9767
7462
7845
5360
6916
2360
9346
2041
4640
2567
919
2440
7515
9099
8784
3823
7927
9161
3285
8370
5478
969
1610
4070
7794
6657
5872
8355
7469
6890
3733
9519
3012
4923
9562
8980
2598
2345
7716
841
8212
3496
5946
3865
4306
643
6174
4999
9524
7405
1897
2875
2189
3624
6367
4317
323
902
3328
6852
4722
4366
2587
5445
9310
2888
5985
2229
6380
6905
5437
3880
5654
325
3618
2483
5107
529
9613
2191
8422
8419
6388
5820
8636
8673
4276
2637
23
8862
4865
1004
617
4965
2630
7323
5890
9934
7456
5756
40
1445
9798
1567
5139
4734
1633
4632
9921
6513
606
8635
9407
6351
1792
5788
3739
2639
1364
6523
9624
1248
9113
8555
593
6370
2258
9927
2928
4649
1258
6236
2553
5678
9451
3089
4446
4235
2270
1030
190
2186
8487
1662
1189
912
5515
512
4752
8311
3112
4280
7761
7963
5029
7577
7974
1870
6105
6972
6131
2359
3108
8247
2989
3168
1222
6106
4177
4527
4506
4288
2315
2138
7856
8015
245
5350
83
14
1409
5537
2516
5973
3430
1714
5266
5223
8746
6773
3720
7684
1828
4359
1152
8659
5912
3369
9415
8949
3467
4349
8635
8921
3686
9625
8510
1672
7154
6935
8386
2233
2582
4511
640
6873
2957
4111
2040
8996
8831
7326
753
5876
4558
9636
2458
3519
9283
6165
7618
5319
8199
2833
3391
3856
1202
6737
7870
4171
5437
9934
1418
1167
5422
1569
9674
3408
9459
4273
5503
502
3863
2126
2633
1517
7158
9105
2011
7432
4861
8912
3014
1480
1713
9360
5560
7443
2300
7061
5920
7430
2891
1089
8530
7503
7016
7474
8493
1607
4806
9927
4609
1710
1464
6041
754
4803
3347
2332
4209
5449
1100
5982
3181
5962
8025
5908
2106
4964
8480
847
2633
9071
5433
7597
163
1753
8538
8212
708
8045
4085
1019
486
3716
6018
6622
1151
2736
2821
6763
6853
7454
8550
799
5405
1752
7534
1911
4786
8642
1330
2677
7905
240
3431
7587
3102
9890
1892
8283
5229
3299
2562
5809
2300
8000
5948
3022
5690
8188
8832
9455
7644
5041
7762
382
8483
997
5238
1611
7272
152
1050
1627
3987
5929
548
3101
8213
1479
8871
6488
9317
7884
5147
9482
5632
184
3489
7409
5738
1479
8285
1305
3176
908
9682
2388
7029
2197
1449
3910
4767
5630
7481
3939
413
7803
5075
5569
693
318
2803
4222
4144
709
8352
5247
3338
6296
6966
8885
8357
4446
4320
3773
431
735
8556
4651
8286
9905
4998
4724
6127
3185
3626
8179
1438
9516
3771
3793
2807
7568
2701
6267
2845
21
4761
7941
8927
1527
5569
9902
4976
7017
1401
8117
774
7570
7329
7221
1424
6924
8959
1838
8477
2905
1679
2909
5964
4538
8205
4418
9141
7387
9916
4080
1081
6851
9986
135
2424
1490
6626
5173
2578
6284
2906
7118
6443
8718
5543
6911
9356
9000
8851
2258
4335
9370
1547
6853
9974
6473
3584
4917
4338
5070
7283
1587
90
964
2134
733
8741
5983
5381
3095
7379
8072
1210
9309
9549
5121
9743
4331
3036
2027
3358
2065
1225
6659
1879
1558
1464
1888
100
9066
3347
7678
778
3472
2247
9304
3770
6083
8546
5246
7269
9661
1012
1015
280
5704
3566
3244
6370
3436
8272
1738
7541
8770
3802
5861
3590
6566
7873
5627
6765
4924
4166
7177
3663
5966
9120
6943
6377
3570
1634
8721
2690
4876
9206
3126
756
9027
7326
9460
7169
3560
5031
5905
8547
6164
8467
5089
5884
7075
6016
8639
7747
5311
3085
6069
3136
144
2024
527
7321
7730
2793
6314
4284
1675
2971
869
7545
5439
1513
6937
7082
3963
9243
9034
3826
1675
488
1980
4783
4109
4516
8297
1210
787
2431
5531
9487
7709
5082
4222
9314
8847
175
2151
6711
7337
2275
734
9904
8767
7660
5019
4656
867
7110
9565
1844
6219
3619
8715
4151
7183
8735
1225
652
5129
814
6047
7742
9290
778
8166
2377
4057
6166
841
8920
7401
2229
3306
4028
7235
9637
1112
4937
7003
1915
9569
5290
6556
2218
9522
9217
9466
8203
8614
8741
3313
5867
542
1819
5228
8017
9412
8300
957
752
6235
8929
2086
1770
9840
8144
2687
7652
5071
4873
3644
3323
6943
6799
141
5868
689
2606
5450
6557
4048
3654
1986
9494
20
1172
8866
2678
5376
7610
3700
7391
2685
1098
5199
4838
1330
90
2322
4740
6081
1216
5153
9190
109
7153
2479
6496
3072
2859
1118
3963
3826
7917
2453
5611
1696
9947
2346
672
9786
9028
1605
1383
8805
5907
5561
4062
85
7411
2918
5762
2045
918
6023
9873
5212
6005
6979
7988
7106
5460
6603
2055
9785
9737
6150
394
9632
8631
4895
3502
1125
1438
258
734
3728
2226
914
6937
3799
9941
7562
8893
1469
4037
414
5033
5813
5084
7304
8316
315
6363
1363
1364
4618
6849
2621
5018
7870
8201
3618
6312
3585
8345
5116
9531
5871
2097
4344
4513
2122
4894
4879
9621
7841
9132
4198
2940
5094
3913
2231
4148
7321
8015
1838
1249
9703
2843
2
907
6071
6775
6789
8453
509
4840
7611
3808
4187
8007
3191
2567
5737
4451
759
7239
6525
1167
9496
2286
546
8016
2999
7975
2353
7884
1625
2330
5418
6013
7997
7474
7644
8762
9639
6532
340
7063
3753
9916
1934
2659
470
5293
7928
5848
2587
3841
4138
1911
1726
6485
1175
9640
3163
7726
4257
9482
4135
1419
3970
685
3354
2364
386
6514
2654
9973
5067
4165
5232
5391
2927
1254
8785
1480
8652
3964
5972
5814
437
2835
9136
483
7193
956
950
8888
4009
5892
7766
8952
4713
1061
7847
4205
9613
4476
2356
9071
1175
2773
3025
2326
302
6264
6743
3193
1115
6409
3972
7832
2707
519
4849
64
2217
9785
4111
9125
4721
5791
3567
8919
1972
7555
8754
7843
3796
5833
4606
5551
3090
3948
3496
3236
7774
4705
7873
6957
841
1111
8828
9353
2641
4544
1406
3659
7969
7798
7275
5397
4150
1979
5401
1299
5362
5632
1834
2094
2699
1666
383
5623
9126
2655
7001
9430
3398
7916
2043
7436
7245
6404
6187
3610
5728
7901
7802
6646
1469
1241
1803
3580
9713
2403
2617
6988
2616
7145
6806
9983
8006
2598
4083
5540
9936
9719
8993
1882
5826
3831
9371
3617
7707
3619
1835
9107
3136
9883
9032
8164
4736
4137
8140
584
5991
3679
5210
5233
4904
4170
5329
1491
6465
2945
4309
9651
9452
6293
3623
4593
3072
1758
6647
7489
4142
2165
923
3612
6097
1493
8126
417
6982
4007
668
8973
4742
7124
1489
3562
4655
5351
1477
8797
5515
7370
7159
965
8340
817
9846
470
3768
9651
6242
5228
2073
7126
9695
652
2794
3339
698
478
9310
79
5063
4085
7411
7274
8245
219
5878
4730
4722
4025
1426
28
2019
4198
9944
8485
20
9685
921
3888
7532
876
2203
9341
9719
8509
7742
6038
1980
4599
1916
4001
8146
3648
137
2916
3417
9089
6988
3091
5411
9485
9932
6221
9853
1340
8731
3205
1015
553
8181
1544
809
2524
4488
7996
4614
1707
3676
3114
6367
5017
3778
3055
235
9903
1265
610
1253
7138
6127
1794
2741
419
9365
6544
3996
9701
1242
2060
7815
2894
8592
5169
3697
992
4710
5710
9277
5016
5934
6397
9456
9260
4861
5870
4
4219
1358
713
9983
4338
8984
9116
5242
244
6289
3542
3443
2477
9539
2277
9618
3909
5859
61
70
1013
3547
6124
1616
9939
9342
3929
2588
1954
808
634
1829
4217
5699
5908
1979
6102
9118
9084
3755
8299
3639
851
8642
1801
7147
685
8444
6542
8101
4043
1467
4912
8147
3991
6773
3708
7599
360
9888
9127
143
5808
5648
3385
9311
2227
6426
8215
784
2820
6908
84
1350
4858
9781
4302
7510
5677
236
355
4117
9738
1008
8792
6199
7759
3857
780
5163
9847
7809
5023
3962
3336
9311
3200
4458
2578
4483
4264
4250
2372
9095
10
9497
8845
7585
9160
4930
1679
8464
4893
2142
9345
9811
1210
2506
4661
5169
6829
1634
1460
7167
1398
8137
4361
3434
7743
661
2768
6954
5573
3622
7056
959
6638
3926
9641
6602
8664
8020
6106
231
5556
1108
1910
5906
4361
8060
8306
7933
5240
8637
7077
7691
9338
8008
7440
8754
825
7202
30
4451
3630
7167
2293
2363
426
4391
6774
995
1267
5648
8830
4870
1968
4402
3110
5652
7762
1606
8761
8526
6106
9214
1786
5054
3555
5584
9248
5981
5599
8139
4050
60
5025
133
948
7876
3974
5187
4119
2837
7147
5386
4138
5056
8842
6130
7521
7654
4430
3726
5145
9200
7718
9698
6789
421
9203
9235
7802
8152
6683
9814
488
4508
8874
72
7163
4744
4764
8288
4051
2895
6258
4455
5200
402
9357
9872
3394
9180
9567
3400
712
7318
562
4108
4795
2489
1177
5897
8165
5484
4780
862
7008
3831
6758
4665
2701
3376
409
8976
4093
3929
8889
3176
1029
3567
1017
9945
9936
5071
1739
7087
442
7077
3813
1029
7928
2024
5924
5762
665
2730
3793
4721
1800
9533
5148
2040
5781
318
6395
3982
6068
6474
8722
915
5945
8860
4031
5160
7078
9166
6557
291
1128
3742
4329
2994
8123
8907
5749
9480
1605
9028
448
4641
4608
1262
343
3596
2416
3731
6324
2118
7748
7140
8386
4528
1535
3339
2173
5085
7757
8208
2862
1638
3962
368
8142
8375
26
1672
5621
7853
6473
258
6414
1196
253
1966
5897
9326
251
1374
4659
7410
7005
9397
7517
9314
1121
418
6157
8802
2686
8271
1405
9443
9626
7033
4457
5763
6399
9549
2480
4035
5664
3896
2915
2293
4661
5568
2551
5640
4901
1078
1969
4735
8462
6869
3311
2456
6718
5972
9503
6168
7633
3666
6028
789
5879
2566
2145
856
6014
7003
7044
8228
2681
6363
7859
5680
3386
7125
668
5684
8790
3725
2673
7957
2643
9122
3582
8972
8501
6935
6906
1577
3194
8364
7345
3094
7642
8775
8733
5842
4059
776
8113
4879
4858
2886
5449
3957
2635
5498
5162
2165
2486
8729
5284
559
7623
9960
2321
164
6764
2410
5110
213
7072
9907
8927
8183
9591
7173
1903
1281
5034
9427
9381
2377
6568
9842
8307
2086
2798
8517
2928
2674
8542
2014
5151
8778
3180
8210
7749
4559
6386
7268
6269
6818
8847
5828
5980
8867
1240
8212
3484
497
8155
5378
8737
5252
4936
9621
2091
7403
4467
646
2777
7504
7831
6488
9706
7242
7442
1018
2876
1363
3792
8252
3825
6946
7257
2564
6527
8005
4533
3006
5948
6456
5252
9445
74
8871
8052
7973
2615
2121
6967
3151
7869
9978
8388
5031
6207
7103
6040
9636
8556
6402
6417
2583
869
725
9967
6877
5092
86
3927
7565
1401
1154
1171
7890
7597
6635
5687
3864
5468
8346
9376
6763
637
9266
6743
5962
1983
6672
3759
7718
9045
576
4668
9061
1016
9118
5852
9761
8882
5295
8986
9516
3079
7500
6671
1955
2628
9676
2500
1830
8131
5587
4056
6849
227
5711
1763
1026
7175
4553
8687
2105
58
802
6389
1669
1771
2678
9767
2867
6463
6086
9463
7339
9341
3704
3831
9905
2914
9057
3758
6827
4602
761
2674
1071
2426
8649
986
5869
9987
5281
8864
6121
9323
3459
3818
5679
401
2815
9823
7415
8948
6259
2893
2092
167
158
3943
1568
4429
464
3542
1591
2507
705
4731
9560
2093
6733
9464
3018
4420
7452
1437
5361
9642
343
3060
6252
2300
5548
7164
5610
3678
2525
4676
1640
6146
8821
7917
5381
5688
1410
5465
6486
2726
7188
8582
7575
8092
753
1094
7359
526
4362
4304
5983
4442
7105
6039
9542
1861
7771
8242
4558
397
8584
670
7384
9976
5109
9181
7922
4549
926
5882
1858
1509
4419
4969
673
722
8963
2464
4113
7146
7138
270
5502
5837
4208
4968
6302
5845
6009
9592
2683
9943
1697
2275
3486
454
2272
9078
5960
7520
1762
9604
2892
5095
9055
3040
2374
1653
4895
9184
9319
7158
378
3696
6073
5183
363
9310
7987
9251
7681
5106
8643
5423
1752
4020
8605
8971
8284
4772
990
1566
5084
8111
6962
6833
2713
8876
4327
6351
7690
4728
2809
5216
280
9645
292
6130
8489
5241
5353
3682
4855
5813
2745
5898
2846
3657
119
8509
5228
9643
6277
8416
7670
265
3485
6798
6980
6518
8976
9015
4915
1768
3689
7999
5278
5541
9478
188
4147
7612
9568
8216
513
2147
861
2562
7347
4743
853
5131
1177
6191
6397
1370
1607
5522
6278
3915
922
1492
4726
7
7887
6018
8315
6956
9183
5310
4472
4774
6500
4411
5810
2776
7306
8730
845
7425
2476
1729
8315
1978
4582
1434
9274
4606
6490
9645
8407
572
1092
6832
3610
5781
9496
2566
774
3543
6807
6036
8922
3775
1750
3730
9371
3999
8820
1642
1449
4497
9372
7549
6416
5762
1154
4810
729
4982
4117
2918
9542
9745
4044
1610
1452
1320
4524
4714
5861
6975
2107
7113
5076
602
9091
3223
4262
3602
3327
8200
3738
3466
4667
3710
9704
5759
3254
8577
1511
6351
5690
857
5811
4613
1338
1956
537
5063
2470
5317
4558
4466
8816
1888
2074
3748
9155
2073
4318
9257
53
9231
5007
5879
4559
2873
88
5308
1770
714
6847
6360
1508
7427
2155
679
7054
4586
4773
6339
2875
619
2011
3974
3578
1819
6738
4843
4959
5452
6798
7953
7934
3847
5196
3830
1383
3951
6073
5797
510
319
8479
5762
3167
749
7178
388
7799
2830
7362
5298
3137
6593
8011
9445
1581
3121
6863
9211
5351
1485
8491
1872
6875
6724
5807
1132
2685
9686
4482
3166
3079
5512
9202
217
8254
1316
503
250
5217
5151
961
5341
8839
7778
9973
8559
4698
5920
7010
8929
959
713
4316
6752
1513
7873
1321
7009
2789
6745
4688
6894
2271
3834
9913
4605
7551
2708
2625
452
999
6178
351
8056
6570
8613
8410
2969
2112
5897
6792
8380
2640
8055
8433
2763
7471
4919
3110
2270
6878
8304
5341
1498
1948
5149
9143
9828
4725
4801
7264
6983
4395
225
7601
644
9246
7284
4916
1051
3460
8447
1671
2312
2421
7273
7837
7868
126
7872
5857
7992
7559
9138
3597
523
1427
7041
5105
2120
8527
9481
6221
6252
2221
7319
9737
5857
3934
2052
2642
3147
4463
5321
6245
6395
6954
7932
8469
3700
5861
6408
6470
6706
3939
3208
6849
3041
2366
2719
231
4849
7494
8859
6727
2206
1369
1726
8905
4422
2173
97
9278
9304
5061
3783
41
274
3457
4866
3816
3926
5830
9639
5501
6073
3194
3746
6951
2640
8147
1413
8215
2830
7141
5982
1299
5949
3818
2977
5039
9980
2796
8854
2526
9527
48
8257
5805
3132
8166
137
6015
5116
2215
8395
1058
5069
4644
5849
6950
8923
5762
1277
3552
9125
9658
8044
96
7863
4142
9390
1024
6514
7254
9852
8083
6514
2210
4477
293
1740
7279
7502
9458
118
6985
9990
5222
2666
6327
1561
311
1497
196
4790
3584
4354
6113
2105
5768
2225
9523
4097
368
8279
7436
5048
118
906
7955
6140
7563
1019
403
9373
6891
3919
3161
5506
2964
9013
4065
7466
2651
6472
1314
6654
3033
8501
1142
3296
811
4327
2258
3573
7361
2238
5994
5672
4250
9030
5448
4054
4766
7092
6506
6283
8025
2020
8568
9564
3562
9118
3043
4770
5962
5453
3243
4196
1048
5220
152
5539
7423
95
4768
8656
9746
2990
9163
3557
3027
3141
5252
7789
435
2844
2358
8844
633
1303
2101
2602
4516
9030
1878
1895
5343
7033
6261
267
745
8640
9016
4755
9853
8210
7111
8074
3882
205
2083
4983
3906
4169
3454
9828
5277
5977
3482
2215
4155
3401
2484
5647
7961
4520
9189
9562
8227
788
1176
8643
1248
2677
6270
4579
9261
4723
6989
4472
2412
8550
6623
7012
9727
6962
7306
2218
5467
9569
7601
3060
5805
565
9525
7593
9590
2263
2675
8383
6109
3774
6218
1929
2228
2833
7809
4574
1064
179
2260
2938
4430
128
1704
6325
1699
8030
3358
5718
8434
5127
585
9016
9169
4036
7881
4975
61
3520
684
8945
8776
9515
6415
1952
945
509
4087
939
4794
9231
5944
2025
8142
9404
6116
563
4870
5787
8092
1451
1155
8145
4895
652
5314
4913
3317
4246
8923
319
6282
4400
1037
9505
5486
2669
1792
9808
9815
9729
6451
2766
3738
7278
6038
640
3849
2163
6112
3301
1058
5054
947
6163
538
5935
6387
7521
1463
6551
1022
4137
3833
5555
1944
7194
220
5560
8331
6844
6153
2563
3357
2515
4022
7260
2553
7822
1906
4695
4597
3532
508
3330
8754
9321
8506
7189
1721
5281
9075
5003
5425
7081
8063
8454
6532
4487
7366
7537
7837
1548
5413
4836
1507
8181
369
2078
4239
7099
632
1701
4774
7079
1530
3396
4943
3415
6727
560
6438
9080
7797
4457
6832
5572
5641
4471
38
739
3011
1335
8340
1972
8253
6438
5425
7053
6557
4407
2424
1708
6534
8035
1851
2423
6684
4333
7590
5457
8514
7982
2552
8139
418
3789
9493
6521
9241
2897
4633
4246
4472
8421
8162
1101
3375
4960
518
6127
4077
3014
8382
9408
7600
3696
9770
8674
9138
1342
3276
1729
3509
1633
2574
3384
9632
667
3624
6019
4124
6027
8652
6240
4675
4387
7964
6152
9723
1409
7925
6723
2143
8788
1000
2414
1129
171
1690
811
8298
2384
373
8340
1131
905
5613
3310
9301
8828
4322
511
7204
6746
8319
7384
9042
6857
5280
390
1180
8425
1876
1608
201
3260
6941
9823
4045
9267
2960
7429
7950
7343
4841
4283
6525
1860
5983
2359
8209
7856
2984
482
8623
8622
1979
6766
4877
5882
1564
7427
3763
989
9544
4611
2940
9633
3313
2552
5724
4458
6602
982
6887
9664
8512
6992
9008
9201
4301
1778
6328
5454
1218
6636
5822
8489
6824
3392
3250
6844
1727
8033
5325
9636
3395
2744
7803
6304
2830
766
3316
4711
1285
528
2049
514
9887
398
3015
727
1099
3000
3572
2220
7265
8582
113
1536
8124
182
3380
5853
6181
9438
7747
6170
6046
824
4994
2891
1487
3809
9565
835
1811
6972
4157
5425
7423
5486
1549
4300
2918
3503
1062
8923
4909
6009
5755
8899
953
463
9521
7653
5378
7145
1640
1879
7618
8586
9988
8759
8715
2638
3135
4313
2083
812
5847
3449
5328
3350
2127
7308
919
5184
4883
6279
4900
2375
1520
7742
4418
6963
349
6015
6852
9231
3539
8242
5586
306
8543
4044
55
4754
1427
8638
595
2378
2302
8804
1846
754
5226
8626
1981
5230
2341
7225
8862
1080
4771
3850
8389
3305
843
6644
4758
3159
5600
145
7136
6921
4209
3178
2323
1633
5907
3158
8401
4585
4393
5029
55
8184
5232
3081
2310
9482
731
1696
5716
4159
8030
6715
2726
8003
6671
2574
1917
5079
7800
1596
4017
647
8335
917
1272
8657
9923
9408
9598
8170
4310
1632
1154
406
3887
8414
3536
8309
8587
3899
590
3451
8054
7125
9008
952
1076
2074
4353
1637
2633
3934
9894
2095
2584
863
1762
7548
9031
9948
4305
9436
3694
3240
252
9525
6236
4741
1324
4972
9450
2089
6241
4291
7404
7249
4763
2429
4261
9043
8337
4283
2307
6545
205
9896
3937
6492
424
1297
3817
9706
4139
503
4277
1249
4666
537
9074
6520
6472
6499
8121
844
6967
1686
8518
3230
194
4578
5270
5913
9926
6077
8440
72
4509
2815
2206
4678
827
1597
5216
9810
197
2043
1016
7979
4705
9391
1893
7009
8514
7049
9426
5841
5024
8997
287
267
7408
5414
6377
9050
7004
994
4261
2131
1343
4375
46
1720
1142
8775
2339
3928
3530
8533
7724
3317
6964
3542
330
5234
1829
3785
9473
1130
9542
9125
7121
208
2146
5308
9971
6654
3826
5733
9303
5523
5577
9970
5459
1865
4313
4223
2791
7108
8125
5991
5208
3874
115
5007
2115
5447
4240
5241
9413
8913
7942
8187
527
1633
8010
5989
7937
9157
8054
4022
6602
8943
8264
6490
6809
8336
717
5330
5496
7114
6382
2226
1903
4631
3198
5926
5516
9092
8117
2191
1699
1814
9850
1700
3175
2449
3195
2032
3542
2126
303
3423
2396
199
8993
4437
327
6854
3332
2911
6018
8261
7094
9580
7007
3091
6412
6615
288
9269
3985
1019
8844
7659
3514
3263
5478
4968
9710
4856
5822
1665
6178
4645
8319
1921
747
2544
126
1667
5407
1145
4384
7760
5923
172
6114
5930
4405
6122
1119
7692
6623
9589
4687
6749
4721
5739
4659
3504
5114
9216
6466
2310
819
3342
6101
9776
7254
4897
706
4073
621
0
5405
4549
8381
3642
9353
8147
2066
5288
3581
4157
3669
5612
8144
1635
8213
4936
6324
4456
6742
2199
9198
7433
5937
4428
4764
3178
2840
551
1969
3447
5756
168
1500
635
5308
7397
2016
4714
2817
2298
2571
8501
6725
7517
9476
9397
1601
5787
8534
8898
8433
4716
1665
2145
9361
8876
320
8504
4781
5650
6721
766
5857
495
8018
4929
848
9351
7700
4726
9401
742
3262
5069
4958
7817
9042
6415
1782
1036
8379
7665
9758
5498
9822
8688
7074
3031
7966
4805
8162
8045
691
4632
1902
7915
1058
9588
2931
3175
3938
8052
7177
171
4553
9672
1205
8985
8564
5646
3855
2414
1051
8941
7750
7589
4813
4345
7755
413
6785
2021
3224
4419
5034
9801
966
9881
7795
8848
6250
6036
332
4487
9906
9150
5009
9053
578
1813
4884
6400
2540
4325
1411
8351
1131
7341
2359
1835
9822
6024
6941
1689
5223
9897
1343
8207
8890
9292
9297
366
7740
8842
9194
5399
8048
820
1315
2852
1564
6291
6223
6616
6088
28
8068
1543
7041
5907
4641
2213
974
3155
9375
164
6779
172
9159
2485
5442
1933
5855
9054
4554
8991
8672
7881
9549
951
9220
8062
9630
4972
945
7634
2702
312
9947
9279
270
3237
4689
274
226
2695
8004
4322
2733
6122
5980
2001
1988
6400
4796
3420
4546
5608
8395
1402
3130
8499
6985
6000
3328
8837
8810
1475
9450
4688
5361
5022
4978
4569
3260
2448
2456
4934
4421
9783
7499
929
9772
1375
1653
6533
814
4407
9245
7294
7597
6959
4086
8666
1330
1763
2897
5672
4742
612
3684
5061
3587
5026
8934
9427
8227
7208
5444
3871
5086
1615
4917
9698
3979
1504
1993
6351
8785
6725
9339
2368
5760
8721
2568
8450
5881
6195
1367
932
5080
251
6954
1918
8935
921
237
3112
6465
7962
9414
4021
1028
7552
606
1575
5028
3091
157
7478
9096
2696
2645
1613
5747
8187
4380
4709
2120
350
8162
1112
6346
3099
1423
3006
7320
4802
6546
698
8229
8460
9070
9721
40
3708
6821
4371
2348
2669
551
9079
5461
8586
4597
3517
9432
833
4267
4712
2827
2452
5204
9615
6499
6646
8786
4516
5338
6819
6811
3526
4050
691
8146
6938
1379
2784
9804
1675
869
1129
5012
292
5247
3447
1218
2020
5841
5261
1708
9200
8031
7360
5517
5122
8696
2936
1683
4763
1832
5259
5500
8196
4107
5283
6439
7574
2960
4788
9636
2477
6041
4738
5465
5156
2295
454
4603
6759
1784
4851
9204
7938
3459
8531
4329
2461
7555
845
7617
369
1972
9141
9326
8065
123
4407
9354
6274
1055
240
2593
3284
1338
8673
9093
45
2244
740
891
5807
4989
1912
3073
7776
1478
2482
2678
5975
7909
856
5370
4944
3820
3301
6479
7237
9742
7172
9943
9732
2488
5895
5998
2744
8270
3041
6005
3600
350
9738
752
924
9738
4331
6739
3204
4546
5752
3511
5393
6073
2332
3918
267
7408
5976
8349
7059
3417
7531
3449
8496
9338
2944
5577
8760
8892
1407
9399
9158
1811
6015
2359
5294
5002
4726
6522
9407
1158
4369
294
4200
3595
3295
3847
9968
6306
8900
3763
5118
3795
4677
4343
1278
6131
7739
5310
8112
815
1819
8228
9688
4589
2615
6868
3777
5075
2092
9931
7824
4295
5807
8110
501
3525
2700
1270
5710
1697
9885
5704
6729
7600
5946
5869
1758
9536
4996
9784
8577
4715
330
2369
5219
4731
892
6401
5645
2709
5954
6454
4204
2368
3453
7264
396
9168
5207
4242
5872
8948
7910
546
8935
21
2216
2081
7893
568
3512
9048
3544
4341
7030
286
2773
4191
6849
4516
9832
4747
3019
848
9161
2667
3570
9389
3847
5345
8464
1677
6728
6682
713
9781
6997
1592
5809
2389
3721
9283
4380
5969
9137
9028
4565
9195
8796
1155
9978
9193
2676
263
6324
8933
1234
7311
4757
6046
3045
2157
2874
4764
6129
8352
4875
4246
3390
7581
889
8593
3668
1971
1698
6080
3834
8705
9166
7735
4092
2861
4595
8311
8164
1191
6885
5879
2440
1691
9915
9830
3282
1238
3875
881
9686
6312
8406
852
9297
9873
6365
4433
9356
860
5784
9936
585
1405
4173
1130
1249
921
3681
7621
673
5461
7851
7001
6333
5418
707
7971
6319
4522
6717
14
9451
8387
5841
1816
8605
1355
1287
7621
8912
6308
8888
7970
1428
3274
6062
8856
4578
9144
5217
1233
221
2638
1154
1047
8560
5772
4523
8441
6256
5497
3733
3671
5101
6952
5819
6383
4394
2799
2754
4389
8766
1503
3405
7844
4616
1082
2967
4806
2540
3859
1024
4588
202
2051
6656
5991
9918
3649
3943
8554
7900
2966
4115
6298
7614
495
1176
5059
7936
2252
6307
6526
7970
9662
2590
4300
4228
7233
5709
9959
2678
6736
8100
9941
7639
3431
3803
7323
1908
2007
8698
6073
7634
7310
6193
9196
5455
7699
1531
6342
189
6913
8832
920
4992
3721
3768
1521
2294
7273
1320
7544
9050
109
2457
4335
5921
45
5773
8840
4797
6815
134
2810
6788
9245
2209
6937
3257
4005
8375
5942
5786
7525
3962
1600
7034
8540
4046
7975
3409
9901
9069
703
2159
4799
5461
83
51
4332
6127
5938
8169
497
8176
732
7505
1079
5589
6280
3004
691
2657
8518
9535
5256
9976
4275
1828
5599
8532
3778
1858
9480
8985
2665
1387
433
2667
7746
4390
6035
7961
1400
3986
7885
789
562
1113
480
722
7586
7708
6442
4874
1902
5412
1085
199
3379
1953
190
1039
539
1231
1042
2886
9403
9924
8271
5161
1610
2901
2839
5556
3693
2142
4659
5943
2887
8994
6727
5234
8733
7594
1422
7658
3830
8052
7685
5902
1606
1632
1120
7307
3720
6542
7805
7900
4805
2203
6524
3394
7666
1891
3503
8524
7752
8519
8301
6072
1757
5951
9474
4765
1537
8783
3846
865
1167
6746
3809
1704
1955
6048
2906
709
7486
8851
1176
2496
8342
3826
8179
3521
4087
5258
3495
8464
8275
5547
1538
5041
790
6080
11
243
663
4471
9054
9160
1639
1934
1176
3472
2273
3142
473
467
2060
2380
3265
5005
5228
4002
1321
6240
4209
2234
3131
8112
5514
5259
8291
7608
1777
1134
5022
7657
5041
8611
1080
2107
8060
4200
3855
8721
2290
7925
6349
2364
3575
4135
1893
4645
9091
474
1954
8130
2006
7627
8204
2987
3567
4845
2120
1386
5782
1400
2841
338
1788
2096
6728
6758
5062
5766
148
9513
3165
9283
366
1959
6430
6023
8103
5051
7135
6955
9324
5486
73
4570
3121
5544
1163
4714
7177
1305
6750
9062
2220
3730
2615
1438
2141
2738
8321
4483
6976
7860
9525
9284
1853
295
8140
9472
6167
297
7811
3055
3740
661
101
9760
6539
1827
4961
9044
1645
6577
7608
4071
3583
2666
2751
9953
1877
9836
6285
332
6765
3623
4007
4984
4338
2118
6694
2550
6101
3419
979
6714
6899
900
5855
1207
9498
615
5337
8846
3693
158
8867
2517
2785
1145
2354
1442
478
8088
4409
4411
6829
4912
4297
2736
2741
6584
403
9585
8667
7446
575
9137
4707
9681
8655
8472
6058
5074
4673
7515
9919
710
9730
7495
7377
4606
430
6368
6542
373
1873
434
1256
988
2674
4991
3073
478
260
3282
2891
8922
9778
2221
2600
552
5355
5419
6431
6909
8154
8888
6297
7066
1690
2475
5361
4705
1247
546
9299
7493
822
8722
5291
7662
8049
9611
4634
3921
4787
9344
6067
3933
8674
8489
3367
3467
8819
5451
2616
3012
7051
7802
1626
5191
4639
7174
6451
6587
3253
6316
7680
5763
8085
2699
2223
5194
504
1674
4711
8587
7394
3591
6269
6630
4425
3522
7473
3625
900
9261
6539
4613
4522
3149
3478
7645
5467
5919
5834
8666
488
6231
1888
7102
9409
7885
2769
8698
8340
7776
5770
8413
6228
1579
7363
256
3932
888
5881
2812
7920
5070
678
8932
3892
3436
6642
5546
9167
8524
428
4897
6506
9236
7476
1619
6185
3393
6957
1037
7610
2845
5162
2816
6531
718
6509
671
9004
9579
5374
3231
8648
1379
1207
3328
9453
4837
4074
3035
2441
3651
7644
9552
786
9348
1913
2699
4678
5917
8513
8227
4164
9442
7310
2400
5489
4892
4182
2380
4020
3936
6377
3845
4775
2203
3627
1948
9750
1751
345
4237
9800
4685
6644
4497
7652
6842
3661
4593
7754
6233
1746
7337
8190
9569
8416
7174
9588
1579
6672
7052
6100
6086
3280
9217
3901
4825
900
4882
3374
9861
7585
2721
2170
8102
2099
8964
7683
1929
3743
2506
9112
8190
931
6887
1256
8978
3653
7263
4469
1469
1099
4553
7766
869
7260
840
5004
34
4084
9808
7252
1688
3931
3471
7992
4336
455
1831
1637
938
9819
5183
6
203
2193
9752
5847
3975
6860
6121
7278
584
2921
6466
2111
3275
1601
985
6424
4870
5470
6144
7440
4649
4479
7338
6830
1150
8686
6395
6860
5001
2756
1
8481
9250
7896
8558
7410
728
2748
6243
1521
4895
5943
2118
466
8371
9521
9028
6340
7869
4214
1703
2411
1615
4724
8015
5473
9506
5557
7644
6206
1229
5702
550
1096
7362
3523
3587
8893
7071
1586
7378
4418
7444
4831
7107
2563
3735
4492
298
5749
6810
4473
1835
8848
3963
6512
1488
6535
1929
5383
2041
9454
6399
5656
6728
7155
623
7064
3174
7786
6815
6408
7245
6758
7962
115
4325
9202
4387
3058
7409
3945
8954
6041
1084
9934
7137
6487
8008
9566
3385
4289
9789
7218
3132
7543
7325
5435
658
899
6610
5664
6552
2704
4741
5248
4987
5705
7483
7419
221
166
4098
6495
3789
7482
7338
6146
8704
7036
6550
4646
4641
8972
9614
7370
8577
783
5112
3414
8632
6185
9540
227
4962
620
5657
7371
485
8897
7141
8150
5934
6980
1566
5721
8279
1763
8475
8540
8908
9739
1774
8498
8140
7956
6040
3951
5592
8366
4429
9001
1741
9736
1863
9838
4619
9657
893
8738
6969
2884
9228
6397
3465
1208
7314
3676
4602
4394
1517
4549
3731
1313
3493
3084
6369
5354
9158
8592
6423
8424
1270
4764
2209
3413
8137
569
6299
5862
7163
2940
7115
1766
6069
3895
6916
9924
6480
7622
399
4059
4279
6269
445
2064
8632
6714
2726
7131
6908
4423
8890
8302
5877
4656
8777
6007
475
5738
5787
1532
218
3903
5886
8060
9912
4276
9993
4887
5678
8012
1514
5751
9523
1251
5671
6828
5691
7643
4892
9858
9853
2495
5066
1131
7822
3247
703
7622
3944
7954
3179
7409
550
742
5148
2709
8952
740
5932
366
9335
8966
7241
6406
1600
5794
5936
8425
1710
184
697
1976
8451
696
2460
4899
3598
7450
4255
6563
4472
3654
4697
7374
1611
5114
790
7591
5857
6213
9934
3464
8533
1248
8068
3043
5609
734
730
3600
1731
3301
6493
7554
2836
5162
7697
4026
6706
753
1701
8716
9241
145
6987
5650
523
1071
2341
530
8792
6022
4094
6935
2340
7749
5918
3391
9045
9736
8060
1475
760
1722
8020
2549
5088
4197
2700
3433
243
9943
2807
9440
9593
5147
3932
6494
1293
7414
5095
2806
4948
3054
4834
4511
1652
1461
6899
9028
5946
86
2510
4495
8230
9536
3777
3567
4011
4690
3372
5119
1990
4336
8831
7943
6427
8833
5955
6399
522
2546
4724
9166
6561
5425
2836
8723
5532
5958
6543
1019
3547
5977
5794
1873
4966
6297
888
9120
2409
1026
781
7226
1998
7510
9016
4174
8102
8369
1827
8788
5622
1826
4398
329
9445
6646
5470
1222
45
8374
7550
8042
1429
4308
9816
5540
2644
5633
3477
3389
6859
6506
4834
5619
2682
1524
9582
8206
833
4955
2973
1211
5526
7423
4408
8000
4012
8289
1728
5601
9597
4881
38
7033
3169
2968
2226
8590
5759
6342
3530
2481
9989
7265
466
7952
1399
3657
5227
2116
1597
3369
281
5044
3905
669
4282
2380
8798
5151
9656
2721
773
8668
4279
6311
493
1632
4474
6232
6083
6002
4272
3192
5251
8682
6317
246
5547
5629
3112
4377
3530
4003
3405
7686
4874
6911
7404
2173
6492
2923
6286
8528
8676
421
5950
1220
9921
5047
2369
9230
9631
7070
6028
4261
4200
4300
5916
5956
142
5335
9364
6737
3827
7410
2573
7257
1212
2867
8136
7096
2456
8356
64
4380
5762
1297
3873
2261
1925
8828
9137
9856
6122
5488
4598
138
6265
7241
1363
7545
7915
1066
8063
3608
4146
1340
2895
9792
5070
6480
1433
2893
5755
1923
5788
9865
3181
8408
262
5727
2573
7746
974
335
943
1786
2124
7236
1027
4124
9508
559
1895
8247
2741
3948
3503
282
1169
8942
1188
9266
4965
8839
2680
2989
2032
8128
4614
2796
3464
6837
7680
6521
5105
3792
9613
4684
458
2696
2994
1476
636
195
498
8659
372
5647
3677
7507
5187
8169
2603
1176
3736
7753
2775
7476
1085
3688
2608
9913
3206
5373
9462
3109
340
7701
4743
7198
7036
5643
8875
4655
9644
378
5114
2168
7871
2410
7109
9608
5541
5445
8865
7943
7202
8509
7360
8029
1377
2766
7419
2599
8337
3810
5685
4500
132
9830
5501
5241
3239
948
7358
9259
9729
5327
197
957
1083
3144
7299
3541
9931
447
6751
936
8891
1041
558
6680
2413
6100
8345
6559
7075
7959
1313
5002
8129
6691
9574
8730
5270
5490
1383
5047
8564
3633
5851
6251
6283
3844
1714
6165
9972
4256
3476
9518
8520
3858
2820
17
2205
4276
7569
8346
9746
92
2660
7035
6238
4484
7631
5186
7519
6910
2919
2353
6983
4830
2919
7546
4163
1971
7180
6284
500
1555
2403
5895
6620
4051
6953
6851
7205
5543
6492
5834
4034
4585
4043
4423
5176
2546
287
5837
8433
4874
240
1002
160
8463
571
4341
6333
3347
7789
9190
1376
5323
1263
2471
1647
9802
6638
8375
4731
6138
4572
1200
2723
6047
6927
8183
7528
9300
7565
4227
8885
4835
7696
1727
1293
5668
6390
362
4310
1529
5294
3699
1799
4036
2863
1702
9607
5397
7466
839
7905
3111
664
6402
3938
9959
1580
4818
3305
698
858
7314
3044
4288
7993
83
7786
3237
8961
292
1016
9703
2015
1697
7106
1362
8297
8449
6174
8733
454
710
3082
9640
6858
1156
3894
5804
1222
7106
7997
1173
7393
9074
1742
1534
6969
2867
9926
194
2961
9001
4769
5062
6233
178
8082
8358
2666
4832
1308
1327
8075
2340
9781
2863
4814
3418
2137
2709
8673
7394
3137
7083
7195
6609
8346
6937
864
7028
2073
6866
6743
3273
5778
5695
97
5787
2766
8169
3284
7583
6374
831
2783
8132
3117
4190
4601
2358
9289
7571
5507
3383
9348
2658
2546
8745
7126
6684
6100
1088
6332
6456
2428
6034
5141
9971
19
1858
760
3226
394
7899
3763
6033
8037
1207
8735
2134
6036
3840
7292
5700
3702
6427
1907
8452
9953
7138
4122
9046
1557
9057
8741
9115
8490
3084
6331
8421
9578
7960
28
4938
380
3797
9008
4377
1828
566
236
7629
2521
8405
2155
3946
9787
2319
8799
2282
4606
9879
517
3139
3342
6848
7952
8515
4842
2320
9199
8125
4917
1931
6214
5897
1481
4966
5408
1965
2704
8762
9117
1850
7382
1741
9192
6340
1495
4581
1273
2685
7345
7596
8504
179
2074
1193
6410
919
432
5469
6461
9598
2647
4428
4440
4567
2004
123
1142
6068
8293
2062
7193
6543
2706
7669
771
2227
6915
259
6901
4857
4122
2055
9654
7248
2652
1060
4037
6757
3320
2315
2699
6174
246
5959
3613
2490
1033
6862
8891
141
6335
3113
1537
6839
678
3618
6557
6900
6139
8213
5132
9104
7960
7268
5786
3547
6530
1568
4414
4692
3275
7427
5847
5886
8958
6431
3238
3974
1648
4012
7956
1325
8197
6110
1908
6579
7419
8605
6256
4733
5412
9905
5349
1791
3420
3094
2340
9163
6500
404
3459
8202
6858
9388
1192
5860
9195
7186
2719
8299
6635
6489
8880
463
4909
4461
680
6140
9328
3712
4859
4819
3789
2692
7428
8784
3565
1344
4239
6321
3959
6737
613
4641
5011
2525
7866
9192
8437
5544
3165
4408
6695
2648
561
4608
5682
952
5280
2753
1913
5066
385
9104
2275
5620
4792
1403
9419
4382
4264
3152
8689
2638
2520
6820
3145
1133
7838
4334
1631
1846
1702
8108
1165
4139
9879
2029
8936
415
3114
3324
1133
9315
4129
3022
5486
7709
9968
4865
1930
6231
3921
9945
1132
6991
9206
7076
3728
6210
7412
6983
4096
8993
8275
1763
1224
8259
3807
9728
5828
4892
9002
9763
7239
1611
3401
8626
5790
8748
2647
9234
6437
6174
6808
7914
7162
1914
2766
3843
1374
4679
1217
4462
6917
4484
4957
6498
5609
2805
4038
3443
6271
1304
5106
6798
1103
6083
6774
229
9966
2587
234
2867
9629
4863
4488
450
5366
1671
8541
728
427
1122
8705
2605
4849
4965
7753
6890
8828
3429
4097
161
7467
1614
3367
2304
3065
8821
1826
2534
8347
2924
912
8360
9009
2913
4858
6888
6814
4089
8803
8077
5055
2005
3141
5144
6718
3262
909
8167
1872
3491
8967
3128
4926
5493
433
122
4266
3350
5385
1271
6474
1598
9194
999
4860
2017
3013
8763
7338
4477
8933
7055
1831
2408
3103
5589
8318
7925
3720
5907
5426
6413
7202
9358
5995
5488
5089
5381
486
8612
6274
6330
9247
9383
3980
9704
4701
8538
4622
8569
2307
2037
6105
6212
4827
5253
6469
1619
7817
5271
9833
8234
5586
530
5549
9642
5881
4688
8195
2321
8483
9441
553
7399
7575
9274
9116
477
256
9623
1791
1022
3900
8783
469
559
3198
3032
6918
1964
3652
3923
9054
516
2071
6448
6068
1059
6180
6887
5109
4617
4832
9544
9265
2094
7523
2280
6448
2349
6914
1799
1438
6817
884
959
8829
3139
1273
2037
2918
5788
4931
1850
1659
2560
8932
6891
5750
1986
5900
9255
627
8197
7261
6980
8679
6599
1968
5716
1380
5830
5695
2080
6156
8890
887
2951
827
9099
1137
9088
9225
4575
4334
5909
5195
8312
7770
9064
8636
9606
4983
7498
6409
6568
8490
2137
3036
8795
4745
3994
930
3851
7707
1568
7587
1174
5176
3703
7626
2261
7728
759
874
6514
3515
3890
3791
8053
3444
9496
435
9919
338
3530
913
8639
2565
8210
9789
3902
7299
1913
4289
5216
1115
1561
2291
9864
5930
5638
3086
4197
6416
5113
9675
3387
998
9048
9961
3097
2288
1400
5646
253
4361
5635
1826
9039
3705
4182
7353
2606
7835
448
5873
548
601
2153
110
7172
6019
6068
7454
5802
3096
5921
3207
9946
2582
7154
8915
2987
2824
4527
7176
4270
5962
1133
996
942
7629
299
5345
1699
2969
5047
885
735
9327
3336
5043
7589
1274
1114
3538
1360
6775
9400
6310
5806
4239
6028
5362
5193
8969
7514
8458
9481
4088
1549
1864
1389
5402
6052
7327
7213
1879
6416
3367
7879
3397
8608
8612
6646
5266
2121
5392
5125
4659
3434
5083
9824
7513
7585
2816
7310
5757
2744
8070
7251
3753
277
9393
9112
9769
655
6056
53
2954
3813
6759
8741
8823
1074
5734
2171
6582
4573
9500
385
9742
9310
3374
6986
7425
2374
5407
1752
7542
3695
6856
5311
4560
2745
2505
4852
3995
6019
1221
4133
2944
839
6956
690
985
2049
3084
8050
8598
9510
8451
1040
892
5937
1776
7793
2868
6619
2185
2956
8720
4796
7546
2768
1727
9085
9006
4184
3199
2238
9693
7011
8611
3726
7862
151
6595
2164
9973
488
1756
7443
7129
5673
5442
6584
9122
143
9512
1762
3925
7071
6935
3778
6869
7613
9613
9292
3024
2841
8197
5562
8267
3022
881
2134
9453
3551
8159
4965
1709
6767
8338
4773
1386
4120
4275
8102
6479
3719
5201
6500
2436
4162
8797
6531
181
6735
7744
898
4934
4533
1837
8875
8903
8915
1493
2436
8323
765
941
3022
5471
6506
9743
2703
9232
6545
9412
2657
3641
6869
7854
1331
2367
2904
8091
4454
8577
8423
9335
9134
3798
1269
7837
4680
6475
1987
2149
3512
752
1066
2427
6528
8675
5422
6261
8656
4510
5011
4103
1954
8121
5996
5869
5590
5515
7778
6492
4311
8513
7385
2320
9593
2288
6183
2124
569
9015
717
6163
5039
8254
1570
4285
4406
9849
1587
9350
191
3080
7552
5411
3969
6651
7440
1018
6994
7628
8773
6776
584
3926
2250
2874
3404
4124
8853
6670
7208
451
7902
2617
8284
5640
8186
6828
7909
1993
4193
6409
1419
1504
4746
9303
2176
9173
1864
3851
3682
7717
3578
8536
325
851
5585
1440
4890
4001
3125
5832
8812
5860
6291
3003
9392
1570
9059
5980
6728
8455
4805
8057
1918
8221
8786
8235
7277
5330
1136
1593
8753
9855
2283
6393
511
