1745
3947
6292
9371
185
5569
5999
4657
4915
9156
5175
5506
8885
8033
1245
2860
602
7789
5490
9150
5171
4067
7587
1871
5064
869
5797
1995
2938
3731
3004
9000
9023
4582
9107
3172
8526
2837
8412
4968
350
336
6618
689
6972
6096
5753
3491
6788
545
6970
8858
4422
7889
536
4043
1572
9560
9496
1722
793
1337
8546
9092
7292
1649
2446
5038
9297
8802
8948
9582
5843
456
9657
1844
1914
9520
8514
4977
4827
6838
1643
9164
2428
2505
4206
6630
3253
4502
9598
5868
1131
5396
3829
5775
1885
5357
3260
4250
7775
2413
6991
9946
6085
8988
6148
345
1902
7082
1092
4081
1518
3176
4110
534
2129
7902
9570
5132
5552
4867
5696
4472
8507
7597
2132
1450
9721
3517
5302
6876
4543
9149
9186
737
1087
1212
2583
3219
7998
4244
5221
2866
2867
6487
4095
6867
2050
2316
8344
6338
7166
1265
5657
7688
939
849
5702
9686
5174
2804
6403
4685
6676
89
7029
1597
2672
5099
7993
7692
5937
7850
1028
6059
1210
6630
4978
5658
8734
2563
1825
1298
7794
3874
4775
1572
2960
5234
5220
3826
8443
2508
8246
6566
1418
3485
6954
1355
3471
697
4344
8227
440
3329
7736
895
4827
1397
4814
665
1675
6849
2230
803
8372
3081
7414
6379
1176
6449
1757
8090
6422
804
8641
2440
2370
8834
2921
4760
8416
2013
9441
6064
2015
4386
6884
9479
65
4031
9865
7079
747
102
6533
3366
3828
2613
1167
7348
2326
6757
1246
1179
6067
3506
6304
9681
8165
3448
1501
1706
8737
1402
2324
1267
6266
5202
8035
3634
5957
3231
617
9184
6139
1791
2801
5697
8316
5172
3500
7999
3832
8432
1437
2376
265
5325
8127
2026
3654
1531
9469
8963
8451
6449
1174
7258
5700
5132
6993
2256
1338
5665
312
526
783
6246
9038
5683
2965
569
908
5918
6861
9709
1364
153
6205
3636
8958
997
3583
5747
3890
4407
3362
9351
3711
7861
4034
5901
6513
1166
4468
977
5973
6581
5288
5483
4516
7867
6125
6364
559
1053
1880
3228
3305
3272
6247
4731
3873
9814
8782
1296
4702
3744
2549
8810
91
6845
2998
1301
9515
5468
5149
9296
1925
9917
5372
4527
3615
1426
6108
994
4450
6502
6713
6982
7251
4390
1289
2580
2955
9810
4840
2480
9813
9740
2367
4408
8311
9961
1648
9390
4796
4399
9343
1251
5825
7861
1792
9230
2164
652
6431
9410
6054
1806
7096
7767
7860
6160
6640
96
8565
9350
3290
1785
2681
3954
2934
3501
2109
9485
8167
7188
5245
8682
6296
475
7183
2668
2776
6599
6274
7924
3564
1214
9471
8737
9736
7126
3928
9840
384
2886
5122
5243
5287
1443
2407
959
7131
596
1362
1260
4173
7872
8554
381
8150
8618
8394
4185
8955
7614
3680
9193
7172
1293
1079
9593
7866
9798
346
6390
4254
5519
1374
6664
7797
7511
6318
5078
2094
9240
4987
4236
1529
479
430
5254
2068
2855
8256
5015
796
2551
7577
1958
2858
2950
3687
7986
9303
4664
2568
80
6998
280
5176
1563
2271
6442
5061
9606
3205
6404
6344
2510
1644
2098
312
7608
4852
5898
7999
8185
8531
8806
2958
5746
7411
3545
3179
2135
7002
8196
3569
4590
248
8434
766
5587
5828
4154
185
8544
593
9368
1131
9871
7284
2570
9579
7650
59
8502
9811
7315
4590
1215
5451
5086
6546
2623
7670
655
2116
403
3310
1618
6893
3981
8537
3491
4943
7608
4233
822
8122
5104
7790
6833
6879
1684
2265
1342
7624
4481
7862
9277
8532
4878
2660
4993
5149
2554
9154
850
9550
3280
703
1979
1945
9922
7319
3059
1619
8874
3327
7033
4887
2163
406
185
1324
8874
8273
2755
5976
8210
1831
9367
4478
482
8000
8945
24
1668
7654
9502
6021
1750
8070
9212
5905
7012
9144
1515
2077
1709
2258
8658
9210
5059
4105
5028
3293
5420
9088
8921
6661
4640
2928
8969
1043
2120
7033
9359
5134
9884
7874
6164
609
7119
8108
5681
640
5026
6533
4444
7931
624
2074
9797
5132
1154
2955
9315
9040
9138
5985
7186
1458
1808
2423
5722
3765
7615
6314
571
9345
6851
8350
8950
7821
3018
3354
1179
7747
6514
2263
7203
9877
2461
165
1393
1407
40
370
892
2710
1585
750
5068
1996
5844
2671
6181
37
1344
4718
4317
6674
2579
3096
2826
3139
3851
8143
4034
9421
3062
1644
8842
3866
461
2855
7965
2997
5430
2006
7043
3142
7751
8885
2605
1880
8481
635
993
6542
9559
7286
7708
9028
576
5760
402
1084
5744
3073
4710
1828
4054
7300
8516
9794
841
487
6838
5068
9536
1162
6526
3176
8259
5326
7211
1305
7067
3912
2551
9182
8207
1562
3710
1453
3482
6271
5220
5772
9991
1972
1909
971
7930
6435
4402
2676
1861
5012
9864
9481
9958
6685
4117
1464
4059
2654
1030
4175
7073
9261
5170
5509
3255
6425
4121
9874
1201
9988
7549
3963
9002
1352
1180
1063
5945
616
5117
6334
5400
74
7657
3786
9066
3362
7650
6770
3632
1810
788
7726
7105
3626
7749
9658
3513
3434
5053
1341
1543
9357
2675
629
4747
2383
6015
5390
8429
8047
3633
9575
1029
3606
6321
2719
5888
4830
7558
4782
2679
5302
148
4640
6409
7662
8935
9779
5953
663
4907
6773
3349
8052
1689
7001
9709
5345
1461
9686
3551
8340
3690
4874
2577
2906
6674
2194
492
8969
8915
7416
6323
2926
4564
7669
4885
1760
4793
7967
3534
9036
4854
6205
2134
7635
4781
1131
327
6598
217
8000
8570
9796
8718
9555
7213
2236
5984
5799
873
5806
5976
4625
3806
9972
8631
6750
5598
4572
8968
2695
5523
1172
1812
6524
8219
6698
7031
947
2944
8044
1238
1064
3605
9176
3246
9473
7008
2904
2189
3788
2334
7912
9218
8700
5686
7942
5943
8627
9781
4040
5356
3747
317
2715
3924
1723
7364
2519
6699
9810
2257
9086
844
7162
7885
3982
6826
5195
3016
5851
631
4575
9376
3309
4881
1085
3533
7760
1443
8970
4353
916
3264
9644
767
6177
8539
5640
3903
5210
6015
4569
2260
1097
6317
5504
8518
7223
440
684
1841
6743
3285
8732
79
863
7010
1676
2128
5484
6278
6992
1923
4789
5083
7583
1999
7274
2687
7200
6383
4369
4475
6121
9694
4375
2007
2088
1742
4702
5424
4477
4710
3558
484
5476
2987
8190
1994
634
4158
522
5155
2571
3301
2616
6447
5863
1735
3764
6062
8165
5694
8226
4623
2466
9992
7615
7937
8074
6693
4781
4879
3369
9048
6668
5149
1672
6494
2050
5610
2685
7416
6343
6189
5865
2510
9737
8902
8821
3119
6787
6495
3373
5706
5302
351
4260
5731
9864
906
652
1658
664
7590
8595
2545
1437
9519
3320
730
1256
2562
3932
4498
3690
3260
9437
4293
3409
5076
4260
34
4699
7938
3486
6401
8549
7686
2879
7574
4989
8089
6409
2839
5168
4441
4509
9736
3301
4376
9552
1942
2067
8522
1161
4996
6294
866
2869
4124
8830
6336
3381
4930
9412
940
230
9514
2008
8080
968
7719
8637
3145
7202
5610
7998
7327
9769
1065
5357
779
9127
9381
6093
4670
3644
201
9084
1479
9883
720
7660
2964
3218
9142
5233
5623
4144
6661
9956
4204
5505
5848
7699
4820
8524
8279
5528
580
1016
4463
8455
4288
9423
4688
690
4739
7449
298
8904
5394
7960
1045
9050
6815
1566
5714
201
7166
4820
9976
8558
8236
3351
7572
2273
8048
375
8347
3070
4873
9057
9417
3782
1691
7932
3777
1869
4552
2247
4062
7723
3083
462
7825
3167
6489
4415
4721
9922
3779
3650
5249
17
2655
9310
5380
128
7554
630
1268
9650
3644
7547
3546
7951
241
6256
1220
9688
4065
615
1055
8348
52
1245
9556
7220
4991
5879
1090
3912
7182
9066
7556
9223
3527
6687
2084
3664
3962
909
1706
5290
2012
4170
1669
588
9373
6597
7131
6155
1906
9847
6329
2638
4194
1783
3013
3983
9903
631
4926
4433
5589
4290
9396
2904
6305
341
6770
9377
2396
4945
7300
775
8187
4319
7379
4424
4942
756
6553
5633
2419
6258
7613
2217
5639
786
8262
2822
6047
8832
4330
7827
9176
7574
1327
1278
4109
2243
3241
9820
3581
9453
4920
9933
7393
7281
7117
7875
5946
1623
1341
7732
5203
1991
5021
1685
9109
6320
6167
3221
650
3564
724
8360
8070
4947
5097
2201
8525
9536
966
8070
7451
7503
9426
4409
8278
4916
6740
140
3759
7173
4548
2717
7153
4325
3242
4334
8774
421
8401
806
1012
760
6671
4557
2823
5454
9283
7820
2895
5085
8530
4687
9249
4383
4933
943
1836
2839
599
8778
3854
6961
7307
9404
7002
7478
6240
358
5603
6223
9957
5872
4673
1639
6200
8038
7388
8906
7423
3722
8103
541
9576
7177
8134
5973
8563
1139
2817
4104
3106
9806
36
1114
8220
5562
2363
6919
4451
7567
7218
7570
4155
4406
2074
7635
7625
4860
4602
6122
8653
582
872
1890
1256
1956
8279
9611
6713
3749
3647
5382
2809
280
1168
1828
5239
812
9265
6171
4479
4600
247
1138
155
1615
1730
7826
8873
9351
4163
1672
839
8318
4553
7518
5178
8816
2482
7465
3807
9442
844
5646
8965
3385
401
7359
53
2031
4200
6117
1298
6638
5181
1051
2964
7948
7890
8874
5297
452
3107
9122
6213
2740
2412
8761
851
7881
8262
2400
3562
8080
3932
7349
610
6025
6903
8519
4973
1248
8661
6811
2941
3617
3721
6008
5947
7627
707
7447
8
548
8788
8778
9508
4696
3430
2963
1637
9074
6468
6348
2745
8498
6858
110
8131
8907
84
7670
2313
6046
6185
1780
7705
939
8637
8892
5836
9666
8900
5157
6690
6817
4358
7930
8595
1729
583
9035
3191
4082
2379
1176
7431
773
1907
6892
7342
9131
6329
216
6281
2463
1890
4831
3845
2689
6121
8897
244
1400
4926
5990
4928
5055
6741
3599
7613
2224
1642
5511
4414
815
9311
2058
1769
1004
6121
2685
6053
5278
8224
8602
7358
393
4521
9362
1771
7343
637
6143
7666
4512
2640
6236
8025
6023
7117
7775
2607
2057
2461
1102
901
369
4718
3340
9233
8587
211
5689
3141
5000
6285
8803
9186
1483
986
163
8745
5985
2278
8795
9997
3553
7464
6923
3327
4284
3895
5166
9661
3749
2765
7756
882
6492
8794
6913
6389
5987
9977
992
127
5101
3186
9322
7952
9539
3402
7729
6079
3016
6618
2687
7538
6972
9053
8748
5046
9535
8197
3442
5537
8113
4445
6212
3676
7544
5580
3080
9152
1018
220
6757
5245
4134
489
2680
4272
3422
8632
5058
8835
9371
7065
3434
6508
640
6459
9506
9582
451
1832
5978
802
8406
2349
4059
634
962
6567
3925
1544
1613
1161
2897
14
7481
7872
9415
7578
2447
330
6967
8017
8230
9718
1056
9049
3876
5802
4027
3341
1022
7776
7096
5472
6982
7570
6290
8589
222
6798
9185
6957
3107
7357
2263
8311
4946
4854
4572
2999
4290
3477
1891
5270
3228
715
7097
5742
7969
429
6603
3065
9386
3153
9812
7137
4435
3239
8362
5799
4299
3470
4614
1912
8004
9114
4323
7945
839
5031
6700
750
5381
1427
6196
81
9175
6091
4241
612
7208
3585
5920
8647
9175
4710
6082
1606
1259
2816
1748
401
9637
7044
2856
2317
8258
6407
1340
4727
6570
2797
9345
8012
3810
5443
980
9472
5262
4128
8435
8640
2407
3578
2494
8458
3345
6796
9540
6033
1989
880
1999
1352
4603
4840
6816
2229
46
5293
7062
9042
5728
2577
5042
3324
4725
6743
1383
197
775
213
3505
5774
6926
1443
8595
7167
519
1843
747
4557
1859
6422
9296
1880
6458
7146
5522
5112
1045
6829
7895
4922
1678
554
1814
3459
8232
1039
8393
3444
3313
4188
8277
1434
5201
1112
688
6062
3822
3342
4936
6435
5947
8634
1511
5429
814
5820
2501
7596
205
8486
6590
1621
7641
8897
2162
2814
9794
5576
3152
2027
9494
202
6196
3527
3766
2076
4356
5878
2221
1324
2250
6676
830
5201
9758
4108
3601
5396
6645
5742
28
8067
8423
7682
9289
2490
4561
5295
3137
8676
3765
85
8174
9071
7444
5954
4782
4553
1737
2113
4363
334
493
9177
8730
3091
6456
9637
5527
6682
5582
3794
1338
122
9876
7512
9827
8162
7453
8700
5644
1777
4601
5282
6154
3125
3559
8621
2060
7154
1454
2852
4909
9915
371
2359
4168
1848
5881
6797
9042
2868
1541
5445
564
4863
9820
457
7584
6414
5744
1605
6259
3975
8107
3499
6399
3563
4556
9946
9586
7049
1046
9090
3378
7582
3234
7297
3110
9381
7225
9371
7801
8128
9728
7595
9507
9584
3197
2370
6100
5646
9792
2746
5886
9066
9110
6037
8745
311
8547
1874
2547
2631
1901
7556
5479
4306
1327
8362
4624
256
150
8598
8626
8725
9187
6607
7621
2572
7198
9682
6715
8890
6910
2908
292
5084
1623
9310
3118
4368
3855
7381
858
8685
6686
6033
6953
2484
525
6348
5023
6488
2850
4119
5973
6611
6178
7075
6787
9526
9950
5982
3656
3033
5350
9306
5502
6346
8155
7044
5239
2667
3637
489
5184
4053
9282
1178
9909
6427
5584
4114
4522
829
2599
7419
8886
5535
37
3075
8587
2471
1693
1081
1623
551
807
2473
5705
7988
1515
4974
4846
5422
3006
8770
5470
1800
7210
8851
1663
5330
7884
4711
6384
2562
8818
7781
471
9642
1551
1929
4084
1177
8464
2589
5881
3733
5406
5642
3651
3012
9121
8041
6400
5987
8641
8361
1962
1878
6567
6930
6074
8759
5670
2025
8571
5790
8624
730
9849
4581
3829
466
6090
7072
8279
9985
4845
1410
9200
6632
3553
1822
9804
90
2301
3206
917
1472
8734
6295
9459
637
7385
4622
6800
3906
7896
229
4888
8980
6625
1106
5663
3779
3946
9660
9813
1190
5168
8189
4161
2233
6486
4267
3116
6067
8599
6267
8517
6396
9715
6781
3925
362
6557
9651
3986
7805
6672
4498
6794
5882
7851
1178
7405
6486
799
5437
3582
1640
9329
6173
677
5091
8290
4183
1137
6715
3211
2058
5551
15
7211
4951
6380
1980
110
2381
2540
8908
1864
1909
2895
1372
7483
6572
9333
6490
3373
9305
5627
5858
5723
9196
6546
3091
9966
6432
2780
5774
6626
5016
1181
2816
2934
4973
6534
9678
1459
8627
618
770
6738
8759
6668
416
8351
9979
2518
1238
4248
8489
3692
1526
1247
9550
8468
1243
581
6444
600
9674
5129
9485
1734
6397
1524
8734
4836
1276
4753
9463
1964
8454
5010
5121
4571
3961
6618
8608
2200
6481
6632
8955
5908
6055
6386
7212
6042
6069
2666
2258
100
9739
6502
4567
5324
3479
6579
3507
2396
6048
1214
1700
1153
4160
7501
8137
6601
2378
8742
293
3647
7535
1641
4324
1973
5662
2805
1572
8255
2482
117
9064
1535
6875
8246
1476
8972
411
9174
2114
3421
5043
7972
868
1336
5362
1281
7804
9351
1412
944
2092
535
3039
8069
7287
6838
6939
3435
5665
2483
3177
8593
6242
4222
8777
8289
3393
8221
2185
8892
5596
146
3914
9404
6688
4486
5446
1326
5271
1563
629
1164
1394
5809
1214
4669
3523
6880
925
5060
2898
5982
513
8423
6904
3345
9619
8203
7817
9261
9946
7348
8375
267
8232
972
1057
4139
6839
4664
3623
2190
4361
3530
9523
5054
8627
4921
8116
8595
9680
3406
6275
9879
895
9997
9936
9262
2254
8910
1419
3543
995
4211
5923
6870
1313
5564
8522
639
6648
7026
1180
946
5157
5315
7838
2368
1446
4317
4468
9768
5357
729
131
5671
1664
1674
4537
9313
2913
8902
7397
4901
1307
5734
4927
864
4539
2326
9261
8884
4794
1999
7282
1372
9728
6407
6338
8727
9203
128
5716
3164
1773
5900
4356
4218
479
181
7261
2122
8399
4952
5330
9170
536
5778
5953
5913
181
8003
4561
8567
4645
2672
584
6381
7394
1266
4768
2855
1052
3684
8649
2704
8482
6999
1129
7234
7203
3508
1559
4411
5786
5323
3528
6307
9525
9335
8618
5867
6719
780
4795
6925
6153
5790
9842
6326
1032
3388
6219
4595
4529
5147
124
2150
7347
6398
4138
1286
8285
6317
9818
299
4615
5485
3890
5007
319
8557
9248
4693
6668
6612
9904
3977
1486
8403
7209
9547
524
2271
3234
774
6812
789
5982
6283
1615
8348
318
4285
3647
7836
7905
3114
1595
6328
9253
9824
8670
1278
1050
8908
6897
8070
2370
273
3168
7017
4026
5435
8702
2874
6409
3579
8482
2764
2461
4590
7484
9072
4073
4478
6069
2260
2205
9698
7795
4873
3249
791
9052
2043
6776
2512
1453
5675
2701
7135
4705
9245
9107
9985
9797
7581
5501
1418
9781
1387
117
7438
8179
9348
4006
1949
3074
1654
9162
7213
8345
7485
2658
5536
2164
5628
3888
4415
6882
1735
7405
9403
3731
7954
9537
3852
387
668
3026
2295
9371
9906
236
4765
523
9600
2149
2607
1309
1352
7323
2447
4631
5586
2259
3906
4947
3074
2226
8372
53
6686
9469
680
7633
7918
3959
2911
2842
5258
365
9678
5597
1779
3753
7253
4011
7485
5692
4682
3437
7859
1876
3624
8994
3869
2187
5082
3089
201
4173
5416
8478
7926
1340
1073
1690
4971
8368
1310
1272
2791
6369
865
244
452
2666
15
2379
7978
1207
7721
7513
9247
1693
4707
1927
1011
7785
7198
6038
8646
7321
8785
3137
1157
401
7440
9708
7652
4398
7028
9978
4983
8460
7859
4798
1629
3951
8774
7680
5965
1381
4077
8877
8060
8870
2206
1771
2884
1956
9464
4507
9377
9636
1358
3798
4221
6951
6132
7154
1358
117
9934
4391
8290
6238
731
9205
8051
5983
8548
6853
1328
4245
2912
4532
6711
768
4486
6915
8268
18
6783
491
8725
7127
5585
6840
3436
4681
8238
6791
4995
3314
2338
4529
872
7578
3493
3132
6770
7445
4826
798
6532
4897
6680
33
5387
4555
3570
488
7067
7059
6867
9768
6908
4008
5917
5575
2437
3657
7332
6813
128
7294
2055
935
2054
7241
2465
9725
8927
8750
7255
5945
6716
9738
131
8872
2444
4245
9449
7563
1019
7788
9861
6917
9058
5369
3741
3072
3512
5794
9712
1478
2632
9168
7955
3134
4290
7974
7146
1869
2023
5954
5820
8330
2278
3194
1799
4359
7311
240
6889
4849
6910
8888
462
2822
8740
2337
4810
7476
1441
2837
7146
4245
6838
641
8024
569
7625
4111
3583
952
4697
7172
9523
166
3964
6948
8000
4009
5887
1374
4734
2890
2284
3873
2533
4685
3986
9744
9172
9833
9834
6840
2120
3409
2191
1308
9918
6061
6658
7683
238
8118
4003
1496
7568
8912
456
1668
9322
6429
8448
9449
7717
764
3662
439
6226
8534
5814
6294
3607
4413
9967
3142
5575
232
2394
4439
4022
1743
7
7014
6359
8030
5182
409
3043
8851
8459
1234
9623
700
38
6278
763
3278
7250
318
7604
4233
9258
7229
6555
1527
2121
5848
7158
9584
7060
5276
9002
7518
2270
7832
2849
5131
3939
1700
9098
5157
5291
9471
7524
8260
3377
3228
5798
665
2152
1630
752
2994
6888
9492
5547
2856
9422
5805
7962
3072
5867
1821
9871
2002
8487
6865
5634
2403
1219
5886
7629
471
3968
9370
400
7294
4260
3259
1053
784
6085
3741
2405
7382
4842
9398
7141
9269
4175
1084
5772
4677
5199
8126
8533
5970
1104
7952
1535
2625
480
5120
461
3972
794
4824
882
9613
9453
5464
2876
3814
3592
4610
9061
3830
1344
2795
9348
1147
6705
9956
2807
8889
7305
86
6851
8304
9438
639
6633
2135
7472
4611
3026
2947
5450
4851
5840
46
7099
2113
31
9454
6752
650
6601
7647
7737
7732
6567
1204
6692
6370
5966
1342
1947
3732
2196
4443
1636
1290
7140
7087
2510
6543
549
6869
3577
327
7887
8316
9614
8191
512
6617
8395
9073
2413
525
2002
9629
7016
9810
7013
7934
9574
1948
548
6014
5509
7327
9140
6683
2772
2217
5250
6483
6724
3961
1868
3211
9369
3431
9092
3442
844
5632
7818
2752
3
552
4787
8934
2666
2815
76
6390
621
532
2845
8103
1854
845
3650
121
2609
2093
1962
2306
4902
277
5658
8275
8859
567
5200
6908
7894
2937
8989
7570
6123
4721
7932
1299
1666
1866
6660
597
6510
4967
6037
1173
3475
5785
6586
30
3475
4883
5311
5604
1769
1267
9004
7332
151
453
5583
3969
3175
8278
1270
2271
383
3940
5493
238
3283
7236
7252
2006
5301
1808
6437
4696
5354
8275
1051
1064
798
8613
6627
5607
3527
5856
7282
5966
3756
1255
8761
5887
9651
4406
2624
820
7374
539
7269
2299
5327
3143
5885
2640
8454
9429
3625
7234
3268
738
6296
7709
1985
9922
684
5596
4578
3008
2268
2759
892
2961
9532
1845
1050
9276
5327
7252
1284
8286
4825
4724
4086
5569
6476
5571
6072
3654
7092
9726
4345
5333
4680
389
2289
5330
2971
1819
8705
808
9728
1018
9985
4266
6871
3488
3663
739
4187
3027
3022
4888
22
5622
6757
2589
1665
7901
4647
5895
5396
1284
117
9907
1133
4062
3178
4989
9472
4908
2751
8024
9510
3009
5657
1958
4330
1966
656
3747
7250
6881
9834
7011
6036
6630
6377
7189
4151
6239
7307
3785
7809
7480
2085
6437
5123
9334
3203
8950
8941
3797
2805
8190
8125
6679
223
2801
2941
7473
8876
43
9017
7186
7420
7779
889
8079
9256
2588
530
4678
6552
4315
8471
1139
9767
1984
5112
6052
1370
5917
7674
2134
2880
6168
3840
4888
7682
7918
6612
1287
8153
363
6156
6796
4557
6793
3471
6664
4907
62
7636
5279
9506
9466
3036
5630
1260
2134
5526
9416
3008
4513
6786
7199
6098
7227
4261
7138
218
9681
32
313
3113
9132
5714
403
218
2635
2068
5605
8479
9267
1374
1042
5658
4345
7825
656
6293
6949
6213
8577
8137
7034
1989
1320
8368
8614
6429
3800
7186
1093
9067
4126
7481
1661
5831
4395
3189
7880
5384
7316
5687
1058
8062
1389
7105
7819
1477
545
1789
9411
4407
7743
2338
5710
5862
5790
4569
3625
9398
2843
6611
7670
3664
4508
888
3842
8952
9201
4188
6606
6071
8573
246
2813
8266
143
1298
5652
9097
5043
9915
6375
9194
9782
122
1469
2634
7281
7234
8176
9331
9062
9182
1830
3251
7488
8179
4349
7542
4153
486
4402
6748
8174
3801
6258
3141
6004
6286
6137
8909
2602
8644
2009
8468
2327
801
5190
5449
6761
7728
9880
7084
5808
4744
9777
4634
7891
1217
9336
2295
4835
3025
881
8534
7111
8358
7783
3265
5531
8460
8234
1403
6175
4808
3747
8403
6375
6852
1470
6154
910
9932
9615
8292
9214
1294
882
2402
6369
3193
9628
2851
2936
6039
4685
2067
1232
1218
1272
9980
8615
2795
2199
990
1502
9657
733
5408
7397
4792
4876
7562
6038
6424
5596
5963
4926
6473
9575
1824
8950
5430
425
1005
8606
9170
1000
1033
6409
2406
3417
9229
6463
5599
2727
149
7905
6914
4772
593
8934
8544
8713
8236
4496
7160
9952
5561
7332
1563
9720
4251
9072
6692
3496
6423
5307
2087
1562
8190
6203
4605
1549
7895
2074
9751
4580
6077
1579
3334
3771
6734
8709
5307
6277
9761
3596
656
7792
2594
1287
7979
1511
5015
2131
4988
1876
4855
7170
1612
7167
3894
2033
5586
3952
2635
3218
2451
723
9842
1378
1758
7692
7731
7223
3925
4617
6520
7027
7672
8784
2705
6344
6265
846
3832
2517
1879
7064
8845
8844
1329
2684
7123
5836
3140
2690
1222
7914
5459
2961
8032
7114
6670
6998
575
8863
5755
798
7969
8770
7389
1220
4256
3483
7586
1220
7700
3158
9287
8723
946
7855
3710
4562
9005
5239
2510
8930
6381
2409
7843
5075
6905
340
2256
3597
9810
5504
8039
655
3413
9514
6094
8594
3420
4337
7723
8105
6299
7558
8801
6871
9433
9452
4733
838
8841
1223
6323
761
2128
1655
1221
8449
9041
7648
2958
4294
4496
2612
9770
57
9281
5571
8361
8671
1765
2925
3567
5836
9895
4341
3480
6583
6514
3969
999
3652
2630
8286
7020
3518
2606
2292
7507
216
2488
6454
6531
6735
7668
7849
62
8666
8901
293
732
5063
6345
9874
2115
6998
9735
4291
2165
5190
9047
6672
9354
4253
4100
7114
1790
2604
3426
8121
9152
3883
2421
3293
9602
7855
8307
2175
9022
6195
4775
7991
7899
1295
2285
9154
1960
4306
954
9892
6283
1969
1746
116
9006
509
8223
9744
9999
8814
5502
8085
1893
2471
5281
4609
5724
4827
5793
3452
1115
1169
3359
346
1387
7384
7872
7304
7290
4994
7967
7369
9151
348
2902
8997
6145
6918
7252
7231
3125
6152
1389
6750
9991
4148
5436
46
5933
8506
6877
2549
1035
2186
2329
5326
734
8907
2141
5157
4380
7700
2379
1233
7789
2599
2591
7506
1062
7116
9237
9812
7185
2161
4122
7277
3981
364
4325
8238
1806
9379
5137
1944
2074
1675
368
8606
7171
8574
4961
2075
583
1845
3377
1314
7221
7034
3385
9183
7767
8888
9055
9576
7671
738
8556
6907
912
6488
2109
5102
1016
6012
2947
6825
6992
2156
9430
7480
9807
302
9630
2672
5831
9526
634
2312
7284
7708
3571
9269
6111
1681
1937
5627
6980
7461
5198
4938
7093
4937
1826
4626
5391
5995
5934
8701
1385
4999
9524
7277
4309
5786
7952
6047
6622
9894
9712
5828
1933
6611
2860
9562
6403
6606
9488
1750
4346
7410
6551
3199
3337
819
6034
2163
1468
9393
9944
1496
9553
1687
5986
280
4086
3569
7836
7508
2519
6042
9958
4914
1052
8367
599
5767
6529
8954
8216
6579
8269
5488
5949
9036
2706
59
5967
221
3551
4688
506
161
2874
7573
9253
7139
3965
621
3376
2805
5142
4390
4905
1108
4755
7431
6487
7355
1571
3204
558
6259
1451
9245
8894
784
752
41
3186
6754
9267
7233
4790
1772
666
8138
7142
790
6379
6402
7442
4854
9664
6568
5175
3977
196
7787
3785
9908
5929
534
8403
9619
8226
4198
6896
5748
8265
2739
3723
5953
7624
193
6077
9135
3562
7757
9621
2868
44
9443
6768
2970
8802
3802
3876
3157
875
5146
5031
9982
7937
8826
9120
5830
4488
1656
3810
684
6514
352
4739
1535
9565
7996
715
6891
9378
952
6090
2624
1143
6412
9540
4591
9313
3799
4507
2897
8445
1640
252
2454
6982
5184
4080
4578
129
9042
4674
4772
4994
3439
3668
2540
1029
2279
7588
118
1478
6156
5149
8341
7008
3689
5482
9511
990
129
1354
9097
7017
3022
7677
378
3125
935
9684
8723
3966
2712
7047
5099
1667
1556
9873
1613
8502
337
74
5434
9649
1970
6881
1253
2299
1439
8447
6606
8153
4115
2392
8848
9968
8363
6949
7338
9220
9144
889
9474
1175
3280
4845
4637
5710
6386
8792
5804
7078
6066
509
4603
3467
5926
7623
1956
7690
183
1500
3062
3644
9213
4685
2479
9249
2249
4839
2303
5532
4624
7231
4044
3219
3442
4683
2720
2754
7380
8591
9853
1015
3414
7152
636
8165
5743
7240
9326
1046
9868
4513
6105
5321
7898
2287
8091
7187
9477
3460
6977
6857
6442
1351
5827
287
8294
4709
8022
2634
9885
9313
1984
6790
2329
3648
6395
3007
3091
8907
1937
1106
1446
4247
7228
5055
1052
6644
8602
798
2255
976
5655
2139
2933
22
7056
6216
8157
5943
4039
9628
5786
4528
2193
8656
7202
985
5696
2150
9846
1377
1974
3668
938
6941
8922
220
9842
9489
1287
8589
9897
4820
7579
6595
9207
7673
3972
5931
3897
6117
7062
5206
6632
5487
3044
6701
7819
1967
6917
8020
6855
3759
1652
265
6012
3401
3902
7689
112
8249
9819
9865
1020
7403
1785
6326
7160
2414
4492
5373
4753
6009
6663
3268
9280
7766
2955
7400
2803
8166
9095
7177
5190
2797
2129
9352
5055
6589
6837
329
9264
3942
8809
6538
8244
4328
4462
5442
7983
4563
8370
3929
8650
8285
8665
7894
4024
423
1992
6677
5569
9394
533
8684
9913
2639
4925
9984
8740
1709
8578
5993
5643
1576
850
7431
5385
5104
8804
5680
7171
7669
9869
9367
5030
8833
627
3585
5230
7644
159
5459
2762
5659
9904
4981
6333
7117
5834
8000
4105
8793
2884
9016
420
3053
6055
5088
7158
6356
7362
8520
2038
2041
2921
5267
169
605
9820
8010
4474
2895
8187
7730
5211
1634
9851
5247
8766
4523
1344
4701
1122
7795
5657
4209
1983
2566
4099
5077
1368
7542
6901
9811
1717
770
8798
949
5002
9950
3705
7244
6174
5572
831
1093
1375
3614
3096
1275
1794
4878
7553
8036
1769
6172
6665
3352
2814
4501
8761
7797
3612
9163
5748
6881
9680
8255
6276
3910
5444
5457
2914
3520
5724
153
2655
9824
3287
8984
1040
5838
4028
9715
1580
6283
1602
8978
3770
4188
8880
3840
4963
2789
4474
3476
3652
8164
8741
1231
4299
4753
5211
9290
6725
5468
133
7846
6324
428
5006
8177
4865
3558
4365
4352
5488
4227
3829
1445
9662
1920
1514
9055
8313
5537
9222
7709
4133
5315
8569
2290
7151
4618
1146
1025
1043
859
1155
740
3399
9695
3560
9141
9141
4278
746
2664
2695
1845
5883
4079
1081
3201
1800
7514
7144
6778
8
9770
9336
7831
5696
5911
2113
5113
1038
3990
8878
1853
926
8455
7622
5260
2397
4302
7929
8929
1423
4362
6890
5487
8489
241
551
2633
7460
3380
7059
4307
561
6465
7386
169
6028
6981
9638
751
3944
4103
3324
2739
100
7296
712
8656
7330
22
3382
7898
8708
4768
3454
1558
7243
6238
604
1754
2238
8009
7966
7286
3388
4206
2242
1364
9853
1825
6011
3873
3015
1208
3034
183
8481
1897
655
874
4982
8566
6852
1900
5244
7089
3369
2697
6680
3911
513
540
7782
2853
3623
3047
9471
2228
6048
7152
9355
1727
8518
2087
813
2915
205
5967
8160
9379
2493
416
3740
2567
2488
5345
2756
7194
9641
6462
6848
5722
5516
1394
8033
4861
3680
6403
460
8298
3988
4586
8617
8958
3111
8198
7139
935
1051
2239
9147
5993
1616
3855
7196
1981
3347
2209
3315
887
6210
6511
2377
2344
8547
5644
6107
4376
8216
1450
3376
6932
1640
9156
6138
5301
4575
2635
9350
9922
8784
9253
7510
6275
9554
8888
98
3559
9993
4400
3098
3687
9371
6281
4058
2743
4466
2531
3681
5539
4783
5877
7804
104
4829
4406
9837
3077
9191
8390
5185
8806
9091
5616
6007
4694
2267
9898
6793
2804
1599
2630
8645
3096
1684
5174
2910
6775
6783
712
2876
9187
7948
7772
5593
462
1979
4058
4567
8667
9905
8444
8084
4636
8114
1027
7219
9806
937
6004
2180
8435
9554
9785
5622
3383
8398
7233
6751
266
6891
2243
646
8255
1330
4927
3053
7037
8970
6628
2120
8543
3995
5700
5016
8915
2929
1529
9190
900
5256
1624
5154
9351
3566
6789
78
2852
6359
2330
9275
2603
5793
9086
5655
5674
2144
6648
5648
3462
6487
2544
3743
7787
3233
5417
6792
6435
4522
7246
3557
7150
9222
9527
4551
4095
265
980
2208
3622
5432
9842
1623
6823
8329
2092
7671
4775
8242
8058
5201
8679
9880
3768
5142
1123
6554
137
897
6623
3270
2631
6186
9267
9427
6392
7600
2813
4303
6974
2608
3902
2415
4837
6451
2197
9905
2500
9445
2185
7652
6905
9585
154
1509
5913
3995
6437
5220
7123
6806
7372
6918
9210
308
3648
5846
862
868
1719
1965
36
1040
2762
7452
6753
4509
9324
5726
5933
1096
3232
621
2869
4921
9592
5604
2863
9962
806
490
8284
3810
1379
1058
825
2153
9025
5132
4107
3708
60
7265
1948
7688
7414
2955
580
3707
7714
2516
8888
6998
9842
4157
9368
278
1147
5617
3892
7192
9020
3782
2612
1332
4987
2107
1377
9086
5617
6407
2871
4203
9575
556
9382
6920
2986
5015
543
692
5875
2755
7733
5164
942
9066
7867
4869
2134
4076
3283
9335
4610
9338
1110
1760
9522
2787
5072
237
6783
9549
5038
7619
6463
9626
4762
3546
4793
7319
6282
4919
3907
1401
199
9129
5356
9496
4681
7747
6248
4934
2449
7051
3373
9395
4224
5758
5126
103
9167
9644
3167
5986
7683
7347
5838
3309
9642
1578
3120
7570
1535
5219
8583
5125
9377
2337
7212
4979
284
5
9268
8428
4549
8021
9399
1848
1780
95
7101
5819
9210
1879
9350
1987
7630
8353
8700
7586
567
5491
491
6395
5317
8879
942
4031
208
5025
3835
4968
1114
9469
7278
8433
1608
9455
3589
416
5405
7966
4744
9441
6785
188
3006
4451
4508
3127
1394
4185
7448
3985
1446
8771
5606
3207
6373
5894
8482
3608
6154
5882
3882
7901
7374
2310
4137
3103
4692
7308
3471
1813
2685
3692
9760
7127
6542
9202
6312
123
7572
1690
4428
6237
4819
7931
5521
9610
7207
2880
2330
2563
1598
646
2377
689
882
3263
3254
2764
2821
8389
8516
8648
4726
2491
5026
7690
1259
1775
7451
4716
2659
9139
3250
668
8509
1789
2006
161
7800
782
6215
8814
9498
730
6772
9053
9065
5193
5299
4295
5481
847
7183
7877
176
1434
3744
4952
3995
711
9313
2643
814
2133
9132
6202
6760
1850
7009
6677
2126
742
7431
8617
8989
691
5433
4735
1342
50
8956
8123
6097
3358
2647
1617
2694
768
9090
8199
6279
3346
3319
5950
4391
1437
9129
6021
9934
4627
1166
2286
3861
3483
5096
6947
9406
5218
9223
7198
5997
7689
4870
4254
5036
8754
9550
7526
1621
875
6495
3561
5980
4102
6477
1444
5906
4081
3007
3831
6785
5559
9982
5502
8972
6039
1643
9376
3189
8665
8309
3327
3392
8219
7769
9781
3135
9184
1430
4119
5822
245
6394
7153
1458
5280
9441
1634
2497
6968
6610
2617
9237
5426
2512
6797
807
979
6818
6468
1281
7100
1473
9621
1682
6860
1081
8898
7724
3788
655
8592
23
5960
9467
705
8213
348
7068
8185
2889
2975
7730
5904
9659
9265
2543
7672
7678
8138
4173
652
1028
2841
7912
6893
5026
1297
4054
5402
1152
8854
852
7145
3648
6667
4386
9696
8038
9734
1474
7859
6854
9556
4476
1518
638
7786
2276
2232
2955
8849
57
5618
6581
1498
1549
7469
4300
1532
1374
7712
1816
491
1841
7804
2157
8062
8054
3993
668
9117
7590
967
7176
9849
6141
7847
7259
1286
8508
1256
7650
2662
5117
8193
1796
1517
7836
4881
313
2236
5286
6372
7680
9791
7066
5744
886
863
8356
984
7928
218
1220
2313
4113
6273
6576
2596
1874
6070
1312
8768
5505
6585
8285
2732
5633
6217
3068
6067
9514
7606
213
4065
2306
499
3524
1109
1381
1293
9397
1210
390
4090
9595
4644
2362
6640
54
4050
1383
3363
5220
1114
580
6801
3275
7999
59
8331
6180
6069
2210
8716
9871
8120
3376
9174
4203
9337
239
4056
9249
6503
6515
6908
4435
4594
519
2752
9644
4834
7009
725
2904
8528
7345
2903
7580
6552
445
7052
3061
5228
3278
3371
6896
5522
3718
7859
3006
3979
445
7818
196
620
4309
8266
7498
1136
3042
1505
8073
8172
6567
5972
1359
9212
3260
4624
3960
6631
8468
7568
3357
8881
5375
8463
4954
423
4833
9244
2188
2027
5211
3181
1477
2378
5473
1958
8645
6523
4716
8496
1105
6648
9249
3588
583
5899
3870
1058
4442
6537
7515
3108
9778
9562
4654
4819
3369
4152
2919
4335
2285
1728
4311
3167
4528
1287
2050
9280
6388
9741
7616
4124
3400
3462
2891
3640
4758
4934
389
2395
6811
1524
575
9477
9907
1696
8976
4560
4234
7723
7397
2618
4548
2914
2922
6192
732
5687
5579
4812
955
2454
568
2195
6892
6194
3754
3200
5935
7840
9791
4149
3604
3177
648
2106
503
8795
8622
952
2036
6847
1935
4725
5871
9819
2958
1547
1655
3381
8745
4715
9840
7451
1110
1024
1651
3063
8797
253
211
5394
7393
3884
3607
1301
3641
5583
4311
3162
9507
760
5774
9439
7976
7602
6227
6405
6915
7376
1799
4773
9526
7518
5864
9591
9962
7038
9257
1685
451
120
6417
4197
1949
442
5845
8305
3768
5700
9367
8079
8892
9101
3575
5630
761
2173
8597
4181
4200
1155
3837
8498
7849
7412
7729
9256
7982
882
8667
332
3898
4370
7291
5748
3232
5676
6079
6085
1453
3995
803
2510
3599
6797
9818
277
7855
3506
1400
2529
9974
2668
6367
9559
4734
39
3077
8295
5630
6021
4583
1696
6844
2237
3168
8014
2127
8675
5801
5410
3728
4788
5158
8300
720
232
4748
7971
173
3480
3430
1520
6492
9489
4146
9963
3949
784
4043
8468
4935
9843
8326
9146
1794
4537
8156
9507
3215
2491
3723
7809
7134
4727
7180
9865
834
3701
6599
546
5506
5951
1281
7246
6935
4960
843
1854
6160
5567
5317
2400
3954
7265
1198
5487
829
82
8822
5848
9862
3372
9778
9952
3123
4824
9137
6398
3716
4265
6213
7093
4542
4417
9286
9632
1752
8665
4276
3150
5579
4130
4694
7024
3736
6833
357
4220
2881
4599
5368
8850
1810
2487
1610
535
5955
5001
2620
6559
6554
9107
4155
6467
9400
2186
1940
2765
7496
9415
4163
5674
9117
5833
6137
9527
7783
9326
7184
3304
3506
2142
5320
8079
5259
157
3567
9668
3104
1128
2849
5675
4660
5382
338
2295
4646
5040
8840
7713
8165
723
2360
5793
8031
7943
5329
5802
4018
8865
8151
1415
7165
9011
9702
4936
5460
2581
8200
757
8151
4566
5487
5440
4679
2573
6139
488
825
6401
2112
7850
9033
8783
5608
7548
2080
6423
7734
1391
9243
6507
8194
6703
1991
168
1723
9223
1801
1067
254
4890
6191
4206
5935
6108
310
7341
9015
9252
482
4998
6343
6675
2998
2946
778
8295
6168
9227
9147
4935
6104
6359
6576
8055
7075
8151
7957
8218
5393
3758
3159
7721
1728
1010
1150
1193
513
884
9631
1596
6690
5033
1014
8138
9410
8705
2611
6833
9502
2088
8760
4119
2551
4172
5262
8854
2229
4493
2023
8245
9164
9862
8031
8857
9082
5054
3943
4663
223
8786
1468
340
4078
8848
5429
9458
5416
3166
3970
4044
7236
6810
4709
4122
3808
8451
9786
3236
275
3635
772
8751
437
6380
5161
3737
5282
5067
9793
642
3562
3374
2953
5628
2347
2088
6150
6448
9792
3033
8574
6026
4626
2058
2136
8560
6827
4056
2617
4854
1806
9343
2960
8872
6029
7338
8013
8024
5470
476
6145
5604
9557
8566
2070
4938
2308
1369
6928
1338
9288
5083
6251
9727
3677
6650
3747
2939
7257
8305
9035
8137
2476
3625
437
6510
9829
5507
9712
4486
804
5939
4227
3071
344
7232
3482
5587
4395
4445
1133
3096
7460
9143
678
1078
2296
5350
2863
597
8906
9580
5492
2047
2762
8147
1827
9904
2893
6641
2046
2380
8852
8394
3346
810
1890
1041
8152
9747
9702
2872
6685
247
6008
3572
9624
5635
5942
7155
8983
1154
5700
8428
490
6340
250
8146
8706
1700
6028
6200
6955
9338
6499
6597
7703
531
7201
2818
5458
1950
3497
7174
3489
6203
8618
3239
7696
1705
1773
6089
5836
1460
6151
1165
7942
327
4402
8851
4289
5527
4883
8580
525
5754
5343
3163
5696
85
2034
1396
7818
9100
1259
4512
3364
7079
7297
9999
1586
5985
5302
4493
1939
9039
317
5979
3045
4133
3840
4395
4608
5067
7532
8841
9484
1663
9597
9105
1725
8158
3113
8971
7802
2983
7193
8846
2475
2016
1212
5675
7809
1699
9543
8814
3655
8041
9265
1538
651
2457
6112
9233
2194
5628
4568
6936
198
6133
6489
879
505
1471
8840
956
7756
5275
5262
3604
6266
6005
8025
7533
2950
9226
6662
7900
747
7682
7037
8086
6130
830
9975
2056
2261
8215
1686
4440
160
9143
9163
9923
3863
4478
2510
8329
1922
5054
2709
6845
6890
5210
7737
6263
6410
9243
2131
3789
4438
3201
5107
1052
8747
4379
167
2210
1383
6104
4772
3778
1988
5972
2078
4697
54
1560
8019
2495
1053
8807
6085
8931
3141
4788
9019
6456
5649
8354
1374
5000
7964
9299
9348
7153
7525
9080
4681
8611
8683
3912
7493
9953
9918
4083
8910
5226
5561
1726
8083
2633
9534
2944
9772
2685
2886
9210
8055
9585
3928
7225
8918
2324
9634
6089
9496
2994
9617
5526
4546
1157
9506
9174
1385
4775
8798
2507
2953
139
9408
5807
4948
5553
5003
8803
7011
6062
7996
5089
9876
9479
555
1223
46
7114
8384
7546
1110
6176
1174
5179
6096
4652
1607
6409
8435
3589
5584
3728
16
6213
9958
6156
3600
8046
467
161
3424
7315
1781
6496
2201
308
3630
3546
4946
2078
1835
2450
34
8898
715
9136
5747
5214
3831
3697
6176
4506
3329
8068
3826
409
4228
8843
7485
1742
8924
3248
3042
2658
8915
2786
1774
7053
5286
860
5359
4570
6850
7835
9365
4058
4995
9384
7276
9196
7292
1748
5273
126
7684
570
3929
4420
9692
8353
6715
462
479
9252
6830
6437
7873
8919
3200
8493
9439
1434
3735
2378
2590
4938
8911
3859
7376
2564
1593
4601
9059
5478
9609
1774
5888
388
6088
1705
8585
4785
8785
67
1967
9327
3712
3790
5863
8284
288
2680
2024
5775
4876
2019
6069
7642
7156
914
8694
6226
9017
4996
8334
8077
8873
6223
8261
2665
5186
7034
4716
3547
1782
820
9069
2112
4096
5819
6254
8017
9880
4913
3746
9761
95
9527
213
3430
5721
1846
630
7594
4051
5930
5136
7584
3649
4922
2203
2921
624
8529
2770
7554
104
2230
931
3730
5900
7249
8508
6827
8200
8227
5322
276
3858
3746
4419
6823
6330
3392
1577
4821
2659
3852
1481
5960
3006
5730
8683
3941
4223
2204
113
1925
2667
415
7288
304
3076
6603
615
5318
9682
6360
5223
3347
2939
2121
7603
5337
272
1010
5013
752
2039
7520
5065
657
4581
7139
1236
5153
624
9006
1107
1181
3621
7948
8076
2966
6639
8858
4023
8811
8313
9240
9921
4777
8071
8985
3768
7924
360
9978
365
9182
2903
1926
5444
8694
7170
5005
7457
4517
187
4355
3905
8941
5561
6214
5556
5365
8189
621
1068
2663
1471
958
6631
3280
8093
6357
50
5920
5400
9002
6381
3618
4245
4704
2719
3225
5817
1777
2994
2910
4394
188
9768
122
5243
263
8931
3679
5935
7786
4908
96
6261
253
8559
6116
6605
7227
7282
6494
7151
6314
7000
8534
623
5053
8712
2616
9397
8223
8043
1008
3749
9498
4866
5633
1793
6163
1467
9121
3227
5708
1952
2512
8354
3481
2640
7226
1113
1350
3047
8596
9785
8282
9720
3138
1932
5147
653
2013
712
7662
6341
8676
8174
3374
4584
9573
7423
856
112
2955
9574
1860
6796
2320
3325
103
9787
7865
4683
3536
7238
1401
1854
508
6466
7625
5679
4055
7359
7419
9069
2688
6663
6844
9916
544
334
8931
642
4505
7611
3999
4173
1010
9649
8257
489
658
7634
9740
90
4441
111
5257
754
1434
6961
1940
1757
4155
7917
2260
5376
4406
6813
1902
8943
9417
8857
5780
1969
5358
7131
8640
1936
2877
6269
3209
9242
7243
5778
642
6472
3859
2841
5137
9683
8447
4594
7038
9725
51
2863
6464
9726
4150
119
2578
845
2619
4028
1975
2147
7090
9376
3340
2010
2303
393
4537
7897
6492
3528
2581
8472
6513
584
6579
7105
6477
4790
8642
8578
9989
7867
8027
1485
7721
4429
9323
7237
4041
1170
6351
2856
8664
2210
9649
8809
1916
8669
6894
5020
5052
143
2423
7899
343
8029
4139
8719
9108
5880
3504
9028
9772
9913
7091
1883
2112
3601
6200
8655
8372
3854
4421
9924
6684
2770
1711
5533
7299
8087
7550
3274
7567
7581
5022
7869
7301
7455
2335
1911
2176
2465
8165
8273
9178
5981
2512
9096
4733
1502
5264
9960
3148
3208
570
9042
246
2092
6279
199
4653
5911
4216
5750
7150
5740
8857
9462
6640
9291
9096
2729
9875
1293
215
7277
873
4228
934
5841
5145
8499
3450
8238
3289
9722
2757
3977
8290
2227
5218
4163
964
2112
5363
4808
8365
205
4165
868
706
5168
1708
5337
3358
9622
2050
544
1829
7668
8362
9458
9287
454
1957
3197
8138
7558
9708
7280
9461
5858
522
3146
6671
4296
3046
3417
2707
2489
3577
9042
3228
3479
5262
3979
1845
6092
7135
8395
7242
360
4231
4499
6202
219
8131
72
1007
1356
616
3507
4453
8423
1818
759
827
5140
8227
8987
6576
2780
5251
3848
109
7433
3603
7448
6222
4093
8764
1739
6943
6081
7984
7821
7270
1629
9853
5024
1214
5535
7338
4925
869
2732
6378
4531
8772
2321
8595
9714
1760
5183
8510
4716
2717
5617
2772
6041
5147
7635
1316
9353
4319
9516
8139
6167
7929
5995
2420
3036
8626
6108
9089
9730
574
6087
1631
4432
2294
949
8889
3412
8411
5466
1974
9787
3679
5044
6960
1028
3652
9717
4019
7656
7725
9932
3862
6257
1914
1101
7933
8322
699
4983
9645
2754
9545
9900
168
3897
2295
8496
3723
8855
524
1302
4196
7569
5166
6718
6950
6610
4248
3193
7206
2983
4403
7366
9043
7377
7976
2697
7180
7219
2020
6771
7034
8685
226
1813
7254
3354
3959
2231
2904
9611
3915
5015
6794
1081
9689
3685
1067
4386
529
4149
1078
6362
6897
1302
8863
6464
9117
8492
4021
3593
6346
8094
5739
7774
6386
319
842
6250
4419
9151
9258
385
6701
8824
93
4508
3390
1593
8624
315
3273
7762
6964
788
1968
1855
8872
5698
4313
4650
2275
6735
1150
9390
1391
4050
463
1875
4074
7574
2920
8410
8948
5852
2279
2585
1249
2350
1829
1748
5871
4175
9047
6678
1075
1001
2011
3452
6555
2584
2747
4781
5099
1765
4655
9219
7969
6035
3429
530
298
4883
3485
6254
4302
1997
4799
4038
4895
1072
8278
6667
4439
1532
1310
1876
771
5757
8971
1016
5410
2547
537
1441
6881
2533
5380
1074
7495
9952
7134
37
576
1829
85
3449
9130
9953
7151
1549
6266
3255
4514
8142
2290
8198
4019
6038
3318
2608
760
8642
1516
4013
9962
118
7616
7013
4179
2681
2234
5443
9163
8474
3692
4182
4302
5218
6549
2338
1438
9357
6842
4247
4105
7788
7166
7196
7728
9419
7147
5174
171
785
2608
6002
1192
5734
9798
5213
8783
7811
9387
3780
193
5366
8662
8356
5493
3667
9304
2096
1954
5314
2476
1310
8204
107
2531
8224
8195
8216
5612
2923
6294
5936
9649
8212
6517
1635
7801
9565
840
584
8295
8575
3839
1299
9746
2437
3462
2720
2592
3829
666
1131
4033
5277
3840
8040
6021
9614
7485
5437
3256
3438
8436
2810
899
3613
7075
1085
9764
7834
5459
2278
128
8997
9015
44
3957
9706
3620
5549
9383
7640
5190
5125
524
4693
4709
1026
393
2800
7573
4270
4563
7201
2529
9020
8492
3526
2081
1261
1978
8516
3244
632
89
5485
4784
3175
1068
4662
4654
4507
8241
5470
9272
7458
4738
2477
4463
5558
6970
9277
6447
3953
5225
4865
57
2265
7505
5217
553
9748
5767
8733
4844
1656
2109
7957
7710
7185
6127
1554
8693
3559
3651
9933
5761
7884
1383
5060
2505
8239
1589
65
6712
8140
5895
7028
9461
4009
7533
1986
5544
3532
6876
4643
7988
3935
6042
6524
1713
3108
4461
5400
3974
3213
8833
5657
2096
5996
7713
4045
2275
1339
3047
7672
6693
5776
8453
6510
63
5663
6757
5750
871
494
7354
4330
7027
5439
7367
4708
426
8639
9189
5515
5
7953
1074
3123
8276
3962
6668
354
2047
852
4051
558
4040
4459
4762
3129
8477
7267
8520
2134
337
3404
9942
3215
4976
2826
9380
5148
2043
2751
1233
1538
5236
6169
9543
4997
7343
1778
2507
876
8213
7053
4663
97
1832
6316
7927
974
7529
8669
400
8057
9468
6418
4951
1946
8056
3251
7895
7817
6675
2814
1823
1954
7223
2590
5616
4974
8363
5006
8944
7623
1080
7553
8249
37
7175
6367
6057
8183
7670
3212
5778
1823
9736
4068
9655
6807
2732
8671
8439
732
6203
4215
7514
5121
5291
3215
5698
9112
1898
5023
9781
9373
3158
2858
9923
8469
2314
3397
8527
9217
893
3909
7913
5707
5290
2759
169
2612
5256
2654
5954
3170
6633
2479
7686
2798
5705
2747
6547
9674
7988
1759
2044
5828
9953
4423
7497
2284
8229
3322
4732
9635
7150
2132
6515
1041
2182
4760
5837
8110
3709
9682
6986
1380
2948
7885
4565
6164
9333
4518
3091
1461
6631
8948
1617
4259
3254
5212
4931
4141
743
5065
5349
3373
3265
8787
6815
5805
98
4702
6117
3884
2540
6963
4389
6793
6462
2586
5722
4351
1811
2929
8758
653
759
1867
1376
8659
6930
2750
8273
1926
9125
8915
6101
2511
4356
8000
1139
4713
6588
8571
9966
2749
9607
8731
4520
6741
4673
229
9093
5463
6213
8376
8291
6146
1718
7583
1829
1392
5214
4683
4111
714
7191
7406
4009
9560
7743
3295
2980
1804
3787
5201
7720
2654
5719
3059
6937
7663
3616
8074
478
105
8213
4684
3075
3389
7246
7694
4242
7344
3502
6837
522
7238
6910
8680
6160
2226
9370
6280
3569
5523
7655
268
5487
2087
6678
1160
6595
822
2720
1613
3562
7408
3754
9038
8956
726
1950
3578
6280
574
1637
3766
514
6846
4507
2357
960
694
2721
7826
950
6317
9693
2784
2024
7965
7818
9200
8543
517
2157
1688
2414
3552
9211
4413
6567
8227
288
4134
142
3463
9704
1820
7978
2965
9066
7907
1897
7399
230
1746
1549
6718
1182
4095
8127
6045
1047
2596
5125
4796
2699
4113
6506
2795
4061
4511
4147
9031
2043
6024
3191
8366
6318
4691
6132
9066
3633
5516
3801
9301
7205
985
4248
3932
9907
9370
8514
3819
4387
2833
5671
8668
8068
1788
8217
997
6044
1184
2864
3185
307
6423
1095
1762
9420
1478
8470
3126
8820
9456
1602
2665
8238
6291
6958
4928
9383
1597
6208
5913
4017
6762
8700
9817
9792
9326
2843
1643
8835
4376
4639
3975
1955
8257
3455
903
9563
7238
2210
4590
8912
3956
1593
330
6124
7406
5690
4023
589
8078
9424
1993
8813
8410
6616
6815
4560
163
1110
4371
2203
4545
2465
6773
624
7951
1946
2964
5703
6046
4239
3834
464
1568
5186
1490
3278
6740
6125
2972
6192
9423
955
7159
7387
3288
2900
9834
4072
6184
4182
5998
4684
7600
3233
365
2195
5674
948
6698
3497
6549
9561
4129
3408
4039
5172
3964
5645
5559
7694
3558
7278
1043
51
4851
7633
5195
1817
3860
7394
9840
1171
4043
8742
2333
3052
800
2767
8079
682
6580
6083
25
2246
6103
4657
5678
4484
8978
9125
2663
140
2676
2582
7144
6812
2244
8762
5528
603
4402
5811
8767
9144
2755
8438
347
5072
7717
9138
3549
2843
9464
7381
940
8874
4704
4209
9227
7455
8434
8481
5567
2599
9922
210
7225
9066
8155
5847
5083
4171
5713
183
2903
5638
1634
9593
8492
9805
3192
1783
9943
8739
3726
7879
0
4487
8662
3748
4228
3577
4689
8760
4186
5166
7682
1875
5066
1757
3436
6864
8369
2301
1494
795
4113
3667
6462
2457
3792
7949
3067
334
4839
9922
921
2925
9714
1032
2456
7749
7894
3762
2830
9207
7014
2972
3718
9621
226
8827
3880
2230
407
9343
8112
9712
8301
9229
2825
6875
881
5709
797
1556
8276
1324
9929
3517
2447
8308
770
7081
8477
9099
5448
9681
9806
2753
6260
5054
2036
7606
5618
6848
6043
6411
313
5635
33
1322
2139
9949
1932
2621
3782
9827
8001
6889
3610
9595
975
7418
5462
5112
1139
2120
9915
9571
6762
1924
1589
1069
6096
5691
3023
4644
1751
6081
9432
1250
9658
4448
175
6210
9089
1873
2206
115
7212
7715
7947
5833
1547
6711
5024
6311
6319
551
8160
9214
4203
150
4126
6078
3264
335
9107
5612
9942
9588
4109
3083
2923
3626
8086
278
9399
3124
377
3460
4802
2682
3705
9930
9437
233
6545
7352
601
3580
8939
3808
6761
3420
9022
741
1153
329
8421
5352
5768
6525
3497
3856
3094
1900
5931
2034
2245
7835
560
4947
8105
1587
575
3398
7002
8673
175
716
88
612
2620
9830
6051
617
7245
7191
8127
388
2459
7111
6430
7037
2983
7338
5576
351
8699
4280
9275
7082
9321
4191
8135
783
3828
4855
4240
2808
6087
798
6266
2530
8447
3951
1861
2593
3168
767
9790
8035
7556
6328
2985
6523
2393
5700
5029
606
4839
2909
6835
1884
6362
8311
7338
1312
3461
5817
1843
9454
3941
2508
4377
5454
4327
4452
5830
3739
4655
4237
7986
2988
5288
7668
4653
2828
6710
9365
4993
9843
7280
9572
901
6022
5858
7408
9827
9538
5856
8989
6758
9912
4843
2375
4286
7004
9095
5142
7628
6057
5650
4532
2289
9041
5374
4572
5622
5943
9282
9368
0
8310
6961
6838
4510
1363
295
2548
4136
282
7919
9053
243
913
5815
2148
3848
5054
7297
1772
3642
5735
1268
1972
3999
8453
1075
1288
4355
203
7541
2204
198
9327
8851
5868
7691
5683
6809
6235
8455
2459
3740
5963
8419
8069
6751
4907
4785
8998
6461
951
8152
2217
5378
1991
2635
8828
7094
7422
5399
8982
1212
7183
8471
1798
481
6573
9898
2988
6027
5396
8380
7213
3737
733
5332
1817
9883
3657
1044
3505
6874
1561
7019
9776
692
9374
4930
2506
9980
4970
3688
1894
3026
6283
52
5224
2964
288
4943
6335
3396
6853
7155
8547
6312
3729
8509
5870
1745
2439
9676
4781
3858
8678
3861
1585
1358
4978
6325
8440
1023
7865
1352
4485
1932
6507
4648
7206
4524
4932
8423
3157
3030
5304
8417
6463
1996
5460
7010
8158
7632
9928
4200
9328
2543
9982
8739
6291
8038
4962
4964
6588
1659
4016
7024
434
8815
4731
1059
3462
6518
2675
7656
3084
4043
3803
1440
2595
103
9872
1990
4283
8569
5542
474
5206
5146
4677
9335
7088
5508
2519
8186
4794
1366
9851
7645
6250
4703
5063
4292
332
1964
108
4110
8264
9389
6738
8876
8343
7877
133
9753
3459
767
8039
5061
5788
744
4904
4637
3285
2734
2100
1520
8173
8069
7353
2772
8468
1482
8691
5185
9790
6566
903
8337
6189
7198
5307
7006
5509
2148
6927
7311
6967
7590
6629
6104
6026
7548
9659
1118
4385
5470
6147
181
996
1038
3605
1382
3346
5110
6242
2526
6953
2239
984
7401
5012
4616
5500
8476
9429
3477
9248
436
9094
4018
4567
6689
1204
7682
1211
1419
6650
1337
4317
3062
1076
6288
2832
1184
9065
1329
2631
7668
89
3134
6191
4816
1375
4140
8576
7549
4613
2808
7685
4221
586
3608
5267
718
8203
4455
4012
5530
2178
7420
5213
9228
6651
4481
940
420
424
3877
4417
1654
3132
4162
2445
2969
725
2461
4039
7843
2874
620
220
6134
4594
7957
898
1277
9260
2141
6118
4471
474
348
614
6911
5770
1324
2555
2174
6035
5203
9657
4830
685
2026
8416
8059
141
1795
5121
2577
3967
8574
512
1579
5120
8668
3491
1504
8225
8247
3106
6477
2522
8885
2199
5006
8176
472
568
1179
8027
9677
256
8971
5535
8735
689
7525
3657
3726
6759
7318
8722
3667
8693
1945
7964
1809
8541
7962
9322
8296
4484
5675
7358
9020
779
7061
9694
8927
8174
3124
4237
9305
6826
1891
8660
7642
1427
9980
79
5543
6072
5221
4679
4883
4656
5170
4175
4878
1113
6503
8411
3098
2612
3269
1142
1550
8027
7773
9112
4938
3414
6459
2908
1944
6034
4573
1741
1960
8542
7638
3312
9077
5339
4774
4220
2336
3849
8794
5993
6265
4441
640
6745
8527
4119
1220
8728
2174
701
1986
7569
8402
6214
6702
9891
2008
460
780
2169
5791
8355
1253
5181
2038
7482
46
5212
8932
5563
5516
5300
7215
1036
2416
7232
7795
3812
8429
7742
4074
7378
6177
438
3765
7928
3248
8337
3688
946
9175
556
7651
767
7542
750
1856
4040
3426
4130
4507
3725
1252
4567
6291
6289
5773
3191
6228
1102
9416
5145
3011
7679
2458
1711
5422
3379
8672
896
6662
1454
7947
746
6497
6924
9125
6152
2015
5649
870
1703
2487
188
5688
299
6340
4569
2421
9618
8545
8911
5504
6317
4903
4000
5065
883
5616
5398
539
4415
4307
6417
1919
2324
250
9381
6950
8902
894
5019
9644
1041
9035
522
5343
8983
3948
7837
206
6938
8625
5093
8502
6619
5924
5737
9355
2339
4840
1868
5707
7135
4414
594
2178
5623
6820
4770
5228
727
3103
2417
8569
8273
4701
2308
9119
5538
1412
6737
3982
7271
1792
6349
6883
5471
5081
6020
3300
7237
4739
5262
7137
8389
2399
1420
8186
9239
7635
8964
8866
2882
3323
3642
764
5683
8570
5922
6362
4259
1196
4210
8977
3191
9582
4643
4466
2922
9310
935
1478
7892
3504
4686
3199
796
7016
3864
2405
37
3662
4745
3393
3979
2641
501
8893
7340
4918
7834
7416
2266
2899
1591
6665
8981
7026
6116
1601
8722
1060
1259
1572
4665
3781
420
9478
4961
8572
7781
7413
5661
3936
1971
7399
301
7390
3795
2904
7239
2358
6395
6682
5449
2713
7218
3132
4399
2418
2507
8849
3897
8383
6683
3359
5341
3065
957
3078
6675
9638
7765
5523
9547
6582
238
7460
8632
486
8790
278
9930
5494
126
8174
6919
5391
7528
9947
934
9598
5063
3162
4820
7519
2545
209
7019
6602
2546
9435
6605
8261
5500
902
8426
2345
4049
5575
1576
5267
3199
8772
3656
9066
8514
3572
7953
8704
669
7533
567
2719
958
6566
9779
7987
9053
3076
497
2792
1234
1617
2497
3681
4619
4193
2342
609
481
9093
5377
1829
7662
1661
5989
4605
5300
2786
1440
410
2596
1032
7029
3531
2212
7342
8056
170
3021
6993
7152
1085
7404
2135
3872
4538
8054
9632
7156
7930
9345
3149
246
5866
8721
5484
1961
9582
4270
7004
7832
7714
5680
8678
9563
1149
7099
3710
1495
5407
2090
65
8330
2385
2818
7248
9223
9590
7891
4667
9558
9054
5862
5591
3180
5
4301
287
4701
9060
7547
4258
3586
9228
9810
2661
9184
4333
4073
8
8578
8576
1463
4967
7228
1949
157
3770
5712
924
7720
2076
4577
448
5820
4416
3285
7649
1686
2370
8569
9839
6381
7470
2118
9441
5993
2504
7437
6262
8175
5373
990
3185
3127
2934
3278
4787
5062
8377
1367
9667
7494
4589
5589
6322
3245
7699
9597
9309
8002
9527
4793
7114
4441
5020
7243
5674
2463
925
7657
1810
9955
4926
2700
8959
7588
255
9034
3563
679
9410
9779
4202
878
2006
6828
7156
562
6027
1409
1445
3191
8793
9599
3619
3605
3792
9129
7550
3282
2209
8729
7318
6885
3450
1528
1927
8095
7271
9557
8995
4691
1190
7302
881
5105
816
8396
725
1270
7426
1086
7803
5491
6687
4852
1281
2252
4740
2738
8949
9442
3077
1351
2877
7277
1576
3218
7013
7371
9866
4298
2756
8870
815
2746
7233
3328
6314
3774
5623
5098
4799
9395
3255
9415
1956
1185
5369
6053
936
8780
2481
2472
6056
6786
7093
6697
4459
8011
3120
6839
3462
1481
2875
1110
7472
9579
7683
9477
7224
9826
7293
5678
5852
3320
134
6230
821
3637
1145
1261
8133
7152
6439
536
5347
8130
4372
6882
2965
9718
721
8353
9514
4994
1634
9970
4245
619
1761
5605
2817
9317
6546
707
5528
6390
7073
6935
4719
9788
3014
503
7821
2895
4268
7045
5193
4069
4689
7156
7349
7291
1943
8425
4501
3766
5973
1717
2417
5236
4817
1751
2528
5918
590
4614
941
1497
343
7737
546
392
6175
1070
2779
4631
6526
1751
751
5134
5868
8347
3439
8894
3161
4956
1425
3660
387
9865
8279
9047
1232
8285
8076
1714
6557
3730
8803
6223
7691
8034
3406
2511
769
5710
5137
5521
5346
4358
1459
2469
8353
9202
1314
8479
79
6459
3801
1849
2328
7217
2438
6113
133
769
