1373
9886
7353
5891
8660
6088
6662
6083
2047
4841
1069
6809
3093
5014
8261
9430
7526
6956
1434
961
5629
1032
2044
155
4591
3940
6634
7857
6916
5856
8497
826
6727
1395
2726
4613
6200
2600
8828
7686
7723
2746
8567
5988
3422
5607
7917
4380
2659
6008
1100
8993
9803
4000
1567
2451
9126
6778
9481
2094
1038
9600
7752
9894
4031
9381
9024
1569
9680
2399
4121
1568
3847
583
8433
47
5834
9242
6457
7747
8645
2775
6303
4762
7747
3872
5340
9592
2768
6058
5371
5578
6406
9023
725
2858
7506
1125
5480
5309
742
3704
6667
3589
3605
7372
8748
7375
2542
1360
923
2125
3976
3136
2905
8347
2668
7046
6651
4186
9453
7489
1289
5402
2686
4310
5936
333
2950
5484
463
1233
8516
4921
7375
7596
9867
1292
8937
1462
5181
7125
2430
9548
5095
6115
2975
2079
4288
582
7800
3626
9484
313
7952
6964
8309
8657
3521
6982
1106
1649
6252
8017
8298
1220
9023
4652
9182
4061
5174
2938
4115
3624
1874
6337
1014
3886
821
8202
8774
26
6443
578
4779
2947
6460
7261
1023
1716
2194
7623
3531
408
6313
6520
2736
3605
3850
4767
8272
7823
8274
4116
242
4561
8151
457
431
4289
1512
9045
1173
9734
4423
5953
6613
1110
7448
679
954
5542
8707
5832
969
7903
5074
1204
5506
487
3643
1125
3026
4534
4102
6028
9302
7458
8865
1371
1348
5834
1904
9684
339
5692
9117
4390
5862
8463
2734
7284
6159
3045
9821
5047
4213
1889
201
4051
7499
1757
2322
6813
9993
7844
6469
7972
8686
3347
3543
2392
3195
5213
4166
3109
6367
836
7262
2231
5748
9742
9473
3614
685
8932
6758
2170
7483
499
7372
976
5498
5356
1032
4047
380
7483
2533
9548
6737
8971
9349
5536
1446
7312
1804
7891
525
2882
1305
8000
7082
6393
6801
5970
5128
3157
2173
3669
4286
3499
7554
746
3363
6351
5728
5907
6539
6146
700
5204
4563
1482
9292
8878
4736
7716
8189
8347
7686
4640
8232
5386
6011
4706
4993
6204
9681
6867
9613
4188
5792
6046
6776
6395
5712
8502
7262
557
968
8878
1022
1273
339
5636
2947
6402
4487
7724
7578
7205
1258
6840
911
8714
4257
6452
7106
15
9701
850
5479
7642
1701
4956
8407
9138
4101
8341
3975
7980
7804
4958
8103
5514
6113
3488
9659
359
7018
1853
8646
772
615
3455
1925
930
1866
2014
3137
7736
3760
6482
3492
828
3610
7454
7931
4790
5707
1737
6783
9203
6813
2284
6493
9157
7119
6597
4261
6116
8172
7855
503
6601
1033
9522
9918
4076
2451
6026
6667
7625
4201
9175
1651
9524
886
2441
219
2681
4510
2973
6761
8028
9889
4257
8591
1439
3577
717
5289
9512
431
9219
1227
3651
6116
1464
8423
2270
935
5505
4014
1660
198
4324
1702
7093
9031
4251
9310
7070
4975
6320
5237
5259
43
9170
5048
6648
5002
2992
5688
6711
2537
187
8886
4962
2733
9912
7207
7184
3793
487
5884
3826
3310
5752
1096
5589
555
8908
682
1066
8229
101
6377
5431
2905
2086
7663
3665
7011
1663
6030
6557
1609
3259
5062
2814
8445
5029
6107
6022
1802
7160
1519
907
5538
6661
7455
9358
8343
2892
6029
3037
751
3272
2272
6037
708
9227
4785
8002
630
8256
228
5424
7765
9207
880
6394
1439
4332
1367
2000
5281
3501
5353
5779
9884
3077
5533
1141
1525
4395
537
5532
5545
4492
528
9258
8792
4858
9215
6344
4100
2282
3742
4574
1238
9582
5531
1966
2960
3012
4475
7323
1836
7410
6153
3199
3405
9798
6679
681
3842
7078
2657
6694
5828
3690
4353
6194
4591
673
8604
3592
7182
8436
4302
4
1997
1724
7295
5533
2241
6759
3504
8664
6604
7344
8679
8094
2770
8839
801
5824
4522
6338
6385
4179
1209
6146
5142
3588
9129
7677
8356
2401
7968
6293
5110
4809
1869
6272
7074
8004
3936
7081
6948
5143
4996
5454
7829
6359
2317
384
828
6122
1641
8061
6030
1567
6370
9055
7572
3054
1019
572
7026
5223
2182
2506
561
4025
9149
7177
4410
2861
8052
9131
59
8805
7945
3215
5289
8138
4610
6228
9673
8938
8000
9886
3498
7282
2249
605
7182
2813
2947
4643
4220
8848
4991
5502
4454
1992
5732
4205
6012
6325
2379
2024
3688
7598
9646
9567
8688
3626
3496
5730
9698
8048
9487
4961
8061
6007
9721
1547
466
1912
678
5142
1000
1443
5312
2679
701
2200
6720
7952
6784
19
7422
1664
5619
855
7802
1546
3242
1351
9660
4253
4671
4747
5950
8208
8636
2600
5781
9267
7459
6960
4541
9172
2777
2098
2613
106
6546
9648
2549
7354
3349
6139
3834
6064
4409
7265
6368
7416
5910
8969
8684
4118
4236
1450
4567
5077
8556
8509
2222
4358
6824
1351
3427
71
4718
2858
6226
4716
8273
5693
3605
9692
73
5117
2347
3166
5726
5361
795
2313
2042
6556
1601
8048
873
7795
5713
2810
2852
691
6821
9695
3445
6996
1282
4301
9644
3276
7151
9009
9421
5408
7344
3108
7593
5786
6202
1168
1186
6489
5773
6369
4529
2397
7953
5117
9358
9252
1329
4200
8023
3023
7018
2004
8505
8551
6103
827
8429
7442
2363
8243
1496
7431
7910
1610
3840
8048
6084
1344
9694
296
5479
5355
5454
1276
1349
9193
8731
8218
5793
3848
4314
224
6100
5935
2086
145
1431
3007
2902
3533
1617
135
7186
6322
8257
2583
7564
8041
7550
3364
1275
2701
6315
3810
242
5270
7519
9890
6755
7628
9287
6925
489
4265
1878
637
8245
4607
344
2972
1248
5848
6757
7059
6071
7416
4763
6801
4364
5802
963
3120
3419
6376
2160
681
4311
7039
4871
6016
6881
7055
3669
435
1109
3292
7875
8825
2613
5198
1951
8515
5906
9356
3521
740
2838
4175
4356
933
5208
5434
3924
3047
9915
3727
2104
7451
2223
5616
7551
1513
7709
1313
838
6966
6306
3033
7000
8358
2473
9837
391
2473
3971
6727
5850
9454
7992
8041
4127
2555
7460
7774
6200
4944
2192
2367
703
8782
9332
4699
996
3914
4953
1562
3607
958
4059
723
7739
6306
9355
7828
6319
4613
95
7883
2691
7723
1072
793
3451
7661
8407
5557
7161
5298
3152
3100
715
5644
5938
3441
9990
5283
5905
8912
9071
7462
4970
1515
2829
5528
4122
9094
909
6016
1886
2033
7308
8516
6360
9396
8610
670
1284
1082
5708
3105
3513
399
8349
949
3932
9742
9226
5664
6391
524
4475
3393
9536
7395
440
3739
4554
5900
2339
5962
7810
2215
9083
7941
1097
3360
9906
6936
3798
6379
2704
193
642
5378
1005
7692
5952
6040
6355
9031
244
8216
5584
1297
7930
8603
7864
5085
5442
7083
4794
1317
7589
2339
7828
2446
6194
4588
1283
7763
9152
5874
5910
4044
9900
1281
7523
9580
7031
7601
7551
1731
1257
9567
7552
5609
2270
7545
7687
4215
1172
4783
9954
8413
5102
6727
589
8517
9446
9732
2447
7904
9576
1558
7411
3116
8470
1450
922
4168
8746
3312
5559
3435
7654
1516
8292
1410
1401
5210
6478
2851
814
3669
990
7438
3790
2152
955
4872
1244
5047
3485
5584
2346
647
3553
4666
1705
9812
3650
8494
5873
8970
261
585
9048
6470
4343
5689
8164
85
5965
8865
5709
2667
9059
9315
4547
2382
859
7161
2789
3744
1983
4998
8315
5755
7370
5072
1958
3851
5320
7217
5530
3074
1722
2336
5905
909
9242
1104
9177
9575
6722
7847
9559
9192
2297
5093
6131
5219
4892
5159
6803
5842
2644
1329
2933
7553
3519
2653
9925
92
2965
3246
8835
5114
5756
9011
1509
6482
4391
2238
7106
3913
4348
7178
1012
5871
7313
7827
8056
2042
7104
2472
745
526
9410
8252
9776
9943
5710
2998
8480
2076
3770
878
5051
6367
1979
3043
6419
3618
2426
4363
5443
2581
8146
2605
8754
9777
3184
6967
5998
9846
314
8723
2521
995
81
7949
6571
7716
6638
6778
9014
838
328
1435
8240
3182
4363
2425
5441
7626
3089
4696
5781
3223
2310
7309
9090
4156
7951
5237
9691
5784
7914
4258
8698
1818
3431
3614
3721
6723
414
79
274
7889
8373
1392
6410
2775
4298
6653
7084
7300
1592
6162
7589
3065
9604
3482
6041
2652
7608
8026
3331
4207
8179
7341
5217
8788
8830
4467
5329
6540
7499
7214
9697
692
7034
3021
3168
1519
6144
5181
5522
6020
9491
3652
485
2824
7541
6395
3925
6040
7600
5267
8474
6208
1070
3847
605
1275
8362
3260
2725
5634
2133
6056
7254
640
1572
7515
1870
5735
5290
8359
5063
5360
8055
2782
9018
3131
7070
972
2445
1453
6816
5828
9438
1658
7543
9467
1690
7080
1444
6288
491
9029
2266
5850
1782
3537
8627
634
2272
4982
8711
888
7109
1185
4130
1155
9936
3444
3755
863
4283
4109
4086
4390
1202
3751
1354
4398
1811
9788
1948
5902
4988
8469
1994
7542
9825
2574
3964
831
9675
7850
8022
7764
9615
2262
8514
2120
1965
3464
1453
15
5180
1541
7168
837
9807
6046
3368
543
1533
8620
7814
5512
5377
5090
6487
6600
6970
3809
2713
9890
6586
248
5038
2723
9058
1358
6823
1029
8086
7051
8504
6746
6530
328
4250
2139
5257
2002
8363
1212
1859
790
3175
7104
7148
4581
9420
8334
1690
4144
2116
6063
6857
6200
9828
9192
4896
8845
2861
4000
306
8641
6404
316
466
5316
7940
6737
6919
7027
4339
3312
9944
6355
2975
1246
8147
4853
2908
5720
1673
1807
6771
9701
2342
1129
1274
3737
6534
8805
4490
9179
6936
2160
993
9997
7444
1356
1760
1426
1422
3012
4323
2050
7307
5572
84
9596
7096
6204
9935
9722
2668
9326
6374
1389
2048
7656
124
2005
2783
7632
1995
492
2368
2442
6132
6650
6338
7526
9144
741
3060
5375
676
8128
542
8748
4922
9916
4623
3982
9287
2116
9819
9010
5965
2585
3780
3884
4553
7176
3824
5134
8961
3913
9346
9145
9889
6794
7023
3859
4925
8845
6691
2605
1900
7440
4536
8596
7578
3580
6784
3757
2981
807
1504
928
8674
8750
8297
4193
8218
908
5676
8142
5633
6218
3747
3166
3216
9181
5463
578
9337
3907
3136
8296
1944
3271
8175
5086
2425
5583
1091
8983
6201
7659
5672
3385
960
4985
5960
2531
812
6787
7150
6607
4793
6247
1850
5556
1135
3863
1302
9818
4503
4994
7082
5695
2011
993
2565
2802
5243
7051
5038
1164
9728
8810
8681
5904
360
4166
5881
8201
1124
6270
9319
2207
124
8665
117
8940
6417
3771
7949
9858
3433
1448
7480
4739
4865
5261
1736
794
2836
251
7123
2522
4867
7498
6639
4701
5730
7578
7576
4159
2595
7135
7478
9451
7081
220
7464
1428
5764
8783
5167
1847
1516
4779
448
1596
1638
9713
5863
4930
5152
6102
376
1161
888
9383
9236
667
9992
8048
5115
7799
1375
4430
5607
9280
6261
8503
42
3035
8490
2295
4159
9035
517
3045
4669
708
1136
9165
6973
2751
9903
4182
8383
8735
4947
370
6087
9843
5374
5585
3769
4244
6876
3913
3335
5173
9269
3209
8505
4595
7707
298
5161
8500
5067
7735
9294
9332
1643
4311
7161
823
9684
5241
3814
612
4528
6928
5568
6402
1160
5508
9166
2144
4833
8011
5402
1750
7093
9892
7792
9177
4000
2948
7522
5379
1659
3160
4337
4578
5234
8916
9302
4594
1588
6208
9443
8541
2365
8915
6152
8123
3927
9087
8936
1957
2861
4255
3620
5872
965
6235
9398
6001
1613
8636
2301
9591
144
8331
3584
2954
4576
9517
265
744
9331
7702
1681
5818
3880
4901
251
4376
297
6674
6867
6749
8506
6235
1342
252
5739
797
6151
6856
7129
565
7347
5071
7721
1349
9984
2405
2237
7620
6622
2041
7869
4043
6594
4953
7115
9987
551
6594
2172
3338
9548
5479
9808
7046
417
9550
5751
4282
9489
5014
653
5817
4892
1497
5437
6286
3557
6852
2491
4394
2868
4690
517
5758
8434
7834
5158
6131
8850
1254
4489
7002
5526
8792
8354
5234
657
8984
3198
3297
9233
6646
9491
6928
1636
8518
7176
2574
1789
3237
5627
7872
2125
8194
8565
4597
659
8395
1080
4968
7398
5359
5454
9075
6956
7311
4837
3242
1803
5426
8998
6609
5863
4739
4337
5963
1335
2480
1154
6883
2538
1062
4754
2648
9363
7701
3403
1034
9465
7778
5365
3131
2731
4409
9292
7589
3744
2428
7109
8361
7980
1014
6165
3905
5294
5510
7948
1082
9893
5661
3916
7514
9428
4430
5110
2069
7108
8860
1137
4286
9805
2007
5839
77
2014
2887
1491
2831
209
9592
742
6173
4668
9247
5675
7057
6150
7326
6329
5617
2943
7992
6826
1278
9753
6586
5863
2941
3656
5175
9707
4816
3919
2145
108
8406
1874
7233
6541
5482
4222
4104
2081
6504
8158
3596
4839
3873
9541
2117
2415
9644
5942
1292
5066
2882
4878
6958
4425
2718
3787
7856
8508
9347
2356
6965
481
6687
9741
1325
8186
7248
8864
9405
3803
1863
7522
8603
8167
4366
1339
9291
2253
4052
6752
5991
9125
6814
3138
699
3253
9205
1976
8178
510
8368
7502
8117
1412
4774
7685
4455
2163
3997
6575
7869
2974
8399
9068
3483
740
9507
6950
2153
3681
7118
734
364
8797
1730
5237
727
9158
2753
8109
2326
6874
6149
9605
7790
9420
1635
8753
1810
1445
1391
5800
4094
1601
9339
3310
8235
4081
2488
8594
6819
7511
3580
8333
2255
9674
7334
2152
2265
5111
955
5692
8759
4073
3244
5298
8881
5530
5670
5808
7448
3989
3024
146
690
9697
941
4425
2238
4519
2480
5075
3634
1213
6207
5164
3306
2139
3769
5530
9885
4553
5845
2567
8053
3512
1507
8628
7659
202
7536
2868
9779
2979
1056
28
6574
829
941
2222
5355
4064
896
4061
1084
5093
9872
4606
5689
2861
3494
592
7047
8193
3597
4121
5263
3647
1597
4578
8935
759
5465
8941
9543
9569
9347
6819
7758
179
9498
6600
1543
3771
147
6859
2218
976
8125
2881
1330
8790
5677
1529
8139
3325
6718
9005
4769
4601
2991
5095
3722
1324
3092
4364
287
8128
9090
9505
644
5102
2642
4511
4950
9612
4902
5687
3557
3389
2265
6651
3643
3651
3074
9404
3021
5628
8747
7342
7639
5286
6494
7613
9406
5247
9774
9642
1345
3983
6950
3829
7809
8179
8223
9426
8521
846
5851
3453
6517
3241
2911
3100
1752
6934
1415
2557
4063
3475
1455
1441
1472
3025
9244
6082
2410
41
3410
6787
3315
3665
5695
3946
6301
2775
4354
3296
5100
884
5961
6027
1319
4004
4076
2523
7224
5396
1290
9496
5687
4739
4538
9011
2758
5662
2229
4488
3359
4811
5769
3150
6039
7652
7333
6574
8429
1097
364
1017
1037
664
9241
7020
3411
399
9739
3416
3296
7048
2534
4307
6411
6098
7817
8871
1732
6192
289
2884
4749
184
309
7767
9083
5613
8745
7639
5052
4750
242
7386
2289
4515
1994
5058
2378
9570
2915
61
6604
7653
1110
4549
3385
4847
5935
9168
9723
9873
4634
5913
1110
745
2497
190
4710
4153
9824
1432
1372
7792
8583
6575
3021
8528
6584
3555
3360
4772
7232
2617
1411
9719
8494
1653
9435
3199
5553
8085
9011
3846
7846
3831
1674
9965
2636
1829
3365
7056
4101
2254
5223
2292
9038
4083
6716
1426
7691
2993
973
1553
998
9704
6337
3992
3562
3830
2602
5093
5048
7056
5180
9258
1393
6036
5540
7636
1183
9788
1648
8030
1891
8570
7867
6389
5260
1207
9773
7932
1074
5692
5716
6430
3776
3494
3585
3452
6971
1461
8188
5503
6711
6479
1970
5876
5640
7092
9340
9798
6577
3204
2798
5951
5918
9657
7278
4842
4351
1999
7612
4639
4829
3091
2896
8075
5456
7299
671
9808
8049
5007
3290
2242
1443
3929
8633
9211
2354
5256
7406
1176
5553
2085
9667
2607
9455
4755
3938
2094
2812
2734
3278
8379
3148
5520
4036
997
7828
5656
4652
2489
4174
5401
3846
270
5953
4869
9784
132
9717
3499
4435
105
5971
8647
199
2942
6959
4721
9125
7825
4984
3869
8546
7091
2583
4474
797
1719
8653
6918
8857
139
2662
6958
4174
8500
2455
5865
7756
6990
9838
3036
655
5971
2136
1150
5411
7801
7203
6173
5708
5008
4003
4506
7520
3190
799
7393
1392
7467
8234
8341
2110
4613
5153
2763
9014
9106
866
299
7453
234
8758
9349
9491
9132
2621
240
9872
9171
8912
8143
1434
467
5241
9360
2743
9440
7839
4934
9501
7344
8493
3671
466
7470
4492
2585
8068
9328
3501
6581
3703
9533
8960
713
7734
3358
586
7786
4675
7932
8898
1232
4719
7935
2257
8213
3793
7318
9883
746
5689
6018
4538
3231
1431
8968
4116
3266
3042
5777
2275
8860
1115
3390
4384
9222
8201
759
6606
8215
2925
4092
2696
9252
2943
3606
5243
7887
8394
7885
5507
3748
1319
9899
8737
6511
698
9556
9940
1629
7186
1247
8393
242
6426
1267
7932
4313
4906
9216
3988
2353
7709
9539
7695
3383
3238
4198
1970
6698
6013
5158
4439
2903
4972
5822
7294
7258
1372
3869
4739
9872
7336
4018
4555
8498
3361
8202
1478
8792
725
2316
6596
3760
2581
3281
8777
8821
5779
7504
1239
1425
3968
1974
8829
4492
1359
2232
9314
1057
5699
7223
5034
3476
8453
9661
9648
4278
9981
1925
8380
7362
7560
1778
9173
7572
4535
9192
6450
3928
9576
5452
8823
6769
6031
8364
6996
1892
2741
2858
8382
5426
9292
4611
478
1598
669
5349
5945
1826
8543
2482
8490
7642
9007
2390
162
1833
9489
6253
7482
1884
763
9661
5919
7319
3528
2418
9698
7850
2841
2905
6631
2399
7866
2191
5738
9977
8821
6660
8803
2191
7845
4353
5659
3700
5522
9441
7030
1340
259
1300
8036
4836
3393
9495
93
2012
8946
3657
8887
9258
3264
7725
1316
3615
6459
1287
4883
6330
4498
6886
8859
8940
8089
1067
7754
2072
2087
8646
4090
3974
7040
4268
9307
546
2726
2624
8728
1099
2037
8902
8968
4430
2409
4007
3888
7911
1167
4879
8265
8255
578
8839
6727
6372
8227
2326
9160
292
8373
8584
2821
9544
383
5931
5653
1548
1020
8078
4969
5605
8418
641
563
2875
6889
3454
1562
1400
3367
6598
1909
3632
8272
9156
197
229
5817
3624
5798
7914
1412
5629
4693
1119
6675
8150
5233
6793
5822
1804
6175
9293
678
7901
6765
7575
5442
8966
1392
68
6450
2220
9392
3521
6663
5107
3932
911
9379
8362
2627
41
756
1377
6487
8872
6117
6616
3140
5801
761
4723
4860
3127
1979
9614
1903
9758
5354
3321
6845
4857
5047
3664
6231
7564
4747
3903
1663
9187
3245
2471
3658
3346
6149
2585
8122
6412
3202
6095
7037
5310
8837
3287
2148
2235
2162
489
2799
6174
1368
358
6867
9255
6756
5477
6768
1885
5976
4500
888
4411
4913
1530
4465
4601
7690
3594
2969
9626
9693
8171
5291
8429
8213
2533
3713
5373
6346
9379
2529
8874
7105
8659
7463
9382
6377
3839
3554
9489
5298
1909
70
5229
4903
384
7191
1701
8500
1270
682
8016
104
1488
7608
6287
507
1644
8228
6884
6039
151
6681
7479
8976
7726
5765
6580
2632
8049
9232
3166
8695
3996
8334
2799
9108
5266
8059
7189
9886
2426
2514
8535
9677
4499
8165
2184
1578
2002
8318
1166
2734
5058
2117
3959
2602
6670
6603
2499
7399
4523
926
887
5230
799
7660
6498
3649
8411
7384
4283
9009
3762
9142
1927
4857
708
1251
8239
4824
7746
3998
9631
4017
602
8231
9910
1727
5387
1582
6687
7440
3287
7121
3710
1583
6324
7589
2140
2227
5183
2079
5398
9052
4291
989
1565
6279
6412
9397
4543
6969
8830
8628
170
2168
5907
709
6326
9636
8241
650
6675
8629
6973
7052
6172
9093
2860
2411
2684
5977
3685
670
3176
1882
275
1047
4787
4237
949
4010
810
6355
6577
7356
9115
5267
3588
7792
5876
3070
247
6171
568
2677
2309
2584
9198
3303
7778
869
1449
5824
6886
800
4008
3216
2652
197
6736
6669
9438
8513
524
3731
1738
8067
5702
795
3122
9029
7680
8642
5750
9499
2130
6368
4117
2603
5497
5994
2847
8352
7829
7334
7235
9241
4061
290
6971
5032
6695
9634
8027
3973
7593
5549
5045
4830
9034
1740
6712
6543
4582
1752
9612
50
8375
3280
1806
9896
7461
9732
6031
1594
5503
8065
3784
4406
7801
2026
5823
8183
6929
290
1635
7243
5496
9749
273
3845
7544
5199
7660
8788
2928
8006
886
6871
9653
8019
8366
535
7571
4906
5802
5874
3148
7428
1802
1357
9022
1693
3772
1135
4020
2369
4195
1588
8938
4054
9794
1890
957
3480
1235
6811
4842
7130
9003
2717
2236
2942
1862
5766
1291
9270
7944
4706
7653
9033
4900
9312
4370
2075
4787
9554
2705
4165
1402
9830
7995
6760
2630
7268
4755
7710
8043
3007
2997
9385
2454
620
3410
7394
9428
6393
2473
9986
4861
2043
9833
5546
9647
1660
9367
3140
2174
1107
2214
9000
5954
9974
4767
26
5017
3256
7137
3933
9896
2384
7894
4486
9968
2964
9062
9425
3760
9657
1255
8158
7382
6974
2639
6042
2687
8468
6937
2204
1005
5786
5110
8215
5295
3347
2531
5667
3457
4051
8486
1719
8178
6319
7639
3013
4195
3053
3762
30
2115
8630
4461
5883
9070
916
1873
5859
365
1490
8433
6594
3056
8727
8623
6638
1865
5234
7386
3443
272
3218
3326
5262
4719
8821
211
335
7889
9188
3362
9870
7799
4092
8504
5783
3025
7317
9400
8952
839
1678
7159
8819
4230
5537
8493
570
5838
8007
2406
1852
1669
4634
4790
6989
5161
5289
8248
3018
2591
1236
73
8503
4165
8918
4784
3053
1195
3848
8861
2744
8701
9191
4400
4233
4497
112
5303
8258
366
6767
4294
1418
8289
5942
1582
3659
4830
3770
6313
7745
9805
9703
59
6113
1104
4967
7590
9997
6180
7106
3887
5480
2100
5907
7945
1202
318
4963
3319
2880
9331
7473
2524
486
8266
4490
7437
4969
7101
8723
673
2731
4684
7309
3523
7736
4044
2459
4499
3072
5538
9807
8809
6086
2357
429
3109
3771
9585
4033
1828
8015
7578
7582
1000
3510
2785
5786
3087
4657
4269
7275
1578
1641
2213
3054
7295
9992
5439
1867
9278
2427
8594
484
1875
6513
6085
5599
6266
6827
9044
8026
8976
5630
3670
9178
2202
1845
4137
4439
723
4105
920
7982
8029
2
5886
8798
9922
313
8767
8298
7280
3945
5745
5686
961
6599
9808
8502
867
3767
4232
2224
8106
6552
5123
4610
3836
7039
6276
7611
956
8444
9798
2090
5060
4122
8890
8327
9252
8667
5020
8377
3353
3785
267
4673
1780
1419
7083
2984
5971
6665
1909
6811
6593
3450
6155
4627
7986
6621
7878
962
2285
5155
175
7293
3509
2508
7788
8929
2525
1794
1704
9636
2231
5422
2623
6617
8602
1136
8114
4653
7265
8936
4985
9697
7188
6313
7931
9014
2764
2395
7892
7096
3052
5174
8719
3993
2296
9777
8700
5464
8958
9927
4328
2394
1440
9187
7265
293
7463
3360
1876
8395
594
504
9958
1836
1850
428
1303
9721
6461
1230
3604
6511
5913
6496
2865
4062
3198
3073
5980
6939
4837
6025
400
4144
6698
4309
1948
6282
1877
7998
731
8381
7985
5466
6839
5052
8085
6859
2059
6505
4194
8353
1187
1045
4795
278
6684
2098
8121
987
3406
5576
1101
7502
5920
6438
9813
3458
9530
1667
1051
4607
7549
578
6172
2260
1589
2361
7789
5425
8662
5060
7063
3135
8760
9824
4363
9443
9248
9187
8883
4970
7856
8388
3432
452
4378
4271
9084
9782
2281
7227
597
2250
5326
7758
7621
6327
1049
793
8578
179
2498
7653
3794
7386
1949
7706
1980
9782
5507
9165
9480
3249
5489
1251
4844
6381
8243
7968
2205
6450
8693
7139
5744
1849
9303
7006
4055
5283
368
6710
7632
7385
620
6260
4895
6146
1935
6235
2170
3559
9649
7373
869
7244
431
5474
765
1432
2960
7563
1659
8695
2781
1171
7053
1036
1586
9735
2481
6582
2942
3636
8029
6000
989
8199
9303
975
6018
7080
3582
5614
977
1919
8240
482
5952
6872
6634
8118
3444
9691
2624
8352
5892
9384
8629
1509
8266
4190
3716
7680
2839
2574
7587
648
222
4266
3536
5743
672
7989
8455
1966
2274
7438
790
16
8152
7341
7981
9546
3074
6968
3372
900
1012
9323
8833
8884
9036
460
3409
8705
9733
4827
197
7102
3834
9369
3343
4923
7097
1232
4577
917
673
1352
4003
339
2138
8927
3019
6149
5187
9878
8167
5003
9575
5721
3495
5051
9310
7991
5570
7619
6337
7327
9665
261
8981
5662
7854
4382
9283
4553
9748
6657
1025
2630
4421
9802
711
398
7730
4913
7071
1156
2667
4552
763
2692
1628
3025
4844
5589
8592
7888
8332
449
6047
4629
9707
8183
6232
4670
4561
4609
8747
5366
1771
3047
6920
9526
5541
6320
3455
1103
6460
2673
1826
3204
3320
8428
3641
4300
8856
3936
3779
8645
6802
8340
4489
7294
4687
2985
6821
6811
6662
2928
2790
3815
3309
942
4488
4821
857
8626
6979
2499
531
4824
292
1426
9854
2399
2050
8703
1642
596
6372
7358
3162
1738
6565
3405
7470
7772
8797
598
1273
4346
1497
475
8862
7481
499
9104
9619
687
3122
6115
7393
8408
5308
6033
3646
5048
4692
6748
2695
7527
9071
4994
6592
3293
4111
4151
9225
5037
6321
5379
4094
7963
7352
9116
7851
5417
3487
311
2209
3891
9825
7434
85
9016
2114
2230
7954
9991
439
4488
5329
1089
8063
3686
3967
5394
5569
7241
3984
7690
5185
3353
1395
584
2666
4913
1761
345
4423
9813
7606
6706
5738
2135
3066
3915
1843
8153
7822
8710
7410
870
3793
4555
1548
6900
2290
485
4820
9880
6384
7199
1967
5354
3071
2668
9044
3048
2510
4468
6491
3837
7069
6260
307
321
1216
1431
1928
1911
4388
7753
3682
7588
2893
3120
760
2100
3626
3894
2523
4251
1918
4221
5677
9150
8202
6777
9341
9815
3321
2851
7360
7376
322
2409
6365
3248
1323
2836
8996
1127
1685
8433
507
1436
109
1412
3500
5914
2526
9150
9956
5490
9671
1740
1912
228
3104
8522
2130
6221
2088
2185
3964
608
4232
4311
5217
2551
6082
6734
4274
4978
5954
9021
8021
9161
217
3499
152
1800
5967
5806
5349
2166
7569
699
9501
5090
1892
10
8665
4095
7246
2046
9774
7814
3992
9497
4229
1978
587
5941
1484
8734
7447
9446
3458
4821
2405
5403
2218
213
5780
9765
2725
9260
122
8135
9660
7038
9532
5792
2341
4683
6142
8653
4575
8789
6801
5445
6916
1613
1323
6874
7246
805
4734
8492
1864
9631
9894
106
3335
1269
3580
6098
3238
3642
8667
7816
7640
4470
7401
1308
657
9759
5902
1127
6740
2761
8051
3650
5530
4607
7667
1435
3982
2274
1511
3496
9310
4322
2058
5061
2806
9913
8200
4368
9008
2051
4115
3372
6880
1670
1340
3840
9682
5226
6800
257
8008
4808
0
6199
6145
6407
5874
1392
5308
8948
5906
2541
8604
3994
9040
2203
1624
3584
5624
6453
9463
1575
2192
3934
5653
2097
2214
5951
1015
7217
8130
9751
755
4773
2962
4842
6250
6484
5576
5271
3942
5887
2284
9161
7502
5467
8873
456
995
2381
1414
6867
175
2624
1185
2267
6219
4178
8967
1440
1251
703
6571
3
7776
8678
8983
2561
4833
2560
8777
7735
2100
4457
5556
9530
9425
7138
7103
746
3367
1730
5646
5582
4195
4415
2185
5402
6478
9600
4178
3784
3940
594
7059
4347
4552
2643
8026
7650
4972
7338
1342
1469
4400
1862
7985
2164
6668
1329
8899
3510
5953
7548
340
3352
5897
2945
1833
7775
4113
4095
2121
7087
4050
5342
6156
7823
4033
9300
6650
279
8918
7732
6996
1567
3259
3190
8492
119
6118
9148
3681
8702
6755
3913
9391
9533
7310
1475
7560
6862
3250
741
9315
9528
4936
3045
7919
8431
3909
6712
9194
1571
5690
6593
3817
2418
6795
5950
4463
5684
7459
7837
2234
8308
3096
3223
1001
2409
6960
3503
5338
1308
3600
5743
7589
9310
7795
53
2266
893
6388
9782
1459
5174
1154
6937
3229
7086
9226
7120
6055
7584
3892
627
6329
1354
2637
8871
2612
2010
1205
8246
9918
1567
2114
6731
9633
3100
3633
2067
5851
2915
467
4180
6884
1331
619
8676
1495
9199
3773
2679
3006
671
5346
9091
844
1413
6908
403
8337
5435
8075
8619
7576
3038
7133
3547
7055
6987
7728
7746
5428
3943
6714
2749
5236
3455
3922
7846
3716
7331
8059
9655
3935
8126
4188
7999
8378
6619
7331
1189
8889
4677
3609
1710
1359
1693
5035
1539
940
9918
6593
4809
3723
6425
4538
4425
3785
7198
3013
8334
321
1889
2007
662
8155
6154
3440
2671
6374
2174
3746
8586
4016
6943
693
1763
8824
2218
9391
7349
4904
9654
7436
8640
7801
9569
1966
5654
990
2028
2048
6107
6060
4497
8246
945
9977
1182
7490
8830
6739
5360
5436
6608
7433
7478
398
5651
2291
8646
2611
7206
655
1214
126
3389
9939
5606
7919
4306
2678
5296
9972
5942
1503
9879
5006
7915
5517
9557
5303
4954
7959
3044
4654
1086
4249
4884
5816
860
1579
7491
96
7718
6043
7822
1655
5578
990
8547
6987
6093
726
8813
5611
654
7030
248
1520
3196
2001
9742
6138
7134
9723
1695
2647
7340
905
8946
8403
5965
9251
3383
6886
9158
5623
4353
3100
202
6255
5442
6704
3484
4244
7917
5257
2822
9327
2185
5926
7163
9574
7013
7757
6423
37
9887
8179
341
7600
952
6811
3609
8365
7202
6817
1263
3708
3283
9088
9336
3854
144
7325
7119
3255
3050
2757
9020
379
6029
5667
5983
5607
657
7141
8691
4849
3314
8564
7380
3227
6515
8228
5980
2708
6716
4164
1518
9925
3137
9756
3235
5589
9563
4098
9729
4877
3830
2102
6547
8968
7759
388
1158
1501
3670
3700
6980
163
2295
3180
3231
2801
898
2219
2792
9550
9711
7793
5949
7277
9430
5217
3940
322
2431
2045
2549
2007
5620
2513
2651
4659
3379
7342
1564
1995
4953
4989
6355
6660
1789
9507
7819
7393
6834
7058
1761
4881
9631
7816
2416
2692
8123
2519
1379
9834
560
3229
4236
4498
8602
6028
6262
4303
5803
9285
7991
6974
4011
4917
1259
6819
3899
1642
6385
6560
4848
8571
1585
1158
3707
4737
6404
86
1564
5112
1974
7204
2599
6539
2282
2846
9349
7595
2216
1025
4241
4880
188
5772
8147
4465
5367
4532
2886
1329
2154
3281
6079
1472
7425
7550
3597
1101
9308
5916
6936
4808
9742
7670
298
9958
6934
4366
4900
7654
7988
5723
6081
1596
6400
3983
2162
4893
3940
7228
2679
1487
1498
1381
7606
3201
8877
2680
8518
5652
9234
7238
7208
6247
9897
2005
7265
5342
7608
1879
9326
7227
2920
1056
1277
1108
5412
2765
553
3458
8673
488
6880
2227
1604
5470
266
260
455
9869
881
9972
4282
2264
4577
3856
4959
2379
227
5695
1803
4891
2811
5509
9945
7945
9231
7200
1087
647
2206
1624
5058
5167
1280
9388
640
3369
8977
7054
4572
4884
4426
7643
8338
3417
6420
1314
3351
736
2788
4942
6521
3273
3215
9949
9819
4563
8181
6160
9411
7837
7599
5777
2229
7012
8865
5554
420
1047
5562
7228
7013
6178
4857
5890
9371
2890
3738
3514
508
9655
1694
209
2181
3445
152
8845
7852
7828
7081
9688
8030
3026
8495
434
5320
8780
7325
3582
1571
47
4070
7504
4914
7635
2976
9732
217
701
2105
1028
2477
5726
5584
6594
9035
7060
1563
6428
3131
7402
9990
287
8292
2698
140
3960
317
4859
9067
2632
1198
7422
8599
4019
7246
3816
321
8636
1872
5248
5116
7068
2022
5415
6258
4443
6083
2180
2783
450
251
2180
2954
9174
9792
2931
5962
6781
1413
8386
3723
6682
3053
8166
3618
1162
7789
7699
7294
5665
9287
6371
330
6949
7226
3436
2432
9129
2490
6960
8119
2275
3545
9288
3395
6670
7406
3713
4766
2091
859
868
3159
5566
194
142
6787
2917
609
931
3804
9128
9651
902
7723
52
2598
3618
6000
3323
1505
5832
4918
9463
3811
5575
1990
5109
838
5739
434
9074
1320
4298
8985
8487
161
1519
4283
6692
8042
6562
2394
6730
3191
728
632
4287
2671
2273
793
1772
6872
8184
142
858
7541
1606
7059
4233
6659
9722
4120
8608
726
5777
2568
54
2632
700
8622
9666
1168
4298
3882
2226
6458
3343
9201
3057
8113
4069
3838
8574
1747
9541
9439
4179
8647
8161
1450
9094
2846
8202
8947
1485
9629
4631
7536
8799
9597
8755
8978
7621
2791
8239
5493
4566
8117
4905
6332
4719
4322
397
9120
6952
118
5250
8716
6106
2695
5224
1923
455
5826
9848
7207
9119
1053
2032
4794
8204
8019
4351
4007
6280
2918
7126
1492
9551
7241
5797
6131
4548
2536
240
3838
1531
717
6659
8209
4870
3628
3479
1034
7689
17
6266
54
6761
2850
3116
28
231
5003
1187
7170
5151
6736
7086
6323
3977
4101
8677
4852
9200
3433
3540
7168
3112
3436
9798
9059
5334
2997
8305
1522
4183
9865
1309
9707
9212
2551
1602
3718
1340
5459
7922
4555
3856
5093
6873
241
2293
3457
9040
4348
3674
3239
7073
1524
5950
8246
6564
2381
6591
1690
6269
3191
5231
4390
2877
4140
9035
4723
6912
3649
1022
2271
608
5198
976
7474
5616
7446
5744
349
8273
8019
774
2323
2813
6312
7525
6610
8399
840
2045
4160
4122
2297
8444
4225
7232
4288
7269
820
3790
9917
2819
8962
7624
3908
5384
7481
3059
6720
4027
8386
9210
9255
3077
6311
8803
4195
823
5402
2474
2717
1999
5152
288
3432
6642
1156
5797
3735
6640
1535
4420
2441
7851
4858
7103
6586
89
810
2309
4561
9438
541
4192
2387
7390
9680
2523
9853
9106
3319
369
8488
8747
8933
8865
3908
3260
165
4468
919
7278
1659
3046
974
842
2759
6868
8049
8565
5732
5077
817
3523
2440
5620
6132
1714
1869
6761
1237
3191
9801
9257
9893
4158
1023
6116
643
243
3967
5415
3824
4923
7428
3092
7609
8646
9098
6862
2351
3597
6070
9424
6822
6231
8152
9015
9541
4710
5878
7981
3336
1222
6445
5582
1508
9765
2417
9462
9545
8454
58
1398
7181
1645
6381
6781
1793
1269
6614
4076
5609
8616
6677
5
6029
7560
8480
8570
449
7659
9374
7193
4431
951
921
1244
4817
9356
6319
8976
7397
567
249
2561
2163
9054
9713
7250
7833
5398
9513
9989
1320
1536
1415
813
7148
1712
1756
5212
6416
8926
8291
3321
4860
4507
3389
2279
4788
4056
7371
1382
6242
6471
2712
5751
8582
4010
7126
3175
4910
425
1137
490
8187
1091
3634
423
9775
3738
7127
7157
8181
923
2937
9071
8271
5677
5413
42
8940
9919
3376
6541
266
1170
6518
6316
9589
6841
4186
5889
9583
6973
4128
8319
440
5677
9150
9734
2535
8695
347
2964
5605
9571
6599
9304
5390
9675
1379
4886
8918
8016
9531
6454
5188
5184
8678
2416
8867
2052
2171
8997
806
7921
3095
7990
658
4686
1725
2217
3707
3290
2070
7094
6119
6262
6640
1902
273
5425
2412
2348
4566
7020
5157
6748
136
7447
3687
1828
332
1541
434
499
7430
1928
9780
3229
5092
2345
1041
6659
4369
35
8642
7965
5673
2327
8108
1138
9072
329
2788
1824
498
8296
2920
677
2041
709
5563
1252
330
310
1245
7409
8219
9461
724
6902
1486
4055
3185
2402
4024
3894
5388
8514
2182
5993
9839
3545
1289
7549
8855
7758
5169
3491
569
5611
2516
9439
2385
8121
2331
4676
7154
2872
4358
1318
7434
3449
9401
5228
3622
7094
8740
1438
2404
9244
1473
1847
3058
6286
3541
5777
443
3319
2451
4616
5158
2034
7241
219
3342
4902
4130
2989
838
5784
4459
9655
9047
3813
3037
2624
2678
6926
1784
2489
2851
3791
5731
2802
2485
8022
5817
1514
4787
6583
5702
6640
9776
5034
7852
4650
8264
5909
7542
8840
7460
2915
2078
1512
7495
2876
6552
8191
3514
9385
6753
4276
3744
6971
4451
4557
9937
2281
239
3843
2937
9218
4338
2573
2778
8303
6320
4752
9671
6605
601
6776
9519
3519
5716
4834
5177
9384
1891
5400
2608
8487
3215
8082
9243
5345
7879
2562
432
3329
2320
1706
8677
7660
2910
1059
9509
623
1840
859
7312
5410
2254
515
4201
6464
1339
7003
5118
8386
9101
8087
2732
2533
4840
8397
6444
271
2965
1477
793
4536
4724
3680
9943
6800
2669
6458
6537
4869
215
2028
5203
8009
9563
3653
3242
9843
7377
5859
3639
6160
9157
1786
8431
4343
33
4566
3669
3461
1806
7141
750
9250
3530
249
2732
6163
5644
1439
8379
9496
5740
8931
1171
4156
7400
2883
5269
3097
2241
3226
5522
7648
9285
7571
4000
4007
5074
4940
1259
5039
2596
1028
6547
4160
6984
8582
7527
8590
1212
2065
6730
2539
5584
9260
8894
6984
641
3705
664
1634
4333
937
1676
6385
781
8392
3967
4126
9747
3527
4866
4097
3071
7216
7039
5170
6765
9810
8206
1419
5172
5382
2191
8101
6682
5628
2442
4807
8868
8639
8912
3944
4550
9362
9303
6933
9338
7912
6064
7557
5479
9144
1239
1750
6458
1847
2303
5766
1746
8797
3460
168
1313
9506
8499
5353
5114
5966
3319
5433
3567
7939
8455
1227
1299
8430
4565
9811
7863
1848
6714
7656
5975
7063
6520
6697
9923
5088
4738
7886
4245
6419
712
4717
5493
6212
9255
23
7989
6426
3
2963
7819
2803
9048
9501
8005
1158
7747
8929
1803
1805
9002
1023
348
3165
7033
3272
5515
5599
2667
5289
8794
4338
2529
7986
2203
6022
7150
8395
7835
6781
9986
7105
8502
1090
6610
4232
3120
9672
928
1516
6966
1618
3160
2748
8758
590
2576
2005
3615
7490
6443
9422
3395
2278
5540
7122
3647
5791
5698
3799
9479
8324
4318
4976
990
5530
579
7443
2635
3736
8141
555
9844
6185
9540
4151
547
8886
2210
2678
8886
9789
7052
7792
3279
7799
1852
7177
1311
8797
3461
5608
9435
4271
4645
5410
6346
4439
3764
7341
5088
1776
8044
9712
431
2809
4096
3031
4872
5659
2551
9879
8716
8402
7215
4836
7166
8574
2964
7289
32
7327
779
731
7785
2659
2752
5764
1019
4928
4700
434
9072
4406
9085
770
7555
5035
6361
6405
3837
727
8563
1061
4168
576
4993
5285
6029
7164
6187
9368
4577
7767
8999
7607
2568
1746
2604
1226
9045
8621
2501
6147
3249
452
7165
3558
6688
8987
9926
5757
8135
2766
6846
7098
3424
1864
9893
39
4346
8291
3557
9272
8710
8189
2200
2698
6662
7914
4884
6621
6744
9864
4213
3944
8858
5479
5807
8386
279
2207
5420
4779
5178
8463
1429
5343
7738
5584
1464
4533
3867
8619
3250
494
6767
8439
1428
9487
7170
6068
4038
717
9912
6441
4668
2947
4723
2815
8822
974
569
4989
5984
9615
9730
4166
2060
5182
9877
4786
408
9605
9868
9023
3502
340
7726
2722
1418
9968
7305
2536
7814
3033
3526
2784
8839
4056
4764
7078
5474
9885
4916
4225
5255
1608
7047
33
4996
6091
5073
6714
2182
4870
9917
9370
9022
8612
1782
4695
9825
8641
771
470
9305
3144
3935
5686
6691
4566
8009
199
8145
6455
3620
9733
7841
2541
8507
6684
6299
8195
4468
9765
3097
4582
5127
5788
9907
8788
9416
5052
8956
9009
8656
7746
1484
2488
3558
2516
533
5285
1099
9952
2504
7225
238
3104
2301
2382
9748
4352
7620
5325
1060
2958
8928
6011
3922
448
3063
1707
2971
1613
9993
2569
8807
7365
4255
8674
8086
1933
4879
158
3303
973
169
8877
4414
9033
6623
9532
1302
4531
4494
569
8154
7892
6011
306
8292
3836
6115
1748
721
1909
9722
307
7721
351
3983
2288
6175
7094
8794
8383
4023
8289
3879
5658
7198
9160
6201
3561
1727
4126
7131
4335
306
3212
4853
5867
2555
9528
3828
5512
3446
8273
9767
6692
4929
1156
5545
6198
1643
1369
748
9029
2808
3346
5151
9318
8866
8409
4318
460
3247
2110
3707
4905
6772
1570
6230
4214
4615
1467
7018
3005
3501
5428
8313
6171
9880
5557
6864
7364
8170
6558
5975
8158
1860
2528
4457
1538
9246
3823
5120
382
9881
8664
6154
1492
7455
9087
9795
8354
9727
3737
3974
1316
6392
573
4337
2163
1324
1055
5953
1140
6493
3598
6322
8442
1047
8187
3881
8863
539
5904
9095
7884
8082
6835
8451
9796
1351
7320
5177
3653
6749
2839
4368
805
4845
5972
4334
8551
9200
9780
454
8085
4105
5778
2603
1283
5410
2168
2288
136
2640
2450
1055
4675
9872
6686
7415
60
7498
7721
5588
1205
6908
2469
5676
3778
5381
4040
1550
3681
9019
3889
9684
3269
7450
4454
9454
1432
5175
1833
2992
6424
963
4892
609
4859
8472
1942
5994
7629
8421
8600
3927
3699
5056
786
2091
5673
7385
4936
7705
6850
8748
3464
9169
8076
6623
7259
2685
4108
8262
8587
3920
3454
6760
7135
5149
2676
6441
9144
9056
6007
6084
4592
1379
3789
3432
197
5940
8739
4682
6645
7229
7305
8198
6916
7690
4515
2565
8817
9134
4618
5293
8904
278
6544
9945
6892
5321
2752
6311
9297
1679
2408
330
8615
8523
4964
7921
9624
1600
8220
9607
7567
3981
5733
903
3885
6822
2024
6762
3955
9021
476
7105
7851
9717
8034
4417
9525
3007
2838
3719
2025
9947
5821
9836
6334
8934
4916
6813
9284
1913
1035
9578
1609
484
8261
8512
638
2978
6777
3441
3420
803
6020
4757
5113
1
7217
5880
4381
1804
9056
3043
2215
4233
7559
5554
3126
5287
1409
2064
7965
7104
6960
6167
5769
9655
2943
7669
7972
1943
3494
4267
2085
8522
9533
2043
3523
9169
2772
2168
3631
1
3644
5539
9172
4998
4321
6662
3543
7957
652
3056
2799
6197
2310
6674
225
9026
8761
9396
1612
5924
9740
5542
9667
1665
2863
496
81
8207
7695
6066
3606
6059
5197
9971
8268
1078
3745
9009
3270
6130
8160
2856
1536
926
6119
8199
923
7479
7112
985
5113
3083
2742
7900
3940
7515
3539
6906
9483
6206
6731
631
8639
6589
1417
5750
5091
475
2467
6066
3595
1399
2133
6973
7324
2160
8825
4212
4663
4473
5810
375
5260
9585
8685
8508
6443
6002
9395
3320
147
8036
6305
7016
7397
6828
4351
8567
2098
3648
6678
2367
8365
3871
9317
4625
5982
8811
3449
3629
6692
1772
5574
3042
9970
4133
4526
5758
700
7060
5685
9562
2735
4508
6954
4791
1725
3624
8139
8529
7765
9306
5177
9462
3455
770
3377
2490
5774
9252
9277
2383
786
7672
9025
1382
8689
5013
2300
6468
2926
480
4702
8234
1183
5039
8259
4768
7979
905
9256
790
8233
2697
4933
4363
8727
7542
5767
973
9685
5238
8042
7492
1840
3732
2177
6594
5294
9634
5921
5579
5244
8262
7900
2231
6222
2821
6275
4320
866
7668
9257
8692
1466
6400
9136
488
2493
1455
9096
2963
200
8315
2606
3638
959
4004
8438
3067
3495
6566
495
8351
1398
9470
512
4750
1405
2484
3465
5203
9784
8449
22
9394
3895
3614
7759
1113
8481
7705
2999
5090
6574
8738
8139
2236
3041
6754
5096
5266
4732
86
4125
5060
4964
7584
8669
1797
1635
265
1131
3881
7654
6305
1498
2010
9570
3954
610
5315
5293
8020
2507
1490
4611
6892
5807
3005
6868
8700
2319
7112
8580
7218
2216
8197
64
354
9017
7200
4187
6673
4343
4349
2265
8294
1946
8241
1814
1735
2892
6423
8373
1764
8913
61
8938
7201
8947
8042
7692
1734
4645
3873
5645
7269
4281
2165
4577
2156
841
118
2232
1652
9376
3450
105
3452
682
5516
7368
6770
3258
2962
4467
9534
3147
1224
7781
4548
1750
8394
2325
2153
4981
6542
2966
3877
3252
5474
5856
8841
679
5050
869
2253
3637
8703
2707
3268
3324
2617
3043
7655
4367
2102
8585
9275
1636
9183
239
3191
445
3131
6726
2388
1091
8729
1916
9548
7282
5442
8937
5092
9445
4344
5644
2794
8096
8621
5477
4670
9534
7823
4875
7565
5944
5606
3468
4873
4684
5685
6062
8176
6982
918
6087
5230
4595
6038
8603
2696
4053
5387
7253
4277
2045
3209
3577
7530
2223
5537
9040
5498
3262
9539
9767
2542
332
8276
1544
7264
7331
6277
7924
9257
5206
4084
7423
562
2462
7959
6767
7187
7586
4331
5847
801
9498
7223
6691
5817
1414
922
3076
2483
5494
9435
9648
2286
552
8900
9401
8036
2730
9070
6198
7310
9547
5198
4662
4585
1004
2249
3184
4380
7541
9191
7086
4960
3557
2344
8030
9779
6927
3212
2654
1727
9492
8074
8117
3447
859
3700
4737
5533
8012
5996
6235
3248
6198
6143
6227
1547
2367
1815
5566
7666
1029
9481
8873
297
3824
7419
192
4474
8311
8127
7074
1682
8537
3056
9597
5417
9796
2279
5837
3458
2655
6570
8136
9439
6797
9682
5129
7971
3532
4105
2959
9507
6918
4505
5359
3451
7371
9194
6351
559
8337
1492
1205
8626
6178
9645
983
8619
5755
6068
3523
1976
9356
4146
9028
3622
4608
3535
1552
9386
7802
2985
8645
985
2638
3057
156
6514
860
9822
3782
9457
432
4566
9320
4644
8975
3908
5794
5298
5032
9275
5626
1320
7396
4680
7840
5321
3204
6952
7943
9553
8800
3130
5543
3834
3487
5621
2053
1886
5162
6876
9887
1023
8611
1856
1435
8105
1738
8348
824
2815
2380
2330
3943
7891
8514
7990
2578
4763
7646
9779
6599
2193
6964
6905
4109
4987
4441
9060
3225
9621
2473
5858
719
3710
9904
1444
2150
6641
5278
40
5291
9434
4072
7832
3706
2865
5272
1512
102
4293
8169
4039
9754
5219
8538
3752
2734
3613
4457
3821
9946
7290
5940
5207
2013
7233
9293
7808
1980
2627
6647
1263
2486
2616
3454
8999
5538
3293
1927
6564
8398
2289
6360
7997
2167
7461
7067
2075
649
661
3282
3630
5807
2328
1771
3808
2702
7739
7141
7145
1202
1155
1882
2639
3927
9808
8999
614
9921
5708
7797
7105
1357
9582
3841
2736
6213
7896
7393
3621
3322
900
759
7688
7421
6890
3862
1007
950
5471
9126
5193
6184
519
1254
8765
6007
1735
4870
2471
4156
2226
3133
993
6047
8367
3450
1229
9467
7376
2149
369
358
7460
8632
5368
2643
5203
912
9115
2676
4930
8667
7552
8228
5187
7005
6348
9145
8192
3972
5322
1828
9150
7489
3744
2491
3623
2925
9911
4793
2858
749
3914
5901
8872
4857
3416
1278
3423
6045
8420
2577
7551
1862
2507
4909
1285
3598
4841
9437
6334
3510
9328
4768
8074
587
4796
5942
7026
1081
2748
2932
4130
889
7349
1536
8612
404
5642
8297
1985
8925
4697
7655
6856
4917
6353
3908
4573
456
9574
2803
1465
3047
5002
7514
9487
5688
6265
1658
3366
6496
7816
7591
3042
2534
9653
1684
7137
8564
5125
9550
456
378
9218
3241
6133
4078
1212
9354
922
7211
7396
1644
334
5056
6660
4277
8876
5464
4206
2176
9465
8691
6366
3030
5233
4417
2575
1510
6432
6759
8903
9974
4892
9513
1262
1523
8592
8060
5360
659
9295
1447
4802
3985
6919
7983
8362
8404
5329
364
2372
7090
5591
1812
4403
4150
4360
3032
17
7315
7047
848
5174
4312
7691
3336
3123
2570
36
2983
6046
3858
7226
8941
8572
5131
726
1800
2369
4336
2638
9482
8475
5325
9374
809
6752
9079
8826
4127
9920
9443
7637
1929
2994
324
9941
8873
7620
7856
4027
9802
4816
5449
8794
6410
8905
1814
7573
6061
81
2077
2906
3930
2947
9912
2222
123
3636
4265
1008
6700
8651
7679
7008
5651
4471
4497
6282
7788
8110
6287
9548
4238
5336
8723
5108
6757
5055
8846
2887
459
5489
4154
2644
2705
196
5264
8238
4864
9743
2058
8990
9491
7883
9148
8653
4018
9466
263
2252
3503
993
2728
1175
9208
3711
2611
7281
6808
3462
8267
7490
7887
1122
5079
1383
1057
2367
6950
5635
4491
5802
800
785
9978
3983
8718
7797
9698
2788
8706
4146
815
727
9024
1740
9760
1311
3016
1909
7564
8392
997
5892
9988
6493
3314
2770
1361
5605
3975
653
8997
2653
7417
1066
5870
9897
1898
935
2825
3891
1779
1367
8018
7331
7529
7493
505
92
6654
9051
6942
5067
985
7083
5216
9047
5732
8175
6485
8810
3548
3975
7592
7824
2498
398
9101
9534
240
7873
310
9072
8019
1277
1520
6402
7130
5777
5543
416
7390
2707
5018
5301
1861
7823
9390
7608
4582
2795
5656
4901
8365
9641
9879
4594
7893
6960
2325
4648
9239
6272
7648
6169
751
6558
2962
1620
1772
5186
902
1377
5076
3796
1772
5638
6086
8433
8754
8327
6949
4255
2834
4572
6379
6466
9539
3574
6794
780
7911
4229
8735
8686
3219
1757
8811
5056
8838
9759
1485
8235
9464
3621
6892
5635
7333
7983
6600
1086
5531
3127
6721
3715
7579
2556
3077
1957
515
6777
6323
459
9434
6382
5807
2105
5101
846
9754
2143
2617
8199
5909
6525
8399
4669
1177
1916
4724
2738
977
598
5979
655
9046
9470
8420
6379
6255
8725
5688
4188
2625
2402
5673
2714
184
9994
374
9079
5566
5566
9356
4931
317
8409
9098
6738
3776
7188
5100
4437
8071
7719
951
9723
7303
3055
8723
7627
3297
3406
8064
2836
8452
2544
7100
5220
2135
6837
6926
7426
878
2798
2823
1072
4143
9157
9600
7064
6870
9832
5503
9881
7169
4926
8947
5260
2556
7851
5064
5699
945
8073
4452
8371
3249
582
4881
5665
2876
5175
7761
9386
3681
901
5115
5869
2007
3624
9531
727
319
7541
9094
8770
9640
4710
1676
6757
5522
182
8092
4070
7577
4154
1647
9132
5749
6700
2365
7471
7467
5147
7806
680
8536
8867
8781
4216
7240
1417
7526
5969
5495
5298
7907
6844
3086
370
2108
9217
1036
2927
5906
9052
7981
8848
5113
2719
9052
801
9080
100
215
6534
3213
1451
2288
2483
1433
6657
7908
4555
1171
2017
1626
5857
8088
1511
7993
9303
5034
6597
5007
1617
9915
1051
635
4040
162
5068
8220
4231
7224
5942
2572
3299
3174
961
2279
1676
2873
1900
5341
7643
9426
9409
4630
2716
7641
9985
6880
8796
119
7761
3888
3039
3217
8327
7477
7718
5637
2023
361
4014
667
9695
3537
626
4219
4787
7062
371
4709
1824
5153
531
7562
2811
8452
5602
6669
9922
5950
4317
7462
4924
6633
6345
1460
3258
6180
7889
95
3405
7218
9572
6437
253
2556
4461
7030
4518
9609
8845
2472
8991
775
3487
4591
6344
8905
8444
123
2551
9241
302
5652
4600
9164
6648
6215
1092
4934
8994
485
9589
258
1962
8715
5092
4920
3556
5742
9954
3032
8577
241
6655
9472
4855
3197
1402
6
9857
3044
8312
5277
3453
2324
1049
1332
1133
844
1216
9715
825
3332
570
8257
5599
5337
7150
9672
4009
9752
3804
8789
9604
7754
1272
873
1227
2167
6979
2814
6114
8306
4991
6215
8523
7214
2225
6382
7652
8870
907
4062
9940
8422
7543
7393
2486
6777
4217
9998
6302
8026
8879
7399
373
35
7508
7998
109
1327
2486
6768
6631
6860
8351
9498
6610
7718
8224
2912
5837
4847
1598
1353
3582
4975
6969
3826
8945
7650
814
6137
4847
5906
7793
1657
99
9510
5752
778
5081
8967
3077
3527
1940
481
5271
2008
5948
6950
2228
9339
696
7725
7635
9582
6090
336
7151
8794
4840
702
2586
772
22
4414
5161
2343
3610
622
2122
2086
3472
1777
7472
3303
4171
7009
9378
6710
5197
4295
3955
862
8719
6725
7537
8632
7819
1150
7303
6196
5311
3304
3177
6940
2715
2062
2291
6438
8710
6959
978
6259
6518
7280
8274
3704
31
8096
9183
1807
9234
8467
5606
8922
6484
9702
7756
48
6554
7047
9125
2683
5000
6447
3624
8424
1367
9156
4387
7837
6025
865
9930
124
2032
8759
4797
1068
6279
9447
8716
2389
7444
3065
313
3168
1756
4020
8939
9321
1428
6822
876
240
4779
6238
4233
2659
1506
4605
246
558
1362
5563
7348
6523
9570
2691
8386
4304
7707
3567
661
4586
4513
4634
3082
5920
7095
9917
4682
653
9337
7118
3941
1284
980
7890
8971
6128
7795
5224
4448
4461
557
9774
2372
340
8096
8680
238
1229
7619
5003
1987
2212
3716
3214
4247
9127
5956
6376
2796
4240
3854
3607
1910
6240
7122
2220
2349
2268
8571
7547
2064
3455
6835
4836
7424
7027
6147
1887
1727
7403
808
8089
2089
5923
2709
5404
5413
3838
1292
9494
9064
6044
6648
4671
2146
3640
8142
4642
8802
1864
2883
2125
5844
6214
658
4321
3211
3624
4503
7960
7223
7472
9034
7191
3419
4861
1823
9914
7900
2156
6664
3350
3499
68
1399
7584
9859
2702
7120
6658
4581
5955
39
341
5921
9390
2081
6157
6244
2292
1349
470
9417
9002
9007
9449
4620
810
4850
5624
3701
1710
9836
3375
9107
3134
213
7196
4676
8423
4511
9858
2132
1230
1640
3710
2003
3325
5606
7247
8840
6332
9941
839
7143
8816
2858
24
6163
4840
2338
2138
8916
2608
8884
2222
3147
2156
2540
7109
9717
9166
9871
2410
6984
7931
6126
5691
8073
263
7532
586
1637
8714
8775
773
5699
1839
1124
9839
8481
6465
7378
2844
9711
6908
798
8133
886
3916
6588
3366
3164
6747
6086
8054
7133
253
5816
5990
9588
5067
5816
4880
8598
3102
4250
7195
9670
2425
8225
5826
2604
5287
3902
468
755
579
2584
5811
1864
7340
3240
627
2334
9023
6103
7599
4926
9243
6448
7368
3172
8425
2416
6670
4528
7378
5839
9672
8249
8206
439
3670
3292
5148
7464
5134
6178
7961
4871
9786
8652
8272
2470
851
254
4980
2153
2914
1446
8204
9221
4948
8816
2570
8155
4944
5080
9668
3747
352
3062
6420
6385
3048
4673
784
8543
4914
3007
8729
8010
287
8110
6753
2260
4481
4729
2322
7487
3425
3398
589
5333
8020
4575
9487
67
8263
9262
6869
9083
6394
8487
2758
9999
5380
8375
6970
8321
8894
7123
7359
683
1609
5149
6791
13
4124
9917
7557
597
5106
2492
409
3030
4349
3764
1631
1254
4374
4452
5670
6526
4897
4480
2693
6014
4071
4162
174
6984
2721
1701
5087
1002
2982
8991
8640
6472
731
399
8587
1949
1977
7329
5127
7135
6983
4658
5136
3239
2333
3905
6084
9487
334
1893
5326
7938
7253
3067
2706
4511
6667
8164
4373
113
1943
1926
3575
2136
2281
7756
9794
3213
94
7785
1062
1101
3557
2687
5530
819
7124
6762
7467
7779
4486
300
9718
8532
3030
3031
9369
3961
6182
9622
5865
8301
202
575
1166
6172
4961
9636
9629
8986
4045
1897
1289
1545
8099
5131
5946
9419
6776
564
7048
7782
8868
8317
3731
2787
7225
7032
6609
7267
4953
6829
7862
3595
2013
9648
9056
7838
6850
1327
698
1024
5948
5247
6037
5288
5341
8325
7839
4944
1985
6255
951
5107
9664
6424
5365
3406
3619
3726
4165
3527
456
6620
8275
2868
5043
8204
5233
393
4095
9833
2353
4971
6936
2844
5593
8903
7522
7346
4191
6136
8230
5698
7722
9765
5160
2291
6595
8781
6700
576
9221
9796
2019
2867
9091
5441
3739
8410
2808
7513
9601
444
5779
9586
1161
3515
5700
748
3695
8220
5235
9424
396
1680
4356
3829
5671
8595
9710
3471
6905
9491
3054
4374
1373
9922
3336
9189
5199
6803
7289
2213
4206
5806
1579
8473
2281
6785
5458
5513
1535
2612
6658
6279
9887
427
4819
1607
5980
3346
6152
1181
8364
4957
187
2598
5712
8564
4538
9143
7544
8048
6358
8256
364
7496
9867
4307
2458
2261
7725
1257
1645
5028
317
3068
4252
6609
1076
2298
261
2706
7851
239
9143
4676
37
5136
3250
4448
8689
8594
779
1198
2143
4074
8331
96
2849
5565
3851
1522
2014
8953
4362
2508
7456
3405
9302
851
6615
5170
9516
6317
1065
1578
3992
2697
1067
8775
1274
9051
8709
2695
172
8453
5998
9181
4839
7760
9919
5755
2610
2498
9900
4524
9064
6828
4413
3009
3724
9744
2473
7213
1506
5117
2717
9212
9585
5054
7436
9711
6706
3120
1410
4566
2116
6423
5776
3091
4285
3291
5239
5140
5369
6358
2914
3390
5977
9194
836
7053
6210
8355
5760
3316
3183
1664
9234
3213
2266
7898
8147
9345
9152
2620
6953
3898
2500
9882
5603
6732
2407
9710
7835
4973
8244
6893
2946
7502
483
7440
394
20
5066
5234
689
8928
5618
2962
7884
5193
8294
8132
8704
2567
6469
7179
820
8055
7579
8036
8154
6364
2469
4331
4177
4219
8323
2406
5147
4889
9922
5724
3994
8057
338
9927
2094
5224
1438
5777
613
6281
6586
6550
5253
8554
2811
1037
8269
5678
7345
3273
9433
9994
3943
5331
3270
8790
7661
86
3326
1698
2904
6730
5488
3825
8428
2984
1463
6771
4753
4466
384
7602
3960
3464
1242
4056
9194
6491
1301
2790
1391
2431
6041
6293
3687
824
4247
3267
9776
2905
7854
6730
1114
6359
9892
3858
9215
8469
5457
1697
3593
1293
17
3252
2880
6847
6564
9189
6546
9848
8123
1396
7285
553
4957
6008
9630
433
6446
5135
8642
8994
6059
8489
3615
931
4092
8410
5671
8969
6939
4351
4831
9257
3520
5784
1703
2962
9210
5727
1271
9865
5107
590
1435
7150
5810
5886
6954
9361
2010
1506
182
3532
5134
4716
3661
6879
65
3816
5985
3107
8501
477
1625
7408
9938
4177
7420
9500
9422
7890
3297
8702
1258
158
2463
4957
5657
5082
6772
4963
964
8349
6265
3130
7530
4433
7999
2950
583
7338
8178
5548
8483
4872
3343
8676
9678
4325
899
1211
6338
5638
6640
5364
5173
6679
7070
1195
6257
4078
7314
5821
8811
2222
1197
2713
8863
2487
8675
4897
7435
4524
7223
9510
9505
1559
7994
187
3357
2006
4632
8043
7147
462
2457
1653
4508
2133
8407
1333
3846
6101
7605
3314
6616
4497
716
4910
8307
6584
7346
2681
2133
9059
4666
1774
9490
6446
7164
6090
3137
8365
2979
5777
8739
3672
4604
614
7935
4999
6943
5342
1413
1038
3648
5692
3594
8087
3488
1934
1501
6835
2081
167
9126
5119
742
193
5187
2501
3446
2879
6559
7893
4909
9156
1851
7190
7690
7480
9611
3862
3835
6461
3477
1847
7107
4644
2200
6680
5100
9970
5947
7798
6670
7320
1517
2225
8999
3706
8200
7407
370
7209
2886
8906
9250
7526
7722
6842
7639
3123
6136
3518
6799
2452
3357
3483
6487
4377
5714
6462
4554
6059
8910
3015
2432
4903
9272
2596
3411
4839
3513
3738
4835
6229
1939
6518
2426
2967
7244
8147
4739
9997
6018
3571
8475
9362
2956
4304
816
3182
8331
349
3258
7479
7817
2054
2519
1674
9933
1001
8001
4725
512
1619
2044
392
5434
8128
8707
930
2606
4610
9208
589
1639
9546
7300
7784
5027
9993
5827
7511
7748
4714
6528
3636
3160
53
8722
4086
1833
7117
8962
605
6514
3895
2931
8790
821
1392
2948
3372
1453
8511
9241
8363
3711
6484
873
1612
7957
9972
2639
8545
253
8616
7574
446
3897
9759
784
8478
9807
377
9269
5843
2791
3794
4096
6964
7621
4704
5840
4386
3529
4198
1575
1212
8245
5050
1829
9307
3035
6320
8940
1270
8311
5529
3999
7216
5349
6068
8197
5780
3406
7328
5807
2436
3096
5097
233
7235
6266
173
1647
8343
9832
3876
4538
7399
6010
134
6205
7651
4232
5184
2666
6047
652
7568
6791
6037
9601
3066
4518
8703
7609
1482
8983
6019
4686
4800
9067
1525
9434
9105
8453
521
4263
5900
3614
4010
4499
1959
4309
8014
476
701
8186
2686
4863
2223
1817
3660
8407
3574
4168
1442
6038
5671
