9310
8121
5891
3547
1985
9236
8682
2902
5652
8282
632
7293
1033
9701
6872
1048
5049
1786
431
664
9899
8694
7067
3074
998
3919
5527
7385
2692
2782
5641
5680
2112
5146
8240
8559
5723
8576
278
1495
217
6468
5716
8810
9198
5280
7749
3074
9806
9951
785
9091
8901
6810
1202
3279
6711
8858
4375
1208
6952
9161
1707
8337
6354
4282
5488
1601
3250
1168
1275
2351
4412
7712
7196
4418
1708
9347
7078
4564
5264
1431
9640
6415
7868
9957
9098
3163
6056
1162
3511
8729
7010
3966
5930
1909
6747
7892
9985
3067
4347
3070
5967
8384
8987
8261
5587
2335
1416
7445
3694
5145
9166
5454
2970
8260
5262
8377
3317
7570
3507
5001
1073
1036
9511
1456
4447
4691
5531
2390
650
8540
8953
8477
7083
1803
8764
1929
3625
5151
1709
8722
5596
6122
28
8747
7271
2710
5604
2795
3968
9315
1173
8367
6681
8669
7845
4658
6984
3149
9592
750
1501
8959
9596
39
4632
7085
386
8234
5414
5619
9558
1881
9410
9082
5513
9287
9339
1726
3161
5994
8792
3411
7791
2465
1837
8667
6455
2561
7560
1766
86
7518
2679
3284
6321
1685
7237
6460
2557
3036
8080
4944
1078
3624
2352
6995
3297
2565
8543
5058
8118
6880
5753
3796
218
3591
2826
4101
7644
9815
7701
5401
4551
6320
3974
3663
4128
3948
5972
7883
8789
1665
5917
3579
9586
9601
6690
7820
4439
345
1598
6668
5270
7065
8122
2564
7430
7519
6116
6124
880
8932
2158
4138
1535
9874
848
3097
2900
1780
703
5517
2643
4562
7042
4510
6155
7855
6707
607
9250
1923
9847
3640
5196
9927
2067
1690
7011
6388
6259
8506
4604
4977
7114
643
7707
2494
2964
5607
9833
4884
8923
2708
5476
5409
2542
9051
2671
4774
8166
4101
5665
7888
9028
7598
7944
2193
6742
7262
4151
8085
6291
4676
538
2768
900
19
7481
5109
5209
8901
4372
527
7091
7468
6683
1766
8126
5134
7392
3534
268
7848
107
6382
1558
8622
9212
8005
6871
6208
3138
8128
631
7266
489
6575
7206
2153
5133
2764
1220
9536
5639
8868
4471
448
6443
8209
8275
8097
3001
5045
122
5793
860
1858
1303
1666
9030
5494
7840
5526
1352
4054
485
148
5656
2316
797
6575
9422
4634
9411
589
2368
778
9468
5423
961
1957
2893
3983
7165
1405
9702
2389
3936
6341
852
5471
2942
5853
3285
4009
5760
2303
1742
2978
8439
2251
5723
9811
706
6534
1494
1820
5332
8165
8468
2264
216
1014
6456
5321
5592
1840
5311
1197
1447
3188
1299
3980
5686
4906
5174
6477
1910
7600
5377
8234
6742
2186
6032
5235
565
5927
3510
2338
2280
6791
7173
2421
8200
4801
9663
9424
7588
1157
9546
5991
2469
3346
4511
261
7376
7187
6404
504
5427
4843
351
760
785
1163
8985
5421
3919
9436
9348
5767
5363
1599
4442
6899
5666
7288
3587
9178
4108
686
5760
4362
6418
4114
7910
2914
2186
2504
5881
5646
6003
3487
9013
9807
2403
3664
767
7001
3643
2850
6779
7916
1070
4535
8627
6738
5369
2635
6325
6332
8323
1731
5023
3820
8912
402
1742
4993
9528
5018
6110
5172
3894
4428
4995
3571
6861
4302
4701
8015
7692
3640
5971
6939
2660
4866
6410
5992
9815
3320
2149
7290
8666
1516
5589
398
146
8490
8858
5421
7738
4812
3287
290
8913
9387
3619
6237
7153
5024
1959
7766
8718
5961
524
6004
5088
2007
4144
7204
1499
781
3154
1403
4395
1634
4853
9757
5759
2288
6986
2904
253
1962
9882
6876
1926
2798
4794
7518
814
4803
4778
9173
6189
8168
990
8460
2445
842
1688
9391
5655
8543
3411
1758
3650
8989
3820
787
201
2099
3507
2348
4295
3114
9727
4702
8845
6190
8415
4698
9227
1840
2169
3623
1005
2823
898
5501
7882
9545
8748
8515
5495
7858
5618
8470
4004
9251
4063
1713
2605
5871
2732
3776
2055
552
5608
9167
7119
5072
2268
7171
9422
8258
8135
8329
2623
9205
5282
6332
6045
9903
3710
467
9957
5839
247
4473
5527
2796
7190
8696
5155
2966
5674
3744
4368
3770
9350
5523
4734
8318
2426
3483
8394
7299
2379
6178
8673
8320
1706
838
8008
137
4983
6542
3948
6093
7196
3811
6336
3158
6804
6940
3957
412
2328
9256
6901
3550
4403
5605
1704
52
6151
874
9900
3026
3519
8089
7077
412
3788
4746
8701
229
4833
1421
1086
1858
9942
2428
656
7976
2965
4291
2404
1670
6442
4179
8834
8526
934
7058
4064
4033
7294
7318
3772
2514
4801
7864
667
4970
7226
7293
6846
9737
5725
3647
8947
1635
2187
1463
9376
2437
9159
7345
7048
7886
2795
8161
4038
4262
3414
5067
367
540
4197
6062
7717
551
2311
9541
4309
3239
8324
1392
7385
8123
9155
8604
6808
7326
7011
3034
3103
5229
1752
47
5970
1657
6972
8049
4757
4824
703
6585
675
5757
92
2671
1633
6834
5690
7250
4515
3233
5016
6300
6413
7574
6994
3995
5893
4867
8522
8535
7722
6983
1960
4800
9647
3289
7640
1798
7796
6849
8639
7061
8057
3654
6000
4566
4407
5668
1343
7565
1570
7238
394
2779
8610
8321
5323
7822
2112
7362
6007
9427
2450
1226
308
6062
4323
9553
1319
4894
3194
6121
5130
9669
2578
377
6135
3067
3225
8161
8158
4358
4143
1829
8730
765
7172
6468
771
8864
1311
718
581
523
395
7821
3596
6456
7875
4952
9665
9268
5410
6640
7736
7037
7800
1131
5801
7932
5380
6922
5710
6151
6414
373
4004
9537
6244
4306
9351
9655
7012
1784
4337
5786
1611
8923
4359
5368
8188
5475
9240
4709
7007
2197
3759
5474
9768
9564
1795
4400
2576
3258
4984
5972
7686
8046
927
377
5847
3141
7804
1962
660
8977
1999
6616
8655
7417
2831
56
4016
4858
3786
2785
4828
443
2835
1701
8511
9650
5304
2730
7738
6874
1581
3707
4510
9336
8471
1740
9318
8616
7428
4765
4366
5427
5071
2643
4643
7874
1407
9247
8359
3344
9007
3256
8681
9466
2013
2076
2033
79
7310
244
4314
8065
1432
953
5300
8057
5887
6919
3235
8529
424
4734
6151
4604
8485
5016
3810
9990
1608
9247
4327
8945
9837
2988
2521
6859
3353
4326
2807
1137
6485
5867
8085
2419
9012
8373
7455
9856
1239
4211
9848
3162
8730
9210
7689
8455
9756
2195
4560
4541
3544
2539
3512
1198
222
7375
8131
1294
4006
1775
6771
4092
9598
7168
1472
8009
8054
5548
6977
7227
2421
9583
2017
8096
5359
1680
4553
8042
629
8244
5030
1825
7872
8892
6855
7429
5390
4250
1302
6594
8806
68
4820
3080
4409
9902
341
5094
4759
3334
589
7014
690
1837
637
9538
8237
9758
8959
6671
1231
3617
1141
2611
266
8959
8017
1506
6630
302
518
8306
5356
6408
6802
9489
5073
48
3308
8316
3512
8709
357
430
6684
279
4574
2144
6542
5663
5011
5532
6719
8456
7160
1587
8375
384
9246
5108
8564
9992
8135
2772
1619
1274
8008
8844
38
8354
3550
1395
5092
2132
804
5556
8955
4883
3094
9334
9542
9197
6439
1831
6434
8376
8749
3304
1285
6405
9749
1476
8926
6973
4061
8702
6000
2660
8174
189
2450
7376
3110
4327
7387
7396
8537
2360
4989
8954
796
6126
7930
3224
6854
9424
5549
2757
8531
629
1489
6956
6558
1680
836
7998
1944
1247
9941
2797
2968
7978
3047
1019
9701
3085
8604
3979
4358
201
4732
4301
5044
4448
7664
1648
2481
1955
9220
5540
4139
5688
9340
2273
7903
3373
7575
9344
7846
8569
3003
7381
7987
6453
5565
6578
6016
1809
2987
1899
7888
7843
6617
8896
5897
964
6308
9893
7411
8488
9236
8510
8775
3312
23
8995
9077
2054
9858
5724
1432
915
458
7307
5250
6533
4634
9280
1532
7510
9026
9069
4686
5960
6090
7046
8542
7397
1863
7880
1342
1643
3170
7094
4270
6989
3010
8770
806
4827
5617
1702
9644
2191
3373
2892
2193
5197
6183
9323
6820
7265
169
1145
5865
2150
6633
2054
8225
3352
4109
5506
9823
8230
6029
8648
6635
7308
4031
9356
123
6660
2267
5612
2890
4029
1202
607
3166
7371
335
1420
348
7911
8038
3889
216
8443
3290
1388
7684
1634
8446
620
6999
2384
4406
3251
4122
2908
9528
8227
3729
9148
1487
5973
3719
2364
6871
2302
3419
308
6811
6836
7789
8248
8141
8011
8821
1310
8693
4345
7077
6075
2224
9508
853
1200
3125
6992
7778
3922
3627
8672
3870
1766
6494
403
8009
6506
4367
6940
5607
479
2832
7933
3830
3733
8083
6534
2177
4174
1589
2221
6419
1856
3588
9865
955
2869
4400
7765
4504
7929
7592
8406
6699
5637
1820
7039
8643
710
8826
4819
8773
2952
3514
5210
6474
3677
8282
4638
9816
2421
7863
972
510
8323
2812
6277
8701
7310
9478
3557
2609
8397
1796
666
3151
9786
5585
8449
1695
8248
9121
4306
9852
3281
4773
6841
3850
942
5180
2020
2418
906
4063
6381
6366
4318
6139
8197
59
9307
2791
3242
9868
5633
178
7820
2310
9901
4271
8050
5108
7984
2947
1063
7659
1889
8722
720
3520
4142
6954
7743
6435
3965
3427
1729
3153
5996
2117
427
815
4142
8611
9869
4081
231
7209
7467
7278
9595
4
9025
9879
3444
4416
9774
9384
951
1576
9001
4282
2336
1733
7593
1211
7926
4409
7954
4618
7147
437
6093
4314
5731
194
6455
6124
9013
7353
1043
3542
4163
322
5736
3738
4391
4135
8378
9588
3784
4047
5136
483
2226
8308
3931
8597
6117
1701
6321
4021
2023
3275
2125
1705
7260
1434
4276
5510
3487
7031
4920
9847
6842
453
7642
7331
893
1803
4792
1696
6725
4248
3421
8817
7856
9347
8045
5073
6375
9763
3589
1565
653
9124
7238
4688
4317
1013
3655
8446
783
9085
4018
1564
7574
8094
5716
2901
9899
1294
6145
1993
3521
3092
1033
7639
2808
7105
5007
6366
1060
8846
9673
4329
6673
9134
2406
754
529
9051
7258
8387
7108
9738
7899
6558
4261
681
1360
5471
4310
8245
501
6113
2212
2193
2572
8770
4900
1640
1024
4572
9558
3514
7814
8698
7641
5952
3842
931
5694
6256
5882
9093
3691
8060
9376
3556
6529
5166
7818
6524
4549
147
1093
8039
4516
4267
7104
1800
3382
1523
3292
7769
3298
3677
7242
5298
7866
5058
8478
31
6419
5575
6745
188
5227
7928
5617
3020
1985
294
4099
184
2638
8927
3048
1595
7712
6030
7700
900
8636
7054
2348
2143
3256
8111
8344
6425
3725
8602
1943
9387
9253
6344
4281
5214
832
2490
1746
513
4977
1379
1385
1901
8767
6044
2616
4438
9027
3600
3476
4123
4368
5971
6929
6602
9967
483
330
5976
1488
1746
9041
2105
6323
939
3426
2190
7481
1131
6945
2569
7855
7576
1954
9629
365
70
8898
4556
2520
398
4136
5215
2312
1668
1318
9898
6037
7881
1397
1883
7639
1495
6730
802
3467
3925
5412
6667
5963
8929
3064
5064
4732
1657
590
7511
3678
6780
8078
9259
8468
7548
7015
7921
9422
3902
5202
246
1147
1832
1398
1044
1699
8041
9598
7854
869
3710
6059
7283
9323
8626
5718
4080
7738
2291
8504
2057
7834
1742
147
6673
5247
6775
6615
2791
7572
2012
6026
7442
9571
1837
7005
6752
1550
8600
7847
8140
6196
6689
6563
3824
3812
5083
7893
9281
5788
8812
9747
827
1421
5403
8133
9740
3721
5810
6649
6484
5751
625
3845
7482
177
1386
9377
8631
1252
3745
7766
4283
230
3902
6789
7777
2334
2250
6050
9776
5835
8502
128
3615
1555
675
9832
2702
4126
6288
4582
3579
4765
7877
8677
9682
8943
6494
4325
5065
1372
6252
4712
4396
5005
176
1062
5390
391
2624
8728
2493
6633
6361
8627
6128
5456
3027
2033
105
5451
4144
8671
881
4427
6117
356
6298
3964
6716
4980
8128
1799
2430
8589
2328
4439
5785
6458
3225
4536
9213
7647
3044
4996
7384
1315
6168
4517
3071
7248
8285
7329
2523
7507
4223
3261
5129
889
4641
2963
8680
6956
1021
7075
5963
1825
407
7472
592
3593
6215
3311
1
1313
9098
4557
1337
7767
2314
880
1648
2941
9371
4414
7173
2056
7779
695
7838
9307
1703
3300
2109
6017
7997
4209
4248
9851
4680
3699
703
9916
8224
705
4907
1119
6246
7030
32
9979
5104
6504
7419
3256
7769
3275
4345
199
5867
1760
8524
9018
1270
4480
8348
8246
6800
3004
7231
4082
2664
1505
7618
5501
5101
2092
5254
9951
6374
5967
7102
3784
717
4740
6952
3245
9165
1773
1199
3774
7255
4288
3538
7661
3544
3169
1388
2705
3587
8876
8749
7390
3585
8699
9880
1336
237
2684
5723
3291
8530
3020
276
2768
7152
4403
7307
5599
2013
949
8700
8116
1971
8607
4513
9460
7261
695
1391
6607
371
8182
360
2088
1126
5651
7227
114
2621
8475
8826
2819
2295
6699
6158
4686
2914
6343
1130
9871
1534
9409
7020
4099
606
9741
4076
79
4312
3064
717
2979
4944
6035
7689
406
8667
924
7240
9525
7399
9692
1860
2519
3648
3635
7496
379
8191
2520
4233
4212
6204
208
3437
2678
6122
2104
4063
3971
6860
3470
2449
829
3311
6631
9263
7469
7033
9410
4494
8047
8927
6738
6376
7279
3340
2334
2963
5188
8538
7571
5690
9592
6756
234
2737
1926
8162
6700
6230
4237
6960
7299
1419
7811
4623
6071
7847
6778
4735
2966
2211
3237
6332
8642
139
3999
7761
9442
9429
2871
1061
2890
418
6536
7668
2096
115
6581
9849
821
5465
4975
8679
9646
7729
5392
8609
7680
4283
8186
716
3547
6407
2520
1565
4005
1591
5191
2309
8503
6739
2020
3094
3192
4270
4345
1159
8504
6571
81
7101
239
5506
6136
2712
5319
2784
6516
5505
9835
3831
8376
9595
8842
2545
6484
9959
4449
6814
5082
7258
1218
4986
4976
3382
5592
1620
2830
3682
9158
6816
9108
431
3910
7147
878
3506
1352
7811
5774
8487
6280
5000
3844
9411
406
4682
4668
3286
561
8996
8223
6130
1206
4288
9243
5767
1172
5451
6538
4923
129
9670
631
9258
1167
8957
5416
8876
2013
4887
2067
8604
8955
895
6371
1867
4299
7126
3853
5314
343
389
585
6563
263
7063
1410
5361
9058
9943
1483
9289
5749
962
1443
8713
1418
487
1381
2123
6317
464
3771
2207
3314
3046
1007
5072
4219
8576
8855
9861
160
6773
3168
3678
7123
2804
3561
7237
2989
5565
4369
9905
2991
8929
204
8943
6345
7990
669
6657
8031
1395
6407
882
6149
7752
6548
8791
7135
8784
5813
1355
8185
4423
8103
5952
8714
5353
2192
7605
390
6654
4327
5107
8353
2120
1982
6919
4599
2626
2794
3113
8186
3458
2804
3884
5911
4917
8512
2183
1423
7697
7984
7889
345
9566
7254
3584
3923
2682
9630
7493
3945
1514
7134
7439
7248
9794
5293
745
8997
1181
4746
8972
88
2383
5764
3063
5535
9386
4621
4048
7502
7109
4030
6778
8774
349
3323
9364
9854
9160
7946
8935
5668
4993
1950
5144
5885
4821
1644
6461
6224
9277
3342
677
6828
7375
3231
302
7758
4785
2778
5570
969
4816
8813
2615
2754
1298
3455
2046
583
336
5375
3643
3478
3579
541
6159
5655
9082
7573
7353
9022
7087
79
8257
1287
7144
5957
7442
2946
9859
1544
5563
8229
1260
6680
7827
2166
284
5338
2213
8427
209
5225
4198
267
2984
9009
4610
15
1369
9189
5755
897
7544
8487
2442
8651
8424
7665
8722
9413
7311
3119
8213
4636
8685
7263
5736
3436
7984
5808
646
7695
1007
7301
7726
5475
8233
2022
9805
3872
7788
9214
7362
3307
7059
3984
4285
1421
7005
7718
5701
6245
5134
8821
3324
5124
2781
3762
6110
7981
9843
1953
9199
952
5461
1815
2081
9164
6251
9539
7730
5472
4656
6525
8031
5366
8729
6231
7277
6916
1251
6282
4698
8618
457
7060
9061
7343
6842
3738
3222
3160
540
4719
4159
7779
1579
5805
4527
8585
953
6044
5039
778
3903
8192
3091
6039
8054
3982
1974
7292
8135
1996
6718
5629
5877
3823
7194
7294
8410
2406
6408
5717
947
5007
2124
6032
9924
2050
2920
7256
829
2270
5553
360
971
4022
9147
8838
1146
2437
3105
2046
1753
2133
9888
610
8300
5646
843
7463
8429
8427
3120
7732
7597
2282
8366
5600
3387
488
9388
6530
9033
9427
9253
8780
5219
3600
8391
9019
5447
3103
9203
3025
4361
5273
4384
3953
277
5098
4721
7456
2894
2193
4488
5064
4642
5676
7702
4667
9466
2127
6515
9669
5974
5936
3771
6473
2816
5827
5402
3284
2936
6136
4714
1940
9891
6461
9866
8433
3843
8756
7879
7133
7003
6625
3371
8304
8317
7589
7867
8473
5035
5469
6020
8418
4397
6650
8387
4133
2149
964
6459
1972
5845
5205
4623
373
9980
4878
5409
7031
6855
7685
8950
2245
1803
460
4919
6217
3905
9793
5374
570
3628
5416
9942
2073
6980
4590
524
9600
1717
5173
1345
3761
4874
4840
1570
2286
2499
4007
1935
3254
1828
415
3894
2568
3347
4044
9623
1690
5199
2039
3893
6585
5205
4695
4318
9057
6412
5167
4740
7243
535
7555
7653
2863
9898
286
5469
9036
2571
4296
7143
3958
7276
8422
6240
2534
4339
7619
8879
183
6464
3156
5116
476
8435
7771
5367
991
7988
2915
4221
9846
1035
9693
7594
8720
3187
9857
5630
6875
6102
8328
2941
4672
1547
4106
9832
4373
8285
2120
3040
673
6898
4657
2122
3298
5468
7259
8171
9266
4696
719
4778
2989
4463
7696
7301
8204
5113
9791
5375
6971
5805
8484
5380
7417
9163
1266
4073
3740
6148
2463
1974
9102
7601
6842
5255
4455
9211
2846
7855
4115
4802
1539
1342
1938
8782
6734
8640
315
2365
1601
9156
7909
9725
7110
7082
1031
9657
8083
1666
7857
5492
3335
8119
4324
1032
7401
485
5467
3103
2704
3273
6187
1939
2645
6954
1027
9072
8083
3513
3374
8663
1931
2180
706
2263
9181
2176
3992
8911
2597
8864
6140
2137
7486
2043
6552
2974
2520
281
6225
3389
7406
3185
617
7696
2341
4262
5543
431
8666
668
4723
7970
4907
2524
6318
7704
7473
3725
9736
2992
685
8211
3342
4307
6519
498
8308
6997
479
6982
3753
3900
6344
4941
3600
6705
9197
9513
6109
3371
3092
4999
2924
204
6992
5751
5651
6242
221
3661
4483
4495
6539
3782
5182
9283
4186
6978
7866
1422
7762
8661
3466
3324
6640
5662
1462
4231
3773
9053
5574
1728
8198
9363
2452
9454
4340
2038
2070
2503
1292
5215
7559
1374
5647
8936
6481
2549
2172
4773
5203
8782
7656
7498
2933
4983
4570
5923
2232
6256
2852
8311
8391
3049
91
8875
895
4687
2648
5785
6410
6574
2847
7849
4216
8286
267
6553
1798
9447
8389
2530
443
7784
1358
647
8131
9108
9472
5931
9718
2068
6165
3304
2509
1506
3688
7726
8652
2968
9512
7744
4484
7524
506
4687
958
426
7410
1781
8564
9324
7768
2306
4807
7776
1573
3608
2211
7614
168
4211
73
9353
5622
4623
3750
3287
4757
8480
1127
5167
9275
9629
7095
9433
1020
2451
3358
9865
9318
7278
2717
2185
5550
126
4059
5706
8625
6092
6755
1377
3875
8785
872
1777
7039
3930
2699
4499
4458
3886
3431
4175
389
1242
2543
9918
2430
3884
6386
4387
6440
961
6836
7842
3076
9041
4454
5586
9054
395
5536
9
7626
855
2685
9077
4368
2956
4090
1571
6384
1185
7575
5617
5261
88
1638
1153
6736
2690
7226
8829
2911
6245
776
7563
6075
4681
1184
456
6723
2263
777
4131
2182
984
3143
9651
6424
4987
8684
4150
6103
8912
2168
1063
2610
3496
5207
3400
5067
961
603
8919
4533
4788
4806
8225
5463
3315
9325
6845
6421
4262
1910
151
8450
7776
3518
5639
6115
8864
7662
506
3198
6208
4617
3743
2321
3239
4104
1033
5337
9111
6602
7612
9252
1738
5236
8965
627
2407
7288
1736
9965
1650
6841
7539
6400
9061
7789
519
2168
5479
9502
5427
5808
4624
5821
6757
2794
2650
1722
1061
2423
8306
992
3927
135
3476
2561
326
5218
3670
2760
2027
4806
742
5702
8602
6477
5574
4220
9190
3360
6760
9371
626
7668
2428
7370
3793
806
6244
9002
4157
820
5395
8046
4288
850
7857
2088
5911
5442
8628
1159
6495
5131
9783
7118
757
3522
7139
9426
560
5247
7177
1003
7635
7655
1410
1243
2333
3855
1837
1939
8179
9817
346
5867
6363
3646
6957
7078
6534
852
6668
6573
259
5466
2313
6960
1313
3185
1347
4951
2637
9389
7726
1091
3209
1821
6192
2002
9373
5021
5163
1598
4202
1155
6171
4207
5394
9829
2319
4374
6867
7639
5596
5214
1742
6780
3040
9612
4739
841
4742
6336
112
5081
2429
6163
7227
7941
6032
1494
9629
314
6995
6620
5035
9197
1364
4789
3046
2741
2694
2539
4592
4421
4698
1361
2134
5089
6208
1724
2443
3007
6499
4694
4453
3584
7327
1976
3088
2551
9132
6043
6255
8531
2765
8231
6253
3593
4828
4135
8734
3240
4284
2491
2055
535
295
5810
7356
2561
6465
8477
5047
1258
4607
782
6487
4847
1972
5394
618
487
9445
6153
4055
3611
4678
7754
9720
4447
3309
8878
3471
7677
3491
638
409
6831
3797
6820
2522
1115
2231
2338
7163
8643
4553
1570
1491
6742
3423
8775
1463
6933
5978
8699
5195
9481
6339
6618
9614
9982
1327
3595
6196
8374
2156
4510
6271
8958
2263
3558
8903
8529
1573
4326
4667
8600
498
9318
6781
6788
2743
6858
6997
1953
4605
1630
7413
7418
9867
8868
952
6704
3608
1122
2620
6607
5307
899
868
3157
1455
2053
3385
7041
566
7764
4475
6373
8965
3146
1797
6382
3985
6142
8716
7538
2367
1163
4739
5899
5513
6175
619
2075
16
5380
6561
8076
1402
6486
1692
4554
1396
3636
441
4454
4170
4546
6819
2928
5016
3106
691
7527
5695
6778
1141
7145
4283
1481
702
2954
3784
5342
888
9670
2981
6695
3779
892
5070
984
6644
7949
4429
5889
6586
7738
9591
3891
21
1369
935
6754
7419
2061
4900
6949
7219
7741
2657
6930
4043
1019
58
8322
5449
6849
7439
9622
8320
6052
2361
2768
691
1107
5767
6097
7343
9136
2160
3609
7771
5853
7413
8223
3324
3383
3607
9755
6224
4337
8879
6716
6933
4292
1705
4718
7934
4922
3253
3266
1347
417
8486
7011
5013
549
6559
7190
6705
4763
3692
3853
8898
3008
7223
9796
7225
685
7793
2600
4153
7037
7740
2105
5679
8584
7706
6802
2942
1812
152
4104
2483
2190
8062
6318
8653
9846
9436
6190
9100
5715
3362
3386
9651
5846
1407
5977
8008
5678
8899
9073
6632
574
4232
6117
3944
3676
772
7015
9561
7226
5162
1310
3647
8897
7855
3861
2667
403
6577
5164
3849
1669
1071
8336
8468
184
7955
63
9710
1822
7830
3340
4313
6352
2857
5723
8451
8167
1963
7988
7401
317
2534
4574
5393
7864
2027
9015
6778
4759
261
4664
2136
6986
3318
3458
3259
3553
2989
3219
9110
6053
1441
7019
775
6989
9434
6545
7207
6832
7806
5041
5114
9851
6179
4426
5745
9195
9880
5493
8524
2371
5922
9680
6466
9319
1565
5893
1174
6621
4442
6045
5813
3013
1538
8573
2927
3356
5404
52
206
475
9916
1199
1417
6875
4598
5058
1538
1253
6095
1976
4905
7908
7711
8085
2627
711
3109
1429
882
7104
8240
2654
4843
1778
6367
5189
3902
4118
4640
3258
2648
8280
7116
4703
8625
9879
8315
9645
2255
8633
3483
5256
6541
2042
6549
1580
4156
1201
4452
3258
7347
6184
6988
7241
1726
5087
4613
7169
8464
7775
2750
915
648
2668
52
9013
8671
2467
9806
8170
6364
2649
8225
5863
4316
4738
684
9147
9302
4929
7167
3238
9101
7427
1143
3156
82
1068
1889
4807
906
7205
8886
217
9452
6648
8316
5324
1631
3520
5934
7743
157
4304
7616
6203
8530
1046
8746
2991
486
8737
6269
5654
8023
8195
2704
4476
1709
7472
9735
7780
5450
6704
49
7993
4148
3670
66
7574
6752
9860
2879
5426
9087
9773
312
1195
551
9391
5310
6988
6266
3272
1084
3473
1610
3564
1391
77
9175
8393
7108
7031
9147
1523
7896
406
2881
9982
4138
9953
5977
1420
3569
3555
1607
8382
9072
1402
6964
2366
8943
7635
5800
6595
8619
7110
7756
2741
3324
210
901
3507
4379
9152
7279
9918
8049
5148
2560
9480
4675
6913
9969
8911
7613
7558
5505
3085
6002
8666
6223
19
2770
7495
5807
276
9430
5683
2025
7979
2207
5566
8755
9790
9826
3271
1256
7681
1897
6138
7081
1062
8240
5677
6638
3981
3731
6286
6748
3441
300
4247
7797
5649
7525
1145
32
8005
5990
773
7426
5990
3010
8853
8134
5756
8629
436
9022
5188
908
724
8031
8484
3433
1252
2163
1889
4688
4825
812
1097
8501
9452
3826
4094
7109
3624
1209
6692
3561
2688
6694
1870
8150
8871
554
8178
4361
5498
7950
6936
3431
9372
7903
2711
3019
3935
4523
6665
4723
9825
6527
7761
7217
8774
3269
2522
6646
1377
5521
70
3561
9218
7057
5502
6172
7077
8742
1320
2987
1500
246
3589
4006
7870
5812
6772
8539
9324
9518
8781
9482
7322
2409
5686
8387
5526
8553
3724
3043
5708
9565
4802
9434
6896
7517
485
2931
6662
4215
8667
9355
6557
847
6512
5167
2023
5706
3111
7430
828
9295
5313
8450
3057
5503
644
7018
9972
4724
1903
8042
8722
9818
9078
5019
4760
8624
5541
5274
4125
7378
7149
6191
3245
7823
4817
1755
4847
7076
3444
2650
4678
3376
2609
9883
5300
2718
7408
1427
9969
1102
965
3778
1774
4593
3727
5419
611
4751
8435
7224
3338
104
3874
5593
482
5276
4904
7716
6273
8175
1110
4791
7435
2179
1455
8236
174
4663
7726
5991
4094
5422
5312
839
6417
8506
5813
370
9773
8870
2389
8654
2128
825
5353
3023
7916
8742
2498
5415
5339
1725
5927
6699
6000
3047
4739
4102
9473
1992
806
6385
7285
494
3130
8818
7848
9440
4743
110
6350
9827
5001
6479
1341
2122
9233
3807
2805
3089
7196
7438
4889
3134
1542
598
123
8774
7620
6635
989
4232
6289
7331
8972
3347
2184
9372
858
8005
870
3750
6992
2116
9658
8329
6417
808
8520
2124
9410
2921
9501
904
8770
1205
5288
7702
7416
8626
194
8487
1332
1130
9729
2837
3712
6883
8105
1779
8276
9503
6595
140
7150
8159
9453
8736
1466
519
8311
2499
872
5476
372
4263
1531
1354
534
339
860
1869
2655
3239
1250
6486
572
8947
4326
4026
5184
992
1917
8390
9969
1240
9837
3075
3601
7812
5834
6804
5021
3803
3598
6024
3254
6611
615
1318
1541
6569
8814
3798
2969
5332
3457
4491
2637
8982
7533
4370
9661
8200
6030
5238
802
7991
6887
1961
6356
2434
3178
4707
8114
5743
4150
5774
8629
9493
1064
9370
818
7304
7528
4254
7031
2497
2949
8566
7088
1282
2082
3335
5517
3882
3247
6200
9261
8679
2715
9663
8426
9922
3042
8860
4328
7856
8627
2269
1050
1210
2711
5034
8968
5925
6150
8658
1340
691
9830
2700
7919
9454
9391
3812
2765
3361
3025
4972
6978
9809
581
3055
889
4225
4921
6068
4407
1004
4547
2285
8688
3625
9876
2293
7049
402
4235
1531
8159
1524
4636
5287
9931
5116
6679
317
8241
4867
2600
7254
649
9472
1342
5812
1609
4600
4843
400
2325
1370
5239
7239
5367
1471
3569
5306
1423
7913
1761
2520
3182
2194
6149
5466
9206
3139
2601
5639
8893
87
428
7717
8140
3215
4716
5687
4153
6791
4433
773
7021
6950
6719
1081
5109
4156
6182
6619
1112
1966
1628
4927
5701
7915
1732
1957
6092
9390
5384
9991
7578
7228
2137
9460
7092
2408
3045
4284
9205
6716
2488
1043
6620
6545
7083
701
9174
71
8690
7878
7650
2013
4681
6729
1272
6852
138
4396
677
981
3461
2663
1345
6568
8972
5980
6021
5116
7549
9336
8485
6647
9054
2590
5168
1261
8385
8824
5601
3398
344
3044
7437
5573
7206
4108
6883
7553
6842
7181
771
9008
8605
6167
2231
8515
8742
5629
7925
9468
7087
9480
1163
3889
1989
9409
1857
8497
1025
9414
1248
3412
874
4102
6593
2850
950
7475
8614
8878
1859
5802
2380
3798
1566
2893
552
4166
9270
8579
6384
9522
9420
1531
2772
1964
6044
5697
2753
8445
636
5573
6334
6291
5181
9278
8311
3853
5628
9992
1808
2430
67
5681
2689
2655
203
4256
692
8359
4335
6287
4167
3640
4967
258
6633
4292
4431
5938
5029
3078
7463
9941
1483
9425
536
3749
2711
8011
3931
8603
3739
7492
4028
3515
5538
97
120
2347
9396
5233
2125
3454
4333
5354
3068
659
7761
373
2894
7496
3687
7650
8253
7598
7257
8216
6280
2855
9192
6299
9035
7557
8769
8451
9314
1104
9401
609
7802
4083
6557
6282
6180
2490
3834
6733
742
2739
9286
4468
6285
5699
792
4685
638
1464
6206
5391
6015
7818
1287
5852
4615
4431
6026
4738
2325
1701
7865
3880
6248
7861
8514
917
8843
477
9624
4258
3945
8781
1370
6782
7635
1426
7198
474
16
196
7403
2805
2309
3946
4017
7087
7351
8659
9560
3253
614
8837
2607
2553
3106
2702
3837
9514
7204
8631
7254
7185
1334
3124
2621
7144
9723
1201
6777
4071
8945
8594
3488
5749
3886
1355
3742
3317
1940
2555
1013
3298
5707
7670
8876
2463
1310
9907
1620
8980
1548
4268
1982
8418
523
4441
4007
1189
9155
9773
3146
8782
9017
497
206
9756
5331
8173
519
2879
8605
4841
4787
4011
8428
8816
3467
5386
2210
7205
2271
802
6304
5260
2375
7878
6845
507
5278
9041
2927
5209
8899
6162
5251
4187
8454
9908
9279
6260
2951
3745
3103
6668
5706
4297
6719
4691
5203
4283
1212
5404
807
1608
3490
7007
6410
8370
4611
5482
3877
6491
7508
6482
7332
2512
2972
283
8814
2644
1117
9418
5540
645
9239
147
9186
5258
5964
8344
7910
1040
5909
7538
2639
6223
8663
1890
82
3952
869
9683
6355
8685
403
3556
6674
7866
7200
2151
8600
63
6182
4103
8547
4685
3870
9369
3896
5125
1811
4801
5902
6716
6719
525
1868
3225
9362
1244
8503
809
1666
1857
2294
6299
4230
9975
6814
7494
4534
8796
1397
6735
9455
2640
339
5467
4419
3935
6929
6691
5490
4898
1952
4285
15
9310
2074
2999
6061
9812
9508
615
804
3964
714
4226
3292
7952
8530
5887
7533
266
9102
9004
7762
8934
2245
5707
8887
4977
1466
7242
1644
1621
7773
3884
3767
3519
9606
8302
5610
2714
9759
6409
1105
8442
8998
2751
2648
5956
5218
3259
1607
5552
6465
6796
4466
6684
5908
8357
8353
3687
6942
987
8642
8945
7001
550
5668
6608
9375
7308
7188
4908
3345
957
8165
7991
4299
1242
9687
8801
7119
4536
4395
2988
8131
7929
6672
97
3143
6219
1997
2340
1711
3994
1409
3168
666
4472
3777
7515
3144
9174
746
3150
2892
7629
6619
7845
7464
4323
8196
231
8049
853
7656
3154
8178
4912
4915
7097
8284
4069
4599
7823
8214
1615
6741
6753
5177
3729
9647
4808
318
2092
7956
462
3159
3762
8896
547
9444
559
4939
8012
4628
3546
1649
4270
2162
4258
5366
5042
3042
3272
6552
7655
643
8425
1134
4664
2796
9538
3965
3338
1240
3849
5660
3092
7147
6531
6483
3225
215
3640
8723
1514
8006
648
2021
103
1657
8291
4523
8935
3859
8907
6376
8516
5110
648
1102
3204
4619
3996
4684
3389
2972
4879
1812
9976
4699
1319
3683
7368
190
6059
1975
1808
8096
5882
9189
366
1293
9447
6411
2137
1758
9380
5721
7272
2310
1090
6001
1353
6055
326
7659
2325
7599
3824
3933
4703
3608
2586
3873
1100
4136
5294
4810
4244
295
155
229
3614
8299
7086
2280
9581
4698
8545
6883
4500
2686
6574
3351
4607
4801
5619
9778
8744
3008
5588
51
9977
3215
7238
8266
3956
7593
2493
1607
3545
4721
5554
3254
2651
4548
6795
2800
3483
2429
326
2808
513
4101
7866
6656
1312
1326
6080
4605
9129
6186
1894
2151
4580
515
494
7172
4159
5785
3651
80
1394
7937
1838
4307
2424
1089
2198
2759
1555
3845
5832
9606
3885
1998
2113
5731
1508
1843
4770
504
6994
9010
4342
2125
2834
8763
4259
3753
8392
5041
3295
2848
6519
7179
5432
6738
429
5198
9261
8262
7722
6835
2980
1559
2479
2067
7767
9521
8262
3793
1852
1284
4539
6537
9965
215
6566
8573
7990
288
4078
6706
665
1511
7286
7086
924
3094
9607
9911
3097
6427
5327
640
8610
8632
6969
5415
2024
1422
1507
3822
7337
9327
6799
7795
9285
5962
9569
1525
2066
6930
4149
3562
8394
3220
6781
8928
5055
9501
3747
6070
7276
7579
2854
704
3108
6480
6868
6228
751
7107
4382
8257
6322
1226
8291
9073
6869
1654
4564
6267
3660
2965
4328
8741
3692
9749
403
2337
3217
2552
5386
6862
5628
9955
2130
6030
7522
8962
9051
1936
921
4847
2067
6089
6740
5917
2171
9716
4389
8273
2668
7118
5102
575
2902
7141
2026
9070
5949
9530
8444
8688
6208
4860
6554
6894
9046
9030
3185
3147
8783
5885
5541
8330
3122
4445
9602
5317
1877
412
6175
3939
5350
5173
4753
1094
2994
9343
3302
9420
6203
2042
2910
6084
9945
1564
9828
6538
6769
7881
3830
6824
3243
2496
1086
1989
3325
6575
1740
7456
5287
3983
7273
4865
8897
1905
375
3771
7343
8028
547
5880
4021
9954
1919
9035
7781
9443
5906
4026
1449
1379
211
8516
7549
4937
7431
8818
2013
2323
1055
2115
1362
8680
4001
8795
1380
5269
4995
7027
5578
6889
1090
9442
9925
3620
401
4839
6244
6476
7734
6197
439
6291
7222
9984
3283
5284
279
700
911
1110
4255
8957
9302
3969
7007
957
2112
8309
5277
2217
3994
2053
244
8584
2186
7897
1905
3184
7617
3191
5052
8782
3003
7210
3517
1240
9520
7190
6099
1226
5482
7411
7105
8163
193
8827
6826
2510
3612
254
2395
9889
7823
5992
7489
3339
9412
8872
97
8029
2828
2208
1200
6103
3534
8904
3628
8058
6347
1050
9551
1017
8753
8732
7168
3570
1159
2527
1933
1490
6070
128
5395
8542
6016
3941
5151
1874
5638
3092
2748
1995
6859
280
2431
3269
7259
1178
2583
1979
895
1668
3422
5548
7664
6093
9049
8301
2012
7935
9304
6255
4309
2851
7067
5890
8514
2814
9585
9553
7914
9290
8235
3242
6641
2832
9708
878
8460
6220
3029
2827
5860
8423
1058
5471
1895
7000
2142
2901
4404
7299
7471
1438
7247
7843
2318
2617
6026
2618
4857
517
6389
2619
4529
4860
1456
1005
3019
2208
1183
8456
4848
3713
531
7933
1289
9433
5214
930
871
5975
3473
536
2078
6389
9858
128
9035
8640
2300
375
8926
1753
6904
1374
692
6752
5839
1195
8178
2918
2449
6907
7276
8549
4312
9221
5871
9403
9306
7305
7435
7320
1998
6030
3937
6125
7642
3935
1459
1867
8905
6530
2322
9667
6079
6223
871
15
4974
7094
6136
3244
7973
39
3523
2055
2753
1386
9410
8492
119
5974
7052
3557
7047
3919
9587
4775
3580
8805
6050
9458
2501
3872
9335
9155
8895
1938
794
3832
2601
4231
4784
2697
370
3118
7894
2269
6069
3763
1794
1274
6695
187
5706
6273
9129
1884
4349
1532
7600
8192
9859
1583
4616
8950
1688
5176
8790
1620
6759
4850
1410
7016
3262
7260
9872
8063
5405
5560
169
8591
3129
6613
2512
2078
387
2649
3842
3445
7884
9093
8541
568
1398
7686
3921
5987
4726
6827
242
3431
7133
9068
5944
8276
8765
9086
7540
5799
3903
4134
183
6182
1168
2978
9320
642
1836
8599
6024
8748
2247
4614
8615
3027
4006
5237
1009
3296
6092
3909
3860
9816
6345
6223
8002
1299
5849
8692
977
1112
8686
6045
6482
2581
1242
6273
3483
2212
9791
4402
6408
7860
2447
3150
368
7385
1719
1001
5663
2199
6913
6006
3967
9241
1379
6672
4535
4376
8238
9660
2540
2
9623
7705
3208
9737
8692
154
4808
3439
731
2838
764
6555
9499
3610
6147
8787
7641
4791
6640
8439
5478
4052
8693
414
767
776
8047
7839
3131
5835
55
9536
769
8894
9298
8169
3801
8853
7892
6771
8118
9825
1556
4608
5988
7196
59
6811
4812
5730
3940
6099
3423
4408
2560
9016
6088
790
9499
3604
8008
1016
26
202
2490
269
2011
2128
9228
2501
5956
8430
5144
7547
2091
6586
4118
8358
2437
9069
9577
1012
3583
4018
4409
5430
1572
6929
5956
5242
3705
7211
9938
1162
3353
760
6079
3374
2948
7267
9934
4947
7183
8891
9971
97
3168
5140
6272
8234
6797
7309
7454
7160
4885
4703
5308
6543
801
3967
2520
5820
7237
2368
7385
9081
3541
5602
872
3151
6584
805
5620
4087
3555
5862
3479
1608
2229
6792
8071
603
9312
6026
1506
3785
236
5751
9881
9815
4474
2101
453
6759
8821
7988
4512
1633
7413
4597
3874
2947
1290
4193
5653
4677
2193
9761
9511
6885
5009
230
3925
330
761
3557
3208
9849
7370
3760
4962
4026
8565
2189
8450
6722
2239
7730
7992
9425
8327
5452
1873
2027
2859
8282
6503
3664
9194
1693
7611
4545
9688
7099
5094
4314
1004
5688
5816
2423
4144
748
9136
1242
5879
3206
3219
3186
1729
2045
6313
9009
1883
8560
6061
5582
529
986
1668
8003
5969
3933
8275
2649
3540
5288
244
4934
5938
1760
238
7944
5811
3069
3926
5887
3640
3969
5978
9329
9889
2711
1582
7578
4139
4358
9154
7239
5515
7451
4114
4980
8079
2900
691
6836
2082
4726
8504
5996
6962
3267
3401
5981
4801
2826
7471
6318
3583
7370
1447
3412
8071
9878
3837
164
2327
3177
5007
4069
2027
2717
1200
5038
6576
4638
2986
959
729
5669
5019
1182
2940
4967
9121
5487
2987
1790
707
8890
4536
7099
9343
664
9287
1608
7846
9336
8058
7597
739
4102
799
6891
2111
7092
1839
2793
4966
221
8939
9493
9011
4998
4661
8475
1473
3568
6469
7816
6053
4537
7514
6880
8376
7668
3605
5915
2424
7396
3043
7300
1349
6330
5113
2804
7792
6359
9913
9096
3366
6807
6866
1987
4334
6217
1809
8379
658
6733
2845
3757
8588
7839
3300
2190
2739
9246
6054
5306
2229
1077
7300
6426
6834
3222
9328
6184
3377
4675
1345
6332
9586
8021
4513
9138
2530
3832
2417
833
1376
4661
989
8881
9733
8594
2540
4497
1104
7842
7021
3825
2075
8742
9871
3422
1810
5732
9901
8321
3122
3321
2524
3830
9946
6919
3376
5429
8387
5496
4837
4666
3689
6457
3323
2788
3438
5894
8325
7982
8120
5408
5150
6591
3738
76
2032
3398
7631
807
8912
1227
7837
8340
9517
5432
8419
5446
600
4625
7996
8479
2199
4985
6398
9415
594
1825
4856
4693
1284
8771
8399
7790
2749
1837
5262
8290
3008
2983
7009
1399
96
5312
4818
8366
4410
9977
1884
67
5627
3067
9302
3106
9374
9275
2904
273
9151
8001
1530
4882
7168
6660
3019
1610
3682
5458
2763
4812
8184
7673
1130
8974
7360
9542
274
4942
4140
4280
7863
9907
9347
5460
5172
8709
2441
6008
9584
8978
718
407
7073
2861
6938
9348
8512
3650
3777
8046
4739
6490
9820
1690
9277
8524
5813
4107
4266
5342
1842
8604
4771
7382
5748
3168
8938
2074
642
5744
6655
4942
4672
9126
7350
5611
9356
9162
8359
2744
3721
4431
8878
5284
260
330
945
6072
5292
5590
8132
7896
676
4646
4657
1333
6066
5001
2466
8386
855
4731
1547
5802
2815
1654
9157
7264
6070
2288
6989
4153
4461
5728
1359
468
7651
4823
464
8686
6384
4628
4426
9808
175
6013
8449
2666
5437
509
6704
4680
4547
1016
4769
8683
6651
1814
1408
8180
9204
497
6264
6456
5108
3870
8664
3322
4151
9680
4116
6986
8956
6084
9339
7485
5075
1199
3697
2480
2046
5773
4742
5784
7244
3040
8282
3955
7164
1172
8811
6516
1443
5375
4484
933
3335
8655
1882
4336
6643
2552
9756
155
3175
1707
7643
9351
6657
9063
4819
2707
8777
1692
7370
2771
491
750
6363
1492
7088
2954
8054
2296
8624
5051
7872
3452
8275
7284
3516
2901
9949
6579
8928
3450
3038
5301
112
1177
6587
6813
5845
9243
7365
4778
1131
3902
6314
9195
8978
9435
5688
8459
6484
3990
4823
3428
4573
8847
5926
6404
6790
9510
2541
5247
1487
8211
2395
394
3461
3898
3247
476
5658
7587
5045
448
8882
8074
4186
4635
7651
5448
6030
5981
3289
7581
9940
1906
1147
7813
7050
6646
7455
452
4757
9740
2716
4367
3474
396
2773
3937
579
7885
5743
972
3704
8810
2846
770
486
3140
3831
482
4762
2219
3181
8137
9792
3617
1563
6280
7570
9671
8098
5015
9510
8793
2949
5452
7909
1274
6433
6028
9421
4151
427
999
1529
2959
172
2503
466
1699
9763
5029
4384
6194
2577
3888
8698
149
8693
7308
1474
7704
4944
5177
5504
1045
9684
6111
263
6711
3560
8536
1343
9645
9626
779
7159
9764
991
9767
2710
1818
1855
7889
8028
5670
8280
2791
4565
774
8308
5461
6216
5582
7168
7805
2945
9897
2207
2110
4053
5777
3936
1283
4988
477
4088
557
6335
3164
8972
8480
6099
5627
6551
7424
6730
6064
8660
1612
6481
4182
5568
3704
612
5291
8697
9356
1756
860
8710
2847
279
3091
440
5866
4909
1470
3135
5857
1052
9953
4378
9934
9274
4481
8695
5319
9208
1864
7337
7487
4796
2704
4020
2776
5245
3009
2521
3070
2286
1409
5911
6361
8445
1490
3980
8483
2904
1646
4911
8109
1205
8076
9625
9241
2599
68
2406
2843
4133
547
9364
2004
3718
9043
7091
3082
5364
8644
7494
8667
8527
3342
1168
6842
86
7193
923
5253
1859
2195
9125
7788
8745
7417
7336
6281
2622
8005
4442
9610
4912
8992
9906
7769
6395
5500
2081
9076
6283
7879
7648
4549
3827
7626
7106
4640
4796
7470
3027
39
2081
6964
2293
47
4325
3091
900
9149
9040
3950
72
4835
6955
2399
5421
7482
2503
5707
6659
6146
1282
6710
3993
2492
9097
1758
8731
8776
8748
804
9872
4769
139
5426
5484
2856
6453
1236
7525
103
4161
2200
1442
1095
7456
5702
7345
5507
8337
8852
7856
9997
2009
8488
8827
4847
3532
9611
3050
1950
5724
9560
3795
2261
201
8166
4565
7627
3141
7303
3801
4011
4867
6795
8450
593
7667
7486
8273
1945
9398
6408
3559
8538
1377
3461
2541
4234
7818
3793
1191
8054
640
5148
7317
1544
7872
4853
2942
2361
6056
6845
3749
9295
7077
5124
2110
3911
7673
6407
637
9206
5479
1364
6506
6266
8969
814
2928
5743
9847
500
3020
2177
5568
5693
3078
5677
6531
4725
6807
7273
7169
8813
9383
1385
2710
4026
422
1274
3665
99
7890
1083
8255
9949
778
1150
8935
3208
6988
1627
2929
6867
4265
3120
8265
6199
6267
2077
6169
9562
2882
2931
7908
1343
3765
8660
9147
8396
6743
6310
7722
6600
8191
4321
1369
5864
799
4017
392
3826
5234
8503
6509
821
6129
8403
3197
1215
9554
5337
4730
9167
8661
892
808
47
6562
898
1196
2284
654
2307
79
8263
580
2693
3022
7010
2820
435
327
5910
8499
7048
9372
3439
7414
1772
5064
9999
523
2552
1943
9346
5156
6834
3658
8807
2101
222
5550
2506
1331
975
3906
8169
3665
3568
1059
4715
8924
5101
8997
4803
7245
4196
5364
3799
9138
3215
4826
4189
1599
1136
5666
2384
2141
6192
6154
3063
9929
4552
7759
4739
3413
3705
2585
9052
6801
6988
558
5466
3513
8722
7827
2491
3367
7833
1598
6331
1652
1468
8227
7964
2488
9149
720
23
5896
2291
9051
5606
7866
3543
1681
2130
5372
5330
9481
4704
3773
7236
3919
5132
2305
7402
9811
4641
4499
4000
9174
675
4264
9024
6824
712
5100
8117
228
8943
9450
6985
5811
4867
7562
7042
1457
6400
380
382
220
3901
8976
6912
3447
5698
3826
4526
2416
147
824
6585
6385
4031
7356
9644
1509
2198
985
8355
9453
8740
5326
3788
6753
5711
2559
6029
5963
1444
9681
1854
7467
6813
6098
3502
6448
4490
3408
5145
2977
3166
4377
9522
4434
6014
7001
8369
8534
227
1266
6790
2136
2403
787
3509
5704
2725
8838
6067
5781
9434
8459
2460
8195
3920
9303
8452
2807
5904
9679
2861
6602
7664
855
1489
5646
6009
2084
4025
8039
810
9065
7279
9334
9294
5575
2388
9151
6010
7887
3248
2659
9429
4207
8393
3466
7432
6907
8739
5086
5637
3559
9212
6568
4451
3921
3105
4181
3021
3924
4236
5076
834
4441
3439
757
624
2162
2731
7891
9473
2246
2641
1470
8472
7595
5585
704
5203
7568
948
1104
7412
9756
5555
7228
727
2012
6626
9247
8032
8385
2936
3134
3221
1818
3963
8606
7438
8489
6045
1177
1618
3575
9239
4684
5195
5841
8470
8470
7143
8961
7835
9030
2210
756
7454
9402
2122
7644
8143
810
8851
506
370
167
4602
9919
442
3914
1083
3212
8670
3376
8834
3200
1407
9321
5923
8579
1239
3738
4142
8961
7410
4966
9995
3320
1561
8287
7235
9221
2281
7813
7472
1610
5616
7114
5478
4192
7692
5377
6197
3445
9917
3112
1190
5179
6827
6421
3281
6231
1603
1673
9480
9327
4499
3042
3945
7477
5002
3850
4676
5341
9393
8883
9922
8930
1584
8931
2886
1752
6574
701
6181
5006
2700
4922
725
1850
948
3003
7290
869
7051
7901
2743
1881
4826
7994
7180
8020
7266
3733
2609
1601
5261
5546
8620
7726
2531
8110
5568
8800
9314
430
1181
5160
6675
3402
2237
1897
7933
6530
8978
9593
3612
3288
6244
7193
1578
263
1989
8498
4581
8651
789
9905
3288
7942
7228
5902
4072
710
1634
566
7328
4294
8562
7864
3869
9862
6575
896
4103
1869
6478
395
7112
1216
3933
5757
4480
3575
1562
7709
6809
294
5109
272
9202
3035
8002
1129
5686
4879
8730
3733
1544
37
5893
1509
6819
1472
6431
4383
3889
760
3635
527
6936
7355
2817
1679
1367
5029
4213
8700
6822
1726
4635
5139
8247
5327
1651
461
5727
1880
6703
1373
5223
4765
6420
9166
9206
2914
4632
3401
8275
3770
1109
7376
2285
1943
6875
8854
2257
7692
116
254
2391
286
1148
6170
4885
69
9685
2456
8935
9616
2767
375
9282
8773
7048
1332
8989
534
4928
2561
5748
4764
9976
1825
941
4556
3472
9650
5923
5678
526
889
572
2988
1188
3564
4991
8978
9274
1793
6446
8658
9169
1381
117
1892
8816
1168
4040
8990
5282
599
5746
7863
7834
4131
520
1389
2281
6088
8963
1742
9512
5348
4587
4422
596
7858
550
8448
597
6395
8299
767
3357
1214
9923
2324
9880
2251
278
404
3669
3432
4600
6910
7406
2286
2236
5026
6689
3527
7375
7365
8184
3599
3212
7154
1547
4237
6854
259
6695
7045
8448
9922
642
7811
9519
7977
987
8810
2306
6012
6356
9715
3988
7431
7645
2892
7162
6721
7724
6841
630
5343
1424
2324
2660
4627
2102
9339
2202
4798
5831
9504
2271
5842
9369
7654
3670
306
3457
8478
6544
313
8702
8895
1879
1096
7333
4528
4985
1167
462
9104
8242
4875
7108
8914
966
6560
8239
561
95
6763
6335
9135
6582
15
8578
5704
8905
650
9660
7531
6863
7721
8443
1771
5979
2688
1189
3617
5269
3778
2950
2769
8838
9150
7843
7966
4872
6851
8401
7868
3931
3382
3965
8016
2137
4223
8172
7829
3847
9070
5994
8632
2722
1717
1488
3550
9682
9558
8471
2799
1216
460
7617
3353
1737
5436
5190
274
9212
3973
534
8098
4210
5125
1755
4565
8645
1566
1587
5739
2027
5688
8364
1080
9802
6495
207
9402
512
3596
4079
1799
5923
9886
5193
5615
1018
7666
6393
4324
8797
3880
1629
1768
8220
8913
2372
5656
2280
9986
952
4414
7212
4522
163
3549
3139
1115
4220
2518
1075
5686
2159
794
1141
8275
1122
2243
2090
1529
3610
289
2798
5402
9761
2381
2246
3838
2967
1237
5689
8295
4755
2041
1226
9826
2745
9333
2762
6153
3693
4667
2506
2675
2206
6284
8539
6665
4482
5027
769
2055
5640
6522
1634
8148
8633
8236
6259
9367
2530
1452
501
4701
8017
2438
4269
4929
8408
4093
1824
2854
5126
9251
413
6834
7669
9462
3460
689
9398
8550
4849
3704
2149
8552
6352
2910
4616
6727
1115
6063
1744
6259
2338
7831
4947
9995
7744
3570
5873
6099
7241
4777
9646
6862
3326
7820
7053
7080
1181
2849
8960
6364
8173
2953
404
576
518
4553
6287
1160
8256
8793
5338
7549
8325
257
4118
7097
9577
3737
8258
8973
2821
1949
3793
3341
3645
7137
7523
4822
5677
7293
1636
9671
7204
3388
4496
9454
4596
7429
6476
49
1901
2442
6938
3764
7097
4522
6125
4062
2040
4006
3560
6937
4906
7517
2818
333
1086
5106
1008
3169
875
7091
191
8510
101
3284
7074
1203
2836
3266
6801
8931
3751
128
6426
7018
1314
1664
3756
1567
2070
2378
7635
2552
502
6892
6469
8340
8630
318
2803
5774
4417
4008
3103
5433
8289
5701
3569
9991
2658
1573
4713
4669
179
3912
9788
2717
2666
2246
4656
5585
4097
7618
9671
6966
7912
9407
7285
2286
968
1607
2674
323
3918
781
8477
1690
531
1067
8922
9632
6536
2542
3036
2256
1930
8011
1470
1674
9385
9874
6496
4813
5363
3089
173
2659
9878
2462
1384
9565
5451
2504
8461
1912
5729
5894
463
5909
9502
2268
6817
7581
6383
2445
2005
4129
6321
4513
9233
4732
6253
7228
4632
606
3741
3095
1435
8682
9207
8178
1756
604
5533
8206
2182
8912
6194
855
8168
5278
859
2235
1408
1423
438
1538
3814
1969
1934
1590
1502
9882
7116
4586
2280
9406
8066
1717
524
8405
6914
2544
4054
1915
6724
5036
8637
1338
5409
9968
7080
9228
4814
4031
1544
7874
2648
4458
9648
1009
5815
4207
7225
1882
9886
849
3174
7677
947
4148
4757
9763
2851
7069
4887
1655
5032
2407
6508
1719
3484
2611
2975
5613
209
3443
7502
4272
4554
3123
9233
6842
3173
7340
8223
4376
4061
7065
6739
9335
4099
538
9676
7993
8842
2933
2604
7681
7914
7285
1968
8470
9302
8011
8338
9391
1083
4062
212
2568
9675
2138
2870
4729
9573
1685
4044
4512
725
2459
5751
5676
6156
2321
9533
887
4322
7638
593
8108
7720
1150
4779
1754
1780
2518
1280
3809
5750
4881
2989
5827
392
6688
5980
1403
5639
1873
9318
65
5064
2951
6506
7814
3002
1065
263
6530
4468
4156
3069
4362
7644
9461
6900
1859
3625
9383
6951
4080
8366
373
5758
7217
7338
2944
6142
9374
4246
7181
3608
9052
1374
2189
1486
1611
585
9802
4963
3545
835
2580
3363
6742
169
3619
3589
63
7598
1031
1455
3569
3005
3088
1786
1503
1274
961
2639
3742
220
4749
3765
1853
571
5069
4526
5104
248
6866
1875
3840
4491
4276
4716
2473
8012
5427
7004
2002
5271
3836
8272
2471
230
8733
6907
9044
7482
79
8492
1496
2534
5288
8782
5829
198
3766
8477
8442
6542
2236
4860
7849
1650
8533
3568
6263
7576
4059
2311
3543
8288
5400
7168
8997
6165
3765
1254
2288
2645
6820
5009
3328
9007
1294
7149
2443
6939
6250
5375
6315
7555
6368
6377
2279
1811
1711
5350
3361
4896
5513
6284
9149
2125
4325
5613
3049
4067
5476
3482
4759
4233
5297
8817
7934
3500
7764
6700
6878
1627
7323
9103
2887
7734
1539
2964
350
8387
8894
2777
5111
4084
4586
8410
2753
2349
2488
2699
2409
8400
4583
7506
2561
2389
104
1413
8821
5613
5405
6975
157
6753
2134
562
9227
3202
5678
3214
4543
1845
8041
6632
7015
8277
9326
4492
1121
3378
9821
5551
1417
1405
316
1718
8365
4310
1724
1195
3619
2883
6350
4067
3759
6477
2212
5336
3239
9586
8710
8255
1844
5337
6633
9068
9279
3086
8001
2754
9728
9741
1580
8249
2150
2174
8003
726
7905
1138
4426
8011
5882
5481
2369
7980
6743
9137
3988
3854
2098
2336
1391
4729
1485
2837
825
9387
9880
2542
8562
2442
1120
9837
8125
3242
8111
8221
9161
9575
8973
7337
6665
196
9396
3410
5581
2479
5364
2258
9819
4060
7175
9549
6644
268
5191
9775
7100
2341
118
7542
602
4928
5790
2196
7195
5259
402
9555
4081
478
2914
2587
3984
4115
4987
6201
1671
7447
5192
65
1516
6577
1477
7289
3402
1474
9924
6171
6412
8918
2671
6801
9822
7318
5542
4237
8679
7735
6412
5253
6920
2047
8616
6158
4416
6200
9827
5109
5598
3733
5734
3488
6371
2375
9571
7411
2941
4400
3125
2272
843
9632
2156
292
4994
8547
9363
3532
1898
1716
996
2530
3284
1018
9009
3805
6379
7497
9241
7816
9810
513
7548
2675
5676
2936
19
7886
7721
7522
460
6684
2750
318
8181
5200
7421
7991
1789
1558
5377
7284
158
8314
321
6482
57
7146
9081
702
1011
5620
4959
5137
1868
2002
5754
2918
310
5615
2723
7225
6063
7009
6418
420
907
4364
2905
6565
3780
9964
9118
7468
7230
3314
9305
6609
2253
5549
5420
9706
2187
3140
3109
5486
2719
7582
1484
5325
4293
1763
9285
5777
5284
2978
2207
3785
9099
7230
6204
329
6083
9330
9381
4660
1556
8600
723
7885
4609
519
7381
1631
8391
508
3454
4826
1538
7273
2324
9169
2103
9568
1444
1809
9925
2088
3203
1948
685
3293
7999
6591
5104
421
5954
9536
9675
4667
1869
6831
1157
2576
3941
1377
5624
8068
528
9158
4293
3189
837
9638
2599
4675
4769
3293
5992
7733
4373
9931
5816
8045
4355
2510
1277
7953
1931
2465
8998
3011
6925
4238
9939
649
1466
8658
4571
3576
4917
7075
1101
6713
3717
765
8292
7952
7704
3020
3937
9844
4208
4528
2416
1426
8684
6201
9932
6851
5989
7429
3993
202
9552
1894
4501
3954
6613
7547
7411
1891
6477
2113
8348
6001
5315
587
2779
813
5400
6580
1400
8019
8880
5098
4245
8768
6209
337
4667
1007
7159
8439
4867
4455
7980
1809
7887
6379
1729
8512
7123
7179
38
7607
3310
5995
3664
8816
670
3041
6060
2839
8454
7161
8889
6857
1450
4243
928
8251
3213
4540
2105
8452
8745
4701
2590
7951
9137
3375
2755
2963
9290
7605
3628
4043
1267
934
9003
7005
27
3110
9768
6920
5351
5610
8213
6667
3627
6810
5071
2544
5806
5560
4900
783
3355
2163
6009
466
2275
1331
9621
289
6407
2534
9176
8910
5128
9362
4804
1212
7289
1009
9838
5677
2764
5780
5961
1329
5373
8662
1071
6185
6057
2421
9295
3024
3207
4425
5692
2413
7809
9469
9150
7399
4688
2225
5730
9059
7547
1635
1296
7168
4706
3560
6641
5679
4532
7293
520
8372
4347
6176
6020
6115
4318
2488
3504
3459
8275
2006
9014
8987
6721
4221
458
766
3375
32
5169
5548
5541
9937
1493
7941
272
2245
3949
3683
2904
2613
6209
9347
1823
3356
8637
9353
3552
3389
7472
9984
5180
7430
853
9255
6962
6118
2852
966
6539
7098
416
1004
7613
785
9716
4104
156
3525
7773
9618
6283
5184
2427
5615
5747
7783
8728
1596
7705
6782
2653
1514
870
6800
3686
376
2449
9171
6236
9717
7392
9554
6151
9472
3368
40
2621
6397
3632
1666
7698
2059
9472
59
5304
6638
6297
9063
9148
8323
2572
4610
4285
1909
8804
3873
166
4336
4556
2762
4004
9424
5090
8216
2021
8768
5633
418
2723
901
511
4054
723
6208
6414
7040
1850
772
3935
9770
268
8402
9166
7862
6167
6383
7630
6625
8222
7173
6108
6021
8446
5218
4041
781
8360
5334
5077
1498
4422
6696
1075
9027
7597
4372
5440
6310
6609
8559
9968
8899
6933
189
9591
7836
7932
424
2369
6332
8635
707
7877
4717
8646
9498
5714
6526
4393
1594
7327
2233
2527
6029
8506
6189
1661
8940
7013
6570
806
8514
9601
7810
7930
136
5405
9893
4823
1208
8099
9134
5137
6767
7575
641
883
8968
2941
3505
8955
5801
2593
5959
3286
6983
3820
9237
179
7865
3968
5670
3998
5419
7497
8674
7944
3889
8495
9719
9969
1515
6131
114
6988
3922
1350
3489
1532
4184
6728
8246
3702
4398
7781
7904
7903
8642
3296
1281
8185
2639
4261
3748
8227
1113
5829
5424
2030
9897
4444
2089
9160
6148
2694
9865
4073
6709
7777
5247
2461
1593
5556
7946
8823
6865
1115
5200
8573
8754
8410
2667
4810
8773
6211
8862
4667
7783
4842
7198
2567
5512
8399
2120
8124
843
119
3568
4486
7357
4353
7079
8936
8071
7197
5174
1257
3076
9258
9393
6999
3900
8263
1300
2130
8776
6244
5126
2774
3757
5906
4292
8727
5595
3439
9036
2299
3691
514
2558
4618
23
6494
8708
21
7966
3010
5061
5399
3154
6927
1448
5424
2158
4520
5466
6499
7633
9138
3344
1941
1790
7075
6600
8435
3616
1450
2423
9112
9051
1952
8400
1743
7516
9027
303
1474
2642
4754
5004
6318
9820
9015
9264
152
8273
8832
9153
2386
781
766
4146
5645
9861
1140
4568
2832
5262
6488
995
2752
3967
7150
9461
9110
524
183
6863
1151
2516
3896
6857
5469
3250
5209
7682
7576
1318
2775
9874
8716
4594
3341
3621
8096
4460
6190
2635
3239
4537
651
3848
1446
7084
4650
9981
3528
9346
8091
5102
6906
1598
3410
1635
8905
8428
7110
995
2701
4861
279
8990
7704
9355
3160
1453
3392
6382
8668
5188
620
2367
2446
4223
7233
63
2502
1648
5456
8120
9777
2833
6991
4538
2093
6704
7991
4997
7851
7955
172
9636
2560
4530
6197
4737
847
1557
7164
9015
8922
5001
7544
7702
7663
5763
8245
1498
4446
7665
1589
1551
2652
853
2957
6161
1365
5486
2615
9617
4217
9289
7797
8702
5551
6518
9511
7783
4101
5209
730
9131
9270
4188
2646
1124
2737
1277
3474
3331
8592
9328
9945
4136
8510
7329
5051
3511
4577
9648
6902
815
1264
7702
2574
5113
9834
4791
7766
3380
2933
6686
7747
181
4551
7648
7596
943
625
3996
55
9769
8601
5096
7455
1901
20
4681
124
393
8820
3807
7430
6339
9439
389
9216
2084
3071
9319
4725
7244
7420
1400
3354
8082
5184
9013
6554
1809
9167
1335
3035
8702
7370
2161
53
6619
9722
8970
2021
4408
9229
2722
3936
3012
4196
4050
1176
5655
4939
3037
9136
1393
7938
6528
5832
9511
2722
9094
8141
5808
1963
1150
7654
5613
3210
524
5257
2548
1519
1778
4491
6504
5793
993
2534
9086
8119
2390
4173
9861
4556
7155
8564
2128
7915
4155
746
2690
7913
6829
9892
6070
1735
501
4117
1
8533
9565
7264
5653
4672
4595
6583
3006
2656
5259
1428
9096
5540
6137
2217
4391
417
8990
5732
512
9071
6899
7601
688
1253
2733
5231
2873
6203
6911
4870
4293
1025
7117
4534
5337
298
5705
543
168
9930
8895
9123
1212
9655
5547
6133
4762
2824
2284
7360
5346
9164
6055
8990
7199
6043
4839
2923
2241
6447
2123
4375
5259
7335
1035
9879
8670
356
9570
2223
1203
7996
9208
5136
7091
2149
5418
4591
4981
8819
25
5499
8650
2231
2223
2246
4844
3949
7152
9043
7056
7784
8364
1388
7931
9255
3273
3050
7117
9148
8714
3974
5834
4316
7134
3215
4236
5309
2595
7625
2708
9613
9773
1372
3641
1337
8447
3588
5956
3053
591
1438
653
3129
7102
3730
2020
2401
6451
5826
5766
7311
8108
49
2327
2734
9439
7047
844
6648
5984
2664
6930
519
1479
1712
5211
3814
5846
4778
5872
8415
6441
6686
2930
