4541
6396
1256
1739
24
7434
5189
6125
9203
6720
383
5178
1611
522
2738
7590
1300
1126
7904
8152
7234
5055
1242
1428
3466
7717
8551
7312
7493
4575
708
7898
9088
5146
9374
7668
8640
7627
2880
1899
3578
8745
1030
1422
3795
5540
5131
5367
2175
3254
4830
7384
4290
6195
6526
4970
2116
6545
9007
6008
259
9433
796
1373
9538
1260
194
7588
2066
2285
3440
8870
3957
3780
8586
3651
6674
4659
2688
6674
5682
2445
7759
4090
5559
8681
6542
5656
4002
9419
2621
5075
3268
7331
639
6808
6514
3136
1482
5274
8223
545
4142
240
2435
731
706
441
9879
9451
3397
5979
5245
2368
2932
8883
8822
1894
5589
380
2526
1883
2334
2873
8928
4928
7100
4415
3335
656
2901
3527
3168
2424
3831
2653
5970
4129
8215
9199
7172
8464
3173
4201
1479
2868
3688
9920
7146
9691
9893
9404
765
2613
4764
2931
1248
2272
633
8595
5631
195
7034
6842
6026
1638
4264
1673
6631
4764
6751
4460
2009
5668
7814
9814
3062
6226
2734
6825
5069
4479
201
3092
2965
5300
3112
3486
2643
2493
8498
299
3467
2127
2906
6572
6418
928
3947
9766
4339
2825
924
8673
5590
1402
7468
2456
100
5916
6924
7098
7281
3787
6864
1130
8534
3036
2554
9525
3239
4000
472
1875
5960
843
2017
8597
4398
9880
4474
6775
2114
3528
958
5496
7420
5823
3597
9025
0
7868
4533
5038
9805
9339
7426
4262
8540
5199
8152
7324
2684
5182
7066
4424
8397
7251
6861
3488
2881
5246
9364
2900
3818
5257
1846
5587
8366
4850
8437
2287
5837
4227
5029
3157
3682
8622
6715
8514
4698
6833
5244
1493
4451
1603
232
7652
1858
3795
1953
9175
2575
3770
5396
4177
4397
192
5000
4891
6211
8615
6962
1980
7221
9609
1357
6092
1147
8966
9426
1925
873
542
2351
4512
2648
5698
6582
2228
5329
1959
7356
6108
9414
7507
6455
453
2629
7451
2402
5435
3712
2405
1347
8413
3673
9867
4705
7025
4313
4108
5212
3774
7065
864
6578
8778
1320
8972
3095
4632
329
2277
4705
4930
4488
1648
9861
5871
6363
8720
3250
8619
9155
118
7932
8577
486
3347
1784
6600
6358
3271
6272
6310
5912
1167
1508
1140
6260
6697
5336
4512
8021
6845
5733
6638
6478
4839
5211
1843
271
6389
3114
1003
9415
200
6681
4739
7101
4646
4606
4334
5195
2732
7438
8978
1676
3023
7609
9943
9312
5108
8163
4534
8837
4330
3295
5251
6582
2006
5719
2530
6083
4186
5585
2602
5510
4099
3151
5556
7970
879
2753
2539
9667
9896
8761
5150
1745
8100
5130
4571
5183
1104
8944
2741
4595
7480
4896
2975
5952
9676
2048
2823
5338
315
6423
7676
659
7213
2950
9668
5930
428
8157
2732
8218
9868
603
1353
619
2544
9505
7482
743
4440
3268
7401
3117
3131
8713
7871
5623
3801
8654
8817
4625
3087
208
8021
836
2331
8700
1810
8070
4213
2373
4558
81
4524
1223
8997
6411
3865
9250
8755
6835
2428
3158
4365
5353
4722
2125
4018
8943
75
2620
792
3328
9055
9492
8759
7831
5585
9504
1411
4102
9442
6357
7199
8955
4087
6863
8603
9838
321
6365
3130
2584
7133
7786
6916
4991
7300
2733
4181
6511
6764
4996
8694
3870
3651
6450
6630
4803
4898
2904
3699
7226
5879
2738
3294
9192
1194
4338
6533
5715
2800
9236
9545
2198
5071
6680
8128
587
5033
1889
4978
3600
23
4634
108
4457
4321
7028
782
4338
928
9347
3304
7503
4598
598
5355
4473
7473
6125
4218
6949
9212
8031
3182
4280
9404
5447
5714
175
1216
720
4543
95
1720
4530
741
4322
6156
7593
6065
9006
516
9148
362
7724
9245
2743
4681
8994
2613
7947
9884
1035
1366
2606
4
3632
4640
3975
9382
8392
786
8656
2694
2925
9756
659
7399
1469
30
4086
8818
4417
2637
1950
9118
1776
9798
5478
2775
1146
5934
8865
2786
9050
4359
2901
3800
5560
3831
7153
690
6096
5327
4449
3600
987
892
3314
3465
2920
3235
3673
5163
4778
6842
8690
9029
5514
8825
888
5263
9696
465
3863
9930
7143
8461
1841
5721
2684
8265
8081
5396
2482
582
9708
945
2588
6066
942
6878
7453
2613
8890
1792
949
4208
6060
8370
131
247
1607
8303
2470
9512
8938
5308
536
3497
739
6327
4246
9670
3785
8317
9704
6462
4914
5593
5368
8219
6486
611
853
195
4300
9265
1000
785
3470
334
8022
593
8098
7509
7532
5732
8686
1621
10
5734
7194
122
7909
4905
3426
674
9994
9559
7953
5759
8737
2616
6219
5652
3652
1331
5638
7795
3268
3543
2514
1639
1160
2767
8427
9361
6870
2701
6391
4510
908
7265
5491
2600
4073
3162
9017
9956
5281
8149
5138
9669
8806
9668
1082
6478
1372
5328
1466
5539
1915
8820
8927
3628
1960
2299
535
5124
2574
8996
6613
9285
4621
7895
9505
9784
2673
5662
8635
2263
9310
9708
4736
731
5814
254
525
9039
7274
8583
7319
9394
4981
3269
7053
5876
6651
6111
7019
7264
5518
4755
275
152
2589
9523
8095
264
2494
7851
2132
7169
2260
920
2991
5196
4066
3545
8843
1230
7599
220
2360
8284
4943
7303
6807
2290
1143
3774
2405
8361
6545
759
2253
1944
2790
3030
3013
9744
2971
4098
9349
5067
7864
183
2653
2330
4362
7322
4012
5877
9312
222
8525
8951
1771
1046
3134
9717
9397
1271
2921
2530
143
0
1459
4347
8736
7660
9295
8080
8499
4893
828
7030
3029
2627
4000
7075
8926
805
9031
6208
345
68
2178
4248
8486
2778
7979
9041
4295
7252
8775
9333
633
1754
3437
8627
967
2910
8169
8818
5238
6542
1029
7160
9955
7614
8365
5217
8842
9971
5756
3837
2346
5865
8259
3927
9216
9883
4742
8795
1009
1797
8933
197
844
8152
5442
6865
1048
2909
2451
1241
421
3368
4037
7442
752
8756
4160
1051
3984
5373
1241
9241
5917
3988
6937
7936
9751
2295
5246
1256
2869
7674
8386
7329
3300
3254
4033
3679
8057
3307
4448
4906
4160
2405
1778
5098
4563
6419
5405
7551
5445
2471
6574
4738
8364
9209
2757
2202
601
8447
9200
1055
9731
4102
7936
5131
3900
4622
5162
456
7586
659
6355
6686
3754
596
4732
2442
7177
2737
2749
9029
474
4446
8214
9964
3935
5333
6290
6927
2553
3718
6158
6276
8852
3006
6462
4121
8098
7390
6757
2077
3228
4306
3161
310
492
4492
5146
9231
3155
9119
6998
6307
9902
7528
1833
9856
6571
8338
8289
7380
4727
1379
9987
2064
8251
7781
5703
7341
9587
836
3815
6151
579
767
8042
8408
8963
2446
2745
7521
446
6259
5138
4382
8078
8814
8647
5124
5143
2002
6333
7184
5132
6041
5824
6722
2585
4549
7526
9281
1479
7458
5986
4739
3725
615
269
7045
8862
9315
2946
9017
7504
6647
8866
2588
5299
6592
4263
5238
1201
6042
3980
4111
3726
9603
9545
322
1513
5920
3709
7290
9988
4542
7662
8585
4240
7871
5601
2768
9296
3651
7573
4931
2913
9579
5606
7268
2741
3165
8
3897
9218
6750
2420
8367
7967
9698
9724
5804
568
7252
8210
5492
609
8236
568
3841
2680
1880
9193
2147
5590
7405
8067
8333
7500
8663
2046
6934
9890
171
6773
7015
9332
124
4621
3393
875
641
2096
2581
4528
5409
1947
1207
6805
123
8845
1301
2577
1703
990
3812
8597
8119
1198
9003
8955
1836
152
9938
4476
6406
1347
3197
2590
7506
1980
9145
1585
6877
6523
2640
3280
24
69
3861
1181
6293
6640
8125
6931
2996
3630
2995
6500
3625
7282
788
8957
3866
5701
4637
4904
8146
5258
6715
8695
3716
3476
7893
8405
8926
6452
9149
193
7255
1736
6404
9173
8913
8196
2069
7207
7400
2846
8576
9121
9245
892
1453
2783
1367
9304
2054
5185
1969
6110
2992
6248
7685
7320
2508
4374
1833
882
7559
2985
6048
2392
9229
5224
304
436
8214
4827
4421
362
2615
4729
7482
4069
5035
1434
305
9931
1053
2366
78
1418
6574
5491
5590
5103
7254
5316
6113
8826
9209
7094
6895
8540
6583
1471
9508
8053
8194
5166
5818
9299
2403
9343
225
2036
6699
6252
6013
938
5996
6467
8124
4950
1615
3553
6493
8448
1082
398
1198
6273
7424
1547
3092
5018
5488
8921
1363
1099
1924
4046
2487
2071
4996
8542
3440
1413
86
6041
5694
8588
6915
2904
5525
5562
4849
2197
471
8160
3413
5188
1389
5650
6128
7328
4506
4774
7151
1136
8075
5071
1831
6725
3844
787
4257
1771
4370
927
7173
6682
3437
3083
2176
7430
8294
8540
1075
8056
9251
5877
2439
7208
4296
7787
937
8245
3824
1142
888
416
3291
3498
9578
9402
9712
150
401
9145
1231
4627
621
3255
7723
2086
3645
3560
4355
9431
1130
5386
9348
8220
5906
3995
1792
6380
2772
4307
5321
2619
533
6475
8670
3034
5297
3199
4707
2861
2032
760
5412
7596
8632
4660
1435
6742
4354
2507
1369
387
2372
1303
7697
3442
4410
3653
3454
4951
3955
7582
6118
136
3356
7629
2954
1037
9314
665
5117
7516
683
8496
6170
4162
2302
731
4369
213
8667
5609
7055
9000
1655
3534
9789
582
7187
7915
2517
6315
6816
577
9940
6837
1481
4475
3545
5667
6382
4762
8293
9007
7864
325
7826
8614
5472
1861
8245
8696
4947
9266
2012
9641
808
654
305
1112
401
7695
4315
4539
4799
7098
3376
353
5801
6071
572
8467
2404
366
4532
1423
4594
7117
9465
8415
7085
1115
4213
4950
719
2365
5044
7297
4617
4836
6252
3088
7938
1147
7233
9407
6059
5627
4641
7579
2393
8621
3467
9453
3665
8257
1458
3451
3447
1949
7132
9912
6039
8855
2866
4322
340
6221
978
3911
1300
7091
2596
7801
4697
4221
6151
3382
9571
5184
4833
1947
1434
6653
34
4701
8560
1615
912
6274
3096
1909
8531
6550
8536
9856
6747
3273
5164
6998
989
7216
5485
5014
398
8928
2381
3719
8394
1071
3733
3703
1694
3201
8619
6703
8024
6438
1822
5012
8335
3974
5345
2403
219
9586
7942
2924
5364
403
6205
648
5423
2077
3692
3031
7448
4181
7785
2853
2175
1186
7465
8894
5872
9678
9076
3497
9207
5625
1251
5909
4651
6433
4679
3963
7304
1302
7137
3019
2692
9975
9306
341
9115
4325
2308
5137
1402
9459
3591
9301
7549
1004
3819
1620
9676
3076
3779
8631
5941
7050
6941
8648
654
4728
301
1552
5646
716
3368
5869
7189
7942
2805
6396
9217
7100
8069
143
5413
5497
1658
5764
9854
3338
6078
1757
8338
5733
8469
1754
251
6911
3013
949
3891
9038
671
6372
6549
1795
5604
5096
4304
473
7700
8711
5517
9682
1033
9424
6269
7016
8811
3021
5660
5990
6360
6573
3776
402
5068
4248
5394
2908
1836
2898
8049
9041
552
169
3962
4173
4390
1829
1486
4975
314
1699
3259
8836
66
7155
5025
4375
5133
5488
1219
3723
6723
1589
848
2530
5595
5412
9934
6828
764
8449
4837
6814
547
2043
4176
6354
4197
6824
5694
3622
7464
1714
8472
2645
814
3064
141
7722
4758
9274
3408
2718
2768
3953
6116
5024
8579
1142
4316
9636
1356
9412
8373
2237
9142
7751
8018
1436
8282
5086
3407
9380
4125
6988
5786
6850
6185
7669
3115
3640
9160
2735
3181
7537
9742
8307
9105
5536
7980
5112
9937
9058
1114
1950
2068
886
7247
1514
5552
5314
6034
2988
3135
4529
3595
59
8756
3687
9327
26
6617
4302
2943
9535
1512
590
1142
5156
6060
6235
4604
2457
718
9674
7701
5574
8010
4443
5235
326
3275
7401
2833
7886
425
1693
164
2705
2686
3226
9105
7972
5125
9121
2136
4201
7843
4094
9819
1740
6209
6080
16
5955
7175
5503
5678
4633
8850
3589
2486
759
3814
3836
2401
243
5375
7362
4277
3375
9950
7208
8081
870
8058
8897
4979
175
1035
4539
1580
5398
523
5599
2957
4707
2995
5093
5729
2313
2186
3407
9424
8270
8122
3198
1656
8244
2643
7919
203
7117
7814
5382
2994
4852
5414
2472
5219
380
2811
9646
1292
9443
2972
4161
8264
5321
4103
9105
6390
7129
7449
1282
2064
9008
178
4719
8066
4919
3953
8166
6196
8016
8758
4346
7734
564
5903
5875
7895
268
3703
7836
1488
1526
4290
9754
8280
5590
241
405
8277
1919
5285
7304
9047
4118
4184
8997
9503
7760
3111
2347
7170
4122
3300
8880
8824
3407
7580
3978
7637
3380
1505
189
3466
4509
8229
1262
6773
677
9034
6651
815
5336
9443
7162
1184
6552
4258
1210
6594
840
3508
7674
9853
4882
5316
5789
3398
6289
983
4643
9448
9406
2213
4907
896
9831
324
3235
5355
1796
2564
5378
1466
5848
1158
7553
3497
374
6637
6826
7577
9433
8136
357
465
1070
9864
239
9680
4859
4765
5371
2003
4734
3476
4279
5922
3380
9149
3167
2391
7392
6445
1589
7459
8226
6036
4074
9760
2565
4371
9820
5654
7132
2092
4120
4875
7224
3505
4593
9959
5259
3830
2459
3435
5513
544
4142
7768
3860
80
1275
4422
6825
1392
7844
17
2543
3437
1629
9538
7330
4521
3382
8844
5470
7594
1237
1271
6570
7128
9751
6075
4364
9970
2642
9628
3208
4715
5844
3836
3662
1552
2768
76
6548
7295
6843
1085
5663
8366
7325
7732
2906
7856
3134
2337
6036
1485
6050
5327
8460
1267
8986
7387
2529
4993
7249
5007
2656
4278
709
3317
2230
3818
2626
6487
8794
9791
6517
2562
5240
5849
5874
6614
870
1050
2841
3346
5099
5246
996
7865
8301
3928
4286
1262
8830
6367
8851
5830
2623
7966
6996
3287
1935
214
2878
8209
2753
9336
7619
8024
6209
7824
7494
376
7940
1381
2624
8464
723
7504
5136
5027
9988
911
5188
6047
8811
5347
413
5979
8858
902
9367
7316
6439
914
2370
8635
8254
2777
3803
6958
9784
2524
8310
2162
288
3927
9674
3514
2386
9045
5174
934
833
8629
114
6548
4724
7614
6943
5251
9657
3042
844
6568
1567
9190
9048
3908
1952
7425
4223
1486
4945
6361
3251
3619
344
1261
1464
5903
3102
319
8988
2857
8998
9433
217
2011
8281
6408
9643
148
3910
127
7277
3409
8678
173
4728
9344
6002
7626
8612
5598
2440
8312
1453
6927
6102
5654
1459
9477
4040
1453
1653
8882
3428
9433
5710
6601
5888
8164
2559
7168
1665
7129
4306
7505
528
2114
2375
8340
9244
3835
4874
6876
1275
6803
4160
9350
2927
3765
7337
1876
1640
4761
3968
8075
6282
8822
4709
2377
6398
645
1731
8597
7182
4199
6818
4428
9645
142
5875
3796
888
4188
9170
726
7707
9095
5123
271
7861
3846
1692
4382
7233
9752
3476
3149
7863
4695
4570
4771
1348
3579
6846
802
4489
5110
921
6761
9198
2524
2315
2030
6690
8572
8510
7104
6743
3165
3501
735
6432
5433
5253
4277
9165
640
7999
5628
4052
6376
5724
570
7711
1791
5385
5016
5439
8211
8395
7700
6359
9424
6754
9192
7637
5200
5834
9746
6129
2096
9259
5489
1960
1547
2597
9697
7408
6355
1653
3518
6236
3235
8021
8393
3132
843
9276
635
269
9868
3663
7157
8183
4165
9499
180
1127
9681
7607
7896
2847
958
1074
7525
7361
3387
359
6982
686
3053
3380
1466
3745
5014
9561
1668
3677
5160
4041
1007
652
415
3252
364
9968
6987
5884
60
4652
6596
3903
536
2108
6195
6730
5118
9455
7533
7947
531
6091
9122
7974
3432
8780
4648
8037
4109
4075
8674
450
1722
5258
2602
7753
8977
6129
1307
8540
7976
1979
3566
991
3112
8848
7508
6019
1372
5776
5640
753
5159
1203
2698
9601
7852
3844
3588
4570
7702
466
7952
8672
1403
7808
2538
6288
4680
3564
2478
2177
3572
1833
7824
6428
6763
1717
2242
6146
6253
3873
6635
5867
944
8708
1669
7828
5303
1676
9622
49
3173
5640
7836
4920
5001
7634
3142
3471
5287
7529
9053
852
5903
9074
5294
6645
51
9581
2266
9623
1140
3119
1416
291
586
3518
6189
6149
8674
7683
7197
3967
2977
6783
9573
606
9578
2728
88
8869
3346
9998
6538
7749
4855
8386
2155
7032
3190
511
3364
4674
5857
9022
46
1652
9258
2392
3683
3007
5827
4867
243
5759
6767
5723
1453
3991
2606
5310
256
8968
7243
540
3657
7455
5057
452
8917
4528
4772
3276
7117
8135
8219
23
1454
1410
6960
6050
6363
5324
4763
1262
7496
8642
9381
1671
1943
4333
2756
9874
2674
1635
4804
9686
1109
732
2302
639
6995
2711
995
1341
5286
850
6073
6809
5632
577
3372
3799
1232
4524
1292
9865
315
5950
1314
6469
5320
8542
3184
3750
1968
3079
9403
4795
2831
1794
2457
178
7777
9384
7397
9359
6699
5578
1837
4120
8329
7929
5208
645
2598
5056
9197
1064
3011
9975
1699
2331
9809
324
7329
162
4311
7318
8560
8429
9754
8085
2886
9849
4200
6660
3078
2166
6635
7388
9541
5050
8251
714
6071
6920
7081
5423
2898
7573
5666
3301
3786
2086
8215
1836
7200
3781
5867
8138
5046
9215
6063
2549
6359
6157
4820
3554
7432
6274
8710
6562
4370
7860
6757
7870
8804
392
1123
1708
2622
1861
9454
2647
2922
1928
1060
7835
4167
8781
3740
3556
489
5220
7961
8410
7473
20
387
1072
9377
3866
9259
3996
4703
5281
57
5736
344
893
1000
3594
2064
6087
4465
5199
7025
6654
2215
2330
2255
9401
9420
2785
1475
9818
4925
6447
1566
7945
2912
9793
9076
9290
4223
9097
6657
6321
3911
6266
9078
7431
5329
2896
8558
4528
29
7453
9566
7412
7036
7728
3930
2996
4733
5697
8153
59
3464
4764
6133
5713
7247
9962
2177
8054
8535
186
1124
572
821
7739
4692
7815
81
4582
5740
8515
7534
6551
5046
1941
3002
6490
8397
5597
286
4785
5338
7539
3385
1074
4743
4560
5149
4076
6532
8317
8000
7401
3315
5018
9734
7975
529
770
6086
300
8716
3859
5751
4116
6976
7320
2844
5277
2382
9967
6414
9622
6113
1766
6548
7467
3454
9858
1858
1972
1429
4888
3684
8090
4798
3340
8236
47
8440
556
9047
4402
1724
789
8656
2595
8356
5210
184
1604
3433
6157
6627
3833
7935
6035
8125
7690
9729
2298
5167
8415
9321
5715
8800
4719
8043
7722
7250
493
6139
4093
2049
2473
8306
6377
5754
4095
4648
9597
7667
2985
5702
4561
3562
4549
1237
5791
366
6920
3852
1569
6995
3187
54
884
8085
5268
3462
3160
8235
30
7055
570
567
2352
3970
9474
4896
1717
9263
7039
7600
8591
8243
1478
7422
4376
533
9502
8849
4039
2847
2542
7459
3671
7595
4109
9695
6133
8946
4266
2879
6765
2685
3576
9977
7659
1356
8144
7606
3401
1533
9406
5080
3394
5797
7162
6931
5851
8019
2028
1250
6414
6887
3951
1447
9945
9262
6729
9582
7525
1911
4578
5300
1912
7450
5708
5567
3822
7903
9587
6904
8259
7192
9127
3636
4820
2089
6383
2777
8415
9679
487
8596
7164
8220
9576
7687
2365
7450
4200
8382
1372
3837
8363
6744
7999
6049
5699
5043
6600
6017
2579
7622
5412
1354
6937
3359
1898
5615
1483
3560
7866
3886
2629
9026
4944
2574
1920
324
1653
3862
5093
801
1719
7309
4926
2779
9587
3307
8031
3543
3111
5731
2400
9233
5333
3993
2112
1539
6914
7933
7932
4239
8326
2509
7699
4052
6216
3081
8398
2990
1490
6236
2581
7496
7628
5557
5416
2992
6477
6535
5058
1144
5353
9880
8266
1172
3679
7919
5224
5797
9556
4457
2383
7083
6708
4513
9812
7321
23
6692
11
5375
3597
7574
8441
9463
8578
4499
2131
3191
9429
379
1622
2874
6236
1758
3262
653
7633
9258
3378
9724
3569
7744
3234
5111
9669
2065
3821
5867
5269
3088
2533
2302
5327
7871
9543
4921
2367
7282
328
97
8369
4177
2175
1218
8100
5289
6770
2999
4742
431
7958
1013
5904
3290
3676
8047
3084
9136
3681
3880
491
6103
190
5296
9753
8342
6847
8694
5509
1320
2527
8546
3107
1809
398
1132
3747
7693
9405
4459
4251
5630
4871
2094
8366
7814
7259
760
4000
2605
3325
8960
6134
7634
1843
6661
8255
8154
6894
4101
6139
7840
5319
1180
6545
4055
1316
7551
9961
4650
445
7530
945
8800
7293
3268
1767
58
5943
4218
5103
5863
30
879
9328
4061
9668
6045
5605
3649
5804
7336
9411
3917
8672
653
394
3442
5924
5399
3537
7968
7761
8784
1484
4117
911
8345
2578
4070
654
8931
1683
4916
284
2839
1165
5160
341
9522
7562
78
5768
4357
5398
7021
7737
4318
3386
1605
8298
2097
9806
5748
251
9185
3243
8961
1667
2775
2074
4998
4346
900
1090
6987
8161
5234
6471
5523
8714
1154
952
5825
4041
266
9491
2052
7157
1434
1984
9134
5223
2575
3658
5048
2770
6916
5649
9404
6004
4284
7989
7383
7551
62
4705
1625
6182
1907
6082
8469
4004
7072
6261
9139
4438
1197
5304
889
7869
2857
3600
7933
8305
6782
3070
7055
3564
2696
4019
8179
3608
6011
8666
5947
6441
1241
2397
4300
8694
8915
1621
2464
8468
2041
2721
7361
1328
8701
71
4421
6418
3238
2301
6070
8593
9694
5129
4742
4197
7606
5898
5167
2654
2139
9705
8887
3382
7592
9489
2514
7730
5781
2772
36
8586
8539
5900
8654
6128
6628
2545
7097
6755
5724
7030
5129
3699
3824
4561
3045
1989
3411
9895
367
7550
6033
3115
3661
9990
6551
6217
4402
1383
9261
7057
9190
8748
8323
7785
6226
6297
516
3404
3961
4552
9151
2312
69
7414
4233
4752
1518
4942
5381
7025
9383
9178
872
8963
5285
2690
8279
9700
9833
4674
9598
2110
7324
7428
6507
9375
5067
6828
9470
8145
197
4001
7742
1470
1573
1832
6040
1277
9507
9173
7615
4544
1397
7643
2787
9528
7121
772
6613
8396
4018
2922
9287
452
7646
5871
8129
5767
1172
4248
553
2488
3167
7126
3307
2340
904
1964
4429
7923
3812
8850
860
2285
9647
7514
6491
5947
4168
6945
2508
9068
3609
7613
4332
6768
8092
9272
7227
3744
3270
3105
5666
275
6954
5587
9939
5478
7257
2861
7162
5216
8855
8617
2837
1502
4409
5569
3421
7368
8852
396
9992
6245
5306
4766
8004
7681
2736
459
8410
1861
7052
4966
935
3873
9403
4990
1208
4878
7611
9230
9587
1446
9345
8531
1061
6201
8476
1038
2365
2599
9319
2350
4605
4189
6960
5807
7105
4027
5712
6075
930
3037
1904
9913
8597
7070
1659
1688
9862
1183
9089
7557
2148
6190
5445
1489
8165
6983
5132
8350
2601
4260
228
4117
4352
1354
1174
936
724
5634
7627
5256
5255
9638
131
531
1381
479
212
2093
25
7399
3801
723
395
6342
434
3164
9720
7379
8632
2375
9531
5433
6035
7660
3149
7348
1409
4993
1500
8593
4479
818
2141
1070
8684
8409
9395
9437
1438
4479
1892
7105
6210
5122
7493
4635
881
4435
4558
2688
7185
6166
2817
8809
6792
8644
6767
2401
588
5834
9377
5033
9069
2935
4203
3862
3396
3130
9511
4406
8635
3290
8924
5169
2974
286
9235
667
9302
6316
7596
1319
8427
1209
7014
8344
6432
1993
1286
9324
2196
5194
7871
5403
4923
5321
9988
4257
5702
3765
7251
3872
1569
5949
7551
961
5307
997
1547
4426
9333
7393
5156
8622
7401
162
4703
3407
3564
9952
4033
7971
3888
2059
2822
3239
2702
3915
550
3301
1873
2871
1168
9746
8514
2159
9365
4062
3829
1911
499
2318
3393
3750
2790
3232
7037
2101
2132
5427
4762
2639
7040
2205
3589
8534
3660
2445
9123
8058
8518
4425
4744
2979
9735
5266
792
5716
5819
2482
5922
4675
4819
5689
2848
1406
5598
5902
1130
263
7343
7049
355
1102
2981
9360
8098
8213
7161
7066
8372
4175
9671
3541
7938
5595
724
5396
9814
8812
5425
3369
5581
7548
897
1852
683
1241
1055
845
9817
2294
814
3782
2722
2876
3627
2202
4196
7048
3707
3565
6020
1961
7008
1622
2601
2689
3099
9726
6622
8839
3447
6224
5769
7518
297
7613
6662
6433
4330
9571
7558
2988
8588
8146
7078
43
788
3395
2242
6719
6048
5597
5442
3059
7324
9796
6626
690
1393
7873
3930
7704
4105
8613
3269
4922
9770
5293
4996
2386
6108
7221
3612
9533
7911
6330
4771
9782
9765
2461
2283
500
561
1284
6728
2243
277
6931
6383
6983
2599
7380
662
3628
5265
4379
6041
564
3759
1260
4510
9163
2916
1412
5017
9258
5365
7334
9064
7432
5293
5243
2652
1632
1006
2991
8104
1098
9966
9723
947
8900
5548
4121
8999
5454
5644
4359
3071
5338
9408
6948
1310
6417
9942
3567
2069
9873
7505
4627
3437
2046
9990
5872
1078
4188
4794
9603
9845
4203
9000
5285
8829
5215
2801
5195
3914
9458
4499
9590
6728
2343
4080
2385
3945
825
6358
2759
6297
2215
3993
291
2370
4445
5305
1223
8283
6448
1737
1299
693
7813
5068
6234
7200
140
5027
4331
5217
8649
3831
7030
7615
1503
5356
2218
1077
6015
3141
2047
948
5492
3229
1675
4635
7781
4964
7886
4090
6763
5315
6827
6770
1041
18
8278
3623
9815
7895
9785
2093
4582
3079
7762
1926
6687
3552
4240
1644
5003
3400
7311
3959
5029
492
545
9093
587
919
1620
6025
1924
6433
3278
2998
9537
1422
306
281
1309
1452
4745
147
1661
6319
7716
1294
5330
6727
411
7529
5120
5190
8595
3439
2506
8571
4733
2976
2338
1792
9325
421
8036
9681
8365
7012
1671
6654
6976
704
4104
2011
226
940
3944
1958
875
5150
546
8192
390
8723
5447
6845
3941
5647
8711
900
2289
2686
1506
3827
3497
6018
3882
2093
5197
5577
7218
9458
3799
8998
4100
6536
475
4034
4456
4936
4990
5574
5755
6521
7555
995
6745
4790
5728
5471
8778
7193
8131
7080
6118
4333
9197
73
6795
4408
9553
3503
8534
9023
4732
1576
102
9526
869
1532
6989
1418
9795
4649
1797
8057
7528
6052
3888
3869
9513
9404
9931
1580
3195
3266
6808
7632
3508
6959
1026
4830
9657
5065
4241
1554
2262
1384
2816
2399
8314
5117
412
5996
7717
4313
6551
1929
9207
4211
791
166
5360
1025
1732
3239
6085
4889
2382
3509
7503
9269
8615
5287
8458
7912
5408
4344
9996
4628
6345
5379
4150
5596
5478
1385
7090
8714
7057
7554
8284
9562
7846
6328
1691
8977
8822
9536
7223
2928
7866
8157
708
1419
2757
189
8400
9490
4233
2349
7748
7
2179
1879
9546
4940
4128
618
7868
9066
4134
4652
3273
7635
1853
9385
1611
7447
6166
1652
5503
8980
5067
7624
8058
5756
3673
7693
8699
5955
5222
7255
9129
439
5695
5386
3405
824
1299
1744
9839
996
9498
5753
4038
5563
8448
1075
1754
9139
6799
2725
7436
1057
5632
3762
9369
1155
6979
3456
5120
3587
8877
9057
1631
7287
5145
8846
2761
3668
9234
5029
3334
4404
5383
1209
2813
4755
7039
665
3619
760
2066
8481
8804
1875
6597
2671
1295
4127
4556
6900
2251
2710
7870
124
9217
7094
3154
6548
5682
6180
4281
2647
2445
5813
6657
6701
7733
6053
8235
273
7407
993
4370
370
8810
9644
8453
5652
1791
2421
7917
9970
8279
4106
5729
1778
7410
805
713
8511
6668
5395
6209
884
735
3223
5446
3252
8856
7407
3779
2690
8358
978
2414
1200
6728
1358
5694
2648
7081
1127
4078
8392
2264
7929
8020
3360
879
5497
3675
7367
4552
7216
5
4828
9451
3466
8250
9735
6689
4032
8978
1703
5593
7290
8947
3272
1051
8592
9881
8195
1115
1280
3926
5437
3916
5127
6026
3810
3529
8613
1745
7744
2903
3459
189
5575
8237
2058
5560
7880
3213
1082
7638
4918
3447
7417
1005
9014
1146
5784
5193
9867
7534
966
3090
8177
5871
1349
2930
5730
1085
4682
9977
8155
2924
1387
7616
9916
8347
5551
3982
9790
5412
8813
9491
9081
5309
7739
2659
4119
1402
1034
6487
9228
4133
8920
5307
6245
8463
3372
2498
1963
6184
4554
2769
5380
8850
5756
8783
2545
8360
6392
855
7947
1292
245
130
7899
9960
4006
256
3176
7879
9391
9854
5271
9826
635
8294
3098
7004
8006
259
4665
5963
7126
354
1351
5854
3356
7638
746
2388
271
1365
7719
8411
1336
3440
2367
412
4319
166
7806
7460
8645
5673
374
4104
6962
2115
9771
1556
3518
7185
6872
2142
3569
7797
2538
443
50
9884
1600
793
5975
8171
2377
4904
3641
6528
3585
5244
4605
9022
7297
9503
7616
4172
8742
9003
5216
53
1145
9205
3545
5877
6579
3617
4060
6489
1831
3361
315
9786
1673
3400
7747
3522
597
3007
9482
7158
8082
2439
6596
6469
1740
9986
6950
3482
7354
3565
2777
1976
4698
8844
3510
9245
3306
1545
7009
8138
2928
4987
9285
9479
9221
5208
131
3873
6477
5083
9612
3679
5640
5726
8310
405
7661
8165
2404
194
9416
797
3194
207
1770
8438
9538
1685
7177
6935
786
1268
7219
3238
7291
774
8882
4601
5333
7009
2041
2146
3381
7459
9614
3413
7028
4725
6158
5718
642
2415
299
7142
4793
7896
1323
4808
9872
2768
485
730
7951
209
3168
3966
6901
9465
8876
4067
3072
1659
2251
4891
1405
7816
9757
9730
4772
9569
3535
8398
7522
5326
5995
4434
1772
9884
6198
5901
8790
3417
1771
6403
1983
6592
8202
3864
2462
2135
703
3405
2930
9619
2517
7213
729
9448
7538
8662
6285
4059
4436
184
8891
9239
4060
4365
7814
6076
1876
5569
3020
4590
2389
5037
6508
3345
3092
5858
2142
5461
1336
5442
9211
372
8706
2238
2492
2367
3969
288
9507
1551
7482
9929
3873
151
7061
5449
2181
7310
7739
841
656
8462
5588
2920
7027
1186
8841
7017
2469
8026
7924
4241
8291
8201
9655
843
2097
4331
9923
9623
8555
7374
3403
513
659
2804
8525
2481
8326
3723
828
1702
2575
2104
8073
1625
5143
7616
6067
8945
5372
4620
4983
5820
8475
1817
2174
2688
1873
5773
8959
7950
9205
9076
5675
493
4804
6238
1386
8501
4993
5625
2102
3365
6352
3670
4086
605
5295
8417
6887
687
7726
3048
4100
1361
2344
6469
8562
9735
6246
7235
2645
6664
6863
9168
3654
8251
10
1852
8929
9261
9817
6864
5201
1049
2676
1073
1976
2279
3981
1639
9302
4127
3387
3440
6125
2923
1616
8571
6615
2277
9397
9298
8377
3602
7050
366
8209
8648
1424
3956
8244
182
5434
696
7704
7251
4266
3169
3268
9616
1486
4102
4086
1888
7737
52
5869
1655
4495
2816
2134
7463
5438
5014
9703
1888
8377
3340
9861
2170
1424
2830
6167
5821
8080
8155
4888
1528
7290
3440
4238
6229
6118
385
4163
7735
4725
5578
9306
8512
5526
1795
3936
321
1069
4839
9147
1270
8026
6954
9412
6583
7913
284
7728
1831
8698
8924
5989
2764
5274
6174
9988
8958
928
4324
6500
9471
6405
7953
3263
7464
7947
8123
1366
7288
751
4063
3528
1954
9726
1011
1086
1080
5108
7705
7104
9426
6535
4699
2960
3952
5526
5146
1011
2959
2942
3000
6484
4342
4981
9663
7624
1209
8545
9048
4303
2230
4365
2743
1785
943
4233
1498
8158
2934
6834
6627
1058
2344
5255
5063
1734
9465
8048
4801
2271
9295
4890
3240
4813
6934
7345
9547
21
9388
5007
3578
5670
4973
7386
8133
5297
880
2308
8329
1094
6646
2312
1774
4892
6309
1535
5853
5979
4834
6951
3937
4769
5019
9435
609
6879
9577
2120
7107
3037
9299
5778
2096
6448
2324
3543
9617
707
1378
197
5590
8181
5596
4450
6627
893
993
6170
29
3363
9024
4374
1881
9620
5767
5900
901
4649
5240
9199
9316
3900
9106
2406
8483
3182
1596
9987
6140
5244
2863
7607
4284
8666
6195
637
1475
9280
4481
7680
1044
4311
9207
6897
7179
4623
840
9496
4136
1056
2936
1787
9921
6680
3554
4406
4731
7990
6637
4957
6140
4545
2913
8186
7573
8387
4534
6030
3975
1650
231
8410
8713
3264
8037
4458
8770
3332
798
3051
1054
6879
5623
943
1249
6989
2181
6604
8068
1076
6355
7947
9979
2977
5090
2501
8524
7910
5534
9350
2206
6927
6541
3133
7581
2441
3429
1774
9672
6633
7544
1243
2110
129
597
2620
8520
9175
35
8998
576
5738
5741
2369
4877
6458
283
3518
350
3164
4598
1168
225
9809
8508
157
7794
8096
832
2246
3162
6809
6912
7319
8965
7936
2404
7205
6647
6022
878
9106
1306
5879
9393
724
2339
7783
546
4578
9161
8574
1758
4699
6128
1714
2494
4927
8466
9281
8003
4386
1458
4120
3757
2334
8483
931
8229
1565
9545
945
2911
6823
903
6014
7547
2261
8091
4443
5432
9878
9198
2698
8331
9090
2604
4229
3085
6125
3551
9103
2285
728
6902
5869
9542
6871
9224
130
5804
3578
1938
2689
6974
1774
8721
3781
4598
3152
4511
8949
833
7446
588
6360
6064
5217
9988
5056
2558
4280
208
8486
382
9244
5639
7979
2424
5276
438
6324
3806
9185
3667
2525
7269
3165
2443
4955
126
9148
5556
1651
320
4626
9580
3285
8787
3970
1825
6460
2842
2867
9675
2428
633
7259
3801
9061
9844
2381
3561
1957
4756
1926
6494
3949
4569
2140
203
949
2423
755
4202
6066
8978
6048
1292
3234
6564
7047
2922
6216
9980
1911
635
8765
7788
7871
6185
6991
3616
2736
6206
5516
422
4977
3407
4877
1929
6632
5200
8833
4518
891
2367
6695
9743
4114
4956
7640
2340
242
9904
1056
1095
4092
5085
9425
285
8864
7441
7978
7512
2339
8659
8412
9716
5701
434
2344
2902
8718
2822
3837
2699
5058
3350
9349
2246
1971
1663
7741
1097
9241
4274
2617
3848
3346
6706
4194
21
4125
5749
8138
7351
2858
2873
4369
9099
2680
942
9700
2251
4472
261
4365
7543
4006
6756
3967
4142
8995
4601
5214
1498
7910
7966
5887
8407
5973
1734
6971
4634
7557
8998
7567
3587
8367
3963
1303
5477
5259
2447
6308
9162
6317
8637
9501
7441
8900
5934
9944
4956
8764
1809
5314
42
9084
1405
153
1903
4235
2325
4529
2271
9502
3477
6911
6397
4570
4198
5713
1603
5588
5921
9743
2955
7882
7612
9024
4619
8984
7903
3949
2414
9539
1411
2503
7714
7863
4062
2451
5398
2464
2427
7776
8871
5649
5046
6441
3269
531
9497
9562
3980
3163
7597
484
1299
1352
2512
5911
3668
1747
5787
246
1288
7243
9368
8591
9131
7399
7508
3506
3349
5662
6151
5515
7933
8456
2825
7624
9091
2901
8422
9661
3256
1866
3278
9118
926
7323
3946
1354
2567
5594
3746
3521
4728
940
9717
3364
4199
7189
978
6187
5564
609
8633
702
2798
1062
5373
7196
8735
2650
3673
9558
7129
9505
5139
6032
840
7157
9926
2264
6210
5004
4408
4203
8101
811
7320
7724
2259
3864
9418
6451
1671
9461
9412
9206
1419
3705
9368
3731
2149
4291
6082
3917
5745
9859
1041
3613
8032
7833
482
1282
2429
8204
8799
6283
5333
8634
3102
9323
8737
4483
4051
6789
8080
5857
8294
1069
3639
2640
792
6718
1944
7613
1106
5410
9601
7214
6330
945
5696
9302
4786
9293
523
7328
8777
7639
7741
765
1801
694
4299
2321
5426
2176
7444
3523
3720
4268
968
1551
8611
8131
3481
1904
7822
4094
9941
3407
8149
1004
3936
4338
769
429
2279
1088
1960
2858
5375
3610
2208
9892
6494
5163
8979
8516
622
7373
3640
971
8853
5467
957
6501
7457
2687
423
9300
1660
7366
2243
360
2982
896
7240
9585
5502
9938
9163
8558
856
1611
9913
3622
3913
6092
3090
3590
1143
7115
8878
6300
1460
7183
3807
3487
4998
942
2207
4019
8705
7154
2262
1367
8903
6962
8507
2424
36
3741
4324
1209
5709
7720
2550
2878
2832
6781
9637
505
2171
3351
9003
9588
8945
6171
2171
2953
5242
4836
2079
1783
1970
4504
1576
6870
1822
7908
1491
7889
6292
1933
6941
7460
9208
6378
7539
1080
6367
3286
7052
3637
5963
6186
697
8140
7231
9998
3765
2535
5430
3955
3537
6053
9704
1866
7573
7391
6621
6346
5352
3214
6274
6190
6998
6954
9707
8995
2332
4700
6122
4336
5883
7084
5835
6326
8626
3496
282
8243
5200
7716
3493
6027
6170
2102
406
1943
8470
838
6165
4478
3605
1431
7102
5597
2402
7655
8485
1927
7154
6407
6340
2120
6845
5608
623
8685
8807
183
4881
8911
661
8397
3138
6155
9654
1401
8224
9737
2621
4691
7006
8955
8736
1382
7038
4309
8911
3671
6077
6955
253
694
554
5586
1378
8086
1651
8488
4478
6984
7903
7349
3089
7971
1438
8543
241
8500
864
7086
318
708
7600
8225
9328
226
4014
1720
2566
5573
1115
4264
5638
2019
738
6224
4706
3454
2185
9871
4468
689
6090
7664
7859
4894
8921
728
9760
421
9980
9707
8104
2118
9019
2392
9673
8453
6654
5128
4627
3218
1668
7922
3327
5434
8954
6361
1392
9158
9406
6992
4065
2362
8331
6638
8968
6757
2155
302
7104
8532
4082
6737
5577
3319
8164
5565
1897
7389
7802
4902
8996
1075
9076
3856
2088
9723
1508
9955
3394
2099
8863
7625
8386
6097
430
143
7712
6859
8837
4148
2228
2941
3930
2772
4694
2075
3476
712
575
9210
543
2148
2158
6042
4290
334
4688
3037
5593
5878
621
2078
1445
9273
8244
278
2387
2059
3870
3279
5381
162
2644
9376
442
2411
1582
4216
3155
7018
9852
9450
6736
8874
5607
7771
6711
940
5631
1028
8448
3713
3995
7750
2836
7763
8522
1340
8173
5688
9383
447
7008
1486
2413
8571
5088
7296
842
829
5864
9733
3063
2008
8032
654
778
1491
5523
55
1408
7483
9000
2046
999
5064
5484
8357
9035
27
8003
7671
4541
3221
328
3236
3640
8149
2792
5650
2358
7963
3948
2528
4849
6663
9404
1801
6482
3328
3538
835
3237
7459
2021
9251
3741
8213
3061
9349
7906
153
3113
4406
6656
3453
8436
1728
467
7012
7334
4324
600
8820
9147
2348
5780
9081
5169
3024
8832
8128
3527
5690
2309
2920
4775
6787
9507
3085
7426
8173
7432
9863
3033
959
1253
9063
8493
6208
5569
2218
9250
3332
6433
8456
805
6766
9471
3324
7516
1603
3682
9782
7065
9260
7531
869
6168
4985
3818
3204
8087
7
2452
5389
5367
2485
5744
5616
1817
3081
9147
8373
6231
2896
1425
976
6587
3838
2205
6862
7531
4046
1551
4044
5861
3896
5771
3982
8401
1344
5989
8181
4168
8870
1217
7315
8064
8141
5616
388
6470
2639
424
9510
6024
2985
4650
9235
5688
4452
5045
8078
8721
1264
5061
3856
5602
7639
4603
3748
1119
1313
7181
4660
8865
1233
8763
9330
4197
7504
3108
8940
2348
8290
1634
3480
1833
5357
1998
7029
4549
7187
8462
6287
3042
6228
8864
7168
2288
4696
7550
6099
8059
1594
964
9766
6416
2121
2774
9496
9234
9485
8393
4195
8765
8286
4524
8829
218
8100
7979
3797
5069
5661
9447
4234
9420
4143
2077
7264
1071
8419
1827
9544
6205
5921
6366
7053
1560
3711
1954
4000
817
3747
3263
8003
4546
9951
9340
4190
1498
2672
33
1819
5318
8390
1136
3115
4781
5109
3210
5581
7593
6787
8588
5809
7435
3361
3437
4948
1500
6444
6897
3420
1037
4619
7308
5217
609
6410
6328
164
2650
3444
5331
5909
2748
1137
4923
78
7575
9289
7603
7032
1823
380
5667
2967
2674
9099
1301
7702
367
2620
3455
1478
1209
7515
6597
266
5056
5818
9723
3705
2706
9737
89
5615
9909
1769
5085
8237
3799
4575
7351
7830
4394
2860
2824
1073
8540
7730
8714
8836
6182
2509
8607
6307
9144
7846
4863
6226
764
3089
4247
5005
660
369
1369
9917
2660
7608
5895
9182
5526
6753
3743
5806
5444
3948
9491
304
6499
9052
7120
7087
320
2949
8829
4207
8931
2439
7179
6392
5467
4122
4099
6880
5863
691
1386
4422
882
5284
1249
7988
1927
2170
2185
3237
5952
4905
5011
1586
4514
6355
6210
4858
9472
8454
962
5905
3207
3453
6146
8351
4346
2534
4455
6654
926
2130
4320
1063
1692
3093
6777
724
2799
2899
9641
2164
1576
6508
1386
9735
1195
7213
1976
9161
108
4812
5582
5314
7934
4793
570
554
5119
8881
5455
541
7120
4230
5614
296
5153
5846
4467
4462
4589
4407
4557
2216
8989
9529
8522
9088
2447
6776
7268
5068
5439
5194
2871
794
9677
1028
6648
1388
5628
2396
8704
536
2275
9192
3790
5797
2490
2223
9784
9791
8921
5718
9297
930
4721
7716
1969
1640
627
3558
4853
1658
4883
8755
979
8913
5374
8804
1644
749
3923
5210
6261
3794
1183
8918
4747
1657
6804
4629
1287
5821
3618
2083
5073
6579
6494
3266
3169
7679
6185
7731
2966
462
6024
1738
6904
704
4616
766
74
4114
856
9085
2135
4517
8496
4547
8575
2085
6279
1545
2750
7699
6232
142
9377
3488
7060
4811
2198
8918
1825
1914
3375
6413
9077
1075
9852
426
4420
1968
2389
9111
5166
4638
6280
8338
4126
8501
8856
3599
9902
2383
7779
6611
66
5591
5911
9857
540
7890
3011
4131
9146
4465
1931
1291
3850
496
7109
6824
6507
8791
6153
4597
1065
3076
1090
9208
1149
9024
4473
9727
5669
4839
6935
2301
2700
3351
7024
8089
1261
7930
1187
7291
7798
5273
1627
9670
9210
9127
2413
6889
7072
359
9728
2223
8329
417
388
8778
6202
7220
3919
8203
1304
4746
7349
8073
7017
230
8636
7606
5095
5726
4171
8200
7130
4046
8153
7369
5040
2597
6820
2117
9068
2457
8454
511
4885
4226
927
8285
2384
6600
2098
666
7469
8429
4842
8303
4728
91
7676
172
3296
5416
4018
5625
342
1107
7957
2394
6708
6639
2072
7269
6971
3944
3330
1427
1897
2836
6378
2938
4658
5118
9637
4853
3476
7557
8547
8453
2399
1520
2009
7720
8836
4964
2641
2936
1134
678
8796
8391
2025
3197
6470
1632
4066
5671
2197
9449
1358
7084
3828
8798
7750
9717
4690
9302
5501
6497
8025
7574
9972
7986
2873
2668
5247
9135
9552
6237
2858
6678
2797
586
710
9025
3241
2776
2212
1896
3418
3142
6173
4534
2775
2171
6547
3363
7245
545
7300
2169
2886
3320
1795
514
9803
747
7957
4974
2104
5002
165
1009
2011
4241
6356
6795
1407
2816
4126
4199
2064
9230
2750
6206
6618
1485
9004
4591
5930
2806
3414
6395
4906
9457
148
2846
8071
6318
8126
9786
8241
5210
3159
4350
6472
5594
885
8696
9154
7171
8154
7902
8588
9170
6088
5809
6653
1677
1538
9548
7322
199
4891
759
2649
5873
1261
9110
8613
198
8987
1613
1738
4979
4046
9448
4749
5310
1520
2543
9703
5825
5547
981
15
8221
7362
1465
8570
1081
6931
6527
7752
1426
7492
3955
8583
1088
3850
3985
458
9982
4682
2214
9945
2703
6286
6906
7010
4426
240
374
9676
7084
238
5482
3616
7017
4015
9937
1443
808
4731
3014
7610
6974
2407
1644
8704
7259
133
5366
5668
2864
1601
2542
4034
7685
6240
3476
571
2800
5750
9559
9969
3840
1113
1442
3096
5640
2343
3363
9225
6636
4150
5227
8154
8810
9468
8806
4647
7700
9361
9531
6761
957
2216
723
1739
3269
7322
2852
7959
60
7937
6401
9116
2325
6793
3297
7273
194
2583
8479
4744
3387
9469
157
817
2581
2862
4592
8316
6880
3841
8807
6649
9121
1428
2536
2606
2481
6651
8958
7465
9047
4839
2241
9163
3376
2904
8806
1258
1874
6503
8349
6196
1822
7931
108
9013
2308
9341
9682
8992
2942
7462
1736
1063
5281
5393
4388
5730
6160
4199
1740
6200
1764
2103
2058
4037
6194
1855
462
139
8540
7488
6594
6141
8017
150
9741
2440
7590
8938
6133
2960
2708
6722
5742
3492
3250
2871
8798
4
3591
4443
5456
5654
7824
4951
5578
410
4598
5112
9410
5161
8790
3126
4123
2991
5252
3005
5612
3894
3292
8180
9737
5626
9189
4250
2294
2611
8053
9054
2368
6864
5645
514
9471
9753
5397
2642
872
1075
5795
7974
1860
2411
8530
302
8356
5013
8394
5041
8213
8569
1750
5799
4873
6134
1598
4833
4576
2211
3746
1913
6269
5528
408
851
1542
5412
4658
5435
463
808
1630
6849
8010
3995
48
2781
4956
6815
784
4374
6516
5866
7464
946
1859
4487
7855
3944
7650
3633
3743
1029
9216
745
1320
8344
3614
5596
3733
4050
9928
4744
2352
9029
3454
1721
3587
1295
2059
8347
3620
9088
5012
3703
4296
3903
6807
1168
9600
8762
1123
701
3631
8934
2946
3038
7808
1993
108
4873
7145
1635
9005
9242
2869
4964
3103
3284
1413
6135
6999
6390
7842
132
3251
5314
5170
9297
3978
9255
9703
1704
4312
7150
6502
4949
196
1444
8422
1052
8715
7474
6765
8224
5188
5255
1514
3041
7598
944
4395
2236
5538
8553
8516
6729
7885
8563
4266
1812
631
9042
2272
6443
3914
6559
766
1520
5187
8767
6467
1684
3682
7848
5256
7705
9842
4199
1299
6854
2230
2708
1068
6766
3595
9764
1721
4268
7207
7748
1715
4403
4382
5160
5163
6439
4166
4784
479
3059
6594
9311
8141
6107
1611
3715
2022
7278
6797
6322
3676
4984
8352
6012
9212
9213
1473
1270
3933
4710
8196
7905
806
9008
3053
6193
4991
5964
9516
4888
8164
7279
3030
9135
3168
4246
9740
1632
1655
9422
3455
1576
4800
3273
7296
3906
9923
3976
592
2124
3907
9484
6051
1620
7671
9761
7029
6800
4639
3623
9785
4575
131
9032
1025
8789
7932
7888
6743
5038
4881
6354
4395
2982
4285
9599
6792
3729
4184
5446
2711
3185
7066
4892
6241
8330
3492
8705
4108
2332
3267
8385
7839
6118
4302
6650
5502
8562
1114
7324
6015
4822
2009
6996
7476
2500
6465
1151
9879
8296
1936
5602
1659
3608
2383
5
9037
6134
9193
4005
6859
5952
8823
8104
9746
8793
533
778
2756
6225
1826
505
1466
2369
8877
6434
2438
9400
4154
4205
6325
9579
3654
4093
7567
9843
1767
7068
6560
6097
2637
659
2469
8254
3053
547
7452
3812
3436
5718
5932
7277
244
4693
5812
5125
5301
7884
2007
1130
4907
6401
6541
4884
4415
829
3592
7122
1946
4394
2318
9058
8327
3716
5105
9383
9011
6919
3939
1749
7698
3260
3007
7685
747
607
1365
4650
6019
7152
5499
6686
9778
1513
7999
5541
476
1068
5148
3459
8853
1773
3249
4938
9602
3982
760
3651
1064
7886
895
2481
5908
9025
7265
9133
7544
9078
3323
7174
4143
9601
4925
2480
4579
6732
4146
8076
8340
3004
1633
6143
4514
8363
4261
4541
3331
6240
4609
6662
7409
2104
8880
7608
8880
1301
275
6763
2820
195
5563
6656
7101
9609
3590
708
3641
2436
5818
7902
6330
7854
658
731
6426
3098
5274
3867
7114
9956
867
4924
5080
7243
9989
5396
8467
2383
7371
9420
7358
4959
8933
338
5087
2536
7201
223
6077
4467
5164
5493
8667
2447
4776
2542
9447
7584
758
918
8977
2498
5133
7975
7454
3510
3024
8201
2893
2406
5634
2397
3685
9432
2040
6804
2011
9184
7469
9901
4534
8906
2053
5069
2032
4311
712
653
179
1501
1780
4998
9573
4844
9253
2998
4266
9679
1153
2403
4571
5689
4364
2676
1701
1388
4541
6536
8940
2761
8210
4510
6461
9349
2994
5779
4647
9262
1087
4390
3852
504
538
8528
6873
9797
8668
1938
4117
1613
2080
839
424
9566
8060
6679
6813
9462
2938
4968
51
8345
3954
3082
7862
6682
2552
5381
7843
1491
8651
2327
3710
6622
7407
1348
3368
2700
2270
1129
9482
3289
711
7732
4709
5731
1905
502
573
4802
8865
8048
1074
4844
1043
9779
9562
1356
7266
6421
135
6153
3010
3773
2897
1158
479
7526
5767
4644
4753
3406
4223
326
4318
6125
4340
4072
9735
2668
3810
5218
9879
289
243
9463
1237
7263
5962
8163
2060
4920
3791
4452
9852
2774
8838
91
7602
4661
7190
8186
1469
2725
3595
6009
208
7811
6708
9009
4524
9369
2269
1832
2756
5330
1740
4663
7818
2567
6300
3513
9162
1553
3906
1234
2681
4602
127
1976
923
5694
1867
5559
5781
1286
6760
9815
5887
5765
5
8332
1362
2206
4740
8232
9276
8989
1644
7626
4194
5461
8411
5205
9522
5328
9975
5069
7041
4750
5911
8345
3930
3211
2339
9384
8916
9149
1792
8436
1724
9077
6046
4540
2928
8437
3696
2118
4516
4823
6379
2218
4998
9325
4989
4706
6724
9774
9962
843
7245
429
7774
6604
988
6253
9149
5887
2318
6354
3191
9307
6122
381
5591
8678
7477
3722
8428
9455
7643
2183
3659
3450
9698
4513
2342
1927
3404
1615
6879
4845
5605
4557
4121
5439
9386
9620
3044
605
2502
7539
1891
6631
3182
5791
6167
6674
9311
7364
679
1122
5203
6769
5937
4443
8697
4228
1655
2494
166
1959
7850
2354
4161
2257
7067
2710
3876
5679
9671
6608
8408
9062
7770
9905
2864
7328
2391
8181
1764
55
2779
2062
6913
3691
6352
5889
1935
2887
2752
7529
6999
9975
5689
7727
8908
9852
1816
5858
3712
8669
6771
5204
1256
8617
4658
4942
3663
7852
8792
7909
2673
4120
8279
2936
3949
3021
7175
8017
9997
6991
349
5921
7190
9073
2969
6987
6522
6355
8551
4799
2192
1510
3883
9156
6894
7355
7850
7401
7765
8497
5131
9466
2364
6259
5088
4270
9743
7853
759
5053
7712
8495
2820
9102
3744
5593
8599
2914
3597
7465
6813
7329
8703
5109
4535
8393
658
4501
4114
8809
8719
8602
4230
1697
4126
2796
1104
3103
3268
4858
2984
2182
258
676
3454
8325
8296
9980
6890
2626
8363
2065
2392
7023
3253
165
945
8224
4721
4478
4199
5087
1603
8138
2284
7519
7191
7418
2353
2145
4834
7339
9203
5015
1769
6505
4216
4438
2530
466
9130
7674
4921
1209
6707
3636
3524
1476
1215
50
7951
6520
7850
7577
5686
2646
1693
5262
2212
1422
3620
1421
4374
793
2694
1548
6433
9512
2004
159
2093
9257
7660
6626
9972
9622
8695
5999
4401
4749
9034
4580
8259
6795
1312
6568
9598
665
6379
2504
9241
6458
1586
2422
2239
961
5601
6627
2098
7156
7414
4850
3014
1208
2438
155
2040
9692
9191
7428
22
5902
5867
7538
7456
3024
7341
7315
8993
3663
9608
2410
8209
9775
463
4758
2488
4391
2389
8911
6376
6698
5993
1795
616
5009
121
8628
3208
7962
7815
3617
8314
2874
5659
7881
8606
1598
7719
8574
6719
8472
4316
2572
1905
1962
128
5309
8677
1489
5783
332
5247
3566
2005
7975
935
6865
5628
2194
3339
4129
2359
3039
8037
9928
2031
8510
5879
7198
8257
3620
5478
2215
5928
6343
1452
7194
6757
9870
2153
2079
5221
8063
4161
2225
4687
6342
4635
6678
6219
3372
6809
2533
669
9851
8322
4462
7974
9483
6906
4917
6306
3775
3000
9743
7681
6677
4286
5977
5960
7306
2844
3458
7799
8975
1640
9547
7010
595
3424
6729
8065
2137
1737
6157
5028
9290
716
6315
8050
3728
7630
4875
772
4434
9700
3563
8446
2469
4638
391
8418
6203
2549
956
1719
6605
5388
682
6938
2456
8968
2858
5319
3509
1708
3113
9046
5577
3717
9568
3089
5254
9660
9339
4620
3590
8851
6270
3052
7388
6506
1834
8016
4016
729
987
2235
617
885
7420
1190
1443
4314
8149
1690
7642
5
5645
7042
2312
9823
6860
7381
9869
128
2346
9885
2858
9249
5479
5107
1219
9141
1265
2475
8717
2799
6610
103
8762
2499
9071
1497
7151
7795
9106
4514
2411
6339
1617
5926
5381
5066
6184
8383
8387
4039
1815
5184
1002
374
1257
2318
3698
5020
1953
6494
2953
920
5585
2523
1347
7086
5823
3363
4020
9457
4343
1329
8500
6075
8510
9590
8351
1055
204
8905
2345
9123
4174
5723
9960
62
6056
4319
853
327
4713
7376
689
7289
929
6595
8191
93
4620
7325
8616
9968
5755
8942
6990
1960
9913
5787
374
9522
8054
1816
2213
3195
1474
5810
3369
4668
7140
2988
3840
7931
5660
3171
6362
9926
3970
5257
8093
4160
7526
2711
9404
2037
2212
5007
9444
8353
4523
5518
6585
9353
9649
7239
8109
4000
1009
3861
7590
1733
1524
5270
280
2863
6444
3304
6531
974
9911
5737
795
230
2595
3905
9024
4327
5727
2093
501
7955
7632
4918
1003
6140
2489
2245
3012
1575
7437
9913
5237
5150
3397
8503
8098
298
6999
1714
4027
7480
5876
501
1439
1145
7242
9098
9066
7876
151
4260
2960
1032
5128
9639
1933
4213
967
3054
8472
3095
7396
5630
1195
2827
4060
8235
1862
6031
788
2487
4602
4695
1479
696
7538
7754
4111
1556
7346
5008
2344
6128
5365
7152
9984
1735
9865
1187
8175
9731
2826
233
6627
6819
1153
6860
4357
8551
1620
9455
2544
7992
6081
1857
1869
2104
8432
7515
9442
3377
7681
753
5864
4451
2100
9404
1253
9047
7872
5000
214
3382
1911
9009
9590
8431
2625
6192
9603
4892
4236
9041
8515
9515
16
490
3294
3582
7255
5598
3946
1748
2163
6760
7143
2187
5972
1135
5565
7088
4516
3455
2992
5855
2274
2144
1584
2081
8477
1781
7019
9378
7232
316
9210
391
5827
5186
1155
8015
5397
8490
6166
7707
5937
7714
4172
5074
3300
5173
1119
3429
9244
6261
1542
1931
6886
3917
3368
6049
2952
4269
5663
8632
5119
6341
4641
1646
7461
6905
565
5758
9465
98
8353
7406
4477
254
7684
700
1501
5557
4176
4580
289
9574
1819
4028
3359
7513
8276
7793
195
4145
8860
4101
8245
692
2069
123
2539
8760
9401
589
750
352
4833
5865
3355
4385
4831
76
9182
1767
8056
5379
5072
3036
5013
9395
4651
4883
1842
8961
5279
4411
9136
4876
4123
2935
6244
9125
4008
4311
3864
8152
7185
6309
2874
3234
526
7398
5370
1706
8726
5450
4630
874
3102
9322
4352
9809
2286
9091
3913
2897
7730
5748
5647
3019
1276
6605
2157
1542
4287
8352
6537
6906
7811
5755
6058
3555
1095
284
341
8163
1378
9650
8316
709
1374
6172
4409
3772
2064
9172
3271
4653
7553
4186
4115
1382
5569
9687
277
5492
1922
209
6938
1572
9739
3313
150
6018
4596
6649
3251
5160
4835
538
2569
6008
2272
941
2913
1210
2273
7484
4755
3500
3757
1264
9254
3928
9053
7594
4295
2452
737
9524
4577
9080
7614
9039
1464
8723
4769
4133
3757
3118
3334
1637
8882
8761
3970
7634
5047
670
4403
9562
8874
7933
5380
6701
9706
8559
1297
8643
1375
7896
1480
4550
4518
7017
5575
9534
7735
4942
1833
8323
3843
1245
238
553
8272
3708
3329
6450
265
9014
6361
6470
3931
3185
5014
3556
5470
2433
3230
2035
4892
4425
5976
2942
5428
4572
1721
1540
1489
1872
7260
9172
6506
4106
3126
8204
5283
2722
1300
5820
1590
3623
8178
9657
640
1237
4832
5902
7835
9785
3479
8335
9677
7407
3776
5044
138
5987
5072
8050
5909
1901
1054
9911
6936
691
1380
544
4472
1698
824
6951
7424
7086
229
8308
9247
3325
5113
8987
1812
2256
7203
2449
9763
3109
1312
9687
8701
6503
5035
6906
3206
6368
1525
8470
6197
5993
6272
2800
9407
9934
7233
868
5858
4403
3940
9200
9146
4950
5266
1899
1064
1710
7434
9101
8629
9332
3541
2472
3943
803
3361
1906
5488
1816
7563
1389
7411
5079
3554
6191
4163
2016
1148
7950
1471
2683
5005
9052
1001
3392
7356
2735
5341
5557
8916
815
1941
8544
8097
6569
9525
3965
8612
6406
8130
8759
3415
239
4434
9658
8545
7163
7312
2206
3883
9977
4644
3334
9098
9382
1363
7713
2130
6267
405
4576
4438
8390
2802
3520
1948
6001
500
4909
3126
9424
5640
2938
5960
532
3047
7160
3716
9115
8420
1323
5340
4664
3363
6770
83
3861
9793
1273
7544
4105
470
3238
3679
3884
9490
5471
534
1438
6363
2339
2474
4245
33
9084
4483
3145
4628
2301
8784
6628
7039
6131
4416
2711
7526
9601
729
8162
8474
6736
9783
7367
3128
2527
4537
6083
5705
4683
9431
8492
6615
3194
7427
9520
1695
7172
2955
8227
2339
1164
3294
2194
4203
1219
1899
7335
5750
4333
5926
2317
4339
3582
6792
1841
6782
5262
6977
8490
3314
3647
8490
8498
8817
3597
8419
2876
2756
1186
4801
1622
9808
7761
1709
5443
6423
3392
5869
6318
4676
1565
8392
5570
3682
8113
4299
5654
577
3921
9359
9796
7593
2701
8495
1818
9145
2299
2507
7013
2958
379
181
3782
2308
3114
1001
4874
2178
8551
9599
6543
780
4686
6889
3731
9284
5969
4341
9438
6834
961
7285
6864
4974
8157
310
3618
5448
6627
2837
8312
8022
3027
5766
1184
438
6822
732
2081
911
1081
1956
1038
4676
7074
6938
9027
26
7132
6288
8993
5980
1642
4929
201
3284
2941
6528
2173
2805
931
605
7936
521
2695
7007
244
6311
1138
5648
8482
4522
5731
301
8516
7922
1791
4026
2460
3014
3438
370
455
3979
9350
8879
1945
4496
9726
5627
9645
1582
7534
9521
5438
3247
6994
2919
3735
2226
7535
767
4549
1366
2005
5888
5417
2329
3779
9324
8656
8192
8588
3702
7965
2265
3416
4476
6334
9968
6566
8614
5385
7988
176
2771
4856
5079
8841
3348
9705
1858
5782
8960
1536
2741
1043
1765
448
1767
4562
7900
3219
5467
656
8808
3829
172
9441
4649
2692
8189
5032
8179
1717
7130
9962
2479
3325
9354
219
8753
2887
3935
5519
1047
5707
1887
5006
3177
1622
6471
9441
9428
2589
4325
7098
4649
1189
9869
2118
1253
906
5022
846
345
2231
8572
3811
1674
2176
4737
8437
2479
8621
8422
322
8381
5063
5478
8961
463
5805
9849
7188
1404
6390
5949
2264
146
9185
3786
553
8910
9400
6451
7017
8616
2575
4392
5400
8747
541
8586
4889
5530
9266
5201
4283
7936
8573
7617
5266
4456
749
7787
2248
4857
2288
7842
7409
208
625
4552
6090
1344
5621
3822
9474
633
3744
9735
8615
4419
1456
2825
6314
3848
3119
5253
1076
9894
7903
6329
455
4389
9642
455
9434
2564
3339
942
3196
4254
2149
7421
2628
219
9009
1589
5203
7317
7875
5875
3497
1202
465
2314
8555
8087
5829
4340
5534
7737
1642
2558
4624
8287
8139
6618
1125
9762
7851
9245
4714
7240
6894
5209
9449
6478
6484
7555
2878
4526
6532
5767
4687
5359
6723
5714
2823
5888
4315
9187
7717
829
2032
1656
3311
5875
3914
436
6963
7359
1727
1920
8982
3187
9662
5721
6538
4182
417
5623
6000
7200
1502
2106
2375
1372
6599
8858
4450
6654
3177
6164
9490
9509
4195
7382
1888
3974
8689
776
6049
7650
3327
7933
4963
1200
4585
1685
2404
6843
9115
1032
8530
6016
8085
7883
5749
8902
9781
621
4154
8829
3620
2464
3587
2676
7864
8394
2437
4402
2788
3019
1643
2527
819
3161
6070
4001
5291
3182
4403
6268
9794
8106
3023
6535
882
9441
8940
2253
7878
1290
1796
9666
4863
9791
5193
7878
1611
7244
3145
4377
2165
3361
8359
4196
2031
15
5178
8949
7571
2582
1562
3894
4061
498
1263
854
2092
2033
9469
2333
5526
3429
2643
7511
8058
536
6007
3899
9573
1871
180
9413
7956
5624
1862
8385
6804
9557
2132
1568
4543
1969
9900
4626
5892
3932
7399
1756
2294
7878
9195
1118
3987
5253
6123
6573
2708
6461
822
5849
683
9596
2078
8725
8513
564
1068
58
1849
6122
3760
1569
4320
3078
249
3173
2110
1450
3580
9361
3749
6718
7765
8617
7258
6494
7088
4199
5577
9881
6591
2748
397
3615
6633
3125
3949
7673
2839
1633
8098
4431
6380
1381
176
9724
8578
2890
5362
1151
8087
276
6181
8874
8555
2330
670
