1430
6934
4937
5255
9662
6543
7852
6077
8004
2132
4214
5649
4812
2015
6170
3071
9374
1354
4341
1406
4750
6228
9637
3554
3241
3285
3463
7538
3325
220
6709
7598
4541
2235
5806
3854
7262
4904
9689
9928
7638
4395
5030
4903
4033
1904
8298
3237
262
295
2324
3873
2591
7482
1908
7663
2070
2860
7706
456
1081
216
159
7693
3157
3008
5520
5243
8124
5604
4203
297
385
7173
7600
5671
6780
3246
3281
578
1882
3688
71
1071
2788
4777
3870
3724
2549
7433
2278
6848
1182
3213
1130
4556
5936
4668
8804
340
7893
6865
4872
8456
344
2453
8062
3392
5431
3507
4769
9968
9490
9590
3444
9181
4252
2932
2049
7859
597
8473
5485
3334
3911
8586
7389
7932
5264
9790
6039
1878
602
1434
7230
7372
948
4468
7925
1064
184
1714
3259
6924
3440
9786
6038
6593
8306
6765
2262
9691
3157
9069
8388
2300
1711
5561
6089
7828
618
6871
8043
821
7348
3154
3956
942
8955
4074
9466
1284
8367
650
1804
2468
3803
9801
5212
1573
8617
8915
5948
2823
3428
9569
1454
5194
9743
6654
737
617
4440
1590
3342
5281
7477
6042
2463
5721
945
5642
3633
795
6238
1552
4229
475
7484
1406
605
2434
3629
167
9012
7816
8619
5710
3711
8311
8941
3623
652
7638
505
566
7950
1934
2263
5856
4983
5148
2313
6437
441
7521
3299
1309
5840
7527
7843
7634
5170
193
1494
2271
3162
7670
185
9259
4390
1089
1574
5912
2932
6305
4788
7619
7639
9935
1093
4170
1158
6274
8766
8508
1878
111
9096
2159
6640
5267
6814
281
8697
3746
7502
3267
9746
5796
6580
1140
7082
6897
9295
1602
6915
3706
8836
2529
2718
7335
144
4944
3124
8994
310
3066
7301
9978
2531
3886
7041
5255
9523
9926
3833
7529
4015
5307
6087
6504
8491
7076
6387
6330
3705
855
1139
2708
5635
2296
5310
9995
3569
3600
3104
7774
7753
7377
1339
5842
3665
8518
6078
6317
1409
8432
4615
1684
2896
4973
4326
7974
6592
5719
7063
2994
9402
1863
2811
563
7980
4901
9122
3006
7178
8590
3492
5878
1692
4139
4293
772
8027
7522
2118
4404
7842
3960
7492
4728
445
6105
2758
7735
1779
9288
5677
1803
9546
9294
9766
5
9345
5564
1723
4602
4616
5471
9441
2098
4012
3373
5033
1722
3418
1506
6079
4939
6240
8480
4850
8716
4826
5120
9668
649
7922
6699
4756
9764
3908
5241
4930
2862
7251
5504
9323
2576
6049
3477
3953
9983
1878
6804
6404
1578
9221
2409
7137
7676
694
7777
1038
6908
6001
8837
9672
9383
7104
9206
9436
9274
9433
2668
3283
6153
9134
3201
4041
3197
9342
4590
5467
9564
4228
4746
3123
3694
8205
8205
942
4050
9080
3963
892
3937
8160
4795
2552
7394
7369
8532
6615
3908
3291
1359
1324
693
718
8153
3689
2625
3746
5112
7943
1590
769
5488
2179
8938
831
99
332
7035
2685
487
764
8470
4656
4078
4595
4399
2960
7503
6599
6710
8438
6360
9031
2200
6880
7135
4039
830
6071
9741
3455
4247
3471
7180
5735
5229
2064
2219
8541
3492
8319
9643
2044
8380
5433
6639
2432
4364
7073
3187
7257
984
1670
8934
4326
4892
5021
2963
3604
8002
9378
8138
7275
2394
562
2214
6529
9578
672
3822
4917
9024
2940
2582
7187
8407
6959
9117
9374
5973
7089
2524
669
3586
4183
2
36
7598
935
5751
913
3475
4152
4004
5464
9288
3018
4112
5770
2633
1039
3982
3135
5333
773
1821
8236
330
4658
5165
4252
5611
2329
462
2278
713
4623
6095
3357
2356
7179
6671
4281
7136
1988
6647
4956
813
3562
6909
3545
5716
7467
8794
1903
71
2923
6250
7851
5625
7842
8269
2753
2845
4292
595
2538
6197
4651
7796
7818
5517
3940
4211
4093
3345
1772
5062
6150
2210
8155
7038
1715
364
987
1071
8185
9191
9501
8649
2833
638
7141
7070
1259
8396
9401
8293
1065
2294
6994
692
7742
1353
2407
2940
7573
7347
8362
4493
7995
7302
9994
7718
9314
374
8661
2535
2904
1806
4240
5687
148
4246
4437
3188
3184
4624
4246
6341
3289
2975
6002
8820
5209
8155
637
4760
6060
4196
3771
5516
5581
228
5999
5832
454
6341
5393
8521
9164
7538
1615
443
5455
8029
5292
1545
7812
8500
3331
3070
9603
9718
707
612
9521
6839
1926
2675
4786
161
845
5603
221
9666
5816
1318
4723
2698
8232
5173
2954
6373
6460
7407
4127
8928
3884
3184
1637
7093
9314
2995
7015
9798
379
7345
9161
2050
5679
7043
5151
6649
9450
3199
2047
5565
3304
9052
85
7259
3182
9137
6369
1015
6092
9995
4781
4418
436
592
2197
5538
5754
9948
3296
7078
2582
4086
6262
5765
776
4338
9496
6619
5149
4291
5091
8371
533
3230
8282
3261
4505
9764
3318
1740
4924
557
5303
171
1149
5526
4416
7526
2356
2712
3631
5303
3728
3143
3563
3396
1444
8412
8379
3497
387
1484
4875
758
4277
4257
2730
3900
6532
3804
7737
3748
1589
2887
1369
222
630
9330
9439
8271
2711
3159
9772
3884
2141
7
3875
2394
5627
4254
353
2594
8171
5569
8503
1856
5007
8129
8927
9381
7964
2603
4303
7016
8556
7231
7476
9636
6830
5763
5970
0
4545
6881
1684
6199
3606
1804
2046
3352
5851
4246
4239
5020
8250
9600
7240
3978
8387
8319
7347
6447
8685
1802
1650
8654
4252
7800
463
9672
8470
6315
4113
9920
2459
6327
1701
374
9428
8240
9421
3611
2596
6930
3902
4101
5801
5462
1610
1849
9269
160
8841
433
9063
3534
8075
7758
7678
2778
5539
5453
4976
8034
1706
705
3176
6436
1168
2580
6992
5047
805
3358
165
8259
5526
4295
2606
2944
8977
4337
8183
7732
2542
9795
1761
1118
9757
2761
5531
6830
4807
6126
8908
3846
3161
3473
3284
2776
9603
2824
2815
9934
3927
4236
5053
5364
7390
2608
737
1316
3635
8676
336
3247
6259
3160
6041
6263
1466
1288
1822
6117
8292
7534
894
5379
801
3262
9481
2173
6335
3237
8105
1031
1403
443
6816
2810
2143
2511
8736
3393
9395
7203
7102
8931
9383
8862
4572
8758
9779
2512
9993
5800
7461
7379
7061
8282
8699
7008
1318
5849
4664
8867
6818
7837
5198
2337
1439
1358
1581
352
297
2116
4676
6576
19
1410
8285
6986
2734
8673
8790
2004
7541
52
1255
2888
8965
52
9014
4027
6442
5057
8507
969
6213
4668
3589
2540
7208
9222
3917
4279
5447
9617
88
9512
7282
8597
4214
3907
429
1058
8325
9087
3132
4569
4608
980
6026
351
832
8993
8344
9214
1548
2798
9909
6604
630
4542
3077
5832
3565
5649
4230
8795
8526
9010
2737
9073
3703
9331
6385
3135
4655
6691
6223
1579
9479
930
456
3834
1500
7413
6600
6537
8890
7898
3444
7937
8110
3802
9536
8090
3409
2949
2886
7389
7750
5081
7375
3976
1463
5837
4961
4000
3706
3706
9182
7350
8370
9540
4692
5466
467
3609
9615
7179
1206
894
2328
3115
21
1352
1982
9134
9578
8207
2532
4547
5481
3977
3328
1379
5790
918
5459
6819
6775
9835
1904
2202
360
8798
1329
8347
5620
1195
9870
8861
1387
781
2602
195
9519
9905
6590
9594
8727
5916
348
9902
6983
9919
362
3185
6459
1521
3924
3523
8741
2949
8932
3018
9620
6050
5551
4034
2125
6055
1662
5008
3694
6719
3895
6783
8385
2453
8678
1354
7807
4440
3254
5141
5155
9326
4867
4502
5128
1091
7455
2009
8781
8938
9078
8248
6450
6661
60
5363
3758
1825
1354
5383
5409
6320
4978
8490
8992
3372
3577
3811
6341
9938
4094
8079
3115
7542
1360
5533
8240
9105
1012
5834
3578
4065
7537
5425
794
9186
2513
1771
6752
7866
111
9225
982
6442
1824
9870
8765
2028
5
2637
1204
2776
317
9231
9292
8067
6472
5958
2418
3124
6719
6414
3037
9823
513
1171
8272
3032
5446
7120
6128
9748
9152
880
8686
6478
8162
7875
7142
8877
5928
1032
3892
6446
5160
884
5009
4282
5442
1824
2371
3322
5675
7721
8500
284
2330
3711
8702
8628
8715
15
4535
2222
7490
7938
9765
4148
8535
7796
5042
4071
6936
3494
302
8977
1327
8670
4575
3683
1117
4922
1291
9536
2255
3481
3451
1955
5059
7876
7129
85
4420
6632
3590
4707
2176
1864
85
3789
3856
1716
6824
8561
7110
2069
3005
6857
7171
5637
7874
4604
5442
4677
3752
803
924
6869
6739
6131
633
2618
7345
369
4339
6036
7712
9262
1046
1139
4281
7149
9465
9454
4751
7700
2389
5117
6024
1445
5380
8822
5446
5447
3451
2533
1118
7401
5538
2708
8285
3749
5467
1020
7919
8962
9861
8004
462
1065
7961
6890
2414
6673
5686
2012
5955
7344
6442
8568
2105
7887
4153
8325
6083
6412
9771
8835
9433
5393
1152
2167
7293
2740
7574
2802
721
2030
4418
3348
3383
1395
556
1028
9117
1299
883
7522
1894
2464
9037
9687
2498
6535
884
8878
6911
3727
7604
2215
9829
3664
8327
9955
2970
7883
6193
9334
1948
5089
8412
6740
7332
3108
478
6877
5245
4745
7016
9698
323
8238
6907
3326
9226
6861
8344
3917
5981
6371
230
1477
1423
3463
9938
4023
7732
3161
3896
1144
5646
8169
6652
2028
6326
8615
6138
2316
2027
6303
7700
8776
9750
3664
7122
692
9866
3872
3363
2160
7356
5307
4999
9983
6720
448
478
7758
2920
6610
1218
7929
9739
3486
8285
62
3871
363
7948
5411
7717
4130
8759
4966
6402
7658
2959
599
4823
7029
8011
6673
8698
5209
9823
2534
9509
9220
7867
4680
7013
7679
3769
1064
4556
5598
9223
9018
1808
3811
6068
2546
6742
1035
1283
4400
3687
7659
2269
3235
7102
1661
3277
6444
1358
8691
2171
4759
5267
372
7755
5640
6340
7074
1858
8612
3850
4082
7080
7216
1644
2911
650
9065
1354
2775
7189
7574
4159
735
8344
6416
4588
2878
5256
458
2963
3037
566
4997
4061
22
336
8521
8294
9121
2606
2833
8330
8692
8601
8447
8396
8082
4585
2398
5780
8843
7269
301
3977
7182
3294
4350
4818
1996
3826
4264
2502
9424
8574
8683
5941
1861
9645
427
7044
6616
4573
197
1681
7027
9594
9790
6925
6696
8741
7706
2875
5761
1755
7155
9873
6631
3907
8893
2259
5442
3834
9054
7916
4658
1303
5232
8849
1688
5372
2388
1746
8175
4872
3888
9094
4701
7362
1939
773
6048
9711
6006
3265
2869
3372
7421
8609
6649
23
3311
8081
6178
8772
3230
6187
5398
4395
7425
9015
4458
7165
6554
7261
8093
8787
8819
8288
8002
5634
2022
3507
8840
60
4812
7008
617
2895
3538
8945
3847
5403
8541
2435
7615
6964
6476
5921
4883
5518
3293
3857
3815
1440
5892
7363
8694
1897
9138
3039
9066
1998
8925
2547
1160
1061
1269
7734
1356
7203
2051
6098
7477
1098
1948
9225
26
244
6336
2441
2165
8366
500
7383
4138
683
6384
454
5187
4692
8243
9200
3535
7831
1115
5515
2956
7947
7783
9302
2630
9842
7053
8708
5540
1317
8586
3387
9467
5140
7279
5374
3836
9145
3232
8090
5083
5260
1725
7777
3016
9692
1285
3231
730
731
6959
9065
1018
7652
163
4949
2965
4076
6138
8299
3389
1795
4956
662
9187
6554
2276
8737
8255
5577
1578
9366
8621
7723
518
4128
7718
1067
182
3224
6311
9450
7550
223
4457
9054
8251
8940
161
8446
8844
1243
4832
667
5272
9872
3552
3944
6873
3525
2277
8384
3416
2390
8577
9615
5973
1070
7273
6757
1129
2426
7448
1324
2026
225
2680
5720
9057
716
2083
4825
7604
3222
5734
1832
212
7695
4451
7
5757
2800
483
5290
8797
1531
2680
780
8106
2645
6959
3088
4605
5265
484
2205
5396
857
5873
1154
2395
1549
9953
8977
1188
6190
124
825
8183
5943
222
1860
1837
9280
6906
7510
6833
2249
7092
1167
8431
3587
6703
1894
7885
5877
1103
8893
8859
3290
7975
6532
9019
3690
4138
3613
656
7840
8796
3184
9081
1331
7062
4720
7808
5423
9262
8748
5078
1498
3459
5135
7162
36
942
138
50
9130
6994
4069
2625
9418
2160
957
1254
2017
2446
3945
7800
3562
411
5323
549
7763
2943
8086
229
6020
5678
6689
1412
621
8447
8266
2909
2748
965
2025
9494
4152
3018
3723
1245
5699
8815
4196
6135
8191
912
5747
6097
908
5104
7895
6736
1094
4032
4424
6094
3279
3919
6992
8431
756
5783
6664
4876
2811
9778
3626
3939
351
8874
7090
1424
9487
6015
1924
1038
7300
7092
5908
4150
6554
587
1669
9560
6418
3602
344
1901
4413
3117
9787
328
732
800
8767
7553
9857
9449
9996
2937
5946
9265
9077
2347
7879
2508
3474
1817
7017
5853
5490
1640
5766
750
5892
2465
7835
3452
286
5230
1731
8003
8668
2277
7474
7471
9651
7923
2775
967
4793
2888
8988
6565
5200
8504
9041
3187
2075
3440
9241
7663
5286
7772
4359
6767
9161
6682
730
7822
2697
8809
5223
5629
2187
2320
8898
7959
7838
5151
2923
6590
2397
4544
890
5983
9009
5008
6059
7072
7598
3120
4256
9384
3874
2220
3162
698
2793
9986
6548
9807
8717
7092
7649
4601
7846
5752
9314
4648
4602
2783
9840
4707
2528
3021
2447
3230
2028
5420
3265
7788
1802
5952
7375
7564
8175
8580
4979
1593
6694
7962
68
275
3357
5326
2126
6809
8596
2002
7329
4694
5776
3446
9463
7180
7368
310
2366
4685
6178
2068
5083
6545
6078
3048
8097
4223
6509
309
4056
4096
7725
7757
9179
9283
9184
1129
2218
1651
1826
4024
6243
7058
6058
6044
4835
9210
1179
282
8290
62
8716
8874
7362
7611
1688
2172
1749
5150
4155
9180
8037
9548
576
4348
7159
9994
2499
8557
4521
2763
861
174
6951
2051
5819
5454
9321
1681
2419
6205
321
7574
9659
6674
1219
6299
2516
873
3644
689
1401
6224
2437
9591
1133
9294
7443
5088
2025
4678
3754
7249
8955
8604
3346
3375
406
4724
2320
6017
8367
747
7048
1602
1725
1038
9371
9436
309
2122
5728
9034
4107
5180
7592
2270
2343
2000
904
5685
78
8648
344
7409
5782
4137
213
2663
1954
9770
7478
1536
2236
8490
4074
2856
2757
2595
4977
8351
2421
2444
5730
2016
6760
8441
8135
640
2592
3476
5630
2756
6259
3275
515
4967
6437
7660
3637
6519
3689
6575
3400
5303
2797
938
5036
1047
656
9856
2973
4346
2057
2556
8812
3400
8026
5504
4948
3863
6567
2597
9191
1041
3632
9100
8877
7800
2923
8003
3899
6061
6736
883
6864
4483
6495
4025
5135
49
817
4532
3915
6679
1019
500
1724
9668
8814
3912
9632
821
8625
4863
3424
5465
7403
964
3512
9165
8149
6327
876
8963
9424
401
8535
1195
2070
8131
7161
5567
6055
9363
309
3040
4946
7277
9447
3317
2828
2705
1468
6210
8668
3657
1702
53
6105
7083
3563
9431
2423
3008
1943
3993
9097
9491
1173
9867
7677
585
15
5299
9040
8434
5457
2531
1063
4983
4350
8647
9623
8369
6878
9150
507
4007
8712
9347
5277
617
9324
301
2447
7021
2374
8054
6413
6371
353
7086
500
677
9738
1610
7228
9999
4789
1143
8423
7444
7837
52
167
3279
1389
4285
2733
8844
2730
2321
3650
3746
4822
1550
2812
7826
8241
5727
2158
2809
7673
3954
8877
7170
3035
6690
292
1805
9704
9737
652
3350
4497
2811
4891
6646
4097
5389
2085
7764
397
8801
1823
4239
2910
244
9987
9753
1814
1314
6551
6325
6466
941
6919
8307
3301
225
55
8913
3905
4520
1189
1889
8756
6380
4248
7971
4629
1466
9321
8284
3992
8372
3450
4531
2854
2476
8821
8883
9463
3373
1045
4884
18
5240
1622
4320
9145
9559
2920
4022
2243
25
1038
885
4029
182
1774
2984
2606
5359
7586
9607
1210
1806
8916
3287
420
7589
1530
2438
2056
1763
2643
4095
2276
616
2496
2445
5416
2365
4802
287
2047
4589
9003
7429
4364
1899
9636
2096
9605
4848
3280
8876
7438
4967
1523
9485
462
4908
9196
662
7864
7187
696
6908
1063
9766
3676
4425
6731
1805
8561
6645
6966
8332
4441
1015
8601
8261
6699
1346
3624
6257
9431
9938
526
5234
6173
8977
2010
2966
5758
1210
7955
3227
6217
5812
3792
9167
8546
6526
3495
4204
3931
5637
3308
3633
2498
9176
7014
8340
9072
5846
6043
555
1558
4603
8068
415
542
3572
5857
1236
4509
6025
4100
891
3679
7529
5677
6431
6857
2040
430
9206
9956
3729
8876
8113
1860
5617
470
9338
3174
5731
1087
1962
6048
6402
7171
162
8770
2600
4651
4356
7088
734
9171
5650
5332
218
444
162
4345
6302
7602
2450
9916
4134
4305
111
4993
852
2070
4881
1283
4605
7790
9052
1016
6848
6739
9887
7639
6988
5476
8859
4973
6520
39
6980
8001
3164
3550
2303
4852
4195
3943
728
8764
2137
6904
6662
888
5335
1307
5809
9598
486
4457
8353
9684
4196
2238
7181
5254
5832
4945
2400
3479
4518
2979
405
2396
8983
7890
2997
4941
160
3277
9655
3054
2914
6987
3974
307
5099
714
3462
8794
9258
5627
457
6240
4703
2982
727
2226
5470
6787
5489
8249
2693
1569
2036
4921
8313
2013
7932
1021
709
2846
3837
3373
1854
6719
413
3523
9889
5012
5482
7078
615
1537
8617
4217
6386
1899
1715
5352
1050
1935
5715
4251
5227
7089
5613
1975
7015
833
8204
8964
9430
4336
9531
9275
7387
1447
1974
568
3795
2764
4092
5746
6510
83
9856
7354
5284
7813
7764
3800
609
1112
4474
7267
4404
1420
2044
6764
5868
8844
2663
6220
4502
7402
9815
6711
6298
3542
263
3977
8390
523
6897
7239
2098
1284
8566
2969
4216
217
9330
7787
1641
9920
6202
7893
4994
2450
1449
8605
2770
5832
2769
6444
8701
5693
2257
7960
1556
8735
2977
4030
8363
9483
166
5700
9190
4245
2614
7830
4042
6546
8628
9762
167
6429
101
8030
1138
1967
7698
4733
7429
5086
9946
6606
1909
5377
9072
4062
2632
4958
6879
6497
9653
4630
4631
34
2196
6619
1945
6520
7423
1958
1045
8089
2315
1265
4365
9878
5732
6068
5456
4607
8568
4114
5437
6619
6130
6168
9797
9748
8323
3675
3279
2882
85
6393
3774
9458
6572
6572
9686
2307
5077
1604
9058
3225
8383
193
2914
7433
2314
8049
9720
6719
3616
7855
2654
1451
2990
4849
6453
875
2076
3727
6011
3168
2506
4790
4618
1562
9770
7242
5748
516
4547
5406
8648
6407
9420
9214
4617
475
9447
3816
7861
7898
907
4389
2034
5750
3758
1299
1211
4353
9807
7668
1913
1061
417
6085
1018
2867
4682
3707
2932
4396
1449
5332
8216
828
6290
2142
5025
1070
7604
9777
4167
5118
4378
3154
8390
957
1844
7019
6558
580
224
600
3805
1733
6108
1933
9454
1877
5590
2443
5529
3488
3245
5173
4
5323
1252
703
596
2559
8553
3248
6881
9804
768
5658
769
4932
7820
6157
7965
8372
7652
1515
5966
2066
1295
1035
7320
4639
6612
3291
428
4496
5491
2813
4002
549
2026
7114
5426
1052
7241
5350
7747
4639
9312
8688
4801
4066
6921
9032
9050
2396
7351
7128
2116
3400
255
3284
3715
2800
2648
3915
715
4657
605
5011
4374
7665
8369
9175
477
9426
6180
6411
4043
2872
3938
29
7556
7907
9060
8159
9247
3101
3342
8222
5890
6770
5455
6416
2736
4161
2831
6772
1779
7607
9121
4673
8364
9516
1147
7857
5303
3816
2332
3866
3131
121
7967
6672
4893
6274
1335
6777
3969
9149
8728
8477
3821
658
5696
5165
9268
5735
6471
8566
9916
1754
3454
627
7720
4315
3903
7387
2283
2608
6491
2657
9491
8683
1311
5529
1319
8878
3040
9874
7276
2347
8514
5816
814
1231
6740
2907
7272
9304
1503
2221
3432
1142
4156
9901
2608
1822
6937
7842
3347
7936
5172
8134
4265
4340
166
6647
2339
7441
3175
7711
7042
5080
4934
6238
8129
5090
4448
5816
582
9476
5433
1334
6243
8827
8677
2494
8024
2028
3870
228
9202
9678
4992
1455
7299
5665
9211
8917
9310
318
456
1847
2617
240
5269
156
3856
4507
415
9509
6190
4241
8791
7144
3986
2739
2624
8658
2717
6335
724
4076
1066
1942
9556
7487
1682
5828
6309
8291
6796
9609
5821
3665
5000
3659
2170
1240
5896
5180
104
8203
42
8027
1069
7994
2616
4056
3522
8665
597
1240
7488
7525
4892
2070
8843
5205
788
6903
9699
8493
2420
785
7447
5398
9495
9043
6483
7748
7438
6467
3480
6357
5326
7256
9177
1292
9510
8072
7074
5090
4659
4512
2194
9914
8099
2125
1089
594
7816
6678
7695
4232
9216
4806
8253
3657
887
5399
2568
6368
4937
4134
8146
2832
3262
8405
8384
7977
7075
7566
5919
7581
3392
3880
7485
6865
8800
2888
7174
2049
7832
7956
884
6915
488
2737
5913
5448
1102
6969
6125
8554
8595
5601
4979
7532
6398
8558
5770
9477
8848
8668
893
140
9699
8210
9695
7874
7530
353
7503
8275
2311
365
6825
2861
7156
2868
5364
6706
9375
5665
4509
9365
5337
7684
6262
561
4396
8463
6170
7178
8100
9236
4789
890
2315
1188
412
6398
1473
4719
1395
8687
6176
4664
7241
4010
7618
337
3819
3319
4915
5992
9562
8805
4291
6839
6318
3871
2324
8091
622
4381
8939
9715
8615
4361
9716
7501
559
2443
1195
1885
8966
6310
7339
9550
7723
1141
95
9244
8274
4647
2073
2490
2929
5655
4766
1907
4651
5412
1450
4692
7315
770
9914
6516
356
6255
6542
1520
6958
7654
9868
7445
5512
3183
8745
965
9919
9584
7490
7273
5517
9556
8005
9657
3880
3817
6730
9358
1573
5785
2529
3351
5037
9370
122
7876
6234
729
2509
8482
1410
2898
5001
3181
8396
8254
2908
3900
6241
7427
4741
2812
4641
4937
2842
4387
9636
1149
3789
1034
6343
7386
1598
44
9118
6016
7804
2237
4463
166
3828
8167
2260
8357
2668
6057
6433
7784
8958
6705
7055
6238
8672
4568
2051
6734
2352
896
8188
801
8667
4395
7803
6066
8262
7195
9884
1310
1456
9104
1517
7454
7116
1088
8476
6112
4234
9714
1773
8247
2177
7894
379
4270
349
3690
8976
3472
3109
8158
3622
5058
1180
5262
7508
5273
6490
1734
3599
5085
3427
2423
882
758
5818
7164
6216
5234
5590
8465
4287
1729
6042
5452
4085
2179
9932
8389
1474
2275
156
9837
3937
1674
8721
3062
5366
2705
7904
5653
5913
3371
6027
6448
4319
796
9120
6907
7903
9370
8873
3786
8451
3829
6766
8642
591
1234
4030
1053
2951
7399
7175
6712
1373
2710
9234
8571
7768
9463
7568
9061
7813
7857
127
4107
5624
616
3365
5101
3798
6830
6703
3313
2733
4061
340
2308
4061
4032
5553
7867
9159
1254
9150
1619
5228
5874
6692
4158
8227
1698
2284
5744
4064
7850
6263
7874
6889
7871
5969
6988
6069
3178
8904
2336
1473
8752
2072
3690
101
7710
6066
936
5716
7929
7533
6873
7185
8357
9080
6531
510
4763
1377
1217
4163
4743
8243
3139
7259
9594
1838
6942
5365
6317
1736
7792
9273
6444
8628
1721
7958
9655
643
2901
8110
9218
7911
4206
9129
3172
8867
1979
4274
9864
9991
3285
5780
8975
9246
4072
4191
9472
2282
9658
9891
4079
9627
4757
7879
5792
2577
8840
5215
5723
5219
4058
4210
3147
174
7195
3474
7991
5992
4118
3199
3207
4877
5098
711
9493
428
1999
7219
7623
6433
3829
6975
4312
9395
5447
5566
5969
9426
5296
4990
947
6446
1977
9277
4996
1176
6195
5982
6483
3336
4133
5626
7654
2686
707
3320
5720
2025
6267
4209
2872
5163
8332
7144
7467
6978
705
9023
9561
7165
5957
5632
2750
4046
3625
3472
827
9906
5771
1088
2154
4705
3524
7690
6868
757
3120
1492
2011
6955
7615
120
7526
7493
902
695
1686
6668
3999
7739
7971
8308
9612
2921
6663
5662
9978
1867
3509
5150
4631
9721
4682
5304
9350
8953
1967
413
4863
73
4621
6926
4039
8263
4646
9517
9325
6769
392
2832
7913
884
9319
4432
784
4760
4531
4213
3148
6955
1244
5662
8052
9624
8755
4722
1973
542
672
2746
1029
6825
1166
1033
9167
4065
7829
5813
5107
4920
2375
4147
3146
6699
8841
3220
4031
8377
5230
7749
5995
3659
8589
2823
2820
8180
5411
2404
5300
5781
8959
6913
4843
868
2585
6868
3126
1322
3477
3359
9666
9189
4380
321
3
4376
1790
8000
756
23
7879
1803
4253
6839
9985
5815
4654
7733
5875
5633
9529
3328
5208
925
5713
3628
7604
4118
5908
965
5576
7954
3008
4678
6196
1332
2388
8447
8837
9787
8511
7162
7553
4244
1143
1310
5782
9279
8142
3409
7897
7
6397
2809
6856
4938
9789
2286
9701
674
3245
2316
2970
3127
4911
6618
8243
9145
4299
5665
3970
1825
2808
3178
3495
2632
4496
4342
763
3489
9171
3440
4588
2420
6914
2950
9544
7044
3018
5726
6564
1228
4971
6847
9137
1559
8605
1946
1659
1950
8826
4390
4897
6628
1419
4566
9831
4071
6370
676
5170
7011
9860
1984
5761
6538
1619
2217
8770
1562
6703
2978
2057
8382
5897
4445
4465
8995
6954
3374
890
884
9640
6477
5944
5518
1190
629
8780
7562
5172
33
8230
1873
5989
4452
1767
778
3315
1947
4037
9828
5556
4169
684
6251
9180
2167
1026
663
1139
5964
8777
9264
4988
1654
3454
670
7343
5679
6370
8856
272
7120
4178
1230
6936
5322
9832
8787
2317
1985
5506
3490
8261
3969
4549
6562
2188
5499
9851
187
1839
6197
4142
4311
4191
4414
3692
9649
5282
3731
647
7810
9129
4144
787
9531
8101
8471
2899
2420
4198
8816
3145
294
522
7540
2821
7262
4871
2121
709
1005
2912
3546
1880
1385
6632
3394
3243
2456
4905
5704
2393
8237
6905
5822
389
5182
5843
9990
960
7220
29
6202
8380
2378
627
8979
3696
3621
632
8163
4377
285
7575
4551
5542
705
3256
3265
1910
1065
7403
9114
8335
262
8584
6886
3400
5717
4912
3509
4898
394
9125
8315
8243
7062
7501
2270
8860
1834
9694
6963
7419
5340
7091
9389
2428
6587
560
9111
8118
1463
4573
272
6857
5177
3596
2098
4352
5459
8377
8020
2826
1294
4290
5375
2027
140
1264
4728
450
5124
4971
333
9462
2546
1945
948
1170
9163
7091
3319
6814
8198
622
8985
6218
2790
2929
8756
409
5688
59
8198
8918
4393
9560
1781
432
1668
6287
2949
523
2348
434
2311
2967
8756
5530
6394
1823
8618
2435
4960
9865
1411
6474
5749
5259
1281
8757
1707
2401
7308
9467
7222
4756
4768
447
6748
7217
4260
6748
1255
3010
9100
1983
5429
5511
5215
323
1251
8453
1912
8717
1675
8960
6383
6577
1449
6621
9556
6549
853
8343
6012
9221
2102
3162
6071
6685
7442
3352
3874
4690
2642
8188
1311
817
9464
4557
3980
6574
5969
4222
2012
4589
4064
1011
5574
8208
9553
2455
2100
9697
1165
9464
9948
4993
1495
4537
1016
7471
4612
3665
3108
577
2226
9634
1358
9299
2705
4729
6832
3482
4995
8979
9622
1731
2560
6052
3165
3281
813
2633
6331
6630
5190
8731
9886
7930
6032
5699
4351
9213
728
5995
6987
6351
3195
3697
6663
9328
5710
7594
6695
2879
8348
9348
7405
3838
6828
7639
2098
2656
463
5467
2453
436
8061
1875
1882
9593
1139
1222
8339
5769
614
2844
1253
988
5249
1453
798
3210
7566
3928
1550
5410
5690
1311
6718
8120
7636
5753
3616
2939
7909
916
5807
977
5006
916
2446
9384
2358
7272
739
1198
4585
5521
3162
8556
5554
3172
7090
7021
4646
8501
852
9217
2900
5304
6840
9292
1250
2199
9308
5796
8935
6301
1730
9513
1362
188
6206
4479
3169
7948
5279
4996
4076
799
4769
8768
2184
5280
4724
6482
1874
7343
4445
1119
1143
3796
6695
6072
6314
8505
5645
9756
396
4519
2905
5820
5078
4866
6077
2261
5318
4116
4640
9849
9785
62
8724
44
73
9822
7343
5328
6481
7529
3980
295
8445
1385
9088
170
3235
6323
1024
4517
7414
4754
9214
7805
1733
1988
5925
5249
1629
4749
5929
1869
2301
957
6556
5064
9458
6426
4156
6172
4267
9446
6829
4462
3764
7380
7427
7789
6069
331
5310
7755
3079
5692
94
3632
2036
3986
5732
8532
1336
765
8664
3344
5242
1544
9473
8824
6830
6763
3541
3879
8357
1572
2502
8563
3563
892
4956
3612
6905
3633
1872
4427
643
1231
9386
6334
1846
4706
9265
9698
7899
1364
5247
7978
890
6944
1645
9197
8377
1512
9145
1433
466
7753
1563
5941
880
8419
6481
7302
2749
5658
2132
8584
8219
8697
2696
939
4672
7934
4238
1269
9330
2867
3945
8639
8323
8492
6001
9985
5936
9823
8491
8308
4655
6975
7044
2029
6906
3939
2599
2491
4912
2560
2598
7669
5978
9554
7241
4083
6692
8427
4983
5630
1013
53
4369
7599
4053
5390
2517
6478
5437
1279
4080
1334
3592
5643
8367
523
5050
1493
6429
8278
891
120
4408
9332
5847
2620
4206
6133
4254
5430
7611
2463
1027
9998
5450
9283
5159
8849
9005
3510
7851
359
6996
8069
7313
2352
7751
2070
7516
274
2835
3223
8754
9149
5375
731
3704
9777
3599
5805
3895
8708
7683
8675
7969
8410
5921
5508
4921
8749
4409
6015
2638
3403
3006
2668
4477
5167
9137
5449
4374
2217
162
1838
4029
3380
4522
341
4076
4185
1600
7283
4841
7069
371
833
1275
8472
7292
3231
959
2782
4594
2086
3694
8070
1170
4248
6133
1394
9596
1248
5132
2084
4457
3586
9084
9878
9126
2261
7339
997
419
9840
4024
9388
3126
95
4043
2173
9330
4791
5860
8108
633
8529
7797
5307
4936
7765
1974
9859
3253
8051
2808
55
6202
4368
5012
1933
4258
3018
9412
567
648
9951
3590
8134
848
9641
8355
4153
8041
654
322
5500
9607
8920
5556
3807
5750
7374
9099
5682
7695
1116
504
6813
9542
525
6021
4466
4825
877
3955
4168
6112
5922
907
5398
3544
4604
3099
8037
6141
4657
8782
5999
7885
4164
4858
6973
9158
2306
3272
7553
2894
3560
476
1132
4012
5328
6312
1926
111
7647
7067
2201
1227
5001
1075
1411
6502
4502
4292
5272
6040
1753
7552
62
6924
5548
6814
2384
3408
5232
2685
7504
2619
37
5706
9969
8768
7971
9468
8690
817
2984
4485
4912
850
2999
1938
5577
2952
8172
7903
6468
5321
8254
5456
9213
1555
302
4206
3754
554
3135
4211
3191
8352
2921
3979
1046
9312
5069
338
1966
8603
1203
1275
5599
2635
6412
1593
9995
9232
1197
5173
5233
4716
4573
6965
193
777
9651
2440
5397
62
678
2170
2662
5706
991
4450
7942
6725
4648
9421
7191
8128
580
4038
6331
1883
7038
8397
5485
2458
5844
438
4514
8583
475
7827
1612
1046
9376
2982
9189
4911
6072
9586
1639
3339
607
6716
7680
9390
2644
9749
5934
1593
5162
5599
6158
8900
9094
3482
111
687
3488
1452
5432
7890
2812
3207
3096
2066
2865
9317
4031
194
9447
1949
3288
4373
9394
2394
814
7227
1891
6279
6294
5779
9072
2211
1823
8847
8840
5758
211
5581
9551
2210
8620
5688
5776
8319
6941
5081
6677
5390
7812
4229
3721
3471
498
306
2425
9186
4016
8414
3620
7767
5799
1591
3316
3247
978
4096
6694
9430
3919
7580
927
8268
8064
5093
3636
1563
2262
3666
8593
6552
1872
2154
7969
5849
654
7430
903
7459
5169
8624
1451
1163
6813
6096
5090
3401
7891
9082
1855
4002
7191
3559
5920
4567
7436
9763
5987
156
1642
7018
8175
3014
7966
2039
3291
9522
2914
5749
3338
9309
947
2745
7890
8487
4429
7067
9586
7384
1667
7655
9417
6790
2332
7001
6671
5756
8938
6878
5492
8272
285
5745
9820
5785
7724
3482
1182
7435
7985
392
9235
140
6910
9116
3317
6222
6871
22
4298
7120
6955
2937
9993
7930
9017
662
4091
9010
4635
2614
8124
7670
7665
161
8323
5129
4617
8715
4401
1294
397
5529
5270
2733
88
6250
7487
7193
8400
7767
5830
1444
7162
9675
1830
7890
7822
1731
5293
9358
292
129
5917
837
1674
1073
6925
1503
8417
6210
340
329
3276
790
3976
3819
4070
2065
3520
4952
4707
2435
9204
8302
168
9091
5433
7476
6248
9506
3524
7501
1719
35
2201
6615
5279
3074
7876
9013
2164
6781
6895
2552
5625
178
4920
3150
6592
5613
4397
666
818
27
9662
9443
6536
6239
680
346
7242
5551
596
137
3600
3379
9355
8340
5664
335
5490
1353
1624
2186
831
8519
2096
3486
8392
5074
9623
1306
1951
2500
1490
7455
6977
7621
226
9858
6442
8018
228
6366
1816
2782
838
7123
9044
4476
5888
4894
1700
260
7255
6232
8656
7586
5265
214
1578
2606
1958
5649
8367
7501
4120
2080
2257
6290
1810
4725
2705
7377
4630
8554
3423
5091
2388
2118
4967
1751
9031
7447
4117
6456
8668
8377
9986
6672
409
5984
7248
3998
4298
6463
171
5985
4133
3757
7255
1801
4182
6506
5183
692
5895
6486
2513
8683
7599
3589
8101
789
4844
641
6585
3095
1594
9837
3417
1519
2780
1455
4934
1816
6846
4617
4725
8419
2894
9372
6172
8102
770
9115
2445
8116
4024
2464
9473
7461
5048
4107
4444
4247
8902
4862
2239
1715
7340
2187
4892
448
7381
3742
4613
4506
9390
8256
9223
4807
8103
9886
9963
3930
6255
4563
5527
2704
4592
9392
2917
437
3879
9073
5258
7447
4253
6531
9059
680
4759
8461
8573
623
1241
328
2890
473
3892
9530
2184
6575
6692
9875
3150
2514
9775
5314
58
7919
2277
5940
7111
7049
7645
4692
9818
1515
5569
8890
7931
6132
4707
6765
206
6809
8193
5485
1676
4648
9575
3820
7447
957
234
9570
3120
3769
647
9136
870
7643
6883
4208
1909
4990
638
8454
650
9013
5796
5293
3199
5433
7010
6371
2995
2632
6145
9185
9375
7564
514
1469
662
7876
2837
9399
1940
8994
6573
6457
9128
8684
1867
9895
5181
525
6735
2112
1278
2074
5302
5002
5725
3119
9927
6324
5966
4337
6858
8519
4560
6926
5720
2011
8290
9333
1544
7028
655
8068
4354
217
1940
5791
5363
4963
7750
1316
730
7163
6470
3036
3534
1474
8443
9338
2108
6548
4841
7051
8222
1612
2158
1683
1731
897
9090
1289
9239
6902
6103
9152
3109
8224
4482
9159
3709
2805
818
1744
2176
2819
4979
7581
3161
3151
4420
809
7062
1447
5403
3540
9028
4041
2132
8601
7697
8725
8120
8052
41
2285
217
880
9978
8002
4613
4440
7472
5909
5902
730
1718
6496
4788
362
6727
6757
7406
4258
118
6007
9369
5471
6249
7747
658
1337
2971
2969
3226
9158
7208
9805
1830
7058
8343
4151
9998
5255
9971
6024
7263
2057
9937
6784
856
3146
5805
3080
4896
2371
7888
4403
2756
7171
4809
2454
3814
2008
7195
2206
4039
8761
3537
6489
989
3866
8537
8198
7725
8201
8306
6828
6837
7195
8684
8928
5360
5443
2642
5272
3686
2244
229
1100
6752
1884
9863
9585
3756
5266
2887
2845
3467
7513
4265
9307
5752
9548
1059
947
6423
361
6882
9093
1670
621
4917
2810
438
7645
4312
9634
7927
6322
4709
4459
1082
535
1572
8677
7402
4869
531
8358
1692
6951
2466
7214
1502
6616
2284
7338
884
9316
3432
8351
3848
7642
7043
3421
3437
6657
9366
8909
9684
5854
3566
2836
9884
2987
2376
6297
7611
2754
6165
1005
2662
6383
6955
5690
2750
6542
2679
3799
9179
5653
7546
5057
2927
4717
3752
3848
4656
4032
6984
8073
1992
6836
3172
3191
71
1804
6771
7458
6870
606
1467
6062
3084
2269
2688
3781
7444
6957
7513
8095
2282
7974
1696
7262
866
2278
5357
742
7587
6611
8621
2628
4411
8460
5998
2188
2202
8505
3583
9538
3470
3936
6343
8556
3924
110
3660
3639
3773
1352
73
1690
6181
409
4759
5772
9459
56
7629
2307
1661
9650
2164
9388
1087
4062
5073
9799
3854
2331
746
8691
191
8650
4017
2484
4391
8830
8308
2566
9476
1267
7374
4592
6508
2620
8042
1819
267
4898
8142
8772
7495
2462
8574
9775
1304
4565
953
5409
5489
1497
2575
8765
5481
119
8617
2551
8443
7661
7410
7551
3646
998
8374
2712
5647
2319
3812
7224
7049
1096
5100
5369
4633
6546
1046
5608
2542
4432
1177
6418
8822
6959
9543
2720
7140
4757
5264
8390
3771
5530
4486
2314
1040
4786
4687
7714
2362
270
6318
7063
691
3202
8687
7817
1788
6225
6652
7393
6035
110
2234
9344
7692
8669
556
6541
8504
4087
2658
1297
3299
2939
8698
6847
8884
6519
3792
9373
3910
7803
5315
4835
6643
1355
4893
296
9593
1780
492
5116
4826
976
4025
3430
1431
4336
7726
5658
7118
1319
8168
3457
9176
6357
250
9453
6178
1928
4752
424
665
6822
2093
128
4847
9102
1862
5927
5839
5086
2349
1534
4326
2790
6825
6742
734
688
3651
3857
5927
418
5420
9671
9273
5098
8290
1288
5505
3285
6422
3916
3232
2316
7999
8781
2170
3719
8724
9750
3221
7744
5837
7962
5367
3635
748
4777
6023
7228
1185
4700
6952
7678
4383
1587
6170
708
1309
3402
7338
6599
8163
3071
2072
7368
5466
5557
7333
9037
6934
4202
9582
1716
48
2570
9762
2369
7708
1566
8324
2495
5720
5438
7475
5795
3958
4427
8659
8852
40
6281
6843
1312
3058
3628
9616
666
1535
9301
8347
759
4111
7098
659
2465
3707
1171
8360
9570
5882
3275
2631
2828
9953
3429
8718
436
7067
6218
5734
3695
2862
1888
3190
2502
3620
8706
4887
6510
3882
613
2442
4286
376
2107
5324
4583
1823
511
1603
986
6674
4311
3774
3617
1170
5056
7026
9317
8238
9516
3081
4791
3698
8200
1357
5571
9
6151
618
7324
9344
2010
8498
5040
7187
1731
3332
9928
4832
4062
2581
3478
4177
5924
4794
3072
1015
7137
7549
3770
3695
5639
2082
6464
2416
6255
6439
3453
742
8394
2872
8667
4943
593
1978
1282
8681
2784
5561
8261
259
312
2592
3473
7136
7312
7806
8477
7770
847
420
2816
3946
1391
1300
9694
7729
9691
449
6302
5908
4800
3160
6738
1412
3214
2361
9437
5510
4371
6758
379
6855
3556
9198
7904
3410
9222
7372
4951
1124
8130
9445
9741
8871
8298
477
6502
2595
6782
1634
3696
2879
6525
3061
8391
9220
4139
3070
1918
1177
8366
785
3749
1261
7186
6777
7665
6939
58
6368
6710
9458
617
3274
1165
5308
4326
7029
6836
2119
4987
6272
9328
4524
3868
1341
3643
7098
5218
3906
7446
877
2389
8359
644
7147
9487
9586
3551
7202
4478
4355
822
9611
1044
9090
8613
7143
8119
5037
7953
3953
7987
2985
8210
9923
6127
3574
682
3065
8549
5979
3869
2834
5288
7300
8778
6868
1921
7313
4712
1180
4504
8447
3473
9161
7162
8791
2591
7895
5722
6745
6306
1194
5225
9544
6365
7577
3947
4254
3378
7951
1643
9141
3493
2138
5113
5273
4439
5616
9922
3137
9596
7822
3122
6679
8722
1198
8160
7664
9156
5810
9813
6552
1929
7787
3948
2173
3026
1124
4179
1426
1293
1425
5093
1916
896
7082
9600
5033
8125
8066
6187
4282
9396
5008
385
3879
9761
1601
3574
5577
8990
1441
1427
7504
5318
6425
3750
7360
5336
7549
7232
3793
2192
519
2737
3933
3254
8003
9143
2170
2682
7527
6466
5076
3999
9009
2020
34
2678
8812
4710
652
8970
7741
4189
292
6822
8950
3610
6162
5539
7900
6924
344
7050
653
4324
853
3163
8619
2278
5350
3929
7596
7852
2503
435
6451
528
1162
2714
6111
8555
5453
6239
2651
1041
4747
8523
9249
1434
1008
683
497
2840
2468
7564
9164
684
1810
3961
9864
3660
9062
3806
6305
9575
4268
3820
8778
8787
2679
3023
6393
4196
5661
4785
4184
3469
3828
8621
8661
6099
5012
4815
6650
5180
8576
6161
1324
1390
9333
7549
6228
4539
8861
5998
2773
6292
9344
805
9215
6161
5270
5934
9444
1733
1262
4506
8017
3234
121
8320
3873
1988
3775
3680
8865
2119
1217
8510
8874
4924
1784
4716
4597
5744
9114
4075
6355
3876
1036
5526
2233
7096
3257
6707
1714
3698
227
2785
7578
6598
4834
1215
7321
6036
9693
1914
1566
9654
6703
8528
1043
1346
8286
7959
5586
3154
3241
2124
8294
7707
2534
8046
5508
2231
5467
9797
8592
8970
4690
8564
6631
1056
9286
5173
92
7270
8764
2746
4298
3963
7221
5896
8075
7458
6156
6806
7382
5683
6462
7888
5871
3468
4971
5307
4384
1994
8603
7609
9186
9190
9634
8913
4367
4560
8907
6717
7323
8849
9895
192
7447
6253
5456
6061
7258
4469
838
5638
2078
5755
1038
8396
9053
431
7978
4576
8842
2713
3113
1762
3592
7677
4070
8105
2992
7250
9728
7917
6102
2603
6707
3754
451
121
1711
2753
1444
8163
8332
4012
4512
2285
4018
8101
9648
7247
2744
9390
2955
5213
1558
6848
2675
848
4721
9186
7812
5684
7376
5768
5867
6081
1844
5619
2511
1398
3524
2989
76
1566
127
9483
3607
6155
7484
9513
2952
242
7567
8005
6855
5923
9483
6690
341
2128
2202
8049
9825
9565
8572
4078
1307
2084
3776
350
5806
512
7788
4588
2718
109
633
2925
6206
8194
1290
6334
1898
4206
5918
4346
1196
481
8784
3101
8314
8369
9699
7
805
966
5117
7853
7767
710
6109
7090
1205
7335
5369
6176
5073
9294
7113
6356
3412
9655
8311
9093
3713
5682
6992
1447
4117
9833
3578
7148
3410
8766
4158
8862
891
6066
396
179
9139
3897
9393
4258
6481
8539
8227
9698
7514
4863
2112
3256
9424
5196
2187
3283
9059
8758
8765
7407
701
8840
8573
2909
7314
6275
9960
8479
8677
9372
8363
1612
8271
2457
5422
6741
7022
7449
9035
5428
6106
5462
8393
1395
2875
8358
7564
9992
3692
3361
3555
3831
4945
7380
9936
3730
8853
1525
5103
6861
3797
451
5041
2056
9862
5627
4048
5598
9045
6398
3296
9479
6135
7809
6362
8149
674
9541
2839
9038
2607
6043
6073
6779
4215
3951
8661
992
8776
9235
9889
2716
2015
3157
2516
5155
5867
3099
2482
254
5310
1576
3966
3810
8128
4355
4009
8327
4337
6484
5408
4608
6692
3276
3983
215
6216
1778
6443
5363
7023
7133
8100
4533
2812
7360
5428
5170
3394
9570
7106
3196
3329
391
8568
8741
6384
3456
9330
4493
8831
7245
9405
3388
1873
7241
959
1951
8449
7412
4041
564
2506
7369
681
2154
9475
3174
9965
6372
5102
1780
7775
7176
6084
1315
8815
7957
9996
2036
5266
9784
3908
5678
5948
5200
772
4119
2241
2097
178
1836
2152
9623
5381
432
1926
846
1680
7687
5362
4918
2110
8050
4625
4899
5237
6242
2728
6022
6378
754
7129
3237
7944
9411
5884
6139
6851
4884
2688
4009
6890
4068
4775
3642
1827
1566
8151
7869
589
4189
7891
3246
9387
328
7381
1230
6843
5340
9256
8385
7289
1668
2540
7608
4280
326
5034
4201
1065
8593
7341
7731
7263
7265
5087
3047
1314
9687
8884
1557
6428
3898
7355
6948
3661
8726
7163
7883
9564
4405
5393
3896
7360
8403
3853
9699
54
7537
1933
7424
1013
8174
4475
5950
2619
7325
3806
1359
6389
8795
543
2883
8583
191
6084
4166
3815
8564
791
626
5379
4715
5799
9808
5118
8817
3094
3172
7543
2867
8080
4523
2585
8721
1159
2435
8900
3992
63
1445
4941
1897
2616
9533
8182
5335
429
7469
3787
9908
7595
8970
2800
5381
4918
9291
6510
167
9387
3881
7999
8829
676
8019
4119
8286
1308
2992
1118
4460
4771
4280
4984
7416
6348
2479
3187
9708
4754
8241
7972
9614
8716
8374
2587
8203
1600
1444
935
6773
8888
7686
7991
9103
7872
9879
3043
1163
6245
8906
328
9475
6493
211
1929
8112
5916
5054
5980
3535
7935
3565
9122
5867
8921
4938
5953
5024
6214
3798
9760
187
7219
781
8235
1515
6514
9648
5033
3689
7753
2890
3084
1938
9813
2709
8359
2495
2115
4517
3450
1113
2347
5609
8748
5224
901
2599
5284
7581
274
7332
7353
1857
4393
2513
4941
3515
2383
5088
5659
2524
3636
7532
3406
8010
6204
4638
6305
8741
8539
6133
9582
7541
5364
3508
16
2151
2084
2834
7350
9861
8555
3982
4604
8294
2254
706
3643
156
2944
5305
4534
5453
5770
6243
7242
718
7396
7006
2024
1113
261
9740
546
7946
3351
7752
3153
1071
3938
6849
9017
2953
3711
6646
4952
8737
4401
9481
5541
4573
2585
6392
1971
4669
667
6704
9429
6051
1247
231
3270
8869
5017
8824
2284
9213
8157
7068
3341
896
3778
286
5461
2401
3395
1699
2911
5320
8627
9581
6341
960
366
9558
8126
2566
2525
6813
3159
1572
113
7898
9072
7684
6886
2091
596
4216
6113
7808
1124
2075
9076
412
877
8060
9882
4001
5095
5737
1842
1193
7586
51
259
1767
4654
34
8787
3132
1938
7515
1713
3017
2009
3563
2472
7538
3731
8542
9520
5829
5305
6134
4262
5819
1700
6446
2180
4405
3741
8409
7514
9267
500
7094
3897
8868
8855
7243
8201
1833
4053
394
2502
6789
2984
9261
9585
9026
7473
9723
651
882
8345
7715
37
8623
2310
5593
657
9771
2737
151
5592
1343
2325
2335
5813
1235
327
6940
1369
2150
9532
9100
3540
9858
8503
3193
8425
5352
2728
8963
8237
3497
4267
9115
5173
9161
3249
2405
4157
5472
6150
6335
4945
7869
5157
3993
1186
1897
117
238
3812
2320
9608
3513
8859
6077
446
854
5260
1822
5616
5365
6466
4363
9052
7335
826
3184
1931
2509
9616
402
9244
3559
8289
5027
7282
3741
6088
7177
2369
4906
1521
8036
8683
5595
6332
8764
8345
8736
8612
4323
54
2663
6478
6218
3545
3611
7338
1561
5860
2608
4189
4494
2012
4810
9618
52
7021
4680
223
9823
8475
6162
9017
3389
8788
3005
1046
9464
4159
739
7933
5894
2846
8449
355
8231
8851
5462
3546
2471
8337
5337
9861
8720
5198
7133
4141
9055
9060
1823
2175
4646
3727
9960
9904
4320
6548
5193
1166
9207
9549
7094
4793
5801
1272
5901
7618
2887
4234
1230
8587
6101
6676
6616
570
7607
8823
1795
708
7349
3293
5070
7152
6651
6466
8787
9928
4565
2645
2008
6308
2269
5655
5773
6557
1106
3174
8011
4222
5372
7525
7118
6206
1846
2917
5499
1826
4246
3213
6954
6744
2265
6158
4688
7228
1678
9734
9949
2537
4101
3779
4801
8407
2431
5367
6407
2569
742
9545
4315
4046
5459
8013
6733
1563
8004
7038
6535
2831
7798
2519
2819
5682
8478
4475
9290
4087
9529
5421
6366
6928
95
7134
30
5085
1739
8105
6703
2832
2083
9617
120
2892
1891
1853
3129
538
3974
2668
4614
1096
3509
749
9324
6892
5832
1783
6310
4270
9607
918
9859
8615
353
7338
5360
5521
1765
7093
1360
9190
18
8447
8235
4975
9266
9962
3344
1540
4953
5299
2327
9560
5216
287
6286
8114
9654
7182
4986
6918
9053
8269
6944
2479
9261
5927
8268
8821
7365
9135
3483
9012
8523
7008
3196
1922
7423
8419
5442
9809
9132
3003
9815
6213
358
2922
6077
388
3586
6663
1836
4015
3375
5816
7120
8323
6242
3309
7147
4886
2938
6887
8501
1371
4733
4774
7997
4261
3326
1371
8058
4228
7397
9638
7126
6209
7487
3374
8787
5490
4898
6955
8638
3132
9588
2356
3665
8935
6693
3223
4912
7781
1189
3637
582
5725
5513
4810
3320
5418
5448
6424
2433
6629
5522
569
9063
6491
6276
5317
9892
5858
2319
1857
2907
2673
1846
3786
6921
640
5439
9708
5098
1606
4387
578
1551
3102
6532
1359
9257
8210
658
2554
6961
3594
8869
871
2545
2908
28
9907
418
7028
6352
1077
874
9618
9577
2255
92
6358
2678
6562
466
8862
8124
6582
2301
9778
3835
9929
9547
3839
3601
499
4224
769
9584
6054
6454
9831
688
6803
9607
2564
2102
1570
2964
9767
8118
7817
7526
1160
2429
9302
4110
1322
7575
480
6717
3462
7915
9882
8299
3390
8590
5663
538
9666
6295
5264
3994
2278
6352
7697
87
1488
4593
1378
1777
483
1850
2578
5515
327
3479
9635
3055
3402
6259
5832
8082
1974
285
9522
9220
1819
3985
3517
7991
6972
6309
7004
7538
528
1278
2339
5531
8216
6594
5964
2563
5940
9834
7347
5579
9902
2828
2413
4364
8026
7298
8205
8004
4430
2551
3684
7350
4451
9079
7498
8987
6353
309
7343
5989
7245
8391
7059
829
4983
8941
7054
6204
4864
3942
789
264
9752
1641
5101
3740
4998
7177
4951
7822
4922
7982
3817
3281
5973
3484
9410
3281
2763
9551
632
4626
7090
4299
5796
4752
6783
3356
3972
4689
776
9498
1072
1425
9121
3690
9737
6629
1872
2002
7477
2529
8700
5587
580
9894
1928
9015
2322
7529
9251
5562
2713
7465
8848
6800
3619
5118
8793
7776
7479
9095
4739
8404
18
1024
4687
6307
7397
1828
7316
6263
6023
7184
853
6683
8920
1582
2710
4076
5973
7321
6265
2338
6634
2106
43
4889
2760
6458
6309
4166
6110
65
603
4785
9757
4417
1120
3825
5154
7580
6988
4091
6939
5832
7491
3966
5670
5983
59
541
4669
1726
3461
1038
863
7091
4057
1274
1130
181
7177
8849
5013
786
2745
3114
1871
6144
4139
3531
5547
187
1901
3021
2457
2913
9428
3091
9629
8202
6051
3144
7685
332
4008
7187
9998
1754
9751
7379
3352
7242
6722
5325
7287
2468
6315
8853
9052
8227
6067
4109
8540
5107
9293
246
2971
7188
8362
6733
4154
7547
4596
1359
2162
2787
1397
366
7983
8578
3582
858
4281
3307
5184
9593
7819
2321
9981
1588
9244
952
3887
6589
5983
560
5996
1383
1806
8145
5555
1172
2246
6754
5433
3790
8515
841
8745
6416
3818
8046
4224
5606
5035
6418
7648
7976
9623
4037
1175
658
2302
6167
9802
7794
8580
3630
4304
1729
2500
4922
3020
5352
4140
3713
619
5049
8324
2885
603
2130
9775
5995
9686
4263
1514
7162
6471
7438
2674
766
3831
3298
9135
3067
4288
6289
5348
8871
346
24
8575
7720
7197
2465
7390
5701
3530
5147
4740
994
7262
2454
2108
3472
6931
3230
5431
1334
6223
8413
5254
593
8635
5265
3362
6490
1653
826
5582
9409
4950
4705
5813
1719
5138
4016
9461
6110
347
1375
5385
468
1561
183
4267
9083
3997
174
7833
5103
1109
122
7781
4520
5767
3980
5457
7708
8093
1291
3315
546
7018
2672
7035
3495
3187
6398
2811
3670
4059
2691
7753
1869
8191
8158
2612
3849
4614
4041
5129
2681
4907
8396
9152
6942
145
4158
9406
7714
2247
2153
4286
5860
9388
544
9371
9937
8164
9962
2486
4186
949
6602
7105
5570
5505
3962
4624
8561
5323
7565
7617
6486
3397
6002
5581
8628
9169
5947
1850
3015
8257
8410
5398
5817
7209
8422
4038
9660
1043
594
6200
4759
9596
8554
6877
8787
9823
7121
9618
3630
5099
2276
503
9809
9294
5460
1933
2196
2966
5558
3743
3924
1323
4039
6682
8864
8809
6145
8617
6922
3136
3782
6931
521
2361
3809
1576
5127
2238
8797
1958
1445
7463
6013
7434
1982
9678
4370
5567
95
7134
8404
4494
5351
5758
2937
5763
5042
9062
2050
1826
8043
4774
1190
8003
3855
9387
1836
2180
6625
7922
3987
6769
1221
5109
2929
6518
6040
5928
3231
2671
5080
7983
4731
8626
92
5545
2377
4817
2081
5258
4237
794
317
6491
9733
674
6135
5093
3195
4041
8286
7935
6222
8147
6358
7017
6005
8853
8890
6149
5764
7098
3195
286
7757
4920
4623
7398
8947
41
4012
5474
4322
842
3430
2699
3146
4231
1944
7162
8919
7283
5129
3532
4763
9877
4290
8076
2061
9549
3976
111
1736
1709
9247
7516
4303
8069
7388
6313
7001
3609
2263
9440
3702
7754
3375
7880
6056
8566
5807
8045
2401
9704
1721
2966
4295
8643
8842
1203
9259
1255
6446
6672
2279
2206
4788
4596
7929
2826
9590
3628
9609
8141
9267
1912
2309
2551
8871
5256
558
9277
1421
8947
3778
2176
4227
798
7130
9738
5081
1957
7120
187
816
3719
7716
3473
8590
3136
4570
655
8488
7578
1999
3662
4565
8537
9878
8771
274
7980
5283
5243
3381
6322
6815
6543
4942
9701
7901
5283
6670
5666
9028
4647
1138
590
7881
8413
9627
9185
669
8884
3178
6352
7507
7065
3408
4225
9699
2241
998
2814
6972
8724
1410
872
8292
6028
9339
4770
760
4937
5725
7041
7245
6057
3666
3013
4941
9286
2553
3472
3813
2351
2892
3650
6024
4076
7860
4017
4880
3354
1428
6308
4549
7940
7084
9038
9887
8124
5608
325
9074
9107
5163
2294
417
2475
2020
535
8720
1545
5677
4147
5867
7558
7787
6741
4943
3715
405
6455
7108
1845
5336
3488
5693
2163
3067
6993
2561
3
6695
9221
7623
4667
3557
3763
3586
4629
4854
6453
4519
176
1446
2029
8609
9320
2235
7017
2608
5260
48
9449
7907
4062
8799
9031
5910
9303
4834
7138
3444
6410
4844
4652
7299
3166
2494
7026
696
4435
6021
246
3441
8537
9422
8351
1866
9914
613
3051
4257
7709
917
8650
2396
2747
1612
950
103
5998
4901
7096
5215
68
8639
4458
2302
1541
6423
521
9610
6027
7239
2508
5210
9693
1758
4998
4145
732
5597
6152
474
1744
3371
8316
5554
9310
1209
6778
6650
200
9555
1205
7996
4576
2545
7935
9836
5335
5011
7668
9611
9284
3258
2377
3497
255
1180
7260
5774
6432
8952
8425
8134
4194
7600
4680
976
8601
9072
2242
3969
6264
8080
4513
3727
9810
8949
5134
2307
4402
7995
1483
1418
5849
9526
7470
3739
6719
1465
9068
4529
1582
4820
3327
3849
4995
9727
1824
2131
6189
9655
2455
9596
2536
4489
9272
3057
9822
2699
8678
2022
1127
2540
1703
9694
7658
2352
6312
3462
4302
416
743
3777
9819
5515
8718
9919
6656
418
43
6127
8136
1792
5589
1755
1439
1749
3934
4726
3244
8147
8061
8384
1135
3084
4401
8055
7969
1577
3268
5107
8281
5346
9239
3103
5493
9814
2427
2776
6223
5978
6718
9967
3272
2619
9059
3431
2063
8510
4640
7451
6184
8690
6455
7590
6506
3702
4107
6581
4880
5737
5976
1345
7831
1052
886
1451
7822
3745
299
3931
9736
1959
9683
9309
7973
3988
8208
8940
5254
8336
9219
4309
7630
8811
20
4830
1484
2951
8426
1825
7361
9727
5276
2906
2363
296
6635
2754
7538
3878
6761
3425
9199
9265
3094
9729
3433
1383
7484
3004
1196
1433
3682
9626
7347
8617
9711
8981
695
1228
5159
9321
3773
4972
7647
8897
361
6783
9803
4074
6041
3121
7869
5772
2039
2748
5799
474
5439
5334
4125
2323
9508
8872
1213
8356
6281
885
5581
9806
9859
621
1918
8600
2901
2090
132
9628
721
638
6316
6231
7047
9005
6875
8409
3067
2322
2208
730
6652
5337
4340
9646
1822
9328
3664
7969
9457
601
3587
7653
8997
7266
8251
690
7473
6058
7773
1931
6587
6386
7453
6942
740
4478
2273
2642
8947
6555
5660
8376
1375
6268
1987
343
6879
8298
5554
2836
1380
6999
4904
5648
8152
6195
257
8136
189
3879
3543
6982
1692
3431
5091
6453
421
1197
8364
7094
5154
8785
4294
1246
2834
7298
9761
1479
8112
9836
554
1114
3935
8104
7723
4396
5597
8696
7707
7501
2243
4746
777
628
9192
9035
9449
5675
1659
5316
8309
3651
5436
5712
9416
889
2951
3310
2872
3384
3737
779
490
4129
6789
7774
1563
9178
8550
2161
3661
4382
4352
2712
8104
6202
3009
3792
9330
6821
3943
5780
9687
5911
3782
8509
6372
8825
4619
8816
5223
3730
9339
7476
6831
8261
289
5237
4076
9645
6384
2443
6590
919
281
1851
6877
9853
1662
9612
4870
6536
4830
5113
2547
131
8880
6422
7912
5313
6478
4371
8101
4096
2958
5017
4688
9330
863
7137
351
2021
6343
8708
4992
5798
2866
3929
1107
8363
4612
197
2777
1536
6595
2713
9974
8671
1084
2875
64
600
193
5491
1350
9045
2683
8961
9304
9480
8924
2071
4728
3792
1756
790
4516
6772
2540
8565
9893
9469
1094
4021
4077
6740
5385
638
1135
5948
1873
4074
499
8692
223
4067
7056
7698
6733
9564
5049
6566
9263
7634
5095
913
2743
9040
7574
5661
8360
5902
2355
4689
1461
9805
4360
5906
2865
1902
6844
6876
5816
108
9403
3603
6103
2283
5730
7800
6049
8509
6919
6033
3958
9956
9703
7497
9438
6688
5468
5866
1533
1769
5063
4643
1015
4499
6523
4767
372
1263
7615
7818
5034
8555
2845
8123
7217
9032
4986
2298
9382
8132
4521
5307
7767
5745
6468
8018
7691
4686
3002
2380
1436
5350
1973
6872
6350
3760
6010
6662
5563
8513
4217
30
6165
585
8647
5075
70
8828
727
8412
879
3156
8575
677
6033
6827
4779
2003
7292
9071
5607
4294
4149
9346
6854
6166
4188
4929
8564
674
1566
4274
734
5613
9824
9562
4752
1073
8069
3228
823
9204
171
4910
9906
6680
5083
7189
9803
1234
2672
813
8955
9811
3474
2646
8222
7380
2718
2511
465
2266
8631
8284
121
5954
2567
2150
94
2782
3796
4744
1294
7654
4961
8068
936
7985
5128
2519
9295
9445
6129
8169
1084
3751
4466
5491
6772
761
5430
6153
1276
6410
8281
189
2258
2680
1356
1914
7965
5683
3782
3261
4994
3232
6115
9871
9680
3779
5663
2245
2903
4513
3528
1538
7011
7566
9452
7139
5310
9769
7459
1122
9088
3230
9959
2836
4511
1099
517
5427
1889
5325
5785
4951
2786
967
5245
1856
6240
4651
3369
4080
3972
3166
2523
815
5855
1846
6562
6029
1182
1397
4418
1285
8263
6127
183
8062
4784
6150
1209
867
3986
1091
8561
3691
7232
3025
4801
4088
1801
1979
2513
1059
3855
8169
3267
5242
455
1328
752
2455
1207
8997
3740
4584
9679
2422
4194
4988
7079
853
3382
9130
5843
2453
4147
4978
8769
2773
655
1884
119
9810
7847
1084
8717
8029
1623
5765
9490
2412
7328
3722
9111
7601
8510
1020
3473
6489
105
805
9552
7251
240
7423
1885
7735
2628
2345
4392
1360
7192
5046
1522
9250
8
8960
8843
9189
4880
9883
2097
3163
7976
1819
5455
1740
3809
3126
4287
5385
5554
4069
5067
9862
5210
5377
5241
5374
9417
6277
8837
6784
4898
9586
9401
5344
3423
941
443
727
9965
9007
4989
5824
9282
3583
68
5771
5549
8951
9008
6991
6854
491
4256
1622
1397
3644
6114
7674
5032
5629
8260
5464
445
1956
9204
6465
6702
1769
9960
1552
4153
8306
2078
1829
3760
3363
6980
6697
1811
7533
7019
642
642
1228
1076
2335
3551
5004
2654
7072
7365
1538
6421
6318
9282
5776
9933
6197
5547
4212
876
99
8284
9071
6591
9306
3378
8191
1852
9488
6682
6880
2937
267
8029
3674
861
9622
2529
7966
4320
4893
6465
3843
3365
7327
721
1062
8131
7718
8144
1113
3019
6533
2475
3557
5690
3094
5582
5440
1908
4908
6597
4451
1859
16
1254
4750
884
2362
2260
2874
7755
2614
1807
9999
6604
4612
5525
5959
4386
689
3068
9921
4370
7439
4329
2346
7590
7246
1822
2999
8367
9830
9170
130
7109
2404
2830
6697
3410
6647
9203
510
5153
5620
2072
6491
4797
4009
5997
961
2317
634
9685
9739
5369
3024
9655
4195
1182
45
8578
1934
1374
64
4538
1706
477
8937
7197
5367
1255
4222
4315
3193
5130
9466
7420
2756
3934
5133
8567
5648
72
827
1046
864
5720
6811
5674
8392
