8395
2840
2318
5360
3036
6755
1264
4728
970
5396
8019
6856
1038
3749
7740
4698
2391
5122
9469
6137
327
6289
4478
8464
3197
4884
9046
762
1651
2673
3935
3401
7939
7016
9404
8905
2158
6837
8969
3871
4437
8708
7314
7321
6855
3284
7799
6901
6589
2262
2785
677
2237
1265
5668
8925
8589
4626
6953
7282
1178
3900
7942
9888
902
3132
4706
8760
704
384
1878
3499
853
6842
516
3704
6731
1949
6773
4919
3170
5415
8466
7848
2385
4744
4733
9673
8346
9918
9946
5794
8991
5305
6788
86
9167
2492
4987
1846
1346
6767
1569
8014
8251
4276
5715
9964
1367
6485
6283
5171
1957
3524
2908
5415
6725
8240
2214
4841
8513
8310
9117
3118
3556
4680
9468
1262
718
740
4343
252
4862
8159
8192
5462
6062
2098
2733
3163
8693
657
6003
8860
9625
819
1292
1085
2717
5919
3834
8388
7592
7716
4054
1753
4283
9499
4946
9454
1760
5379
7731
6406
7569
4861
4313
5520
7859
1146
7273
4253
1926
6202
8118
5576
3066
5572
2355
8921
8015
1168
5585
3323
538
802
8237
1929
834
9121
7872
4329
1340
5772
6992
734
1251
3117
1248
9965
6602
7639
7568
1373
127
6273
4290
9398
5262
1367
5674
8256
1644
5673
1316
3439
5252
1874
6942
6142
4931
9483
6787
6531
8466
5657
9378
1834
5594
5443
7903
5661
2380
1310
3536
5636
1254
1390
5123
7499
3651
849
1432
5115
7684
983
2824
7540
1574
6255
7640
6195
4660
299
4843
7537
1726
8155
8576
9135
3119
3447
2111
32
2660
6047
8426
9423
7724
7886
2119
1250
1000
1991
2700
6127
1452
2593
2438
6165
2782
2178
2894
2741
1282
4756
3013
2011
1405
3280
8234
8067
6607
3147
4469
9043
5026
3022
2969
7169
4465
8852
2148
9822
8768
6852
210
4940
8181
6506
8108
824
9579
5164
5768
7324
8532
1713
5802
2658
4107
7950
7986
7728
9039
2801
4677
7679
2426
6328
2032
8660
9476
7588
4406
6289
2981
2835
9631
1139
4203
8311
994
5721
6592
4912
7718
6918
4434
397
9464
7574
9872
8494
1979
1046
6021
3224
377
2920
915
1115
3762
4819
6879
3548
9882
6235
2601
6448
1342
1663
633
4755
5553
1983
1365
4680
8998
970
5602
7601
2712
104
1796
5663
9895
7447
720
611
8488
9223
9899
4223
1244
6002
2483
789
3316
8853
389
9563
2712
4719
9547
7813
2126
4392
5854
3173
1558
939
4051
7381
9932
1193
8152
2142
481
8022
1292
1861
9046
6501
4881
7314
6646
2785
1834
8914
7666
552
6281
8179
2870
6197
2665
1262
2029
610
418
8924
4446
2341
6498
3253
6893
4237
7006
2557
7570
3192
817
2397
1543
598
2702
2515
7869
9255
774
6525
1070
1059
3253
3677
9986
8591
2534
9752
5138
2908
318
7182
1707
9285
6174
2890
8967
2445
3336
5984
8609
2876
9728
6490
3761
6269
9288
545
7702
8804
8498
7167
6308
2023
5693
6583
1041
2409
6208
380
9977
2396
4705
9296
2785
1517
7128
5319
1833
8683
8657
964
5685
9151
746
80
3112
2662
9894
1352
5469
2417
3111
7776
2765
8116
268
2826
4106
93
1430
6762
6306
5752
8122
4598
5420
3960
1034
622
4697
7831
3130
3005
9047
1426
6307
6100
479
1291
1845
7248
1179
9467
9684
9625
894
643
9294
2500
3116
2433
5314
5602
212
4447
4490
4791
1055
8756
6499
2126
6001
1641
192
4600
3134
4103
8498
2296
6548
6516
9783
8547
2179
1000
809
1773
9179
3637
6604
1120
5146
7483
5526
5769
1693
6477
3608
829
2728
9806
866
1109
1637
6082
3667
7729
5101
6744
1484
1552
649
8526
3411
1694
2302
5531
9659
7013
3598
2469
5920
3386
187
1981
3965
9866
4747
590
143
2308
5477
9812
4525
3989
5661
1202
7390
8875
5842
6737
6445
4709
2097
8812
7737
9904
3517
7334
5542
315
9587
4950
1718
9441
3419
5258
2949
8304
9959
3016
5129
9345
9244
9817
7717
2028
3502
3474
7322
6530
3518
4464
9005
5891
4021
8147
5817
6293
83
7231
1959
9779
6501
4931
2601
3629
9987
5659
3890
5874
9593
6692
9957
6966
4265
1245
9843
3524
7680
655
6175
1207
9579
962
9162
322
9714
7067
4000
9517
5196
5886
7160
77
4576
8413
7167
5758
2280
9460
8481
817
5175
2994
2869
1991
8983
445
1265
8511
6017
9139
524
7948
7294
8096
3722
4656
1459
8845
9672
1905
140
9593
7201
8406
4395
2144
2376
4857
9702
2279
2374
6401
7584
5966
7956
2415
438
5732
7621
5957
2347
3805
432
1334
2772
1219
1230
9790
1875
4975
1500
93
5938
8569
1500
2928
8851
4727
4421
5438
948
2996
1364
4987
9637
9043
6648
9299
7173
6923
6626
3460
9734
379
1566
2996
8490
4342
9402
6194
7751
3145
2177
8159
7503
7745
894
3725
7604
220
2099
6253
8784
167
71
4608
1180
4288
1711
1147
4632
7383
7378
9443
6181
281
9817
1625
9317
7796
5055
1731
6387
7720
3665
3259
287
56
8196
6239
4053
4243
2676
1557
7314
943
3119
8036
6674
4112
3739
800
3062
8566
2168
7857
2843
7980
8421
5480
1040
8403
6541
1976
4428
2718
4940
3761
9431
2232
1253
7226
4790
2581
259
4866
1764
2481
8820
4356
5284
5509
150
4811
7914
7052
786
5373
4743
850
7572
7397
1391
2138
8678
3042
9203
7289
2233
9878
1418
3090
8498
3197
1570
2283
6665
5216
752
5866
5354
3039
3465
6781
6679
5338
2739
4092
7326
1082
3982
1520
6551
2302
3568
9296
180
6902
2568
3694
1782
6805
8221
4326
7013
1371
5769
5273
4787
5925
1066
2521
9452
515
53
6767
1372
4523
4593
7648
9494
8689
5452
2731
8336
7220
2266
2159
3589
9209
7235
7784
5067
356
3955
3801
3078
3117
5349
4445
4470
5851
4936
3128
7577
9242
3850
6572
1081
1382
1937
6932
412
1217
5051
4685
6724
3782
2198
5162
7709
9621
5616
1975
6559
5091
4024
1340
5237
9907
4321
2275
872
3151
9814
9041
9606
9282
3712
3797
459
1183
5035
9450
2930
8196
394
4905
5955
3239
9123
7557
2536
4620
1161
732
3965
4960
6777
7015
9845
1757
4707
1919
5339
1545
647
6203
5012
2369
1140
9264
3450
7337
8856
540
6428
5366
4027
581
2822
3965
3368
8583
6689
2837
2193
8545
967
6432
7654
1941
9132
8179
1005
817
8770
9069
4652
1562
1542
8487
5365
6248
7288
5780
8473
5417
6122
6873
9138
3430
1299
1477
5858
5127
7342
2875
8247
404
2473
4130
5838
1565
1757
1627
7149
6799
7492
9342
8592
1987
6406
4937
936
2203
8989
1858
6966
3709
4876
9964
7773
7046
9655
934
6639
1893
2656
3628
8908
4784
2356
8969
3404
1460
5863
3442
5972
6686
1620
5320
8551
5685
9951
7913
7808
2992
4345
9712
5820
6503
7504
2189
1546
6752
75
2154
5903
4068
6713
7106
5150
9119
3701
8787
6971
5610
4636
2303
1172
7395
5938
5560
2210
6115
1847
6569
3932
9616
9418
4162
7826
5881
7578
1091
4852
1960
776
7122
7513
2489
6943
3754
3171
7783
1546
1484
1854
7208
4360
5171
1773
9543
3255
2976
3623
8404
9769
9600
341
7439
4536
5095
2481
6967
6734
6412
584
1018
632
9999
5032
1304
4057
280
736
2565
8130
651
8709
1941
4976
739
9086
3548
286
6102
489
8267
574
4304
8738
7922
784
4343
3892
2462
6480
4783
8339
8565
6288
9630
242
8144
4482
9970
6008
5651
634
3711
2688
3785
3136
5378
6176
8234
6013
2850
3934
3417
3988
8164
1583
2846
9000
5074
1168
9688
2501
6924
5138
5387
1783
4557
4176
6787
5288
5517
8892
5103
1428
2549
5089
3295
7760
1583
9821
1937
2558
6770
777
7487
8787
2912
4683
1046
1271
3677
1332
131
1469
7343
8635
768
664
530
639
2323
1624
4340
4869
2833
812
6650
7505
8396
8095
8922
4978
6104
8552
5809
8316
6440
1473
1108
2279
7634
4922
4141
4710
1476
343
6531
2827
7346
610
510
2237
8819
6645
6404
1336
5088
2262
8732
8474
7671
4269
7483
1742
1398
5002
3574
1594
7490
7464
5206
4634
5733
9016
4945
2840
2155
8184
5659
6276
8461
551
7186
8896
9488
3948
4548
6444
5420
174
2879
2631
6159
348
3821
4814
6305
3662
3087
3181
517
4769
9132
8120
698
3344
8440
8867
8384
454
3778
2811
8017
282
7981
8897
9355
2502
7302
433
174
109
5181
2356
3639
9896
9405
5459
8232
7902
3049
5445
1980
172
2353
7806
6854
9921
2737
445
3704
5830
7513
4750
2829
2590
2562
2391
420
4078
4212
9474
6460
1535
6865
1930
5423
4025
1566
5973
7115
6076
6597
5331
1336
7915
6450
2548
6718
6980
6086
5139
1022
5502
3261
8607
7477
7864
2852
7433
9325
3181
3662
2004
2633
3072
9928
4176
5651
1959
6944
6643
1519
7392
2566
1633
9955
877
4189
2575
2728
5465
3768
8324
7156
4989
1890
3308
1664
1224
5537
8502
7523
9487
3195
7565
1273
237
5278
9619
3076
4085
7433
5211
7245
283
9246
4772
2538
4258
1096
9575
1475
8025
7473
3585
9869
8437
5937
901
64
2131
7077
7529
3939
2765
2338
8141
4661
5688
3362
8131
9360
7513
8633
8836
8431
3272
643
9070
1029
1760
9528
9288
427
513
7191
5618
7417
5433
9299
9772
4679
6512
1215
7422
141
318
7920
1998
2762
1966
7304
3082
9860
4132
793
8559
1155
8344
5242
7526
1033
4267
5244
6590
7161
5972
5591
5630
585
307
9439
358
9691
1378
8988
8089
8003
6909
1898
19
3698
6743
8542
7992
6924
1163
2262
6264
9543
6814
7259
9091
735
1028
6479
3082
1090
1136
4909
9240
7230
3938
2077
3356
8817
1942
1237
4968
9871
7193
1678
4544
6728
562
4957
5678
5681
4223
5431
4142
4365
7697
411
8445
2310
3340
5516
7176
7692
5420
6332
6879
9322
8066
8390
439
5160
1239
3616
47
1231
652
2937
707
7732
7084
1514
9909
2327
2874
5185
6651
4147
8578
4167
8267
5845
726
2755
6687
5238
2417
1885
6691
2487
2093
4707
7470
3567
2243
4099
5396
5872
9024
4946
274
7180
5832
3391
9554
4925
8686
9850
4985
8767
8978
2510
4020
5750
9621
3293
3919
4021
3890
8810
9932
8042
2393
4711
211
5476
2490
2997
9184
3557
6234
8390
7982
618
7434
1618
5232
6686
5787
4637
4029
5564
6226
5202
1215
9677
4549
5987
3250
8085
6267
6458
8870
7543
4116
4129
2539
6275
1195
5459
4212
182
828
5694
374
1645
1365
1211
8463
1767
3928
7591
1829
7938
3826
1536
5197
9938
1811
5033
1223
9451
9634
5669
7190
9823
5497
7936
7157
5154
8870
6488
8935
448
904
3842
7142
7389
6198
1805
3318
3562
4030
8040
1551
6456
2330
6602
3413
7414
5659
4035
9135
4850
9234
656
2888
530
4663
49
8811
7456
9446
8450
987
3025
1540
9702
4957
6488
2341
790
570
5488
6250
7540
5944
2454
2702
42
190
7978
6982
2578
8121
4946
9452
3394
3676
4174
8937
5526
9995
9536
4889
1079
3206
8217
4732
7846
3816
9567
7284
8946
4344
4280
530
3323
4305
4140
2191
7312
4010
1407
4489
5302
6746
6070
320
502
4880
8664
6646
5259
9173
6108
2322
3994
2164
8129
1822
871
5874
2218
3344
8577
1267
5781
9658
4244
1940
5200
2697
3444
7288
2802
8387
3471
1089
4445
6501
2629
9841
2350
1428
3178
1484
103
3642
1704
9186
9334
8427
2227
6781
476
7908
4147
2121
3234
4825
9229
2127
5899
1644
9302
8642
6498
6564
9047
7333
2913
8791
6337
2817
3563
9039
5943
1960
5022
7640
1117
3878
8036
1878
1534
9526
8802
6177
5412
5989
8070
3677
8222
580
6685
5346
343
7674
2486
3273
1264
6855
171
8108
8486
4380
2660
6657
5142
1238
9786
4621
1554
155
7739
1143
2405
768
556
6410
3059
6908
3203
879
5631
2410
4293
4877
7876
2241
5324
310
5696
3809
2490
1989
3121
9320
6558
4694
1991
3771
6097
3520
7255
4762
9413
9266
2770
9680
980
7671
6837
3019
8818
1163
6278
1591
350
4440
2826
8234
5558
697
5834
5218
7950
3583
855
7043
5783
1096
4529
8543
8281
1527
2391
8303
4156
8295
7698
9281
2673
69
6194
8218
664
4892
3843
2920
2476
2238
1988
1850
3635
4865
7155
3558
3166
3146
754
4471
4005
8155
7314
2279
5651
6198
8572
8763
8367
6713
4717
279
3573
7503
3411
6307
842
6113
1814
6481
7888
3840
6790
4370
6317
9333
3696
1852
2518
2033
4723
1447
80
1813
3625
5162
7357
83
4859
7537
1404
9372
1640
7406
7434
2909
9235
7640
1101
3114
6931
4608
9505
8053
4551
9433
5602
7893
7124
1251
9876
9195
4387
8627
2595
3467
153
9044
9736
7838
271
7954
5757
9923
6884
8255
6802
6001
1018
8279
8624
1482
5139
1346
4550
5288
2244
2813
138
5289
8311
1127
2834
172
480
7890
6904
4282
4205
8157
6173
5848
8797
6299
9709
5747
2292
4622
8498
3518
3348
1642
4322
9657
29
4419
5654
8434
2751
4691
9136
3398
1405
1657
9434
8585
4729
5230
4673
1991
3394
2327
9446
4345
6905
5345
2506
5391
8460
6340
1593
1963
1184
2652
3625
6992
3788
9686
4459
6221
3628
4435
8790
9916
402
8915
7397
133
4237
6162
5916
203
7844
2690
6588
2027
3552
372
2019
8492
2554
7619
7888
2855
5495
4390
9770
4306
647
8110
7724
9093
8361
7871
1192
9534
8220
2456
5848
9088
8368
3622
3542
213
4880
9900
6234
3178
2692
7697
4913
8217
8635
5882
4894
465
1389
7245
9595
6946
2827
5216
5924
7579
126
7062
5747
7624
8268
5406
9551
7286
8134
8361
394
5306
6230
4845
8476
7285
8289
5697
9312
6188
479
3105
1307
2067
8750
560
1831
336
8988
3057
4359
3157
8051
2581
3089
6419
8521
7050
5632
5620
8077
1855
8785
7563
7721
1860
7221
1160
1825
8336
9966
9919
6902
9653
4988
676
5375
6789
7890
8040
5174
4678
6753
1626
5973
8287
1500
3692
8092
7920
2807
8042
655
1699
2547
7169
1477
4438
5036
3558
2308
1186
5914
2741
9582
621
3444
299
2605
8145
5156
2318
8260
1074
1358
8976
3701
8600
5819
3945
6302
7379
3115
8046
3127
9508
1568
4221
613
3443
510
2295
8786
9960
655
6241
3379
4666
6803
3672
3464
5747
2779
7177
1902
657
9561
9754
773
8279
8868
2082
4256
3717
6144
7673
6939
1321
8832
3029
6436
7826
8103
3868
5353
1531
4809
5189
9158
5353
3293
2508
3289
1275
9963
3936
4983
1218
6984
7937
2716
4693
5359
9596
8912
6729
5760
8996
9605
495
9961
8932
8141
7833
501
5576
8660
7459
1285
4972
9114
4985
7225
243
2869
1118
6759
9276
2559
4389
7088
299
9808
2601
8315
3248
9655
2813
9333
8121
9096
3113
5257
7594
5008
723
3467
134
7925
18
2948
1522
4591
946
9463
7275
4076
3024
7357
5800
9308
2606
7280
2280
8335
1424
7985
6253
7368
2549
9471
1676
720
5878
4242
6819
1100
8976
3198
2799
7442
720
2785
3753
6403
4536
412
8711
8003
5253
5871
5088
5477
8575
7510
6355
4352
5020
3258
1956
6007
792
8242
5810
6513
6517
2701
854
2459
1012
6178
984
1594
1341
6569
8487
7664
2313
5490
4614
5598
8225
4639
3256
5328
7229
1380
2906
9945
3963
5583
15
6668
9259
3909
7682
7119
6682
2219
7196
6804
4395
1527
6378
2357
7446
8027
7892
9100
9924
3107
2740
797
8670
5006
9008
8086
197
9748
3585
1985
316
5382
5087
4165
1616
151
9461
6174
7345
2225
5899
5729
1556
5862
9568
9315
4414
6503
9406
6878
8451
5148
3791
6161
6282
619
4198
1387
2760
6824
7191
3395
4906
965
8003
6099
1066
7801
4813
7197
6705
4533
1379
9398
7999
644
7153
2167
5964
7130
8176
2927
3241
9946
9149
1008
2864
3220
6884
7224
3323
8785
8032
6902
7101
9950
9457
4433
438
9065
7902
2967
585
383
6725
3745
3014
2036
1370
5736
5181
3489
1985
7759
5252
7766
1131
2053
3982
932
6884
397
5369
4866
6800
1305
7083
3176
6179
9559
4775
4256
4879
7414
5332
9979
499
170
2896
3252
2207
7484
8039
2781
8686
5792
4882
8777
5725
6534
3116
9051
3835
9454
1928
976
3934
228
627
1120
9626
6875
6419
1023
7881
9999
3221
4534
6049
7736
6649
9414
2024
7513
9431
3487
6129
3174
8316
3536
7835
7858
8308
3342
7746
147
2536
5790
5496
3382
6371
2811
7155
5857
2603
6076
1520
2602
349
811
3313
7867
4208
4907
2673
1085
1689
5541
4602
8099
6355
5965
9032
3726
1314
5824
2059
1372
2700
9362
1535
328
5599
7252
5711
1630
5535
9416
1881
8907
7041
8159
3125
1543
7143
3227
5119
3623
5611
2989
1753
3640
5761
8829
7789
6773
9253
3065
9202
3619
5861
4221
6958
6732
4508
7327
8006
9038
4988
1067
8015
6282
749
8061
4021
9003
1880
9340
1555
8225
3991
9161
26
3059
3093
1713
2230
7699
8758
6969
8647
9921
7856
8980
4899
3126
8990
6225
1200
9221
3389
297
5930
172
1452
6168
1550
1934
5409
4530
21
5673
7637
4333
6594
7640
1042
1504
5376
911
2628
8073
7469
9297
3880
4438
2588
6169
1903
6352
8084
8685
3405
7355
5091
974
9554
6846
74
8175
3497
3759
1530
6943
3901
5895
5786
7003
7271
5367
2883
2648
8976
1331
3398
2705
7953
2180
9719
2407
2850
747
762
874
8031
7692
7411
3431
6290
214
7080
8912
1403
5516
9678
8216
7705
1015
4025
1933
5754
6224
3293
1623
2880
4412
379
1482
4876
5686
9324
4532
451
7001
6830
240
3178
8695
8745
8510
6619
1685
9987
8374
7091
4170
2769
8385
5062
1808
7253
9697
612
733
771
2155
534
8484
6627
8299
4701
3932
1136
140
7121
3669
8060
8821
2761
8913
2883
7790
4633
4008
5446
6033
6939
4828
8433
9065
9107
3000
867
1869
2453
9767
358
9805
5900
1510
5186
602
9689
7491
7459
2995
6345
9188
1583
5309
6289
9785
8046
346
1450
1809
1154
1298
3958
685
745
7106
8618
2094
2150
4652
7207
1389
5706
9508
9853
4040
6981
6563
3776
7142
1543
6784
2450
3295
3567
6623
8950
9872
5882
2134
5618
8630
158
715
8498
2876
9844
9599
9043
2038
5202
1698
7464
6336
9327
6212
1839
7496
6380
3527
4532
4968
8445
1380
2886
938
5400
1981
4198
1581
2955
7876
6014
6473
7660
7663
1468
2834
4049
1389
6025
6387
8370
9436
6318
5993
5339
8009
4017
4968
9247
8957
7631
7964
8405
1601
2997
8697
2373
9474
8845
395
4744
5444
7245
7839
325
4551
43
7141
4486
5081
1429
6972
4184
4887
3696
2876
4705
1771
7918
4504
3502
3882
3804
4137
2710
8469
3299
3698
4860
5136
646
6603
2134
2744
7551
270
8090
7517
5879
4882
2198
3555
1865
4068
1783
5990
5201
3604
2980
1287
3588
4900
2173
8846
8310
1112
2067
2971
9254
5029
2001
4517
8387
9528
412
7104
9199
3390
8465
3623
5829
7496
7771
4971
9716
9055
1852
4426
3450
4384
556
7893
1242
3992
8956
2355
2896
7234
7470
2318
3544
7654
7883
6759
4475
4254
760
7155
1389
8445
3346
553
5149
1136
3449
279
6659
9588
4050
937
1911
8986
5404
3612
5415
9446
6271
1822
260
5173
3569
8705
852
8833
220
1159
22
857
4248
7219
5653
344
8316
8812
3218
1513
7758
3232
9697
7259
6944
3149
1239
9222
8319
6785
1611
2052
5818
7016
1014
8025
4541
570
5129
7036
1538
6253
2436
6131
8334
4190
3754
2202
4456
6420
1747
1261
2617
2895
9679
7769
438
5895
8116
7926
666
207
5453
1510
1635
6008
3144
7918
2457
6353
9377
3359
2855
1378
5510
7816
5849
6923
8089
2379
2650
6113
5492
9778
2965
8652
2325
3589
708
4039
6591
4429
4620
1763
4334
4724
5652
3622
3981
7116
8153
762
7920
5439
9860
752
2006
1332
6500
8115
4586
4022
391
5037
5468
5592
8877
7717
1757
9127
7630
7792
1913
2543
5914
7560
1569
6594
5752
2377
4652
1618
4597
3522
1182
3873
1600
40
8744
9001
856
8694
8106
7106
1087
6946
4662
1203
183
5147
6519
8396
4714
544
6872
1033
9082
7564
3042
3305
6323
5938
7056
7267
2759
644
2958
1130
1658
5432
4194
1779
6851
4698
345
2974
5870
6903
6244
445
3586
6347
8104
5176
1537
9176
636
6603
5202
3736
6359
8120
1316
5061
3315
8352
9983
8182
196
2971
1835
5209
8558
3483
8770
6666
232
1380
7903
8470
4283
8336
2286
2082
1981
5687
8669
6890
89
9367
2140
662
2498
9667
9804
6041
7745
8707
851
8491
5266
2361
8331
3823
6361
7520
8746
1518
6830
27
9182
3412
6957
3432
8092
5986
1118
3747
5112
8527
3670
832
7298
8692
9957
2735
4037
1662
1316
5322
557
8987
741
5890
429
8461
1539
6117
759
6942
4739
6611
9848
3891
2267
2680
6047
4575
2009
8442
8226
8391
7709
4376
2853
9573
1410
1564
9998
4640
8614
4440
772
3410
6668
2684
1676
8123
5027
2047
7121
8278
1990
3361
9990
7165
6251
8771
1544
9751
3198
4294
6164
572
5265
8225
3504
4586
2851
5630
458
3571
7305
165
8015
5580
344
5824
3563
5194
4843
2860
7477
7905
453
4079
3954
2783
3694
9997
9947
3818
6305
3922
2800
1765
7467
933
6715
5176
5247
7947
539
1381
98
5564
4525
5658
8594
6261
1708
9513
8684
7609
299
7120
8733
3682
7149
2283
1345
2600
8709
6985
9554
3213
5166
6596
7348
9361
5461
6092
8691
5847
5763
6273
9209
6268
1624
8908
2545
9233
4536
4946
9005
6080
6874
531
7570
244
5351
1391
3625
5628
1991
7383
3793
8984
3379
5443
6184
9153
3470
1018
9047
4278
2614
5169
3319
6581
5592
6952
4900
3178
4464
8462
612
522
7806
2934
7743
9534
6514
4716
845
8289
7781
3569
1024
9151
3073
4756
2333
7717
2968
712
7107
1592
1593
9664
7045
8076
6031
1536
9716
1156
1579
1700
750
9870
2006
8703
465
2060
5075
2950
9915
9801
7516
9538
5427
5392
333
9882
2573
9701
4922
3634
233
7839
2772
4469
2894
707
6739
783
4676
4757
9822
5046
1689
6481
8184
3672
289
2610
8759
2562
7558
1751
8196
2235
6884
8318
9128
389
5938
4975
1788
9087
6517
5553
3856
8362
5734
6407
9077
7958
5868
524
5669
4203
5811
5358
8850
9521
505
2289
7887
7996
6025
2945
7008
1559
7006
5133
1235
7881
56
9107
2749
2851
1422
3048
735
7630
9750
5191
7836
2726
5058
8867
9310
9261
3201
5877
6800
662
1041
3066
7183
6371
1302
6759
8442
2878
7659
9802
8681
6330
9991
6342
1466
5314
6941
206
543
2020
7912
3763
9609
4910
9467
5476
8337
6275
1735
6022
4117
3619
8864
4810
79
4676
3833
1001
3912
2039
1986
5722
8665
4889
9575
5080
6316
2109
3241
6770
7213
3188
3935
6619
3661
755
4044
5240
3920
1330
9662
9105
3660
8918
879
4833
5525
9466
1721
254
3874
2873
7938
880
997
3222
5250
5856
3140
7251
2816
3131
9536
5639
6743
9647
5295
1683
6244
8664
9489
7121
700
3001
3062
5470
9332
9933
7291
9063
6450
738
2446
7207
4293
5524
8026
9321
2404
1818
486
8768
7137
3627
1715
184
7432
6234
1722
5555
3303
780
1919
2020
1618
1876
1222
7454
9708
930
5777
8250
1094
7658
4525
7378
9186
2329
7072
9830
4210
1703
7352
6837
5803
2324
6424
9879
8732
5869
432
432
2011
2571
5208
1648
2326
412
7299
3705
1131
9713
2319
5470
1031
5062
5410
1236
1133
9060
5359
2867
2963
5320
3432
4420
8191
1315
362
8476
6971
5245
62
833
990
4879
6663
2951
8464
536
2209
9597
9268
8776
5996
2521
7153
8190
2918
9657
2556
3742
7443
3349
3919
1525
1861
399
7605
1508
2312
1371
6536
1863
3763
6495
5468
4825
5575
771
6487
653
2614
1426
1725
3261
2935
6757
1584
8330
2004
6555
5809
2321
5149
809
1630
8702
4454
5207
7929
5915
3699
9049
6839
138
5074
3633
4556
4725
4409
6914
1256
7370
7421
3297
5950
5501
8118
5782
5890
174
1881
1386
1701
8837
9998
9722
8786
7738
9456
8968
2775
5448
1640
3033
1777
9999
6287
8700
1022
3505
2478
1730
6125
9725
6773
6510
9633
2057
9690
4650
1790
1664
5637
4164
527
8082
8144
2328
7551
7507
1783
2128
7137
7203
4508
4330
1697
7993
9316
4646
3565
617
2129
8179
5525
5919
3546
1442
3605
3262
5766
5558
4373
6353
2356
2966
5588
772
7797
3951
3400
2841
5769
8591
1534
5260
9986
4380
7857
892
9070
9678
1593
2458
7423
8404
59
2541
7340
1933
7241
5260
3735
48
7808
8258
1738
3945
9217
1211
9164
823
1458
5016
404
1353
8670
3966
5621
8500
9389
1792
9319
8523
2499
1280
5318
2806
4085
6295
975
2170
6359
4552
2069
3702
3557
9206
1215
3839
1308
7456
6875
406
5337
4726
7086
640
2577
3729
1887
1835
2766
8720
1063
6180
1433
6613
9350
1616
5804
8235
9485
6073
3619
5027
4628
3339
1090
8697
5573
4977
338
3986
4915
4216
8475
7564
9860
4538
268
9310
7733
7804
3758
5735
3402
4189
3579
9173
5813
8964
9850
487
1612
9180
1424
7514
7468
6714
1097
6252
9070
2795
6892
6863
4059
3142
7974
1999
8163
2131
5890
615
8647
9045
1899
6533
6907
9383
8933
7288
2442
9454
2376
5482
3800
3029
7325
1817
8148
4712
1197
6267
54
5842
9693
1405
1801
5272
935
9852
2068
9134
7367
5980
7211
867
7452
550
9486
5155
9573
5804
9598
7236
8644
7679
6690
2047
1912
1257
7534
6050
4159
5369
8086
8291
4121
2344
4783
6210
3302
9282
32
6030
5560
7970
6153
7192
866
1565
4753
5209
9438
7509
3942
7579
3110
7802
4110
2930
9225
9711
4109
4468
8607
2266
3553
4947
3243
6498
3735
1905
1192
256
9133
8702
5910
1664
3910
9005
4744
8805
2902
9829
6605
7042
4624
939
2015
9560
4578
6532
9646
1159
776
8434
2236
105
9795
8759
1338
7936
895
3969
4739
2534
7820
1569
2592
5450
2681
5303
8304
548
4070
4631
8061
7316
1960
9537
8470
8880
5285
2248
5303
1719
4170
3335
7527
1320
7715
828
9920
5642
9953
7497
4430
6143
1155
3223
5162
4312
8984
6538
4341
225
4209
1830
6977
8428
8617
6428
46
5636
8600
4897
7971
4191
6458
6174
9957
4989
2906
2919
6264
3682
8473
1397
9942
4358
8558
4558
7713
5625
6715
568
8692
5026
3456
3992
2491
9080
3290
7075
8861
7874
1053
4110
9472
5097
9651
2775
8712
6690
5266
2468
4434
3870
2829
1204
1482
9181
4049
9412
521
7444
2701
1101
2195
7000
7001
300
1973
492
6890
3418
4168
8545
4842
6214
4573
4221
2407
7471
9901
846
1120
93
8805
935
5636
4408
3620
9318
8995
7697
4195
9294
4759
8647
5159
6663
8456
5312
5810
2816
1219
449
7443
4729
1813
8614
6389
6654
9340
5305
2270
5590
7834
9605
91
186
5682
8272
1634
656
7352
1034
6331
5465
2251
3958
4319
9098
5724
218
4674
4059
158
5287
9974
9367
9968
6682
4283
7330
2827
6730
5410
107
940
516
3870
7677
358
160
343
9246
3410
889
659
797
9144
3984
2304
2561
9370
6604
9304
1492
3344
8742
2945
5489
2447
3137
4265
8071
7312
4802
477
4496
3753
3050
1606
2877
592
351
5447
6778
2037
9208
8695
8977
9562
314
9596
9580
3487
2709
2773
5568
2351
9396
30
2939
9031
9935
1895
7125
6115
4880
3400
2122
9487
5650
4181
3829
8279
7369
7361
8561
1423
1552
3890
3326
5847
125
8999
566
9068
2185
5273
6342
9378
170
2473
7609
131
2649
7680
1209
737
6821
593
4463
5880
4994
7911
4825
6213
5802
7560
3999
8325
2728
8285
91
9112
9628
2595
9910
9873
5359
1384
2380
8423
7399
6686
3163
3286
7358
4977
50
2669
9678
7174
8473
2308
8496
3083
6563
519
6623
7411
9575
5810
4931
1654
4239
2299
19
1211
4588
800
2989
9849
2182
8970
2400
4327
5269
2152
28
393
3423
7694
8901
7670
6430
9408
9324
4971
8820
5583
15
9511
4323
3500
8372
3159
7742
5738
5924
6380
5268
8754
2527
5856
8092
2167
5552
4893
8325
8002
8398
6684
698
2700
6028
9236
8290
1193
3904
7364
5615
1488
692
1530
7811
316
4414
5502
373
5201
6343
4806
9908
6012
6878
5803
2719
9512
2860
808
4687
3715
6367
8157
2874
4982
885
7365
6540
9675
1934
8593
2873
3939
5721
2544
618
9719
1211
1570
2996
2456
8105
5326
9864
6100
5659
4585
7849
4028
5032
5011
6401
274
876
8570
7126
4050
6287
4101
3555
1982
8890
57
8597
6702
4843
1873
7312
7462
1839
3591
3356
8332
1806
8369
8492
2154
8959
5361
5864
3952
9051
1039
9428
5758
1294
1531
3841
5935
5228
8755
1447
9980
1039
7244
5527
6528
3300
423
1929
1824
4930
4779
4369
8266
265
7927
2249
7796
3598
1830
3658
8912
2244
5623
375
6838
1301
3400
6165
9999
585
1111
4422
2386
2946
3262
6312
591
7151
4518
5954
6364
7809
3490
4917
367
9465
6010
4303
497
1889
3013
9049
8610
8860
3769
5720
2767
3277
8689
2036
8235
7309
7147
3633
9393
7485
4859
1171
6418
1098
2244
8794
5157
2131
9867
3135
5967
2003
9614
628
7451
2897
520
9699
4004
9137
6349
3547
1880
5181
7963
8734
7080
7130
7243
4529
9789
8351
954
8063
4318
8810
2282
761
544
2008
4996
2202
2684
3037
182
8616
3942
6196
8330
4530
988
876
190
7766
584
9942
8238
9914
1719
5747
6894
6716
571
5064
3655
5351
2317
5738
5249
8549
3371
4653
2551
8638
9973
8732
5564
8173
4213
8133
5067
7638
6576
3513
657
4848
4853
7337
5885
5153
2892
2528
9924
6304
9069
487
1794
6967
3585
4448
7535
3214
5738
3507
2947
3086
7183
7210
4488
5327
4835
584
8774
4709
7581
4695
6748
3053
4222
8382
2027
1986
6199
2710
4201
766
7565
826
6943
83
6375
2433
7639
648
6241
3880
9991
3610
4118
1994
3513
8333
578
2218
4186
1939
1800
9345
8675
4154
8282
2213
441
452
3910
2090
9846
6287
408
8148
1946
5269
6448
2441
5010
4565
7716
1081
32
1483
4090
7958
6499
6269
2779
2252
2509
7443
1693
1240
7958
7670
5676
5471
7959
131
9268
4228
9946
7618
3637
5388
1941
9167
2008
5296
1383
1972
7481
1056
3608
9478
9477
9773
6567
150
208
6713
3696
5178
565
7082
6
7593
5587
4191
7367
9688
3299
144
3772
433
7100
3857
7887
9652
1131
5220
4617
1151
86
3520
9604
2661
9778
2853
562
6522
2443
7200
1218
1354
1247
3069
9211
1616
1739
8178
2807
8912
4117
510
2486
6179
9071
3253
2587
3499
1700
7656
5033
2140
2551
7595
1893
1679
2172
6805
6018
3570
5737
2139
9343
3353
7281
3968
6535
2864
8886
7903
7674
3256
8729
352
7356
9432
3371
4172
9217
6551
3835
9589
4253
9705
2114
9942
8494
8554
4574
1375
618
9724
1382
546
2910
1145
6598
4689
9594
4117
1809
3877
5022
883
7346
6249
470
7748
8987
3117
2349
6381
4824
2369
6537
8825
6474
5398
3219
4971
1188
4894
4156
4755
6587
8289
9606
1200
7701
4353
5250
4544
6811
8543
459
2200
183
6022
7948
4018
2187
6
1477
7463
6555
7034
2619
2667
6533
106
9823
3072
572
5227
3006
3388
7841
6840
4737
2910
8346
2869
4696
8931
5708
658
7550
1905
6774
940
5655
1323
1148
8184
7043
8836
5449
2130
6050
3065
1645
7158
8656
8746
6185
3221
7078
1396
6784
4543
8511
7501
6726
3
1046
9406
2324
2179
5717
3525
7771
414
7414
282
3067
6932
8959
4266
4890
4037
2029
3499
7356
4723
5814
7419
9450
8648
9284
4212
8574
369
5805
9450
5150
6951
9423
9670
1488
7646
641
6458
9257
9192
5718
8914
3782
6477
7637
4920
155
9787
8747
4574
5648
6682
4784
2346
5308
8658
7502
8026
2761
179
8445
401
6223
414
9544
1725
524
6067
7157
5514
9545
7060
4943
4984
9895
5502
7514
4523
5853
2389
1222
1997
7686
5767
603
5401
276
8722
9037
3392
6652
5479
9983
5582
1534
9164
812
5104
3247
5306
4663
2955
8494
1037
7063
860
3386
1153
3073
7034
5845
8650
7637
7057
9061
9194
6502
369
3002
6081
7583
1330
1181
4684
2968
2718
2833
3125
9899
8597
6461
8963
5010
3036
9309
74
9861
867
8735
1555
7373
6801
5688
9500
8177
9603
7534
6795
3057
8737
7325
5694
2690
1932
9279
6879
8724
3452
5710
4936
840
4481
8944
5761
2914
9049
2847
2248
7641
1137
2541
814
3072
1237
7557
2809
6372
3522
3279
1655
9842
7985
7826
8683
1721
5462
6742
8071
9624
7255
5785
4030
7615
5247
2951
1433
8845
2860
4430
4463
4444
1967
5640
6532
5953
5980
7682
8715
2926
4718
1627
3249
9579
2377
7891
3282
4321
5962
5602
9959
3867
7848
7382
3205
9241
2832
8204
3102
4435
6952
3145
4645
9758
2670
7726
9817
949
2560
6277
7442
2063
1590
8315
3072
4784
6252
262
8285
9375
7354
9994
1186
2754
2114
4712
7692
7357
343
8386
6170
378
8967
3655
6441
6732
8928
4468
7788
671
8566
9973
9624
361
8012
7222
2777
6925
9812
97
8988
4474
2044
4526
1103
459
1515
5560
6734
6313
6289
138
3699
6824
8745
504
6414
2889
2649
7131
8591
6429
314
6751
9128
8091
8811
622
4810
8065
7420
527
5647
7877
2027
5148
6024
6309
6009
7458
7652
5761
1309
4548
8302
6288
7865
4922
3742
3338
4315
4693
8904
1760
8006
3368
8375
3054
7742
1919
5542
5017
8385
710
4412
2971
2489
2522
7994
9560
463
6375
2422
5737
7397
1152
6519
9044
1689
4134
2414
6488
7840
8466
3949
8453
3406
5298
6162
6919
7973
900
906
5992
253
6391
785
5241
7911
7891
6041
6666
3575
7893
6744
4253
9636
4420
5709
1029
3898
3167
5929
2262
7922
9215
9999
5076
9997
9153
7987
4064
5058
1472
4532
9752
4603
2954
5561
1724
670
1446
9938
1060
9283
892
1617
7384
423
2759
3431
4240
3539
9155
4493
2806
9897
6776
9394
7997
5653
7623
8866
2907
2418
1911
8381
7258
5333
983
3280
2980
2147
3199
6464
5431
686
3727
7409
1854
6198
0
9332
9639
4560
8146
4714
5706
2091
2177
8044
4913
7801
6904
8662
9752
9320
7603
5879
5820
9454
4318
3169
7548
6329
6346
8165
6492
6457
2917
429
128
6672
9395
9526
2549
7856
4408
1800
9698
674
2255
5441
877
1089
6629
9901
5120
1354
6289
7553
5750
379
609
2592
8915
5909
3145
4609
2262
9762
4320
2003
7997
6558
111
3485
557
5807
2239
4260
2882
7017
6775
7172
6818
7555
2302
8098
2593
3410
5813
9165
9510
3716
4375
3000
4974
895
3277
6150
1840
9673
6818
41
4664
9797
6226
3422
3914
9321
269
1096
3437
7540
8053
9924
570
9285
229
4579
146
5163
4357
2348
3364
5556
2560
8373
9989
9710
4718
187
7676
5085
8496
3113
5337
6288
8218
6172
8433
7372
8269
1503
2829
6069
3071
8996
398
3587
4946
1802
3988
9042
3196
7739
1526
3268
2589
6169
9059
2796
7111
9922
355
1135
5328
7022
6312
1115
6966
7583
895
9045
6458
7068
1528
8688
8096
8308
1021
653
9157
1179
4902
719
1935
614
2816
8788
2926
775
5080
8719
7631
5621
5862
8112
2354
3871
2566
6277
236
9395
6941
8074
7309
6461
7221
1094
5803
2913
2138
3726
6162
3400
7078
2077
6253
9026
9802
4408
6131
9449
8204
2769
9355
8375
5367
2877
7365
3641
7838
4915
1684
8629
1483
9884
9856
2639
5521
8450
4892
4003
9455
1765
4786
1254
9453
6698
8152
4435
458
1072
4412
770
7810
8069
2134
6357
7493
2782
7082
8260
7224
8043
2344
9469
1592
1133
6499
2542
3183
7737
2204
6424
8210
4614
6818
4952
9553
7835
8698
4844
2308
9160
7689
5586
6960
9173
5958
3584
3098
2077
5841
8177
2261
3774
4624
7648
1911
1749
2314
9286
3819
2609
7347
8679
9195
664
6935
9949
9822
8892
3265
437
9084
1788
4144
457
9364
8173
6828
1176
2542
836
6770
1433
8513
9049
8800
7332
2546
9479
6855
6865
6104
747
9808
5444
7287
7022
5138
7265
6469
6405
9279
1711
9869
589
3283
3609
8844
3303
5125
1116
5472
6365
5475
5234
5665
3867
2009
507
9469
6921
8467
7346
4495
3712
8576
2573
2469
2175
1682
6309
800
5518
6464
110
751
4014
1487
3375
1295
37
6477
2509
3090
7124
6220
23
105
8013
9748
8861
7423
1071
1085
567
2444
9296
4263
4612
3356
1158
4510
202
3058
7962
9585
1162
8973
8114
75
9147
9151
4701
5131
341
2931
9140
608
6052
16
283
9860
8170
5313
5361
3547
6333
8105
6380
3718
4806
3222
3218
9180
3595
8762
2534
3690
111
9583
9837
5855
4819
8344
569
9819
6744
6140
4921
8761
2455
2961
220
9036
5182
4118
4202
1397
9115
2553
2284
7149
7608
8527
1981
1302
2998
7541
8076
1858
58
4585
2817
4183
4737
7769
6470
2132
4747
7245
4879
3009
8820
5973
2333
1804
7003
7281
24
1194
5247
496
2624
7743
3693
9935
8120
1467
9594
4477
8952
5441
2585
4590
5665
4522
2147
1245
7893
7382
4545
6433
1238
4061
9260
8139
2836
2026
2982
3614
2818
7316
2622
3482
3659
3784
7462
5850
4517
2676
4570
3939
3027
6810
901
2962
2761
8495
139
1984
586
7978
2251
4325
4454
9695
8988
5695
8867
6890
9094
2701
2173
1269
2891
5621
7154
3272
7058
8431
3932
278
6933
5923
2146
4595
5471
2475
7543
441
5097
9544
6664
9291
1161
9254
2132
5936
3386
9608
221
3407
4825
2792
1824
3494
6157
1791
7725
1042
6869
2126
9166
4395
3834
4889
5113
1432
2148
4460
8300
476
2647
9301
3209
8025
5511
7036
439
739
9580
5664
3580
7400
2558
1208
6687
7669
8178
8353
2696
8383
2543
4691
5733
4859
3391
1098
3169
4209
2817
454
6461
47
6100
4407
3377
3086
6739
3250
8023
170
510
7059
9239
5006
9459
7243
2404
7523
59
6367
4453
5160
8497
718
7018
8639
11
4453
7969
6807
8519
6352
7388
9988
7404
254
9998
8950
2241
8009
2427
7086
1506
9486
335
6662
1857
7557
7379
6135
450
7297
5299
4428
7924
7663
1951
9778
2211
832
2064
5345
5094
9059
3667
1077
587
1435
1681
1533
6635
3240
9005
2319
9354
8720
4574
3603
2135
4084
7326
7747
246
1233
4801
9555
5306
4366
5165
1819
2943
931
1875
5924
1311
5637
898
7095
7710
1213
1420
6559
5519
2454
2339
8359
3875
712
8463
6859
8108
4429
2304
2068
9783
7598
9652
3841
1421
2080
9669
2741
2413
1600
3176
4873
9505
4959
5984
380
7308
3476
7692
432
1731
3027
156
5530
1993
4168
4037
8742
4913
4768
6261
1077
8534
8364
6017
2635
855
7996
2012
2386
3406
9678
9069
1489
8712
1855
7928
9883
5341
7205
8066
3603
4106
972
9740
679
4309
5647
8086
6848
9394
5251
9073
8339
7307
3761
4394
7956
2012
1267
9944
2398
9107
8335
464
3286
303
3767
1118
1729
8639
3435
5304
6438
8741
8215
6854
8351
4172
7140
3885
544
6981
7898
1089
800
2943
495
6960
5610
9620
1536
2591
8646
3422
5909
9059
3736
6115
9896
1120
2267
853
4720
5964
7589
2752
2369
7149
4474
9251
6164
5424
9968
1082
7003
168
3104
5512
2457
7428
4814
9745
9958
3112
6163
3804
7241
2816
2515
9095
2854
2970
3633
899
7092
1504
4864
532
9013
87
2541
5612
8345
4131
7519
4961
2036
1220
4393
8013
3937
3404
308
7299
2727
3873
6571
6572
7517
3941
8244
6426
2816
1966
1803
3905
4528
1887
8594
2513
6464
5352
2290
4283
2512
8107
1854
6130
3036
8249
7615
8566
5339
1233
6980
6050
7104
4107
8020
4732
8603
9360
3738
5164
4165
6955
7152
4660
5910
1682
7503
6426
3056
1768
887
331
8280
3853
4378
3226
8520
8896
1335
5115
1389
3359
6983
1131
9936
82
7613
8305
7884
3701
3746
377
4649
6126
7506
3561
4488
8669
7076
1060
6909
8715
6607
4433
6137
493
8246
5403
5878
1474
4034
2622
1853
8175
9353
4051
8689
7769
6341
7143
9601
4773
5197
5775
7026
5304
3707
5059
9847
4943
431
2522
8212
44
5015
6949
38
6511
9848
4212
4275
4513
922
2765
4748
2377
2131
206
4967
8005
6514
6255
8693
1540
9942
6845
3217
8737
7659
8609
2363
517
1686
2995
3994
495
7649
4493
2486
8973
2809
7986
52
8802
3242
6136
2053
5821
6980
8883
542
4160
1693
3629
7126
4601
4
6489
958
2388
2893
2113
172
9424
1828
2002
5399
4611
3201
9006
2125
5259
4481
8727
4624
1928
76
6936
7924
8870
6302
5777
5876
2305
9121
552
2741
9174
5313
3156
2945
9728
7622
7873
8630
8323
7083
162
7463
8156
1198
9328
3824
7290
4938
1491
4884
5316
2655
175
9408
2253
2864
7996
1148
3874
4656
4435
585
566
3959
1478
8492
22
294
1030
2275
7601
9785
5449
1392
2028
8184
5271
1269
8256
8470
6270
6101
3773
1160
1369
9653
9416
1910
1574
9780
834
199
4134
6752
2157
4931
5403
7674
9128
7653
522
9294
4976
1744
1957
9329
8677
6404
4189
2046
1846
7575
2377
7320
7527
4035
8733
3622
1377
5785
1477
4461
3350
3631
7771
4719
5879
3361
3833
7980
2780
5292
2521
8482
1604
118
1155
1640
1024
4980
54
5233
3977
9458
5335
9265
6768
9789
7887
6307
4078
1050
4115
5674
9947
1240
3059
4188
5188
8273
8756
3468
2385
713
6386
8703
677
5778
5646
6681
3869
3601
5026
1487
7020
5019
6257
4736
8691
1304
9042
3440
8239
8104
2354
2718
184
2656
123
2416
553
2820
5881
6408
3309
8880
3111
862
8532
4181
5433
3077
7816
8694
3523
5631
6531
353
3733
1512
7033
2643
6707
4708
1711
3304
3021
7239
9813
8279
6820
8063
7424
7035
7775
1436
5673
281
6269
2356
8248
8738
6672
4499
5683
2117
8799
1740
476
741
8213
7750
4119
8354
1882
9464
4333
3582
6916
9250
8446
9215
6565
7520
6718
3069
9494
2205
7640
1477
5458
4046
5759
6679
2935
6935
1420
2331
2012
734
966
7142
8896
9886
5400
5280
6755
4942
5280
3562
1324
5659
9725
9704
8653
3754
7793
2941
6723
535
1209
8167
2256
9716
8447
7432
8970
8469
1525
8087
3796
462
8478
5192
3108
3036
6493
6862
1899
6965
2920
5186
5020
1295
3985
2054
1076
7643
3930
8778
6405
8062
502
739
8658
8037
6254
3479
6959
1555
8961
4608
8335
8290
8589
6696
8194
3893
2726
9948
5972
3166
7166
9826
5784
2430
3419
4071
5854
1816
308
5559
9879
389
2560
2326
8032
7027
5279
3738
5280
7792
9570
2267
9937
6190
1202
3622
5897
6134
1175
4099
7912
8694
4333
2908
405
2808
9746
8992
6848
6985
4485
6364
8516
3739
631
9369
8561
1020
3887
9423
9765
5200
990
7772
2100
8330
2274
4594
9247
8313
5206
3396
1635
4429
4486
1028
7198
2171
4379
7914
90
791
9376
111
1850
4099
9961
4667
9191
122
1309
2418
7460
7997
4071
7844
9092
1155
8047
3888
1943
4267
1520
747
3230
7696
1297
1574
1007
7280
1084
4731
6599
9136
8731
1807
8215
8878
6087
2935
8082
2178
8747
6142
2885
8870
6792
5404
17
5984
1774
2925
238
6012
9686
4692
661
5476
4398
4841
717
5444
1155
3559
7710
24
5114
5286
7881
1054
5625
8866
3550
7236
2977
8923
6794
3755
675
8250
5393
4091
2949
4266
7326
9149
4190
8709
5960
122
4235
8656
9267
544
1073
8674
2888
9896
381
8460
8686
5821
9563
7679
7518
4505
2451
9864
7436
9111
9701
240
6218
4295
9036
8106
223
757
8971
3026
9926
7567
9419
5491
6153
1558
2674
6937
59
2472
8660
1055
4172
9747
9054
8182
1460
1822
5905
7214
4312
1692
1730
4975
5547
3048
9695
1267
9157
9800
4466
8922
9324
8042
6584
2087
2447
3589
5818
2731
8426
86
1827
4862
4221
2416
3701
8327
4853
7613
3457
9234
4435
828
2412
1977
2561
7025
3513
8694
9447
24
7146
5534
6576
9286
2736
1570
8296
1386
3551
5393
3792
7522
7486
6478
8188
584
2355
3267
6119
5358
214
7570
1094
3197
1605
5377
9144
8208
7232
7447
5892
5357
1560
9167
1968
2258
108
8072
2942
5375
9772
9139
6387
8357
9449
2551
535
4830
6400
5909
6077
550
2376
3120
5108
101
2293
5089
8950
1475
7476
3196
9652
7814
4879
5100
8337
9353
3516
3848
7224
178
9402
5504
1183
3795
710
7523
8970
8701
5550
9977
3886
164
5836
4402
8590
7242
1998
498
8976
4692
4982
9218
7639
7889
3929
1888
8277
5112
208
8898
8591
5644
1046
8268
723
4008
8928
3875
5076
367
6133
5563
5496
4612
7288
8427
1205
6994
6699
6638
3640
1294
1326
7886
4395
7465
4741
8174
3830
9439
2222
3086
8615
370
2159
888
439
1968
4406
4873
7451
6770
1888
7187
4591
2214
7825
4063
8928
3185
7248
2874
1346
5379
8153
4666
6480
5206
4584
1995
8686
3307
1236
754
2992
7730
6718
6434
6476
9793
565
9809
7339
275
7255
4353
6042
6153
9049
7911
5310
8367
8284
4086
3559
9291
8905
4612
9356
4464
6514
2586
2882
6978
5924
7848
4062
4399
5380
16
6014
7578
6924
1744
6767
7819
3161
4603
1850
3945
1670
2666
5229
3593
9649
4349
6378
3711
3052
1358
6772
3675
6407
4688
9994
710
1808
1533
5812
1377
8153
3717
89
4738
4582
7759
9178
2561
5319
9080
9592
9397
6610
7992
1157
693
309
3112
4610
247
2815
8613
2651
9260
2505
5353
6839
7977
3612
2314
1386
7517
9560
4026
8918
3841
4193
1691
2568
8036
5012
575
3374
7073
8608
3889
1916
7046
4763
3885
8336
6515
2400
4156
5470
1028
7458
3257
5672
1173
115
8655
3098
5547
6308
1768
9719
6951
6446
9384
5118
4802
2389
4094
7274
9255
2322
6564
3940
2863
1964
5417
1991
3732
9723
6329
5149
74
2861
497
8880
9833
1506
4094
4942
599
7449
4536
7035
4461
5042
6427
3332
9591
2252
9908
1288
5407
935
6795
5032
954
6731
5378
5931
6803
640
3032
2433
9180
6296
6906
6183
1339
9237
6871
7597
1233
7050
1623
5553
6435
2173
8402
2669
6960
2349
9109
9781
4134
7255
807
626
9008
3671
6543
507
6911
5676
3215
778
5716
875
6854
4327
4139
8374
2037
5941
2960
9359
1455
5430
6443
6505
3629
679
3441
4166
1673
2435
7654
7322
3638
2546
4368
3587
5469
2635
6598
9253
877
737
7038
7281
8557
9287
3457
2454
6081
9060
4273
6466
1518
113
7902
3647
8406
2636
4191
6217
7010
7688
8750
6508
5006
266
1304
2402
3681
4875
7362
1416
1553
6843
8393
8306
5886
960
9505
837
4045
2755
5165
8478
796
6663
2908
9139
4756
9678
2145
9834
7024
8694
240
8123
7680
4670
792
2568
1354
6996
9737
2067
1314
6992
3315
5895
2668
361
8197
8560
9144
4557
8162
6175
4697
8576
3581
3926
673
9435
9662
7460
1671
1759
6939
4519
8353
4312
2786
6989
3489
49
5885
7689
8261
4333
6526
685
9497
9325
4362
8689
4887
1233
1843
6184
2488
1105
5899
2335
2861
9167
2678
3438
7010
7293
118
691
1003
4173
996
5431
8601
2944
4685
575
6515
1649
9339
4050
3041
2703
7457
7175
9692
8794
6866
8641
7227
9083
6037
2559
1981
1401
7358
7303
5765
3260
4473
383
2769
6924
163
3440
9896
1520
9317
560
2715
8241
7557
2634
7845
3054
9779
204
4009
5011
4496
7358
8191
7246
9203
9630
398
2061
9241
9573
381
1119
7582
4689
2318
6686
5832
3759
8958
113
7353
9243
5008
9315
1872
5402
639
7851
7181
4056
9940
4420
7629
2488
5812
3052
979
900
2419
1105
4899
42
8577
4276
1872
3160
712
5287
6629
245
1925
5637
3342
6723
4549
7867
767
3172
7149
9170
2278
7452
3351
5830
4316
5693
9106
2008
1155
4019
7041
5663
6077
8566
1408
9030
9079
7403
4781
1023
9038
4281
8171
4146
3902
822
9490
9067
5916
663
1396
5894
167
6412
8501
2340
3792
7808
5603
5490
72
7414
3197
5664
6351
8360
3817
8019
7212
7188
2989
9920
4675
3696
1495
9915
5305
8817
1477
7141
85
1032
7509
8404
6638
1608
5152
3841
4997
9008
3786
1062
7455
3267
7494
1981
277
1783
7694
6169
19
9051
3806
9489
61
4179
3791
7009
3565
1665
4643
4761
7530
2916
4028
5783
8884
8215
8197
2032
7604
1476
8012
5305
3754
2995
4464
7055
5038
8634
7431
9142
8943
7398
6572
4991
8902
3194
1241
3352
7025
735
7103
4926
6901
9972
713
5506
8717
8268
9771
7924
5543
4565
5953
9134
3980
5226
9303
8038
4600
6942
7982
4279
7593
8104
4873
8193
6860
6401
2989
7305
1449
7034
4945
5348
6640
2921
7849
5644
8281
5513
3874
1854
3030
2465
8522
5622
4043
6278
3117
2423
6356
6254
5415
4052
8699
4624
2405
8629
8833
6564
2325
6735
7606
2938
8730
5337
2881
4086
8053
9557
8260
2761
3491
5994
3086
4372
2308
323
9594
3140
668
6183
281
3428
9973
2009
3581
6589
1346
7360
8726
4976
367
587
1358
6418
2480
5184
9852
4436
582
3092
8599
1742
210
9360
8569
7153
4504
4092
7354
8949
613
4402
582
927
1627
1222
4109
917
3223
3235
1728
5368
2244
2958
6251
7769
5178
8050
2776
3121
8136
4283
1709
5458
6340
5322
5695
507
343
8409
8964
965
8256
4409
9846
7604
8135
5233
7166
5408
2283
1646
9088
327
5775
9668
8598
8841
4755
4344
3267
9522
6169
5543
8187
3038
9532
1612
64
4638
3025
3203
7310
1058
785
1418
5692
1999
5599
1503
1613
4856
1360
5795
5391
214
2651
7333
5073
4763
4591
8615
7236
7784
4695
8366
5022
7090
9897
2838
5189
419
6153
7171
5370
8677
5018
6658
9921
8124
1518
7358
7748
9647
246
447
8332
4578
2118
4935
2792
8176
2507
8932
5287
3861
2590
523
6312
3553
9626
5490
3516
2055
8662
600
7551
6335
7649
8009
167
3760
349
8437
9272
6864
6561
8195
990
6073
7158
7900
1908
5959
2256
8771
5622
5057
4404
5758
6478
4055
5107
5452
9953
2251
2252
692
3521
7584
7991
3138
4048
1243
1563
9640
7752
3890
9119
8215
6608
6872
3170
4662
693
8458
7522
1397
9437
2066
9666
5987
5973
762
1549
8009
7893
9879
1317
9387
4553
7497
3222
5133
5812
761
198
8571
9582
4514
3799
7531
5863
7588
9154
5744
3130
1216
8409
6755
8822
3512
4690
5992
9497
3734
95
360
7743
143
5381
3680
2360
5643
6123
636
5495
6136
9919
1493
5447
7531
1914
4768
6646
8684
1390
5322
8996
9199
440
845
7167
2992
6882
625
6711
779
7444
6627
7947
7246
4025
8448
435
1566
5331
482
565
3123
8574
1767
2285
7848
1082
6420
6333
4391
9619
5304
6458
3524
6050
7617
2057
8618
1546
4496
5447
9804
7973
5361
8508
9553
4324
1772
7886
2767
8075
2829
73
200
6251
805
7751
87
8591
5604
6565
9126
5729
1898
7151
693
8576
3349
675
5053
1191
4179
7424
3669
8351
9560
7022
7262
772
2757
5776
5177
5427
8797
1307
1855
5834
1515
7181
4687
7271
3319
521
6408
4932
4686
3774
4314
8758
3532
7700
8058
7339
2903
6458
7546
4662
9168
7195
2564
7719
1856
5959
6141
41
597
8940
4379
6058
4248
3051
6510
3863
2211
2692
270
9447
8198
173
9336
3725
2261
5710
1529
4830
7753
9177
8762
2020
6093
9872
2315
4301
3689
2422
9893
6399
2173
6681
4159
7068
5247
6944
5942
9888
2828
1158
9179
4685
5979
3932
8774
8499
4112
8082
7040
8630
9366
8235
9163
6693
1717
6563
3198
1870
2372
5117
5536
3555
2333
1424
8466
8478
7591
4010
2500
5015
2383
2366
2452
7923
7166
1459
2937
9979
8530
4391
5883
3134
4128
8020
9960
720
6897
5467
9389
3929
9333
6305
7518
381
382
9899
8748
9919
4647
9931
930
2931
6010
8398
9168
9496
5559
5574
1159
3442
6716
8312
3610
3980
8871
2871
9089
9030
4485
9999
2727
8560
3636
9387
8614
3308
4261
7825
6421
4107
6013
382
9816
9710
530
6756
9588
6469
1195
5598
6025
1535
1009
8018
7072
2346
8071
7791
1058
9059
4333
9812
5376
3359
4805
249
5405
6571
1177
1557
1158
2390
5968
2996
2682
4684
703
2629
9071
8823
4414
9938
104
5770
6770
9082
3963
1766
3546
1659
9304
2875
802
4327
4991
2865
8144
1095
6251
4956
742
2238
1682
2810
4416
1824
1592
3808
7993
3674
4488
8140
2439
1180
5171
516
6769
9881
4859
7430
6651
2940
1047
1790
2774
8754
2387
8492
2561
6788
1776
9040
607
2447
9057
658
338
4301
3259
5534
1826
7287
3138
8775
8443
3673
3940
9494
8070
9487
7758
7994
2977
7903
4642
3484
6159
2621
1703
963
889
3684
7841
2937
4594
5355
2478
1531
7735
708
7645
9175
3352
384
4165
1549
3126
3617
4291
4773
1413
8077
5124
9884
9548
1331
9435
1624
8909
798
3068
5239
2710
975
1028
4544
3332
6369
7562
6889
4078
6133
9064
5778
1701
1668
2475
9923
8781
1652
5999
8262
3102
9829
3426
4106
4519
9733
8111
7981
8523
7021
7767
7951
9673
4522
6612
8281
7395
7287
7140
2108
1255
4935
9790
1493
2744
6415
5150
8681
5871
7946
9964
5705
9387
8322
5180
5552
9370
7061
1554
7048
2062
9918
5908
7333
3323
3196
9047
339
2932
2944
4548
7045
9014
7708
6154
3440
356
3741
365
5115
2101
9783
9935
3175
3350
4438
3489
4802
3608
2916
6196
3164
8652
1538
6587
5653
5417
7715
4939
6422
9805
369
9417
9085
917
745
7154
8080
172
6379
8803
2701
3987
1650
6744
6069
4292
6760
9084
2437
1961
3270
3874
129
4501
8371
555
4143
750
1981
8525
1992
2222
427
5963
8703
2784
7994
5552
2082
5846
2958
7574
7286
933
7824
5031
599
9612
4478
9867
5842
4076
3669
4181
3326
403
4875
5383
436
2476
6921
9654
5012
1872
1978
3783
7522
3639
5532
1484
5694
7816
2774
6627
5768
1799
7463
2472
7791
9198
2780
2948
8514
6716
4955
9318
4335
1751
9506
3129
8488
9930
6821
4265
1193
3562
8518
1139
8865
9159
8516
8559
8614
4559
3070
7670
7275
3976
2192
1512
9975
2309
763
9193
1867
8458
1471
1454
8060
1047
3234
501
1020
8951
8164
7363
1734
3349
7341
755
813
7620
655
2464
8353
6352
8806
5580
6850
4956
6189
3587
9782
6958
1824
255
9541
6892
1781
2571
2342
2909
580
1529
4443
4704
972
8499
3568
9174
1177
8105
1766
8347
6169
2068
1111
1532
4939
2328
1632
6406
8777
5859
1635
1799
6568
8125
4206
8313
1876
6824
79
1583
3130
2725
6293
7001
2641
9752
2110
4001
2351
2203
8493
2658
4251
3025
5141
5257
1195
3386
9535
741
9509
441
5747
514
8204
7167
6872
9923
894
5392
3847
953
5570
753
5160
8126
4278
6200
6494
1448
9432
8898
6694
7312
6034
3877
6622
762
9348
6649
433
194
5756
6123
4612
8691
444
8660
8693
4527
9325
3832
3020
7048
4205
2592
3122
3156
9540
8906
7322
3923
6380
6661
4054
460
4049
4659
8025
3126
2991
3849
9841
8389
2798
2608
2000
3217
7910
7840
5272
7731
9733
1932
3384
3055
7985
8205
674
2780
5974
391
6906
3259
4198
4878
5798
85
4189
8000
8984
5521
9815
4470
5094
4415
6405
7233
4452
4156
9026
3441
3473
7634
9960
6063
9263
6827
2036
5702
4164
8628
8850
2617
2014
3850
5085
4643
2754
4956
177
2729
9665
7983
6383
2165
4032
9395
7933
4201
5275
9137
1426
9737
724
7036
8844
4039
8132
895
3678
9009
5719
1087
7504
7461
9114
8281
9083
2042
1901
8072
522
9978
6634
8664
5405
3675
6181
5562
1908
6311
1031
238
9850
1079
6823
8123
4433
2460
7741
4974
954
8032
5681
9626
4173
9699
2115
5469
3229
3952
9434
2610
7983
1785
1229
7595
5516
237
6432
7828
6112
9182
539
3371
6543
8940
8248
9673
4692
6577
5731
975
3657
1323
7538
5620
5334
2478
2614
1294
3205
6329
6313
373
1539
2197
423
2945
3546
1510
1224
7859
4175
7986
6362
169
4161
1456
4958
6750
723
2635
1753
515
6852
1248
5353
7668
5539
5299
2642
1734
7489
4996
6327
2735
841
874
202
9782
9301
1983
7229
644
659
6674
8806
2365
1167
5463
9707
2902
2472
2734
2091
4927
6902
1650
3698
9418
3759
4496
9902
8501
4003
8940
6644
4090
3184
9193
1426
1329
2834
9895
2529
3570
8649
9705
2410
8681
9731
1042
9845
4857
6946
2180
6777
7767
9997
8018
87
9890
2216
6211
5519
7175
9268
6097
872
7801
2964
8852
8203
2731
4226
8650
298
7995
9841
6275
4945
4215
6135
8560
1626
9722
8923
9339
9210
9829
3174
151
9902
6296
7723
1875
4283
7838
49
1648
4615
4643
3646
2972
8755
7305
5854
734
4989
3317
7125
7044
8904
2319
3667
8209
7017
4677
4167
7986
8280
6648
7847
7324
3832
9364
5523
6186
7389
8212
7509
8807
3527
3753
2221
9700
8792
5308
7172
4129
1008
3548
9680
3368
5498
8990
8028
2046
3000
9179
5140
2168
2981
8515
5828
5955
7800
1159
5625
7588
7686
9289
3860
2111
3872
6077
6173
8316
7374
5194
1986
1232
3900
6388
555
9023
1150
9751
5226
8539
3384
9652
9214
3548
9534
2987
7858
9773
5394
5406
1643
1248
7421
3469
1508
3216
5579
319
2943
7832
5288
7373
8224
266
4032
4793
6764
4437
6490
9037
1981
9602
3107
6686
9386
1264
1005
9892
4626
2479
2801
313
2135
4537
8478
5195
4712
9182
7799
1383
1886
8100
5909
470
220
9202
2771
1051
1867
3418
7845
2082
8625
141
5046
4739
7489
4280
9426
8843
300
2914
6241
3891
4437
5004
5130
4085
3726
3269
6960
1325
8742
3412
8577
88
3482
2172
1168
3354
1063
2378
1240
9298
4498
92
9322
4329
9906
6243
409
9247
8549
2730
1890
1779
1005
861
9274
570
1454
8225
7327
2800
2590
8604
4460
64
1970
8384
1137
4868
8774
2071
8885
3167
5856
8961
5107
6733
5783
2830
271
2812
1070
6546
8323
7565
8252
3956
8183
4027
2599
2077
4056
5007
5318
7661
4928
6232
7874
3540
9141
5306
8736
1810
8176
7621
6263
2871
4930
1183
7739
1610
5651
8562
8612
4625
1435
5606
7884
5255
4748
3413
5315
6425
8751
2138
3584
4821
2417
2680
3885
3751
2370
5004
6585
6206
3182
9926
9497
4095
1485
4567
5085
4390
5627
341
4501
8032
1881
6356
739
2816
218
401
5355
7228
7522
4323
3277
8176
3804
514
7972
1953
7424
1486
4947
4389
8646
5070
4950
3103
6936
3622
9529
2073
6338
6827
670
6302
5003
4181
3126
2275
9450
5016
2723
8101
1539
1082
6480
5776
6269
9111
659
6825
1495
8543
1024
1741
6475
2648
5527
3101
4725
9634
3397
2009
8103
4040
6179
7610
3261
7689
5661
9817
8649
3768
823
6101
93
7266
937
4236
5672
9885
4799
4201
6047
7803
6680
4121
4733
6243
8044
7070
3878
5634
339
7850
5036
353
8240
1432
1170
2544
4607
7658
5615
284
8112
21
6148
1510
2010
9835
