3962
2077
7718
409
5881
5945
3490
3576
5301
2080
2424
6260
7295
6922
5627
8168
6251
1570
5802
6387
513
4267
2617
7563
2264
7982
5896
8807
9867
139
9843
4958
6291
265
8058
4904
6475
5291
3499
5071
8545
1563
9753
3915
8626
7233
9949
7255
6674
8639
7530
641
1223
9519
8670
1580
4235
2458
9623
1448
3360
7853
3511
4130
7788
6841
165
6077
5657
1149
9483
334
5481
4608
3493
5310
1431
8227
4815
7606
2471
3113
9513
7029
8325
3302
506
1085
1034
3605
3612
5712
9488
5936
2089
8768
5709
1305
7087
2901
5904
3601
837
4818
6343
5637
6564
8674
3978
7543
4150
2346
4369
2502
3395
6678
4979
5090
7326
9446
183
3036
6500
7744
5437
4072
1464
4778
1970
5743
4632
9634
104
7526
4715
1488
8820
1428
6543
2953
1573
9337
6610
750
3500
2846
32
5772
3159
3998
7692
8722
2721
3477
3345
1991
4143
6125
9174
3208
5262
2337
4897
990
8988
7919
9860
8807
797
4247
9818
8606
4611
5227
43
1849
4770
7473
4271
1970
2334
5356
4616
8895
7191
3146
1028
3243
3600
2328
120
5095
5674
3376
2296
9801
1059
7716
2949
1206
5600
7485
8242
892
9134
7741
8453
530
2730
8259
2221
3319
652
9784
3148
9592
6138
2638
6157
1176
8664
3991
4775
8826
1808
3763
2080
7184
5029
8112
7426
2068
9741
3792
8276
5661
9889
6264
1463
6140
9939
9388
1033
9672
8620
4760
461
4322
5103
4314
5462
7390
5362
689
9902
9987
400
6029
1368
5207
4745
1388
4843
9205
3161
5710
2645
7648
5885
5488
6278
3591
7840
3613
1173
6606
5283
8696
8443
7195
4113
4185
8699
4952
7698
9965
1765
3716
8442
7838
2668
2058
6623
6228
8695
2837
1976
8810
4486
1264
8447
6356
2148
6964
127
1013
1199
1832
6911
7508
8784
2159
1683
6290
4051
436
6957
9524
1840
9560
7797
2000
9904
9705
9581
5547
760
6069
3719
7327
3999
3881
1775
9510
7330
5608
8612
255
5033
4118
8177
3687
560
4722
1301
9592
6023
8465
3518
1933
5032
8825
2318
8979
6942
4066
7468
6809
9939
7871
5086
2293
7599
1632
5999
1240
8553
2751
1596
2355
1741
4701
5841
7877
327
6187
429
7352
5849
8751
1152
1815
382
4434
7470
1904
8614
7676
3998
4852
3588
8558
2176
2172
9563
7694
2737
1929
2978
6596
4738
6932
7803
1203
4928
2940
4704
372
1994
9020
4388
5636
3838
5550
4286
3273
2450
4079
4247
4849
179
7207
1361
7764
3243
5997
6182
3085
3152
7001
2661
3930
4424
975
1895
4048
7413
534
5462
2848
8384
4620
7527
135
5062
3470
6205
1054
4800
8991
3682
9348
4249
1926
1544
4924
3932
9001
2413
9951
8505
369
1520
6225
3635
98
2159
5379
3401
180
7114
2660
7939
1630
4081
4474
9626
4554
6877
9661
7534
2821
5804
4550
4101
7896
9897
2252
5027
756
1028
7359
3218
382
4794
8242
320
2301
5980
472
4811
842
7001
6559
3949
4372
6189
9133
7958
3633
9033
7006
8750
9454
9568
6109
2223
7670
990
219
2697
5804
4263
9588
425
8272
1007
9132
8260
4232
2261
1653
1553
4989
7880
5732
6145
5894
2222
2388
2914
1076
605
9384
3756
7989
7521
7127
3121
2781
2039
5531
1235
6795
7971
6918
30
9100
6429
6046
440
9943
6201
4714
215
5177
3012
5025
4696
2355
2178
2347
9085
5000
443
6324
9682
2746
1831
5815
3256
1573
9248
1611
8307
118
8269
8925
9267
5207
2043
231
4918
2151
6567
7829
5241
3114
3751
4677
6699
9910
5584
1499
4609
5955
6529
7944
2605
5780
2808
5663
3477
9514
6641
1570
2693
4040
695
267
5750
2156
3005
5639
3194
5999
5471
2970
2613
1238
9630
4546
5179
4095
1895
3746
5471
4130
6684
4805
7165
1887
9935
8105
3947
2027
7408
3695
4533
9339
1848
8979
3036
7185
608
29
1079
5315
645
9822
6034
6784
950
840
576
1712
3398
3953
2313
9047
1786
264
8686
6118
5387
7683
1577
9804
7734
9419
8070
2436
3550
7262
8681
148
6743
8568
2062
1373
217
2202
5610
8360
3869
5339
4748
5213
608
9982
9739
1758
1482
5324
7793
3782
63
9714
9963
6637
3144
3806
6894
1034
9486
4776
4791
6970
865
9937
3185
4149
9985
6970
9029
5019
7986
7133
7455
9584
172
7235
8126
9542
2400
5996
7532
2964
2106
459
1808
9732
7336
8526
1689
2251
4363
4429
1086
5585
9452
4935
3405
6086
3195
5452
5246
7829
6435
6843
5361
1733
5265
5698
7923
3104
8860
3144
2992
9529
7931
9784
3861
2537
3524
7333
472
3254
5554
666
449
4392
7972
7581
4469
8349
2813
7349
661
3947
8466
3351
3526
2372
8497
9478
6466
6272
6093
4841
3418
4633
5750
6331
4346
62
8269
4046
1342
4396
7251
267
6992
3196
5344
8718
4279
9588
6303
7157
7804
3191
4538
3031
9398
402
7308
8847
7277
8192
5946
1227
6837
4734
1598
5180
2893
6700
7825
3026
7721
4848
7117
5631
6603
6660
900
2117
2762
7196
2901
3082
6515
7111
3906
1478
9309
9798
1868
4779
1877
8028
5101
1854
7172
4101
7857
8015
2973
6552
6968
2156
6099
736
5433
570
10
248
3848
3080
243
1071
3392
8456
7625
564
4707
7730
7469
8994
5481
5998
4089
2157
5785
5549
3863
9824
4282
5795
6824
6249
343
8317
6281
5773
6751
8600
8333
8675
5238
9543
8309
9871
2383
5652
9141
5784
6549
1006
7462
2768
7486
8510
6845
3868
8984
2759
3986
9322
1527
3914
2888
272
6294
5367
4125
4397
4042
3732
1143
6853
2420
5680
3181
9781
3080
2504
4921
8955
5599
9926
6233
6628
8651
7652
1493
5559
155
413
6874
356
7168
9872
5739
8774
3207
4624
6792
7406
5350
3763
7018
3339
6011
8009
1580
5765
4563
1217
5864
9283
2170
4246
593
3691
9080
2628
9605
3433
7440
9265
1232
3538
4234
3436
8517
7908
8346
7836
488
88
2940
6065
6599
6282
9355
3990
9102
5331
1563
9789
3584
569
812
9080
6205
4078
8611
3554
7282
4697
2377
3759
4762
7336
2225
9309
7860
2641
9192
2669
705
2860
4945
5880
8148
1871
490
3134
1082
4790
6732
5921
6597
5279
2895
1636
9078
6787
9715
994
1961
7257
3116
4373
6274
5591
642
2298
1331
2083
7277
678
4973
4403
9525
7107
5605
5281
6604
603
5964
8013
5428
3439
9001
1122
1701
439
9569
4087
2898
8006
1722
1920
129
2478
314
7523
5014
4976
7357
7305
4528
7789
8094
7294
1510
5597
9140
4121
1006
3314
1173
7696
2978
1206
1656
113
10
7061
8868
8399
4603
4679
7092
7083
4423
7691
4277
239
5416
7850
7653
1665
2101
7279
9895
6143
1552
4939
8218
4380
2581
8545
1479
9112
4466
4538
5868
154
187
351
7996
1680
7605
5177
5359
5940
8255
7726
8028
3748
7504
2025
2159
3624
1719
5249
5469
8226
7778
4756
7146
8876
7761
5037
9873
6380
6999
9124
9569
9102
6773
3159
9301
7310
3919
7279
7369
6171
8344
749
6022
8466
6032
4375
6471
2078
9511
8609
7915
6622
9937
1493
3139
8204
4980
6595
929
1216
4486
7436
5999
1342
1569
1572
449
4473
193
4419
6839
2144
1583
232
1922
5226
884
5203
1770
4169
2349
5552
3588
5846
6053
1709
6868
4180
1641
8195
6678
4200
4914
7652
4890
6859
1228
6636
920
5049
5613
229
2163
9612
3252
2307
5720
7792
5594
8412
7256
5619
6686
8535
9843
9983
1575
7868
5524
5791
3582
4586
4975
8531
122
5064
6142
2811
7340
8587
1002
2991
2302
5577
716
2908
7733
5616
3352
7864
8375
4166
5078
3540
9897
9755
5273
3326
1024
6630
8369
7641
7031
1396
371
6288
8079
6002
6011
7600
9020
3580
3282
6212
8219
8112
5662
4644
1719
3669
8822
2591
5642
4061
7767
1767
4110
9131
2460
3507
2149
9641
4797
899
3075
8729
7476
7190
7653
4244
5788
7447
7997
2915
6646
973
2565
4302
5263
7907
9931
9696
8818
4578
8040
8789
8168
8674
2551
4779
3217
7137
2574
6825
4888
6745
4621
7277
6835
9859
5896
9935
2977
5461
6202
4770
2768
8765
3674
3976
4682
959
3328
3999
9833
4399
8968
8302
1870
7499
8378
5993
6328
7932
8947
2178
2465
2321
5859
6917
3294
5571
7810
1003
4985
3212
5854
8425
5108
5693
9421
7364
290
4431
9822
3806
7781
5604
5603
4481
2138
9163
6018
8722
7799
7357
8594
2052
651
9172
4226
7818
6868
4527
8629
7073
5295
4806
2050
993
402
4363
121
4642
6477
1020
7489
5627
121
2229
2426
6300
7346
7597
5011
3551
3598
7756
3668
5951
9925
4199
4866
4042
6112
4604
8591
5885
2154
3452
7853
6647
2660
8266
3927
7965
4952
7692
283
104
473
8809
7252
7495
906
7560
6340
6174
4899
7988
7798
9822
8681
3103
7595
9651
3991
2619
213
2211
9748
541
1878
8351
9657
8662
4732
6018
6555
371
6248
9367
5737
2884
9748
6725
3705
4965
1272
380
5829
1559
5241
1845
6281
6334
6364
7306
6244
8087
8070
9266
1893
7213
8381
2085
1931
3964
2570
1050
5561
1143
8232
6887
5713
8
2462
243
9028
9698
2700
3525
3707
7263
2533
723
8615
7536
1222
9375
2262
9483
1067
2630
8208
8431
9847
3578
4272
1627
6514
8416
6489
7950
7101
9828
5219
1265
4350
7060
9999
941
8973
4514
1794
2309
2635
6475
6155
4497
2777
1532
8448
2997
7216
6660
2801
9552
2078
7532
9721
2528
79
8620
3404
6787
7446
3903
8713
3271
6799
6608
9506
4998
242
4280
4535
7963
1589
3726
4515
2596
9161
8867
4091
3801
910
3410
5448
5403
1779
9353
6061
7851
9122
1855
1729
6401
5806
725
7410
690
2153
8913
2635
5609
7291
8760
5300
7678
7667
7497
7501
748
5493
4482
9737
9802
2700
4040
5278
1850
6649
9378
4813
8477
2239
5045
2548
5488
1369
7663
8900
1238
4737
7254
1603
6782
2879
4374
6633
7729
3019
1497
2678
9852
5839
599
8051
7906
1569
2741
6953
9869
7968
9607
2729
6862
3672
1383
9415
2388
9196
193
9268
3200
4388
3333
3186
8109
5578
6006
2993
352
7825
8917
9415
3741
7678
2162
7195
2776
9709
3144
9349
2124
5682
2926
5786
1427
8704
2377
7659
7287
5926
6753
7717
5432
2471
4941
8654
2590
6107
7479
6000
9373
6944
5714
9451
2624
8865
2942
6689
8091
9794
7238
6737
2031
5995
4840
5681
3438
1558
2385
6191
6908
7993
6098
3681
9877
412
6120
6202
6954
6176
4536
2177
8346
9068
6409
9948
9040
7090
4139
5786
308
4759
6789
2467
5340
1455
7701
8826
6397
5805
5661
1812
1713
2337
7150
6448
6571
723
9837
5881
4485
9817
319
3195
1188
8369
2375
9045
6299
1847
5486
4339
4920
71
7251
5149
4197
3540
7435
7840
7920
7256
5894
6015
5599
9617
1353
7277
1155
523
3139
7029
339
7228
3345
8619
5314
8649
2627
3920
9433
8889
8854
6170
5217
8507
4186
7333
3726
7750
2769
5542
4126
9369
8248
4300
8095
9925
7528
4018
4881
7566
4830
8204
9372
1107
7987
1151
7268
9994
7114
1343
8643
7199
4351
4938
3545
7431
2177
6692
1093
1193
6964
1450
6522
1144
3907
7972
9058
1000
9225
8235
7128
8766
5630
9614
6456
5491
7448
4371
864
7921
2511
732
5243
8449
8932
2511
5065
8565
6249
9704
7083
2669
2041
772
1384
7527
7110
8454
5874
8936
4577
4817
406
1224
842
8051
9306
7095
9248
2987
7814
5030
510
9715
111
8961
7497
9833
4015
268
5778
7831
172
5266
5508
5900
1647
2309
4696
4088
3151
1400
8653
4104
7870
5751
5522
4321
3802
9149
3193
5574
868
5153
8609
2178
4637
4174
6497
294
2467
2310
911
6206
3099
1440
9591
404
1284
3528
8147
9448
4919
3342
8313
6502
3325
2894
2140
3175
1809
7734
1861
9821
9448
6
3403
8831
4165
5604
38
5598
1590
3147
1484
4807
1935
609
2963
5527
2196
1365
8122
7141
9325
5211
9558
9608
3742
1462
748
5743
1500
624
3575
274
7778
8340
6380
258
3945
307
8481
4134
5405
9697
8434
2148
7661
9235
4970
9180
3593
8551
1504
2117
5834
3664
7388
7819
4260
9553
1647
4464
178
8620
7885
8582
5526
7587
2205
2475
7580
2845
9553
1844
7052
9617
7716
1451
234
3419
2359
7434
3883
3260
942
8474
4922
4780
8153
4463
5705
8074
552
516
9601
9390
3546
6237
933
8017
9515
4989
7969
9746
1941
5591
7541
6075
6722
9334
5165
3980
8511
8515
5050
4518
6884
8766
275
9774
4407
6409
4592
6773
6258
3753
3800
3806
8995
9823
6452
9382
4211
1352
760
6465
1403
9031
7020
5027
3191
6992
2589
4053
5165
9299
9547
93
2129
5808
3489
3212
2260
1190
5637
2760
807
5129
9405
4784
5331
8756
6878
71
5244
2219
294
6852
9368
980
8528
4993
6633
3875
8835
9168
6649
4306
9672
6906
8857
6985
1261
3717
1237
6622
6770
1533
2151
1638
8464
8618
1794
5532
9988
8759
2913
905
8052
5111
4039
6283
4259
9333
2237
3875
502
9843
6609
7193
9463
3924
8180
1055
5093
7189
6622
2923
6639
507
9323
3738
3769
8821
3739
8468
9671
8555
9651
1441
3604
265
4000
9186
4323
1019
7293
4002
1029
6671
7232
4747
9071
7562
2175
7459
3485
2516
4321
7332
4626
5032
99
5288
6674
2461
3122
6948
1566
3657
3315
9129
8055
3117
4315
9201
7998
9916
105
5571
9766
7907
984
3384
1656
9585
8429
8127
6634
9782
8211
1226
3353
6927
1164
5978
7421
9002
1472
9165
1198
8498
2983
3601
9992
5716
5136
9477
7501
2550
1409
7878
3552
9555
4830
8138
2764
7509
7082
1782
3630
988
9992
9745
3690
5500
782
6258
7960
1638
5375
2368
4606
9399
7239
4377
3933
3314
2803
7670
4237
4391
8285
4387
780
7959
6966
4158
2215
7498
362
753
2155
3258
1544
3904
2269
1072
3956
4775
7272
1134
4445
5605
1486
8719
4968
8916
1273
8838
3448
9312
7565
4622
577
1410
7974
4887
6049
701
8487
9766
4631
272
678
4557
9781
5217
1494
1010
101
8299
9192
2159
1811
4966
821
1503
8645
3178
3730
9842
9102
3678
6059
3420
9810
9285
8859
5125
2923
7626
5600
6481
4924
289
3155
1899
3998
2814
2045
8243
3203
4160
2730
2132
7090
1327
9015
4637
125
4680
9297
7980
6293
2159
1262
1726
602
6063
5936
6555
4848
4389
2505
2157
1992
9776
6224
2066
5734
3062
7895
2294
4490
5174
4893
2553
1867
598
533
8496
8937
8050
682
962
7155
9125
3951
3526
4580
3687
4551
2754
2228
1539
4962
6565
1839
3531
8903
4812
1117
1680
3813
2803
7597
7080
6009
2844
7675
6463
1030
1091
3073
3085
6263
7020
3026
5302
2892
620
6801
6673
9468
8074
7843
4705
9930
124
7767
1490
4789
8587
5723
8365
5379
5553
6229
8468
7548
6684
6470
5624
2988
4725
2280
5308
3527
1869
557
3635
6105
9903
4664
3292
3943
5232
8573
1099
2449
1806
4915
529
6751
8740
1927
3905
1492
994
4332
3213
2444
851
3613
5549
3853
5141
3850
9024
5026
8174
311
7660
4620
3139
9326
9255
1296
5401
9628
8504
5026
9537
7301
8771
4131
8238
8758
9799
9379
5270
8755
5403
7920
6557
3347
4711
6665
3172
911
2878
6819
7506
7869
2372
8738
9233
9619
3889
8981
793
1279
6773
9521
3094
7362
2395
2441
876
4250
380
2105
3743
4417
6775
806
3288
6777
5337
3196
8891
3219
7911
9418
4812
7435
7594
6793
9010
8468
8822
5160
9749
8082
1817
1529
9511
7996
4943
5560
6992
299
7430
8585
7021
1974
6646
5364
5139
2344
8650
9587
8263
450
8114
1241
5374
7934
3848
6405
2491
1801
9166
7775
4329
612
2104
7265
971
7103
9122
427
1676
13
7302
6088
9479
7985
4340
3609
9655
8810
2613
4476
2295
7988
3490
4552
4271
1621
722
8249
8665
9972
7193
6121
396
9684
7654
2952
5216
4624
1116
4247
5489
7569
537
5255
290
7577
4126
8134
9165
731
2171
9640
8685
5216
5605
3917
8346
5183
7739
2306
7766
1674
8524
4918
209
3091
1527
6703
8438
2084
7390
4178
7671
565
3984
7603
6944
9612
2646
7427
4626
6438
2000
3124
5973
6313
5648
7141
664
3340
7730
6630
6050
354
806
880
7503
4825
3823
2906
689
4635
3997
9539
1854
4870
5419
5534
1280
4350
8847
3698
1954
8518
1749
4879
193
3536
4988
8724
7479
4952
2696
8602
3067
3129
4894
1793
5085
6806
8174
9108
3772
5591
8384
6497
4278
1985
665
4849
8006
3621
6411
3202
866
6786
3781
4897
4021
3019
8228
5804
7695
1621
2186
8695
1441
2206
8533
8083
4918
3117
738
5403
1648
3475
3700
5272
4502
8889
3210
9756
5726
3486
8693
9054
6217
3769
3423
3844
8428
3059
8764
6606
4828
8794
4158
6728
9140
8791
2541
6890
709
6726
1695
6313
3334
1557
5603
9830
8615
397
6328
379
469
9404
6145
6561
1839
2683
1704
6195
6826
4908
6841
1387
1472
9368
8353
632
4255
9513
9489
8639
2998
8714
9237
5177
8304
9896
1562
82
4954
4014
7693
2767
1708
3899
6252
1037
6877
7912
604
5870
1725
6068
108
5886
6256
9791
2163
7705
2276
5334
4883
6115
6743
11
6066
1029
4387
9880
2672
6581
2312
7284
6505
1407
890
6725
5962
8129
4626
7984
796
4369
3876
6074
6679
7268
3316
8669
8999
8372
5864
2967
847
6033
1414
5616
8387
7991
8172
1269
7953
7717
653
7648
3107
4231
2461
7535
6618
6636
3873
1053
1890
1404
3928
4794
682
2575
4248
7866
9163
2450
7129
8793
2302
3107
3573
1330
7401
7151
7904
1733
1160
9420
4324
4796
1099
127
7389
1041
1391
3835
2731
2874
5178
8036
6574
3212
326
9672
2579
6110
3212
7899
2404
5275
5650
6632
1969
2984
3303
952
8887
8896
89
7351
7770
5519
1966
8946
9192
4686
5210
3301
4980
7286
8878
2311
7203
6726
8447
692
723
5096
7834
2092
9522
9876
9954
9545
5120
8168
1768
75
1383
4876
8385
1603
3744
1066
2188
4017
2461
8807
7193
5231
8901
9186
5876
7391
1050
935
5573
7986
9451
8087
4211
5565
7590
6474
623
6
1406
456
2956
2824
1012
3323
9846
3896
4021
6994
2867
7152
3887
9302
5581
9263
8616
10
3974
2192
4848
9928
5475
2568
9847
1024
8892
8283
9266
9277
5587
5464
1653
6140
2998
7009
1656
8967
5231
7277
2612
5522
1841
6160
5787
2795
5168
9803
7929
5712
8632
4518
974
7081
3229
5066
7776
6120
7160
8399
5531
9242
3985
9233
4223
3455
7991
4336
854
9651
1569
8315
1476
388
8305
4850
2128
4303
7233
3841
6658
7238
8211
6695
4107
8344
5765
9165
845
7972
8901
3511
2968
2989
7345
9565
2602
4307
497
7286
7707
879
3961
1797
8734
4198
9931
5550
7053
7402
1972
1280
9477
3512
1719
3706
369
8032
4933
7557
7864
2161
6976
4425
3536
4216
3264
1218
5486
8503
8533
8503
3276
2852
9889
7932
9378
8283
2485
4109
5905
6892
3429
7754
7252
6908
9055
3826
8983
7117
3051
385
813
6355
8088
1412
6845
7616
1590
9532
9371
481
7064
2676
3481
10
6025
2038
8488
5049
1948
7409
8754
3965
6927
9952
880
1233
3752
1757
6421
4021
968
6197
9302
3913
6150
2969
4932
5295
3106
7000
3640
8535
2003
928
4506
3077
7534
6748
6945
2835
9133
3379
6424
3867
9002
3438
7627
2202
8222
4262
3051
7901
8617
5385
7533
9990
8157
7080
9537
5685
708
2340
8149
6546
6697
7698
696
3595
9880
6703
9642
3261
6808
3498
9014
6071
9833
2978
9964
417
1501
8301
2293
4448
8072
6137
3767
138
2551
4975
1876
4962
3090
2067
3321
8210
930
124
4956
972
3137
5751
6195
1088
9310
7808
6927
6935
8173
5356
6908
6850
9490
1665
2267
4170
9108
2885
2283
1411
96
7386
4919
959
924
4568
2724
3764
2410
9933
1656
2018
8793
6644
4160
6565
4670
2426
4392
4873
8784
4701
7856
815
7703
6110
9940
3189
7252
7249
7841
5969
7243
3315
8165
9588
5540
6670
8170
9221
766
7821
2028
2990
9057
3232
4746
287
9225
9550
5496
8021
2361
308
8926
451
6510
2994
7784
6531
4345
1486
2648
7181
1998
1285
4914
3750
113
2715
7294
8092
4042
338
2066
4128
8663
5166
1023
548
4744
9970
2700
4400
7975
6960
1795
5698
8877
1408
2918
3914
1595
4439
5819
8228
2296
3105
2048
4753
3338
6132
3647
5615
7692
9278
2930
6700
9183
5091
8640
3192
8044
8079
7873
4585
7994
7749
5034
3778
618
8815
8764
8042
5136
9980
5339
3205
6865
128
2302
6230
5615
3509
9281
5490
6072
3556
3842
2545
5827
8345
9034
3968
3108
9381
5812
6870
5521
9401
7949
7172
3131
4183
9196
5394
4082
7962
2526
730
8600
2013
9043
552
7733
1164
9839
9098
6437
3600
7489
6107
6753
5156
5146
3386
5707
501
270
4932
4323
96
6916
4097
8650
3617
5190
9517
1087
7662
8997
42
427
7980
3540
7745
2046
4220
2142
7237
5432
8230
7923
8981
4874
5338
9632
4065
518
1698
2478
8001
1263
9792
4223
1487
7981
8501
3973
6815
5398
3731
6127
9605
3675
575
4746
6908
6159
8174
4276
4349
8089
4047
961
6954
2162
5492
5578
592
740
1868
2176
3523
1235
3045
9402
472
753
6124
677
4842
8416
4642
7013
8215
8948
1927
1567
127
9108
2973
8182
5245
9317
7315
7086
9545
6459
8697
9710
1873
219
6062
1135
2328
4587
4334
3074
4355
8158
2820
2486
3092
1748
3634
938
8602
9487
2507
7643
8891
43
9583
4742
4336
7903
8347
6845
2045
778
6715
8107
5984
8064
5489
9181
6293
7064
5881
3280
9087
8197
9604
5288
6290
7766
2161
334
3530
7046
2391
8620
3007
9407
9063
1368
7364
2999
8391
8755
60
5114
4680
4419
7532
5763
28
2723
8511
2230
7973
4324
6255
3424
300
2824
182
2666
5841
243
4406
257
5016
1925
2021
2620
4136
2088
5626
3121
9010
9696
6551
751
8303
573
7499
6809
3241
5776
5956
6406
1788
8108
8550
1189
2185
8342
9828
2019
2899
282
2380
5500
3442
9045
9126
6261
3262
139
2705
7639
3974
7817
1373
7063
3563
9988
5603
8813
9878
3492
4648
6097
4714
7970
7753
6384
9115
8741
393
8831
5119
9103
1951
274
9112
299
7587
6746
7212
3047
3697
777
3638
7936
3323
828
8910
3293
5149
8129
5888
8176
7323
7928
8170
5024
5210
6685
7168
1230
435
4102
1289
1360
7066
9064
3111
2114
9649
1514
8136
221
6943
8101
1831
9434
4670
8029
9957
6532
380
6965
930
7820
3592
1072
7932
6997
4810
297
2769
2470
7699
9877
3148
7169
9729
1711
9924
6801
7958
2707
1141
3040
8252
5516
5240
6667
8208
8165
6679
1883
6335
3011
3384
7124
2613
2184
6953
9566
8467
6200
3335
228
7409
4808
3833
4071
1102
4281
3701
4830
9476
3350
8357
7438
7634
761
5292
1853
6786
1053
3113
866
1199
1553
7856
1022
8255
2831
686
195
4095
6890
404
7529
3054
2206
8828
1496
5108
2433
7010
9607
1896
6035
5514
8995
8529
7402
2542
485
5358
6139
9551
61
1159
91
5194
709
6765
9425
4905
4476
6089
3625
5268
9305
9685
601
9409
7725
4534
7292
2102
4746
2558
4101
1013
524
9529
1325
3558
9220
5518
4303
7241
9317
7755
5465
4991
2165
6931
5654
6030
4964
8300
4169
7115
1544
9701
6800
8594
9353
9638
3813
4669
3848
9866
5318
7496
2157
8617
9732
302
6290
2544
2163
5582
2466
7736
3464
600
7179
2752
7413
3946
2517
9517
3036
3656
2942
1143
1436
9587
3253
9248
1653
102
2774
7204
8066
5922
3936
9884
2635
2020
4393
4938
8886
1821
537
5411
954
6644
6877
8600
236
7327
132
1447
4234
4265
9052
8486
7035
6728
1038
4368
8541
2254
4421
9350
17
2137
899
2766
6849
9622
6101
6468
5492
3252
7467
7506
495
9020
7747
6890
9231
1459
9285
9186
6508
5610
8936
5925
8564
8940
6023
4282
6145
4698
5998
1397
9317
5946
669
3770
2487
2568
1755
708
6662
1912
8315
514
7454
7415
163
8243
1504
8560
8766
4207
1087
9791
4317
3171
6493
5673
2690
5157
8441
4486
8801
162
8271
2687
3539
701
1953
8257
9867
8077
5044
1779
9976
550
9635
314
9412
4154
1099
605
6021
9832
1927
4973
1223
3741
2350
5357
8647
1144
2584
8411
488
8108
9517
7302
5063
9393
1440
3905
23
5387
8058
8470
4391
5704
9388
2506
9216
2157
6425
4646
985
9211
8452
8522
4145
5746
6774
6343
9099
7987
2278
1764
9855
9757
4716
908
1145
2934
4917
935
8280
7874
7205
1434
4263
896
8234
5100
7764
3491
186
635
2424
5803
802
2639
2681
5188
81
356
3799
9119
3640
9598
4111
605
5728
9873
5622
3398
631
1858
5066
3747
9874
8655
1267
5229
3982
8030
6230
3265
1819
1747
6770
6356
7578
2492
692
1744
5308
8438
6522
4274
3576
481
8653
8543
8296
7385
356
6073
95
9661
5585
1228
3647
3847
6765
1839
348
5067
9803
3128
2419
7201
9462
6380
6080
6856
7947
7061
3783
9397
7021
583
644
2763
9344
7767
8226
7524
7821
6189
9585
9689
2713
8088
3106
6150
5019
255
9078
1328
1210
6429
2175
7583
8781
8128
5059
1245
4279
5547
3169
754
5494
6183
8427
3332
7283
5198
72
1839
6189
8143
4136
4034
2398
3693
9139
2327
8901
1247
4559
3285
6745
5889
299
2670
2188
1078
9955
3547
6231
7661
8031
2191
9543
6318
1401
8872
6087
9396
8314
8412
6921
7234
4030
8413
1566
3543
748
1464
8110
4182
947
1279
4789
3762
7459
1747
5164
4906
645
2158
6207
5705
2887
1497
3639
1940
3304
9629
1660
1978
1041
3439
4853
3888
3798
1560
8514
6315
9355
2167
9882
6877
1780
4521
6841
4505
712
6435
2546
4968
1683
6618
4124
2113
7763
3017
1088
819
8005
5664
4474
1531
6133
5298
783
386
3708
7106
5816
3399
5610
2256
2204
7954
2100
8613
1037
9942
931
6011
2368
278
5050
745
1562
246
6257
8597
8487
1141
2875
5616
4340
31
9942
1119
6562
93
3760
7964
5721
946
8695
964
9527
1689
3072
5548
8184
6929
2742
5230
2193
3986
5393
8271
8414
7678
6089
1033
2692
7613
4651
7961
7687
1759
8474
5862
2677
9188
186
3217
8052
4403
8131
3637
978
5371
9103
6225
276
7523
6953
4647
7956
6355
7772
974
2036
1989
2160
17
280
69
7813
4775
7334
4712
1072
3883
8345
890
4434
7500
611
5558
8089
8926
1073
9152
7458
5458
1525
1644
5485
3440
5301
243
7901
9317
8897
9059
2108
586
9510
4568
5446
7987
4769
4527
6593
3013
4097
2189
4673
2885
2074
2078
4189
8490
2931
8403
386
9485
1888
2248
8805
4732
3417
9079
4897
5578
8733
3856
4366
4067
4789
7004
2612
8145
4919
891
2097
1123
6865
3072
9777
3266
7395
9552
2815
9188
3987
8566
9731
5978
3085
2982
5857
3415
1378
7341
6520
9489
1191
3724
8718
1528
3632
9205
2220
5673
3433
6458
4021
5203
7572
8255
5828
1245
5706
6034
2915
7780
4202
2504
4058
6552
7134
8362
6495
6467
6980
3539
6920
6368
4986
4183
9353
9719
6127
7537
3396
4631
6450
8267
1867
2930
1221
1409
5103
7516
715
9077
311
8121
6781
364
8268
1777
7366
6429
6411
5781
8077
5686
6877
7755
9547
7210
427
9526
6895
4011
2346
8975
2879
1658
4378
6741
9480
1886
7574
2748
3609
5281
4505
863
1380
1920
5719
8686
1960
3924
4572
3483
6423
9284
6550
4545
9168
2036
4115
6915
9558
9881
5733
1317
9174
6685
8225
406
5772
3955
4899
1973
8454
2333
7984
5647
9822
1434
2845
785
9964
3945
3148
9755
4006
7797
719
2627
9660
8437
1170
6378
3696
1753
6541
4184
6605
7034
9184
8100
2861
8522
6914
1468
94
3544
8031
5805
4313
5005
6273
561
9817
6119
9943
3158
1889
5632
6529
1013
7502
2522
3979
6883
4313
184
2447
3780
1040
1440
5822
5976
2941
7365
632
8140
4553
4893
1027
5552
8147
425
2446
4498
381
9269
3329
3455
1546
3619
3733
2478
1487
5026
2119
319
3800
789
6689
6241
5217
7602
5675
6236
225
9859
1736
1414
1932
4568
9258
9689
8927
9532
9738
578
4464
6573
9676
6930
8700
6987
7439
6691
6877
2100
414
2447
6399
7843
1434
6399
3517
8597
3930
3703
6031
2205
8568
7614
1816
5009
226
5796
4272
3063
3078
8297
4842
3238
3287
4213
9660
5841
3351
5852
2052
8603
9493
6341
5162
382
3649
9043
9244
1802
4610
4896
6370
9160
8631
6849
1169
7441
8451
8931
34
8008
1062
1174
2789
6661
8823
604
162
8146
5518
2826
7660
3894
8845
8343
1416
813
3468
2673
4398
301
4251
9598
2037
8265
7578
2397
4733
8927
9780
8827
1009
7462
5582
1758
9100
9097
6242
8889
6704
5201
6570
1777
8266
119
2375
6501
6728
6010
5064
5765
1951
6811
8088
4933
1193
6572
707
2594
7936
1898
8192
9591
4148
2982
3934
9140
7617
2824
8225
4671
386
9618
471
1305
6506
3007
6464
1527
7365
923
18
5528
622
88
8733
1933
4459
9873
6956
5211
2283
6200
5106
1896
4274
9436
3446
8963
1255
7809
111
4183
3245
5803
7757
77
9734
5158
522
235
1257
4680
3183
9165
2151
3853
7359
4617
2500
4431
5396
4347
3265
3636
1189
7684
2291
2361
8594
5930
524
1878
2328
4617
7096
2931
3284
4967
9173
1834
46
1492
7463
9188
1059
7632
1077
8199
7380
1555
6114
1205
4226
9807
752
5000
658
7362
5902
7813
619
8815
4561
3373
5322
6944
4867
428
6468
1686
1568
9252
2177
4667
8129
241
2662
1898
7013
3514
636
9948
8821
2580
2269
8993
1899
9628
8091
9497
2814
4723
9650
7973
4649
6329
6994
1237
4441
5947
4033
7918
3334
5371
3757
576
2955
1119
2888
1707
9421
6892
6068
2196
1949
1598
2961
1281
6542
7430
7732
3015
6460
9747
9321
5349
245
8131
2625
4490
4990
5847
5255
8958
7205
3190
1884
4929
6156
8696
8386
6834
4884
1053
909
4971
2222
3682
851
4915
5104
3436
5298
1897
4204
4626
3889
6989
7505
9686
7314
945
5812
8174
9702
5842
1388
6531
6970
4278
5927
2039
5928
845
6889
5755
4354
788
1850
866
590
6384
8988
4835
2287
2378
8058
6030
7856
8046
312
8084
906
4912
7675
8135
7483
5983
1211
8336
8298
4466
6401
3514
3277
7361
8093
1715
3755
2082
1116
8527
8429
2311
3484
519
2779
2645
7896
7923
8086
296
3796
1769
5423
6090
6649
6079
1990
6310
3275
1455
2076
1571
2117
2391
2552
8813
5107
7019
3290
7773
3462
4608
6212
3835
3166
3119
2750
5028
7163
6405
8426
2143
365
8201
4998
7391
445
7978
5141
8896
2101
1937
1998
5354
4981
943
6105
7705
5766
6044
5153
2347
3079
1350
7869
3500
9792
3551
1875
708
1090
7075
6823
1129
8225
4026
8307
5265
7255
8400
5127
9099
9286
4823
2297
5208
3729
3055
4885
372
8906
868
3234
7419
4994
9521
8411
4635
2707
8053
7835
6904
7408
4879
4943
8946
2411
7738
3496
2514
7090
5993
6653
6191
5148
2435
3301
8606
5888
5323
9306
3240
6640
5193
9296
5812
7659
5141
5424
3241
1741
7730
3122
6575
9560
6463
293
8946
8308
4846
5619
3622
5613
1459
3684
6500
2879
5170
9496
2045
2244
660
2622
1588
9132
755
1665
8128
8036
8716
3065
2377
2611
590
4349
618
2411
5032
839
6148
7678
5543
6566
2576
483
8036
4691
9035
5195
4786
74
4494
3799
4397
6790
802
1875
6242
6402
1816
9189
6959
8551
9042
4819
6091
4056
2563
465
7697
2123
9747
7187
4867
7494
3186
191
4474
390
3631
3486
196
1995
3343
1236
2892
841
141
5461
8711
994
2752
368
7027
1160
3562
2057
2177
5011
5772
8579
5335
6884
8131
9426
5373
3761
1905
5394
514
3991
1578
9467
5763
5543
2851
6885
4626
1753
8996
7864
7504
528
9302
9601
3242
3719
1473
5101
4821
7027
3136
5168
4935
7177
6381
6442
2292
2355
3160
2760
4870
3939
8754
9330
2081
2381
5089
9180
3812
7813
5644
9209
661
6377
8904
8777
6326
6603
7907
7218
67
6260
9270
7928
4459
8992
6289
5758
1204
1830
7165
1299
5701
9160
1265
389
9276
6111
3392
9627
6497
4494
8516
9050
3841
7381
7132
1238
5122
4226
4477
2061
8568
7017
5214
2042
191
9373
8862
8903
8200
4732
249
1206
3595
6805
3578
237
2791
5325
8302
2265
9165
2816
9949
6146
1733
3527
9272
1866
832
4036
8661
4072
2631
6067
5627
894
6590
6038
9334
2434
2548
2535
7673
5195
7046
2492
9153
8391
1681
9167
6020
5629
9842
222
2453
734
1977
2133
4395
9667
3736
8008
5687
1383
5754
9443
8485
9284
8647
9495
4677
1464
1861
3070
8960
2340
431
3054
3581
447
9401
5388
9350
7211
1695
3944
7464
9308
1574
6527
1929
2866
2427
6642
2917
1214
4671
1752
7282
9140
6736
7668
3610
5686
9760
459
5710
4411
4490
1779
218
4726
7096
901
1146
427
9144
6873
6609
1891
5808
7231
727
6489
5538
5453
6733
7777
3891
7978
5720
7729
3968
3007
9107
7896
6044
7544
1926
4712
9304
6159
8319
1427
9396
4839
260
4077
6456
5927
5463
1812
9658
5642
647
2453
5969
3966
1923
2671
2736
7792
4914
8375
6046
2115
3408
5023
9352
820
6835
9421
9775
8126
3672
4278
2706
4112
9992
4307
8854
2921
9809
7980
1717
212
6616
2154
7615
7213
3560
7788
4889
2358
3083
3664
3616
7861
5530
1654
2333
7869
211
1424
3601
6808
1736
4683
5994
1464
9032
9075
6122
7937
4399
9662
604
5131
5209
1555
4600
9722
1395
711
428
3637
7753
1164
7121
4006
1274
6054
9309
7286
195
6658
1758
3760
3272
8378
4085
6027
4911
5111
8702
5190
4213
3757
3885
1511
3719
8774
2996
2017
6735
2612
371
6197
447
1635
4156
2315
5739
8697
6441
1115
3623
2942
1478
720
2480
4576
3450
6380
9949
7383
6305
1401
8218
4570
9485
1062
1725
4169
5061
9608
1831
8657
3718
1519
3889
9741
9321
2180
8326
3290
4396
9782
8841
1322
1724
9845
7634
7618
501
6106
9698
1055
9009
6664
5629
6090
9606
2279
5171
2932
5963
4485
1763
904
6987
4801
1700
7265
6575
2740
253
296
3515
9521
1031
9906
1175
6458
4215
1128
2375
1847
3894
5955
865
7817
4668
6762
7141
9121
2936
169
3009
9115
8822
3703
6259
4268
591
8820
4086
7498
4563
2964
1476
2310
36
201
8698
4293
548
4657
233
3861
9900
3536
6000
4306
3826
6767
4593
2193
5903
8498
7370
2935
9399
1596
1721
2976
5066
63
1591
1439
8631
5849
3459
8301
674
5949
6330
3237
5932
2840
5044
9081
8658
6339
7220
6563
5618
7793
5490
2428
8536
8124
8319
1344
3365
9719
4700
3121
4614
8408
243
653
9179
5841
4818
754
5571
4472
4756
9577
1283
7040
5881
6667
3131
9952
7115
6866
2847
5313
8299
7267
2949
9440
9949
7202
5959
6703
7210
2844
3410
6239
4968
4452
9781
5689
6238
3464
474
502
1288
8741
2262
9503
709
6066
9254
7482
1662
2713
7362
3359
2845
9345
5480
8105
409
4818
2174
72
3991
5539
2512
6620
9319
9988
876
29
1411
698
2078
2524
341
545
4911
6
9679
7569
9382
6507
6326
2691
1318
1799
9224
7668
5761
2638
3626
6448
3637
4143
7052
1656
4556
1514
2826
9375
2277
3903
7194
9622
8348
1612
6415
6934
3789
5009
916
5367
8232
8549
4668
4845
937
6110
9222
1295
8294
4502
3541
1289
7996
430
2707
3013
956
2490
854
9305
8177
3793
6280
5235
1340
2765
9571
2229
2607
9304
8811
3104
1336
1029
9445
7545
2766
9657
229
5524
6520
693
831
6973
809
542
1120
9600
1596
3936
6954
3169
4667
1139
2359
7802
2522
8750
3411
5871
7362
167
4811
1941
5986
1733
6213
2858
2437
8464
1655
568
9393
8832
2142
3559
9921
1582
8348
8884
7037
8779
7716
5676
9736
8369
7791
2781
602
6435
5555
7662
1971
4004
715
1106
4680
5777
9435
2415
5927
8491
3848
2741
452
4745
1814
30
2355
4052
876
7618
3204
6689
124
9973
5789
7421
3765
3262
1843
5629
622
5514
6408
5509
4458
953
1072
5066
1081
5781
3319
5414
9507
8137
9391
2557
6112
3285
3693
2247
2663
6149
8589
4796
1409
7261
4651
772
2970
4889
2890
420
5705
5687
7336
9309
8406
8521
8417
260
1731
1325
5060
6891
7602
8813
6136
7278
9954
9634
9964
7161
4681
5220
3947
905
1402
8917
5082
4962
4759
3301
6091
3011
8353
5541
1244
4112
147
5585
519
5234
4180
9588
722
7347
9785
1469
7412
9891
6138
8795
2026
1885
6955
5279
4494
9204
7389
1114
2780
6615
2815
4058
7318
62
7048
8771
82
9366
5781
9218
5178
4044
9543
9152
261
5242
9310
8634
5819
4940
7073
380
2452
9507
3107
8288
4601
8481
1462
1936
2898
974
5315
5074
6291
1523
4181
3160
9391
4401
5711
4847
139
388
5853
5009
7776
2853
2447
2341
1403
617
9007
2900
4915
3513
7395
2026
4996
2835
375
1000
5049
2915
7603
1548
9400
1975
1536
816
8947
83
2934
1807
1535
9568
9173
9432
7771
8542
2401
313
5729
1351
8751
5250
6071
688
4254
6898
2458
4889
7896
1577
817
483
7346
3399
5027
4467
8264
922
5884
2966
3833
1398
4841
2957
7190
5343
3914
1539
5723
4645
8451
2896
2915
709
9947
6515
337
5241
2016
1503
9662
5207
3767
910
2210
5192
1367
6855
1363
4974
341
1939
1468
7443
8314
4956
5327
2180
295
9210
1229
2984
6386
9917
9632
3429
4823
3077
9057
3129
1645
1986
530
8820
1956
9142
16
8575
6753
636
8657
4532
3586
7378
1365
9347
8945
2461
5341
4271
5187
6839
1418
2211
5087
6082
2787
7435
2618
9455
7627
4681
9463
8813
4433
4355
2939
8868
1417
7208
2476
2293
4275
1458
8659
2795
9810
7647
906
6825
6429
1697
7309
9899
6384
4621
2915
6643
8744
8114
772
4632
6603
8871
3431
831
6733
882
1283
6040
5054
4194
8107
7124
6626
664
3501
8992
4636
2074
6494
8322
8831
3666
4577
8830
233
6608
7608
3533
5580
6214
6637
2891
1920
8828
3546
8978
9073
9214
8575
4903
5228
2013
9323
5587
8883
5354
6591
708
8518
2110
9582
3106
9931
4382
5375
6311
2
9846
5358
2944
4806
4332
4356
1714
9440
3646
6543
4493
6731
9035
5932
6517
2064
4950
8223
2136
1956
4770
5083
5770
4763
40
1564
2678
2866
1411
2305
7041
7072
4967
2382
5424
5602
5915
4250
2185
1987
2693
3087
9630
8477
8512
9008
9785
4177
4032
6157
6558
9975
4435
5437
6744
5600
6513
9804
5848
7625
6551
8454
8
1083
7748
8990
8458
1543
6748
4702
1891
8892
2414
7475
869
8921
6418
5510
4977
3840
4455
9043
7808
8265
8896
6555
5086
2971
8598
8580
3196
4653
9204
6148
3270
6355
7787
6163
1560
9824
8952
6542
318
8031
5638
9831
4632
3371
6749
5201
9754
4646
5516
5192
355
3829
6971
5418
7790
1823
337
2536
4036
958
2242
8216
1224
799
9689
4624
3859
2997
7478
9934
6757
369
3387
805
5491
5181
5846
2415
7699
1677
3048
5628
3011
8319
9492
5217
6542
5897
5807
2624
5881
8709
377
1749
4390
7335
6747
6407
4188
3190
9097
3756
701
7000
9180
8766
6888
5614
2011
1063
9333
4172
4349
6916
276
3524
9546
5989
9366
6023
4672
4558
6402
6345
1032
4356
1678
7808
7122
8932
3670
8843
3902
7490
4744
8684
5843
9505
4341
6184
7627
2145
5649
687
5613
6475
6170
9342
5225
7756
4779
908
244
9754
7893
2173
7706
2930
5168
9405
2525
1578
808
3931
9293
5602
9986
7896
4811
8426
1162
3519
3778
3760
4136
6766
1864
410
575
4258
4865
6152
8438
425
36
8782
4235
477
5848
4902
7386
3567
9399
4752
9073
9697
6479
4432
3930
3360
7938
5251
6664
6708
7369
3613
7297
5105
9386
3825
8072
8327
4793
565
2292
1409
8818
7311
357
118
1223
2006
1074
7411
2602
1465
6989
8877
9466
1572
883
7093
1803
1210
6883
7161
743
4028
3686
8218
654
3654
9277
8651
9570
4767
6232
5946
4180
4557
4198
5638
781
6533
1474
7643
1587
1402
725
2431
6555
7759
4856
3945
4517
8742
7780
955
3801
9457
1423
3606
1769
3977
4681
7354
4736
52
2239
2162
4580
4231
1175
866
6028
96
1095
6971
9082
7494
9179
8769
4336
1252
4968
3643
5028
3692
963
3692
8620
6487
4226
1417
2385
3846
988
2066
2053
868
1041
7516
9907
7987
1138
5017
8894
4886
6992
3027
2277
4993
1569
5484
4179
4721
3339
5326
4929
7
1895
7854
6576
6353
9933
4617
8145
7603
9951
8897
7249
2952
1256
4592
4536
1364
7841
1300
103
7435
544
9778
6500
3039
7518
3575
1233
4631
5498
4594
2764
6933
609
2652
7957
9949
1530
1656
5608
7707
9711
7919
265
3969
1045
9386
2883
2242
898
8017
40
4873
9724
1446
1402
8740
9645
4178
5914
3128
3279
3040
836
8717
4917
6383
4089
5332
672
1630
9687
54
8636
1140
7994
6640
2267
2103
7462
1780
250
2173
2125
3688
3878
8921
9636
3737
8649
7797
7907
2420
222
298
4511
6796
6130
1281
1949
7736
3715
1951
3573
1800
1656
2988
9531
4383
7120
441
9445
7871
3129
5572
8674
990
1001
8676
8042
3278
903
6026
2650
1666
9477
8584
4028
4503
7264
873
1289
2083
236
8511
1173
1681
9104
3286
3913
9444
7300
5389
1713
1084
3515
3427
9276
8263
7508
4189
1326
7795
8535
5786
340
6358
4197
9730
8804
4256
3757
9832
4252
7989
4059
8350
2038
2839
8052
2732
364
3533
5648
9513
4419
3114
4106
5457
1659
7632
514
9853
8243
6970
2019
6047
7416
208
445
4732
4238
7263
6680
6328
7491
7276
6782
4819
8797
8142
6150
874
1041
958
298
7748
3039
7728
775
9497
5058
619
2609
7394
278
6311
5265
7058
561
9529
2594
5791
1023
5714
8451
6885
6792
3981
3804
5247
7087
8004
7963
6596
6275
4262
1333
693
8931
4214
9537
7599
6087
9405
9128
4787
2827
6223
3203
2077
3192
126
1221
847
6948
7479
1047
3732
4187
6867
2845
1110
7984
714
3808
1088
2317
2353
9929
394
2393
3325
6010
4633
7105
585
7935
7673
8881
3580
1873
1599
4457
6673
3516
629
1207
3307
6717
4658
7581
4431
4977
693
2936
5250
1095
3330
1583
1146
12
8644
8218
5730
7378
9394
7087
1436
1691
3274
5203
5797
1013
85
724
4605
6176
8189
1206
6523
1195
5365
2862
2414
8147
4259
1197
6608
8163
8070
5398
6691
2403
7767
3749
2959
6853
8205
4993
8669
2634
6808
1017
7406
9146
5186
9584
4497
809
948
1867
5225
9415
4320
8528
3814
3200
1710
9753
3622
615
6299
9236
810
1471
3914
9441
850
641
1016
5637
9691
9850
408
9182
9122
1169
9480
6334
8953
1833
5233
7438
6979
3719
112
2802
1390
2410
2762
5757
9283
163
8233
471
9234
4281
2851
1911
5499
7402
17
8056
6368
9054
4535
9879
9421
8439
4692
2982
1990
6876
3320
5797
6020
4574
1302
3252
2676
500
9602
1462
3568
5959
8793
8614
2236
2250
8249
9499
1703
214
731
6378
1281
4861
1894
6789
8607
1363
8429
9732
919
9675
2977
5261
2946
3785
8779
8910
7491
8170
2059
1650
8754
8435
5577
8064
7764
5289
2479
325
3912
1035
5624
3196
6487
5562
3855
5777
5390
4485
3403
8986
734
5483
9499
3888
6918
205
612
4892
7946
8123
5269
3564
7248
5643
9344
3348
7079
8462
9901
2841
9671
7666
206
5429
4778
402
9362
6074
5953
4073
9165
1832
996
8960
257
1292
356
7951
9404
9517
955
3589
9840
9340
1906
2092
6993
6863
2887
1129
2654
8893
5574
3216
1638
2698
3445
9353
6352
3954
5529
8210
6329
7041
5217
4581
1732
2940
6135
7112
2147
3925
3247
9350
4518
941
8853
82
7036
9128
9976
8603
8947
9275
5703
8063
9829
8192
530
5389
5675
8925
2468
9376
3303
2561
2744
9532
9060
6966
7286
6970
2570
4196
8870
5266
1357
7585
2810
3549
7584
1519
8351
6295
3853
1786
2584
4317
1046
2039
3592
9263
7502
2399
4814
9544
5517
9511
3145
9112
8073
3473
9187
1705
6002
5972
9209
2303
3378
5677
4910
4397
6818
1519
8864
6366
2597
1786
626
2783
4014
7173
966
6781
247
8882
9375
7760
7150
8673
3095
4634
9836
6344
4268
8611
6716
1572
5487
1052
4742
1244
3029
1338
5973
462
1355
6881
6348
5255
2075
2423
8519
7704
5519
8581
1982
9655
3295
236
5363
9491
5757
3823
7694
7542
9202
8811
7789
9614
3782
2762
3410
4863
4600
1229
4815
3773
5284
3452
509
4346
5457
2322
6516
9789
916
2401
4352
8950
8129
2935
7020
1561
2669
3720
6808
3926
4605
466
3451
7135
2534
2859
6313
9096
1938
2912
9617
3717
2866
3396
5510
5445
6528
6147
5726
4997
373
7863
8991
2638
6410
6662
7924
8626
8131
6080
6198
6548
7233
4492
3943
4207
2551
6977
7019
8416
66
3551
3643
4640
4704
2381
98
9726
1718
9112
5746
6182
7921
3742
6438
9407
728
4647
4543
5070
6086
5270
3287
2467
4680
2766
2866
1057
9526
9477
5892
1647
7031
7468
120
713
7926
3578
7128
6206
4083
7442
6647
5852
2164
7744
7554
4445
5294
2640
8234
4915
9505
8676
935
9051
2573
8849
7039
7688
9043
4479
2769
6886
6731
7482
7721
6180
6821
9310
1854
7307
1747
332
80
7034
2542
8783
7437
5621
22
1492
1980
3310
2276
9598
6986
786
4272
1190
8847
5996
4083
9382
2115
8945
4235
8750
8542
8096
5969
5203
2720
6906
8854
4415
2882
6648
8086
1751
1840
2168
7094
2245
9611
530
3584
2652
6306
8582
3064
8843
1101
4393
5042
894
695
9272
3606
5100
8581
1577
5882
6838
4649
897
9011
720
3174
1374
8680
4800
6083
5861
33
3724
7536
8467
4797
1670
5327
1579
6864
9679
4386
4918
2235
3553
7741
8392
8223
7871
717
7541
1132
8899
4841
245
1238
4138
8970
6020
8822
9112
6473
4705
5280
2617
8972
9625
8853
100
9085
1455
5411
1101
6918
2866
906
754
7615
833
3603
7250
185
2952
992
6825
1054
6541
8415
5385
9275
4395
3880
1179
4218
9110
6261
6072
671
8616
2142
3910
762
9232
9962
3252
6896
8901
8740
8279
4973
2558
2726
6115
2560
3567
2566
959
2403
63
8229
5461
7694
2674
8858
7574
1844
576
9960
6776
2149
6150
8892
6982
3726
4582
5494
4732
7355
3677
5871
312
2439
901
3851
6363
4232
9176
6427
3201
2646
331
6621
2620
8532
5267
9650
2229
2109
2875
5996
550
7413
5534
8054
9019
6075
7634
5399
811
3521
4954
7393
7977
763
6991
846
7758
5385
1348
4750
6155
5981
9161
3733
1825
5400
3194
6802
6211
9422
5731
8190
6434
9193
1663
2686
5940
7676
3283
8682
4139
2663
7225
8370
351
1490
692
6004
9262
5475
3677
1947
4781
5329
6223
2355
6717
2314
4946
1770
9995
3757
1004
8638
9273
5669
2513
1838
2783
9704
7991
9656
7961
6449
3826
1343
8001
2127
8030
5368
2877
1211
4524
7803
545
3130
7102
8876
4073
7305
9860
5685
8240
7071
1367
4287
4807
9698
3141
4938
9107
6689
9099
143
1830
5796
1560
6343
9000
3808
1123
6555
9979
7032
2261
3109
8072
4636
3848
6724
775
8516
3987
606
7066
2215
1494
6002
7261
542
2172
8674
6888
1049
6632
4169
9819
8227
7818
3400
7457
1458
619
9074
162
8083
3016
7798
4293
3695
8035
2320
3264
2812
8459
3285
3829
4356
1736
142
9430
8102
797
6382
924
137
7606
5160
1233
7721
192
7551
4543
6465
619
7152
2568
5697
917
1580
95
1050
6321
3522
9514
6877
360
1422
9395
4892
4307
2632
5264
9639
4267
9928
1731
5782
2831
5643
3825
7069
8599
6352
2013
1839
6118
5053
9731
5374
837
7073
4474
5124
8499
574
3485
821
6095
2431
2915
7864
1962
5533
4964
9007
5886
4096
948
6325
6224
9440
9506
2729
9899
9886
8234
9882
2929
4903
3912
7256
3635
5445
1186
5314
8059
9551
2091
4286
7260
4693
9104
8876
9180
6117
2563
8383
3508
3468
9233
1166
6611
6366
2558
2175
5014
3275
6712
2352
118
7013
5939
9108
3905
4543
7894
7781
5240
8307
4663
5043
9006
1320
8013
6508
5848
8436
6016
2490
8525
1814
6666
7800
2035
9427
350
3753
8548
1686
7111
3134
4935
2698
6543
1795
215
9528
7820
3741
2590
4925
4908
102
918
6415
7303
6236
3439
7399
9789
5331
7368
3972
5651
1363
6562
4518
6547
9035
902
7846
8786
3397
248
9600
195
7264
7855
6013
3896
257
3021
8661
5378
9312
373
3829
7027
6845
3696
5340
9944
9413
5498
237
6311
6667
9589
2618
6824
7672
2901
2046
6803
9268
4471
9512
1447
9017
4080
5695
5414
3529
367
3390
4427
1463
8416
8423
6898
9344
9812
1090
1733
7480
3899
3243
4393
2746
7650
4488
7081
4748
2903
4655
468
1996
3996
8700
3768
5094
5853
4492
7176
4685
2438
3560
5676
2895
8131
9826
6068
8385
112
1554
9676
6738
8074
7349
1667
9897
8723
7871
4154
633
6429
1130
4348
616
8127
725
882
3551
91
3174
1144
8072
6579
2631
9979
8596
5501
8697
5405
6178
4237
5780
160
5585
9539
523
8826
9216
9034
7183
9027
3334
8273
9521
1803
7115
6512
1763
607
435
6407
503
594
2050
7727
4029
9881
5809
2787
5483
2262
8907
1823
1529
6518
2839
9817
8726
887
4645
2367
5719
2547
3355
7127
486
1004
4101
9069
8430
1189
266
2356
8863
6759
2277
8966
4587
6583
133
4392
1680
7762
5645
3683
4352
6622
9467
6931
2800
5093
7509
1871
341
3637
1044
2697
9798
3463
4967
8427
8104
147
9016
1178
2398
7988
7504
4583
499
9406
4129
5229
3590
6563
9769
5488
9159
2968
2814
4399
7849
1307
3559
4363
8684
6
6448
5324
3356
5057
6556
4848
1747
5604
9584
2044
7644
1389
7867
5628
5763
7752
8423
1596
8585
9143
2882
3952
4294
5266
3329
2729
5127
4922
2512
7138
8846
1364
1671
8101
4694
9556
4331
3665
9225
128
9778
2797
6668
6986
5676
7967
3128
5569
5306
4539
3865
6567
1222
5511
8104
5528
3798
3413
6420
2253
92
7272
1589
5136
5721
1495
4990
4643
36
5211
7136
7070
2791
5200
2697
4362
8706
2841
7542
8311
4844
5723
7715
7769
4580
7503
8014
5652
1066
5417
932
8443
2574
3435
5036
4673
1869
463
5579
443
1865
7252
9124
9401
182
2675
8257
1817
5987
9921
2103
2403
3474
5803
3268
9323
7719
1853
2096
7518
274
4183
4670
7858
3819
190
1868
9964
7498
4075
2959
549
7127
9917
8709
1050
7352
552
5808
8013
6099
2867
6500
7203
5114
5292
4766
7722
4288
1253
3146
5564
1579
3116
2328
6993
4820
4806
9021
853
6460
7628
6301
5547
7412
3131
4604
743
1524
8812
876
6126
7959
7381
7964
9467
4763
7930
6315
4148
3234
7844
5253
1887
9389
7582
1673
9870
5741
6559
9883
2748
3927
7272
7463
9037
6259
6547
8542
8340
2220
7329
7689
497
4114
1767
4714
308
4606
6551
3149
1754
7728
4398
2870
3820
4087
1400
428
5937
461
8545
8991
4833
3748
7120
3494
6166
9319
1976
5593
3672
4243
3617
7312
5783
6532
9987
1907
4662
2617
1457
5387
5435
6569
7998
2391
4027
6262
5839
5660
470
3609
1980
9231
786
8296
8877
1650
4646
7022
8319
6989
7881
3151
3071
8281
8606
4891
7216
79
3251
3660
1283
4295
4104
8109
6222
6219
3087
3438
1107
5659
7474
110
3012
1531
1988
830
3953
6896
8287
9746
9000
5448
7257
3239
1714
9741
1701
7372
7900
6101
7044
3099
6368
1045
5470
6666
5823
9341
4583
9300
352
4330
5082
7225
2024
7061
3236
342
8081
1924
3013
5477
1897
2992
9573
8016
1440
7076
573
3951
6312
6618
4219
2894
4622
7973
3309
1440
3910
8396
2692
5425
6151
8071
3454
9091
5444
1931
958
8913
8442
9657
5397
9981
1772
1274
2929
3183
7757
46
2642
2188
9609
4001
9630
210
9900
2341
7243
7926
1633
3253
2269
5509
9506
5163
5183
3763
48
4386
3924
1567
3281
8261
3680
9465
5206
4396
7084
2113
35
3422
8895
5516
3389
4793
6766
8518
2865
2597
5014
1837
361
1080
1437
2096
1336
7652
8188
2754
9770
4503
6458
8622
4023
8654
1298
5749
8026
4234
7297
3829
4245
121
8035
4039
9748
658
2218
1198
4362
7133
7260
5514
364
2917
6675
5807
6477
5733
1119
3076
5004
6392
4154
547
9898
4517
2908
3925
5244
8260
666
3482
8205
6839
3135
7815
7833
1823
2636
7645
1283
5545
4788
6844
1998
2748
408
7067
169
4638
1259
1785
4418
2888
2088
5314
5056
4802
2914
2528
3478
9862
4960
5328
9327
2189
784
2653
6905
3033
4196
1870
4942
2394
8354
676
9383
9071
1088
336
7053
4018
4918
3014
9253
2754
5528
8249
8188
8743
6491
6202
5894
1170
9965
8211
4859
7332
2742
8400
1889
1992
4564
3605
1938
3466
934
2737
6585
8977
5790
834
2668
9829
340
7522
135
373
3150
4390
4644
3367
3110
861
9632
8375
1316
3538
4625
9115
85
9734
1437
311
7355
1906
7525
4528
2502
6050
6301
4714
5295
3774
7440
8717
3098
4730
6378
7948
2750
3338
1053
3500
2566
1362
5738
9553
6836
5757
6278
5703
9860
9456
8479
6960
9098
1257
1487
2595
7304
9844
1036
2765
1679
6086
3181
4900
4000
7264
7792
200
9457
6610
2443
4280
3501
1665
1598
4985
5377
5339
3036
4715
4234
4278
3282
4209
8700
173
6500
9680
3633
978
6787
5417
8402
649
2079
9557
9484
7996
8993
1563
6446
7494
1856
6167
4430
7504
5867
9985
8154
4253
3932
3860
2143
3116
9010
6081
9407
2302
9005
9064
6108
7851
9227
4838
2894
3018
8194
2710
4521
9586
6204
5882
8149
3401
2473
2448
7265
1549
5902
213
2584
3946
6553
4070
3443
7882
9772
9294
3266
33
2576
4049
443
6820
2381
9642
1645
652
1454
7610
8017
6518
6563
8611
5970
722
2229
9254
3345
1073
7695
9508
8625
5821
2289
5136
5563
6773
1189
6711
8092
594
3789
9218
729
1119
9812
3966
7790
4643
4145
7621
710
9650
9934
1512
6500
2175
935
8065
1956
8120
8302
201
7614
4217
4073
3840
2651
62
3443
3290
6928
4660
592
4200
9206
2267
8303
9044
1200
3945
9908
5605
5571
3244
3208
9846
2223
6666
9893
720
1358
2170
774
5943
3603
1886
6627
4596
7228
8390
6837
4524
5
7454
3174
9924
8537
3994
4034
7275
1070
2103
5235
5806
708
4518
7114
2078
4736
1636
4020
6928
2314
5304
1592
7023
7198
7972
9207
2575
4337
3558
9850
7395
9212
2351
7334
7381
6587
8649
1269
8795
1001
6480
3457
8236
4761
5677
5521
2068
459
7920
6463
4278
4110
9869
599
8196
1896
8489
848
9351
8192
1816
9696
3819
5053
6981
347
8883
3696
6122
3534
555
6597
9985
1244
5561
4807
8464
7251
3774
8846
7096
5721
747
3083
8648
3426
9000
2927
9300
8102
1028
1330
9655
5378
6593
6112
1835
9341
1827
2456
5254
7302
7887
5546
5306
7597
2482
6758
1192
378
8444
3102
1342
5264
9712
3647
7523
6430
6580
8586
1596
5291
8875
6264
2097
3246
7840
1016
1367
2156
4947
9984
7758
8170
8580
209
1632
5340
7623
8261
8289
9043
4315
3392
5787
5649
7458
1817
642
4121
1010
4073
9874
7243
2465
9627
3488
5056
9962
2899
7594
723
7080
2699
4634
9545
9450
2712
3885
5120
7913
4100
2342
2752
8813
2556
3365
9143
3188
1235
8084
9097
3118
7834
2415
4542
5307
8828
787
8519
9082
6360
6206
6925
8425
3597
5083
3824
5414
2529
4451
1893
5474
4096
8630
8191
3246
4323
2171
6842
1535
1697
6027
4473
4804
394
4263
1271
2982
1200
9359
368
993
6933
5165
971
4300
2029
7924
6074
1062
6571
7404
3927
7004
3506
2175
3525
4
4021
5312
8284
7569
175
9411
8816
1863
5699
2705
5251
3776
5650
1263
1906
9606
3046
5810
2265
1403
5971
5511
216
4728
1777
5235
4288
5662
5925
7274
5211
2256
1791
3259
3578
4306
4343
7107
3572
9313
4950
5245
794
1816
6812
6047
7068
7897
481
6461
2771
6573
6803
149
7707
5063
198
8084
4839
5451
8687
9546
7299
6146
8301
8704
8015
2723
8607
9582
3002
9207
2946
90
3939
2704
1692
4036
2974
1353
9343
8520
2888
8049
6584
3007
8719
108
6587
5465
2734
8107
762
471
3245
5492
2957
3914
9191
4260
2624
9063
6611
966
6916
9120
201
1654
8825
2123
2988
3921
3520
5078
9814
9229
7829
5539
5823
8867
8485
498
9410
2479
3161
4429
212
8981
4618
579
6625
5838
2332
2208
4080
4192
7861
3373
4814
4124
9923
2063
2275
6454
2645
2017
8418
4931
5780
3395
168
5374
8811
6631
2083
6417
1831
8245
5878
9869
4808
2171
3879
7363
3473
5266
2699
3999
4391
1020
5474
8951
4021
1261
5855
7659
6559
1612
4609
153
3184
2842
167
5273
952
6878
7740
1157
3061
3227
7745
8175
3428
8797
3175
1737
7620
1746
7297
8828
9062
7845
7583
3988
4134
6064
9162
7544
2277
8637
1205
1329
7569
9674
2674
4885
6343
5540
9636
8201
1380
9709
4944
5383
6969
4548
2518
7370
699
2586
2674
771
7215
223
1997
4237
6404
7550
1101
3365
3447
8968
6300
94
1020
635
6669
2781
4563
2434
6287
8709
9954
4089
2542
1634
9227
7359
5311
3185
4020
8812
8535
8397
8313
600
5264
2485
1751
9826
9601
8074
2313
683
4136
9542
2452
7328
9438
3857
5920
9627
2961
5378
3493
8375
8346
5427
4514
1356
2476
6136
7797
6711
6917
2071
9779
5468
2373
2436
21
808
9676
1265
4183
7672
8472
2983
2385
2638
5253
5901
6538
660
5678
6829
3646
2220
2214
5814
3370
1715
7074
1207
7178
5491
2126
1776
3335
5847
1998
4348
6643
5523
3980
2623
4385
5735
8450
5207
223
9640
6559
8672
5944
2275
7700
4493
6905
7468
7860
7098
779
2012
1424
3931
766
7452
3163
7436
3837
262
4237
3170
1770
1892
5862
7870
7735
1188
6967
6242
4027
3024
7650
5467
7159
8649
8525
1992
5002
5193
7159
6032
6879
4080
6718
5395
1647
650
8660
1740
618
222
863
9171
1939
9026
4925
7212
498
1966
1545
7611
2789
3004
854
7194
9286
8117
5385
7027
7811
5238
6956
1513
176
356
5148
9751
915
4061
4311
5461
1320
8198
8063
1081
4214
8014
5083
6288
4848
1227
7697
1097
1211
1736
5211
8949
2593
2406
7235
5763
8751
8261
8371
6782
3258
8743
4517
4226
3697
5252
2802
5280
8237
8101
1685
1719
2839
5215
5113
9615
5838
3453
4798
9998
6978
2237
7661
9080
6106
8359
1251
9712
2680
273
8605
4120
1004
9957
5363
1631
7679
542
6243
4110
7149
8263
4982
6135
8392
8051
1718
6537
856
3058
4455
2890
533
9795
6718
766
7696
2163
1823
5118
6304
9675
5251
2046
1303
7384
578
5371
4132
7670
1101
3914
8661
6913
8852
2239
9427
3293
5080
9671
1592
5488
