8146
1509
883
1652
7434
5680
9197
2855
4966
3254
4872
1009
5841
3439
7511
8392
6087
8637
4265
7594
6014
7959
8881
7909
4321
6679
9296
6826
3702
7840
6734
9606
7575
3403
8352
7575
9338
8823
2339
3613
39
6757
9099
1569
7754
2699
4629
4820
2088
7806
2553
8083
231
1888
9387
5674
6753
2617
3566
8929
7972
5361
2527
5247
3095
1748
3704
1296
8601
4045
4690
3359
9356
6747
4997
8472
9798
6401
6889
1043
1224
5594
5534
1001
6654
7324
9423
1138
3064
1476
379
3295
1872
6035
8795
5313
2477
1831
3791
3252
392
1118
9849
6290
1025
7061
1218
4919
2555
3391
2860
6581
6480
832
2040
6737
2407
9743
7808
7496
4458
6378
6548
401
238
3628
550
4747
9766
5717
3119
7888
961
363
8125
9403
341
1204
4088
6676
2441
7906
2922
5513
9110
1319
1260
5707
353
6264
7926
8166
1634
5118
4576
7124
8703
1211
7779
8289
9891
2253
9877
1323
7578
471
2875
2969
5036
7984
4262
5364
2259
3026
6227
2579
4502
5081
14
7274
274
4727
5317
8519
1289
7051
561
1278
5507
5858
3664
7833
5791
9584
4461
1516
958
8821
9343
3517
3017
9647
5877
4253
4262
6615
164
1787
549
4133
2529
1159
2553
5260
7762
109
5104
2476
4588
8659
5802
5837
5292
2274
8030
160
498
930
199
4307
5994
9309
2613
2515
8196
6549
5703
9774
2321
7512
8517
736
2716
1361
4357
4354
7873
7401
1241
4518
3638
2584
8459
317
6868
9868
6918
8244
8375
1703
205
2659
8360
8318
5319
115
9764
6188
6897
7784
4946
8101
6414
6159
8942
2571
8316
1432
8180
6998
8340
3517
6981
5930
5374
1555
5426
3080
7130
9926
1260
3310
1628
4266
5367
8710
1041
8818
5055
1127
1773
3556
1914
1978
4860
1940
1309
9089
3707
7927
8720
9370
2009
3908
4083
5679
3276
9601
9045
5944
4823
5629
3633
2728
3292
4493
8182
1818
5838
5973
3624
9131
936
3579
8187
6248
5457
3640
1429
6239
135
8847
7124
3085
3820
3612
5001
9957
8032
9494
7562
3909
7259
5121
2304
7106
7128
6513
1548
7624
2170
541
1758
6072
7218
6362
1778
7796
1656
7110
4694
4285
3715
6855
1203
1533
2802
5913
3288
7574
1455
954
5781
6200
4921
5024
9945
8930
5602
6620
7618
2737
1635
6229
6624
6711
3739
3389
8213
6895
2127
7246
5061
4848
5750
8834
4040
2160
9438
3851
1389
69
610
585
9190
664
6135
8822
1113
3685
1654
2055
2299
868
221
7126
2921
7995
4460
2558
7493
3308
6629
9250
2317
9823
3920
4966
1575
8191
2156
7100
8545
6244
9621
6571
2172
1130
4185
9376
773
26
1122
1331
4087
5815
6046
5840
2030
4846
7245
4137
3562
4893
4378
2390
1864
2792
5957
297
2693
2862
6325
1356
1191
9212
3976
5872
8718
7260
6935
3926
5327
2443
7678
7049
5404
6936
9603
4127
3666
8452
9410
9203
6261
8703
4917
6260
6985
2940
5828
8816
1813
6149
5747
222
5856
5935
7338
3921
5639
6900
8948
1609
6139
6424
256
1227
6437
7129
6504
6031
26
7059
5787
594
5801
4593
1483
9539
3628
1477
2420
24
3975
3994
6655
9591
4568
9265
845
6824
8284
939
6107
3462
5557
6124
2988
3117
1477
3312
2723
3517
2439
9260
9276
6357
9718
1322
6881
1251
7676
546
719
8005
2430
33
4203
4532
2748
2484
4923
6052
8743
656
2727
4937
5442
4530
7635
9531
7755
9399
2343
4604
520
9788
3904
5691
2339
5155
1847
4526
4725
4643
5489
3003
8723
9829
1462
8676
9615
6349
3590
5646
6570
7580
1184
905
8193
6128
8514
7659
6780
1781
7799
4004
3816
7806
380
7399
6745
970
5922
2857
2356
4534
7461
5488
5287
7596
914
6097
1083
8628
1260
1908
1991
5840
4026
3172
270
2067
9934
397
8178
7305
2618
6252
5962
7699
4153
831
9235
5860
818
8864
4914
3670
2006
2734
526
5430
8447
5700
5167
6143
2055
5598
1615
7016
8596
486
8222
7827
6128
4163
6030
3747
6672
1344
1323
2363
5967
9335
6286
5235
6290
5549
784
7101
324
7888
6407
5036
9849
8105
9874
9314
1608
6637
6654
7499
4153
1044
7211
3384
3681
9226
7708
2798
3912
2869
4153
8999
4921
6201
4018
1427
8501
59
2162
2894
3121
1541
8543
1957
9799
5032
3615
9194
1369
1299
3627
8339
1484
7506
2038
5876
6466
2520
5216
5537
2621
8649
241
7400
4020
3111
154
4793
897
9944
7334
6049
6792
5805
8785
2306
3366
1185
8095
7016
5416
1909
7579
7602
5033
4504
666
4768
3072
2976
9024
412
8151
3866
1060
746
8238
1086
8489
7320
7571
1919
5450
4916
2104
883
308
1985
9999
8636
3720
6230
9757
9043
7792
5220
7510
8650
251
9523
6737
9335
4409
3719
8172
6705
422
8895
5071
3929
5846
8727
9133
3121
3799
109
5375
4137
5201
8427
24
3712
7493
7045
4138
6224
5999
348
7018
1047
5662
9759
7780
477
291
2578
414
6481
3625
4168
7592
4180
1544
5066
1083
4871
7587
5920
2157
1668
4551
4811
3637
6380
3420
3472
6351
7116
7093
1216
6670
2298
507
7925
8533
8240
574
415
2912
4281
9104
9649
13
1556
9358
9833
4673
8932
2208
4243
3419
2382
1036
6800
2398
2127
5403
2863
9041
5227
2347
7482
6703
16
662
4460
771
2742
7979
4936
6750
6093
2582
9968
5737
3902
1981
7563
286
6270
8025
980
4227
4567
4006
1767
3224
6351
2648
7950
9008
6101
5118
5087
9107
8834
294
5461
5645
206
386
8610
1304
8443
3719
4597
7915
637
7992
9939
3294
8313
7638
4965
4924
4959
7078
521
4886
1242
7558
1392
9019
2018
9068
3606
4734
2917
384
2850
6114
3279
9670
1645
1987
6531
5265
3639
2507
8702
1312
4393
2436
712
5668
9375
4817
322
8222
1538
7002
5168
6141
2810
2115
9194
8872
6105
2925
967
9757
7040
1875
3857
3038
7467
495
4865
4708
6121
3833
1007
3174
5213
683
9600
1026
5649
8352
1515
2343
7689
1530
4559
903
8332
8410
7470
3433
1491
3624
3735
8605
2099
6797
8405
6871
699
7546
393
8425
780
2632
7379
6579
7139
8609
350
1689
9901
3801
65
6378
5468
6762
8292
6255
2631
4407
2517
1593
9368
2000
4034
4511
3419
8848
5781
3057
7640
8130
8143
8333
9361
6621
8008
3264
1476
256
8839
1979
1841
4442
7241
6878
6722
3820
4577
6407
3469
4799
532
349
7390
5564
9242
979
7878
2534
7557
7832
9240
9250
9353
1038
2404
3546
9394
3162
4691
1510
5202
2336
6185
2237
5625
97
2877
5650
340
5775
8734
6778
5432
5562
1113
3791
6319
8453
6511
3823
843
3115
6583
168
2108
9488
7532
6745
2795
6367
9518
964
98
1593
6575
4019
3183
4581
1668
8513
3110
1875
5988
6841
8553
5174
6350
236
9312
7848
9671
7583
3606
350
8864
5144
4475
7121
251
3201
5175
7596
8563
3290
3465
1752
1994
173
9840
6255
6370
5984
5399
730
4499
94
848
4917
4026
7155
9364
6573
4699
7508
2497
6841
3867
8688
136
4516
7231
4098
2652
3151
406
5108
5783
5259
5682
5813
6553
6011
7520
5442
1593
4763
9789
2064
7585
6527
7527
2624
7231
7056
6089
8555
3169
4589
943
3299
6526
8543
2104
7879
6441
381
8205
3356
1829
4781
6552
4469
6877
9795
7152
7065
7334
3203
671
3003
5540
8461
2558
159
8281
7769
8152
1872
3101
1634
6490
9710
5463
4015
3751
5806
1305
9651
799
6155
6945
5478
3106
4265
1044
1198
5524
5327
1403
4985
8795
4691
2699
9104
9495
831
13
6758
184
2229
6920
5888
1929
9631
6288
7836
7097
8
6503
8795
6313
6183
5788
9784
9850
6602
2534
6540
342
2989
106
4147
680
9750
455
2483
8236
7892
2062
7659
4131
7954
4224
1476
4188
997
1496
5656
6398
4047
9234
89
8259
6543
3597
4675
6211
7341
7144
2460
8495
7593
4161
7733
2267
3444
8300
6485
5559
3886
8710
8235
4756
3360
9904
7574
8673
5709
4873
1013
1032
5969
585
9706
4143
9130
9952
1451
7956
482
4562
6004
279
460
8081
6193
5948
7989
1031
3563
4973
277
3896
1392
2305
3681
6965
9745
4752
9878
2127
6992
3795
3861
3982
9683
6566
5501
5027
8008
1101
4348
2442
7213
6128
8178
2056
6282
117
9361
8436
3953
9072
9559
8726
8708
7672
2499
1850
3778
3732
6570
4029
372
1687
3911
6133
2384
6827
246
8360
3613
8333
264
2971
4208
5842
6603
6343
6465
1204
6597
7504
1387
4387
9884
1480
6461
65
1678
2261
2025
9336
1052
2043
8275
9205
962
475
7461
1029
6856
105
6183
7925
3743
1947
782
313
7347
8146
4810
8219
3607
7112
1302
8741
2174
126
4147
7175
3796
7482
2242
685
8532
6461
7317
4133
1567
3125
1318
8679
6091
4796
2056
5148
8161
346
6486
5757
6776
1006
9394
9793
3480
5226
1559
1104
9744
7329
5515
7835
7078
1201
8922
7773
4407
7040
5261
5833
9550
1326
9072
3796
6849
7602
8268
6194
945
8398
9217
442
7503
6681
1202
3721
5289
8600
5651
3943
420
7956
2085
7196
2823
6833
7137
9446
7004
6136
5165
6040
4059
4391
9020
8510
9539
3094
7329
4586
2252
2157
305
3915
2382
9531
9527
8996
3397
4971
8417
8080
1159
9092
9176
4383
5340
5340
8873
3884
2828
4338
2031
2147
126
7154
9598
9171
1946
6498
4500
95
6152
2576
2103
8729
1002
3407
9871
359
9265
7757
4256
39
5165
2545
4431
2668
4378
5555
1870
1574
4301
8601
1959
2998
1718
5916
8846
4945
7601
7458
7564
159
4304
7075
8073
4677
8682
1031
4343
5334
5759
3253
7839
1907
1515
9861
8844
2134
57
7007
961
793
12
2887
3796
7184
7301
6893
6370
8924
6650
6296
9105
3797
2147
3617
5374
5515
7965
5884
4564
3771
3957
332
7322
3682
7269
9828
282
4840
301
5237
1903
5586
7455
1293
3284
3824
7891
7161
7805
1728
9227
2770
1281
8024
7575
7280
9952
8194
2609
6588
7063
9887
2454
2637
60
8129
2096
8489
9514
2486
768
9624
7726
6240
8278
3688
9715
5867
7613
8106
1777
7605
1316
7335
3102
6770
2118
9327
4125
4586
4088
3796
1178
6805
9168
3281
819
8134
5391
1652
8736
6584
7285
3708
7559
2270
6027
3850
5077
5874
6757
1369
9369
3040
3126
4903
205
2292
4630
8778
6672
5714
578
9568
9461
3600
5650
2047
2487
6554
5895
9896
2591
1119
775
8012
7978
7892
6384
97
5706
4315
7335
7296
6080
7853
9959
1103
7125
9094
7463
6487
5422
8482
8457
9264
572
4835
3888
5081
9290
8575
3812
6088
1703
7715
4693
5361
6838
1
9921
8426
6437
358
1137
5883
6290
8808
5576
1037
2076
340
5155
1709
2341
4900
6298
5926
4683
2603
5614
7088
2503
6563
5429
5385
8696
3306
4952
8709
9612
8654
7335
8145
7255
5159
290
222
223
5713
8071
547
4226
6773
5608
1176
1119
3814
1361
7160
1378
1071
4110
6037
8664
7418
237
7749
6721
297
2363
1456
8230
45
7197
5
2443
7653
310
2453
3410
23
8237
9966
3466
8127
3769
665
7260
5135
8589
4526
53
3518
8519
349
287
2428
547
2954
482
9231
7559
277
2416
1985
6196
6843
2235
2848
5662
2206
8649
5945
433
387
2694
7046
7816
9075
667
6569
2102
5417
2816
1877
644
8601
9073
9621
3612
8098
9763
3958
8429
438
3525
1880
1881
6709
6963
2612
7819
7553
473
4044
5960
2415
2584
5501
7834
4996
735
2842
9190
7449
9888
8775
4261
1720
1625
8621
6246
7609
5448
9296
51
3621
885
7209
7908
8503
3712
8968
5812
8451
2109
7340
8923
7431
8866
3703
7002
5783
3930
7431
6809
5342
7503
2075
6925
7682
7660
7998
1940
5760
8054
1204
7125
8247
628
8504
1780
112
5466
9881
9292
2692
4941
9918
4605
1350
2096
1518
5271
9128
3887
6792
572
307
8309
1920
4271
8706
721
5127
483
1676
8750
9438
8898
2295
7035
4827
5096
9042
2762
7552
4086
4349
474
8027
334
883
9937
2391
5546
7130
3992
7087
6249
1930
4269
266
6829
956
1391
8534
85
6840
2884
2729
6604
8630
6369
1749
6292
5556
7837
9207
249
4725
4800
3688
8851
2292
1932
9750
2369
2872
2470
3417
3754
2556
2058
2931
9324
6734
3008
2756
1988
5111
6011
6438
3389
2819
3216
1830
5885
8302
1282
390
2628
5798
5553
793
4183
2657
6778
5933
3100
9488
9975
1544
3643
4176
968
4134
2486
9181
9872
5693
7592
5228
2416
2729
6747
3458
9319
7593
4221
2458
1188
753
3914
6168
1380
3710
8
3628
2103
3597
1600
1739
9677
2125
6110
7808
3304
3533
7355
9472
7965
8459
8072
5820
6139
3234
3450
4990
4921
7010
1712
356
4801
2347
198
9509
3898
8389
526
7691
6741
9638
4408
84
9849
7437
2476
5386
7290
5768
2089
6512
8157
7737
6497
2917
4501
4215
6979
3032
2598
1473
1588
4627
2670
411
9030
5509
2162
5960
3829
6925
5508
1604
9430
7252
8957
609
9188
4142
2462
2503
1270
9137
1926
635
2448
9961
4133
4236
7455
2194
3601
6277
5135
3826
5296
6669
9976
3323
9622
8844
7769
4260
6478
6613
7115
7313
3244
7347
4309
3492
7574
6965
7709
808
9564
2034
9139
313
9493
4323
4075
6401
6692
3597
9444
574
2286
5114
7672
7520
3593
9350
8325
7241
754
2769
4135
7255
6824
163
6515
4419
998
988
6758
6809
894
4447
3035
2265
3901
636
38
1718
9480
7966
7651
2190
4001
303
7383
6524
7211
781
479
4284
4749
3077
9576
1050
4264
5107
6591
1362
3622
4551
3109
3946
8483
370
5972
6549
3057
9629
9981
1670
2262
4255
1683
3826
5705
8147
3057
3571
3899
1039
1576
3439
4960
1858
3608
6232
5674
992
1418
6594
4251
7818
107
2743
3354
7135
9776
6345
1071
5721
9906
5065
4360
8151
7503
4101
4220
9203
7886
147
4331
8726
7200
3647
5240
3669
8676
2963
4297
1122
475
7114
7508
5686
1552
2139
3196
4265
3380
9796
8984
1460
9618
6317
2958
9135
2853
3237
7072
4461
7358
1941
5894
1748
9541
8500
6577
4715
3175
5612
6594
7524
4829
4026
4235
4816
6011
6683
3082
3327
2446
5010
5800
188
7652
8266
4441
5961
7498
3694
4144
3643
4817
7292
4650
8420
8264
2503
9368
6768
7636
6823
4833
7673
8628
4428
4394
3182
3618
6239
8679
283
1485
7576
2005
1208
8703
7502
8233
4633
5970
3302
1823
5986
9516
8134
9798
1068
3876
9832
8195
3579
3406
4089
2176
3725
3101
5794
2462
2110
5386
8174
1962
350
8471
573
5593
7451
3564
2188
3131
8888
2814
900
9655
3536
7179
3442
641
2135
3601
5593
9099
9799
3830
8822
269
4239
3043
2859
5340
815
5012
2059
9425
5345
1966
7076
598
5641
1553
2381
6151
3167
329
4468
9494
6940
3052
5185
6044
2779
9742
9585
9359
2392
7931
7928
9328
8410
5820
7006
2745
3447
3183
6870
2797
3546
734
5170
8109
8959
5445
2853
3857
8102
8816
1761
7148
3737
7465
6767
6401
3983
556
2557
9761
4550
6593
7879
728
2799
2853
8149
118
8631
4382
680
2251
2041
5865
5457
9806
2215
8904
8417
6205
8487
9319
3447
6537
9148
3882
3978
8094
154
3620
4966
9380
2113
1245
1282
2088
557
3619
9117
4017
1507
6198
2856
2119
1583
5390
1069
3978
9507
6417
1747
2879
3763
8869
8739
6336
9365
9466
8441
460
5230
1699
8243
2851
2481
5039
5957
4866
3155
2141
2540
25
8270
1128
8762
9108
3943
1404
172
4050
4390
5721
3697
2126
990
8232
3530
9131
7347
8127
3558
5250
1281
1120
8546
147
6032
6531
6503
4437
4616
5986
234
3142
3213
886
6950
3006
1766
9680
982
9611
2545
2739
6131
2101
333
2148
1029
3066
1108
6085
2957
8595
9611
2636
3025
8853
37
5867
8375
2689
8237
7757
5085
692
8267
3213
8862
9901
919
1794
9271
9935
6938
9010
7238
4696
3032
2079
4897
5996
4506
9924
1440
5467
4366
4798
8577
8942
5079
3461
4453
3108
5824
9084
5434
7723
5043
1175
1024
7891
5352
9741
8379
13
5495
1619
9358
1886
1889
1452
4876
2133
538
7150
8432
6643
8635
9824
3110
48
3964
1180
4117
8365
9417
7125
1962
4903
9371
4979
9744
5296
4443
3052
1721
9070
1260
5631
9303
4561
4239
3401
4932
1202
7131
9244
3926
8167
3054
1967
9301
1248
3141
6020
4819
404
5520
3555
7075
8923
8344
6274
8311
1375
2860
8420
7800
1597
5063
9022
1181
3868
7435
1014
3881
87
5427
7225
6929
3312
6907
8384
855
3328
6617
6293
6151
3032
1826
6061
6788
5399
9857
4958
6689
9533
2909
1809
7714
874
692
111
1716
5045
6822
79
8533
6984
582
9700
6413
7047
1735
2508
1266
3567
2371
307
6423
7005
6451
2338
5109
4270
4647
8489
3719
3040
9387
3085
5168
4995
2549
7489
8070
3761
6216
4320
9318
8051
5053
3424
4760
2995
7434
9911
5077
3006
1275
7548
1733
7617
9658
6581
927
7699
837
3686
1811
3239
6941
3125
8981
5393
5825
2456
8168
4957
886
3151
8427
6556
4387
6359
3710
2897
862
6682
1637
6228
8503
2358
7539
4786
8090
8480
7392
474
974
1038
4146
263
9916
3441
8100
7870
9161
3946
3518
4177
3029
1914
443
4531
5517
3224
2806
8579
6940
288
1365
3631
7454
124
2728
5643
1493
4715
3806
2906
1573
1511
4369
6243
4711
8300
9104
6113
9814
5964
4536
1412
9748
4623
5479
6920
7550
3558
346
6410
2257
2948
4507
6203
6161
5951
6197
9622
1948
2949
1
6235
5154
5856
8788
1025
4632
9339
6220
7730
1327
7515
8362
7433
3534
9214
4811
8229
5056
2274
6826
4264
1176
7498
2395
2798
6216
5852
5917
6045
5600
8322
3227
523
4788
6411
1075
384
7246
2688
3828
2768
3690
5037
9191
2635
5243
5280
9011
1680
3865
2716
888
991
4431
5766
1211
9914
4176
422
507
4210
6884
2446
7540
5061
1134
1413
9457
6729
4233
8588
1474
4741
6008
7330
1088
8369
9571
4324
8585
856
9352
2213
7769
8370
236
9437
8241
3964
5487
1027
3310
5981
5255
4898
5680
1265
1983
1803
6415
2327
3742
3509
1376
4156
1671
2993
3314
781
3040
2498
7106
3856
7231
141
247
5578
7889
3421
639
6054
895
8478
8961
874
4418
7216
3461
8078
4295
529
886
5006
5243
4770
8438
4537
6012
348
8147
7154
4469
5849
6849
9943
6847
8476
2088
6150
3870
1726
6686
9258
5364
4219
2462
3645
4052
9391
6653
9870
8744
4357
2954
6374
6880
7661
2757
951
6479
9879
1205
4741
7957
8060
6926
8694
6962
4851
3995
7445
450
5824
9548
8392
9494
4005
751
4379
4044
8863
369
6839
6758
8176
1050
2530
5324
5054
4635
1033
5301
9160
4267
2106
8358
701
3921
1654
4054
8112
2053
2605
6791
5524
3538
2292
3432
4087
6780
1077
1215
2015
947
7912
58
1807
1650
7277
8131
9533
2085
8514
4651
286
598
2959
9266
5966
5024
6481
3100
6379
8677
5022
2552
2334
2874
8588
3292
9888
6081
4746
8546
8164
337
6144
2703
9304
1472
7835
8589
8003
844
9241
4312
9806
2767
2497
3485
1921
3667
3600
873
7596
6061
5296
3991
5339
2939
979
72
7190
5843
6982
6911
6059
2986
6617
5625
767
2172
3051
3077
8817
6883
9707
1847
1156
2973
6242
6014
245
7656
5354
1728
2591
2122
703
2571
9564
4044
9007
1064
5815
6479
64
9303
2874
5221
6845
3677
6643
7540
4119
915
1390
1414
8077
5261
9587
5866
1373
9523
6480
9810
7651
5898
635
8951
7154
6057
6845
7681
338
3778
5803
5705
9535
7563
5702
7135
9670
5169
4538
3203
7785
6718
8322
8404
7707
8170
9599
3868
573
2331
2770
1092
4117
281
7495
3757
3660
2129
9197
5290
5530
2351
6097
5108
9298
1609
5547
6970
8664
3911
8520
8816
2064
5252
12
4578
3178
7462
4874
4997
8359
8885
3104
6247
2746
1734
5991
2315
9295
4476
4687
9515
5314
6467
5724
9217
9198
1162
3824
8004
6030
3753
926
2761
4455
8786
1783
1938
8815
3471
705
3191
9926
2741
1066
1931
5050
2861
9055
4917
2657
1409
5798
7962
366
2772
7476
7080
5110
9980
1346
7936
3002
5627
6671
9348
2646
6943
3499
2763
9714
2635
8927
1124
2478
2037
74
7355
7709
307
5284
4813
3832
6954
301
9464
3584
8791
4092
6332
1530
2580
9822
768
2744
7088
52
8507
7736
9057
1680
7127
5268
2668
5353
5534
9074
7478
6128
7412
6722
5548
7002
9162
8858
4466
4624
2837
4865
9342
6939
9770
6662
3470
5851
1193
5753
4354
4054
7989
9944
9027
4127
2902
5195
222
9702
5045
4958
2809
3050
8313
4059
8179
811
2480
6686
2725
9721
8140
8376
5453
7195
4423
3
8879
7416
1477
7757
6848
2161
8060
6819
2667
7041
8275
8058
1054
8030
485
6405
7797
231
5725
6806
1711
651
2585
8645
4542
9440
436
2333
5778
9529
3126
2436
982
2877
845
116
4240
2659
8701
3959
7560
4636
6751
2294
2695
7665
7713
2050
3709
2875
5403
8823
1857
3355
9045
401
7863
1395
6050
1274
513
8286
8591
8811
4631
2467
7366
2725
5984
5443
9305
8217
5417
1264
4665
9738
9612
4636
2939
6734
1288
4741
6327
4888
7325
6706
4127
6426
9374
331
1332
839
7814
6161
9981
3041
6581
2285
2338
9410
3365
1325
874
3420
6922
6032
1195
1648
875
3605
546
7835
1234
3391
6334
7351
3108
9996
6240
6956
599
3996
3913
5038
2708
5392
1981
5683
7223
789
7171
5831
4033
3838
713
8579
9093
9923
867
7234
326
302
3414
4113
7184
7930
254
5283
6278
7080
5887
7453
6511
1510
6468
6033
8515
1431
6370
4030
4806
7793
2774
9881
9051
3547
9633
8602
5131
5411
8567
4679
9239
6449
5739
7041
1186
9252
545
6125
4272
1931
4111
573
6628
4235
2971
6410
760
9132
6093
4697
2172
5959
1439
4590
2431
4851
1645
7507
6775
8585
7052
4665
1493
7200
8358
4648
1680
2786
429
9843
5687
6701
3440
626
8623
9138
7462
3956
3589
1429
1835
8710
5982
4791
1225
3520
3179
5293
6156
4135
9157
3763
6956
6402
1234
1067
6573
7853
3978
3735
9524
5573
3571
2277
1335
538
4425
4671
5301
8932
8687
522
1093
9093
8441
7130
2844
8670
9829
7364
2671
364
8151
617
9304
6148
3040
2356
468
9306
3240
4828
1980
774
1211
1332
6141
1314
8819
9130
6929
3852
6696
1554
9746
955
1534
8149
9044
873
7495
2814
7984
1819
232
3788
520
8239
4590
6094
7735
4725
9953
6555
7116
2880
427
3889
5530
4005
555
1530
4128
5755
1123
8795
6130
4081
3747
6846
6495
2699
7401
9452
5881
1087
4826
5006
9936
8613
1828
5464
8996
6733
7912
9917
2550
3447
2361
5375
7447
4164
5950
4971
8783
981
4765
4323
7607
8018
9299
37
174
3853
8930
459
9332
3432
9165
7710
9801
832
6632
1735
5625
1196
4693
1672
9839
4806
769
7174
3565
8814
4989
2510
4139
2451
8620
9207
9642
9661
9872
8852
251
9078
4160
6190
5193
5002
5640
4165
7796
4615
6975
6695
69
6063
4640
2071
2609
9210
7813
9690
5222
5910
9932
5526
8560
9434
3305
7187
7372
3345
8838
7728
1468
8554
4907
8483
1402
3548
1654
5084
2037
6855
9595
7582
8670
2699
4333
5110
7195
489
2349
7898
1877
6301
6414
4596
1792
9829
2969
855
9676
3428
7984
5906
5033
797
2267
7467
6674
1633
1975
1747
8587
5149
5160
4514
6992
9730
577
1271
5769
8199
722
9405
2052
8193
7052
2856
3721
4940
1716
340
5755
9385
6748
1420
2996
8062
8655
866
2700
2346
3594
616
1469
3824
5932
424
7636
9374
872
2766
1981
4268
53
5002
6782
4112
7545
1876
5632
6746
2510
4485
4194
3390
3940
7595
5138
4242
2347
5804
8844
7517
3072
460
5173
2460
5938
3488
570
6283
6398
1282
9092
2153
4033
1727
5560
367
5281
27
3970
7683
8603
4534
4544
406
1976
2041
8357
5270
4522
3117
9341
8426
6398
1969
9663
6915
3630
2060
5943
8881
7487
8224
606
8487
1214
8415
4787
9014
438
3350
6601
2917
7442
308
1388
775
3603
8145
8549
2014
8801
4157
2993
9018
1341
9878
7895
2855
7055
2101
9414
3198
1609
7459
3407
7228
5796
3759
8715
2316
9590
8925
1568
5115
7090
8892
916
5304
1131
9067
4995
5686
3288
96
5368
1616
2303
7580
5815
1773
1520
7113
9971
9214
3845
564
3396
6312
924
6864
2900
9708
1805
741
8354
1729
5139
5811
9995
2851
8157
4232
7248
5735
5115
3737
3495
5133
7673
4251
4882
9518
9758
568
256
9690
9865
4564
3622
6803
4474
307
144
7261
7257
8066
1640
4765
128
8716
7744
418
3796
8329
4511
252
7476
3819
3061
5788
9682
4467
7066
7321
4593
841
9383
1512
1413
2180
4916
4543
7347
5690
8947
9643
8323
6313
7565
3058
5460
3567
9604
5732
9411
2798
7530
8866
9177
1821
8113
313
6755
323
2366
5320
4107
8643
8263
9524
4279
4574
9031
4301
4260
1697
4450
4580
3187
412
2490
7052
5813
3307
3912
2340
7840
9831
2973
8149
6666
1274
3250
1672
8363
6050
8815
8582
9308
6949
7426
2870
8778
6589
4274
6425
7033
4655
1884
9825
1947
677
4248
6072
6062
9053
973
7191
5123
8861
316
9514
8586
9562
8323
7269
2380
5139
4992
5633
4291
3435
7345
3829
2732
4497
3637
5993
387
1586
2518
2614
5216
1179
5915
8102
2692
3770
4631
730
4733
5559
1229
9616
2806
2233
5630
9664
4934
9956
5030
9482
8908
5404
1253
9155
6948
6242
5437
4462
227
5762
2106
1634
5226
610
2062
2054
7715
8459
6341
9479
4302
3328
1461
3251
5968
9803
9615
9787
2761
3861
6129
1143
3935
7222
471
3912
3194
4184
6452
3819
4441
4771
1832
1483
9431
5654
7518
2554
5083
831
1745
1129
4854
7296
5222
8759
5526
7065
9067
2644
8060
5833
8562
5667
8732
245
2229
7815
4677
342
7547
3230
6184
1062
1761
9633
6610
6861
8628
7206
9610
6499
9739
2128
2527
809
2072
5921
4285
4891
1814
5540
5844
7580
8188
661
1418
5257
9983
4067
9026
4140
1819
8192
9674
5008
6783
5896
5476
7006
7015
6378
8382
2649
4049
7767
2809
4430
6301
6364
7448
4546
1920
8784
3795
3165
1458
7316
1526
7396
6247
695
3766
2651
5226
2185
8480
465
5064
4382
5769
1968
5838
5467
4676
4228
7302
4770
7258
7427
8817
6455
2150
4487
9387
8904
4618
1125
2929
3935
5181
3588
7904
4391
4301
3339
9722
818
6316
2821
8988
7966
1870
4095
8554
9684
4376
2625
7599
6381
2739
1772
1531
2709
9503
9675
2346
4361
892
9084
5271
1952
2757
2478
4039
6847
4386
9305
8894
8482
327
9560
8610
5249
8898
8072
173
1322
4889
6850
7584
9950
3146
8632
4240
9683
9137
3379
1758
3763
2429
881
1777
4464
9045
6865
6253
3594
9111
7032
6096
7502
6887
3313
7597
22
1317
9290
1024
9537
6560
7220
6023
7024
3635
7366
4012
380
6239
1484
8614
6573
6120
6181
1374
7254
5923
8626
1489
5341
380
6626
5081
9784
9884
7419
1682
3227
4036
4721
3010
2618
6588
1535
1869
5933
7349
7015
7071
9147
1097
9296
3623
6327
8294
2598
6132
2313
7516
6156
7356
1812
4884
4565
3142
967
1513
3981
9607
7421
6017
6279
8369
2766
5443
3764
838
6878
4649
300
3183
7078
1136
852
9419
6346
9570
317
1274
3871
7869
4294
9947
8083
4585
8936
6738
7074
5568
4418
6570
3739
6376
6694
935
3371
5782
5225
4482
9521
4842
116
2539
9912
5466
720
5255
7946
2211
9205
7684
6918
1105
6757
4164
3421
9692
7188
9638
3661
3231
2527
174
1358
2983
7879
9899
8782
3865
8269
1758
3068
409
8522
5141
8435
1917
8315
4197
1154
9976
8439
6920
8233
4098
1073
6538
2622
4139
6367
3548
7469
1367
39
8876
9458
3575
1803
6062
6586
3470
2455
3105
8864
3733
8241
2687
1380
6583
4697
2825
7917
473
8621
8722
9906
1634
6007
556
9848
3566
5868
1253
573
3311
4673
2929
1685
9348
3854
603
2384
2309
3241
7010
5474
6328
6649
2952
826
5862
1883
3429
7822
18
6394
1022
5367
4082
1501
4478
4966
5795
2674
2244
7032
2157
694
7835
3114
1071
8714
6335
7063
946
3159
9087
6274
569
2272
6681
103
997
4650
8708
6300
980
1568
2452
7905
7554
1099
1660
2384
3809
9102
859
2042
6559
1971
286
9715
7682
8723
1463
6576
4211
5496
3643
9541
3919
3781
6963
4183
5119
4847
8963
5347
1643
6733
7357
1703
6577
6879
3382
2391
1232
3049
6915
3584
9008
7529
6619
311
7394
4753
5849
4213
5117
482
7757
1035
5656
1481
1124
2593
2784
8195
1800
6731
8552
9384
3303
5354
9255
6890
4162
4995
306
731
8842
6575
6637
9614
3756
1043
1301
9573
9765
5379
1275
3966
7844
9095
6106
1314
5111
4804
2019
3598
4321
7707
1372
6535
1087
7893
4935
5078
9584
6258
2371
1933
9322
9517
4501
4240
2656
2334
9477
3722
5159
4869
3812
8600
8736
2218
8366
1343
372
8137
8857
4947
7828
9230
239
1838
7245
7319
4376
3719
6617
7138
841
7749
3418
3652
1373
4253
4260
8351
9583
3875
9411
6642
8786
7519
5248
9153
2538
753
3244
8166
4384
5431
5014
6671
5614
5208
9066
1622
2414
8354
6441
4822
6684
828
9213
4607
8036
4885
7939
8968
7968
3713
1594
6099
1099
523
6251
1489
2453
1343
6838
1610
4277
4338
9663
3022
638
4935
2098
2305
3124
5217
9765
6569
6403
8118
942
6547
8072
1808
2442
4227
3277
7292
1234
4855
919
2763
1250
8739
4901
1522
5424
1741
845
6367
8851
4617
5981
2310
158
415
7492
1165
4652
6045
2509
6109
4628
8825
1151
1696
9340
1305
2547
4914
9568
8018
2590
5916
9447
5930
1361
2798
1313
6282
7570
3428
7634
9340
7202
8738
7845
5064
3579
6116
6841
2161
6505
8580
6220
5134
8829
5277
8980
3972
9818
1493
3306
3963
6055
1869
1322
3691
2229
8778
4246
7806
6150
8957
6255
7340
4596
5360
5546
4457
9183
7974
2567
412
4360
6838
2220
5152
2830
2892
8923
4559
7232
7429
891
6603
762
8903
2698
841
3543
6660
3274
6638
6037
4715
9836
4243
5553
5173
6947
9415
7012
67
3888
6711
4492
2469
2825
8700
5843
2553
4900
8417
8639
1969
1256
174
2091
373
1320
9477
6219
1226
1148
6255
6479
101
577
6866
9409
7647
9045
9403
2343
1071
6501
3736
8242
2575
7560
2387
4814
493
4253
881
5698
9085
5087
6502
263
5888
5921
2562
7769
1336
1199
1187
1064
3952
2450
1428
4797
5845
4654
1052
3195
7450
69
9756
2856
7525
3409
8763
6730
4233
1887
6732
6482
5839
8579
4780
1757
4996
7799
4010
6541
8925
6725
7414
4756
8857
8401
4266
9507
6044
7416
9187
2988
8380
1044
9979
6961
1192
5456
7966
6919
8130
8713
2163
6584
3250
9700
3846
3228
3362
4888
1278
8439
495
2876
5272
3440
7956
46
5042
2833
9850
9314
354
5715
3186
7984
383
8547
3704
13
1877
9832
1435
2599
9240
2714
9667
6949
6959
7921
1452
8327
453
6154
1109
1038
4849
5961
4253
9866
2465
430
8822
676
8841
3603
1272
9379
4059
5440
6683
261
768
2343
8856
1815
2862
8810
6638
613
9068
4589
5716
1538
3837
894
884
5719
3887
8665
2420
5906
2494
1667
1588
2692
5205
7284
4551
3973
45
8286
993
4379
2452
9533
3606
979
230
4635
7276
6532
6596
8908
2264
1794
39
6613
3991
3931
8183
2442
3103
8972
9058
9479
3463
2414
7300
8457
2379
3587
4665
6027
6980
6186
3932
2983
2965
9509
2804
6886
7129
2354
9707
7392
3055
4292
6560
6735
140
7079
4488
2265
9730
2328
7267
2725
8573
277
3800
5055
8986
8439
5369
3879
7221
8268
5558
1568
6335
2566
769
2793
7553
6298
7090
3810
4574
8727
4881
3388
8581
5341
5908
9230
7816
3894
9122
1033
4469
99
222
8912
3406
4967
7068
3812
1763
7617
7668
4745
5798
4503
9999
6226
1577
8412
3227
8103
9012
8362
8052
9128
4599
4556
9804
5101
6772
942
1732
2164
9250
1598
7457
5930
1912
6153
973
7527
5871
3765
9746
8342
9169
4810
1515
6297
2272
4334
8172
7798
7955
1602
781
1171
8499
5609
8193
9348
4210
7295
8024
1857
1178
5397
2793
8742
2944
4343
5934
1935
272
9420
2069
2854
5558
6567
3453
8462
3623
1551
9826
1927
8557
6066
2019
8119
7113
6313
650
8687
2750
3023
9959
6188
802
536
3438
1878
4543
6570
2276
7138
3896
3598
9856
4232
3422
7383
5526
8128
3897
8158
8711
7437
2226
5157
49
9191
7784
5796
9704
9126
9325
6639
4242
6419
5573
4480
2547
9437
4281
2378
8137
6904
9122
7260
9923
7174
1124
2851
5985
6753
1510
4119
5248
8114
5809
7138
75
5949
4863
1387
8741
499
6991
9801
533
6356
6967
5633
7750
5243
1695
4142
8309
1646
9525
1446
9828
912
9988
2491
1080
452
3399
5026
9531
5994
5264
6702
4309
6528
8706
7996
2407
3513
9233
4503
2168
2199
100
8341
2173
5522
3216
9890
5572
3901
115
7910
9528
7512
9859
8198
7031
1100
5892
8361
3600
5279
1853
9044
4559
2364
7165
2
9504
9286
6767
2777
9361
4897
5850
409
7967
4058
9602
8627
4532
6312
84
2254
5520
2655
7156
5189
4480
9934
8071
2252
6222
8755
815
6435
7316
7422
9583
5641
8392
1389
6854
8889
4927
5002
5474
3105
2330
9867
5869
8157
7964
2101
8050
9565
7501
8936
5430
5452
5464
3658
7648
6736
160
6707
2551
7292
1345
9926
3289
3883
4889
386
5100
4034
2489
22
7731
3673
6036
7358
3726
5405
5643
8049
9800
2545
7514
1651
8420
3690
2870
3048
9333
7516
1953
8336
6306
7752
7768
6586
2591
3824
2674
878
9766
3537
7190
4274
8496
342
4457
9000
6499
9238
5686
9978
8537
2153
1596
7087
5611
5773
2403
4050
5698
2223
4190
5672
6350
5744
2656
9330
270
6566
6183
1038
8576
6547
8910
1237
2884
9835
1093
491
6571
5790
8389
726
7619
733
3933
3318
290
9680
7046
1390
552
9175
284
9994
660
7561
2116
4524
1576
9604
6013
4660
8020
8237
7979
8409
9865
7379
3591
8420
5309
6280
2567
624
5810
7651
3508
3489
103
8951
4026
4674
4808
8637
1751
743
2101
6931
9876
4712
719
3711
6822
5692
5162
4499
3384
4655
9385
9217
2276
434
5496
7339
4386
482
5018
7432
3252
1614
110
8631
4272
6993
4851
6581
7980
6941
2108
6593
7377
2835
9867
2321
7726
5284
1948
9143
3489
66
1986
7614
1172
7907
6265
3830
8707
7057
541
392
1695
863
8345
3717
4383
6024
3409
943
8513
1103
6867
2365
6360
8966
636
3416
5203
1324
2012
3593
9242
8308
925
8369
1533
1101
526
4171
2921
1042
3814
5774
7113
4353
3866
109
1088
7637
2921
388
7820
5657
5999
9717
3951
9533
8088
3909
8494
480
9981
9084
9893
1479
6791
826
7863
6837
4905
8153
3288
7535
7648
7382
4183
8439
7322
8054
8208
1996
1406
5565
2570
1857
3738
2847
252
9051
7223
6529
7499
2745
3283
1361
1204
7461
4625
380
6442
8658
2166
7272
3773
9026
3980
1717
3130
8509
3999
8094
6124
2162
835
2868
1412
1202
2615
6249
8427
4353
1972
9207
3181
8473
6456
7876
6160
9772
3542
3490
6355
9496
6151
7539
7387
868
4112
8611
1382
7270
9384
9512
3733
5200
7995
699
7249
9347
9641
8787
7291
1310
6696
6959
467
7921
7949
7482
8188
9922
8846
5188
3014
6836
9210
4814
22
9262
1458
4361
7712
5541
7219
1284
2915
5780
7861
8223
2008
2525
4984
267
6399
4069
173
6273
3644
3292
9434
2636
6864
2266
6652
9088
4186
387
2126
2618
6790
1731
6787
7366
8899
5543
55
5521
5496
2279
9467
6629
3925
6461
3155
510
3631
6775
2098
1992
4264
3275
7609
4090
6128
1357
1003
9897
8515
2242
6558
2463
861
100
5967
6258
8868
6693
2315
3416
2710
5389
4272
2894
7311
7785
6689
923
5280
7803
2075
6697
1543
86
8508
8094
4998
1800
3492
8423
6551
9548
9962
6670
4802
5976
212
541
348
3892
5845
3698
7160
9215
7030
6036
4834
7951
2324
8572
8644
6486
1112
2597
5259
9008
4305
6089
780
603
5376
9086
4272
9671
3028
3694
4411
8725
8821
3724
9020
8316
7973
3572
7285
4885
9160
5880
2291
9653
9685
2755
7109
2341
5612
5909
1158
435
2619
6906
4785
2035
2203
9929
9112
7861
9611
5943
5060
5947
4427
8954
165
709
2064
2169
4321
6646
4615
4312
5884
5741
2464
4073
7741
6801
3871
3747
8846
4410
8328
1464
537
4976
924
5124
8487
7421
9164
103
530
6464
737
7154
7820
7174
579
6493
1760
473
8249
9043
1997
634
2106
6001
1371
7441
5072
3499
2198
7665
7866
9966
4492
2772
9514
9986
816
2368
1665
9960
4348
5788
2781
7655
6420
7460
633
9871
7320
5172
6691
9870
9468
4240
3984
8965
5182
4707
775
4724
2253
3167
6036
1595
9244
5589
9095
8479
9052
2604
5054
1719
3628
4107
9651
1333
4957
5760
2043
2894
7404
5982
1708
7428
4368
8372
6085
6909
7802
1147
8916
3523
2616
2154
5317
6716
9243
5264
8550
3230
6702
1578
5162
1832
5407
6759
9748
6242
3626
3995
7898
6872
4061
678
6079
4461
7275
5658
191
6371
6885
3136
298
9436
7358
8680
7666
1568
9005
2661
1644
8034
6358
6457
8140
7316
5480
7212
8527
5749
2975
7609
7603
9775
4454
8176
1961
9570
3049
967
5559
8051
9207
5106
7587
4818
1419
6653
8829
5464
3829
7524
6644
2868
717
787
5398
8576
9746
2546
8738
9171
5558
3859
2443
4682
2817
9635
1760
3483
3107
5314
5106
891
3244
6274
6805
6729
3503
9376
5143
487
3004
831
8438
1399
6110
9660
1029
4728
8036
1424
3173
4906
82
2607
3638
731
4923
2065
1501
7808
200
2286
4087
8637
4270
9873
1324
1315
1483
1591
2850
3691
5524
9644
3153
991
8527
7382
1746
1420
459
4576
9909
6070
8059
9609
2900
6562
5045
4422
6693
6295
5686
6951
1278
8919
1937
4876
8362
696
300
4017
9895
1791
8306
4469
5275
5220
2139
7639
9309
1157
6235
7779
52
8633
2960
2307
5488
6268
5417
6221
703
8598
9308
7277
2658
4823
368
228
7974
2350
2363
393
239
8368
6895
9103
7267
8881
329
6161
5461
6120
5036
7330
7981
2051
1858
8122
5764
7841
8200
8632
5621
6530
1469
8048
7591
8956
741
1575
4549
995
450
7017
664
3560
8682
2992
1692
5498
9213
5889
9358
3490
819
8027
4093
2403
9585
5240
5255
4117
9942
8089
5635
2826
8005
7279
7507
28
6381
490
804
2978
3108
4788
78
6265
8614
6081
5826
7332
3666
4641
7499
3271
8171
3650
46
8023
5378
5910
3204
6225
8545
2388
2892
2403
7463
5132
7083
1917
343
6201
4275
3157
2553
3750
1323
8833
7410
6171
8782
7894
5850
5278
6159
8611
1142
9936
6506
7638
2032
2227
9627
9538
2723
9296
5874
6119
874
5334
7926
5246
5506
9824
6315
4286
5071
127
5481
4265
2272
8770
1126
6954
6237
8372
6322
8622
4582
59
3385
1002
7551
4432
875
2113
3966
7653
263
7032
4032
9092
4754
1450
7154
1087
3585
8900
3919
5869
8681
5915
96
9449
7000
8048
7134
7366
1112
3709
7984
2608
2593
2029
9294
1694
7683
5644
1008
972
2312
9160
2265
1505
4077
9355
8071
7560
2052
3702
4725
690
1407
9678
3191
8691
8737
8492
8711
6249
5720
3384
1818
2068
3275
4429
630
5407
5733
8906
6783
3546
4717
8742
7714
489
5381
4244
6121
6384
3478
6444
3385
6611
302
8696
7484
9249
3983
1887
7522
9713
9845
6596
6367
1792
9561
9842
87
4979
8707
3705
7891
9052
4977
7996
9106
8183
4805
9433
4344
8499
4420
5312
6471
5001
2476
549
3238
5999
5313
3135
7537
5826
2615
4546
3072
9490
806
8475
3001
6124
3845
3322
6561
1652
6275
1382
4031
4871
1328
343
3539
5373
7717
817
4122
6115
2314
6958
8264
8291
2356
5941
3660
1194
28
6017
8361
5195
4335
2233
5669
1652
2
3463
5114
9597
838
4356
3717
5399
5448
1070
7351
8231
6492
169
5453
1140
780
5977
3635
4804
6407
2829
7760
8627
4878
5187
9996
1754
689
360
1997
4759
8203
5705
2926
1332
5810
4636
305
8085
362
3460
9862
9781
641
4174
6450
6732
7224
6692
1893
899
7550
7650
7194
7308
9187
1962
5902
7795
1369
7564
2652
4821
4702
3445
5889
4101
1620
5959
6623
6142
5652
8679
5680
8445
5828
6608
372
2057
3692
6420
7771
8476
4278
591
5832
5457
9139
4788
5512
3216
9076
4662
6709
5683
6535
345
8375
5044
2854
4339
8465
1588
3462
1287
2521
5087
4979
6109
652
8337
1728
405
1399
8320
5609
5685
7584
5497
2511
5980
3601
7154
460
1709
5808
6450
9583
1278
7702
4807
1620
6829
9362
1666
7183
5809
6303
2240
2279
557
6296
883
1683
4015
4019
4962
5709
820
2424
1719
8604
9542
6626
8472
1362
3633
798
4777
9120
5780
1090
3644
3418
2782
7863
7760
2634
5809
8730
5839
9661
3962
9784
3643
4523
7438
6199
4030
1008
252
4916
451
672
1490
1560
8730
4559
8371
891
2665
2878
3994
5132
18
5513
7608
7304
6807
1740
5459
7381
9443
5806
5848
7472
6241
6133
2884
8545
2099
9820
9610
5239
2722
860
2672
7235
7670
7
7504
5310
4744
6597
5118
7749
1708
7798
9033
8088
5218
8720
3615
8301
967
7633
3137
2490
3515
4124
4276
4911
9051
4462
3410
2713
9427
7630
4095
8178
1190
7586
9393
7441
9073
2087
8351
2660
9410
6170
5865
2459
5291
8765
388
1082
1913
4292
4534
142
7562
7142
9451
8118
2923
5873
5062
1823
8996
5696
4740
948
1823
2343
4808
1485
422
7781
6344
6339
2841
8392
9244
1775
4127
9217
6214
6458
9092
3665
7413
5810
2278
6673
4859
8162
7263
737
9381
748
7557
8453
1893
2974
1720
2239
5071
1603
6070
1793
1141
7482
9344
2468
6412
6289
5049
3258
3430
6389
8861
1351
7199
5352
396
1346
2754
2930
983
1095
7597
2381
1603
2909
3959
3893
8122
8389
2684
3573
4093
7474
2633
8969
4988
7510
6964
7419
1514
6083
344
6649
3842
2169
9255
8000
3033
3749
898
1408
713
6469
4863
7859
3162
7121
5791
9388
1343
7810
4466
8934
4156
1469
9502
2324
8177
7104
1615
2525
3531
3589
7806
1915
2160
4144
3268
1765
1724
9726
4753
9400
5654
8480
269
2585
7453
120
6506
7529
5247
8662
7192
1644
802
4275
2667
4682
5748
5186
3455
2187
6577
3552
8283
3356
9163
5007
129
1335
2969
188
2184
7738
4932
7968
9345
4758
3065
4347
9815
7603
226
7995
5718
7221
9247
3296
1234
8249
1578
4404
1709
9975
3014
9310
7433
8716
1656
1187
1324
8476
5269
5421
650
2995
7451
4611
9077
6392
4611
585
6837
1461
8680
1991
3627
4402
3665
8398
941
2268
7687
6994
8000
4732
6003
5947
8169
4910
4629
9306
812
4930
8673
1888
6905
695
4246
9040
5413
6847
7903
5385
1427
7350
2995
8708
6355
9288
7986
9972
5106
7477
7839
8141
5105
5340
5920
8969
7241
3102
482
171
9417
7821
6813
1542
9194
1033
3338
7464
3277
8850
7613
1006
7996
6253
6020
3327
6831
1996
9181
9481
8078
3076
3650
1856
8218
8004
9274
5492
4303
6302
760
5270
1706
7550
1448
3626
1952
7082
7086
8788
9071
7026
7440
7841
1833
726
4047
5893
3610
5812
3057
2526
1176
6189
3187
9342
8707
6022
123
7919
3486
9449
372
5767
5378
8195
9505
8985
2999
5505
2042
4229
5694
8916
2778
9349
1928
6237
2291
1560
1506
8836
2547
4396
1145
3827
2074
9859
376
2063
3987
124
7470
1998
4330
3993
3149
417
2620
6868
3239
9776
1304
9437
46
8510
5879
9490
6296
5003
2863
3335
4729
8136
8499
8130
1096
7349
7095
4103
8224
2941
4267
6134
4057
3013
6969
7442
7133
6855
9176
4240
8854
5881
9368
9115
3039
2266
3521
2651
9796
2329
5257
7325
2521
6400
2969
5069
3960
9426
2297
64
9704
6892
1159
1307
5244
8749
3681
5268
5731
31
8851
7584
6007
543
9483
4136
2105
7640
7173
6084
4454
5444
9320
476
7288
1080
5013
7914
8429
3506
7597
1404
8482
3346
3073
6020
8793
2744
5141
7272
3013
2744
9650
7208
8035
1925
3507
1166
6213
4108
5664
4834
2286
4840
736
821
5235
6050
8975
6283
7408
5775
9878
8320
701
5208
545
1843
2306
8404
4037
5404
603
977
7455
4057
5146
2849
4253
4777
3367
6693
342
9169
622
8111
9003
224
9502
5751
5281
4771
8959
9617
6601
916
3735
3627
2657
228
9795
4093
4295
7753
2066
9294
8059
9011
6619
6506
352
2074
627
1993
2749
4518
9926
6289
7911
9620
5798
1844
3728
3500
9752
2584
1902
5075
7454
5276
5948
3685
755
722
2812
5039
9790
8740
1709
4699
5499
4671
3598
9805
6613
6699
4780
3894
4117
2682
8519
6766
538
2361
9276
1181
1008
5852
5199
819
7980
2126
5836
9467
1738
1831
3684
9613
4372
7243
151
9803
5796
8413
8809
3989
6514
8630
1353
2833
3395
4214
4639
6480
1474
3351
337
666
6949
6187
2294
3191
3949
3722
531
5750
420
6186
4929
6946
6504
2515
6164
5863
2180
1311
6173
2030
9601
249
5572
6823
9560
5260
809
3385
831
3036
9571
7011
5742
408
8980
5611
5268
1955
7449
314
2181
2858
7724
9626
1355
7449
5608
6586
2182
5166
6110
7336
9235
4697
6396
1234
3836
3986
2772
7156
944
8457
7171
8028
2954
2349
7138
5755
4380
8342
2131
1729
9171
8816
8127
3853
5459
8022
1959
9652
885
8211
6616
6441
5378
4312
8803
3752
7194
1186
458
264
2391
4628
6658
7340
7489
2324
3345
3919
16
3800
9660
3029
1885
9014
1307
8427
6095
3697
3354
1020
8130
5828
3125
8622
9600
1655
6456
9309
3171
1621
3459
8218
4626
6183
3170
9943
43
9085
9979
3892
3465
920
8573
7903
3235
8978
8275
6250
3178
319
2131
1736
8203
3758
857
8018
2592
3041
6872
7517
3195
7855
9011
2308
9119
1530
4255
259
4047
4292
8817
6319
7322
8742
7279
9368
5121
9895
5110
8317
3638
5518
6870
7238
2043
3817
9675
8252
4173
4558
9083
2595
4409
6594
2468
4855
4984
9498
3160
2694
9118
9468
7144
4576
6758
35
2976
955
7505
6200
4687
207
8310
6609
6933
9162
1930
2106
1436
9545
5804
595
3807
5808
9986
7524
285
6949
7119
8487
4622
4694
7001
5468
6353
3138
3274
1065
3068
392
9983
5665
908
1082
1314
995
9506
9654
8689
9723
9845
8340
5591
4867
6109
390
1962
4649
5493
8696
6840
8125
3162
2302
22
4441
3050
8446
962
3877
9075
5781
5856
1984
5429
5179
1942
9062
9140
8168
1382
5981
2810
9419
5802
3942
572
8982
6548
128
5680
1962
5012
3409
3871
8213
2032
4289
2659
2277
5265
1067
3057
4283
8703
9866
6890
5804
9044
9582
9793
780
9509
4114
7294
523
2872
3263
8960
3562
1958
613
3468
5617
7688
1362
5708
2334
1854
5633
5520
7614
4239
3059
6525
3300
1454
2617
2640
1827
7909
7616
9367
1992
7704
9496
6670
9469
9913
5678
384
7876
8730
6088
9491
3278
4243
182
7282
4839
9231
1278
5501
7014
2306
7878
1857
4155
7960
2232
2969
6674
9656
4911
6755
9037
2933
352
571
3772
1728
2459
3971
2368
2549
1207
7877
3555
8007
889
5151
1723
3276
8171
1092
3480
6524
3428
6218
8274
7070
1983
7835
9823
3110
2801
1377
8690
4189
967
7250
2762
2314
6834
4026
1617
9567
9129
4223
2794
9400
1481
4609
2864
3413
1865
9016
3825
5336
2266
7970
5868
9197
1503
6094
800
9196
7609
5224
6568
4692
7406
8426
2205
4880
10
7699
4261
4229
7861
6073
321
1570
3581
2978
2573
2830
3487
331
4546
9838
8879
5594
7114
5394
4379
7225
5668
7817
8544
7397
8943
6584
5720
6642
1421
4348
9697
5153
5437
9590
9090
5901
6188
8523
1587
5400
2659
4424
9194
9030
190
7535
9456
9102
5837
8927
8235
5563
6026
7242
8105
1150
7046
8129
2663
5119
2901
2368
1132
2230
1705
142
9525
6584
1413
5762
4323
3125
7978
9249
2139
3148
4225
8602
4167
3956
5693
9346
7323
7024
500
5989
4981
3428
3874
3407
8905
108
4432
4830
611
5614
8485
7135
4734
9384
729
3418
9191
4306
4492
7461
6935
8363
2408
4640
1936
7479
8849
9054
7612
8336
8740
7213
9449
6912
3496
4513
4741
5741
3709
1866
1507
500
9986
6399
5481
4427
7825
1888
8819
7286
9828
1769
6617
4103
8655
9944
7719
7777
7163
2386
4371
8766
7912
5587
1276
4558
2859
6255
8310
1390
5461
368
2800
757
1638
8663
6565
3679
3092
9967
214
6392
6332
3379
2103
2147
3410
5253
2275
5153
5871
7176
2263
4348
1691
6687
119
6637
6097
3350
6303
1517
1064
8991
99
1598
5025
2385
8157
6424
3866
5487
6408
225
6628
443
4158
7726
4513
4017
4447
6019
9762
8832
7927
4614
1758
8881
8427
278
1336
122
7176
8028
665
5669
9173
4743
5316
9066
9639
7248
7171
8445
616
2452
1670
9006
7860
3135
571
1155
5933
9320
1866
6907
5070
1820
1794
7708
6838
1506
2
2697
6865
5126
7798
7619
1970
6086
1194
1077
5938
6510
4965
6644
2876
5094
1305
6452
9559
3825
6826
4311
8563
5442
4630
4170
2053
2676
3971
2767
2083
9787
8624
3706
7001
6665
6504
3854
5143
5862
7291
1980
6372
3327
1886
3826
9209
4320
7325
7454
6339
7017
3523
7619
4073
7632
3604
8181
1981
2572
7950
7101
7383
5067
3146
9475
5615
6006
951
194
1083
1310
9121
9352
5979
1047
5490
305
3264
8739
9026
2418
7987
2799
6783
7961
6384
5915
3621
5362
5288
2313
2372
9080
5352
7313
5730
9727
361
8367
7552
6771
1434
1842
505
103
9361
5234
9002
6102
470
186
1262
8432
1448
7731
1967
3724
6374
3506
7477
7570
4826
7337
8855
6786
3398
8553
4063
9778
4220
5676
9587
8044
3126
6709
3510
8303
7019
4139
6555
6585
4686
7017
5004
2715
7794
950
9548
6064
9154
5732
7114
1168
3454
9455
8485
4901
1619
7420
3164
5235
3720
3930
4316
5306
6895
5163
876
5501
4190
1685
939
594
7353
9901
397
8561
1686
2773
3483
2664
3845
1441
7304
8597
4124
1071
813
4087
3209
6188
9692
9191
9642
3041
2604
1693
8315
9130
950
3549
2189
2941
3838
1084
9140
107
2316
3787
3331
5799
2074
3992
5850
6923
1827
2449
2472
1915
5347
2876
7354
321
8751
1924
239
9195
1039
9696
1315
8369
5115
9924
2244
2102
8583
8258
4101
298
8420
1682
2954
8513
1347
2063
1635
2325
2154
2041
1902
8267
5548
2048
4634
504
3197
3096
6946
9704
6548
1169
4212
8142
7726
5550
1832
2971
5389
5200
6319
7821
9713
4453
7755
1393
914
1699
5997
567
8629
2485
1176
4694
5323
1524
4924
7193
5445
6446
2594
360
3519
9841
8232
9379
8537
5119
3521
1931
9102
6009
9061
499
3598
9172
1371
5507
2343
4286
1847
8754
4151
6260
4501
8268
8018
9743
7796
7651
1774
6990
2120
5287
3422
6323
8536
1346
7636
9915
6307
3428
9443
6438
6425
4920
9433
6224
5845
3622
32
4038
2480
2101
353
7287
4119
5302
7915
5553
5413
5488
9138
720
5784
9294
6922
5619
7747
6805
2874
3138
9448
7949
3754
7024
7493
7229
6591
254
6082
3807
4572
6754
6351
340
6288
7497
5393
577
4225
2590
7936
2709
4466
6796
4880
2733
8503
7137
1975
9687
9798
7721
8808
2499
2237
8725
2979
6421
5014
3615
6817
5531
8619
1076
4355
6640
9607
5907
4394
9067
7581
6168
1422
4245
6475
2248
9947
8846
3588
7197
9339
5255
4085
6657
5690
3581
5704
1056
4384
129
8268
2313
2073
8276
5265
2253
9596
9023
241
191
7991
173
9031
2661
8226
5004
9973
9173
1486
3625
8153
4039
998
2770
6469
5819
8175
2673
5816
2723
5639
2917
9104
4457
7130
2630
8904
8399
9665
4281
6587
753
6439
4447
1538
1388
9896
9403
2667
4428
3170
8161
852
5340
4672
656
174
9283
4961
4209
7833
4753
7262
7069
7511
1204
2982
3899
8600
9250
1419
4388
4183
7297
8465
2821
3967
8999
2579
3417
4468
1832
7556
3498
7631
8214
670
4169
849
7151
1703
6055
5851
6138
3005
5883
1277
208
3305
8207
3963
7430
8250
5421
6893
7901
8856
8341
7585
6357
4922
9113
9302
6860
4301
7989
8850
1730
413
5560
8997
5871
9843
2488
552
1962
9007
9458
9038
1568
3914
1099
3511
2203
9865
8973
589
589
8548
386
5048
7926
8467
1698
9409
3845
873
7148
8904
1916
7462
6741
4904
1062
7958
9676
9446
4039
5439
2991
5844
6270
4733
8644
5540
5739
4560
6070
9334
7405
7216
1406
1905
3655
554
9053
2158
5668
5765
6002
8335
9273
1041
4456
6076
2832
5590
3655
9616
4047
662
7560
1207
7143
4251
1042
1498
1873
3994
3584
4060
982
8356
6143
584
3359
9724
3778
9347
5962
4205
3949
8462
8782
2064
7940
7168
3608
9590
808
2958
9163
7871
3422
9665
2297
6491
8724
1850
7360
466
3157
3750
3615
6880
3366
6888
3611
3617
7735
9015
3805
6373
2104
8488
2416
1660
9088
2415
8450
2949
844
3932
198
4249
5802
3833
1077
466
957
4447
5641
6692
2606
9124
8837
9196
93
8993
7119
9370
9084
9745
920
8110
3161
5130
4145
2199
5125
564
7876
6143
2275
9801
2232
2616
3181
9962
2507
2150
6949
5397
3097
8076
9850
8816
5484
5804
8326
8935
4618
6524
1825
7470
1369
4136
3741
4730
7454
814
3763
2307
3189
966
397
3378
7747
5579
8092
5998
6239
8935
9447
2434
7813
7490
9317
8057
4276
6379
4273
6613
9247
2415
7845
4785
3754
3756
9247
7879
5345
5433
876
210
4290
6869
7766
8266
2265
2184
406
2132
6000
6594
848
785
839
2545
866
9858
6882
7358
83
6275
3442
85
1450
2746
5913
9079
1218
6536
2849
3296
662
1149
11
9800
7178
6608
2479
7065
3127
3865
5536
8748
1797
1543
9942
5371
1199
8690
7497
2032
8070
5517
8314
8675
6413
5184
2116
5726
7183
3642
2040
1989
8308
1237
927
3539
7147
9327
6891
2095
681
7558
7065
8824
2294
2532
5875
4887
7781
6668
6911
3132
7441
6775
5537
6325
5510
5506
2763
6048
3011
5247
9538
2963
5159
3257
4686
3539
9883
8872
8943
535
9708
8492
2219
4524
5292
1678
1131
1583
5252
2227
9083
7915
3530
1321
1734
5582
2568
6005
6580
4836
7769
5122
6523
7561
6380
6596
3828
3259
1774
4460
2657
3688
2351
1422
5495
4780
2810
2879
1205
4790
4345
1311
213
5754
9521
5755
5358
1290
6996
9665
5322
7531
1074
1883
1245
5546
1127
9673
6106
3008
6357
9823
766
45
2051
3639
200
9223
4526
4373
8352
2456
3304
1050
315
8226
678
1001
6079
1001
836
4470
961
944
2945
8606
4031
6123
5208
4875
7311
1279
9805
3450
5348
6937
1833
520
6899
145
8889
9607
7850
3425
1795
5943
7288
1699
1074
3799
6669
7865
8297
206
5390
6463
6158
4953
4798
1467
6253
5984
6593
8585
8900
1331
965
4688
5100
3589
4363
6958
6717
606
6755
2208
7328
6539
3488
2420
2821
703
7386
6038
7798
7772
2620
5767
1101
1781
3058
2745
1379
8111
4283
3804
1515
2205
294
3261
8925
1071
3015
3163
7302
3845
5167
6262
4166
619
4802
4104
7795
4568
2860
8580
6513
986
3474
9041
3123
8270
436
8645
7353
129
2217
3011
9587
5298
2261
1412
9841
952
878
5807
7015
8613
9984
5762
4748
6880
2219
8019
1868
3555
1476
7855
7406
889
2786
5687
2391
1540
5669
6402
3263
9600
6554
814
4603
572
2682
8338
2128
6531
2021
7450
410
7887
1163
5881
3603
1110
5902
5578
1635
2612
7259
8432
8773
2554
9099
7538
6244
8765
2126
5316
5680
213
3105
4201
5572
1466
7390
7829
8611
4482
7510
625
3822
1698
484
1559
3760
4878
1761
3423
3640
7481
4262
2483
6289
4393
6860
4570
4045
1801
7810
2789
6326
1711
5149
8869
9510
143
7874
4916
3946
5406
8850
4804
1479
3001
2804
4783
5674
6710
525
1016
6110
1183
3444
7687
7541
9961
1121
3115
4532
4295
7873
2839
2239
2322
3757
8064
4410
5233
9414
5026
414
6889
3937
5858
4098
6045
9820
4364
8636
5773
9316
725
3180
3015
2062
7630
9074
2267
4732
6574
5679
1314
9623
7134
8440
3697
618
3923
4729
2075
1714
5627
6210
9062
5500
8022
9992
7242
6329
8207
4687
8054
5717
412
1620
47
5553
4702
5931
574
8041
8631
7041
1458
35
8512
3099
8333
3354
1307
9361
5464
2037
383
6233
2652
2055
8357
8674
8535
8985
8089
5040
5047
4349
8523
69
1109
1915
5500
3692
9713
1092
8964
4613
1480
5758
7008
5199
9512
3351
4140
2118
4896
842
5800
5382
9543
1348
3711
6960
3267
7562
6936
8993
4927
5940
1671
757
3296
8600
8729
3019
1886
8318
1458
8182
3406
5630
8382
4705
3727
6074
4250
4708
2306
9916
380
4340
5830
6300
185
7570
4552
8713
8596
5344
6239
8897
4730
3738
950
1889
5601
6694
971
5744
4921
1179
4155
5683
5140
5229
5618
3892
2703
2212
2320
3009
6270
7872
7377
3461
5096
236
6143
2228
115
6308
4076
3384
3420
3617
7163
8785
2734
9159
9331
678
6294
3035
7656
6655
62
9194
5401
1401
3642
1066
4995
8972
3412
5611
7873
3951
1435
5301
5802
9794
6514
3934
8761
7885
9392
8779
7767
1395
7558
8561
7122
3916
6362
4033
9470
4000
2227
5502
8801
3246
627
9536
1062
7386
6195
5350
9392
6910
4838
9826
1167
6258
8062
9019
7027
8284
7822
3116
7831
3811
6208
1289
4096
4430
7972
2663
3905
395
5538
9700
9482
4443
5470
699
9674
6703
2602
8837
5441
5448
3042
6192
8121
3384
51
2527
5704
9434
7494
257
652
1500
3928
9018
3910
6575
6743
5473
3639
755
9749
6647
3981
3199
9574
7918
8646
4878
5865
58
6528
5084
7848
3204
1667
6111
5077
9501
7893
9230
3389
299
9250
3188
7974
8248
931
9777
4277
9424
1839
9737
3987
5676
9138
6239
7771
2826
7203
2501
8612
6037
8210
4704
9589
9693
9290
1317
7807
5482
1655
5180
1775
9027
364
5242
3010
2347
9547
738
3878
6745
6776
1753
2780
8264
2028
6623
4662
5799
1221
8437
9518
121
1651
9998
4090
621
6828
9077
2261
5426
1187
3479
7793
9654
944
8555
9010
6090
5967
8128
8756
2282
8949
3479
4583
8197
2392
4074
3449
8940
972
7957
2456
7773
6685
9417
2130
5686
6845
6422
1584
5114
508
580
5545
7040
7146
7936
1658
2700
2532
9785
2749
3358
701
8867
2800
4235
7570
7794
7279
1550
1371
3374
8148
4862
7362
2610
1405
422
9494
3598
323
5077
9637
7268
681
4426
5827
3986
5251
3390
4522
2411
3530
2121
8340
6649
9315
5280
9932
1792
3081
8116
4714
7178
8313
8457
16
1380
993
9804
