5891
2829
9201
7003
3277
5229
5490
2660
8537
7493
8095
9407
9459
3770
8320
399
6758
354
511
8039
6810
2702
7898
8780
5929
7671
2321
113
3813
3129
8316
4353
3983
9574
2395
2661
1996
6127
6483
1927
8015
6306
408
6564
8918
7387
2107
7056
6547
811
5799
7193
2928
107
7734
2325
315
7100
6340
1668
3810
6800
8600
8737
6916
6287
7307
5310
5909
3171
4488
5976
7183
4728
4721
2293
2830
9739
8349
7842
3625
1165
8643
8061
5335
9363
8884
1650
3789
2295
4987
3529
6515
1332
6842
2878
3904
8679
6844
3621
857
5190
7230
8850
639
5399
8778
5176
6291
9960
2196
7748
1346
4381
86
1768
838
6917
1778
1749
5630
7799
5481
5464
7940
6602
2271
5551
3601
4474
4190
8088
7094
3209
4424
4112
8652
3677
934
6992
8868
2033
6197
5862
5127
3258
4774
2908
5930
8134
7313
188
3721
1508
4291
9897
4158
6874
5312
491
9966
4672
84
9948
462
9511
5361
6579
3656
4528
8058
7254
6406
9491
8517
2716
9564
2938
9481
9713
9226
7615
5695
88
2294
2803
6286
7693
4360
6747
7047
4994
634
7308
2594
2595
6080
9222
8998
6543
9244
1905
5933
253
5333
2610
3647
147
8050
5914
4136
6717
6392
2022
7777
5598
2177
3183
6387
6453
6414
9602
1178
1024
7787
3711
9390
5495
4518
4372
6541
6506
1662
639
2155
4598
9468
8110
5618
3645
4896
9539
5349
9925
7574
5402
8894
9877
3534
9405
3716
1305
4918
8546
8492
8813
1520
7265
2527
605
486
475
6539
405
3804
820
1536
5258
9327
1352
3712
7211
9950
6041
2433
4475
7338
7002
5204
5573
1111
9113
8249
8192
1759
9865
3824
2967
5714
4665
5709
1287
4008
5598
2469
5340
1706
4682
4001
8100
3932
1030
679
706
5715
5028
5932
4805
7091
1601
2523
7798
1981
8977
9962
9667
9167
8966
5515
1067
6399
9683
4077
3724
4111
1933
2821
5807
3537
5988
4992
6933
5114
6378
3448
9707
6969
8498
8648
7322
22
2323
7665
9610
5786
5326
485
3180
5277
8828
7382
4774
2630
9423
6473
836
5002
9870
3692
421
1099
1915
8365
3048
4322
6857
6335
7861
2884
8351
9161
5564
8528
5966
2281
9990
7485
7281
7252
1873
2179
948
3175
3434
9852
3083
224
8697
4750
4569
3870
1147
3816
7440
1793
7259
1928
4359
6766
1738
1646
6397
7861
7871
4147
823
9192
4320
2591
2394
150
7869
6479
8787
3543
178
5770
3213
8411
5451
6472
5034
2420
5030
5232
2223
4664
4445
9036
7902
3481
8182
7571
6867
5466
7544
9991
7000
1232
7364
4924
4781
670
8060
2355
3719
5496
530
8718
9477
9650
2727
2007
5683
8779
8421
2000
9992
8484
588
1787
828
7250
4170
728
1421
4056
5517
5675
9244
2583
8742
6849
5753
3556
2406
7113
3476
4369
3505
8529
4910
362
9555
8104
421
5335
3707
5382
428
9777
2318
8165
498
4086
9159
9057
6662
592
5522
4751
2262
2614
914
2022
6956
960
4716
9242
3100
8283
5218
9903
4681
9554
8783
5102
9211
2521
8537
5240
3550
5482
8951
7306
494
959
9946
2987
4138
2941
1752
4640
8542
2220
9654
633
6004
9086
5948
8974
8384
5108
4983
8279
7349
6089
5991
8109
7149
6402
7556
6531
6600
857
7032
1301
5309
4007
8015
2555
2860
8406
9030
9060
8681
2657
7031
7153
4614
7347
9995
1340
1825
1928
3920
8198
8627
8464
912
689
6035
8762
6627
8298
3428
9879
7375
9506
7553
9250
9396
7027
4307
4750
5473
2963
4199
6883
6887
575
9238
8
1975
1722
1067
7002
6057
4179
7638
7087
1341
1038
8445
9690
9565
5172
6373
8143
4602
5350
7642
5803
7016
7016
9936
3718
7661
9961
2871
3391
2815
7162
4203
343
9029
3918
9849
4228
1933
4084
5678
9050
9556
668
4302
2671
7361
1356
656
8264
9190
5634
6002
1586
5552
9101
1196
7066
8300
2263
6538
2554
8637
5685
7340
7283
3601
689
1457
105
4702
4989
7472
5402
1232
5591
9952
2174
9913
7127
1255
7775
2005
2347
7762
1541
8786
2946
2031
5085
6388
3101
1441
5459
1385
5172
8123
4564
9241
6826
4662
3196
8737
1551
4938
933
6859
9995
9731
3736
255
7827
2298
9530
1348
6967
9952
8345
9458
919
3895
7626
9883
1668
1033
5242
6777
5154
8302
2383
8886
4696
2178
6091
733
6881
3443
6438
5655
2433
43
6554
1285
5357
8942
4603
2493
7268
1202
5618
1619
215
3260
7628
870
543
1308
931
7196
8401
5039
1541
5658
2307
1601
9870
3311
5908
565
3503
1985
4496
5928
8571
4991
2172
1759
7687
9731
6630
3937
3640
5485
7467
1624
7139
3221
5629
8621
3782
2169
6175
6541
100
6150
3861
8860
1068
1120
1253
7353
1772
4274
2004
135
4065
4183
7774
3626
5000
906
5840
9077
7563
4791
5873
8025
5845
2768
8580
11
6116
1347
5968
196
2530
6222
2811
4163
1133
9444
1595
2084
8727
6426
8679
4697
3736
6721
7708
9102
4677
4464
7406
3231
8125
6643
4811
4048
2093
9967
1734
6020
2659
9979
1751
3206
1359
9285
7417
446
8392
5299
2540
6527
1965
1738
2333
4999
7293
2242
5055
6316
9677
8985
2355
8397
4859
3872
1960
1334
6420
5060
5546
6020
4375
6897
6713
5726
1327
7101
8804
4317
2516
1046
9994
4700
3966
9316
3547
6354
8543
1388
4425
1355
3182
5230
9549
4157
1812
9889
7918
1591
7573
5747
8518
6033
4812
4988
8509
6494
6033
3067
1518
9508
1477
485
6027
4128
9376
2994
6851
3073
2980
7538
8453
5144
6495
681
7484
2378
5750
6039
3321
9105
1039
7348
9630
9053
8933
4176
7004
967
7083
8008
6583
2818
1019
7465
7246
9608
4780
2745
4409
39
7872
1032
6794
2831
9443
6580
8600
4403
6880
1449
8463
5746
68
5470
3275
7868
4454
6902
4513
1958
5749
8469
7057
2561
6610
6984
5662
9465
975
8601
2200
6776
4846
5902
7612
5676
3275
7472
6087
754
2054
5388
5415
8482
9200
1173
6687
384
5689
6098
8551
2770
7111
7506
6090
9515
7918
8795
2061
4311
7749
7068
8697
4027
4982
9103
1581
5433
6065
3245
3191
3329
489
2119
2642
9388
289
8637
9874
7446
9878
5669
7073
2827
6711
7974
7477
370
5762
3506
1870
8307
1154
42
6051
2821
6394
2236
8376
1233
612
3672
5025
94
1977
8249
2128
8151
1028
5328
8051
3160
6033
3471
6221
5814
9702
8323
8721
3672
1581
1189
3529
2924
3282
6223
3772
6045
4324
5779
5663
8972
4836
5452
2868
2286
7595
2588
8988
7087
5977
4661
6568
7716
6272
6789
563
309
2501
886
6582
8271
9398
2479
9360
3198
4539
5034
4911
2522
3726
5818
603
3193
4687
1748
978
4107
2924
8496
3592
8646
86
1170
8347
2710
9657
314
5846
2919
6936
2669
5141
4270
278
2177
8934
6494
8426
3037
4741
3578
4355
3272
3835
1476
9537
4232
5895
4924
3757
8743
6180
5422
4719
8173
3809
8966
8533
6626
4230
3913
6899
8644
6350
6473
9296
5357
4944
3766
8805
2845
1939
2115
8355
5623
5979
1313
83
7626
8249
3962
4315
2858
3986
2666
6186
7935
3307
6859
7366
9167
2040
5358
7496
7540
3095
329
4995
5968
1569
3311
9684
4544
2269
4185
347
1144
6626
9504
8751
6738
7070
7506
7955
6985
855
3290
6758
4337
2058
9136
4078
7723
5
1755
6695
133
4747
381
1353
7938
5346
7037
7485
9602
4759
3063
16
5629
5830
4034
2592
6008
6586
8596
391
6235
9360
5385
8204
8043
7575
6239
3889
6401
6008
3169
9480
39
5222
1213
2244
8775
8542
9217
5825
7293
388
5815
7202
1619
8109
8461
8683
1550
5539
9222
5399
9541
5424
2222
7806
4163
9599
4130
5655
4111
321
871
4498
7000
3537
900
8402
5673
5016
7750
2787
3607
3267
2374
9482
134
8932
8799
2030
5686
8985
5026
3033
7010
5439
4768
6893
2420
2529
4606
699
7537
3360
5466
3211
2682
6866
6949
6881
4116
8596
7922
698
2666
4316
7112
2265
4896
3718
2904
5966
3995
2606
2497
341
9777
5883
6693
1858
9819
354
8129
4158
6624
5920
7534
1549
8960
6097
4752
3022
8980
3941
8664
8402
645
7452
2910
1373
9064
9326
2360
5051
4849
9510
8666
4572
2360
5441
1880
7691
5805
4085
9144
8816
2552
1924
757
4055
8714
3890
8532
4912
8135
9915
1315
6040
2183
8264
7732
8134
4459
8054
6860
475
1455
9545
3308
8892
7509
9623
4436
4001
9941
1689
3904
1441
8213
3668
7561
540
9116
5229
4789
351
8554
5457
876
2319
9303
5200
3699
6969
3291
4130
1096
7956
6399
1101
3635
599
3567
7886
1199
3541
2063
515
789
1626
1194
9559
7248
5228
7422
486
8247
6310
4910
7943
9776
4294
2823
3249
8657
5476
2392
2705
4139
8142
8682
5417
1496
1830
4316
3247
6753
3232
4952
2232
3129
3125
9252
4367
6630
8415
9265
971
303
898
683
4064
4128
9638
6277
115
252
7024
9940
1350
1324
9510
3265
3389
3072
2782
1335
4410
930
7694
9498
257
4529
7690
8295
1963
3165
611
9444
6992
9973
7825
1766
3189
2491
1420
2329
4909
2503
5836
4691
4050
8640
3767
3108
4876
1075
7415
8853
378
8829
5266
2367
9686
6690
1414
2859
568
589
9194
5215
8410
7339
3359
2560
3238
7126
5380
1688
9323
4871
4579
7705
7696
9608
3750
3711
507
9446
1675
1100
7578
3316
6531
6166
9728
9728
3560
9085
492
7058
7562
2085
7698
9498
5797
4589
9047
7762
9704
4525
1315
3836
4451
6576
1081
4672
3828
158
5987
550
4199
2164
9475
44
5348
2110
8636
5002
7909
202
4384
5772
6779
2097
5496
9008
7423
7593
3241
7848
7301
4390
1291
6964
7771
2160
6391
3077
2801
6653
8903
4873
9533
8342
8695
4953
2369
5187
1137
431
6588
4501
9969
8119
9729
4627
8666
4835
8971
3138
9603
3320
575
4627
782
9483
3064
7803
3206
7260
9299
8565
8034
3223
3841
2993
1643
4286
1070
1824
8366
8319
6416
5815
5300
9306
7765
9673
853
5801
6591
717
8937
3856
8705
7289
3634
3355
2650
1073
4985
9731
9685
6968
5154
1422
3122
3896
5621
7097
6275
57
297
5677
7739
6500
6495
6493
9862
3645
5537
6530
1307
6356
7449
6638
7417
4555
9682
8845
2732
7980
8068
2460
8456
5680
9338
7510
3919
3098
8448
262
5180
2188
672
7046
5765
2909
7988
9430
4261
7655
1592
5898
984
3713
7602
2611
1258
2649
935
8599
5987
9716
3167
8760
1139
809
3774
1435
6535
9271
579
5985
881
9962
4438
9816
4406
3374
5266
3590
2626
8314
1343
7978
4790
7686
1497
5244
8377
8249
257
4210
6646
1874
9357
7673
9696
2786
5064
7255
742
2563
9726
1812
8396
2224
7671
2053
2614
8684
119
5804
6692
1014
1123
5485
158
513
6735
1786
7795
7410
2549
5294
8090
6181
577
854
421
916
5033
7833
3999
1953
7974
3139
3193
5089
17
2818
3220
5061
8381
2398
7413
5727
4326
5730
2249
378
4791
7031
9183
6975
8430
1063
2934
4726
4618
1955
4343
409
5036
2037
2162
5108
1400
8221
2215
4611
9616
4988
4270
9644
174
9822
6618
5291
6969
9062
5916
2515
1877
9575
5138
8496
421
4393
5616
6689
4621
8512
126
1930
2764
4433
2694
727
2198
5684
7406
1941
537
584
2865
8459
2656
7793
1155
6204
5743
9815
165
2807
2318
575
5954
4644
1622
8402
7483
7566
3069
6329
9467
3632
1550
7486
386
3406
3289
4531
1733
1000
2708
8588
1496
6906
5260
4923
9546
1913
8576
9758
5120
3897
4416
5009
6905
8130
6897
5516
4381
903
8282
6361
5000
5703
2178
6256
5561
983
5449
6657
7715
8643
4350
5265
6885
2734
7440
6857
1135
8606
7683
4041
1483
3783
8822
5439
8013
3120
6557
9048
6744
2522
3410
4101
692
7405
7186
5595
4793
4394
6921
1854
8448
7325
6907
6991
1324
1517
8917
6907
7740
3504
5129
9643
2502
6928
9403
8266
6327
9147
2538
7264
2177
7245
7930
1464
4747
6613
7676
9844
4116
29
5540
5324
1129
264
2478
5567
6506
4637
2420
9186
7802
5648
878
6318
8428
7862
6615
2494
698
7534
7083
9960
548
8132
1637
1170
5008
1861
2619
5033
4740
4583
3347
7686
3082
9114
3749
6050
9870
9761
8935
4244
3036
9196
3359
42
3482
7282
3366
986
9054
305
3927
7530
1578
8202
1139
3632
6850
6876
662
3572
1261
2408
3713
7487
282
4123
6422
7067
3438
3817
5443
7203
7582
9209
2515
8963
5314
662
3391
4226
8176
1600
1977
2543
4920
4663
8853
6339
3588
7626
4435
1457
2378
5372
952
6214
8385
6804
4152
3645
5147
8476
5167
8390
9653
9944
5363
1844
6972
9349
2119
6580
5973
1596
1491
3812
2758
5642
4496
5740
9373
1857
7355
7957
4100
5207
2449
5801
6247
5101
5973
2527
2694
8129
318
6472
5690
5647
4050
9015
1359
4173
40
5051
6256
2919
2762
2966
4887
9413
9082
1631
4596
1134
2938
7823
5465
8364
3269
8638
1953
1052
6234
9997
9872
365
7337
4094
7006
3839
6410
5817
8197
1546
8577
546
6017
9562
7302
3525
6304
6126
1415
4038
3784
5383
6601
5973
6749
3368
3284
83
1345
958
7027
2202
5403
8951
4639
6010
8943
1111
9020
8551
3495
2069
8454
1627
5201
8301
1519
2470
7295
2034
7082
2601
6003
9934
9969
4701
178
671
6789
3472
9040
8047
3123
7975
4283
9308
2857
9719
2517
1414
2756
2922
1503
1634
567
780
8982
2608
2901
4316
6023
6222
9949
8462
7759
5058
7686
3364
3146
5004
4620
7628
1963
7642
9397
4157
1617
6493
7588
8599
8573
6852
853
4991
9183
5025
9349
3166
2539
9072
8697
7684
3618
9836
6155
8645
8396
8011
6715
587
3924
233
8776
6868
5367
4825
769
3418
8953
5674
4635
7544
4432
967
9457
4620
3168
2027
8643
7888
8333
6309
7101
4374
1760
7813
604
2947
7999
7573
8149
8955
9871
6711
9537
3518
1362
4604
4625
4579
3128
5111
7754
1097
3041
4538
686
1418
9225
6023
69
1747
5878
6386
929
935
2772
3107
5962
3316
7793
1090
1519
2213
8153
1130
5080
2919
9938
4579
5758
5437
7599
1635
8894
4086
4627
3865
8182
3191
4219
5104
3894
5500
4022
8728
3805
2741
2206
3416
4150
5741
3044
4017
1595
4964
8950
8878
3604
938
2492
107
3793
8085
6282
8622
945
4756
844
1564
5171
6886
574
5669
2402
2627
5716
6542
8841
560
3929
418
335
4635
8456
1954
7699
4864
1172
8889
7945
3977
7852
1971
3124
6735
9893
6479
2978
407
1426
9859
5021
2042
3241
8526
5762
582
5297
5726
9818
9629
7714
1489
9432
9718
6079
5193
5505
7320
673
1001
2697
1485
803
6542
5340
8040
4785
5613
7995
5528
3335
6367
4294
6734
9152
7503
395
4557
8256
6291
4868
1223
9327
3941
5088
5405
5700
5755
1353
2686
958
5804
3828
964
3114
8448
4161
3917
4282
1919
3168
2429
2412
2398
8305
6022
9191
543
9849
3744
3518
6274
2657
6729
3112
1745
1186
2687
7753
6931
9051
5965
6404
6997
804
5483
7059
5738
2868
6867
2521
4753
2584
4380
7529
3736
9181
2898
2654
3314
8162
91
8216
8154
1064
4221
7083
4761
5831
3521
8710
5325
9180
9001
7967
6241
1205
3684
1448
7551
4236
7801
790
7410
2493
1244
7237
3940
6413
1733
4211
5310
5735
9563
4966
7768
8365
7526
511
467
7850
7708
8989
5394
906
5178
1396
513
7844
2295
149
4277
2963
6359
6364
108
9046
7609
8918
127
9916
4225
3370
8452
7700
5901
1643
5729
6914
7802
4008
8185
5782
2284
3349
6490
6283
6618
7948
1958
8388
1137
3112
229
603
3734
3842
5459
8544
3428
437
1266
5584
7844
6439
8197
4786
6884
3657
1339
9325
7608
2121
5816
9375
3402
3796
2399
7061
3879
7599
243
7476
635
9899
8805
2998
7993
8988
6454
180
7150
4287
8971
3349
6782
990
7137
6696
3086
8726
9008
7151
7475
8415
9059
3578
715
4975
3384
3990
8148
4758
7412
1337
1828
5705
153
210
1901
5066
6938
1285
1356
4245
789
7734
5400
2822
1105
7969
9139
4155
7168
2070
4981
3064
3147
5039
4265
2081
725
8631
5945
6479
5237
4912
8879
9887
1342
8952
3241
1681
4587
5069
892
4519
5993
912
4174
5422
7776
6349
7489
6607
9688
9562
6322
2936
7075
1093
3864
1251
3758
7660
6315
3173
5073
1471
4085
6986
9024
7520
7639
6113
6394
867
3509
1401
3871
8264
8141
1929
7775
3662
4659
4384
9793
5095
383
4184
323
1261
981
2466
9423
9674
525
1823
213
4731
5383
254
4601
3222
3883
7158
6637
6884
2989
7415
4520
6432
7849
9598
8274
9174
7
2196
6480
2805
5313
7332
2089
1243
3125
4956
4295
4500
4266
1697
738
3479
6366
7681
1890
2315
1750
1465
7366
5439
4791
7967
2133
3877
2806
6763
9102
5470
6985
8440
3431
6674
7593
4862
3020
9410
732
5093
9134
5000
2345
2558
873
8689
8788
517
7293
2431
2322
2373
1379
705
4173
500
795
3938
7420
2295
1345
6817
6902
4978
430
4220
3614
1304
9433
5802
6548
6800
5921
1376
5888
5381
8841
3138
7575
4299
2457
7514
813
1249
7697
8960
6840
6138
2768
385
9453
7574
8449
36
5181
9406
7280
2668
3745
5825
49
3619
7515
4443
7400
7982
2030
5560
9214
3533
8337
2379
9446
5247
1891
1330
9547
1327
2066
3842
9288
5480
967
941
9825
7869
119
9833
221
7642
8906
7311
5221
3217
9152
8238
9120
2625
6118
8629
7768
5120
7375
1945
8401
6985
7497
4052
4841
9016
8340
7055
3851
527
1768
4670
6955
4851
4147
2158
841
4339
9641
1963
8662
8599
2448
2146
3974
8374
6408
8468
8837
8814
4189
2547
7712
189
7170
7898
9148
1075
1492
2859
8010
8936
5359
4428
1989
5678
7590
9843
7494
1214
7691
3377
1671
6415
3236
4277
9242
7866
1257
8017
5167
807
6495
7127
6681
3354
871
9728
1182
4626
5335
3617
9658
1777
7379
1234
8853
6072
4929
6187
9221
6161
64
5138
9866
7451
4088
9791
6133
116
8827
2494
266
4698
7726
5538
685
3444
4299
8623
771
7617
4792
1134
3827
5831
6559
5928
6854
6159
3556
9106
2157
5197
5609
5905
2410
622
8692
6295
1821
9818
9278
5100
3263
6104
7050
575
8850
5822
6720
2216
9343
4059
1539
3295
5972
4158
8165
6129
6780
6329
5037
8403
8454
3638
4088
7000
3738
9474
8742
1745
3993
9154
9468
5238
6256
9781
1872
6496
4208
6680
1286
5538
2900
1776
2133
3227
7768
9143
9943
5703
9503
5610
8871
5549
7695
9786
7748
2492
7789
1170
3319
4847
7884
2105
146
9225
4169
9248
2849
51
6370
7974
7857
2349
7500
2644
8651
942
5397
8058
573
6718
7087
2538
8751
5954
809
1108
5393
1793
4732
7987
779
7958
5821
1248
5655
3502
7105
8899
1398
4004
6689
4853
8324
8980
7230
5342
1823
7489
342
1118
608
3917
6387
8524
1321
3742
6489
2919
8957
4737
197
1311
3134
2483
9263
7074
6124
349
5198
8626
9707
3160
5925
5594
4432
668
4693
586
6666
1607
2674
2037
5927
1671
5156
3720
7439
9031
104
9563
2576
9176
7000
8130
2941
6781
3344
9785
2169
6097
5970
940
3243
2893
4413
4027
8101
397
3976
8885
622
8873
6847
1084
3683
3450
646
5397
5933
7705
5122
8094
4160
1059
9373
30
2685
6559
3910
3607
2089
1844
4178
584
5762
165
4728
4474
4249
234
6139
774
4190
3350
9988
642
745
3781
710
8805
9865
3690
7017
4457
9465
7028
9695
4687
6660
7777
7066
3592
1561
6662
4176
6659
6819
7059
6853
9178
6114
5166
7186
9568
4058
1744
2687
3262
4649
2712
7413
548
5288
3728
9695
2175
8667
9503
7716
9860
5362
2046
1209
4930
5842
3315
4761
7238
1780
6798
5841
8233
3075
9441
8548
6597
8747
48
2287
2220
7046
2774
3126
4449
2505
4656
4400
3522
5430
4267
2290
9890
2366
4531
1577
4750
4461
6471
6531
6489
4329
2274
1985
2016
978
5402
56
8957
6734
2697
8678
4577
9644
8449
9136
9924
9833
3178
1139
3211
8486
559
5600
4689
3713
4347
7286
6430
8423
3411
1738
4291
1477
7073
3482
6121
4955
4827
5427
9753
7097
4215
2587
6730
2664
8125
6747
2847
9858
8141
2590
4575
5697
3657
9888
1238
9799
7466
869
6403
9897
7248
6639
8356
1076
8997
1598
8789
4746
2769
238
839
2644
3366
6367
2474
5779
8565
883
8919
8197
5312
527
8245
637
9970
6685
7578
9754
2109
323
3463
4422
2636
6351
8843
1823
6097
8339
840
2523
3889
2404
8067
5548
9808
7290
3556
1565
1866
6195
9542
4757
4653
4725
3337
1658
4623
8535
9306
8329
6654
3645
574
5600
3981
2207
5485
5776
5188
6609
8102
3213
1299
5157
9027
5484
3237
3340
2730
1449
4925
5659
182
7498
94
4386
1127
3464
1547
3231
8569
5280
31
5874
9171
2294
6161
1606
7202
3359
2885
2884
6348
7316
7894
2529
3297
263
5044
1497
9317
4154
1400
1683
1241
8686
1811
2050
1241
1185
6064
534
5558
7257
4628
8633
5975
8323
7732
366
4221
873
9121
2372
8723
6233
197
7322
5179
8967
2460
8537
7261
6648
6175
9713
1429
3659
1001
12
328
6947
9979
1410
2501
2182
1684
2171
2292
4665
6642
7583
2699
507
3173
6683
5679
83
4691
1594
8951
7581
5211
4315
5683
7589
2318
4330
3627
2085
7156
9238
3247
8946
9164
9753
159
6138
9195
9900
5823
4149
8448
2977
1835
2848
2193
3994
7403
8031
6659
9636
6607
7132
4664
7563
1942
3277
550
7859
3261
1721
7841
780
6749
3016
3649
6618
6820
2755
2315
5440
4971
8653
7026
6751
3499
1888
2226
1712
8752
1103
1524
3445
8100
4322
5480
4175
7186
6095
1203
1469
9170
4673
965
9694
5654
6709
206
6944
9790
5088
6250
2160
5646
8805
7781
1944
4340
2535
1742
1645
6682
7515
8682
712
4089
4660
9765
8002
4415
5462
8688
8780
6972
6154
9561
1455
1537
5861
7443
8787
9393
12
1667
5216
575
6175
3365
9281
415
625
7655
7665
182
492
7845
5291
1184
8103
3718
4142
9032
1276
8451
1963
4939
5749
9060
874
3909
3664
3384
5048
5458
5097
2586
6093
1104
7976
1889
4531
4302
5430
3855
5874
2705
8590
7876
184
9686
7184
6784
4729
1903
9863
6444
346
2361
1169
7065
3510
3897
2245
5564
7700
6320
7999
6786
9649
1507
4260
7633
8356
4720
4665
2227
7270
7097
8520
8127
3018
3835
7651
3301
7227
4914
2426
1079
1516
417
4514
5626
9593
427
6729
3613
4515
309
8343
8706
3653
5793
7615
4261
8670
8651
2005
6183
2916
3034
468
2278
4021
4550
1601
6654
5219
9023
5987
7698
4924
5546
1031
6019
434
8903
1820
4345
8299
9747
2105
4839
824
7014
5364
533
5486
5957
7087
6680
1600
6947
5920
4674
6503
4678
3114
5924
1701
4824
6842
5535
7987
5313
377
6018
7342
2394
865
9347
8612
7441
8502
1639
3379
9065
4258
8519
8275
6499
8023
751
9
4459
7981
9164
9835
6736
6387
5037
4868
5596
6501
7174
4692
6779
374
9672
3044
5310
7435
5062
6002
5677
9372
5919
67
1001
7680
4311
5817
9756
6413
2531
5387
5316
4202
437
4925
3153
6373
4418
6408
2866
140
517
6700
7372
3272
9578
5596
9588
9388
5385
8735
7716
1063
7751
5714
3835
5334
1236
8555
6946
4847
6775
706
814
1896
7861
2199
9019
1909
5135
2294
4462
7544
3246
6949
8254
4509
1661
4802
3371
5450
6744
2015
1785
8814
5866
3261
9848
5451
5570
3449
5643
6923
4893
2331
3737
5967
1823
2078
7323
1358
5558
6074
5070
6560
9783
5758
190
3967
2445
1129
2188
4282
5691
9724
7573
3642
5555
8310
4396
9478
4748
1327
6897
9752
3469
185
784
9225
2561
7956
6702
736
501
4661
9292
9040
755
9431
1921
9739
8829
7123
2642
6051
8988
8641
5227
1724
9072
6159
216
9284
8081
6742
4852
8968
5288
417
7503
5216
1509
1683
1685
4355
2878
6625
7201
9287
4959
1358
1026
4380
366
1326
8585
6509
6197
5176
6842
6288
8528
1347
4232
6847
9965
324
8870
6241
2861
564
5722
3538
5130
1534
5434
7951
7852
2984
2400
5009
3820
5621
7300
3673
4033
4690
9802
3559
4769
4595
457
1989
1298
9694
6862
6460
5598
3634
8143
9282
4453
7224
3481
7666
1256
2700
4988
4323
9484
494
2575
759
8358
3098
8614
7887
1513
9495
3195
6328
7626
2753
6550
1802
7918
2841
3827
9426
9186
6516
8816
4356
2605
6213
7461
5275
7926
256
9013
1466
9884
7442
2555
3884
8649
62
9292
5536
8962
765
6462
6742
3256
318
7034
6402
2487
5293
453
1251
4665
6952
3607
1291
5160
5239
7922
1060
4720
4645
8040
3206
864
1936
9868
2977
5789
9292
975
9639
9291
181
4277
3598
8295
9501
6745
6048
5563
3957
8483
1346
8907
3414
3923
989
8792
9064
6125
2061
6605
9653
7210
2334
8082
2695
2795
8818
6355
3670
5993
6482
6942
2502
6975
9133
2621
3286
7440
4973
9571
188
5378
5225
7436
9720
4483
5432
5025
7171
4275
5482
264
2894
1522
6243
7702
2342
932
7824
9370
2287
3231
6872
5155
4476
1735
8100
6934
7156
4295
8262
6698
4325
6128
9196
2639
2387
434
196
8765
3929
7942
9015
2940
8779
3572
5060
5533
3192
8239
7998
5764
9045
6503
9906
5755
6260
6256
9337
2854
3324
4890
1244
9292
2733
7557
7566
4481
480
6970
9459
9319
1260
1000
3665
3771
4003
3803
2282
8690
5548
8605
7372
341
3766
5417
9221
1418
5335
4942
9842
5497
7460
712
1370
2768
7348
5131
2332
3717
7974
1456
3511
3928
3805
3056
9066
7629
5519
3242
7913
9738
8486
3898
4960
6234
5787
8745
1759
451
2917
7584
1345
8573
7920
1144
2601
1005
7711
2260
5382
7602
8597
8041
8761
3785
6591
9380
1310
1458
1019
8750
4094
3344
3150
4525
4198
1875
71
293
9029
4066
2884
543
9377
1971
7474
9959
2295
4246
5517
2112
3192
8111
3195
4778
253
2565
5194
3341
3262
3109
1908
764
3241
5427
8544
2489
8899
458
5804
7270
859
6156
3179
426
4847
1842
7536
4318
586
9500
1649
1913
4021
2645
9575
3249
6669
7446
8408
1333
7392
2684
8788
3541
8682
4810
9818
6943
1694
1895
7506
1156
1664
5569
9736
273
8110
3193
4890
6261
2273
3439
5723
9758
7609
7245
4867
677
7845
2642
3410
212
1086
6368
9435
7902
7784
7368
9063
2249
4983
7286
8628
1073
9201
887
2893
8239
5544
4973
921
6702
1206
7805
8130
3914
7378
2310
369
4548
4775
5420
3425
7224
4477
2770
9274
6477
7596
2681
8603
8533
4380
5879
7658
9653
5830
7697
6305
8770
8618
7661
3341
1922
7166
7303
4571
4632
5123
803
8910
9733
2123
4631
7895
2439
765
1758
4363
1449
2981
3181
6781
4743
4664
4532
6725
1408
2274
8368
8363
6290
5463
3352
422
2567
5254
7
3107
8446
8214
8968
4697
8101
3237
1732
5140
3681
9034
5803
6867
4797
7248
5808
6255
4205
8219
9679
2702
3596
3878
4327
6111
1381
4953
8346
7718
5135
7772
257
3690
4988
9291
9542
5668
643
7650
4314
7529
3959
9584
3809
3039
1041
5289
6153
4786
2681
5991
1789
810
9596
9370
836
1659
9465
3266
8239
7298
5979
8613
4060
212
6287
8464
7470
8352
2091
1099
2125
9144
1401
1744
7456
3697
2487
9216
5114
8533
8921
926
2332
720
4770
2120
4261
1102
1983
2963
5505
9476
7794
139
6992
5044
8582
8005
8111
5214
8034
8027
5599
5945
1685
4201
37
7204
6969
6492
8045
7836
7727
3924
3239
5157
4839
3900
1857
5932
82
4562
9589
7034
8614
2572
4597
6074
6624
9551
7960
4517
4538
6598
6876
8437
2970
7817
7794
4946
8095
567
6405
5517
5503
2283
8869
1007
6748
1142
4035
6958
790
602
9492
1955
3308
5875
5287
6252
486
3797
7855
2667
270
6204
3333
6838
3326
956
3761
9309
7990
4014
1910
7664
8315
645
468
2914
2036
3701
9140
722
5704
2223
8861
4650
7568
4140
5744
5627
4866
2698
8691
9075
1108
7478
3605
8741
670
7301
4094
4161
2542
4162
3182
6923
2448
4448
3133
9390
2705
6113
731
8412
2167
8237
3574
5686
4411
2467
8820
5891
898
4160
9632
3502
7270
4799
6114
9281
5192
6183
6915
7827
9142
1232
4902
8294
7460
5870
5276
1413
9589
1354
7348
7279
6951
6697
1830
16
3168
6355
3935
7421
455
9242
8830
5921
2927
1306
90
3807
4293
5397
3648
8568
6935
8972
9456
7413
1740
2274
586
3536
3225
7102
4793
4554
2442
8971
6738
3705
980
3585
9980
8816
2957
1853
6627
8865
8322
6404
9101
3037
11
6528
2857
2562
9556
7789
1091
1354
567
7162
2493
7484
7220
4494
907
3865
5314
6314
1402
3163
6790
8601
717
8941
4679
946
1278
2280
4392
5777
7076
734
8956
2771
6584
4380
381
388
2559
1909
6663
3616
1128
8265
4121
9388
2838
4149
7720
8944
6510
6867
7840
9400
2680
1468
555
5218
7159
882
9887
3898
6831
3868
4740
9254
9186
9966
266
9904
4272
1388
3251
246
2788
2768
3784
6123
6824
1074
965
7607
424
9596
8664
6915
5573
1914
8487
308
5480
4009
986
9035
1093
5279
2909
5863
8674
2115
7797
537
5953
904
9612
9642
1901
867
4243
3775
465
949
1694
7655
1763
9156
2582
6897
5171
7188
6148
8491
7499
7975
3420
764
6028
8851
8376
2560
551
8450
2026
687
782
1167
9141
9317
5484
9027
5078
4921
7498
7143
570
5617
4497
5609
5694
4304
8723
7624
296
878
235
922
7088
9978
7263
7169
5351
7206
4148
1903
7723
8591
2050
5775
9906
5153
110
6406
3289
6898
5074
9001
3458
8270
5530
3001
3374
183
2850
1531
8571
2114
4680
174
3179
1397
8415
1692
9773
5888
1465
3694
3117
452
2309
7003
7701
7355
1369
3459
1657
5562
3531
3262
5104
4211
4791
3593
9265
1056
3947
2224
3810
7571
6513
2092
3788
8577
2116
5413
4242
5734
8506
8805
138
1082
5020
4097
1603
8890
5830
3041
9621
1546
8672
7968
5319
7932
7819
4586
6772
803
1080
7575
848
3050
9310
4426
4038
1420
3532
8032
5450
241
9119
3964
7165
7027
8705
4062
2034
6439
5508
4011
6644
9023
6540
8889
7661
6391
854
7351
3058
5051
1390
2046
5827
6975
262
1170
6697
6183
6400
3616
4113
7095
1331
8119
4267
2212
3600
4955
1309
3844
4821
7334
8078
6964
691
8433
612
8082
8423
9161
5536
8052
7993
1237
8005
5091
8383
9912
9298
7992
1542
768
7405
8491
6191
5421
949
6068
801
1675
6701
8056
57
4688
3543
2897
1972
7063
1267
4609
3427
7412
864
2076
379
8919
4056
7665
5227
1694
3760
5844
7897
5291
3883
3962
9101
697
6396
4170
3916
4254
5992
7577
1338
9563
7785
9171
796
7215
1508
4761
9731
6358
6438
9288
7311
6584
4884
9176
8095
3357
8503
125
6045
5357
927
5694
3661
7434
2217
1371
3216
8650
5531
3416
7077
869
4053
1709
1915
9712
6693
1078
7253
6339
4390
6137
2232
5476
4924
519
5756
2403
3070
2614
4232
9171
4666
6352
8001
8255
7687
7438
2285
35
794
2527
947
9035
9966
1273
1700
2682
6831
8930
9547
5504
8078
240
1155
1144
3954
3699
6653
4343
5248
8995
6894
5136
2411
9402
3622
7895
7495
5186
7171
8588
9434
3764
1341
4618
5880
7222
7911
2972
267
8085
3895
4046
1081
9769
3073
470
1396
9027
9619
2551
681
3868
5687
4521
7588
1931
6736
8685
1986
1110
8036
7785
6845
6323
3335
9400
5760
3773
1977
65
9866
6781
3895
928
8695
5330
2855
1222
3126
4822
7088
621
4995
8254
3005
6628
7168
9973
2097
8528
9904
8526
3304
5191
4212
692
3152
9996
547
8757
3768
2495
1688
8302
4545
3109
1925
4352
6646
4085
780
9604
813
7217
8415
9611
8013
6453
1598
6329
9345
1373
3638
3199
6317
5751
9074
2097
5124
3958
4030
4884
8872
6765
6177
46
9836
7278
3980
7973
9768
7209
3561
6792
71
3426
2885
4341
5167
4860
7236
889
1842
202
6967
1483
4478
7579
8374
6451
1154
8376
1211
3500
8372
8761
1836
5101
2836
4077
9267
422
7122
3247
2544
1902
2382
2616
1684
2797
5244
1237
1280
3454
8011
2503
5301
953
910
251
4021
8800
2681
981
9177
845
1117
7671
1414
6314
8279
4834
4887
902
6086
8897
7485
2247
6719
2785
1549
6798
8861
8671
9199
9062
5170
8248
8427
3541
8597
5597
945
4267
5142
3751
470
6816
8501
2396
585
2866
7655
787
4626
7981
1916
6941
6127
9127
9224
1416
7292
9634
2507
1610
4666
5805
5875
376
5754
1168
7042
989
7653
1507
4934
9014
8953
6226
1739
470
9129
9342
6794
4818
5449
6471
5650
790
6005
2533
1415
2833
8921
8580
7065
6029
1990
5153
6755
7766
4055
3883
1415
5133
9284
8648
8878
8051
8181
2563
1638
9477
4618
7304
5958
5675
6499
6815
4500
1520
8753
8343
906
8050
1256
9901
8837
2097
1048
4780
9849
721
7713
496
4201
6364
3171
1738
6181
2199
2271
4249
876
961
8589
9365
2425
4707
587
6972
4762
7417
6914
8016
4615
7126
6052
6368
3072
9340
4713
3879
6447
8940
1465
1711
9353
3428
6891
5699
2901
6454
9269
3402
8779
6849
5236
5758
5579
5087
8185
6802
7210
6017
3241
792
4478
4022
6614
7261
9988
4313
8791
993
3426
2004
5645
5763
8943
8785
8827
7765
8907
5578
7020
7095
8590
8364
2585
3412
4499
3546
3923
4948
5000
8646
2510
8391
5663
3950
4920
883
3301
761
4448
4328
2087
2349
3927
6553
2308
4388
1221
3437
7342
2697
1540
1113
7252
7440
6175
7521
8045
4596
5584
8225
4067
7461
5819
2206
7281
3229
1238
9569
1246
2286
3146
4584
9495
747
3574
4279
7708
9984
5734
4926
6589
410
7878
6217
7676
638
5246
5618
7445
7262
5595
3502
6027
4992
7404
3001
5601
1637
6245
7195
107
7513
4069
272
2315
4283
8177
8576
6468
3897
1500
2101
4733
4390
3495
6902
3523
5565
1413
4146
1386
4309
5023
2087
3580
6184
3937
3113
9762
7266
5648
9190
240
7760
4061
5536
3153
6835
2901
4148
9634
6326
5682
5938
6519
9485
4122
2656
6477
9787
9854
7533
3600
3973
67
6613
8406
2935
6338
1143
9986
3874
7300
5041
4598
7195
52
478
9388
2051
2230
8902
7122
5131
6531
4463
2822
8328
2140
1720
6016
2248
2987
9761
2951
4185
1057
421
1568
1140
4078
9157
8290
742
823
3308
9758
5513
3995
3979
4516
8829
212
4585
9366
4124
8944
1207
2606
2433
7441
7350
1696
7180
6653
8440
6025
9304
3942
9447
6411
230
1990
2383
1699
5021
9724
9130
9444
3094
292
9021
1985
9296
3197
9918
1472
3866
2514
6144
7386
5804
802
6571
7918
527
8801
1379
2217
9342
4289
6603
3963
5213
9572
1406
7961
6593
6015
4238
556
8671
5730
510
1534
9283
5091
6228
9868
4950
2095
9146
8195
1037
9751
1445
1209
8856
665
5662
1318
1697
3775
8668
839
1217
2794
6869
3757
5418
7333
9463
1691
9498
1910
5598
8028
1308
5091
5587
1451
3798
852
5924
5042
7922
6938
2825
9994
773
446
9214
3604
5375
9181
5666
9632
530
8407
6667
5416
1391
6559
9743
4172
4015
182
6504
2801
51
7934
1445
5241
947
5822
6481
8878
4548
1004
6615
6876
842
9497
4879
2424
7725
3885
2756
1825
2140
747
5645
2128
6698
3936
1640
5571
7011
9072
5839
7488
336
6642
1764
6530
1847
5967
6055
6059
907
9949
2533
3404
5997
1003
6990
9286
3664
1862
4611
3182
3776
1043
7797
1654
662
1688
3342
5738
7296
4216
4424
369
7603
7762
4654
3530
144
2735
8569
5306
4996
7003
5366
7356
4462
1161
439
1448
7405
4169
2311
1653
6452
9224
960
8543
7103
1143
7177
5321
7862
795
1617
5202
897
9112
6506
6530
3477
3112
2575
7172
1421
8993
8736
2508
7164
2863
2253
2004
6688
7948
2719
7775
1503
8224
4015
4840
4191
2346
4622
6795
8550
8459
8134
2561
8336
28
2630
9538
1766
5183
9706
6001
2501
7214
1354
916
1652
1879
5667
2470
9507
7912
373
7569
132
790
6582
3305
6796
6182
3814
7987
1219
8765
1367
3680
5096
4105
386
4440
8004
6183
5618
4395
1871
797
5781
7685
8509
5536
6690
7878
3338
347
1865
7942
5446
8789
1217
3121
1343
8996
9556
8101
7407
5107
3214
6782
3887
4439
4821
7641
1547
3061
3442
171
588
2578
9693
8248
272
3902
3184
4355
6871
9601
2731
4591
6998
5013
8110
8108
3168
9709
5831
6242
8503
5147
394
5924
7931
1377
6803
9224
3907
5531
9728
5831
5728
7469
9632
8140
2844
3464
6432
9221
4231
7078
6831
2395
7832
7487
2285
7438
6369
9439
809
2446
8406
5745
7272
2332
6444
2758
3657
4595
7043
1631
2894
518
1498
3324
7272
5276
9416
3316
5214
3567
1716
2737
8236
8325
4017
6276
3291
8844
6159
3620
4359
1198
8697
396
1183
8237
2610
6656
2298
8636
4149
5777
4173
4486
2833
4311
8179
4722
6875
3835
2375
7350
7018
9080
5615
6836
6695
2789
7403
4337
3721
6620
8055
7465
6304
9154
253
3218
4062
6626
4867
2355
2946
9324
1058
6056
1501
6781
3067
5975
4728
7863
3900
6979
956
7649
9115
7776
6618
1589
2323
8417
3562
8863
7692
5217
3664
1071
3719
3034
5861
9447
6865
2034
1477
3620
3253
1083
4711
7633
1558
2732
6512
4392
486
5400
1702
8022
9748
6776
1189
4698
4369
8784
3365
6446
8288
8452
1393
9125
4755
968
5972
5368
7788
883
6393
5562
1118
4918
6210
5189
8448
5176
3713
4743
1614
4688
1510
9304
1278
8160
4005
8403
8178
9556
6343
3256
1601
4723
3452
7651
5792
1659
3247
848
4261
3188
3746
5655
6616
6871
9889
2560
2458
4738
2182
1249
2121
1133
5945
4123
4603
341
6897
2565
8902
6975
6092
5594
6133
1165
4810
2274
6341
7443
7897
3806
5677
963
2281
8565
6764
7173
5888
3516
7500
1385
1049
8436
1271
2828
5612
5122
4640
3719
4471
2421
6906
7627
3947
9291
9645
3017
1613
2341
3315
7192
4476
1361
2324
3098
9225
6180
9573
6441
9199
854
6433
3386
4141
6703
4332
9757
385
3956
9711
1087
1148
2898
4964
9150
8833
9327
4162
4649
3848
5850
3851
7648
7358
78
6026
7011
8579
3164
2502
7637
769
7267
7327
9593
3899
8508
6642
6381
6131
2785
3425
528
707
5411
7955
3448
9617
1953
3485
3088
512
6887
633
7266
8715
8708
3278
2800
1910
5014
3403
536
1101
8716
2219
4214
7790
7045
185
6730
3946
8268
9068
816
8325
7177
5064
2405
9967
9306
3203
4042
7274
5552
9714
2547
8996
3440
876
9889
1640
8616
3966
8684
6363
296
8373
4088
7227
7429
2664
1988
1876
8055
6482
9314
5118
3018
4476
6097
5700
6531
3196
425
6642
392
837
6879
9903
5638
4055
6185
6840
5304
5672
8865
6986
4607
2041
8463
8982
374
9069
580
9152
9787
1453
2381
5182
9668
575
3505
4638
1399
2653
3387
634
3336
260
1873
9875
2089
7123
9720
1516
6414
8232
3060
8772
2621
4725
1268
9105
8378
5755
764
2912
2582
7597
8265
5134
2578
3641
5728
8963
6428
7577
5831
5935
7124
6076
1203
2062
7745
6597
2808
5405
1342
542
2914
6494
7055
1932
5891
9338
4406
7009
5715
7438
1036
739
2508
6153
5229
2047
1695
67
3498
795
8447
1571
5236
6036
6943
4803
967
6836
8694
7265
8101
4127
6696
2
8234
4435
2453
6031
3065
4125
1112
5874
1715
5806
5842
8522
930
6954
6381
5907
976
4468
8233
9072
4329
7870
8401
4608
1274
8178
702
662
6375
9087
8761
2825
2469
2038
7584
1559
4292
6978
5231
4463
2148
6204
4597
8666
7131
9514
1515
861
3329
5103
9520
5137
9167
2113
3466
1635
9580
7570
3888
2268
3081
2547
1518
3277
2917
9826
6698
8237
9534
8091
1530
9273
2322
5708
3594
8698
2227
562
8797
8076
3249
1060
7498
6801
48
7423
2437
7669
943
1709
9188
2646
419
9601
9886
8054
2954
6936
8770
4737
428
9212
3734
5425
8676
2844
1547
8456
4864
2815
5609
4328
6266
2561
4244
9102
2743
8404
4363
6597
9806
2674
71
9543
6434
6764
8263
8347
2048
7807
3607
5005
9984
385
3428
8819
595
7775
8967
43
5749
5570
3229
7371
7872
4205
7242
5245
923
5932
5886
7392
7745
6057
1689
3682
8069
7915
9985
8437
4121
5946
1630
9672
6266
1520
143
368
9404
1686
8558
4875
1953
1899
7542
5792
3140
9972
416
9270
1090
9973
2572
9588
3709
1606
2525
7052
6725
2744
9290
6805
8423
184
6143
9976
8574
6470
3941
2722
9865
8667
8120
3212
3718
8350
2256
1363
8839
736
7646
1217
13
4906
2754
1260
6768
6352
8546
3699
6315
7704
5781
9731
2898
3440
8112
4177
6127
9598
508
9499
4165
101
5949
6207
3768
7141
4610
3899
8057
4272
8802
4791
4655
7347
3865
9499
1353
247
9850
3017
3820
9454
1390
7400
58
3975
3440
6468
9242
4853
8737
7013
8416
1544
8737
446
9108
858
3592
8606
7319
7770
8264
7531
4608
6472
1282
3398
5003
4301
9822
5540
2351
806
9838
2502
5347
9159
2742
8397
3016
7340
820
8501
1646
2116
1970
4982
5338
9654
649
5937
6206
2840
5951
3473
7021
6834
9658
9522
8611
1212
6780
1232
6697
9177
8601
1343
8012
1721
3620
2781
3511
7394
4834
853
7295
6378
2836
887
3456
943
2902
3946
9474
3028
841
8316
4037
3691
6765
9893
9162
8504
8125
278
1390
7531
3373
7439
4473
8521
5438
120
6432
7151
9827
3841
7208
8725
5614
3284
9164
1602
8855
3141
1674
3816
7004
7091
2720
826
9827
2464
4982
4161
6994
6376
1257
7827
5024
7627
4190
1798
6600
7515
8310
9622
3409
1846
8129
264
9586
5891
4679
2662
6614
3838
4270
5143
2120
4325
7486
870
4361
4102
3482
4761
1411
2526
4477
6971
9068
665
8036
2938
4321
86
182
262
1840
8087
694
8204
9428
8065
3032
6510
4592
6013
5257
6406
8510
6707
5041
8122
5515
6061
1400
6114
5932
9324
8139
5257
7626
8336
9161
8730
6907
4882
3776
1045
2616
1350
929
7736
8117
4337
4883
6588
4730
1656
1285
3976
6659
8254
1806
3875
1904
1966
7547
6390
5803
5751
6298
7318
3884
9052
6367
126
8528
7305
190
7038
9555
5218
4241
6423
2327
6460
7822
9582
8203
9628
2273
1202
1240
7977
3850
4233
1950
8288
8048
1762
3603
2462
532
5573
9062
3958
9971
3501
6493
17
1076
5466
390
9794
1913
1078
333
7943
8177
128
3639
3007
8531
926
9641
47
9326
440
2717
7322
4092
4535
8400
7583
2996
6173
1872
5532
178
4416
1026
4364
2317
7294
6854
5937
97
7156
2408
1097
5323
8006
7827
8951
375
488
2991
6463
3396
1696
1254
2670
2170
3782
7398
4996
1985
7449
483
8696
7950
3871
7543
4289
213
1290
7268
1985
1309
634
3725
6575
8485
7835
8932
1042
255
9242
9686
2215
5669
485
8425
7215
6823
8480
91
5133
9982
859
6985
4410
8374
7070
1423
2746
164
606
1628
2985
8427
2397
9758
5412
6047
1273
2207
4147
7364
8557
1410
2950
127
391
5257
3602
5883
3144
4908
8267
4223
4436
4349
5783
6532
4681
5289
618
7844
1842
9195
2424
1176
5124
4182
3564
7358
1714
8208
1767
4762
4338
1667
5143
7561
6425
1767
7212
8222
5962
8369
301
9747
8734
5893
6674
5868
6592
8779
8134
2891
6624
8583
6452
5131
2671
9272
8956
7039
1486
3506
5894
8997
2023
6799
8755
500
7845
8309
1650
3992
9430
6729
1063
4957
5277
7242
2795
9062
8174
824
8784
5086
5674
342
617
3208
1956
8805
1015
1788
1544
3896
9361
2220
4103
9517
2407
644
3482
9406
6714
7368
3484
138
5092
9675
7504
793
5313
1391
9039
4421
5733
3030
5384
2054
9088
9655
7345
3461
2716
9690
3672
117
698
6808
129
4927
1039
8796
9555
93
8876
1798
1141
9280
4932
5699
4218
2676
6959
6609
4301
3913
740
5333
6885
5914
6388
6553
7535
8720
5120
2019
5181
6059
1483
2477
9218
9049
6083
7291
0
4748
4265
7741
6627
4532
6924
9858
5534
2222
624
5306
8336
4757
5573
4292
7622
8821
1619
2803
4942
5267
4418
7549
6100
9479
6200
5911
5066
9848
8122
4931
9290
8437
4140
2915
6016
7611
9493
9572
1322
3916
470
5783
1038
5807
5925
2070
5426
4965
5192
5624
7581
1888
1471
9360
8879
5211
4587
2872
3460
759
2063
4415
7757
747
2872
5040
361
5724
3944
904
2160
1871
5527
7419
6586
4084
7830
9384
5085
915
8057
4548
3455
874
3848
4139
585
883
6494
2822
2283
6709
4795
2269
9412
2126
8420
7080
1335
8220
7750
9122
2779
6782
5801
6541
4696
2054
6579
6680
7416
3208
3427
7910
7438
5920
373
3997
7597
5127
9233
6044
4024
2647
5364
1282
2274
2722
5310
4993
9360
5738
342
1752
8006
5396
877
4793
4386
7403
8134
7820
842
8436
1013
1847
657
2524
8160
764
2807
8292
7436
3261
795
4564
7631
5434
1184
3716
118
7968
4242
1862
1404
4134
1220
2468
1019
4
233
5311
3048
6261
5455
5832
3746
1789
2384
889
2157
2807
5314
5659
5403
7753
1830
3025
5443
7328
3133
1168
9440
1173
8311
7266
1658
7484
5291
5231
778
9560
1135
3230
2879
3736
9600
2362
7011
6453
4414
1323
7187
4326
2622
3149
1960
9976
3503
9187
297
8124
5082
2346
378
1000
2050
6366
6164
9443
6032
352
5092
6269
1569
8158
9106
1436
8935
310
371
4340
7952
2141
2489
7169
5339
5544
7809
4683
1835
3331
1507
9966
4285
4571
3516
2805
2232
6472
100
7139
8144
3401
7892
6734
5351
6413
4543
3696
8015
7365
1798
2726
2998
60
8758
5135
4372
7191
5386
544
7502
5883
8870
920
1111
6549
8397
1158
2556
9440
7062
2742
3665
808
3205
2219
1896
5911
7260
4168
4354
9213
4402
9157
232
3108
7688
779
626
5221
1209
2261
3349
941
7830
2401
4365
2215
1503
2583
6779
5815
9852
1522
2916
4332
8756
2022
4978
939
6995
4511
5004
4621
5658
5447
5399
6016
4009
4722
7201
5259
736
5193
4394
2301
7147
9104
9114
7066
6735
801
4354
1491
3766
2404
7949
8020
2073
9339
3991
9432
4069
5569
5625
3025
9135
4163
6192
8124
33
7457
4087
9639
5716
2468
345
1981
9061
1441
7004
7000
8388
4479
8562
6852
2390
1022
8494
7669
9091
9638
7706
2748
806
1051
2057
4621
8725
7630
1639
3777
2692
3654
5365
8116
4044
4609
602
1248
1957
466
9087
9658
6631
7471
7148
8433
5888
5284
406
2792
5253
1525
532
7944
5448
3717
4394
2951
5371
9417
3986
5230
3079
8967
8901
1075
2114
1648
1773
4142
5536
5313
1140
8253
5489
1561
5455
3058
1793
3418
6612
1081
9115
116
1277
2549
8568
4054
3553
9988
6294
8335
3083
8046
8492
9341
8546
5253
9672
7750
7680
3500
8475
3121
1489
7919
3313
1709
2061
4501
8301
4539
560
5365
8452
2900
4405
1842
1990
1463
348
3732
6726
4931
3268
8996
6970
2821
8830
1941
7170
8327
1871
9487
8596
1471
1333
4538
5770
3798
6910
2632
56
1696
2163
3080
8858
8119
3799
8627
201
7938
7066
8287
4134
480
2752
6459
4338
3854
2164
7706
5619
9659
2628
615
5533
3316
7559
6088
1312
4870
1952
5065
6449
7437
6251
8225
4849
5624
9019
5507
4271
4249
1531
6458
4950
8481
5503
3325
3747
100
8531
7598
8943
1018
478
7271
5895
4411
8075
6472
9158
5878
4271
1315
2402
1860
3513
5830
3471
255
4062
9660
8266
8620
3684
4835
3801
8652
5634
2392
7715
1736
7688
867
8834
9277
8202
7744
934
3248
9623
1862
9772
6928
1726
9440
1662
3172
3948
8916
398
7706
8620
115
8167
7917
4652
1380
5235
3421
4282
4270
2666
3262
3864
9172
2101
6040
3347
6747
6712
3485
8105
9534
7845
5021
1082
5199
2593
746
2812
7960
8540
2891
1845
7528
3281
1323
8319
5518
7951
6923
8999
7778
5975
7811
2953
7297
530
7253
3231
6447
6764
8876
1408
9208
7767
4298
8647
3698
6465
674
9062
2857
9145
819
8601
6455
164
6523
5401
721
1527
6493
5633
2847
5507
3953
2213
6362
3232
5328
2457
9983
7267
709
4721
6882
1611
8785
3405
3541
8246
3829
6308
7380
5401
9959
8232
129
9031
8386
18
9601
5650
6660
2712
5917
1655
5001
2466
9537
1498
3759
2923
7501
4704
7730
8359
1175
9609
7639
2651
3483
9893
6420
6257
6147
8542
8111
5816
7736
2673
148
8762
1492
1842
5642
8332
7843
1887
822
2791
254
6154
4244
6327
4672
6031
8580
8088
2160
3131
2887
128
1576
6144
3046
4659
4085
6449
775
5927
4189
7878
7087
2277
2542
7691
4337
9540
4289
7783
2139
7724
2922
7413
6301
9182
3718
1343
6724
7944
2707
163
9675
6658
6824
2805
2254
9761
8387
4755
2018
8892
2404
9339
2712
9323
8300
3576
7825
4219
8634
4575
7336
6954
6136
7230
9390
325
6943
9039
7885
5558
2316
3288
9010
3279
3328
7546
4597
3245
2978
449
7848
9558
8076
6079
7442
3354
8802
1901
9351
5472
7368
3193
1774
7523
8394
4154
7532
922
2751
3490
9973
9974
3458
160
3002
6882
6942
3190
3189
3683
5481
7980
2076
8542
6951
357
9787
1589
6163
8817
6828
8509
7995
4801
9587
8518
6307
682
6425
6984
4178
5202
5517
1977
411
6486
2615
8341
4422
3504
6764
2479
6675
7856
4693
5999
4609
9094
29
6581
4660
8457
1828
27
9432
7840
7994
8274
5313
3113
3066
4373
9913
3487
6600
6910
599
1505
7902
3150
5072
1488
5230
2322
2461
7754
2734
7876
8731
7782
6406
295
3324
9660
1075
101
4911
7569
4106
4066
2889
3900
7870
6313
7823
1622
2285
0
8431
5964
758
4559
4899
171
7725
8125
8321
6118
3647
4676
3877
6903
3793
676
1024
5200
443
6565
7378
8108
4230
4310
4268
6507
9288
3400
983
4522
8552
4177
1635
2597
156
9207
3264
5897
3177
481
6287
8268
1165
2716
8766
843
4882
721
4059
3516
1444
1897
7393
6973
5679
3262
645
2757
926
6110
6196
8900
726
401
102
9106
9899
5258
2028
4118
3359
1604
4400
4998
3673
7884
6046
9312
3863
55
6244
2941
228
2605
3533
2126
1074
8207
9896
2690
1167
9812
5024
5939
8411
479
7217
3635
8856
3035
7206
7686
8445
3780
8672
3681
5080
1905
4569
1255
2612
9000
1496
8428
9074
1111
5287
1506
5156
9165
9785
6918
5285
2274
7307
6453
2919
2391
3703
2754
3715
8154
3116
7643
5066
310
7550
1877
8184
1095
4172
1272
9363
5147
8925
781
385
133
8465
5079
4089
1086
3685
1471
70
3675
7194
8555
7206
8109
3953
1933
4219
7160
9030
6510
6871
8964
8882
3429
542
7624
2946
8531
9897
2432
421
8382
3182
9578
3089
9372
7265
8543
8783
5158
942
9117
1664
7823
8299
3922
4873
8523
914
5663
8323
4083
7578
7922
9375
7074
2844
3274
7017
8187
1221
2704
739
1420
2100
5917
3800
4520
1619
2934
6796
9417
1574
3627
1555
9968
2229
3259
7219
7233
5395
8969
125
5720
6533
4224
6560
7540
9776
5700
2815
5295
7750
9800
93
8619
8877
4074
2755
3803
8424
2179
7186
670
6008
9677
5089
5994
1465
2008
9432
8110
3045
5218
3472
3131
6767
4716
3255
9155
3391
7190
1857
1228
9989
6114
9237
6468
6353
1815
5030
5686
2607
2914
2869
5175
3277
7187
3892
9871
4842
6339
3978
7017
8285
1018
3954
7675
5553
9500
4530
1945
8980
5922
8016
2594
5712
1676
7058
948
4965
6624
6517
8365
4552
5190
8431
6381
4523
6034
1529
8697
9997
3031
6185
8609
2313
9580
2867
6144
7462
7878
7163
245
3440
9729
7299
2649
3648
5715
662
1761
1735
5095
4328
6804
4406
9674
837
4779
2613
1067
4520
5366
8294
2286
5584
1818
3352
1351
8862
9059
9919
6801
1613
3794
6143
2352
124
5214
9659
739
7961
9059
1770
4813
9693
2278
8886
7338
2651
259
4265
9614
5870
3732
2265
3058
9741
7823
9390
7150
2098
1457
1261
1816
6474
1345
2303
2206
6090
1092
5426
9104
2762
2671
2254
8742
3360
4411
587
1664
7741
6962
4661
1491
1097
6276
5532
873
601
535
3430
3804
889
6188
1292
513
5441
6764
8851
3636
1261
6984
9623
2087
2355
3834
8941
2104
3499
5721
9787
3339
9495
632
4569
1511
6749
4272
5245
8151
3322
9573
1228
2281
858
9697
4342
8473
6776
7637
2798
679
7931
6906
1606
1455
7602
9419
5152
1770
6097
8659
8756
7449
1538
8473
9961
4498
1440
454
7012
7029
7613
5744
1541
8325
6584
326
4820
7714
5266
6373
2106
3321
6909
6100
7594
3545
5520
8661
3267
8143
7863
5150
8560
3181
936
1498
4134
2793
9365
4181
2329
4681
1575
9019
8871
5592
5756
9093
5276
7639
6689
3804
9060
6259
2288
7456
9344
5827
4376
2388
8719
9539
1627
8634
8367
6016
3918
9386
2325
6264
6335
9101
8513
1145
8035
9013
8706
1282
5819
2995
6951
8485
4775
5294
6133
161
8724
426
5341
5983
1268
4747
6489
9078
4239
8607
7259
2431
4083
7834
8837
4817
8293
3323
1136
9639
3388
7963
5268
4279
3127
790
2839
7265
671
9337
4358
5424
1209
2439
4475
3476
2220
7435
100
4064
6971
7664
8532
7091
3115
8412
6650
3407
2349
2076
8952
9389
8930
6208
1755
5779
4595
1292
3243
6223
4901
8666
4196
8436
7346
2817
2223
3624
4763
6428
3111
7871
8415
1037
6506
2552
3995
914
9547
9542
296
2878
1331
949
4700
166
3086
2430
1846
4161
3828
3773
1833
3851
8904
332
2129
9191
9330
4172
3026
1205
3112
4328
9888
8636
5832
1452
6717
8214
6729
3302
4644
3205
8191
4021
5815
2813
1144
1964
7864
3194
6181
7954
6637
9407
407
8260
5212
6421
2996
4362
5326
6483
8215
4605
3329
9594
3298
1214
6495
3618
9936
9840
7138
652
2429
7781
1312
6662
2522
1333
6141
2119
868
2370
4752
2396
7665
9132
689
8006
548
6508
4251
6441
6054
6595
1697
9303
2135
1238
4482
718
3066
4397
9788
5601
4853
3699
5481
9239
8764
7345
2332
2879
2986
4644
3847
3527
7544
5895
9368
2
5632
67
9254
1449
5273
6802
1880
8959
8824
2604
980
5746
4292
9809
8395
6388
1613
863
1705
1066
9114
9795
8403
6432
227
7360
8284
768
8180
6278
3547
7442
6887
8213
1733
7297
9522
4722
83
7600
2403
264
1150
2427
685
6520
8571
6969
4134
3800
8798
6137
5755
7102
9279
6033
3428
1514
6080
5440
4857
4064
4287
3245
9130
6905
2628
6927
3956
9733
9741
6650
6274
7743
3232
9331
5330
5087
4270
7084
1546
2796
9844
4893
1557
4447
2000
3032
9630
2458
8373
826
8367
2841
1189
9639
7037
6465
2501
4654
4220
473
1911
6956
2508
4334
9252
9729
6946
1194
8811
4925
5616
6723
3534
9708
318
4399
7367
5162
7638
8351
1381
3274
5886
2265
4671
2072
1325
5645
4129
2901
7952
6732
8174
8335
8655
4795
8237
3948
2007
3161
8403
2300
8182
8360
8001
2863
9511
62
4093
7330
6071
1101
868
5799
4339
6820
741
5629
7433
8203
7589
1426
8770
3830
6039
1607
7044
1549
1927
4218
9357
1951
8173
2302
1079
2211
7163
7022
5527
696
5454
4908
3925
9818
9105
4189
6270
7077
8273
3951
6704
1974
7847
9048
2774
9507
6838
3145
6599
9380
2990
2031
7334
3683
686
9473
8578
4834
9557
8218
1418
9865
8441
9526
3623
6759
4333
5604
8214
3457
8784
647
67
441
4848
7880
7531
3305
6130
1907
7138
2628
5732
7995
3385
4641
6978
2469
2313
7657
9680
1323
7143
6062
5407
7361
6580
5772
2728
9685
1562
2482
8706
3214
4218
6810
6098
51
3576
8453
6602
8985
6181
4889
9313
4184
6186
8782
74
9228
8711
2304
1822
8034
2311
5849
8221
9927
1252
3251
2859
2153
5932
5547
4165
9447
302
578
1758
6941
8403
6254
3466
9641
8262
1212
3456
8993
266
7748
1017
4637
8929
8417
6412
7346
1426
9488
4914
7369
3698
1573
2659
916
5039
170
8255
6364
5093
6612
2229
908
2962
2966
2362
7849
6727
2793
6663
4492
3119
3374
7395
694
1282
3977
8845
8534
1629
9081
8834
4251
632
5055
8879
4670
5062
3755
811
1613
4681
6713
8242
9512
649
9189
9757
3338
8048
4180
6929
6279
4826
2700
4362
9178
6176
8127
831
6628
2946
9198
295
7851
4983
8396
9057
4003
5516
9853
688
7393
646
3696
3441
2251
8802
1752
5848
1130
8627
2959
4950
5834
176
5478
8167
6812
3539
6493
4225
398
1028
20
724
8948
3951
7623
5978
5000
2617
6921
537
6869
8744
7956
9477
9781
2697
8091
9959
3583
4100
1962
9840
5372
3283
4183
2180
2932
2751
9010
7368
2823
2398
2964
9317
5113
9564
3544
4637
5345
5157
9581
4075
3089
91
6545
3591
5652
2041
3142
8442
4933
1150
3958
7343
5197
4707
6524
5411
9651
5079
239
3925
4078
2194
8828
2184
6505
1733
7690
1705
2925
2868
2381
5865
396
4838
4740
8707
534
9964
8720
5080
8332
1806
8852
546
3555
1069
453
3544
4524
8608
2193
4223
7008
4412
8416
4005
4156
3809
763
7488
6933
7293
6052
3591
8350
8358
121
6013
8942
4515
5406
3985
5390
255
3382
3089
8987
7176
1672
2456
5718
5671
9658
9086
5109
4654
5681
2175
766
641
3588
391
1473
5154
6271
2831
8141
9927
9136
55
8471
2657
6932
4999
8218
2148
3317
4883
5186
635
3648
4247
9673
2779
8016
6178
3005
5368
3355
3457
3991
9132
552
3881
1662
4224
4922
4336
1502
3904
6179
6323
1517
6760
7063
1594
3968
6404
8155
319
8344
8976
118
5761
1271
3058
3565
8837
9424
3592
1085
3132
2237
1295
5560
5953
2234
1695
3848
3802
2130
3412
5161
1337
9514
3595
8986
1272
1872
9519
8315
8983
7012
9268
101
9614
6504
1176
6346
7412
2684
1204
6068
6651
2950
9811
475
1086
8643
5043
1122
4146
9601
6522
3581
5238
9655
5828
7192
8470
2786
2372
4843
8866
4450
240
5408
7721
7635
778
5459
3107
8662
7659
6185
3782
3405
6084
6071
4713
669
5405
9796
284
5784
4933
9097
6873
4124
6016
1861
9951
1229
9532
1602
2082
3480
6901
652
7315
867
4414
6890
4311
1282
5236
5637
5263
4000
799
5475
181
8517
3441
9169
6402
3757
5157
8604
1385
1825
3098
5749
2714
9925
1064
9972
3076
3844
7656
5756
9481
6509
5972
3832
5441
5485
6784
3078
1953
4046
6978
120
8210
1425
7707
8541
5737
9225
2193
9798
300
2610
1391
3568
4390
6843
6835
6048
9337
2052
3928
963
175
1641
5614
9507
8279
2714
5964
2252
6478
57
5535
8187
8865
8765
5521
3477
2847
4437
5718
5256
4115
4005
2085
3876
6142
4740
3324
335
4617
3738
2276
4348
3752
5281
7198
2488
5809
8887
9991
5126
7387
6540
3337
5555
6008
3647
6339
4563
8390
4596
8761
9003
7385
442
7236
3458
8064
3200
2922
9947
4635
8513
