1838
3414
3695
3815
6584
399
7017
2634
9139
7073
7636
8039
6615
3258
5670
3005
3024
8023
2902
6319
3222
9524
8309
5112
5531
4368
451
7091
794
985
9200
6234
9546
7690
3376
8359
5708
7590
2751
5819
4743
9327
2550
3853
6585
4742
6127
4582
8802
1981
6774
8524
3432
5330
2798
7645
1749
1080
906
8397
4770
2147
1741
8005
3781
2800
7944
2343
4358
8879
9526
9114
9407
8182
3539
5802
1604
311
5003
7867
3279
5221
3924
8982
2269
4922
8831
1792
5552
3384
719
4601
8576
5536
2565
6712
7129
7434
8607
2680
299
6186
4531
3690
7636
0
4337
2450
966
5862
2216
6528
1490
4788
8060
3902
5754
2298
3395
3628
9901
4871
433
4019
185
1472
733
478
9165
2935
1517
5228
1227
979
7074
1584
8097
2942
9895
6120
4902
7939
1153
3109
9959
5077
3031
6961
6993
4603
5956
20
6731
8431
2316
5053
5968
7333
4451
4040
6079
8311
8791
7464
9704
7099
9924
1177
3865
7602
8023
1182
125
2178
637
129
7568
4086
5105
3223
2360
6205
1042
5356
8443
8143
3262
5737
7501
7253
4272
1104
2787
7745
2041
3643
586
6082
3143
5169
5164
141
3550
4844
7897
4257
9385
3691
8925
2183
7741
5555
178
5265
3336
771
1895
3660
194
5777
867
4316
8818
9196
7557
601
8393
2469
957
4981
429
1062
4613
7923
4967
444
4578
3344
2974
9583
236
3361
8867
3539
1900
2809
5261
5877
4901
7090
7960
1092
8467
5258
2987
7016
9124
3941
9018
7261
2561
6691
7952
4137
4969
7646
3581
3241
4685
8041
3303
1883
7669
8999
653
4894
5790
4302
7067
2992
5223
2382
9736
851
3326
7660
8670
4295
6310
7529
156
8614
6730
2766
5691
2930
9372
5982
5162
8704
6451
4834
555
4060
8229
4124
1787
9387
3109
3721
9421
3868
2066
7213
9928
7022
5897
9649
7960
4141
143
1341
6638
9572
1820
8744
1273
7215
4089
2711
4100
3307
9877
9038
7663
2579
3125
6165
2254
5251
6790
122
8496
8919
71
7372
9569
6407
3370
2093
8867
7902
8478
5578
7918
3287
3139
1972
6311
8480
3757
6350
47
7814
7295
8248
7268
3005
3636
6221
605
8102
2626
6720
3554
8950
5807
3643
4221
5182
1480
3298
3532
2512
3114
3172
6592
3191
5384
1923
5241
2903
9131
2295
7074
3076
6417
8281
1188
8606
9486
2812
3738
2353
2946
2454
7039
9385
6772
1190
4374
5945
8809
6205
8937
348
9414
4799
9426
5658
7564
3024
6661
6837
7322
3452
5319
8320
5899
1628
2374
1457
9707
8145
9169
5131
2803
6066
7163
6998
2880
1444
8350
7248
3597
8090
120
1582
8423
6389
882
5172
440
9970
7168
4783
4547
3372
5135
1939
3391
8399
9378
6041
6012
6874
9813
2693
8647
2666
2993
9137
460
6486
7700
5648
3047
2760
5889
9037
1491
9130
9143
1992
6454
5558
7697
9869
1368
1887
3745
4782
6100
9770
3315
5356
8665
7352
1252
9343
9516
2812
2039
5457
8745
5932
5106
237
5132
5248
7030
5537
7386
1985
4639
2321
2158
997
2356
6833
440
3243
4390
5949
3841
3932
7325
9518
4847
5403
1517
8846
712
4074
344
2145
8872
6317
4778
9692
2900
9013
7026
3763
1919
6698
1068
965
3147
8739
9768
7495
6756
6737
7978
1079
4598
4535
8534
6861
9525
569
3359
8345
9983
5114
5070
8651
5374
2984
5360
1811
1282
5636
5266
8606
58
5305
8928
6507
1494
7797
6905
8740
384
9851
7238
3140
2578
1641
2521
7547
8826
4881
9028
4778
6206
2254
9585
6915
170
4461
5328
5559
6402
7016
2757
2020
552
143
1540
8970
5677
1570
5431
2996
1722
3883
3366
5724
8767
5164
279
9660
5900
4109
7546
3791
569
8548
1053
3096
9067
9352
888
5601
7375
73
343
377
3047
6358
3569
9979
3012
8162
533
1212
9231
2089
5179
8835
3991
823
7677
7821
9292
1530
4480
1159
251
5358
523
1803
746
5722
6379
9351
622
3937
9411
4317
7706
6921
2058
5434
4588
3208
2265
8336
9688
312
763
7179
4468
8587
7423
4281
3814
4183
4225
6696
4606
6420
5513
2817
8263
2976
7174
6508
6674
9651
5105
1106
7328
129
9943
670
2692
5191
9381
1292
925
118
1627
960
9866
3622
3529
2531
3908
1629
4771
677
3841
4422
5099
327
3039
6251
5076
1100
9477
2367
2044
9486
1968
9622
2088
8129
748
3272
5679
9464
7075
4433
9347
9165
3861
9739
8272
3405
9519
7213
4983
2749
200
75
7506
4654
1354
3295
6226
6022
8199
6042
2529
7031
6054
6889
3805
7519
5743
7604
8832
7667
6316
5675
4724
5358
7192
5342
1656
3680
4466
1822
4378
3351
1647
3684
192
6480
3344
3854
1496
82
1540
636
7260
9999
8010
6281
1881
8486
3160
2160
1729
1633
1115
6391
9428
5972
3218
1871
3378
7183
7305
144
5393
7625
8046
9219
2438
3578
4494
1559
9391
7535
4534
1811
8545
5685
2370
2515
8101
5777
4414
53
6316
5984
971
2388
153
1098
5977
4757
7287
8392
4704
9432
8170
1839
9841
890
437
39
9630
8306
1455
130
7858
3125
6017
7278
4401
690
5279
6906
6776
1359
9929
4713
7663
8375
5262
7778
737
6862
8352
8541
7309
757
7823
2297
9240
2219
4877
8003
9416
1144
164
1648
9639
731
4844
1209
7221
8793
5777
2321
5810
3437
4132
4160
2987
6088
3946
5793
7060
4430
2120
4225
8115
2774
4220
6757
3897
7612
1036
1884
9347
1660
9329
4944
9760
576
6442
7010
1419
2711
2533
8071
305
3756
6061
8497
9010
4934
7864
5957
4351
5532
6679
8500
3333
7979
4252
8349
3091
6428
1363
5100
1241
7862
6999
1489
6666
8094
1691
9663
7172
3739
2589
969
9703
5213
2252
7697
804
5121
5303
906
9922
1017
7127
4488
5762
1468
6616
1987
6411
9558
571
9303
7239
8566
859
3408
6672
408
6643
4456
8866
8590
3113
6260
4033
3956
4991
8022
1697
3290
7820
8391
9543
7955
2527
1482
655
2200
9082
3289
4936
8489
3222
6106
6293
277
6128
8025
5768
1023
739
4337
2214
1905
9924
7789
6342
9708
1139
4993
1015
659
9399
7067
502
5587
5374
3548
4090
6752
8276
9990
4913
6883
3816
1311
3161
6578
5966
4898
3928
7028
7521
9767
3876
1265
8520
661
7628
8588
3480
8874
4325
3647
8097
4785
7158
3771
3558
627
3839
5582
1949
5860
3947
4648
9378
1640
9907
12
4367
5369
1914
8787
7843
1069
3578
4696
7602
6413
4269
8434
4554
2652
6182
7017
199
9384
9004
3930
4827
2144
2736
1790
3758
7119
9675
4507
4547
3959
9888
6469
1566
4596
585
2142
5585
3292
8732
683
5100
679
7958
6623
2997
2508
5369
9506
6862
1979
1216
2498
3748
3104
4549
2373
537
1355
951
1074
9165
7012
4250
2067
1933
6101
2701
3109
5866
3552
1551
679
6696
3352
8131
396
2376
803
2647
1962
3271
2755
7716
6870
1171
2701
2345
1991
2075
8934
1527
2421
8362
5647
925
2542
4378
8804
7232
5071
5759
896
8675
4113
6855
1255
6901
9680
2531
1552
991
7978
287
9258
6723
3846
6191
5422
9363
9219
3390
6926
6235
4160
5144
7541
6123
5129
5251
6572
6164
8483
7500
8648
3284
5900
2344
3303
6490
2410
3408
8405
8343
7025
8597
7182
8816
580
615
4644
2381
5316
9505
5510
9669
6003
5483
2435
8326
2945
3741
254
3806
3060
4202
9269
9721
6452
8259
8173
9158
2348
1402
5126
2850
93
5367
3668
7486
8028
5917
8745
7585
5476
2724
6899
7364
846
5906
3860
4783
1882
9774
2224
8593
2484
8071
1703
607
4190
6555
4467
9637
9410
8192
8567
610
7817
3387
3084
2191
6892
2710
9704
8939
2594
2406
6752
9483
6330
3578
3361
502
9981
4421
3423
7401
1592
1115
1238
6466
546
7065
3378
64
2488
2079
4152
5918
1118
2728
5326
3921
6072
2703
4204
9054
3523
7242
8089
6991
8925
8895
7234
9749
9325
2790
2897
2342
6081
8357
1856
7840
7483
1030
3857
7407
4767
1823
3853
4005
4336
4889
6604
3244
3609
3162
7237
2558
7834
27
7708
346
491
569
5747
34
420
9431
9843
83
4701
3553
1084
9908
7496
7121
280
3402
1553
2984
6668
6288
865
9446
2735
871
136
3882
8208
1962
9075
4941
5104
671
7358
3214
4873
8616
9081
6236
8144
3643
3951
7399
7353
9607
6128
9969
2614
6985
593
6758
1600
8112
1287
3204
4930
709
4821
6640
9535
6032
8535
7320
3881
3443
1897
7442
516
1487
5815
2837
3416
6703
5282
8244
9848
5251
6974
1183
9078
9219
4897
1313
3138
8992
4006
1851
8092
5416
3818
7164
7758
660
1496
5931
5668
4670
6588
2439
5240
4872
7709
9510
2543
416
4789
5309
862
8648
9198
2885
1317
728
8062
5630
9229
5361
8385
4100
1601
4463
1214
9592
7136
2228
6002
7752
6539
9577
597
1065
7499
9220
2811
2572
5724
2707
5409
4393
649
9723
7535
3726
2062
1629
2090
5842
1765
5810
382
8346
2607
4684
2472
3439
5757
3480
4110
5243
5925
3782
8847
7433
3366
5702
7019
2284
1010
87
1621
6091
4779
3631
4806
7417
5298
3967
7717
4064
9555
8835
678
1817
1821
3339
384
3055
4139
1890
5655
6123
8032
6985
3589
7000
757
5201
3461
3250
1345
1951
6641
6501
3992
385
6927
3755
8931
6637
7228
9743
3807
3081
5321
2219
1809
3666
3515
9594
6329
535
4512
5644
5757
9140
8474
9155
6164
9809
4383
7318
4109
7394
2119
445
6548
6966
416
2143
9953
2827
9785
3484
6104
85
8852
1890
7775
2939
7150
5471
3514
1459
7346
1370
7102
9147
5130
2308
3883
6820
5533
8980
3160
4510
338
7174
3085
1948
2406
7621
2106
9942
9246
3396
8885
9521
9946
4451
862
3026
6743
1328
121
1545
4885
447
4093
6026
2227
1477
7740
5222
3046
3270
3370
2204
8909
8586
3969
2614
3155
9389
6052
2039
4488
3927
8422
6943
9544
3953
3935
3444
3864
5497
2420
881
5667
9385
4194
2602
7055
8373
5322
4696
2828
6172
7671
4495
7973
9937
9149
4579
1051
1833
2038
4755
2230
7201
298
4029
1489
6532
9878
6917
4645
5960
9627
3636
2310
6326
4224
1686
9593
3993
4703
7107
2442
7511
6595
7325
9890
3053
510
3904
127
8048
5058
2746
2356
6859
7388
1330
5659
4556
2379
7430
727
4816
7509
1421
264
5827
6773
4758
9082
3704
3678
498
5492
6358
312
7863
1445
2046
6729
1719
68
5867
2525
9610
5734
4392
334
3506
3604
3275
9227
790
2711
5241
4490
9165
9077
6128
9115
3144
3099
4833
1484
5584
8505
8932
3174
6315
8539
1522
624
1342
8724
6384
4433
324
4542
7983
528
7076
6679
9975
8099
7678
6100
954
248
3477
6150
8934
4630
1704
9128
6754
3032
4750
322
8997
758
229
3390
7299
9011
7895
7114
4982
6023
6175
5086
3844
5585
660
6679
5625
4853
9208
9749
8174
6823
3522
3001
1684
6716
5010
8631
3476
5640
3538
3979
765
9400
1300
4229
9618
5056
426
6940
4853
2953
2190
3129
54
7327
7725
8975
9027
4317
4985
6814
88
2222
4388
4019
2333
5203
6027
3623
8731
8252
4648
1089
4294
8243
4680
7496
8854
3130
6527
598
3031
8958
7068
1705
2894
2257
1827
8148
3471
3582
3660
8196
3815
6517
2952
7730
6622
5274
7296
5741
3561
3174
4428
8733
3390
3774
781
2540
3731
6159
9456
3683
8910
6022
5614
1447
5690
4540
4354
6123
5881
7793
5983
8488
9863
454
6252
554
7857
8879
4618
7819
6408
301
1871
8841
6007
6868
9586
8812
2033
5484
7749
2
5275
7039
3666
3410
147
1483
4775
2804
8465
8438
369
4427
4096
6554
2358
3064
9182
8650
3229
7961
5701
3844
105
76
7147
2325
7451
5569
3822
3207
7348
9085
1823
982
5532
4386
188
1507
3380
9212
2869
4141
945
5835
2199
2715
3736
8745
8355
4318
6488
6107
4941
1559
392
2220
4261
916
6414
4064
7143
7048
6215
6190
1193
569
3918
4736
8292
4635
6525
3113
6825
3954
8111
9073
6633
8319
3122
5259
5025
1627
7058
3115
293
6476
8620
3062
5150
3919
6003
2248
6244
7702
1449
4819
7486
2428
2361
8704
4332
5463
4376
7160
3302
3143
1597
2981
6107
2834
1887
8198
504
3754
583
2324
673
1127
4295
7776
8364
164
7540
1964
2282
8686
8912
1721
7296
9761
161
7246
6911
8640
1155
9523
2156
1486
6020
7331
7536
6916
911
7348
46
5223
1875
3634
335
4276
2038
812
6103
5571
949
8649
6545
8696
5343
4409
3231
7516
9810
3344
7206
6851
7882
7025
4280
4057
8938
3771
504
6014
3947
5447
7621
8319
3592
70
3957
144
5581
276
9616
5195
4062
3527
6155
6460
2978
1161
9940
47
6927
9840
5296
1289
7620
779
8257
4523
1409
9275
4227
6475
3494
9447
3190
2007
7421
6864
4233
143
4254
4818
7104
7761
4425
8306
2289
8093
6670
3541
2640
1283
2689
9745
9010
4637
3218
4318
9506
931
1045
2088
7018
4144
9163
4269
2480
3346
7760
3019
1958
7098
1986
3016
4120
2710
3609
2378
886
6948
3508
1396
8138
7392
8761
9071
5258
6548
7559
4235
1936
4002
7573
173
8248
5470
8551
9070
9261
1406
7899
5384
8618
1981
8798
5260
6467
9740
4009
2516
5863
5970
4934
378
8359
1951
4728
2151
3870
1619
6297
3315
2096
7918
888
2160
2809
1109
604
5996
119
3685
8703
5230
1475
3138
4793
8138
5600
843
8159
5070
4828
2552
1368
1945
6371
3606
8028
9458
3939
9875
3110
6168
5823
3618
1611
792
8076
2028
1490
1445
1734
5022
9791
7314
1157
8014
6654
1320
6527
4850
531
663
7292
5884
9320
5874
4910
6246
6384
7931
2652
9743
7436
7369
7395
4585
4144
8875
3374
8106
2967
9825
654
9018
3220
1461
1745
7388
6639
6940
8208
4470
1847
1392
5380
6813
1012
5271
7404
1659
2732
3795
6630
3531
4723
2088
1179
5140
2230
7720
1935
9241
3254
9818
5571
1944
9665
6629
3363
2095
4071
1488
6457
5832
5885
522
7050
189
6500
4080
1501
4707
2657
7885
5770
5411
9170
9225
5786
1229
7007
8095
5365
8952
395
3134
2095
9167
7104
7483
7263
2259
9335
186
9340
525
8782
4685
1797
9724
8288
7094
5094
987
4322
3466
9576
1890
8972
7050
714
3719
7565
3670
607
482
8137
5775
31
4057
1992
3471
3413
9020
373
3882
5079
139
845
8577
8875
5343
8453
2464
4843
7000
900
6558
6005
4798
4063
1330
5505
4186
4003
6965
9399
5401
4288
1792
3153
9410
2954
390
588
8761
1675
8424
2447
3308
854
2152
8001
3039
8256
6707
7206
2814
5507
8757
2795
6755
6365
5970
1393
3205
2985
7797
246
4714
1596
9547
1481
1359
6956
4463
8955
9840
5774
6555
3676
5250
2873
327
2578
7225
271
2219
1959
7231
8633
2556
1313
9162
2523
6145
5453
1145
5799
4228
2872
2456
1112
472
6057
5793
7991
8911
5161
1815
7245
2292
9848
9804
5551
5172
5397
5590
2996
7282
8225
5455
8072
9169
2885
2668
9160
3936
7254
1456
8910
6010
5191
1805
8063
328
6215
7271
8264
3022
9923
7175
9191
7812
8805
3980
3934
608
6858
6447
7977
8576
2998
9256
1356
8853
7639
157
612
6461
8008
6463
7020
536
2768
3678
218
2964
9363
439
1868
3726
8114
5567
2243
2837
5542
4990
3768
9610
5680
8595
9424
6187
2167
9636
684
3730
5841
2223
9177
6517
2219
5653
8622
1284
778
7838
8759
6582
3256
3948
967
9668
1350
526
6053
6518
5111
9796
8308
3897
2114
3664
6333
1119
4046
1995
359
3108
1731
5147
7859
5707
1837
6472
4059
8766
8475
6500
1649
2489
770
6866
4480
7776
3082
8700
3286
1821
8020
7147
7624
6134
3656
975
7102
5299
5393
3801
6711
1306
9865
1380
5609
81
2905
7611
6077
3973
6151
428
9503
6362
7180
7597
9262
2338
6179
1585
6117
2413
8136
2125
405
4628
3258
4889
6654
4094
9941
4747
537
7974
3949
2515
5073
8267
4710
4798
2887
4326
4598
7543
3955
2007
9931
5295
3783
6574
3020
9746
5223
2041
3081
3179
8269
524
46
4664
6053
1313
9419
9428
2028
916
8179
4774
2834
2105
1436
9090
3717
2120
7076
4028
8529
7618
919
3783
4312
6702
8078
9551
1279
6425
7135
1672
2570
7505
2526
6805
4624
6724
7083
2497
8203
1413
1079
6979
2157
9788
6311
7666
6872
5474
3769
7925
2005
4535
1263
7966
3600
8520
3011
2397
8951
7634
6638
3919
3701
3985
4303
9920
4571
6057
3734
6340
2836
2045
1838
1034
8231
1487
8259
7113
286
1774
8753
5245
4293
8508
8580
2746
2057
6471
4248
6441
3389
980
7886
5728
2905
7812
2290
2074
8100
3520
6249
1234
8896
7010
9148
4903
5916
7496
1052
9221
4585
3626
9459
8571
4799
3454
6763
4445
1437
5216
3079
823
9222
4395
7537
9443
6578
3460
7424
641
7035
6805
8605
8018
3469
4952
2542
8088
9987
8858
4955
9272
8637
7298
8631
8156
3293
7717
8254
4712
1022
3709
8240
2402
2056
319
5505
3483
3076
1729
7875
4657
4935
4596
5403
3259
5199
4279
6233
9608
7876
507
883
6833
7615
3672
8794
5533
3281
2827
8821
6945
6296
1770
1004
4978
2462
86
366
4385
2025
1943
4762
9675
1720
6586
7895
6915
4211
987
5449
8479
4916
6898
7048
9045
3550
1685
9214
9613
7873
4762
4830
5204
136
9152
2766
1024
2472
806
7255
1341
6125
6643
366
5119
783
5978
2509
2502
4549
8983
5274
6689
2089
141
8109
6415
8385
4285
5364
5295
8152
7707
3026
5630
6485
7119
5133
5914
4576
4750
8268
3246
5456
8789
8839
4135
8613
4501
1875
9763
9104
2903
1985
4679
6266
642
6823
1106
9539
6869
881
4562
4043
312
2805
358
6540
2513
2510
4653
3214
1240
5362
8231
4286
1457
9423
5946
6914
9918
8347
9829
7048
3441
6890
9322
2952
231
8197
7730
7957
8237
2038
91
7682
4453
989
3934
7431
4332
7191
1099
8769
1025
5755
5711
377
32
2157
706
7221
6034
33
2892
3764
5166
2663
4399
1534
7801
6135
6638
8671
4037
4695
1351
9286
6493
9102
2232
3403
2798
6944
9701
4062
3173
9826
919
6794
6909
6094
6854
8025
5208
9318
8361
3279
6845
2186
3581
3017
7440
2592
9710
3852
2710
3774
3213
5522
1039
3146
3868
9495
930
5098
9722
3349
4452
1518
1955
6206
8690
11
966
4387
3362
3891
7540
3194
4269
9887
5903
278
9067
9222
8648
8372
3941
5214
7046
375
7205
5875
4119
7729
8618
3134
1965
3811
1217
1234
9321
7700
5880
5626
108
57
7490
266
8781
2117
5569
5572
3747
803
1569
1530
5764
7856
9605
436
4328
8518
7369
1574
1337
5782
9194
5774
8008
9550
3793
1241
7964
6081
5085
3305
6690
2099
5670
9814
5164
9593
9045
770
3318
1932
8431
5519
7275
9244
7214
3306
2742
1181
8435
3329
5864
8176
8503
8563
1930
8082
3361
3569
1816
3683
3708
280
5824
8002
9571
7283
4649
8538
3483
7567
7624
8607
5873
6846
9091
3839
5862
9600
4786
4520
5590
2807
1450
9955
6479
7961
4535
9334
1340
413
838
4673
7149
1359
5169
5307
9464
1825
2754
169
979
9946
1951
3612
3489
2468
5106
2875
4677
8962
8873
488
8567
2528
9169
2866
1213
3931
89
7136
1278
7031
557
1861
8499
2140
7293
3719
1732
523
7714
1437
2263
7621
1847
320
7373
4794
7992
5562
3765
9371
2936
200
401
642
3834
4044
5527
5026
5540
3213
3228
7143
4111
6001
740
4724
4518
9732
8881
4414
8148
4957
4520
2381
3597
7936
5762
8334
2488
9653
7658
4105
530
9807
8695
8206
2913
7193
6047
5978
2252
3684
642
838
6786
7605
1441
5928
6284
3744
2046
7018
3227
1439
1711
6921
7200
9240
7167
8852
1188
4493
1261
1197
9437
8860
9371
8956
7945
6265
4777
7782
233
8052
9749
4968
3060
1242
9956
7997
8992
9679
6004
5357
5338
4623
7395
6185
1853
833
1005
5013
2838
6579
8299
5405
2769
1184
2937
1585
8458
1643
3165
290
4861
703
1441
6049
6143
2350
7118
1816
8363
7105
6683
3487
5252
8708
56
1203
3924
5879
742
2538
3123
7617
2266
2674
2571
8245
3244
4517
8382
8826
8682
7294
6115
4892
5661
5667
19
6543
7443
2628
4294
5851
1173
8520
9788
8284
920
5428
7433
9352
9518
849
7959
5076
9870
7094
5925
5018
8746
3183
4966
9603
3889
4116
301
9246
8285
8371
3983
1412
3819
8239
8203
3132
232
9150
1981
765
4278
3572
7031
5780
8289
2223
9285
5249
6983
368
3553
8358
6260
9797
197
5743
8016
7695
4282
6753
506
2078
9689
837
4710
9737
2893
3161
3298
6679
3745
1317
311
2949
3477
9484
6460
3442
3352
8806
7084
3773
924
7869
7224
5630
4710
5172
1026
9175
2209
6257
722
971
685
1793
3851
4705
4896
9274
6002
8540
1044
294
411
7306
1618
7329
5016
9943
1514
8851
2211
2621
1850
9272
6461
5785
4210
653
192
8996
4745
6453
8917
902
4456
3653
2444
2927
9333
8544
172
4327
1552
3169
5002
3168
865
3963
2162
2466
3524
1479
6405
3226
4596
273
3433
6475
8385
974
9171
4475
795
2380
3550
7291
6965
9999
3856
4610
7265
8904
6347
4315
4823
2962
3863
8672
8175
9566
1455
6210
3316
8836
1659
2365
484
8937
6006
4797
2323
4624
9570
9902
1736
4416
934
5525
9694
2927
817
1091
5546
8767
8782
490
4958
5176
8951
4903
3529
88
2439
2476
7306
4668
6365
9238
4989
4553
6708
1005
425
5976
5027
9121
8145
9773
7128
3861
9188
9852
5117
8052
9178
9139
2966
72
5766
5226
9724
9739
7905
9999
3781
2826
5175
2388
6260
9936
1353
1003
1485
3290
2826
3969
7773
622
9027
6488
2315
8823
9090
2818
9803
1231
6165
8247
5624
1540
8434
8370
958
4179
3766
7530
8903
5724
3164
5621
7874
4400
6679
2633
968
5053
4308
3291
7714
5128
3542
9921
7692
3107
4685
301
3875
4638
4862
8649
7228
3158
1693
2146
3078
1189
8029
2417
4121
5696
9865
1270
4480
5886
540
2621
4228
4678
5717
8058
3996
5682
5236
1747
4850
5977
9943
1518
9488
1265
3836
6860
7010
4002
4483
1294
4973
7038
7551
6147
9275
4971
4510
5070
4534
2925
6082
3849
5034
7812
7878
7997
9082
235
8771
1450
7662
6169
7058
3235
1641
6302
4212
5468
472
7483
1117
5199
9321
5133
7103
4700
867
7639
7764
9641
2632
3792
3625
2265
619
2138
8011
7130
5321
6736
9147
317
6669
7288
8489
9067
384
2845
4532
7754
9390
7374
8953
7814
411
2359
9849
3794
7696
6297
5015
5050
2948
3461
6770
2762
2933
4649
8648
4951
4024
717
3437
7935
5961
5711
1500
1294
5507
114
8104
4811
4331
6334
8552
94
4466
7918
327
6632
8990
1201
2165
1863
5190
3075
998
7538
2410
1427
9050
109
7030
5382
5013
1181
2562
985
5204
5161
3741
4163
2862
5161
9656
6934
6351
4930
2464
4664
9926
4140
5043
1916
3923
6706
3038
1903
4780
6972
4219
9914
9120
6594
787
4197
275
5719
8321
8731
102
5687
8457
1095
3711
6880
1035
5184
9825
4578
5461
2944
4863
7716
349
1468
4591
317
5099
1807
3172
2989
7033
3692
5821
2412
2915
5972
7879
9991
4286
6041
123
6970
1859
2771
7388
2211
5456
6555
5154
591
2414
6933
6664
4474
9238
2990
1361
8107
8352
4203
3928
4929
4280
9755
2093
771
1287
2458
464
1717
7600
9380
7167
3996
9685
5028
9812
4685
3731
4508
7390
6253
501
3474
5142
4985
4007
8878
102
3214
4091
9526
6096
7920
7910
8286
8266
3762
5592
8425
8884
6883
878
4985
8147
6945
8402
8388
5935
8743
5511
1516
3121
1507
7945
3415
3873
3524
5562
2437
3654
2061
6380
9188
1123
3744
4650
4931
5978
8539
1418
4258
8936
1238
4094
1768
4525
7996
4903
1271
2104
1849
6790
2593
5640
389
9336
5448
8178
814
6544
2034
2615
2410
2994
47
6464
4206
4768
5577
4591
6003
6815
1039
584
4288
8968
6712
4360
636
8707
5711
903
9117
9922
1317
2608
959
3454
2444
5600
9267
6969
7747
8636
3923
8867
1367
1677
7005
3327
3623
108
1982
1370
8139
9693
5790
5848
2778
6843
1465
6654
5568
8518
424
6123
8354
6220
7734
3589
294
8883
732
2364
516
211
1216
2044
4278
7033
4102
3951
9761
6585
912
7783
3304
2255
4745
3094
9298
9340
4501
102
7237
4581
30
487
2488
5876
6616
366
9246
1448
6738
4396
3794
964
9413
2122
3745
4618
2588
5081
4246
52
2021
5935
5243
1118
895
8968
4882
6936
7992
4625
2864
4529
8702
9492
4142
3339
2328
7066
7743
5376
1237
4014
7694
448
2209
1202
3027
1932
8055
8733
1676
4927
8010
9461
8716
5213
8714
6011
2813
4471
3718
2212
6062
4457
8325
1011
1405
409
8343
7447
8759
1883
5848
7077
5646
7427
2421
7333
639
8002
467
1765
8264
2931
6231
4824
2121
1284
3904
7936
8951
1084
8799
5961
117
8469
9030
6821
8558
9082
9315
6068
8639
4299
7605
2493
3539
5676
5049
463
9818
1975
2522
9629
1614
4503
2375
2885
7585
8120
2388
9005
2131
7254
1
7279
8707
8535
8805
7616
7099
4222
6015
1112
8436
3548
9195
2853
1380
2263
2829
881
485
4229
530
2635
3000
2721
6647
2977
3548
3274
1805
5920
7065
4341
544
5576
9109
6840
5619
513
9268
8724
2756
9705
7751
6125
1707
7566
7438
8348
4290
168
3706
9973
7776
4708
2134
9714
2454
9478
9854
2302
5505
2205
9743
6625
9409
466
7919
643
2042
9061
4073
1178
7331
5743
1067
4577
9873
8490
4897
2469
4314
4646
8655
5351
391
4652
4449
5577
7582
879
5336
484
9040
5090
5331
5849
3140
6464
9258
9626
2361
5757
5813
6040
3440
208
6590
476
9816
8074
1005
6334
7189
1320
2082
6047
5723
9907
871
9791
7880
1361
7906
7058
9161
4897
8573
8260
158
178
5491
5748
2198
7048
5109
6295
5625
3997
7585
9905
9289
9985
8726
3113
2167
6329
267
8388
3202
2805
93
5136
3438
4867
7143
1945
5313
6925
6691
4149
7563
14
434
5603
635
845
2422
8621
6699
3239
6215
1430
425
2250
892
8229
1523
5893
3493
2943
7713
9340
3353
4108
7275
1669
9378
4976
3624
5834
4785
9893
440
8368
5072
5268
4828
6535
4085
1062
7679
7122
9880
6583
4974
2883
6847
2648
1105
9758
2998
636
5462
416
1709
7836
6515
7448
5288
7627
3406
2530
3735
2495
3669
6323
5769
7659
7127
7483
824
3184
218
8209
52
2838
2055
8029
1605
8671
3399
7145
450
1340
2351
5616
5812
7495
6073
4858
9977
7241
6143
3551
600
6626
6227
851
4980
2384
4698
6051
8785
8752
1535
5267
3615
9089
8393
2588
7495
8224
3079
5199
9897
4986
4837
9455
8186
8225
4831
7607
5567
3759
6990
2949
1517
4167
8001
4506
4468
8097
1638
1101
3061
885
1849
8585
6701
3633
1070
3361
8315
3650
5068
9933
2242
5165
3312
146
7997
5546
4325
7022
6286
8950
8763
6676
7106
6245
9088
7621
1013
7352
3596
8008
3714
9732
4309
7797
1032
4642
2763
4675
5979
1001
5091
9676
2197
5231
7965
853
8334
4274
9926
1125
6056
8136
8438
9472
364
7781
1607
3009
4626
3955
4894
1170
4303
2631
7424
2205
2752
3146
9490
6524
9669
5824
2735
1023
7751
6905
7154
3458
5983
9937
4516
6204
8581
4425
6139
4243
7072
4526
4002
3157
9263
2818
8144
9014
2908
6778
0
3601
3771
8510
858
5203
7487
1459
7004
7277
2128
1380
8273
4815
3700
2691
4680
884
9934
5434
6638
3953
8689
2604
7850
9923
6036
2313
6367
1510
5656
4393
8566
1591
5597
6415
2801
6438
603
9825
4376
9403
8258
2922
1126
5511
4989
3736
9375
2705
3644
2524
3344
6004
7759
553
7167
6738
8927
9127
7613
181
2746
385
7308
1411
5678
9331
2828
1027
9907
4714
9357
9468
5729
4973
3789
1130
1376
4231
1124
7187
8288
2522
4803
9122
5805
3866
218
3297
3003
5611
2080
608
6975
2520
502
4259
6239
9500
7769
2972
5158
7579
7544
6595
261
8759
986
6005
2186
6714
9688
9406
7573
1955
3685
2743
3734
2030
3819
2759
5124
9638
1731
7444
4765
4083
7441
109
5620
4415
4011
113
6634
5828
1175
5407
5661
4389
4952
9485
6816
9013
8254
8065
2929
3774
8286
8894
4735
8070
144
1445
7159
6956
2420
1923
9683
9049
9874
3037
2112
4795
253
7263
9286
3614
7189
6972
8288
4460
8808
4692
9512
663
2112
2068
8595
6587
6515
6585
9681
589
6035
1037
1699
6038
8500
1869
8472
9745
1931
9041
296
5065
2740
1846
9384
5124
7782
2255
4018
162
2427
9780
6644
1825
9839
9591
9205
6383
2393
8685
5027
8309
4808
3268
270
5438
9954
4206
9573
7018
2557
6368
9884
6338
3016
2026
3669
374
3464
8062
7705
9878
802
1695
6483
4700
6983
9655
9880
764
5045
1313
3215
7109
555
7129
4045
3648
2006
9968
4154
2902
444
8332
7052
1887
8162
7347
1005
3496
8614
5489
5143
293
4917
2436
1472
7444
2239
6196
8811
5671
193
5721
5567
9573
4958
8558
7056
1443
7242
1808
9631
5781
1464
8635
8279
5129
3541
1864
6528
3531
9540
868
7531
9990
5118
7813
3007
587
6136
4641
2352
4616
4155
2678
7694
7024
6589
2642
1909
6743
231
4009
5695
8057
8597
9194
6688
99
8045
9782
8294
7721
5033
9215
8436
5561
6976
8709
8708
5945
2214
977
2603
405
332
9356
7388
4069
2720
8313
7996
1961
4644
4994
2840
6317
4364
460
881
4435
1837
3586
6435
7297
9422
178
3252
205
9663
4838
2196
8040
710
3324
7501
9372
8210
8712
5030
5637
3629
5546
2207
3860
2869
2332
3384
3996
5763
4242
6277
4850
6596
4678
4804
5774
8135
6480
1170
4837
6818
1005
5370
8014
4737
6010
3409
8106
4846
1378
6485
6524
9408
5053
2145
5904
8137
253
4998
6545
1692
9028
8953
5111
8259
6513
5128
9738
5754
4875
9631
1684
9915
5866
3178
44
8966
6138
200
2675
8869
40
8505
3431
9267
485
1836
3113
9134
9657
6730
9097
2891
7807
1975
6524
2268
231
3659
2140
6569
9585
1301
395
4135
3189
898
260
808
2665
8846
363
6971
6327
6628
9507
3341
3127
9945
9416
7126
617
7529
6634
4363
8393
4245
905
1314
2795
322
8086
7639
8254
3521
6644
6732
5612
3909
8161
4096
7967
1509
3890
2901
192
5579
1385
7000
9094
486
7503
5575
7400
7272
6650
315
6246
1831
6063
5578
7623
368
3126
4343
395
283
3228
7905
901
9968
528
5265
1917
4126
8146
8959
1803
2171
8733
7651
9029
6038
1184
2259
5966
292
4319
1582
9793
1810
3775
5478
7723
8521
4050
8445
8333
6680
3677
4166
716
3986
7845
2036
8454
1497
9418
9992
5919
705
6283
4049
304
3455
233
3889
3985
1397
162
5565
8253
8603
269
6914
1331
5634
2172
8642
656
5878
8354
4208
1864
5303
3212
4597
4658
4874
7118
9888
8782
871
8382
8099
1711
2080
7752
3234
3344
4401
211
8659
1959
2815
9199
9008
41
7832
9129
3625
8161
8577
3060
7275
64
7462
3758
9282
2319
2047
8012
566
7499
8144
6028
9168
664
4458
18
8732
5156
3147
8675
1185
5178
2569
7125
4351
9442
8169
5166
7635
2303
4972
136
4034
6201
486
4566
4757
2011
9936
2948
3476
1927
6693
6410
885
2893
9548
8837
6617
7272
5031
3109
4822
1434
7351
1490
1750
2256
776
9928
8520
6139
9215
2068
9938
5093
5654
5077
697
9665
9674
6085
3589
9057
4772
4953
456
4644
8440
6399
5532
4289
7031
2076
2538
1333
4340
1101
1464
3965
7508
5755
8292
7777
6382
7589
1101
6745
2773
8018
8973
5641
4196
6622
5892
9901
2627
9857
463
7376
2560
2633
3652
60
4231
5316
1025
2880
7250
9106
2958
955
7100
3466
6181
6323
1933
285
2664
110
9958
808
7327
6297
8332
3024
4385
8873
2895
9137
3173
4955
4392
5057
8301
2704
844
6409
5625
4307
7670
8472
5138
1142
6816
657
4196
332
3674
9695
9664
9351
5904
9482
5562
8067
1386
9756
3570
5678
3502
166
7349
3356
683
1132
8073
2118
3740
7946
7766
9392
8896
9964
9102
7114
6595
2489
5176
8746
6224
4918
405
2598
4662
5101
4214
4029
2232
6504
2449
9693
3065
1714
7550
2857
8160
3121
7450
9981
8472
9189
4893
5281
2273
2625
3381
1761
5706
4977
3352
4352
7973
714
2326
3211
2916
2671
5742
2978
6897
9911
1019
6857
8793
8491
5940
2736
1744
5433
3919
2270
7799
6242
2897
2811
6034
6752
1682
6412
1899
786
7402
9723
547
6110
371
3536
9758
2560
8206
1000
8651
7798
9261
9048
6886
8187
6599
8472
5258
4486
7597
4266
2711
4713
1050
9333
6634
9377
3138
1470
3050
7515
6005
5664
774
5500
7856
1166
8959
4409
1446
5542
595
5901
8640
5975
5437
1012
2322
1437
4647
1053
3344
8066
5958
4885
9436
4036
2589
2243
5042
9545
1317
8496
5901
2166
5140
2251
9841
7703
3752
3555
5770
1986
746
7092
6095
9558
9831
1740
3932
1099
3683
5121
5385
2592
8073
9375
8879
5762
817
2284
8102
1089
9789
6080
2446
1845
6758
4807
8996
14
4102
9941
3130
2719
9630
3111
534
817
646
4247
2083
9713
2184
3242
4429
6097
5897
3308
3380
3336
5472
4604
4179
2534
1633
7428
2669
5898
4828
5291
3974
3996
6483
9537
807
8709
366
8795
1832
9253
4054
8552
1568
9525
6723
8385
7289
1183
3605
6976
5045
8387
9284
7954
6529
6921
1748
2804
830
2541
6602
610
277
830
6151
8252
7591
3574
1254
8804
2317
4733
4719
361
8126
2462
3845
2293
8998
2303
6231
1008
1518
667
7396
2712
2557
7041
917
6365
6473
7964
1843
6054
3625
5744
1926
8351
2463
156
864
6853
774
1877
1200
3106
7748
2336
5774
335
7432
5773
5696
4035
5912
5873
3703
1359
9048
1066
2450
9452
4987
9774
9792
1408
5829
9273
3459
7372
5776
9591
5625
7437
8931
6944
3852
2486
8482
9537
8632
8859
427
2286
9328
2858
9243
5975
9689
1463
9921
683
1343
6382
659
2944
8629
9548
3154
1015
1014
9542
2938
2885
9910
62
458
7210
5222
3506
4745
8232
3149
5045
5398
1916
893
5109
5357
2032
5765
1151
6471
1732
5923
2738
2232
8259
7437
7546
7195
5898
7738
9693
594
4983
8627
5972
2458
2861
2954
25
4123
6062
7875
9260
1459
1629
4116
4421
8365
9519
5105
7091
109
7339
2000
6159
965
3265
661
278
8241
2932
4443
9676
5306
1343
2304
7379
9464
1371
5188
6787
6681
6339
4894
9912
4041
5296
8711
8095
2575
6144
9990
4969
7613
3550
9518
9634
1182
5714
5078
6520
1145
6474
6875
7281
4734
7006
4679
9189
9932
4392
8459
3970
6771
2742
8038
800
2013
6199
8902
7261
4923
2175
637
2471
8864
7468
1704
7290
3336
9513
9253
7560
3696
9986
5491
7649
1321
8173
2788
3235
5233
7137
8098
4225
7335
6519
3598
972
7300
2044
4450
9550
9901
3262
6545
4756
7098
7885
6720
2685
9562
3172
5505
8294
7485
2292
7739
7189
8470
6271
9550
5000
1150
261
1135
2215
6715
6177
3536
7075
7002
2467
4179
4257
6996
5756
328
2440
1644
8418
1811
9597
1736
748
4371
834
1274
6344
2825
9996
9231
4531
8858
2850
1872
4252
1695
6657
7957
9686
1204
8212
8013
9048
2001
4
615
4534
4055
2070
3173
3146
9958
5318
2026
5297
1565
609
6870
477
8998
6765
7478
7056
3166
9758
6487
6313
8901
4864
621
9172
9547
3291
4140
7817
5441
4912
2520
3318
8086
9106
1439
4741
9027
6442
5957
4814
7447
4973
7487
2169
3317
6209
1593
397
3577
7539
7975
9743
7275
9784
5083
8116
1826
883
5724
4266
6663
9265
6759
7504
2413
3396
5524
5104
3421
7159
7962
690
8979
4300
8621
4303
3930
8972
647
7621
2430
3573
4706
5831
9637
9546
9346
1052
4823
1571
1757
859
5996
672
7096
9477
496
7158
6581
8503
8226
42
9438
8652
4193
5598
1415
3926
4852
4048
3083
4886
8389
33
4431
8229
2505
9492
8344
5761
4558
2810
4503
7039
7956
1740
6946
6435
5599
5457
3082
7201
5867
9343
9308
2210
9150
8604
8531
3506
3236
7694
7894
516
4030
5621
775
9849
3997
6728
5749
7974
4503
6272
6614
1741
9776
232
1804
717
9630
9184
8558
9598
5256
6779
7071
8612
7408
4393
2519
4697
9149
4850
8309
6565
5928
9786
2235
2235
4230
7159
8278
8562
6289
7708
752
8401
2428
1741
4177
2615
4482
532
1843
862
3441
9827
8364
7280
1980
6476
6683
4594
7851
3051
7972
2897
7250
9460
3671
7461
8222
5029
2502
3238
2926
9295
1709
2464
4152
4851
1016
5707
5865
979
9822
6062
9758
2513
3016
768
9798
4410
8455
4494
4565
8846
9625
3757
2834
8286
304
2505
1289
4968
4148
4757
4512
4492
1022
1396
6476
8803
3648
4672
9645
1762
2672
5808
2480
8702
5606
8201
8678
9897
5260
1158
1757
6712
6287
6840
6786
8342
4203
6138
6951
6528
9908
7604
6446
5397
4096
7191
2747
3665
207
5614
687
6860
1608
4381
7971
7893
8516
1228
6780
5390
2886
570
8910
472
4940
4865
2563
4374
3288
8312
7325
1225
1748
5200
140
2592
9821
1385
9151
2993
567
8885
4186
8467
9125
371
2332
3506
7493
2465
4575
5193
6356
4193
4798
7208
2706
9647
5560
522
2817
2037
6035
2080
3709
9596
6237
7505
2693
2562
8244
9000
3772
4409
9511
4977
1744
9808
5553
3675
9704
6447
9303
9070
3293
7733
2262
3680
5534
8673
8201
9551
9383
7774
3601
5662
1219
3669
316
7260
7431
6365
4973
223
7966
9499
6539
1456
5254
1802
8165
4537
4289
3070
1938
8343
9792
2398
5488
5241
9376
4167
7525
4575
7409
315
5349
6627
2897
5823
1113
2030
6099
8006
5205
1683
2831
9186
4493
2626
2459
6674
387
6026
5421
3541
6653
4498
8788
8657
9778
7253
3871
4667
5275
3292
8141
8166
1807
4759
4861
7182
1228
4890
7719
7275
6746
7561
4510
9035
3281
8340
3422
6589
3779
164
7864
8826
2779
290
926
2500
3828
9002
8528
9099
486
4706
1143
5439
1606
4512
7533
1289
339
4174
400
6052
2877
6355
3047
472
7336
1562
8204
8698
5394
1846
5026
596
9272
3343
7928
4197
4504
115
1406
3344
4570
8360
8287
6229
6880
7050
4946
6304
919
8325
5948
8313
8367
8549
2313
8604
1949
8846
2116
764
4423
2140
9517
4675
1670
2258
8465
9559
4116
9478
297
9315
8907
6062
256
1503
1166
4789
6552
9702
6441
3250
6990
2643
8009
6783
2439
2540
2110
3312
3457
9305
1351
4071
6208
6986
1565
5212
6526
3697
193
6646
6404
6524
4933
6115
5528
8485
9808
8438
1529
5466
2100
2172
6591
7246
7640
8510
4750
8218
3847
128
3760
220
9603
917
7783
1999
8555
1063
2282
7283
7759
5767
530
6162
6725
46
1878
2539
2852
6539
5583
3790
8019
7987
375
7450
7665
1173
9191
3721
8060
4485
539
1932
9697
6994
2799
3679
4716
2956
5463
5309
4111
1992
1750
7664
6093
1832
366
1552
450
7508
261
3272
4965
8113
1142
5724
9088
9862
4267
7105
6864
2079
2526
1019
5894
954
6244
8933
1560
4424
1222
8343
6088
393
8601
7785
165
9630
1838
2825
759
4179
4753
5614
2562
1849
5990
4181
2031
7485
9466
6716
2421
2087
7425
347
5349
1571
2588
3555
9500
7990
8505
6298
9854
7379
2759
2169
1473
7
5912
2452
343
839
202
2816
0
220
5932
9592
6766
7431
197
4018
8283
2646
2148
9709
9758
6033
1346
677
9811
6276
920
4681
3168
4613
5223
9428
547
4666
2480
7205
7071
2777
6507
6878
9256
8342
8013
895
7234
8739
5218
8910
3228
8832
5561
8956
9513
736
5131
1715
9095
5600
107
3361
161
5425
4993
7707
997
9675
5697
8924
5519
8316
1634
1991
799
264
9936
9202
7075
3763
6570
7551
7596
3139
3731
3634
350
4572
210
9813
6241
2084
1608
7825
8611
3734
257
3759
7105
7197
476
1395
4870
3362
3418
9242
1804
6330
7174
315
8150
8337
2007
2683
2131
8455
7669
3119
2498
4717
9564
5796
1893
256
3234
2936
9721
5455
2069
4518
3908
9719
1484
9741
9314
8441
3873
3804
6871
3029
2592
9727
1570
4439
9928
6451
9314
3546
3570
1248
2334
4932
8442
6612
406
4153
5935
9200
390
2423
532
1171
9793
6776
4635
2300
949
8240
5997
4637
1230
5349
8567
141
1218
5364
6809
5725
7205
1027
5564
9459
6528
6342
2419
6281
4314
927
7170
1516
7993
8807
3477
5729
1578
4184
1083
5016
5182
3649
3079
6686
6459
1628
1607
1472
9778
3383
7134
9926
5780
7847
955
2423
8697
737
7950
9346
1294
6944
6773
443
7651
23
7649
101
2104
5768
3720
8322
8627
6303
508
5575
8696
912
9468
3361
7255
9911
5828
1345
5767
8262
7968
6180
8553
6356
5431
6814
3621
6392
5327
5959
2012
4153
2385
7666
322
7590
6163
6522
9507
5620
75
4807
9349
2808
775
185
2006
8176
3187
7964
9985
9320
5991
8770
3556
6181
4751
4608
141
2382
5031
3715
3523
5860
5799
7344
3878
4674
4257
9679
556
8345
6782
5460
8314
9832
7141
8564
4263
8382
2311
8785
7182
8834
8319
3374
3063
8730
3353
4511
727
553
3065
3803
9206
2804
3460
167
4206
242
61
7997
4416
588
8150
8387
9684
2270
7786
7374
2156
5373
9035
1642
8373
5863
7402
3943
4978
1344
6788
7616
3245
5173
7468
2010
7934
4559
9575
8358
4114
7435
8349
8709
1541
2369
6025
8907
9960
5525
6655
254
245
8806
4359
3534
5680
3689
2585
3337
4901
5979
1772
272
3013
7746
5499
3580
206
4027
673
6893
7869
3546
5598
5460
592
4656
882
4009
8772
9976
2039
616
538
5809
9383
3438
3664
5297
352
3956
7784
7500
1741
2530
4770
8113
4509
9472
422
1357
1783
7584
3787
6748
1488
191
1345
8907
8635
2045
2083
3328
8693
9159
6020
6153
2738
7639
3168
1354
7075
878
2074
4469
4914
9094
7135
8056
5312
5123
1659
357
5117
5642
9323
5320
2892
7526
85
9110
9942
4931
7907
5466
2456
3871
6680
9915
513
7545
7654
685
4253
7494
6369
2436
4840
2764
9569
7403
8051
1704
2947
7414
1253
8755
8656
9379
370
1653
7509
6325
2012
2840
4520
5811
7368
2547
8031
7645
8694
17
2041
3255
6256
3638
8566
9732
3463
386
1842
2629
570
9884
9042
2907
2815
8659
2777
5104
7166
5713
9126
5727
2911
1401
1173
3168
5293
7793
2141
3030
8090
183
4040
5643
576
6227
7511
5759
6675
1298
5990
7960
9280
6084
2704
5126
656
5209
2079
1472
702
3683
8157
6143
8370
1398
1307
8086
8034
4538
1156
8065
1767
6768
7997
9024
561
2394
7151
1779
2372
8277
785
8980
2531
1244
9471
6684
2538
2953
1443
9477
6567
4759
937
2094
1090
965
8262
7709
1955
44
3326
713
4978
9912
1224
9649
668
5122
3183
4209
1013
989
8690
8730
6481
2075
4935
3437
4314
202
7825
3867
5019
245
4813
8339
2552
283
3493
3126
5097
6414
1529
5076
7597
1490
2845
1817
4201
1378
2205
410
8673
1933
5330
6313
3462
4825
4517
5898
3610
605
348
7366
9972
2933
8547
6913
7317
8782
7282
9230
6803
5605
4297
4056
9050
7942
5128
3361
3561
2752
3366
6977
2605
4888
1448
8000
2853
1536
5743
3153
6010
7219
2885
7408
496
8990
5214
6669
9840
4830
1952
7069
9830
6934
9344
4528
5744
5587
7324
3622
2983
8587
2518
530
9291
5864
7372
828
4447
8804
3018
9277
3729
9083
9151
5360
4806
2346
7603
5320
3772
7937
7576
8699
4973
7091
9585
4997
1003
8450
2006
3927
3786
1615
8864
1008
5003
6546
9976
8711
4320
9039
4903
2252
6805
289
288
8257
6760
1570
6119
3977
3769
3452
195
4539
8183
2646
1670
5773
7496
8583
3908
572
2115
6095
4110
7458
8858
243
2145
1035
3202
4225
3889
5380
6772
1555
4953
3023
4850
9266
9181
4193
9797
9754
2527
3222
184
5062
7002
1631
2169
8888
1260
296
9185
8442
4113
6324
8373
333
4736
3770
7344
2179
8675
1200
2849
4296
1909
3206
3701
3948
6125
7504
3940
7959
7183
3952
8598
8199
5266
6978
3681
8438
9627
8261
4025
367
3037
2242
7523
1214
1039
3068
1888
5311
8939
7905
613
7198
5108
8204
8057
4430
2601
7468
9705
4107
2377
1355
2555
8333
454
3523
2328
300
8247
8532
8724
4508
9995
1328
7301
1746
3745
1366
6737
1885
2617
8259
3191
5289
1284
4992
9286
6709
8478
4206
3830
3867
140
2832
9820
6656
9391
436
2483
1856
8870
7053
6172
2570
8209
6971
8768
1205
4405
5994
4921
9776
5677
1009
4932
1514
37
2353
4362
3353
8238
1447
591
9731
7034
8416
6410
4292
2757
7022
7521
7629
7094
7127
305
5951
6651
8121
8614
7724
5394
275
3472
2735
4396
4804
7595
801
6424
7605
7372
5381
3884
6064
8607
711
7363
3123
8711
9804
8616
7879
7253
4599
6205
7394
8853
8887
4201
86
7214
9243
4375
7130
6787
9141
131
4612
9028
6642
6043
5831
3497
6648
334
117
148
4538
8888
1803
8099
9207
8442
572
7860
34
3513
2312
8579
4078
6292
7815
9185
6958
1259
5180
2500
3267
6602
632
4351
156
2625
1605
5517
735
3325
5395
2941
2357
1038
6499
8059
8472
5640
5791
4320
1801
9190
5130
3025
829
4064
1695
6441
1264
7671
7351
9852
9040
9657
9716
9635
1668
8118
3223
2800
330
9812
456
4477
5928
5623
6298
3804
8542
6576
24
5344
1200
7610
3371
2757
5681
6012
5840
3752
207
8911
1978
558
6294
9559
9278
8087
4781
5279
9430
2795
9110
869
168
8818
7317
50
9682
4394
2838
4098
718
805
8278
1183
6811
8108
5547
2139
8883
6798
426
8417
6407
2178
9539
5753
3715
8729
2942
2760
8651
5030
6133
7088
7749
5901
1101
3030
9386
7356
7270
3567
3950
1670
9654
6697
7954
4424
3347
604
7265
2726
606
4731
3098
3984
9212
4142
3322
7582
8523
2693
715
7605
2716
6482
9312
3350
9058
2796
9748
5801
2745
1376
4586
2432
8842
4154
5013
9805
6143
6871
1027
3211
7422
955
8231
5332
5445
6868
5708
1345
4387
784
1087
6181
1824
4883
900
777
7370
7816
6565
8044
181
5981
8955
6044
9072
8108
7386
5353
5774
5365
2102
5
3984
6721
2808
6528
4317
4581
9709
3579
7960
8895
7596
5485
9952
8842
8033
6591
6316
0
9445
9727
8011
1424
8
1344
8614
1502
3640
7911
1988
3617
5105
3002
791
2651
6256
2201
6619
1220
1810
3386
7809
134
9663
3291
1511
1035
7744
7306
2473
421
6659
8431
2199
3356
4989
2996
8597
2009
1984
5312
8080
8917
625
787
9172
7318
2531
7166
9114
1282
5054
6595
2710
6447
30
6926
5714
8153
3124
9346
3410
7521
2500
801
8744
7566
5598
3912
3334
865
3248
4123
9026
7463
1013
3697
7235
6714
8722
4802
8291
9605
466
9440
3219
8697
8987
2255
5959
1313
361
3351
4888
7828
7129
2163
8693
1007
660
191
3146
4212
6365
9885
2118
6012
8678
9380
8317
6206
6155
7911
6632
3635
961
4740
5747
9261
1104
5183
1714
8953
8279
985
553
9168
8937
8642
5651
5316
1286
8547
9678
6932
6347
9860
96
6033
6874
843
1926
5006
3995
2097
1367
8210
7765
586
9133
7113
4454
5641
2901
2231
385
4244
4140
6377
9389
1783
5789
2846
8546
6243
3728
8986
4764
8276
6787
351
2991
7018
7194
3127
5350
1627
5736
2827
9330
1519
3714
5412
2346
4088
6785
2929
9402
7258
4163
9514
386
5671
355
5187
3628
3517
5564
4253
2721
4067
5237
2304
4351
5814
8820
853
5874
7805
2747
1425
2748
2213
2896
1591
7555
498
7352
3854
4320
602
1119
4575
4114
6545
684
4193
508
8523
7753
1869
6340
1125
8346
7391
6491
9674
5521
696
4874
9840
1437
4656
7672
3656
7232
9945
9043
5861
7199
1732
9925
8101
7179
6705
5398
4925
5705
5507
1117
4755
473
59
4736
1034
2004
7420
3962
3630
973
1861
8907
8213
5634
4659
2726
1830
987
6717
1196
6172
1918
2617
8851
6137
8391
5911
6557
224
1955
4586
3004
980
9345
2483
495
8323
724
7161
3613
5866
7267
7211
7890
551
5210
2340
4424
8897
1216
7691
5547
8926
6979
9785
6115
5456
9371
5275
4755
7871
6087
5227
9502
3672
5752
7068
2654
8205
5778
3498
388
766
848
2725
3701
9990
9849
7146
8587
6877
9333
8272
5007
2115
7114
4136
6159
5473
508
1667
1857
8930
9877
594
2396
1943
9657
7346
2180
6821
5834
7074
5614
4477
969
9467
1280
6050
5301
9336
4257
3830
5185
6081
592
5719
8206
7098
2391
1080
7653
8958
6782
2216
7739
6739
7091
4974
4933
6297
9947
3989
84
6447
7791
2963
632
8044
2236
7999
2143
4764
114
2538
3624
6039
653
5701
1670
6020
9227
1952
4324
3732
355
8919
6731
8632
271
1944
7180
2681
7215
8444
3887
4737
5886
2563
42
5569
951
726
7040
2146
3391
1690
3577
7955
2604
504
1340
2080
6632
4354
6396
3500
2664
9719
9065
8683
72
4467
4046
9881
8608
5580
6896
8779
5122
3046
2547
5130
3178
3108
6505
2843
1291
9557
9623
6618
7150
38
2851
680
7160
5450
9305
7413
2907
4409
7117
7770
8744
1520
8056
7234
7594
7701
3701
768
5269
3169
3091
7744
7153
8881
3158
3132
4905
178
6060
4379
5016
7184
5526
4351
5495
103
7740
9473
1753
4008
940
8763
7820
6877
1926
3878
4462
6760
6956
2418
1436
8732
9160
6826
7190
7
4484
8981
5623
2044
3480
6241
6175
1778
6761
8149
494
191
7843
4248
6191
5387
8270
2550
5780
9036
6392
5082
6802
9604
3019
1604
7360
3137
4227
5151
9791
2543
4095
3328
4055
9272
7842
7451
1577
7113
8908
7558
9724
6404
1906
5084
6885
8385
7034
6561
8215
3657
530
1087
2481
5718
83
1517
1202
442
3701
4314
2246
5013
5491
5853
1443
5295
2043
3580
7378
8931
8662
8888
6507
2557
5568
4818
8027
5428
366
5794
498
8489
4575
8446
5126
7472
8814
2315
3830
922
3374
6697
3736
9276
8315
5254
3581
9037
9990
3120
1668
6912
8944
2180
9460
2396
7511
8992
9690
3647
4113
6342
2946
804
5248
3858
2097
2860
5484
5270
9619
9118
369
9929
8940
3893
7118
4026
7226
3598
3172
2562
3698
8678
3285
6601
4535
8901
1659
1563
2683
9501
6843
1418
8489
7326
3576
508
4969
749
7607
9419
9734
4403
6587
3849
4137
9997
2616
5729
9021
7437
9736
3994
5612
6276
2714
8349
9560
6098
1876
3118
5904
5892
2359
9877
2834
6666
5216
6905
2510
8621
2072
719
7926
4031
4651
9971
5805
9664
5450
4770
6903
8051
6052
5181
6673
5183
5141
1048
1282
3361
9161
1587
6192
1786
4705
7246
7129
4252
3274
8217
6160
2817
5779
3691
8822
8697
6360
3445
1734
6782
2446
8678
4025
8154
792
2157
9989
5790
7239
8655
4905
2220
1344
5456
684
4334
5680
9247
3134
9760
3629
116
8007
1280
8774
5575
8714
595
3630
7520
4619
418
5375
2874
5169
4368
1501
4311
1750
7406
8835
856
6134
5670
5290
9479
1663
3486
4842
7821
884
7046
2757
5107
1269
8804
9882
2978
8855
3970
1943
507
8173
686
2212
7952
5666
8393
3665
1976
2946
4742
9787
966
5713
9973
1588
2891
3918
9116
2023
9659
8856
6581
8050
1371
3270
4770
4844
1025
1243
8180
6297
5243
5722
7123
898
9452
2804
698
2288
6516
3603
6913
9376
6333
6469
8970
1754
120
4592
637
2336
7218
6634
374
643
4105
918
3400
6950
5009
6917
3249
9649
1053
1315
9549
5596
136
9752
6697
5964
2917
9509
8931
8187
1234
2852
883
7925
4003
5539
9122
3685
2258
74
9416
729
9351
8687
6492
177
4543
6746
7925
3867
8214
3324
1444
5453
4762
1974
5434
3445
4868
1442
5695
2494
2278
2974
7625
5059
1496
8176
1923
6777
1857
8974
3598
5389
346
9092
8669
4818
209
4724
236
3173
4913
550
5813
5862
7361
6142
763
2718
2357
6900
8487
1146
6309
3152
6604
5629
1888
837
9789
7629
6941
7236
4156
8910
6350
5671
5125
5621
2708
3752
549
92
6719
823
3554
2217
1013
1556
5028
2574
1753
4327
3970
4949
799
4952
5032
6825
7513
8626
6487
2577
3312
5535
8591
5605
3987
8458
1862
2425
4513
3940
7121
3898
8536
2110
4331
6176
120
4055
5248
6684
8396
9844
5677
8555
6756
4721
6730
244
6966
5772
919
5791
5167
6482
8109
5143
1087
1966
8443
3289
4014
3390
4163
1566
9073
6113
9940
4420
5184
2438
1797
167
1687
6478
8006
4843
4118
5639
1436
4096
809
479
1744
9279
1129
2293
7548
363
3017
5667
3228
134
2175
1490
2392
1212
7805
4380
182
9912
78
7380
9587
8665
2672
5886
2719
1807
9660
2251
6608
7895
9793
2285
4494
5399
2770
4952
7811
7602
1523
6964
1123
6872
1680
4705
2087
8047
4434
6900
1226
5659
1828
2844
1746
9913
4130
2590
7929
1936
7390
7515
1738
9657
5563
1910
1195
1869
5636
8880
800
9514
6068
6677
3825
43
8584
4868
8649
2819
852
3213
6484
969
2884
9998
5804
7815
3167
700
9598
4105
1447
2336
5149
5601
3877
3613
2485
9279
2774
6100
6842
393
7668
7015
2561
1950
6466
9970
656
2764
5608
6010
9976
212
5895
3635
2371
9012
6295
3146
5532
7955
1510
7614
3312
2340
313
45
2236
1094
755
3901
4627
3997
5232
2059
3338
6294
3075
7453
418
5051
866
7239
2203
4080
986
1083
6322
1958
7026
3404
1873
779
689
8781
2643
1587
8486
9599
4668
6173
8202
5008
3634
3868
4397
738
4682
6307
9484
0
7036
2731
1871
6706
8512
3347
5533
3629
476
8490
5961
9726
2094
6908
5931
2842
3816
7342
762
6271
3974
3770
6813
242
9067
6155
8870
2311
7886
5390
1739
3824
1959
3182
8910
3180
9969
5127
6439
424
1779
7898
3370
1869
8493
9594
919
7918
8568
5599
1465
2006
6435
1048
4890
3695
9285
4937
4262
4339
9753
243
5010
9462
7038
9059
1775
7998
6725
1636
4910
4911
9986
3505
4288
323
6189
5396
1473
5285
9005
6535
2597
1555
5039
3092
3359
385
5733
43
4426
3171
7838
6504
241
5065
5085
1739
6728
1164
3887
1451
3726
3731
8840
1731
6100
8038
9611
1065
3447
3915
9407
9213
2045
9828
6604
5412
4301
6433
5375
7380
301
6918
8196
6883
3299
2189
2928
7268
5962
9957
9887
3270
7021
8146
9756
3670
8628
4655
1498
2928
3135
7520
540
8777
4298
1749
1393
8956
1972
1720
5623
1746
1240
932
5623
1795
6628
4085
6969
4813
9564
33
7351
2169
2559
7951
8005
9158
6720
3232
4391
8771
167
4090
6457
6150
3657
4605
5235
7620
6335
5058
1773
2161
8857
5784
6401
2496
3394
6492
1239
7603
9978
9027
6465
8367
6504
7891
1389
3353
5338
9475
4625
2229
2911
7935
3807
230
9951
2906
4146
8259
9077
1856
6932
9684
3358
7747
3544
6717
4142
926
7958
6378
8969
2658
852
8481
701
6578
1428
5799
7143
3465
8826
9664
6373
4225
3641
2588
6745
5734
1444
3195
2143
4283
4454
7740
2385
1768
4539
6800
5941
472
586
5340
7084
3334
5932
9288
2448
7907
7041
2001
2590
3887
2904
9555
2598
6033
5722
4665
2059
6595
7370
5224
8754
3937
2866
4934
2347
6951
1591
332
4035
8077
9386
596
5616
1253
9797
3986
6773
4970
726
7501
2506
4758
3548
4382
3570
3875
5325
7472
1577
5780
1209
5132
6938
7009
3307
384
2266
4533
4370
3281
5999
7335
9477
1105
1068
8006
6578
949
1210
6474
7242
4445
3186
4655
2217
5008
6613
7751
2550
3783
4359
5209
5906
1702
5553
1950
9453
1535
107
8365
5252
5627
8380
5787
1389
2131
2114
2684
2316
4993
3072
5655
4791
658
3979
8447
1639
7566
2289
1685
4126
2833
1058
5791
5188
4219
2812
9638
9954
4484
1621
7889
7063
9501
5856
702
4125
1184
9061
478
3328
1131
9227
1699
8701
1215
7373
1519
4801
2843
4801
768
7715
7518
4629
7277
3180
7490
7308
6042
3359
6802
1682
3616
3326
9819
2882
7376
711
6468
5816
3785
7078
835
8375
3650
7605
2515
1585
6502
6447
8166
4894
697
8725
4091
3545
611
6529
9343
1541
7388
5554
2859
8122
5105
1001
7414
7840
9920
6261
7833
4345
5810
5547
795
5824
6833
2124
8851
5649
2504
7068
1784
5252
9819
9610
4357
7505
2784
9018
644
7943
7829
9693
1641
8074
1443
5735
4674
9692
4550
8524
216
1636
6669
1102
4180
761
1768
6049
1486
7004
6834
9398
9757
8402
3668
1682
376
5654
4189
8686
7804
7403
9604
8625
7078
6805
4221
9599
3676
7129
5379
948
9594
9167
1994
4861
4396
6032
5583
23
221
1580
9235
7408
5337
7111
2010
9414
1651
7289
8473
7451
7789
293
5710
9830
861
9057
3015
1338
6817
221
2710
8234
1427
4860
4038
7569
1345
416
5934
7720
7467
6390
8610
7803
854
7289
8379
7248
4836
5078
4893
3225
5629
9991
5066
2848
7767
2882
3360
9113
9956
4568
3822
4392
1608
7553
5274
2962
189
3398
7420
4530
4824
4613
2250
4011
2101
3388
2125
8902
5925
768
3167
4536
4431
8910
180
9214
3482
5985
7237
5744
8043
7951
6267
3299
9907
3957
4502
3637
2606
2450
497
8739
2145
3184
7564
2680
5219
6305
2949
9174
4952
3399
827
7644
7885
7021
7311
4885
4921
4555
6042
6456
3255
9479
3657
1754
5922
8120
5451
9423
550
2798
2897
5210
9112
2884
6309
2672
6080
3777
7946
8255
3190
18
3075
6163
5274
2879
9141
5176
3054
4608
6070
9121
5632
1244
3955
5036
7526
3393
7884
8249
2512
9706
3541
1566
9311
925
1313
6557
2175
3288
1146
8529
2847
8894
5134
3179
8988
7148
9936
2188
8222
5825
6494
7006
6211
2470
269
4962
1810
6887
1200
9513
2281
3247
8958
6871
6797
6037
5710
4608
6997
7463
5557
3880
9261
5225
7106
5869
4527
8629
3216
4744
7965
7885
9840
4011
2661
6162
4141
440
8535
6443
538
9950
201
5578
2199
2812
5175
6061
4664
1292
6923
1974
7702
1506
5602
9357
1319
2620
3018
2779
1916
815
7344
9309
4966
2421
7416
8257
1337
528
6076
88
5380
2006
6930
717
4253
7380
9164
8030
9601
4268
605
5936
4663
6215
64
7492
2186
2650
6219
2745
1060
2457
1757
8794
2546
3144
8314
9274
140
9990
9873
8004
657
4699
9704
6817
7965
1052
8677
765
4932
5880
849
4811
3622
7241
5567
4904
8554
8125
4033
2882
2917
3239
2270
9050
3041
8455
1728
8466
2140
7354
3375
6986
349
6995
1094
944
4449
5473
5386
9953
7289
7149
9003
5805
3901
7544
1951
1651
8563
8777
4513
4783
4674
8177
3434
3144
7182
7245
8200
469
5525
5466
1487
7408
3590
3676
266
6348
2006
4636
1799
5745
7248
4269
1840
5770
1501
5621
674
789
6993
9027
6378
5802
8602
6164
3606
3330
8948
2762
580
4452
873
4549
6520
2684
3274
