2898
2053
7778
7540
98
1714
6322
5943
2419
3631
1992
3127
2725
4509
3288
2973
9775
845
7661
7020
6360
5966
8105
8658
8214
9272
6828
4878
3042
339
5736
8140
4220
7975
8765
4797
1647
7059
4235
645
3074
4042
6357
8621
2793
5395
3769
8473
1015
1907
9560
3293
6476
5800
1633
3216
6866
6883
4418
2282
6514
8606
3015
522
8449
4814
8613
9616
8408
3229
9704
7168
1674
2252
7032
1572
9732
3555
1498
6743
2623
4090
3307
3555
4637
7669
7512
2739
5500
8049
5836
2211
6580
2585
7138
314
1794
7948
9229
5301
5881
7149
2861
542
8499
153
4679
4392
1200
8770
9670
3430
5758
136
5223
7890
6552
2160
8294
8474
6760
8551
4376
4463
7939
722
1972
4080
5272
8738
9105
9382
6222
3775
9009
9600
8620
75
634
8839
5325
5263
5814
6297
6513
4088
9042
9756
7369
2116
7682
6019
8518
2736
139
5142
8846
2939
7012
8876
5579
782
5596
7536
4425
169
1212
3699
3394
6665
9804
5562
7505
1393
5006
7585
8030
8791
9435
1148
9100
7959
4373
3299
6615
6650
4188
7449
9172
1582
1844
5842
8460
8678
9697
9996
7004
2068
5384
1955
4457
1278
6069
6135
9721
1855
5583
8866
5121
5911
8035
270
554
5511
8392
1051
107
3676
5194
4971
958
4870
3108
6314
4573
9284
3313
474
3172
2958
7871
4966
221
8857
180
7606
2339
2377
7356
8390
1386
8438
1967
1693
9770
6315
9931
5794
9010
2664
8589
7475
1473
2839
3964
426
7865
5478
9039
7571
8526
5646
5545
9045
4867
7320
162
9532
8419
6916
2322
947
8833
5701
4865
9028
8947
459
688
5316
4541
8572
8216
9195
8769
5792
6049
8209
6435
2415
2433
8697
1225
6332
8390
2947
9836
9446
4213
3525
522
7357
7875
214
9997
872
404
89
1878
1899
7704
6646
1866
5595
480
9628
9742
5243
3945
3201
5908
6289
6794
6486
677
1183
4588
7097
7829
7255
6105
5288
15
5707
2525
3613
2557
981
8325
4558
3877
6280
9700
6536
5341
2801
994
6820
683
7369
2139
8544
5299
5592
435
7711
8716
5401
8109
5317
9294
8899
3084
9158
8878
8798
4105
9660
6461
9424
2957
4154
4218
1257
5917
4438
6259
2269
3736
3161
338
8953
4490
5594
5389
4875
6458
4701
3282
4802
8799
9059
1428
8042
6272
5150
4013
5476
485
7824
3537
971
4245
5295
1059
9321
7453
7984
3092
9721
2695
3674
5464
5834
6184
5020
9587
1006
5031
9257
4612
9880
4967
4129
9664
5745
3563
8494
4046
6309
2787
875
9618
9278
1273
4268
8878
3117
1099
961
4235
7655
6024
6805
8885
3851
8206
407
7305
1931
8164
9068
3909
2388
8471
9918
1671
4856
5028
1676
8639
5772
1096
9741
9161
6896
8295
4892
8404
3269
5679
3796
3252
987
2688
7718
51
2296
4295
4364
9822
7934
6982
6626
4533
4402
2311
1129
3844
6888
814
8982
292
6956
2675
862
2362
7782
3253
8688
9048
8701
889
6529
6617
5175
1614
4082
8091
9854
413
7125
8657
5396
1502
643
5681
9900
713
2009
298
1407
1545
3539
8653
8757
2674
6039
4779
2304
8806
7539
3835
9461
8631
4290
3963
6863
3345
4362
7372
3056
6705
7649
6437
3052
2907
9968
8564
8830
1715
3072
4368
7917
1218
6850
7323
5575
7348
4795
9451
4758
5857
8861
6836
2041
6854
5286
821
7013
4188
8615
5555
7225
1962
7231
266
759
8325
1
5094
3683
2261
330
2594
245
2611
844
3162
9516
9765
9219
1513
3372
9575
3268
3099
7201
5893
1271
3868
6537
2863
1775
4151
9921
584
5598
7594
746
8100
1609
9064
8568
5785
7026
1224
3423
5177
2410
8097
5083
8023
1329
5321
2819
7924
4735
1079
290
7302
527
8669
4434
9656
9447
1581
6889
2043
9518
4586
1380
5568
2544
9826
780
2298
7853
5203
3078
5446
442
3429
6377
5959
2919
4068
9225
2683
3269
7575
4069
5196
3345
9922
8427
8070
6197
8728
509
2846
3902
6990
3423
9337
1358
8480
4877
978
5692
9666
7309
9929
5377
6638
6791
6365
7915
1902
7679
2979
71
5155
4033
89
1
4200
8093
8970
6345
6995
741
998
5405
3511
8795
8056
3818
6548
9247
5257
835
3937
1081
512
1238
692
1213
6701
7228
8548
2243
1304
5205
2093
6233
5228
1235
5199
501
7241
7253
8863
8571
2965
8531
1674
1829
7694
1824
7161
5185
410
2715
8020
3101
2363
175
5849
716
7303
6109
6425
8464
2048
7760
4796
7600
5437
1231
1481
8346
931
5119
948
1962
3136
4240
6196
3034
1317
4824
8739
8462
3641
4134
1594
5211
4327
9506
3969
9763
2104
4000
266
8378
2520
8519
2741
8766
8447
3093
6715
584
2909
3265
9556
4297
5787
1047
9856
5355
1357
3728
1171
3400
6672
7994
5506
4264
1829
1257
5319
5896
1840
6889
9236
8027
6472
5127
5902
9383
8743
6823
2425
5565
5007
2931
8740
5330
9544
8625
6862
2931
4395
7328
4498
9441
831
6520
5766
6517
2274
4203
7878
1941
9766
2163
1555
7463
131
9751
4683
5952
3894
9806
3231
6672
4678
6563
856
4631
4342
3913
8722
2355
8431
1213
97
223
4639
2996
43
4511
2950
8410
9144
699
9867
5962
1612
3261
716
9252
2350
2140
3395
9779
4597
451
4141
3608
9623
7533
897
9718
2613
6436
2664
9180
4357
5149
3899
5986
6654
6456
1421
2277
443
2149
7574
3034
9587
3527
7470
7848
9964
1604
4
318
3070
7248
2036
8802
5673
3583
2657
5813
2247
455
9761
7157
4866
3460
4285
6068
6064
8118
8436
2074
3733
3138
2973
9083
3569
5408
5182
2280
3810
3315
3579
8809
9030
4343
7568
2959
4617
7482
276
2550
1245
928
639
9617
9090
810
6425
5061
4878
7201
3325
3985
911
9588
6523
5631
4176
5105
214
9478
5331
9376
7420
6935
1928
1588
7165
6267
7593
2541
8568
6957
9003
6866
1736
8490
5556
8334
3495
7753
2332
236
1898
8649
5622
1183
7262
7362
1676
376
9024
6730
3556
5348
7100
3645
8037
9535
3624
4078
4326
6621
5975
1341
9063
3530
4789
4584
7532
4224
1303
6127
9292
1958
6849
8201
7562
8574
3527
1984
5600
5553
9196
4342
38
3070
1807
642
689
79
7759
5195
8686
584
6531
4396
9979
8697
9106
1500
9210
7799
877
6095
9746
7201
655
5812
9289
3072
6161
2578
6869
9047
2961
810
6279
5985
8183
353
3025
9585
2558
2666
6743
9242
4319
4803
8689
1417
6347
2043
4385
6077
3557
6723
4796
5275
976
7732
5523
8847
4230
2452
2407
3360
3221
484
3666
6956
6661
6413
3235
4529
9829
7078
7324
4797
440
7336
6385
3270
7794
7148
7643
2850
8576
1960
9158
6853
8553
7827
4962
7625
3234
2494
2263
7593
2083
3732
5899
8595
298
6642
2304
9629
9351
2340
5070
2797
2471
1463
6878
2132
4128
7285
8035
253
3153
4866
148
3356
7616
4626
4579
5885
5821
1028
9229
2459
1873
9609
3927
6080
6122
8524
4257
8481
522
3982
5991
578
6432
2450
7472
8428
7707
6383
5263
2839
5082
4341
9183
8839
8774
857
6436
4557
4997
6166
961
7787
8671
1021
3376
2479
8962
7184
8901
6693
6518
9942
5525
8212
1246
4968
2328
3896
7336
8243
8361
4149
7814
4357
5774
4374
4424
5490
6987
1217
9844
660
4596
2540
8331
2391
4483
6575
7791
5868
7072
7523
930
3857
9094
1955
5705
9189
8339
2848
5549
5453
6875
5785
8049
5678
4016
4935
6647
8278
8884
4788
3727
9257
3872
7316
5008
9827
4526
3185
4559
8920
8375
7
6929
857
5159
194
7929
9400
3493
5925
8380
805
4549
8984
5826
98
1587
8782
7610
6798
5286
2735
5011
8555
8748
9364
2183
3786
2756
5981
5535
7263
1433
9601
8904
5851
778
1895
7329
5096
7748
6359
7637
1213
5502
8687
7104
7163
1239
9350
2465
5991
6666
760
275
9351
7521
92
6187
4241
7831
2816
5146
6374
6626
1314
6620
4322
9664
7550
9077
4591
6398
8735
5684
4126
2909
114
8857
3402
4793
9628
4752
206
115
5006
18
1500
1446
5075
2232
8347
7742
3547
2308
6767
1340
5337
1864
5619
2737
2623
1058
1118
5939
248
2708
6446
188
7836
6657
4057
9635
9047
4295
7736
1149
6745
6880
1263
1859
6567
2929
605
2252
351
9272
6967
7709
5186
7601
8742
1188
3497
3342
1432
2446
4462
6501
5942
4677
7345
4766
7308
7706
2864
7607
7864
8018
9584
6350
1167
9787
8510
9318
5533
7821
553
2956
8992
2857
8332
9616
640
2027
5925
141
6916
2436
7575
4733
5168
3819
9129
8720
1003
7002
4047
788
401
8511
9157
9981
2353
8079
4044
4391
2826
5042
1946
8786
6329
1647
9336
674
6997
6148
5973
4277
7185
6238
7171
9726
7879
3839
5242
419
1888
5562
7661
4925
7729
9263
5325
1102
9431
6014
5515
9121
5026
8571
616
7033
4414
1919
5486
7161
5526
8879
3470
4139
6184
3865
3486
5733
7946
931
8380
5713
7334
7966
7749
3996
9338
7560
6871
3030
7837
6428
6988
983
7686
9558
1259
1651
3610
2242
4930
8242
1759
3042
7951
3151
799
3379
3166
8708
770
4935
3447
4495
9566
4329
6722
5264
8874
5650
8698
9786
3680
5329
9255
4981
2038
580
7
1614
4686
2149
7309
7507
7337
4509
7113
1732
1955
1764
5526
8588
7204
5523
1633
3281
2392
1792
7238
2183
3673
7543
1527
9303
6102
4019
7343
7175
156
3073
9751
4757
6795
4889
6896
7124
803
260
7752
1760
8221
8293
1310
4061
9964
877
6984
305
428
8520
6591
9796
6806
8326
4095
9145
2126
3709
528
705
2627
7261
7960
4107
7951
2666
8229
4486
892
8935
9218
3536
1915
398
3950
9849
2544
8871
5475
3103
834
195
3597
2636
1619
5961
7850
4714
4016
2642
4840
4317
8711
4590
7007
6731
8013
4388
4244
1364
2321
3898
9357
5243
7707
2037
3328
6478
639
756
6581
8601
7533
9008
7971
5126
8775
5597
4150
9966
9122
5711
8076
3385
9010
2660
6987
5065
4156
5904
6912
5559
4082
8786
2961
4913
3720
4567
2035
2556
6052
7339
7349
5707
7949
5156
2222
4479
5791
6377
3958
624
2242
6578
7311
3442
637
2654
1044
755
8854
2756
372
5048
232
5570
2716
4888
5137
110
4129
9545
3116
7662
8973
392
2227
834
6031
6101
9086
741
43
9892
469
2293
8901
6203
4874
9272
3189
996
359
5417
6567
4638
3183
5114
2648
8785
301
7424
6395
9041
7610
191
5864
3283
4969
6732
3137
1485
8516
6235
1674
6661
550
413
1002
8088
7348
3163
8624
7370
5678
7040
3380
5113
9494
223
4069
953
9324
269
2109
2548
8172
6490
7222
9750
9456
1024
722
8621
4416
9818
1820
6233
8734
8622
8572
1251
689
5853
6568
7182
6050
3698
5265
4889
8165
1210
4027
8444
5183
8282
7292
3751
216
7407
1110
2493
4381
869
1297
4889
7143
4667
6843
3525
3130
6848
886
7103
9698
7181
5570
7298
4928
7130
6386
4161
1421
3944
6250
5470
7331
340
9472
3293
2349
1754
1024
6630
3076
6399
7087
2459
9119
9485
8701
8784
8558
1885
1543
2339
9018
5229
1341
486
8455
9987
6247
1552
8011
413
4598
368
7794
432
8947
6052
5287
7490
4969
7285
5241
7216
6912
6198
9364
308
9639
5803
3903
4510
974
7463
3292
8753
7072
4248
8444
3571
7833
3270
8992
1777
9004
5063
9780
6028
2538
914
3270
5402
7025
9677
1170
1387
5576
4063
546
4809
9394
2630
1971
9105
1459
7811
9835
2115
6254
2165
7855
8085
8238
4750
6024
3925
3927
7031
8778
8949
9855
3047
7978
5284
1428
1706
8483
6936
5751
7
8516
9109
4883
4783
1836
5771
4629
7080
3798
2715
8006
7729
8775
5373
1805
4809
2162
5534
9297
3760
6165
8735
2055
8683
4950
4624
9133
9042
1354
5839
2359
9377
4352
7078
2408
963
3703
4953
1477
3353
5833
922
4890
685
2895
4168
5759
2299
5143
8622
3960
9715
5309
8513
3098
2386
2493
9782
6893
2712
2237
518
9459
6812
8901
2147
2350
1265
6252
4554
4875
7619
2261
2507
3242
5866
4490
7830
8340
5250
3179
1608
1630
5802
168
3369
3514
6830
3108
9672
8828
9190
6098
2835
9633
6649
9814
1612
6365
7893
6498
9558
4572
4807
7737
3571
5985
4533
5896
4597
9442
2527
3251
4867
9333
1327
6401
1213
6655
5078
7396
1943
498
2983
7138
5590
5868
5818
1096
3440
7085
8373
2143
4147
4715
7306
416
7984
7959
8210
5492
324
3741
7977
1894
8786
8353
8461
4965
6155
7460
5350
481
1663
5477
1720
8029
6506
5942
9245
5137
5578
312
1264
6427
6322
3851
989
9619
7308
3739
5026
8172
3732
6338
7081
8493
4322
7685
9205
8223
4365
3713
8305
924
2499
4422
3737
1636
4732
9309
7754
7264
7759
9716
4371
5484
5019
7441
3742
5999
3234
7958
8550
8331
4146
887
6103
1072
6059
9975
4847
8545
2451
9805
6815
2136
398
6648
8169
5251
9835
6484
8462
2772
5805
4033
5460
8197
9731
2866
6491
4208
2512
8130
9129
5337
1744
234
3742
4586
7762
9973
7934
9411
8322
2987
8236
6300
9772
4198
7537
7315
3291
926
7686
6470
8438
6763
5469
8546
2627
6943
6720
8061
4383
9971
7727
1514
301
9549
5281
1708
436
5476
6725
9018
4560
2139
9189
782
2174
8417
2832
6654
2481
3426
6339
4724
6588
8364
4222
467
3168
5928
4503
8203
510
5224
2262
2619
2429
1962
9237
6128
2884
780
2160
6379
4287
9024
2834
7048
7485
9025
1108
4201
7186
8987
7830
9991
5192
954
8642
5203
5233
8028
1029
2277
7412
1977
6446
821
7326
6699
6515
8337
4760
2622
7322
9930
9538
2047
8642
2081
7594
5687
5567
7228
8582
6214
8469
7868
7510
5504
3462
1159
6728
8415
9622
7587
1391
7490
1118
177
1017
9714
2052
3919
2126
8632
9399
8632
2127
2520
4674
2299
2576
2085
8149
6074
730
9197
363
6628
1923
1537
4439
6253
1714
6729
9274
6265
5970
3513
8087
4614
9100
6827
8974
4346
5512
8277
4147
5575
7014
3415
2357
9966
9380
2494
4616
3374
4574
1892
6817
9262
1248
9325
4069
2772
5024
7091
663
2937
1817
4111
6469
8405
1988
9354
5242
264
471
6308
2853
4080
8182
631
3754
2111
3006
850
2144
5785
4434
5011
236
8020
4537
4589
9797
4723
9377
614
4685
4890
9184
5986
1522
9151
2656
2249
2805
7289
633
8712
1798
6306
6996
6748
1347
1945
188
2325
9409
8217
6999
5405
2524
1454
1389
5691
4729
7691
5006
412
3473
4738
2833
1298
5986
3254
6883
4729
9248
4292
3267
1153
4219
4349
3082
7289
306
2775
5576
7399
9175
561
2825
7947
7986
3957
8754
3334
851
1186
1769
9107
3929
5585
9472
2987
3921
3901
5996
3420
1943
4198
7331
9923
4774
3849
7687
9479
3267
4422
417
8430
3383
6919
322
9918
8726
7803
241
2761
4733
3503
3772
8843
3744
8696
7683
2599
7045
1537
2116
7982
4704
7267
4036
5390
6504
93
9556
3506
7609
2133
3738
8728
736
7327
2257
7895
2549
7690
7923
8451
5750
9072
6488
3792
9926
3658
358
604
3570
6851
5901
9251
6928
6895
9894
7941
293
6616
3295
6282
5225
8003
6025
4128
6791
1991
4739
7129
3362
7781
6645
1313
6790
8310
6377
5168
9824
1050
9623
9218
9543
6246
6788
9867
5254
7898
2285
6433
6836
6309
246
7699
4803
4887
5408
7062
6544
8010
8722
3435
4074
1246
832
8388
7468
9979
3002
8732
4656
7606
4280
7730
2681
9824
5743
7415
7711
7306
7504
9141
1097
5017
1849
9389
6596
2815
6339
3129
9517
8607
3993
7576
1993
2297
3791
5045
9841
6037
3650
4805
5531
3883
9730
319
8710
1861
499
57
365
7654
1323
7202
9277
7647
5519
5989
9700
7911
777
171
7349
4856
5666
2146
6733
739
9522
9676
6616
8990
454
777
1977
4427
409
6381
204
3788
3302
4665
6473
2773
2047
562
8272
6770
3008
8895
1832
3809
1868
9840
3884
9914
3182
956
607
9001
7024
896
1869
1749
5
6116
2965
438
4717
3346
7920
9666
1158
7461
8133
6078
6069
6429
7639
3724
1281
2524
1598
5567
126
1677
7754
5743
1798
918
1533
1683
7099
7239
4253
9980
5479
9878
434
4935
2453
2006
4641
4170
8573
7144
434
1364
5929
212
4056
2218
5876
3075
3277
6084
2116
9679
7472
2345
6580
6431
8434
7598
1663
9356
2715
6961
1251
719
5319
425
4745
4332
1507
3060
2800
533
8104
6093
868
8977
8288
4435
6785
9787
4091
5016
1634
1373
9019
9489
8902
6265
9134
4306
5547
4709
4703
932
16
9401
6074
9068
6478
3800
6858
6167
1582
697
4665
7189
9887
7386
4650
9638
6813
8699
3981
190
3393
9388
5928
935
5438
2947
763
5164
809
4774
6887
4951
2408
3805
9696
5342
1234
8211
7572
2867
3395
7588
4079
9324
7301
6151
2966
5268
2451
8909
7883
1526
9198
5529
1878
1170
9655
4642
2655
8860
3539
4735
8364
9248
9119
6438
5255
1207
8715
5015
2898
62
196
1183
4903
5713
799
2975
3036
554
7247
1336
506
7446
6631
7346
5777
4628
5808
9542
1748
1456
3162
5680
6376
6075
5518
4445
9915
3776
4679
9132
801
2654
2663
7111
6933
1402
1999
6006
1596
2613
7672
9980
3602
3793
236
7209
9353
7428
5433
2749
487
933
4251
9299
4520
7063
8770
2117
7461
5479
3373
3275
6792
6531
7939
4792
361
9063
9502
9780
1785
5053
1489
5677
5746
5249
5194
3880
7238
1594
6345
5660
7224
4224
828
5086
3464
3074
7457
5905
9327
6727
2460
772
5274
4039
9882
8071
7422
7280
4453
3668
5101
9078
8627
2365
4610
9247
3508
6584
9561
1788
4127
7851
9113
6764
3175
28
4157
6556
3694
1922
8117
1080
454
887
3372
1962
1802
8352
6544
1346
8596
2824
5872
7092
4544
5839
1736
2390
2688
1580
7032
4539
6128
1463
7518
4525
7136
809
3542
6393
7750
5960
3631
2913
6653
6645
7279
2003
1708
233
9000
6548
4831
1636
8211
8799
6099
5013
9816
9367
6925
1239
8532
9966
7955
8086
5909
8557
5929
8505
2771
5263
5166
5997
1394
7581
3565
5152
1085
3761
54
9644
8057
3961
268
9666
5485
9813
9922
5681
2463
4365
779
5608
1200
6017
2468
8145
264
2033
4448
5778
7917
9488
6378
7205
3679
4086
1847
419
8124
208
9979
4474
628
8740
1787
105
2277
2754
3281
6774
6490
4991
5358
6490
3019
5185
1274
2781
1967
9788
6072
6580
3185
1390
8830
9463
3030
241
7728
8682
4804
5670
57
7714
1420
908
4094
712
8844
857
7452
9119
6681
8684
7002
4013
7909
3746
8721
8242
3212
357
1972
8345
6628
4142
1598
7365
8293
341
2951
6226
6950
6304
9535
3088
9587
8650
275
7270
8086
4074
3591
6705
3073
1633
8459
5699
3310
3483
8393
2762
4901
521
2916
6688
8358
9124
2507
2730
3137
5322
7195
9707
8640
3076
6081
3188
7880
4103
4856
9526
5006
7676
1097
433
724
190
2574
8042
272
5917
2102
5947
7045
2345
3577
2602
1259
5776
7750
9612
7080
5433
3012
8975
3544
7242
6025
108
4295
1646
9359
9643
8672
3358
8487
4387
1994
4791
8465
578
6042
9032
1385
664
1662
2720
9337
2156
4199
3948
4008
1810
9015
5399
3259
2393
8757
8325
7109
8579
6225
8691
356
3146
6682
2842
6762
4584
1316
6368
208
2456
9153
6508
1496
7421
8185
5405
5600
8692
7747
8761
3069
2876
3236
2088
1024
4665
1147
4591
3723
1608
7112
8977
29
2367
2126
3982
5276
239
2476
5264
8015
1510
7012
9446
7900
1252
1351
5564
9590
7519
2380
7952
8948
8627
7964
4675
2066
7150
6182
6033
4657
8606
5594
8357
9224
2395
3048
9365
107
7523
8384
2655
1921
5836
5985
597
5271
1106
1612
6812
4664
3118
9200
1733
7503
2155
6369
7312
9741
695
9275
9844
3338
6026
7158
3092
3012
9522
4412
7416
4926
5824
3354
4460
7961
7858
3990
1093
8978
1725
8028
753
7117
8831
3147
5143
8558
1333
99
4290
2433
947
9618
8401
581
499
8290
640
8737
2192
2560
6001
4364
6507
7873
7759
6854
904
5580
9672
9090
8036
3673
9023
5488
9062
8708
2902
521
8829
5303
7708
3489
6181
6523
9737
9828
4468
3125
2949
6584
4445
2179
8531
9884
4170
5885
9710
5182
8276
9534
4410
6860
2031
3530
7828
2367
3976
8134
6763
7499
4616
1159
7638
3651
7622
8258
526
4895
4321
2595
2244
2625
1867
5762
2566
8146
409
4556
8964
9077
4826
8942
6947
3726
2153
4896
4988
8700
6692
2151
5368
8925
977
896
4788
5982
2264
3384
1556
213
1026
6086
9325
4383
36
5571
916
1881
75
6560
9583
395
1024
3797
9216
2801
5182
279
9478
600
2985
3173
6598
1670
19
5322
5675
3305
8198
4595
5712
3577
3270
5581
4350
8885
5471
8102
5249
3257
32
4847
7450
5406
9533
6080
2672
2870
617
2800
3465
8648
3477
1018
2431
4666
3681
8849
283
8130
2427
5055
8453
1386
3089
2313
134
3222
9077
1043
2190
9750
423
9920
9194
5968
4279
7346
20
4883
7564
4095
6855
9706
8342
1112
6290
6024
6246
8017
2234
5085
1193
7236
787
6388
4002
5918
7932
7599
2092
2743
1925
2512
8421
9613
3598
3215
2028
8818
9445
948
4118
4712
4329
1216
4497
5215
2903
2653
9346
2520
1455
5852
2801
4257
4757
7925
1652
6084
5737
899
4537
4170
9310
7238
4496
1364
5520
3733
6450
3969
1338
5827
9249
7012
4886
8014
5303
4621
651
2381
9477
8733
9339
6596
2935
3717
1410
4678
6934
6697
9066
8737
6162
3377
7467
7540
1173
6989
2308
8246
4700
3613
7528
930
7189
574
3886
1632
2761
5880
6425
8570
8006
5736
6416
7894
2485
4041
1286
9909
1634
2498
4254
4015
9892
2462
3891
814
4289
9963
2714
2796
6486
3491
3005
807
4311
87
7586
2107
2206
9008
2976
7239
3682
3839
2514
7172
7869
3310
7388
9206
6563
8230
4243
9979
7776
7035
9056
6606
6755
5188
8310
2424
5640
4361
156
2145
8520
5760
187
2285
9512
8196
8773
6681
7644
5608
9431
3633
3854
604
663
727
2188
289
6875
5779
9432
8177
7513
7486
4817
1274
7410
7354
4193
4584
5486
5261
1134
6213
3370
4631
781
5029
353
9586
933
9390
6096
5690
8878
9838
7984
7945
1774
873
5683
4521
2999
6903
1497
2416
6812
5313
1477
1670
8946
5214
8851
8093
1270
3886
8340
533
4546
4198
7176
7652
4498
5339
6238
897
2872
6101
2624
4891
7013
4636
3178
3827
8578
1129
7032
2615
4431
153
4045
4503
543
7582
5186
2701
2727
2932
365
2111
6466
1707
8978
8714
1713
3941
8551
8381
7585
4491
7236
3900
6159
7833
6646
8890
4183
5130
2531
9934
6479
4173
2133
3711
5042
3390
8734
4256
3376
9624
5819
6520
6522
5593
5625
6355
3377
7040
9358
3773
9404
1457
9332
5851
4666
9975
6435
8032
4188
1507
9900
7721
5132
3563
164
2056
7990
7292
9771
2533
7038
5249
1723
2761
8718
9135
9466
2031
5232
1362
7782
6641
4677
8633
9261
2916
8321
7980
6747
757
274
5645
8144
4192
4699
7092
6374
5893
990
1988
3838
5911
7872
1514
7783
985
3274
6569
187
9686
7971
4541
3406
421
7533
9179
690
3803
8878
2817
8928
8314
4877
2682
9470
8300
2881
3391
1737
6347
779
5807
3470
7862
7262
8441
934
4299
1325
1297
2165
2874
9742
3645
6444
4847
208
6618
3577
1496
2193
8663
7263
6747
7132
6966
7887
8104
4529
722
1373
2995
797
2798
2421
5945
3196
4775
2380
3075
2121
6605
4319
4375
1166
6203
406
886
5865
6171
9655
3506
8861
4551
7262
2457
1324
4023
313
1637
7909
9258
8469
51
5261
5316
2395
3306
2157
874
7137
1757
2720
8873
2466
8318
2841
3725
7259
8166
3916
8599
407
4609
7347
8520
6453
255
7835
5015
178
278
3456
5857
694
5043
5735
9114
2275
2664
3504
4119
6069
8162
188
3289
4176
4798
5355
7734
5101
4912
7847
6541
7547
2093
9625
4267
7675
3919
6589
3707
3527
4617
5037
1335
9115
9996
204
923
9851
2812
6356
6810
435
5294
6293
2059
6119
6995
1794
8284
8321
371
5536
3347
5996
3502
9309
293
4865
9255
3000
5928
7623
2828
3710
246
9610
5116
4648
8548
6045
7608
8983
6565
8926
5647
4708
5125
3928
793
2753
4995
268
9752
2079
4421
9364
6881
2290
1559
1353
9646
6420
1534
2053
1537
3982
3151
6789
4970
7108
3451
1647
7467
681
9225
7206
8011
702
3374
4543
6901
3843
569
8416
1650
5110
1056
7924
3518
9870
3635
650
4116
1088
8871
2328
9188
2572
1401
407
7166
4265
5841
6536
3360
6164
4249
9956
6780
3342
4351
1071
5468
5704
6821
2029
7983
2624
6773
9094
3189
4396
9346
9740
7881
9571
1738
5987
1919
9670
4407
4280
3538
512
2262
1412
3307
2449
2618
5414
3760
187
474
137
3209
6514
3201
2330
6420
3300
6160
415
1902
7397
7929
4874
5411
8720
8849
1204
1923
2695
9417
7702
3826
9518
5677
2025
1366
8235
7236
2412
2471
4488
9746
1738
3017
6999
7824
5164
5316
9322
6206
5027
2144
217
6678
9854
5982
8111
5798
7888
8323
2554
3790
9362
1856
8312
8064
5904
9134
5793
5825
9924
4958
4883
8966
1597
6086
7940
990
6166
1141
1703
145
9653
5619
7150
5097
6832
1733
992
9521
1288
540
2406
9776
3756
4224
3847
5494
1580
9737
5350
6334
9100
1097
7595
9446
6015
6529
187
1214
8424
8413
8105
3786
5069
8498
1075
1550
9596
8227
7736
5255
8097
4160
8919
1785
107
1477
2074
5727
324
4327
1970
4831
7813
401
1130
5219
9226
8500
7164
3748
2649
2127
3162
4359
9092
9161
1590
2412
9361
7504
1783
6009
5053
9306
6028
6167
3781
1794
9516
8295
366
1072
4945
5909
7696
6324
3474
3756
3249
5806
9885
1607
9840
2692
1303
1848
2052
8439
5649
3719
3064
3636
8087
4520
45
1504
1199
3486
201
7170
7340
7093
3630
6654
9673
5583
3684
3074
1789
9177
245
4035
4456
9097
6447
3357
2076
2830
4773
2363
694
5315
4149
790
4067
7717
5717
5055
4186
3293
1261
2093
7927
5466
4959
261
2050
6692
6057
4911
4612
7962
7365
5169
2093
7837
2041
147
7964
6812
9049
7404
292
7509
5865
3776
3054
3688
5568
8902
8290
1408
4249
4730
3947
3793
3846
83
5346
6799
4977
7963
6552
7169
4108
4705
1626
5287
9478
4291
4716
5071
627
8218
2267
219
7050
1112
233
1136
2560
5001
4122
9688
3256
607
9930
9582
8660
2305
9599
8594
7534
4527
5485
5143
2173
1274
4508
5771
7564
7157
4161
1990
4683
7891
9338
4629
429
575
1097
1350
217
9190
5859
8305
3095
8790
6337
52
3377
2600
3493
2789
7282
9874
2254
4728
7813
8763
2332
4005
6224
7680
9536
8898
3800
683
2252
7332
3397
7260
2388
2662
6233
4556
8
524
5719
568
6135
7224
6808
125
8746
3521
6284
1561
2867
8984
6687
927
6833
1120
4166
2297
3306
405
8446
7272
5419
6986
1319
4137
5551
7410
8573
7306
6661
9976
9131
634
3868
5509
4323
4014
6995
6256
9651
1234
3189
9396
1216
8516
2400
3190
9045
7378
7486
3241
9955
2497
5048
3461
3314
5105
2675
1404
4075
5135
3258
431
8808
765
7228
1791
2089
2374
9177
8184
2583
8937
6147
6589
433
8890
1089
2253
134
4155
6465
7597
6003
5603
9778
9492
547
553
4945
5889
9558
8097
846
8079
1610
6009
1130
8023
3787
3776
7418
1121
9912
9915
1419
3540
2341
8137
129
9842
3487
6157
2325
957
8590
2988
3817
4828
7026
5411
3585
2002
5420
1972
2839
6300
2199
3358
4281
6309
9852
1252
9418
6910
8139
3925
7638
1293
8763
5698
1933
3006
9605
9140
2667
4441
4513
3442
2575
2882
2883
9712
3310
7744
1747
4138
6277
2946
1957
2938
8255
6494
9191
8787
5331
5322
9980
7040
7086
7167
2697
1478
6608
2839
3601
3518
931
1640
8349
5894
800
9882
175
1645
8268
7435
6913
1936
5587
106
397
1687
9063
6249
3421
316
7154
4457
1402
5955
2892
5475
8168
5472
6964
5500
7870
9297
9219
9956
7933
9656
3209
6523
1168
3116
493
3681
8684
3541
8840
6394
9084
9535
1229
3664
3588
1213
611
3640
1169
4797
8729
732
2584
9880
6026
5744
7250
3503
3616
4438
2334
7166
7627
2114
9132
7797
847
1835
7822
1335
6515
1712
8049
8088
4357
2333
9405
2293
9536
8827
2880
4427
1011
3370
1588
3729
7041
2947
6692
118
2015
4120
2338
9236
621
1230
1629
1691
2471
6961
4190
7769
2754
4537
4703
1811
2208
8940
972
6298
2761
501
9509
4251
3591
7951
6412
9989
5988
9625
1424
2509
4438
860
3420
2788
5632
2864
6308
6184
6729
3298
5351
3738
9128
1686
5256
1705
4269
3352
3013
6896
3498
4076
449
6524
4959
3881
3728
5196
6590
2468
9618
8358
5855
679
1229
1109
3614
2075
9190
3601
1659
6220
7677
9446
890
599
8634
1494
9826
1202
1596
173
1224
2794
1051
3158
7937
8618
8008
1567
7823
5859
7553
7098
1513
7594
9564
6585
6164
4139
5466
5267
2918
6701
9949
7779
5738
4111
2889
6301
4539
8978
3366
8629
6067
3128
4665
5027
1878
3391
6369
1622
3923
7902
7287
9842
4751
9963
849
5951
1162
1200
2782
2058
7230
8277
9463
172
5076
7727
4122
3835
9510
1613
7276
7671
5689
2682
7185
3776
7362
1411
5932
5302
6899
8950
6818
1813
7328
9316
9118
8035
900
1421
7036
7463
8330
6510
629
4977
7772
9400
7895
8070
2859
2572
8810
4608
4673
588
4081
6126
3395
8580
3677
9590
1543
2623
2750
7281
2241
1697
5490
4000
2722
633
662
3137
5418
948
6080
8335
6416
1802
3149
5426
3792
6437
6714
142
6408
413
9951
679
7105
6710
8791
626
2937
9341
5463
6988
9052
1501
6146
88
2156
6485
3426
6959
4100
9593
272
7543
6085
7106
8617
3452
9180
4001
2226
2367
7469
5553
554
7229
5939
9231
7524
8330
6464
2345
6774
8085
1705
7813
2811
2866
8548
5095
5716
3587
9840
5858
5590
6923
5597
4254
1743
2009
2624
9849
801
3259
4509
7137
7353
8567
2361
9407
545
3521
319
6224
110
6561
8852
3242
5731
6970
3201
204
4334
7519
3901
8034
949
6195
1275
8738
99
6946
6030
2450
6345
7674
3636
4426
4559
4783
1051
1047
2791
7534
517
7941
3163
2174
6673
5264
9149
5347
4
4819
783
8644
1801
1252
2898
1338
3205
4872
5296
6289
3683
6744
7936
4838
2305
7714
8668
81
8597
1718
5825
4339
8405
357
3069
5886
4201
56
9288
2001
8571
5369
2062
303
4251
1946
9225
7969
3996
569
9405
8917
8819
9231
9059
2344
3698
3727
504
2077
5698
8460
2687
5163
669
8255
4064
9790
1141
8836
4828
7237
9874
8354
3956
9843
610
4813
5060
7204
38
4617
3870
5748
2694
5557
9333
2644
3611
3527
9761
3614
1859
5997
5247
5606
1844
6869
7654
9547
8194
6700
9882
5405
4378
9496
6827
1675
4829
2281
1477
4034
5266
6451
927
3416
6160
601
8737
2047
9837
2907
2041
7061
2586
7450
4059
5264
9328
2909
5281
9311
9881
3959
9477
5144
2677
5388
3904
2831
3895
6468
6601
8186
7415
8435
7516
456
3735
1068
4340
2208
4053
5297
8398
1126
9088
7549
717
9842
885
8082
3490
9169
9860
9980
7534
2125
8625
7643
2075
1019
8785
3645
9205
7502
6784
629
1700
5985
175
570
9531
4125
6202
7160
7376
156
469
8348
2704
5781
4661
5122
1591
5063
8754
9520
7340
4297
4977
9550
5177
5181
7908
1203
4823
3798
7491
8071
1581
883
9549
7219
5746
4635
1380
5894
9556
5952
8431
7438
750
7369
1691
6315
1830
1231
4470
1568
4536
9632
1518
5218
9791
8548
3055
7110
4343
1242
1240
549
6715
1476
6810
3713
6695
5405
9222
233
4587
2066
4466
8657
8683
6367
907
4520
2051
5133
5024
679
2586
6365
5700
1231
3525
4200
7846
1877
5120
7216
3571
4879
2026
5715
1864
9925
5095
4424
5782
3148
738
618
9556
5306
5782
4125
6651
6702
866
4881
3858
813
764
5741
5777
795
5814
3119
8673
3023
4573
5691
2629
9676
4227
1861
6147
7988
1894
5
7922
7245
6930
1592
6370
5860
1633
6199
8684
9948
5316
9178
7669
1675
4626
7261
6440
391
1205
4748
8156
2033
6291
3092
418
2635
732
9662
1696
9888
8001
7272
195
2666
7284
4653
3961
2182
3480
9476
4694
2
1041
9743
6726
7551
8992
6421
6951
8924
5150
45
1081
3825
8637
6669
6563
302
1073
4041
2719
7544
8516
7155
4231
7491
8157
3444
4963
233
6079
1787
5307
2282
4946
6245
7695
8646
3423
4962
1778
9374
2297
7044
2854
8710
5850
5366
4570
351
818
1273
9670
5406
9457
7890
619
638
7686
2401
5289
3292
4053
4030
1598
5412
364
3734
8959
4921
200
3609
3729
2946
7281
8906
444
6858
1650
3189
583
6360
7983
7666
5819
5533
6988
9005
3296
7261
7826
6053
6327
7660
6746
4787
5099
7243
4725
2574
8445
2434
4803
7319
9589
5720
8015
4482
5833
5257
5341
5078
4648
5085
1951
747
6326
5190
9149
7819
6428
6655
8895
833
9639
878
5572
7447
307
3380
9719
874
3940
2175
8890
3021
8252
7802
1481
1364
1962
7180
414
5271
4471
6238
4889
2941
9813
6926
84
8436
3796
2651
6612
9383
4157
2440
3873
9818
9700
8208
3966
9419
5917
1404
5773
9867
1359
4976
2021
1445
1177
4144
5649
8179
1675
4758
5660
7749
2435
1172
6768
3237
683
6521
1640
7360
5880
7004
9273
6253
1240
8417
8179
9102
2858
7491
8398
1967
6428
2851
2127
8974
6181
377
8724
1753
564
5589
6243
8439
4454
1322
8240
6877
8254
2374
1624
2745
72
107
8526
2267
8387
9025
2830
856
9072
4252
9826
3641
2494
3513
5734
1113
3475
9776
2313
3349
9381
959
645
9218
9310
1323
7326
2774
445
5060
5735
7647
5961
6374
4877
1654
2605
1909
8318
8085
5023
787
6207
7159
8241
4677
4011
995
9310
5375
2690
8105
4066
147
6324
8920
5194
5763
4869
2112
3346
571
1712
2610
3932
236
7908
6108
8377
6824
7634
1595
148
2819
2260
2988
2636
1333
3648
3278
8131
1304
838
9802
4520
1766
8095
7182
9120
2459
6461
5325
7087
8937
5398
3423
5227
9139
5898
7344
710
4931
1526
7029
8179
6531
9255
2530
8066
9903
7653
2206
3527
7253
6043
4241
3361
8534
4555
3133
3497
7544
1668
6099
220
9630
2785
420
4144
9259
672
1713
5148
4826
6167
4795
4971
4904
5487
3376
5971
4885
8639
2159
1677
5437
2007
5104
7183
4552
6994
6570
5201
3058
5758
7861
6607
9463
4555
293
2730
3714
4957
7324
279
1059
3319
2499
8816
6556
9256
7041
4980
8006
4616
717
7296
56
5448
2331
322
5078
814
1640
7150
7030
3933
2776
4803
2991
3119
397
7981
3277
2236
3661
2747
5163
3000
9876
3272
7078
4346
9213
1546
9875
7281
4209
2086
9260
7198
2984
1108
8802
9441
3024
2370
6072
8055
3242
9940
5411
2160
5555
1539
9589
9097
3707
4760
9180
8651
6223
2481
2872
8004
2495
3077
4127
2812
5779
5678
9608
5818
4616
630
2622
745
4618
576
462
5874
5879
8114
7963
8672
7366
1888
872
93
8555
4102
1685
4800
330
8995
7492
1417
1651
3578
4081
5157
5933
9085
3036
3690
1145
3994
8921
5954
714
7235
1737
2759
8031
3270
5830
7503
6009
9055
141
5090
4537
6641
6309
7228
2910
4093
477
2691
1350
1777
1884
1823
5601
645
6320
5628
1216
4081
5339
1072
9679
5148
2776
5924
6751
6582
8536
8395
4554
1802
5918
9124
2833
1339
2771
5639
1533
610
8693
2330
6408
1769
165
2171
1694
4469
3031
9978
9078
7812
7052
791
145
8511
390
1157
304
8343
2853
5524
5767
7326
5446
4753
1598
7761
398
8821
8058
8253
169
1216
4534
6142
6184
8206
5159
1390
8008
2224
7946
4900
1543
4912
9680
9499
411
2051
2155
2350
8192
9545
1415
3457
398
6912
577
6088
4149
2314
8562
1427
436
1083
1572
1618
8483
7865
1535
2408
4316
1088
5875
9119
5882
7257
5976
7329
5276
1729
7465
2782
4513
2128
4073
3354
5093
262
8227
9622
3148
8577
5773
9558
1362
7501
9250
7184
6037
810
4010
4640
2706
7138
4127
2055
6500
7086
532
9837
4122
7076
2087
3594
2718
3000
1432
2702
7210
9051
1332
9801
1702
9652
4002
9911
2495
5349
5419
4731
9902
6723
8981
9766
3584
3886
8041
9371
1462
3016
4829
7550
5365
5462
4057
394
7556
9491
3107
9410
996
9461
7127
3703
2827
2332
6574
2915
4896
6800
6799
2183
7369
6088
4105
4973
1471
1398
400
9566
5244
9432
9019
257
1796
3978
7590
4833
3020
8568
9939
5809
2985
4465
7913
4062
4280
5825
5761
9986
7480
1793
4223
9138
8609
3491
8859
6408
1965
2393
7305
5234
6011
5408
3101
6080
8162
1158
9574
1487
250
1380
5805
3348
206
1177
8180
1772
7076
1922
5212
3849
5850
1015
382
4996
5830
3406
7598
5121
1205
846
6537
6823
5388
6119
606
3050
1260
1213
8563
7242
7932
299
1924
9792
899
711
4222
900
6518
7663
4885
1357
3641
1379
68
9600
4922
8487
5107
5517
7833
3094
8433
8896
737
6759
4778
3177
2520
753
6275
3181
5200
8460
3666
8916
7725
530
6259
6196
5723
501
8478
8820
6353
4004
2920
6369
9612
360
4664
6295
7459
1441
9253
8892
9934
8957
7254
9022
3096
8022
1578
8965
7033
1802
9851
2710
3482
9301
3055
3102
1645
5969
3364
9818
7690
4690
8665
7929
8109
2914
8589
3903
9621
257
7045
8383
8643
9692
9248
2769
1454
4623
6995
9721
2160
3610
4566
6068
9315
4248
9038
259
3600
7847
3017
5533
8399
6898
4865
4252
2258
8088
1307
8484
7252
4583
20
6835
91
2710
5229
7799
3455
9747
7688
5426
3457
1553
1465
3990
5432
1008
3919
4523
4294
825
1950
7564
7607
7232
7158
3291
9193
4169
4903
2319
8637
1238
7419
7867
7344
2441
9110
2762
4950
6901
2959
2790
848
7232
575
1278
4314
5979
4810
8469
3349
5675
3142
3252
6658
3412
2008
4111
5478
6578
7177
780
1880
2416
2880
8014
8081
411
2919
8147
6864
3140
242
9643
6705
8211
7607
4732
6431
1181
844
403
3322
6911
7970
3503
5455
4756
1941
2527
3769
1162
2200
5771
1869
1798
311
7982
1874
4164
7991
5357
2783
789
1594
1818
3751
2567
5760
7850
8449
1603
294
6873
8239
2957
8643
3111
1291
5156
3297
9238
1956
9985
3375
1681
9731
3146
2256
6410
9957
8673
8642
8278
9045
1677
2696
2538
5459
5927
28
8023
3951
5059
193
7675
4614
8814
3133
3574
192
8560
6469
460
4817
9622
8989
3829
4804
1414
765
6132
7506
256
8356
7357
7324
3866
4341
4299
8948
1007
4006
6234
6644
4543
8452
3369
4977
1225
2604
8427
756
6948
8648
1065
8167
1944
274
9409
9094
6349
764
2934
8413
2998
8463
6168
9722
873
6430
3254
392
9658
9200
9253
6074
3081
8478
5281
3901
6340
1347
1053
485
811
9070
211
5511
7414
1957
943
4239
8594
5923
6812
2559
7659
9322
487
6355
3407
4468
6101
2914
7404
6827
4336
5837
1082
6297
8019
6521
9887
9211
5013
4629
2129
6756
9480
7190
877
5326
2222
974
8290
7027
5736
5594
3096
4002
9864
5439
3591
8554
9464
6986
483
2129
6423
4297
6197
169
4481
9570
9831
6533
6867
7519
9851
759
3510
2034
9850
3777
6755
1091
6184
2842
1909
1210
176
4467
1697
5881
1693
4880
1781
3335
5387
1174
7832
7791
5669
2709
3363
4892
1544
1569
1492
6410
7873
2908
3132
1514
5313
877
8721
1904
7229
3487
524
5916
8193
252
7802
2367
5354
9724
7684
8337
908
167
459
6350
1187
5507
9169
5478
5471
430
9909
7813
5513
3050
1006
6390
5000
919
6409
3211
6687
6303
1026
6312
3784
9648
3484
2945
1320
5938
4892
1923
2672
7253
477
1905
6238
6246
4726
3985
7295
9509
9604
6339
498
6796
9751
5861
9193
1978
8172
6758
8737
4219
870
8869
2345
3384
9114
9119
9663
1953
3586
7974
185
6825
5527
9006
5965
8321
6184
3765
604
416
7349
6031
4432
5767
2585
9216
9008
1468
867
8199
7571
6625
1784
2200
1947
808
4198
8435
517
3265
8302
7225
6374
6333
4423
8029
9516
2959
537
2386
2056
7407
4526
4207
784
331
6455
9988
7189
4199
809
1562
1007
2739
8527
1838
9750
8568
3947
9565
3302
6429
2311
2666
9623
5586
9342
894
4900
3835
5622
7663
9044
7316
4947
7795
5358
4857
7678
2596
1400
2932
7216
6211
6584
7477
145
7508
924
1793
8355
9901
8455
5559
4503
7439
8321
8562
527
9274
6338
4198
2638
6178
9865
1990
5178
2170
9280
5452
67
1506
13
1440
8154
6309
169
9821
3738
2909
61
7777
3768
5640
1656
1317
8779
5241
7898
7715
3482
5312
4120
6482
1148
4312
6386
3215
7362
2495
4468
207
5575
2872
401
57
8987
2778
7063
3691
714
7981
5089
2160
6956
4369
561
2410
5925
3223
368
778
8667
4829
6957
4432
6596
1761
9205
154
4540
7558
1619
1941
7424
8692
9729
3744
3324
7767
5599
1309
5552
3686
3696
7608
1684
158
4023
9582
8005
7391
6369
75
3700
3039
6833
7719
311
7571
5323
9272
8472
6107
679
3448
5739
3456
8244
2637
6465
1612
3251
9074
7060
9283
2238
4995
7789
1146
3829
2109
5244
508
9705
4321
8051
2766
6360
9059
2020
8658
8307
6773
9961
5692
3830
5236
5690
3297
5067
5110
1348
2298
5233
5927
2135
2100
7157
7087
2747
9627
8922
6794
5410
2491
4387
2936
239
5148
8632
3836
4854
833
955
3529
1677
3999
961
5775
8116
7643
6484
3328
6998
7425
5607
4222
2023
9816
8901
4721
5750
4640
2135
9461
5703
3315
4174
2846
7531
2859
9577
2215
2866
2330
465
2513
3476
2693
7652
4240
2670
3365
6737
1306
9474
8666
882
3093
1080
5226
8335
5487
4274
7058
9412
8947
7134
8408
4611
7792
8139
5817
2812
3770
1029
9832
6100
8729
222
3750
5648
5755
3447
1427
1312
5462
5315
8735
6119
4328
8030
3528
5660
4911
3154
7171
1546
3598
1416
6560
7577
137
5917
9396
6996
4592
7756
6991
9353
1644
2112
8298
5843
9138
7122
6040
2736
7679
7489
847
3539
733
9725
2091
1826
136
6154
4779
8399
264
345
314
8317
5169
7557
5142
5683
6919
9904
5461
6613
122
7499
7955
3752
7143
3584
6308
8864
857
3836
684
3617
7002
7406
2730
2454
6103
42
1779
5637
5792
7686
8873
4993
7915
2287
3986
9674
1246
288
8416
4333
9853
8208
8667
7495
9206
9070
381
3669
6972
8023
851
8696
3090
5460
6486
4245
4233
1161
7249
3952
1017
3557
3498
714
2440
4071
1953
1877
952
7685
6581
6692
3284
7367
7045
8274
6691
1800
2107
536
7630
2984
7847
9083
76
2685
900
3899
3611
4502
5042
799
7264
1315
5408
8088
3657
6302
8379
4651
9412
9349
6755
5766
2055
9721
9202
3349
627
114
176
8052
7129
6869
1523
1657
8539
6043
9785
9534
4661
5272
3868
4614
5335
6940
6181
6254
1635
9001
6621
9668
9623
6018
2837
4191
1925
4461
2094
1518
1963
3103
9778
8296
8011
1496
7047
968
9421
6925
5506
4596
5336
2973
9886
1554
7004
918
655
428
8403
8515
7273
260
6316
9426
9349
330
207
542
7355
1100
4300
3745
6749
7632
9117
3292
9364
2846
7400
9910
3751
4280
9794
7971
1790
4714
9015
2630
2326
3944
7258
9714
3874
6279
583
2310
7466
5939
5701
4507
7636
404
9146
4544
4223
9997
6152
6742
164
499
6757
4021
811
4443
9582
566
8397
5867
9574
7233
1253
2792
4571
687
1128
1443
6988
921
3537
6330
1122
808
5443
717
3653
5658
1780
2695
4732
339
7339
3123
9748
6490
3351
3022
7316
2568
8736
9682
7341
5046
4452
2662
4095
9942
5609
3196
3192
35
113
3043
8033
4631
4473
1777
864
5538
7100
4688
5946
5029
6952
6998
7469
9014
689
3950
2865
1368
4635
459
2927
3436
8802
8484
3769
6100
8979
5059
2072
461
9472
9007
4277
7215
3457
9753
2457
4061
111
7382
4411
5158
7693
9096
3229
6517
9568
3569
2031
6509
5809
1357
2889
1200
6444
6467
5029
93
3702
1482
6334
9052
9643
6208
3910
3675
2491
7723
3990
8167
9640
7927
8832
1920
7848
3187
8416
8407
1435
9551
7729
8761
7446
6119
6220
5453
2678
8644
4609
9864
1250
5201
5641
1214
2933
5855
9630
3327
1879
8655
2640
9991
2563
4999
5051
9304
4759
8435
868
2339
2214
2308
3672
1690
299
3304
3347
1010
6369
9910
8852
7561
2825
7088
6226
5914
6951
1047
7709
2508
3470
882
7456
7500
5456
7095
1612
2542
6786
507
5743
474
4581
8914
553
5731
3273
3015
7622
2272
2842
7564
515
9235
2563
8507
3011
3195
8136
1935
5429
9895
4492
6081
2095
7626
8745
3328
7812
9055
7773
5178
8886
8237
2742
9518
4721
4765
8507
6125
9319
7612
9286
3349
8077
7040
3255
6166
4231
4181
7779
3392
1005
4336
3897
9755
70
1901
3357
6708
4263
1902
4009
4428
2698
5577
9705
6259
9370
5183
8970
6010
2128
6255
2654
7997
7542
3927
4553
9470
8548
3588
549
5179
6027
5163
1193
4208
2494
4595
9870
9944
5940
5725
3689
5052
4509
731
7059
4684
8214
7466
8545
2771
2146
7671
60
8263
6751
840
3688
379
4674
4733
5522
4609
382
5020
7783
4024
8325
3344
162
3727
7748
5199
8882
9760
7441
6476
7246
7663
1675
251
4616
9971
9374
3452
1685
6472
2183
6420
8679
5755
3487
7048
9702
1713
9694
5184
804
4048
7106
2293
1564
7525
2570
5975
9987
782
3783
8896
8339
1806
5559
6908
3159
3855
1712
1700
6173
2558
8266
9194
4050
2219
2651
6083
4049
6909
5249
3385
9467
9860
4213
7724
3508
2873
1830
8132
2703
5969
856
8639
1314
6379
2240
4611
6325
5084
1448
3912
8532
8605
9183
2279
9039
3506
3738
6022
2002
1163
6429
4132
3888
759
8599
6194
6681
9164
8545
2123
7488
7400
9385
4675
9832
4717
4344
5908
2534
2963
4259
4364
537
5888
3175
574
8313
315
1843
4688
507
8660
5647
1531
6435
5235
3037
5169
4669
1939
2885
7221
1520
2484
4366
559
2506
8145
926
2795
9057
2165
701
1996
3628
4413
9353
460
5180
2664
7705
1058
3542
1967
5773
4613
5558
8956
6863
6160
8115
3682
226
2464
3165
7563
8436
3189
7683
2390
6154
3291
7110
1968
202
4797
4309
4961
7001
2000
7302
4746
2327
5265
8140
9701
68
5150
2132
5237
1223
355
1362
7104
1711
109
8936
4017
7743
4065
715
6498
492
504
9437
7973
7561
6690
2053
3625
7383
3629
4910
2278
4093
1116
2917
6693
4619
7981
8292
8027
6816
6758
1611
941
7303
1574
2958
6864
314
3052
3738
4252
4380
4208
397
6343
1936
6915
9699
8854
8052
9358
1513
2356
8391
1096
9097
6655
3263
3834
8771
7382
4135
2817
564
8242
1344
5885
8928
5868
6923
4634
7945
8085
4414
4915
8558
523
8346
1917
6351
993
9652
8469
7114
5812
9725
3883
4036
7346
5028
4647
4742
7444
6218
7568
8580
7157
611
627
4583
9140
4465
6680
8361
5499
2033
446
1780
473
1655
9728
2784
4325
5230
7709
3921
2063
6344
4351
7248
8238
4057
1390
149
6923
3884
7261
1322
4236
4871
5388
8658
9243
1817
1701
1121
7978
4693
5002
4804
4397
3075
6851
9339
1610
2039
5994
4563
6467
7351
6086
8931
682
2042
4391
552
2073
3485
3500
8909
210
9941
7708
350
1793
8217
608
3243
2406
9555
741
9340
2967
9156
7648
6325
1127
5847
1600
2797
175
2330
6392
992
575
3158
6153
4458
2170
7143
3877
7566
8292
3239
1525
1282
6564
4123
8977
4904
4984
9666
1842
6654
6058
3282
6225
6921
6217
7742
1865
6728
2486
3461
3802
574
3524
1492
6680
7165
7490
5500
5104
3776
4960
1849
8124
9967
1094
4592
5801
4217
7641
2636
1089
2659
1970
9662
811
2573
7319
3438
5380
4516
5700
140
8088
6077
2513
974
1296
7096
9793
2958
8651
925
3251
3070
9581
8768
6782
5140
4757
4503
6957
1825
8930
5499
9162
9828
650
898
6517
5084
6696
2593
2470
6100
2771
5687
8068
7813
973
4639
5293
5426
8880
8460
8554
7476
4716
3362
7500
118
7963
4070
5575
21
5061
5638
477
1625
5380
6084
4577
5570
3511
6373
5658
9026
130
8403
928
5424
5145
3483
142
561
3678
3532
6900
4473
7533
4704
689
3578
2236
8486
6116
5623
2491
8452
9872
712
6921
1787
490
5330
6373
3467
688
2678
8711
7557
7202
1860
7039
4459
8410
518
7596
5155
5748
354
8173
3488
967
2643
7855
5355
7597
1323
4116
9309
1644
4546
3861
6534
3511
1655
878
9393
397
1509
3339
6843
6045
9746
1491
1872
2558
7185
7477
845
7284
8857
6359
7112
6231
3375
9817
1593
4348
5289
1792
1164
2165
8885
8336
1624
7702
496
2364
5794
2393
7784
7627
8843
9814
8712
5269
2347
6420
9936
597
5782
4208
4220
7343
9140
6260
9146
1602
3204
7426
4842
7908
4643
4102
6779
5419
1527
8972
768
3108
1146
8903
1198
8983
6049
6745
319
9899
6159
681
5870
5298
4452
8024
6741
355
1263
3820
1505
1428
7552
8532
2641
9456
632
3153
64
5003
6785
4619
1163
2028
3971
9132
997
6126
4394
6107
5494
6984
1078
857
2557
4119
4803
9832
830
9547
7765
8266
3549
1012
8140
6424
5367
4605
5366
7269
3355
6185
9411
5370
9451
6875
8555
4112
596
9087
9271
5879
4464
6027
8700
7769
3283
9438
4889
3620
5571
7445
2484
1648
5792
6831
1885
5840
4900
1773
8015
8388
541
4154
793
9921
4290
8934
3155
4058
4700
1728
4061
2909
9184
4754
3290
528
4790
1599
2030
2056
7772
891
8276
7310
4532
3882
8890
8906
2000
1199
773
6661
3782
9572
2090
1981
9532
217
715
8222
8919
6745
1162
5583
8268
1934
3119
2006
7526
9554
4451
4774
7528
9495
8976
998
2723
1938
4725
9058
2496
9014
1446
7179
4998
460
7135
9811
1028
3167
2079
7245
1891
3181
5506
8989
4425
2705
4299
6822
8384
3991
5441
9171
6274
6578
3864
4462
3343
4314
5197
7455
5959
3817
8538
9206
9867
6585
7834
8265
5935
2849
1702
8010
9901
6434
596
2585
4386
6393
7125
1815
5950
2974
0
3694
7344
2623
4624
1557
5261
9120
3628
1896
6889
5742
8841
7903
4319
6341
2069
3331
4526
1648
5863
998
3998
769
7018
366
1340
6835
4908
9026
8244
76
3991
3632
9023
1219
4810
6852
1612
3027
631
8235
8394
8036
7524
8558
3525
6136
4094
9173
4493
6470
3382
139
9615
4326
3479
3525
9862
5202
5319
1173
2967
5011
5787
9411
111
7513
1808
6728
657
7522
6385
4297
8375
1125
717
3316
3401
2278
7441
7672
7754
8437
8827
5167
8688
6630
323
5625
3345
5324
4221
9634
242
6774
425
7375
7973
9152
1298
2985
9162
7669
5408
6298
8203
9193
603
405
4591
5356
315
466
9760
5084
8231
6474
4277
8601
5561
260
3935
1503
2013
4922
7862
9272
6255
3090
9098
9731
4219
8944
8260
3373
3835
7756
3904
9249
3002
5868
8969
7129
3497
3489
1303
5055
7302
2460
7682
5064
3398
1225
4959
8848
2459
9663
9031
9461
4090
7124
2157
4744
6229
8050
1823
3131
9192
907
9838
2700
7461
7787
8631
9906
745
4019
2823
5305
2141
9392
8065
9758
5251
5180
5857
6087
4036
4079
2608
7977
8857
3344
3558
28
9670
4977
7333
302
2675
625
4885
9428
9844
3015
7387
8436
1693
211
1210
790
2447
3752
4568
2847
3283
6816
9616
893
3766
3961
5854
2275
3747
9706
5504
2713
8029
9232
9246
1857
3918
836
1122
4356
7415
6403
4759
4289
7252
3143
9117
6673
7237
7096
930
929
6423
6522
2701
7709
3553
1153
9674
2262
6866
1545
6547
4665
2905
1256
4865
9648
8276
3434
5008
6523
6429
2530
2472
2744
7511
1354
6762
3012
3055
3403
2610
9545
8894
550
7483
8064
9026
6525
6361
8433
385
7366
4647
8436
3467
1029
2709
4158
6596
9694
1061
657
2222
9929
3448
2167
2134
7889
6235
1966
4686
8930
6404
8191
1236
3681
7176
3402
871
5455
9842
2503
2189
7135
2729
5713
8420
9175
3382
772
7494
4194
8047
1246
1793
7818
3302
5907
3266
9835
8309
7486
8370
4565
2565
7824
3835
4391
3265
400
8675
5808
8419
544
31
3074
6737
8262
465
561
2939
8525
2130
1228
7655
9111
8896
5326
4338
6668
930
366
1741
7513
7512
684
9420
877
2944
2520
5439
8790
7257
8411
17
8618
8179
2944
6194
1377
3265
406
8760
1372
1483
3720
5681
479
1629
3225
2036
3406
926
3283
5082
8681
899
4500
492
3764
9211
9432
4023
1684
5513
35
9925
916
6567
5844
7257
9825
907
2881
7916
1941
6126
4642
5710
8551
2517
8155
4054
702
5235
52
983
3506
3408
9916
4118
1893
8704
686
4908
8396
7747
8873
1042
386
2447
496
8271
6299
9865
2213
8038
7794
8504
933
5299
7582
1106
9354
1718
657
4918
9352
3001
89
9223
9885
5567
7172
6439
1202
6984
9760
7515
2516
6618
1875
4538
6041
7832
2356
3460
6292
689
191
7707
9908
4655
9445
9045
7887
4017
7271
5514
9107
4906
4311
7546
1257
1661
8025
2398
2923
2071
5958
3959
8435
5505
7757
9676
5325
5336
1876
8827
2766
7230
5343
6745
8180
7818
2710
7678
8375
4098
3329
4944
1034
2487
4530
811
2135
7893
1893
62
4985
7354
6840
647
6956
9892
6075
1966
695
4043
6997
6377
7656
7191
8179
2325
3074
6347
4211
8130
3220
8256
9785
3910
7682
7862
8782
5394
1727
8047
254
7434
6381
306
4744
6908
6741
5558
1166
4431
2287
6627
6571
1757
6449
9139
8600
7126
6543
5494
3121
3897
9339
7436
7650
8793
1971
6279
4472
4831
2704
6315
6123
562
1128
6131
9822
1674
2768
4609
6808
3163
8818
3239
7110
317
7709
4047
239
4573
1585
2891
7526
5929
7387
1219
2371
7059
9236
5427
576
5525
6047
1920
4069
9569
5931
7686
7859
9815
6803
726
1843
3973
874
2058
6227
4069
9176
1165
1727
6115
1154
9732
3492
225
3490
4323
723
5152
1766
7241
2336
4964
8407
6231
2721
7171
352
7917
597
977
386
6909
8321
1543
6707
2351
8593
1153
6371
6389
445
997
9586
4449
6644
7915
3470
5589
186
8902
5847
2208
8460
2431
1952
2384
9780
9713
9475
4793
8559
922
307
5719
2128
1073
522
29
4376
7798
3700
3125
8789
8539
6505
8902
6230
7850
9577
9485
839
6420
1300
6177
814
2216
6726
7404
9525
685
9071
8732
6366
5362
6581
2026
6125
2435
3267
5702
192
2786
8059
5667
2926
2910
3244
7052
1703
1690
9715
93
9734
3500
3525
9661
6627
9334
5500
6817
2827
6750
3264
2535
566
6302
2931
8248
5782
6821
5928
5238
2553
4414
4933
5058
4058
401
1760
6149
1784
1492
9169
7605
7789
1520
8039
9646
3180
7730
1126
1777
9658
6272
4698
3822
9951
875
9765
2100
7310
5895
5316
2820
3812
9958
7003
7464
2178
9203
6051
411
6041
9799
4838
7317
9170
7842
7522
3899
5010
1000
6391
8679
4098
341
7203
9955
8380
2677
9654
6834
8299
3442
2362
6498
612
7635
5249
5042
2332
1684
6071
7207
8958
2223
1962
1124
3175
8712
1350
7770
3602
5598
6368
1282
1847
6293
961
5477
105
5611
5312
3986
854
9519
2902
6252
4831
1064
2552
9307
3376
9160
4145
5737
6508
2541
3347
1516
8620
4660
7646
3506
9590
6552
3273
5327
235
3744
170
2040
7588
222
72
8620
7223
7106
975
4544
7032
6235
9802
7005
9241
9173
3888
8213
5224
274
1098
8066
724
8404
7813
2050
7452
5675
3818
5656
732
3107
3214
840
1829
2533
866
7071
7940
1255
4611
9377
2410
964
4494
8478
2687
5267
1617
3543
3775
781
845
6430
492
5244
3577
7351
2711
2281
9060
5830
3954
6624
5326
7543
5181
5385
3706
7188
2454
741
4120
9850
9237
6863
1838
8537
1567
9260
271
3513
7035
7847
8473
9840
6601
5967
6531
3174
1626
6392
6761
250
7178
1886
3752
9722
6681
2276
1656
1082
2265
2215
2885
4215
9810
3796
8361
9829
7583
6026
5825
1466
2654
8767
9349
3095
9785
2247
172
2400
3395
4459
6238
8777
4349
7864
5424
6786
9864
3697
5317
366
6563
6848
654
436
3900
6849
8008
8706
7549
762
6205
3483
134
1935
52
9058
9720
4544
4446
8837
4848
7566
5717
3846
8590
3429
7119
2412
3090
5968
5804
3903
355
9488
9329
9243
4699
5789
748
3593
7150
8769
2707
2071
2400
6935
2599
7651
4406
2506
2785
1526
7648
2151
2186
92
7212
8381
8129
9478
2367
2581
222
8046
5107
309
1259
9688
7264
7024
3676
5863
7202
7728
3910
2336
9872
7124
1179
7347
2056
7868
1651
1546
7987
3213
3749
6465
9224
6972
5424
7491
6669
8034
9644
9385
1875
8956
29
7205
9469
8073
4620
3198
2408
2470
2094
672
7035
4727
1374
9164
5478
9851
2575
1323
8780
30
4479
848
5342
3934
1323
2525
5763
4171
9597
9991
6940
1202
3752
4164
5449
4524
8239
5464
2624
2256
2154
5936
1516
8415
1892
3160
8961
3066
6700
6436
4368
4364
1775
7180
500
3001
3654
9644
526
9017
3030
5159
9943
8098
859
2927
1547
9497
4631
3077
6615
553
3020
3137
5651
3402
8798
7428
7657
7914
1820
9922
7712
1185
6209
5074
8858
7939
8423
7843
5774
8120
5800
3652
4521
7617
8394
1409
4765
5608
433
7874
8314
7306
1568
9611
563
4028
2235
9589
9472
3482
1922
9083
89
1873
3886
1934
1313
6067
4982
7473
5578
8384
4648
446
1442
8811
2799
1128
3706
9434
2429
6482
5584
3713
9038
3706
2728
8850
5661
786
9442
2948
9229
4796
3291
9938
1293
7575
5509
4284
3691
174
1088
4413
7677
1977
4236
8460
3208
7769
2027
8471
3648
6186
1478
9506
9953
5963
3054
8224
7569
2179
6626
1480
8735
3315
4323
9230
2653
1344
8347
7595
6087
1308
860
7342
7332
3877
7334
219
7241
4233
4380
600
1974
3299
7997
2720
3530
2799
8445
4400
5725
3938
3487
6635
5254
580
2601
4653
9784
1737
993
136
7547
4890
3670
6181
5878
1226
6701
6273
9288
6200
4865
6052
1242
4029
2349
1973
7600
2686
5883
4107
3886
6739
7774
1262
2955
9025
9644
5378
4443
8520
6388
8699
2457
1021
3843
1648
3375
1295
2971
1484
1308
182
7974
1865
4848
7854
5712
1238
5020
4833
8992
3639
1039
5755
6914
8900
7406
6880
1278
553
3188
7346
9262
8757
1879
5817
9074
2511
8164
8784
7080
44
6113
4083
2039
8851
1849
3383
4492
7120
2595
372
7114
6445
3121
7153
4890
1680
113
9983
2328
7520
4728
6875
8636
2993
3711
3840
745
4424
9839
3575
8405
4623
3163
251
5180
1060
5568
6733
4082
8631
2487
6032
6882
3217
7252
7088
1628
724
5562
6084
3820
2526
9775
