2255
238
894
1304
9951
6430
9650
2443
818
4134
4198
286
9054
1381
333
5315
3840
3077
207
689
5251
5880
5923
8277
4553
4673
6634
6940
8857
8920
9506
1272
5305
4618
206
2855
7908
300
1710
213
954
3601
1192
8130
6535
8277
3493
1771
112
237
6255
6117
7302
5148
6185
6650
7101
9470
8115
2918
1605
1432
8517
2642
9957
8326
2995
357
4745
1818
2850
1258
2339
3465
9327
7836
4774
8538
5352
4213
9708
7420
3695
644
6700
329
7329
8560
2598
2952
2491
4745
6182
7658
7447
1762
2369
7428
263
578
9286
7356
7075
490
7256
1639
8227
923
7426
2350
3466
9434
9092
9968
8923
360
9080
4624
8002
8925
3543
1332
5494
6367
2384
2110
9249
2639
9216
2798
6555
4592
5208
2645
3015
9199
3481
297
141
3338
1817
664
4176
3929
5362
3351
2700
4803
7714
4813
7464
9589
8363
3218
1615
3115
6769
7108
6958
7344
8551
6376
2228
1696
7234
6846
6511
1780
5778
7763
2842
4993
5749
4902
5827
6244
8371
673
3675
2130
942
6584
9413
7305
4160
2745
8260
2494
710
3720
8154
9613
3178
9933
8233
5822
9805
9129
5709
4963
9896
2893
5028
1809
6808
9144
4474
1835
5342
2683
4417
6780
2105
2353
8334
4212
1954
5212
2395
7473
957
5216
1925
956
6522
6326
3385
4459
8270
7738
8640
9540
9062
1961
4226
254
4169
4835
2102
416
7991
286
9933
9644
1977
1586
8331
813
4425
5216
9703
2280
2688
3013
8328
9258
993
3257
4142
64
2560
1567
3314
4597
2974
8046
7185
4385
2905
7976
7334
5817
2144
9548
8699
726
3694
3624
4466
1456
6162
7286
6229
689
5070
5120
356
9881
8864
9537
6877
3980
3376
4230
307
4235
9295
2912
2782
5392
791
8821
8645
8334
9858
9215
6182
4311
190
2999
6597
2308
6403
9018
2531
6812
9315
7090
8395
9270
5630
3844
2658
2853
866
638
7844
6808
7649
1395
7422
3633
7612
4081
76
9586
4038
711
867
6634
4124
7264
5718
1837
4279
6710
335
8392
9233
5461
7192
1054
5886
5982
4520
7545
5810
6064
9393
6645
6112
8289
2936
3182
6971
1613
9445
9865
5559
659
2783
6039
316
7310
2791
3792
6562
3499
1679
2591
4295
3709
5317
4653
1691
641
7240
4553
3299
7723
3750
8281
211
7731
6983
8863
592
7622
9063
7992
2880
5882
4525
5655
675
190
93
2675
7906
9991
566
4284
5182
694
7122
6377
3436
3656
9615
9924
8918
8837
7627
3183
4413
5083
5950
5797
5132
6357
8942
3670
4169
917
4785
8552
1633
4441
5044
1726
3591
7400
7118
6847
1850
1604
7210
3033
3219
769
9235
5671
7429
5212
741
8983
6123
1318
353
1441
1481
2309
2513
2335
1920
8027
4372
5413
4075
7907
6553
3401
4769
3181
4221
5450
4078
1406
7393
8030
709
8888
9761
8688
3948
4311
3401
1202
2175
9905
2736
126
6574
4908
4836
2516
69
9703
4740
4698
5771
8059
3851
2346
6207
9165
6677
2849
4532
790
6157
9975
1517
9845
696
2168
7633
6821
6594
7483
7830
6196
8073
103
7695
5717
3314
5680
3620
3683
9012
5311
6309
4822
7830
878
6530
2192
2855
7674
4318
4622
625
3785
8064
6657
9666
9517
7861
731
4577
4314
8266
9306
6667
3080
9287
8137
905
8591
755
455
5508
1766
4527
5890
4883
6966
968
7251
8843
5222
1038
2883
1018
4287
2954
2287
7191
772
2910
7900
9961
6261
2574
6502
9551
6265
2252
9596
1836
8165
7462
3270
3769
1851
8441
4556
3237
4706
6599
3107
5096
747
9348
4122
7621
2319
4837
902
3961
1516
1143
3134
1304
7696
253
86
6390
6908
5764
6251
9814
8816
4650
651
3080
6797
7679
29
1799
7300
90
443
5587
5253
4018
1404
242
3340
6783
1633
616
4293
4688
5751
3191
7022
202
6778
5878
9339
1573
183
8740
2318
7766
1402
3499
3941
8414
259
1484
2537
7947
2492
9456
3784
5479
753
180
8525
7149
4835
13
2525
5620
3661
8830
3407
2218
9606
8639
4511
812
9097
5924
154
8919
2120
9381
1895
793
7256
9062
769
9254
8170
5164
6211
7892
2102
4683
8377
2950
848
2009
6929
4642
9934
5135
6007
985
2284
2633
2040
3303
8516
7795
8369
1496
7202
5403
8210
8872
4918
3488
5391
919
7712
7140
532
9693
2739
3913
8823
5723
1253
734
4432
2268
1872
314
5699
2571
6102
1047
4749
9366
6480
8114
4927
7280
1355
5089
9541
3044
9346
4747
5817
5421
808
4934
8653
6660
3256
410
9825
9905
2638
4364
9587
2503
2584
3960
9307
3424
9310
2704
5705
4122
745
8688
9560
6075
4610
1837
4318
4971
1674
5185
2962
1048
7238
4864
4687
7461
5995
1051
6477
3694
2852
7399
8488
9027
5056
9637
6330
1861
8999
4958
7761
4302
8476
2583
6125
7818
9825
2444
7905
5019
3383
3355
7218
4646
3
4171
5740
1717
5995
1518
2612
2422
9768
5437
5189
3873
8724
9965
8173
2067
5491
9097
5600
7554
8448
9836
7457
7202
2701
3130
272
2186
4131
346
8935
6863
965
7665
5205
553
4440
3258
6904
4423
2539
2452
616
8613
8546
4215
9874
587
9219
8241
271
4248
5741
5669
2721
795
4288
8063
6158
6537
2069
8628
1396
9888
8976
6878
8549
9660
4606
2946
1472
9402
5363
566
3987
8036
6574
8390
4332
5321
117
7745
6235
1783
8939
1202
7267
6658
5995
388
7738
4131
6670
3385
6298
7704
520
1712
1610
4850
309
4447
2986
9306
3741
2326
6724
6330
6028
7815
9037
7015
9499
8100
904
1396
9825
6662
4983
6464
7102
5749
9787
4457
4044
6357
1731
8823
2840
4594
1384
109
6851
3282
6265
1692
3234
5478
8874
5769
7865
2228
5297
3261
4447
328
6678
7465
5582
7102
3148
119
4768
8316
7349
365
4764
2175
2654
1537
9579
7121
9315
8158
4467
3589
386
5594
725
247
8021
7885
9857
3364
9968
4986
4697
3889
5496
9317
3485
611
9785
2881
6540
9308
5903
494
4188
7199
3875
1658
8910
9213
7091
3509
4274
7584
7284
9895
8179
9106
701
7158
8155
5042
9681
5448
2020
7077
5865
5537
8104
9025
3518
4976
5366
8022
4025
4208
5284
857
5532
2764
4174
765
4928
8021
6717
7526
2858
4196
8903
9056
6324
7194
1368
5760
7571
1731
2111
9924
2410
771
998
1142
5922
3719
7101
5356
8558
9027
3945
9485
1065
8941
7015
5793
2367
8954
2517
183
571
2184
6303
6398
3583
9409
7134
3772
2507
8736
8970
9595
7911
5036
2910
8435
6375
8137
519
9836
2277
555
6819
2659
7701
32
3012
9089
1565
9530
6117
3787
7558
7500
5148
4012
9376
4205
1189
4688
819
5681
1788
8294
7846
5522
8470
3267
9419
6080
9822
6138
4054
4917
1625
2037
9431
9376
9814
5369
3079
1989
1632
7504
3227
2111
5327
1130
217
4659
8943
1552
525
5089
4334
3662
7429
905
3389
9596
4603
3847
9650
6119
1527
3684
9982
2699
2485
4054
7780
922
4165
3141
1292
3394
362
7178
8108
5612
6155
2699
9551
7434
8063
4285
6836
1676
1153
8148
4155
6198
8847
8303
2591
2335
6260
1314
2724
6978
3315
7634
3105
7765
9567
2429
6394
873
8728
6425
4900
8721
7190
7790
2486
518
7518
9389
370
2052
4833
1810
233
2373
1287
1498
9191
4075
1416
5073
7729
806
9070
5413
3464
288
4803
2482
746
3680
1172
2006
8513
2399
2187
8112
6607
1690
2350
1814
3740
6145
144
5853
8761
6161
634
7785
461
5880
1918
7474
233
2545
577
2165
6140
4409
1964
2172
6613
9334
2232
2879
6916
9042
295
4242
1737
4625
9623
7254
2866
7346
1662
7950
1746
5052
5024
3441
2893
8568
7118
1207
5664
4328
7819
2381
8660
9220
7999
2170
3170
1101
9232
5670
9495
3776
4860
5340
2734
8375
6732
7183
2669
3987
6406
6285
5765
9204
4377
8786
5961
2766
5961
6569
4951
5899
7913
3014
1933
1142
5508
3005
7444
2456
5896
8046
5819
9231
9843
7825
6060
2457
634
2846
1454
4739
5881
8870
4158
7151
5241
2800
2140
4929
4653
1397
2358
946
5588
8725
5882
571
6033
5619
7763
4045
8441
4582
6894
2819
8734
6559
8857
4441
9576
1756
7795
6513
614
5342
1728
4016
8155
245
9408
5867
6824
3500
5798
5943
6164
9628
7580
1032
5849
4423
9704
3149
4189
5131
8925
6506
5972
8530
516
40
7322
6685
9921
4860
7201
1275
1937
2228
7498
1283
6261
1771
6197
5588
9659
1486
1032
1528
1882
828
4256
2856
4539
5647
2664
5693
9574
9089
857
9031
6753
5692
9883
7161
7599
6871
7842
4986
6603
4732
3843
3593
9220
7739
1754
2709
126
6130
5631
8673
4564
7189
4368
1439
182
478
9200
1783
6724
973
3966
343
6178
3654
4744
3461
6521
6578
2389
6840
8100
701
8810
6994
2842
3802
5399
2174
3003
2731
9924
8992
7956
2924
6405
8334
4638
6603
1043
4302
9734
1444
6073
2918
9368
9589
2595
3105
5188
2856
2879
1059
4051
3752
2421
562
2229
3444
2128
5994
4035
7278
1383
1845
9073
5572
3485
2397
1950
2471
5954
7905
3202
8445
9561
9058
442
2648
1557
9849
4293
9820
581
25
4529
2654
2953
2249
8039
4636
2689
5809
1730
235
461
8259
258
9050
9913
8741
644
7979
3314
1871
3222
853
2339
9098
1128
8067
3912
5181
8608
9727
5536
1091
1751
4549
9290
1002
3994
3353
8758
318
2682
379
8576
3681
2309
7807
1974
6784
4680
8937
7725
3472
6146
3250
4260
88
7341
2248
5329
2317
1366
8379
8595
5885
2279
654
5779
1384
6891
9607
593
5218
9393
1135
8583
3216
118
3470
1222
814
6894
4026
5116
3840
9845
3205
6034
6973
8251
349
6597
2688
1150
3016
5963
2117
1714
4484
9582
691
9112
5966
7210
5624
594
9417
7760
9375
802
3997
274
3041
4952
4271
1346
6339
7464
1044
647
6279
7857
6373
7851
4943
1275
2727
6240
7886
1895
2560
530
8571
3631
8582
9044
1013
4071
6962
3280
2315
4345
5327
1097
9154
9790
4992
3305
7433
3685
2128
7275
2286
9060
5754
5300
6436
1673
1342
9961
8486
595
7620
3475
9146
1530
718
3115
2646
1983
4174
195
2587
6723
5533
5802
6380
6569
274
2522
56
3489
1626
7699
5720
233
447
454
7225
3276
2833
1635
5713
3721
4337
3146
5628
2001
8771
697
3504
8685
6455
1909
6378
5547
1465
9936
4036
8113
9931
1265
9477
3409
1794
5225
4928
4296
6513
1858
6563
4905
9220
4291
9672
7
7528
1502
7439
4861
797
7479
721
1055
3049
3161
3256
8193
7909
8268
6591
867
8964
1145
1678
5298
1746
6095
9561
286
4210
9315
1894
2652
967
6515
3085
8216
2870
7583
9833
5560
7540
6237
512
1307
8374
5502
6415
2441
9233
3085
9220
3336
9524
4221
4211
2581
9736
3409
6756
7431
579
617
346
1765
9882
1992
8093
6831
108
9868
6009
2692
5952
1996
5606
2324
5865
5272
5417
9603
3535
4982
5860
7033
5382
6603
9579
9022
7924
3534
9818
1720
4532
774
2726
1033
4520
1547
5568
6261
8774
1122
1736
8003
5225
9698
5179
5473
4310
4082
1436
165
9301
6150
9768
9933
8883
4554
1098
9977
9660
5026
9401
4977
4442
3741
13
9670
8080
7687
6917
3530
6395
5758
2470
8901
5310
4365
7284
928
6686
1789
5005
1917
4547
6171
6576
2411
414
3095
1267
6159
9255
43
7190
6435
8226
6647
2355
6703
8810
1642
8389
9478
9208
9682
2973
3468
7946
3769
3784
495
1500
1976
6259
591
8475
307
9852
5696
366
7109
2640
9894
4257
8261
2083
6805
5940
6523
559
2850
2903
2904
7879
8460
5374
2652
9430
7966
185
3595
7782
2934
6626
9930
7676
2993
5621
291
9149
2817
3597
4943
1191
3885
227
3291
8872
4847
4859
9533
87
4914
9901
1268
4241
539
687
3131
4074
6850
415
5110
3553
1778
5640
3123
9328
2638
2505
7618
569
2047
6393
4512
2188
2468
8015
1596
9425
6450
7071
2699
7552
2659
591
1378
9089
6186
6793
5638
2299
5277
6890
5326
8978
5657
6663
4185
6616
7888
6784
9337
9816
2854
5934
1903
8558
5371
3533
3903
6366
6193
9563
8133
9709
8201
7410
9760
1106
3477
1895
604
2282
4116
8751
9666
472
1124
3694
6391
522
2584
8899
6341
7753
4345
2253
2479
1758
3979
32
9125
9260
1428
6808
9762
4952
7888
7343
4372
2850
7790
3974
6724
7102
7454
9554
7132
419
7971
452
1628
350
9179
6229
4158
8460
6219
2705
4481
5144
89
2879
771
3292
8846
5852
2559
7305
6690
7324
6637
60
4002
6496
5810
9359
2613
3294
7973
7101
7055
6709
887
8970
4377
9737
6243
9788
2207
8921
5131
9839
7171
6829
5866
450
3549
3907
4271
2920
5078
2135
5987
3465
1187
6627
147
8294
2653
2930
3844
7131
618
7136
7229
561
7266
3126
9768
6419
6023
6281
9239
3105
4129
5802
6365
3205
628
8432
9647
9067
8414
4808
6908
3088
9812
5948
2344
9405
1385
1413
479
385
5114
2629
1272
860
9951
4483
3914
5420
9812
5868
304
9208
1559
5161
3072
695
9228
9725
7168
5632
8831
9526
8473
5054
1435
3662
7691
6570
880
5209
2853
7431
6526
4160
9165
9900
692
434
661
4299
5096
8937
4116
2792
510
6481
2051
7403
9124
6011
8272
9107
9624
7022
6391
896
904
2315
9007
6664
1482
324
2850
9466
8190
9104
3070
7257
9536
2794
8079
1567
6220
3874
4864
4744
3744
4831
3545
4344
9795
1029
9086
9089
2127
2478
7542
9363
1051
6001
3998
6679
4309
833
9428
741
1117
83
4136
9794
6453
7715
6120
9788
6303
5662
3735
564
9494
8547
3394
2742
1992
4117
4653
7269
5103
5928
7022
724
9890
1081
5108
3341
6274
9899
1285
3498
6818
6303
7983
1908
1970
7339
4908
1138
5682
7841
19
1236
7726
1504
6948
212
1813
2807
5663
8932
6628
5160
7682
3579
317
9391
1876
5234
7586
3306
2027
5399
2622
7390
2676
8267
308
3946
5531
5464
2859
6973
4714
6596
8897
7897
5482
9446
7275
7906
7677
6945
8476
1110
2169
4159
2305
3959
5786
7414
1765
5479
7830
9457
9501
9730
9204
9061
5014
6606
3331
838
7951
9605
6629
1201
5215
9513
5116
9388
7386
1087
2858
8256
3001
5770
7469
8141
7602
7216
7619
8529
8148
8011
7610
6471
2392
5306
4462
7744
7097
330
3696
6615
8636
1729
986
2697
4400
5508
8229
8923
3717
4977
4201
2884
2525
2580
1944
4947
6925
1708
7314
443
6902
688
5687
9954
3018
3034
6727
1277
5661
7717
350
8986
8598
749
523
2692
5943
4680
7373
3052
4474
5742
2257
5416
1221
9338
4877
4554
9664
3310
6314
347
6533
5015
6951
3566
5212
2605
3634
2871
1046
3109
6146
9042
8479
9941
9102
119
9866
248
1693
1576
1072
8181
4369
9003
9499
3592
8512
6803
6073
6940
2421
5387
3892
242
4530
1048
2737
820
2661
7236
453
9239
6353
3324
9321
5415
7807
7111
7980
7123
5839
281
7204
3307
6392
1849
889
546
2594
3200
1971
4769
7153
9775
6691
1888
9951
8648
9612
427
4100
8320
6088
6380
4452
6882
8518
5584
3551
7369
7647
1688
1385
4615
418
8439
6927
6207
1429
3457
1411
1228
5937
6937
5595
4414
8508
2767
5813
59
2930
1463
6542
9558
5790
3998
423
8832
8260
3118
178
7027
8041
4070
745
5870
6184
9789
4048
9876
1545
6537
3333
1151
9009
4764
8751
9015
6300
6513
948
3845
8182
5088
4852
6610
6169
4902
1537
412
6481
9413
2068
8025
8902
2916
3586
9868
4470
7550
4530
192
439
353
2858
5320
6880
6463
8402
6716
409
3606
8088
3379
7080
9924
648
2610
8241
1892
5651
5539
307
1554
239
3979
1804
2671
5746
8137
8813
3483
5579
523
2975
9728
5145
9981
4596
5354
4453
1199
7076
9897
4033
9267
7880
893
5280
5910
5563
6912
6993
3866
2004
1773
950
8547
3906
3349
653
1597
7891
1005
9058
9264
9060
4139
3064
9583
3753
575
4794
6316
3448
7634
2315
4286
8200
555
5307
321
4864
2701
4455
6336
7422
9418
6808
6298
4219
2812
3235
6739
9596
7780
8219
1329
5530
621
6729
3580
2194
297
7649
8199
5087
8986
8363
813
349
2947
479
7860
9185
6938
2386
3244
6947
5412
366
6086
2361
1544
6339
4309
7606
801
6929
2150
539
9165
5547
5744
6207
7436
6428
9886
5984
2071
7172
757
9142
9918
4213
3992
3509
8901
3881
4788
8944
9215
232
6913
9822
9926
9649
486
457
3983
1397
4162
435
619
2749
5966
5222
7865
7086
8439
1064
9478
3468
7988
2228
9971
6570
5378
2901
8609
6575
4130
5705
8292
9669
6302
3715
8013
1099
567
3114
8250
4408
5808
9155
7088
2443
4565
9007
1127
7970
4559
1198
9295
4372
3276
2909
9595
9736
113
3138
8477
927
2948
1899
70
7700
1166
3046
7806
790
5148
1047
4119
2046
3026
102
4836
9143
9095
7367
3651
2180
4710
713
8633
4569
1713
5463
7110
6002
476
3845
7467
1021
9498
5518
6405
2711
1174
7467
8032
7406
8805
6799
6794
2924
3245
532
9683
9819
3652
2341
4460
2415
5737
7402
9652
3972
2653
2968
9000
8239
8171
4132
7735
7849
9168
1321
543
8555
4624
8537
1417
7131
1274
9062
3749
9916
1880
8442
4909
8435
678
2899
3389
8331
1983
5031
8086
7889
2139
7621
8751
2876
2070
726
3784
5103
7531
6788
6582
3154
6811
3484
4460
5064
1138
4246
4818
4379
1323
1948
1654
2988
5271
2138
1793
6393
4910
8353
4269
9688
7833
3564
8191
5384
8462
8608
4114
7472
5910
559
1440
9605
893
1462
9710
9133
2001
553
4783
2888
2444
1178
1814
5051
1989
6982
5762
2231
5217
615
6660
5964
6456
2204
1329
8247
3793
4145
5371
1426
9427
3388
9309
9781
1266
2312
543
6516
1176
4549
8460
6462
8576
2649
3449
1816
4159
376
1836
5489
7462
3567
7869
4205
3708
33
687
1449
9910
728
8999
8510
7564
1588
8627
438
9428
7823
8433
2554
865
237
8292
2288
2016
6159
8674
630
5681
5986
5215
7181
7177
9975
3180
2957
6710
8956
6145
5444
1808
6905
390
1135
7217
2977
1534
1814
2350
5490
2732
2164
1837
628
4428
7960
3019
4164
4069
6041
5337
5395
472
9546
489
8629
1581
4492
8930
9110
6274
6640
7872
7016
534
870
8254
5327
5841
8735
3347
4773
2943
3762
9617
1813
7320
8196
1286
3671
3574
9334
3597
7800
4767
8401
6241
1850
9283
9970
7615
4183
2176
5377
2622
4325
169
9231
1573
7311
9487
4219
5442
5859
3496
5674
3159
9537
2805
4074
9965
614
3887
579
1923
2211
3561
7989
607
5505
5753
7112
3725
9245
3822
6403
1955
6663
6433
972
9656
1948
7504
5578
7243
922
1022
5052
6035
8271
9697
4759
2142
6748
2372
3164
4581
2146
8826
8342
4217
1513
2233
358
4362
1061
8888
1854
894
4552
2012
9878
9625
2554
1484
3023
1303
7880
4130
9292
111
2782
9870
1728
9835
9025
7452
842
2942
2829
9759
5126
1769
2858
2768
3538
7703
918
4095
6735
3827
1847
6793
7054
8805
1187
1535
767
4997
6656
5683
9951
1734
2208
852
5505
5488
1487
1515
7270
2294
889
5998
2001
4154
1093
7730
5037
433
9946
9048
6892
7253
8870
2013
1719
2771
9594
748
627
3887
7940
7572
9159
408
6628
905
4884
5968
9644
6309
8048
1142
6554
3328
5469
3072
6358
9848
5462
7674
6944
2568
9499
5028
8043
6909
4492
5912
2661
2160
8131
7591
4445
7992
8537
9980
6136
6622
8657
9055
7361
847
5265
3023
8351
1903
2232
8154
9880
2726
7803
5417
8695
1536
6028
6107
2021
7870
3188
4486
4355
8216
1116
8155
4670
1214
616
2320
2413
3008
9850
2438
6245
1805
4534
804
302
6948
9042
6576
8993
1876
107
5456
2793
2231
7734
4788
4332
83
1106
2176
6177
2730
839
919
9157
9869
2748
3503
2800
6071
2441
5212
7528
6424
4538
3496
1623
1984
5057
5184
4641
8236
639
2818
2968
4162
3632
3456
2508
1692
7822
8144
8105
5352
5574
7887
9254
9713
3526
2490
6865
7909
599
1865
6450
7909
9067
5556
8918
4531
6694
5110
1388
4203
5546
5692
6900
6411
972
7831
3719
438
2478
7593
2045
8527
6717
3599
8372
6911
1696
2310
5485
4296
403
8781
9147
3328
1563
8694
878
4324
4982
8892
9931
2151
9029
7867
6549
6470
8222
4706
2913
2818
9573
4820
7775
6961
7392
3495
5744
7806
7578
3741
2408
4776
4077
3226
2033
4016
2159
6183
5481
4030
5415
91
2107
5462
6005
3659
974
1578
544
2196
3444
5730
7259
8773
1393
9582
3554
4788
2691
1198
6978
1494
8332
5244
6717
4848
3688
8473
7218
9662
9683
2453
306
5413
8406
2048
7273
5342
1655
2559
7774
2479
210
626
8123
1109
6266
4002
7588
9834
1372
3119
7606
2891
7477
3037
5518
9669
9239
7767
1377
8444
1623
256
3643
9329
7977
379
7183
3082
316
160
4898
7043
5289
162
2487
6750
6475
3483
4420
1995
6052
4107
7990
9051
6651
4521
1502
6576
7248
3428
2089
1324
5312
8166
8437
1189
1138
8007
3798
7369
9247
3889
5033
4428
6073
7347
4192
6937
2765
6398
113
4015
6859
8984
8896
8567
6832
5182
3752
6323
9093
7856
6658
881
7838
7690
6581
4847
4390
2590
1561
3947
4128
3355
4907
470
5901
7195
8896
4794
988
8193
2975
8887
6041
9128
7240
3690
7231
2208
6133
3017
858
7218
1789
291
9057
4330
1200
775
7923
5421
6466
1245
9347
2101
2832
1048
7194
875
4856
3373
3055
5851
7164
3221
6732
7249
2505
9012
1870
9583
6525
8117
7712
6847
5621
2630
3795
3292
1506
688
5625
7448
3717
312
5826
3945
9186
7323
7093
2360
6228
6225
381
4855
8785
3112
4205
4669
5657
2646
8653
5671
8550
6924
800
9146
2271
2680
6543
7701
153
4657
7596
7806
7896
7245
1344
1819
9395
3488
5590
7581
8853
442
9831
8652
4501
2512
9635
1090
565
9906
936
3304
5803
7583
6621
3983
8876
1238
8653
9315
3087
731
5153
4838
5633
8121
3354
9105
9403
7008
6165
6073
8550
2225
2170
613
2631
4100
6362
6876
7909
9492
1603
2374
8577
2566
8919
1599
5134
1921
8039
1735
1900
7058
8344
9620
767
6434
4313
3472
3658
1367
8920
5128
1904
4935
3009
8498
6756
2647
8642
7824
1604
2170
9636
4913
3093
2677
3062
8000
5342
474
1369
6121
8689
6501
5953
1989
2016
3017
9496
3219
5588
1307
6213
6445
9560
9651
6250
1417
1823
886
2917
2441
7710
1953
9187
2691
3229
3537
2933
2864
2941
6573
8769
9400
3401
3759
8016
9068
3137
8482
7324
6104
578
580
795
5279
2015
8226
38
9297
2746
7886
1567
1722
5853
9784
1150
7296
4748
4586
309
9939
7555
8138
1014
4987
3694
4984
824
6289
5602
8150
2186
690
1451
2186
6442
2095
7906
8845
5206
4841
5512
9915
9174
1419
3136
9716
7238
2723
2026
572
6749
9941
4532
8134
9229
5989
7285
9904
4439
921
3752
9478
9756
181
6444
1119
1093
6714
4800
4082
6219
7990
784
3812
1280
6822
560
7597
6546
465
7284
5545
7978
5959
6984
3880
7085
923
6808
6437
2699
8093
2474
1997
4823
8756
9690
9611
2479
4964
2492
1452
4626
2890
4
2857
5647
33
1936
2247
4633
7101
2309
9356
772
1352
331
8855
5495
1930
7164
7815
5729
9323
7360
9737
1608
412
4193
4877
6267
7836
8787
6475
5007
7353
3996
5139
6016
9741
5304
9141
5088
4380
2690
6645
2342
150
9340
7006
9814
5484
5376
2201
4953
3540
7374
6166
6585
299
7307
9358
6684
3126
7797
8225
3417
4820
4071
4423
8371
3495
6846
6596
3604
1810
4545
8340
2220
9955
7665
9552
9536
5606
2943
4807
601
609
22
1617
3810
8556
8718
3467
9662
9592
731
7395
8334
8820
5629
3523
9691
2484
7305
4443
4553
1749
3745
5647
6643
7343
9890
4293
488
9578
693
2516
1721
7360
9012
3218
2737
6656
918
829
8464
3601
9184
6844
4110
9942
4263
169
9219
8811
900
5217
52
6991
7648
6550
5436
5760
6071
7418
9530
6157
6136
997
8686
6111
4427
7329
8543
6235
2186
6029
1825
8280
929
4663
6915
5288
4365
5378
2213
5265
6739
7835
1542
853
9324
4797
1401
5926
8773
7805
1753
6284
3319
4329
8206
5694
5383
4470
4948
438
2066
4858
4584
5167
8210
9725
3182
442
224
4319
6211
7600
2741
3778
3855
9762
4285
1402
2198
8736
2614
3836
173
6300
5176
7117
839
4978
5202
6753
9540
7749
9346
7050
819
8361
8530
9744
561
3931
9635
9686
9792
9309
2047
5772
1792
8348
9714
8635
4732
656
6305
2699
7932
3660
8387
9112
996
8900
9075
7814
1599
8336
2535
1532
9483
1173
7944
1833
1360
4189
9999
7568
3829
8901
1939
8971
9187
7025
6192
6516
2037
1627
7193
2194
2993
5141
728
2329
9455
6982
4227
5246
2411
2885
2843
4167
2535
5275
6850
5558
8495
9016
6928
5813
5257
9673
5253
4639
489
2084
1928
1810
2658
5466
8300
5042
5337
7559
922
669
8371
4367
2585
5527
8100
3938
9660
7997
5581
2352
8278
8497
3938
7547
5350
4902
3326
1990
4297
6328
4825
8279
9486
9523
2542
2763
7861
5692
6661
983
1000
2035
8781
5334
5944
1457
4944
9733
8532
5987
1004
8250
8683
4293
9661
4711
3109
1315
8366
8055
7269
8566
2579
3915
5015
6891
9418
6285
1374
9623
2578
4441
1147
2953
621
9331
3632
2083
7199
539
1642
6272
3598
9631
1235
3217
1088
8192
7071
3404
3042
9189
7168
8031
4463
8437
9976
9881
9682
8874
6131
5158
7307
4142
7060
5691
5227
9495
2674
5139
7425
7496
787
9897
8707
3119
1612
5217
3038
7899
1725
9758
6118
5605
3216
7241
3085
2513
5373
2180
7782
3848
8265
7765
879
4183
9799
7876
353
3683
465
1968
9299
3953
2859
1064
2859
6950
6287
5482
8175
7921
292
74
8714
8682
4766
727
7028
631
8477
6691
8107
7901
2290
6863
8828
9761
8142
4617
7677
7991
9926
4963
2948
9305
7818
9876
6895
5126
3325
2493
7953
994
8323
8525
3067
5741
7729
3721
7414
6179
2061
9525
9365
6505
3141
5134
4391
2892
3440
3121
2810
2784
7180
7490
2764
5329
9178
7578
1613
4064
5666
8582
6066
5464
9803
9632
3790
7323
3478
3336
6986
9034
6122
6501
1472
1809
715
326
3204
618
6966
9814
7807
1220
1710
6327
7729
5027
6980
4307
5894
1745
6924
2989
4392
4747
5757
6630
1634
6959
274
2246
1671
5655
2113
2132
4936
3039
6914
9560
500
5722
9773
9958
6178
276
9030
6592
4236
3959
3271
9330
7343
9365
9674
7417
1444
9298
5355
2340
9743
3452
7176
4870
4661
1663
9673
1126
2741
9400
5182
6135
808
9941
5044
9772
393
4272
5850
9173
1415
4083
85
3792
5420
5488
6242
4090
3314
1065
9508
2534
2418
5646
460
6051
2975
6938
5851
2376
4732
5474
2552
8840
145
9680
2949
1052
1899
897
7740
665
8948
92
9921
5959
7078
2691
1999
6310
7121
460
6981
1808
6377
9707
2532
2240
6543
3198
6838
5457
4503
9123
4180
3754
720
4222
7995
8286
3624
9735
9298
5796
7399
8256
8719
8962
4893
6721
1149
1513
6961
5817
2989
1951
4512
8893
3349
5176
9767
4093
2195
9618
8774
1889
392
8557
8127
6443
8883
8277
4989
3290
6815
2361
1033
7751
1341
1041
7705
8138
5024
6824
2350
5358
305
2810
2150
5835
4329
8070
5603
7790
1579
5275
9285
1892
6222
9336
1041
6025
858
2263
9416
511
3443
8656
3135
4507
9550
8290
3748
6472
2871
7117
9174
1653
2862
5665
5812
7308
4772
4284
2125
2064
3975
8011
7173
9233
3452
9890
3420
5168
567
532
4342
2819
6858
3405
3839
7538
2484
9900
6285
6871
5144
5570
3136
8585
1855
9094
4474
1507
772
8513
1604
1879
9424
5063
9863
3893
5158
3539
9201
6804
3406
9544
3723
2629
9428
8195
444
7785
9642
5904
1747
9250
9298
6719
5704
812
4348
7343
3329
7826
6637
468
2075
9486
3248
4319
448
6134
2745
7427
9491
5308
3380
1549
3049
4379
879
2406
241
9451
6354
7422
361
9941
8075
2020
2554
5731
4374
1196
41
9127
8803
1057
1414
7001
2784
5816
9576
9398
5492
9333
2275
9712
5453
6707
6851
8053
3459
644
5833
3841
1768
9401
9292
5849
299
7902
4523
7937
6542
1344
3508
6524
2249
1066
3906
1500
6608
5726
9835
5711
2589
6976
4603
9419
402
7706
8710
5209
9607
2672
2955
5696
9321
5866
8273
1094
4165
6323
1053
6192
2136
4253
5123
6649
9413
2342
9319
2603
6264
2858
2637
3579
7685
9819
7295
2414
2172
6883
3769
7500
2118
5841
802
2038
9723
7657
7740
6168
3033
7830
6139
2884
7724
535
2531
1434
1612
1474
4479
2564
495
7647
7602
8392
5921
3380
2134
5978
7727
5842
3742
7705
6807
22
4847
3500
6432
2678
9470
9584
3713
7112
6776
5990
6256
5815
5892
384
2952
5973
7336
8856
1970
3651
4445
5320
3476
6035
1563
9900
9406
7571
4423
3250
7676
5038
2163
8169
3634
8639
9711
2022
7262
1060
3906
3540
671
4101
6637
5353
6751
2957
3543
9263
6513
1545
7360
4720
9608
8328
886
2191
9775
1067
5697
2235
4585
596
9248
7921
6723
8301
4822
2986
2273
9322
5868
579
0
3654
8732
7818
4446
330
5523
9466
4831
5611
1901
28
1193
4774
2962
7297
8980
8448
4047
1958
3408
8718
2345
7262
5275
7220
9404
9950
665
7357
4340
8631
7971
5358
2432
8656
7019
464
4044
3128
6742
2739
4375
8169
9765
8168
5401
6810
4603
4578
7569
9944
8708
8671
266
4663
8533
3991
6935
9
5975
1997
2791
7660
4106
3585
548
420
8905
6381
2293
4488
7904
3915
3717
2447
1060
6392
267
2682
4012
9181
3476
7466
8899
4403
9713
6399
3379
2992
2907
4031
4149
9501
7426
536
7333
9568
7200
2112
4413
435
2442
3442
9044
8220
5882
7956
7057
1719
6270
2940
9218
1466
8113
5575
3913
4471
3099
2887
4817
9627
458
3307
6831
6110
635
9993
2085
7269
9081
6459
6639
5495
4728
3136
7688
9320
728
9471
517
2624
3464
9896
4228
7240
9460
3619
5364
4473
8875
7525
8949
8074
8511
8700
7159
1105
6937
8099
6904
1747
9216
9690
8883
8622
9018
54
2385
4462
1399
1854
2024
8084
446
859
4895
8533
2150
276
9219
1981
4347
8026
8455
1524
2404
2295
8051
2365
1431
8210
5544
31
3221
3811
8566
7256
8889
6601
9440
5970
6210
2953
9528
4394
4054
1351
1274
5712
4973
7074
956
3971
1000
261
572
4929
7025
1552
2997
4423
741
9442
576
4482
8063
1378
3646
7893
8192
6195
2140
5234
3034
9002
383
4463
1560
821
2478
2104
888
4416
3240
6757
2323
4593
7570
245
2452
5954
9353
9021
6464
3627
9491
8671
3319
2776
1532
7272
131
856
2483
9211
6184
2522
5893
9630
5372
851
4028
1112
9531
112
6080
8421
4126
4718
9732
4175
2082
6161
4127
8168
1117
4780
3303
5741
4937
5992
501
6051
8830
1288
5409
9412
5802
2721
8347
3964
229
5876
7706
5837
2226
396
9500
3744
7368
8998
834
8414
3268
5654
2277
9695
6585
1058
7653
9278
1496
8890
3615
4991
3412
9473
5522
3404
9737
8394
565
1074
2897
6395
3912
1196
9496
3455
8703
1639
3475
4307
6121
2396
456
4892
7495
5317
5066
9227
6411
6684
2965
3988
5137
3640
4562
3758
6328
8796
7937
3324
7934
3415
4370
4682
6514
8538
1072
5458
1740
5082
2164
2358
2786
8532
816
7957
5500
1181
2522
1623
7782
5040
1962
5734
9444
1512
3609
6437
1954
9737
9328
4182
2956
4095
4564
2999
205
2771
8400
9074
9672
3544
1765
8553
2951
9959
2377
1710
9833
931
4624
5615
2910
9480
7516
278
2448
1766
4091
3848
1384
5914
1204
929
2282
1181
9516
4312
352
1973
9655
4505
9237
7922
2043
3311
9143
782
4665
7435
143
1259
5197
5567
6976
4057
1324
7752
5507
7395
5830
8954
5182
4037
1105
9713
6256
4504
1078
5501
5356
9514
7247
3004
8019
7972
9520
5910
2271
8820
1836
4995
2981
9963
7174
7303
2810
5116
6513
7040
1846
9901
1504
6433
4724
1843
1210
8273
958
4970
9120
3073
1497
8678
7834
2907
2112
2238
5301
825
2109
847
8309
9480
5088
6507
6034
5068
6985
7157
8899
3058
5467
480
5722
267
3926
4583
5215
3837
2741
6363
6224
1376
296
9778
4830
8153
6282
488
5389
6567
271
341
6903
357
9191
5072
5758
992
8429
1210
745
6527
2572
3702
6591
3827
3470
4019
7721
3522
5276
9651
4879
3313
8362
9777
3415
9316
6643
8640
3513
7017
5692
7723
9473
3119
2288
117
7272
7051
9524
5702
7026
6251
5472
3692
9792
2466
7537
9917
6117
7239
9088
9799
7183
3551
9750
4406
8045
7121
5811
6199
6449
5267
2604
3103
41
3441
6445
4435
9392
9533
9710
9826
4182
3889
9010
2817
5151
8600
3031
4044
4967
3086
3603
5065
7036
4238
812
2787
2461
8479
579
6184
1841
9958
1016
1527
433
3824
2081
9705
2279
5999
1588
9408
1383
1230
9470
2860
5711
9302
1311
6659
2893
5255
1685
8817
4841
3214
7551
4546
2200
5006
2081
7565
8526
4117
9693
715
8412
2748
3764
9558
3376
4745
9528
5281
4285
9974
5998
8706
9306
6388
2415
5508
1962
4429
6678
3833
4699
4722
5476
9438
9604
4051
8453
189
9353
6493
1631
1313
8318
6324
8501
5124
5865
6767
765
4150
1293
4002
4517
4524
2631
9002
1796
7319
9566
682
1947
9112
4106
2627
1951
9461
1330
2220
8
2215
6505
5398
2043
9629
4196
2442
6525
3094
9608
224
9009
1964
2318
4152
4141
2446
7817
8707
9542
1794
2812
8883
2919
9177
6151
6121
1057
3481
8360
1403
6893
45
9326
5045
8828
2884
5434
7422
4593
6275
4594
7397
545
9782
40
5496
6095
3751
1498
7074
2110
8106
5405
6591
1625
5883
4214
7941
935
4344
8509
7299
9260
755
4639
4382
5556
6952
4898
5165
1769
6648
6893
4156
2838
2144
3664
7116
5126
2545
6391
5766
6554
3892
7030
4461
3738
2725
9162
5081
3648
8501
1438
441
9932
7028
9569
8435
6947
6605
9567
8802
7722
923
7094
1923
5635
7942
5183
4377
3422
1946
5361
9128
7252
6746
5242
9140
8120
1641
9047
2006
7530
8125
6161
9721
9568
4583
6866
2142
6845
8258
3667
4848
3513
8595
1261
2132
4571
3785
8135
3705
7028
2760
7998
9277
5134
8215
9847
8670
8855
2326
1304
6359
2042
5730
1057
8414
4327
2111
2728
6693
8698
5213
4303
9845
4889
2505
4373
3192
7271
9871
8865
9858
4762
4666
9687
3684
9412
292
9786
386
9796
4028
7445
7184
5122
1291
6376
2710
6039
3702
7119
8365
8540
5402
9600
9523
8069
1891
6277
9955
1952
8356
283
5708
9631
9900
3182
5270
1810
4408
2524
1319
1606
9864
261
5628
3045
1861
9253
2729
4866
3780
6600
9866
465
1632
9334
440
8041
7948
130
5672
8530
4222
8126
4511
2744
9431
2675
4985
3288
2933
5930
1095
1294
3623
3515
8163
2768
3694
1217
6056
4471
4531
9640
4164
4608
4330
8064
4139
9349
1884
3352
6459
2220
8646
9716
4684
9733
1648
372
6903
3275
3162
2666
7337
4260
9070
4142
2292
6790
6859
8197
3760
9683
5840
4449
834
7622
6785
774
3797
9385
5476
1067
8263
9643
4872
5219
7081
9666
3538
5564
5808
1394
3813
7068
3562
8838
1759
6946
4767
504
2363
3037
8924
6663
7718
9291
4891
5659
2894
1001
3372
4181
4128
2056
6318
7426
6575
1408
4767
6464
4368
6198
7279
1694
4024
4535
9584
3330
3333
1795
2298
2047
1771
503
7665
5569
5235
5315
8126
9847
7405
1474
9259
6699
2427
7202
7114
3309
8737
7919
5296
2815
1869
2951
281
9375
4840
3407
4413
5556
8334
3322
4770
4661
9320
4792
2666
5726
5952
1868
2949
4266
8663
7244
4435
7622
2197
434
2857
9744
1008
6014
5484
6594
917
5800
2253
20
3214
9359
1660
4885
3512
3118
952
1538
6544
9544
9196
3286
9854
4326
8723
6431
3850
1327
5115
8646
3060
2181
8433
3
3583
9836
8686
9775
4711
3097
6692
1320
8496
2277
7428
6786
9624
4433
6711
3180
9389
350
3638
1400
1778
4411
605
268
6735
2829
9897
8270
5492
5314
869
6780
5565
177
4567
9850
8461
3141
3247
7305
1433
5648
723
9862
5751
9371
5725
7248
7833
9763
4511
2879
6348
3014
880
1593
7913
7588
1414
86
6375
3594
1299
3294
5839
729
1386
3743
5563
8246
301
5072
5657
8445
6346
5394
6095
8589
2699
918
8008
4805
6004
5364
5406
5520
2804
6091
7552
1306
488
3574
7060
2621
9423
6893
6436
6849
762
4226
6286
1321
64
4013
1680
9507
298
9381
9291
3491
9072
5736
6816
6983
3989
8988
7942
9625
6934
9793
637
5184
2775
7389
3919
3280
474
5155
8408
6817
4956
8836
8950
4934
6156
7543
3395
4429
7679
7081
214
931
1234
4966
9048
4790
4557
6547
2526
5665
9977
2057
4711
4055
7918
5152
1404
7690
4679
4496
192
5597
6644
1293
3610
2891
3698
7330
7061
4945
3090
53
4281
402
1238
3451
7005
8724
5038
6161
2243
9432
6117
1043
124
7022
1198
3745
7602
7648
9221
1272
8483
1093
1192
5410
8235
4302
1900
24
2801
810
3528
5697
4265
3743
14
9960
2617
8790
7528
6444
2119
7500
859
1695
2774
593
7685
4097
2293
5580
2701
5380
1599
2914
1432
1517
7394
160
9148
6483
8600
4189
3796
9297
9592
7328
3079
2044
2060
4514
4914
4166
9058
5046
7367
6218
9352
4311
8883
4480
7506
7984
2106
6365
5354
3633
4935
5369
3433
2407
590
3502
6792
6540
4393
8559
8158
6768
8752
3391
2877
7453
9398
4424
4271
6173
5298
7056
5086
8894
1889
6295
578
1382
2267
2019
1427
2541
3794
9567
159
5512
8229
8044
3058
7998
1920
652
627
4107
8866
3677
3599
6200
3526
3304
8206
6732
2144
2372
3984
6865
1036
2367
9705
764
7822
9490
8227
1914
6888
7475
9021
539
3505
3966
7922
9262
1982
1754
7245
7518
1982
921
5858
3902
3710
3048
7983
9643
7068
4025
1582
5693
2047
7733
2004
537
7683
8883
4267
5768
4668
9632
7793
1719
2388
1249
739
5975
4583
9086
7138
3502
9101
6339
9013
8261
6256
9721
7325
2718
7241
8049
182
3421
8685
2937
4067
7969
1995
9363
4030
1122
6425
2668
1754
5528
2960
7726
6198
5616
2032
5459
128
1584
1877
1694
7265
4051
5886
3377
8987
8986
6682
7632
6603
6806
1901
9815
5020
9143
1598
7756
6341
1755
70
726
7370
2250
5510
3309
3306
6878
9337
6312
1033
1512
3332
9156
9277
8121
6766
722
9691
9511
7594
8595
2418
1950
1489
9794
2075
7396
9994
9660
5232
4468
4406
9372
8474
60
5117
6720
6892
1556
7112
9253
6477
2954
1062
3648
296
6913
6031
286
7556
8715
4204
7367
6707
7437
232
4674
8594
4273
7809
3041
3316
7840
3906
2011
4954
1586
6739
4719
1593
8932
6975
6099
4194
7691
2960
7707
6766
6463
9811
82
2028
2204
9099
1470
1290
9968
556
9926
4636
2969
9753
4341
7651
3495
5988
8807
3925
2990
2801
3831
8352
2659
9444
7423
4837
4320
5421
8829
3452
4918
1755
7777
6316
7086
2063
2491
8482
2495
3676
480
24
4283
4084
7079
8113
9853
788
8098
3419
5532
3283
4575
3415
145
4346
9585
6284
5451
4058
9332
3060
7539
4057
3357
2319
4795
1420
1564
1330
4853
1251
9018
9894
5056
4573
2955
8266
8397
3438
308
8563
9651
8308
8195
9817
4440
3709
4284
444
7397
6914
8702
8351
4218
980
4291
8061
6415
7865
7347
6360
6902
9532
6761
2753
9127
4966
5456
8725
2429
8841
4369
260
1529
3229
5886
1384
8618
7168
589
2565
2382
177
8450
6764
9482
4885
3200
7620
496
806
6503
8820
4152
6011
6765
1041
775
5943
5956
3032
8329
8945
6631
6372
2169
6221
520
9224
2663
9863
9487
3038
3228
6390
9464
7536
5006
4752
8021
3564
3387
7201
6675
425
5909
8575
9708
4179
668
4587
2321
6023
9318
2521
2284
5401
8966
8360
882
720
2857
2839
923
1706
562
5164
1864
1318
4621
7210
4672
1875
2046
2898
1968
9602
5898
7154
2183
4132
4312
6344
13
4695
1715
7435
9269
2673
9777
6221
8391
1028
3657
5948
3336
4671
2503
6394
7355
2295
1826
57
2223
9389
9371
6469
925
4231
5407
7871
7490
3466
2993
9486
5693
1576
3701
5426
4697
9014
9496
6959
6332
7065
2087
3248
5707
3599
6868
5970
4081
2806
9795
8291
555
3722
2021
5549
7005
6892
8917
9696
8923
5898
7232
2071
3325
596
6570
9379
3763
1938
9123
5901
1586
4009
4620
906
2094
7526
5865
3988
3976
465
3887
2631
531
5704
734
5676
1566
2609
2240
3590
5567
9361
2723
1414
2779
5455
8500
3105
1165
9325
7342
6629
8855
4290
6564
7592
8678
7167
3291
5466
2620
7776
6658
544
6660
4311
3153
1627
9337
9093
3148
4161
583
1554
8789
6039
933
492
804
3610
5015
5604
4588
3574
7392
9086
3943
7388
3301
1723
4230
3556
1593
4253
5371
9772
2266
4095
9147
1258
6402
9486
4517
3813
2002
8004
9325
151
5281
4054
6693
5875
3261
432
9618
7101
229
2316
7887
5183
7507
8183
7248
5254
3327
1044
2001
4355
7149
5116
8635
1837
675
7606
9950
9394
6018
2617
6244
595
30
4365
2536
131
2600
9882
8591
1093
5909
7132
1513
4574
1083
3136
9093
9619
8458
8042
5751
3156
7754
5375
1905
8889
4882
5691
1924
1350
2775
739
5427
6318
4712
7896
1622
1632
9892
115
6633
3048
2709
4919
9311
8266
9105
7075
1892
8479
5684
3512
8057
889
9837
5745
2439
7527
2035
4643
2415
5373
4659
4713
5170
335
5278
234
413
2932
6080
3573
1912
6657
5372
6782
9030
975
1469
1205
2845
9649
4115
6206
101
1644
3632
7401
2235
6295
3414
6772
6039
6551
7092
1932
7129
4189
7709
9450
7310
8662
2604
7649
2209
6898
4334
7546
6060
4826
4941
6746
6428
2641
8126
9982
2818
4910
1513
1755
9626
3503
9046
1041
5683
6021
1819
5396
9771
4915
4115
1968
3912
2801
315
5878
3993
7624
7456
2248
319
7255
7696
6745
9084
6880
4715
923
9408
4101
8164
2883
9609
6066
679
807
642
118
2702
6774
4317
4503
1343
938
8773
8456
897
1614
3991
1647
4245
5129
5638
1407
6355
380
6423
2412
3352
6960
345
7585
3245
2462
6659
841
7266
4070
7252
2023
4008
1955
3191
1861
2074
7100
3662
135
776
4213
3261
3329
2592
1132
1643
9037
5530
9764
2923
3121
8332
9986
886
2203
6555
7196
58
8467
2939
6214
2028
5917
1205
9105
971
7277
8432
2155
2328
8521
7540
7713
3762
3669
7993
9894
8142
5916
9864
9258
4121
2441
3633
479
1082
9301
5700
8755
1715
9700
7492
5252
7293
3630
4246
9228
7830
9383
8087
4636
1752
7752
8856
2018
7432
7890
5281
2238
2012
9721
8573
7271
1313
1568
266
4618
8287
3252
6259
6198
6486
4254
9354
9570
9318
3792
3367
9217
5485
4618
2856
8275
5912
5192
3882
6578
7752
5530
2854
9174
6577
444
2483
571
8752
174
6132
3904
2168
2479
4450
910
4999
2134
1072
8169
8958
3481
7373
7415
5650
9189
9808
2872
2042
3707
7187
6573
3828
3025
9403
3384
3500
3289
3577
1090
3344
9618
8368
7280
2214
2987
2296
4034
8975
7482
7290
3415
4778
2376
4433
1670
973
3536
4867
7667
9391
6445
5164
1589
6954
8801
3141
3224
7164
4074
7030
5230
6847
8661
8211
5748
7749
4382
5290
6399
9053
4905
5222
6276
8698
9407
5367
9892
8494
9295
8916
7204
480
4103
4947
6808
9690
861
3530
9214
1556
7127
5756
5672
565
1678
8342
9490
435
8400
2562
956
5108
8322
7637
4072
4122
1905
9439
3108
5583
8758
6401
9705
4869
4711
5829
6682
7433
6871
5514
3032
9656
5694
7443
5680
2549
9371
2746
7484
9291
9931
9546
7706
9075
2294
8333
715
6573
7251
2650
1021
8396
6839
6433
7938
5411
5901
3176
1118
2488
6750
6241
9012
5316
4830
4100
5910
7294
1982
9062
9628
8193
545
3142
1134
273
5870
117
9455
6831
7029
8524
65
2813
5537
6393
2584
7010
9686
4842
4160
642
7757
4298
8132
7649
6809
4093
3714
7930
5005
3438
1356
5893
4517
9389
137
3225
8916
5286
8126
6564
3674
1404
3963
7893
895
8034
8109
7889
9735
87
5171
234
2079
1433
4513
7914
9016
6687
4948
929
7400
7885
756
8520
7351
3623
462
7980
961
8600
6885
6465
9624
2240
6782
1817
2468
6087
1129
3341
1147
993
2513
3732
6919
6790
4414
8896
4355
9091
8281
3296
2305
128
8192
4598
6810
3149
9633
2939
2530
2765
8461
6885
8971
6883
8491
338
5281
9362
1286
1994
2726
6379
9728
1797
7083
3632
7719
6797
4143
5993
1996
2266
252
5963
8423
2550
6436
2405
4382
171
8983
6411
897
972
1609
6871
3017
7725
4298
4352
4611
4570
1759
8217
4223
9865
70
8575
1940
5617
3512
1607
3302
7505
4874
4107
5220
709
1578
627
583
3244
6854
4569
2794
299
9885
2726
8803
213
1376
1338
9393
5141
1289
550
8447
7212
3658
3309
8705
4038
9314
4209
140
5803
1122
3553
8486
9829
7917
2016
5684
7536
2686
1650
1057
3005
7752
9740
1861
1950
4739
2990
4554
4895
9893
904
3578
8528
5993
8836
2755
4813
514
3180
5485
8277
5977
3427
3875
8094
2493
8404
3637
3069
4374
6924
1138
4425
2416
6268
1333
3441
930
5473
512
8390
3952
4208
5701
7993
8174
2189
3438
6646
1096
8548
4158
61
1666
5334
4913
8630
7227
4422
2330
9822
4998
2498
9777
230
8487
4521
7546
2501
9282
2051
2553
2320
2435
9209
4490
5844
9346
5668
8700
8580
5462
3028
2129
2509
1367
8219
7614
9509
4949
5160
3519
5557
9162
3796
251
2055
4633
3854
2567
7698
8877
9185
6702
6766
4164
7386
4389
7450
4285
8565
1585
6879
6330
6564
8329
7890
7429
5716
7603
6265
7922
6341
5258
6145
1833
2534
118
5642
2726
6558
3261
4301
8008
5145
8086
8965
7600
4368
8299
4885
3484
1393
9223
4417
5138
3366
8947
6585
2084
6002
9731
6901
8869
6980
6834
8379
9681
2203
1456
1466
9492
6152
6850
2727
6148
1106
1810
9564
3110
3851
3750
996
5745
2612
4329
2558
4943
1458
4248
6785
657
4152
197
9398
4497
4555
6197
5306
4910
6044
3613
7877
668
8171
8963
9490
8402
4757
6323
1381
7746
4011
1591
5982
3263
7865
9193
5544
5819
4712
7870
6689
7280
6993
1165
1726
1523
2670
9890
4044
1604
7529
8447
6730
7643
3461
4201
648
2483
6398
9284
666
2521
6420
7170
6461
9218
1697
2178
7378
2761
7395
8638
9199
3106
455
7887
4354
5198
1223
5483
6104
4560
3336
8073
1523
6616
3968
9189
7747
8163
7553
5939
859
2182
7468
4011
7044
7858
1791
6711
1211
6084
1206
4864
9120
7021
9426
8315
5260
336
9069
6503
213
626
8833
5105
8028
244
1030
8130
6273
9244
2064
9983
8851
7489
2271
2
4407
7091
5692
2780
1223
4322
4816
1160
2853
8857
105
5230
7438
4834
9192
9867
7641
2540
6052
5401
7432
1789
6165
869
6596
8018
9701
6932
3744
9985
1091
6072
3863
3572
37
926
7011
9631
5915
7741
598
5106
4858
853
8911
5703
6363
5812
14
5270
4167
3309
1964
1774
4367
3443
7419
2228
2261
9992
8109
9278
8254
7375
8436
288
2287
8737
474
5687
5747
2230
1048
7131
9567
3966
5240
7589
7312
328
9643
4848
2478
9407
3036
7131
9891
1140
1722
4535
2176
8428
1749
2811
3560
6970
431
6651
4947
9843
5194
8088
6154
3971
8586
1878
3486
9533
4533
3800
3393
90
2347
9708
5883
750
1874
2848
4550
4057
5215
4477
3613
8434
7954
8138
6206
2005
5508
1080
2303
5411
8325
7255
9116
828
2983
5095
1596
820
4954
9835
5747
9889
2770
4530
2862
3616
2655
6126
8503
5156
7281
2935
6078
6499
2266
7704
1196
2395
9252
6095
9647
8138
4976
3828
8793
8497
1595
7036
9456
4010
4735
9400
2972
2561
2208
6569
5949
8743
8142
3023
3544
818
4424
9093
521
5281
3735
6115
8262
2008
6249
5899
5005
8744
5096
6573
6063
2311
4060
681
558
5325
4685
2945
1286
1425
8926
4499
4720
9084
7815
7610
8899
3903
6215
9904
7939
1973
8679
9917
3276
2344
1653
6471
3366
4969
2857
2776
5569
1546
9498
2446
6180
646
3199
8681
7195
5208
989
9749
1260
39
8510
3617
9509
9305
3745
2050
480
9170
6947
9867
2169
8717
5265
8150
3412
3066
8542
1150
5253
6227
6203
5396
7738
7628
3768
6107
2658
5479
1574
343
8153
2209
7553
8586
6830
2008
563
6407
5044
8245
676
5714
7345
8936
8098
727
6743
1793
2928
7228
8402
6439
3845
4958
1643
324
4988
2038
2754
6585
6799
7232
8951
6635
8393
519
2116
7647
6133
5006
9388
5211
5550
3472
6597
4488
1455
1026
9611
8909
4170
1269
8187
4127
8165
7133
6652
6303
3072
9131
5845
8074
6046
3139
1159
2545
8738
7031
2214
5557
1773
498
732
9095
4561
5192
4525
4220
8498
3000
7142
170
7187
8656
4706
7407
8173
9211
3721
6266
6858
6903
6246
9634
4776
3892
1709
7594
1188
6999
7855
4336
9109
8115
6859
2803
4272
1245
6450
517
8323
314
70
820
5547
2799
4520
7374
5845
2984
8360
6167
5321
5267
9390
8521
9860
2265
4942
612
6375
4714
4445
9900
1016
135
9719
6494
3570
5087
4832
7989
2528
1435
3963
9586
5851
530
2700
7404
8321
455
5487
1836
7577
549
9492
9493
7394
4314
3086
6848
8591
6527
5354
6038
5072
2842
1535
3445
4931
546
8184
4650
4291
7216
951
5172
4616
9
7365
4963
2599
2056
6781
6090
5401
4016
9716
7239
3027
8215
9231
5711
3926
4
7709
7471
9498
5991
3404
8421
8178
1589
2488
5597
9936
991
3955
5255
7665
1121
6723
5915
2738
7357
532
8361
8229
2905
4842
1312
4780
5602
2811
1018
904
5576
685
5407
1613
4772
6402
8547
6741
4599
5114
9197
3010
1155
3419
7977
2007
8379
8613
1326
9551
8279
4002
6808
674
3943
6432
3561
8370
5406
7584
3735
3615
687
6295
5597
8772
4268
5186
6674
6415
3154
1230
5764
855
6259
6531
5939
221
6321
2545
6772
2802
4812
8270
2939
2532
9373
494
8063
5028
192
2105
7223
7352
6445
2682
8894
1825
6424
4099
7248
6625
5298
2727
8744
3676
2591
8959
2699
7347
7413
4241
4148
5906
3221
5592
8732
1292
5485
7651
3552
1828
4997
2709
4982
6745
6774
9908
4308
1051
9506
5771
4681
4179
3317
9626
8395
6118
4270
9075
1759
265
2449
2678
5968
3125
6763
9253
6252
7148
3634
5803
8353
4504
8667
8989
893
6395
64
8248
4564
4618
65
2229
4221
9533
6020
3999
7967
1336
5830
4686
8067
9580
3452
9627
2180
9265
8899
5917
9770
507
3770
5298
7815
2776
7696
1771
1967
4010
3319
8980
4155
9520
7401
8491
5316
5546
3506
6385
2387
7569
7310
2260
2005
4011
9071
1694
9466
1873
9007
485
381
1998
463
6595
4238
8169
2565
3598
3582
6039
8809
7673
9905
5030
522
8677
7491
8747
4444
4703
9439
7210
1842
8657
5886
7272
2485
4861
3050
5935
594
3446
3127
4985
1427
428
9309
4336
6577
1706
7234
5806
3223
9984
4019
8648
7611
4610
8709
3085
5849
5671
3446
8377
5734
5358
2949
7456
1804
1530
1010
1073
2009
733
6614
572
8544
477
9033
9881
7196
3499
779
4148
9315
9943
9643
4542
7990
6918
6245
6199
5355
8722
1450
8992
1067
5187
8851
8924
2964
58
1077
1242
9659
6071
5129
5119
1396
8530
1161
3684
9888
4533
1173
2544
56
748
8923
4503
6576
8641
56
8168
5993
2417
1897
3346
774
1551
5662
6687
5135
6806
9945
6928
3717
5839
3263
243
3280
2153
5127
2717
4453
8993
9722
8757
5287
8053
3554
1386
852
1332
8647
2780
3463
3364
5816
1174
6233
157
8358
3290
8614
671
5080
9844
6338
6415
3027
5339
9744
4850
4475
2371
3869
2669
9824
4963
865
5762
7846
5061
324
3659
7439
1285
5913
7633
500
9229
7354
3248
3819
8200
5232
135
9023
128
2371
4035
3473
2578
9604
8734
1794
9278
5623
8438
7212
8388
315
4319
4274
860
8486
2514
9646
8657
6212
4672
5689
5351
5166
6328
2318
9686
1247
2802
6196
6042
2571
7145
2814
4427
8476
9693
6147
6629
5558
4239
2699
4442
8983
1498
1538
522
7285
6610
9632
2354
6726
3724
2254
5041
6905
7392
1518
9208
2753
7439
2215
6165
9316
1253
3039
3652
4795
5053
3006
2004
4201
3554
7422
2356
683
5694
5116
5643
4079
2588
8792
3579
6593
2739
3375
533
3602
8655
2967
8300
3574
8517
5689
4094
4814
6285
7037
5830
8347
3745
6678
7687
5609
8387
587
3314
6849
1716
325
3621
1106
3623
3914
1036
1501
9797
8222
2369
172
778
1090
7955
5665
3255
2529
5642
1820
6437
8212
4360
1288
8973
5244
3490
8702
4741
9711
1088
8185
9076
7876
6103
7442
522
8050
7195
5959
7017
8141
3466
8001
9599
4684
509
2017
1156
2760
8530
6845
2529
2607
7970
1676
3378
7985
2079
1103
594
3369
5175
8816
2781
1930
9937
3463
5329
3886
7047
8075
6978
5331
5690
33
5361
911
4028
2051
6053
9819
4589
5876
6858
3518
729
9489
6704
5315
6793
5474
6385
6437
6430
2936
6622
654
613
7816
7434
9608
9365
6832
1632
4031
8932
8358
4438
1796
9190
9523
646
2367
4457
2581
553
8616
4557
5156
5967
1213
1965
8358
7985
7834
5201
3962
8971
9280
8213
6871
2167
7277
467
1863
3722
4194
2676
4303
3569
3215
8671
2922
3547
8595
4774
9026
3427
9565
4232
583
8115
8157
5748
1510
2179
770
1964
6182
1063
5659
5860
6692
1911
3692
471
5723
697
7678
74
1017
6581
6395
9031
8374
8816
3030
7880
8888
6329
4144
4903
2672
5201
4552
5434
5743
4643
5486
457
8906
7795
8320
661
7497
9698
3763
2058
8670
1127
6918
4514
8557
3620
1906
5096
5037
8007
5841
4014
3165
6002
861
2098
9352
2043
4661
5278
7260
427
4502
3317
3118
1013
7026
7161
619
5318
6378
1731
5938
3622
6115
8697
1482
2880
6153
6846
3004
4705
4648
6009
8394
2432
6077
4234
8104
6395
1042
6822
6494
6925
359
212
621
5302
5827
3281
7975
3919
2775
3573
7508
8245
4915
6210
8934
4829
372
8795
3705
1571
8825
6490
7358
8707
3621
7627
6983
1610
9475
1711
9445
9362
5863
8476
5695
6282
8625
8773
4019
7113
7406
5510
392
429
4589
5592
7231
8942
2126
1883
2805
9880
6309
7572
2303
3362
6914
4002
8149
1804
6393
7023
1521
8768
6830
6247
9242
1393
7220
6166
216
6576
1313
8069
3402
7394
6719
6912
4953
2924
9296
7854
5605
1561
2909
3058
649
5241
3584
501
3885
9530
8819
3087
3869
2458
7330
8099
5437
3191
1877
4210
1997
155
7990
5636
4426
7063
4374
838
528
4442
6577
6144
4945
3742
4106
3132
3205
846
2585
2197
5128
5934
6792
3803
2222
7008
7431
3176
882
5135
4374
3824
8224
472
1758
220
207
9475
5796
212
2324
5355
4470
3265
1598
5788
9366
1562
4879
4192
3821
7098
2495
3429
8301
9472
8230
3739
3442
5829
6251
9882
3565
6546
3154
6022
8632
7709
8613
705
580
4120
1234
8437
779
4691
7179
8845
8943
5393
7891
9159
260
3661
9802
855
6718
2111
3300
6688
660
8749
444
74
3432
5480
902
4785
9687
6630
3419
9278
8357
4466
5763
6611
4605
9239
9536
7875
3189
7146
7491
4348
2554
801
97
1151
727
3276
4934
3095
8612
8603
7237
1632
3646
8739
2402
321
6934
9412
1575
5085
9971
5043
9621
4674
2835
5959
659
6204
4355
9516
165
432
6161
400
4181
1514
6756
4389
5568
6373
8798
4170
4433
9546
2618
5398
4871
378
1682
6143
2988
800
1168
3104
1804
3529
9145
3516
7075
2559
905
2568
4351
11
961
2316
1632
6072
3910
9556
3908
1594
4938
6970
5509
6165
3063
3936
3773
7997
5412
831
2793
5794
8772
3439
9186
6909
5486
2073
2751
609
4316
3434
3653
9965
3377
1895
4337
1046
1404
890
8768
3461
5715
4408
3769
1990
50
3187
7279
5112
3143
160
6131
2553
9369
4941
1608
610
6082
7681
4492
1010
8389
8511
2552
6307
994
9979
2510
2417
8490
6335
5409
6793
18
5399
8996
8963
1561
5786
3234
8654
9305
4757
5421
5594
486
9685
9460
4214
3923
9157
9844
5939
1052
8159
4620
1540
9676
5416
3221
6090
6893
9987
4379
9497
4688
8511
6598
6261
1550
4116
8616
9157
6104
2946
141
2880
4277
4492
3778
5325
9762
7474
7492
6143
8672
3895
3233
4503
3189
72
1421
564
5739
4916
2844
8052
4760
2594
9264
8582
5494
8756
1500
1858
4392
7010
9098
9737
3702
5011
8823
6291
3605
7645
162
472
2855
8097
4782
2734
5316
6336
3468
2096
8992
8487
8433
5483
6211
9916
1107
6942
8458
9428
5522
306
7040
1948
5206
5267
1208
2283
7175
3436
8706
3104
22
7927
9759
6192
4389
7315
4480
7134
3152
2365
5380
187
5572
1845
1197
1803
4324
1961
5643
8442
6843
2457
4801
6740
2761
1270
9913
1817
7316
8787
8065
2598
6581
2197
1894
1362
4116
232
859
8438
218
8642
828
1942
4325
7194
5807
6764
8336
9657
5448
6648
3606
9287
4685
8102
7215
3654
7284
5162
3723
4302
3416
9562
7088
8702
2436
1735
3682
4224
6009
4275
1395
6453
3393
941
1727
7074
297
1135
1446
9736
5024
1879
7907
5888
823
6748
7455
6354
1323
3981
9452
8602
6726
4013
9436
4131
2028
87
3673
5137
4981
4236
3920
4747
692
4960
5627
487
1842
2209
4986
6383
8333
9901
252
5077
7840
6151
574
7747
9246
6617
1227
6194
4187
6929
7560
8488
8088
6034
1257
6783
941
3486
1563
3558
9834
184
1022
380
9776
3871
9969
1553
6702
7857
6522
3494
6723
3797
9150
9570
8664
7174
7030
9206
2712
7137
9338
9627
6618
735
8394
8285
2288
5278
3151
4178
9854
1524
8899
6617
3338
4735
6239
762
1884
219
7436
212
3190
4952
1019
8333
1267
7082
6186
1608
8927
695
6991
298
6508
4086
2551
3938
2275
5955
3599
1815
6642
5449
7567
1459
1914
8776
4119
1379
1607
7232
513
7834
8557
8919
1550
9237
9004
9174
1950
5948
664
2779
9983
7687
6342
4417
9916
5557
1127
2466
7426
768
376
5298
6503
7545
7783
8466
8565
3415
7640
5860
4536
6101
3111
7795
8424
2591
2766
4254
6600
2576
960
2068
424
5454
3709
689
1108
7333
659
2375
4791
2083
5455
9110
2680
8368
1361
409
5814
2816
6341
3238
6515
7994
1977
7735
8906
2724
3566
173
9019
1372
4547
7624
967
8277
7004
7196
9392
3188
1397
6366
11
3727
2926
9941
9414
1255
8944
3477
2536
7253
1720
2613
1147
8338
3487
2709
9620
9405
6219
3401
4788
5979
6846
8284
5210
8893
9739
754
1391
6626
