3402
6621
5820
6235
9468
4573
6717
5018
4049
7256
4822
1713
6072
4755
2509
5467
2834
8216
1909
6842
5130
9168
1744
8644
2584
1335
5742
5744
4600
3348
5291
4073
1268
1915
8040
6599
288
1550
1064
1970
518
8718
1890
9713
91
5414
3204
4428
7244
9601
7367
242
4939
7679
5011
5931
6183
7224
7946
596
5540
6601
333
9533
3739
1724
3690
65
6530
9250
658
7444
5962
9790
9667
1708
2121
4337
7623
7350
6025
2044
608
9037
9862
7745
3168
8231
9039
3135
5247
7552
1606
6430
2067
1985
4569
1480
6340
8637
3280
8838
4058
9623
9694
8039
4841
5894
7576
2529
5299
3355
7969
6062
9199
6416
6147
2150
1378
8329
2134
6213
3257
2067
417
3429
6604
326
931
3978
8743
8290
2613
1359
6804
8198
2865
8783
803
495
1106
3228
5347
2333
2283
6729
7582
555
6674
9659
4643
2944
5599
1361
7306
8455
8788
9337
7808
4466
8033
9383
8854
6633
3514
5567
7757
4851
3707
732
4294
7051
7144
5344
3433
1048
4458
4931
4359
3537
2143
4090
5395
4461
5205
8128
338
4430
4539
1726
5507
2674
6241
7742
8362
3075
4318
8239
7941
6228
5281
4120
4560
6209
2971
9413
1229
1739
4638
1128
2059
2766
4755
5889
3581
5157
1360
93
3310
8145
799
1205
6209
1435
693
3995
3708
1494
7635
7003
1874
9418
5713
1340
4998
6017
4269
6040
8380
3227
8486
1614
9420
4882
4390
6196
9251
3932
600
6746
8097
7739
2817
1114
6314
7805
3423
5479
9618
5398
7786
5658
1411
9938
949
79
7309
2710
3178
6849
6967
4515
561
7276
6159
2181
7292
3425
7648
5534
9586
7879
2889
3371
7265
9720
7825
4261
7978
1945
5122
5598
734
2000
2079
2201
9989
8952
8147
4007
8853
7927
8470
892
177
4854
252
1527
7249
2331
6795
2291
1597
465
93
1764
4043
4920
6562
6057
6535
8063
2082
366
6514
8136
1918
2505
2640
5639
8270
4898
520
5777
3229
2540
9782
701
7705
5769
9277
5582
7580
8337
5524
8048
6732
3247
593
1431
2877
1075
9526
8434
6220
8107
4166
3315
2813
4503
9751
7518
4193
5935
3034
5757
2408
5633
5819
7042
4835
7658
5797
7838
6349
6342
7366
2624
7346
1296
8697
493
4862
2184
7751
5096
639
2522
9165
9246
4340
7189
5965
4797
2333
4027
4933
3035
2458
5943
2099
734
3038
6263
5322
2312
9990
6739
4220
9025
9393
4572
3789
2063
4067
2086
7000
7541
1850
276
3355
7920
98
5369
4960
6157
5662
5726
8999
6033
2081
4944
5672
4528
6070
5885
3636
9854
3522
9455
779
1809
1148
1466
6761
9512
3710
675
5172
5218
8298
1162
7379
1934
6549
2647
7192
6876
2860
3019
5309
2372
1689
8413
5192
825
9824
7477
7473
513
184
8137
8324
4638
2107
7137
8267
6827
9392
4889
1894
2544
1388
770
5612
7313
4353
6896
141
9473
9961
1622
6797
7325
5372
7536
1787
7937
4597
2555
706
7620
4020
6883
6219
2169
5881
3055
5533
8300
2306
1063
640
6419
9008
5648
3591
8830
2213
8242
1055
6838
4506
1769
7307
4759
5357
2511
2433
8850
9874
9618
3020
4348
4971
9467
5908
4433
5603
9040
1662
735
4954
9783
3351
6227
1557
973
7947
7831
3204
9543
2192
7867
2193
1504
2152
584
8975
8650
5815
2478
1599
3063
1099
2795
6460
1071
7401
3727
1824
7805
7439
8137
9358
3238
7552
6354
468
715
8838
2558
3618
9362
8568
5599
6026
2468
1168
8702
8117
4984
703
7429
1952
4598
2308
5550
5481
2512
8277
3990
2915
1997
5642
8914
7774
5076
5974
1193
9235
303
4879
965
4297
7451
8198
7849
7969
8197
4274
9449
1205
5366
6818
8259
1622
7163
871
9768
5184
6970
5173
2694
7967
3735
7844
5573
5902
2757
8670
2655
6939
1790
574
6050
4474
2726
4839
341
3091
4907
9526
552
7648
2075
8202
4236
4587
1343
6555
3741
9968
9218
7782
5228
2193
6655
3723
6915
8604
2406
7636
180
4270
1521
6249
3669
8110
3747
3240
2349
6222
4788
3674
564
4811
1919
9085
598
5383
4285
5851
5971
3066
7349
5341
1781
4825
449
2866
2737
8111
6164
3932
3242
2058
299
483
2861
2731
1699
6879
4823
1099
1794
5220
4823
7472
4839
2258
2312
8887
1112
5658
6742
6633
7004
5632
6727
9519
7906
9079
1026
4740
2046
7298
6367
2293
6049
5037
8673
767
5864
8213
1033
2019
9934
9974
3889
9790
5012
9941
336
2584
8843
9461
2191
4332
8105
6471
510
7250
4453
7189
7656
106
6293
8272
6635
1653
8986
2289
7477
3389
1605
1418
9695
7988
4063
9108
4499
9763
4454
7148
377
1351
2806
6013
883
6428
4078
9705
4031
1717
198
2355
8586
2833
8223
2814
3694
7528
9278
5166
4798
6849
845
7634
612
9372
3176
9718
3010
6196
9124
7561
4151
4726
5552
520
2881
7367
3582
7707
5528
7242
4467
1872
4560
6771
7587
9422
2269
6548
7216
9572
5632
1315
5041
2713
2808
7047
6192
7878
1350
8160
7530
1900
3143
6685
8278
8320
1320
5873
4744
2365
9967
9168
2847
9480
8299
1704
4424
8751
7170
5606
5880
9324
7268
2209
665
7458
5158
4050
253
4192
5459
6956
1829
8786
4868
7918
4736
1063
6477
7530
1878
6582
920
6763
6731
2167
4201
6566
1410
5733
805
5383
6299
3578
4615
4049
7184
368
9529
9730
1509
1861
6243
580
1429
8116
1627
606
7652
5398
2346
9870
4720
8268
4955
8618
5352
9480
540
5154
8714
4196
3186
6377
5125
6767
8019
6781
7537
2885
6412
6396
8414
7228
3018
682
9100
6929
1771
5692
7642
4150
5706
9964
156
6833
8518
549
327
5328
4161
4338
1354
3983
4442
7424
4792
1030
3588
4621
1111
7137
3054
8469
7510
2844
9455
2032
9571
7777
3460
2663
4628
2
7699
4509
6449
2181
7320
5996
2702
2290
7677
4778
9046
572
9827
6724
6189
1142
6015
7393
9225
6181
4100
4134
1728
3020
2035
4481
632
9592
920
1817
1754
1679
7899
2413
9965
6208
8220
8924
2487
8422
9167
4133
8560
7192
7231
5372
3819
1947
3897
4364
3104
6746
4719
9486
1169
1884
985
7426
6747
1058
3206
9045
1802
2628
883
9887
4408
6790
3608
9222
698
6564
4374
2777
8573
9448
7188
3374
3471
8289
7560
583
4361
4481
6245
5184
6400
3938
3737
6770
5145
6476
5459
3106
6105
2200
5307
8030
2542
4283
8295
607
3901
6145
1402
2009
7024
2433
5387
8182
2379
7447
9381
5722
7970
1697
4310
5602
4247
7115
867
4388
4436
4140
2669
5397
5971
9332
5473
2918
425
514
8894
1021
1254
7492
7911
4770
963
353
7681
5711
1898
4061
6610
5408
7751
7610
9479
477
6082
8337
4544
87
5703
7197
5930
2234
6588
8726
5409
8191
4133
275
5702
5533
4040
8634
818
8851
8910
8643
7600
3870
2661
7569
6690
5067
4346
1086
382
9058
8614
1568
9481
6073
6113
7024
1206
9627
3451
9537
5432
144
8990
5318
7094
1738
7719
4610
8491
2608
5707
8588
6354
8587
2248
2133
5084
6258
5694
5889
9354
6761
7183
8374
6377
3907
5020
9094
586
550
1270
6547
1228
5310
1299
850
6398
7659
6459
9276
5450
3178
9867
4441
5349
2330
5355
9078
5592
5511
16
8416
566
4317
1551
977
7869
3975
2565
1343
6045
4723
5389
3851
5419
551
2567
4525
1285
2147
184
9612
9558
7186
3436
3040
1195
5137
6453
1816
3179
5668
1289
7951
659
9421
4188
7815
6975
7447
782
5044
5703
884
5702
1040
1641
5645
6234
7941
5653
7779
4112
2527
1726
3962
4338
5933
3215
8140
4964
3283
9291
9716
7225
9403
1883
885
1069
1595
8043
742
7200
8173
2588
1566
3071
1876
1108
8377
6905
629
4010
6263
798
4165
8104
1253
1233
3990
3455
9591
2917
5869
9682
7129
9751
8553
7727
5286
4962
9853
202
2487
949
1276
5892
368
8238
5483
1693
2120
2074
6555
8360
6335
4670
1716
4781
3436
870
4530
9193
3384
5121
3846
4735
2707
7987
9797
1057
6119
1219
8006
3303
2987
1361
5845
4733
1737
3241
20
9495
5930
6355
3106
7590
4160
9076
7717
4983
2229
7942
932
7950
84
1826
8309
2282
7906
3722
6389
4750
5444
6070
4916
6369
6178
9075
5180
4414
3240
5337
8868
2911
7129
8210
2590
9351
6232
5824
6865
8769
9908
7434
4760
5002
453
3894
4596
2930
4687
9399
3187
4828
8040
7407
937
8542
4101
9640
7763
5181
338
3409
9311
9212
6395
9178
6227
4444
4777
7218
5316
5228
5014
9484
380
3383
1473
461
2229
7881
1843
8584
1899
6093
8053
8085
8482
2534
3854
9618
3122
3487
3664
6887
3715
3611
5352
5603
646
3707
5649
605
2498
7176
572
6730
2078
6402
4870
9105
7340
9255
3847
8955
8821
263
8147
1703
5071
567
7065
5188
208
5748
8796
7163
3211
840
6651
2861
6874
7395
8734
5414
5415
8357
4800
4168
3683
2648
8144
8512
7605
2910
2181
7772
5086
6604
1156
902
8893
2826
1847
3251
8256
4606
8535
1508
3879
9217
6567
2091
1836
7071
849
2695
5454
3133
4324
1503
680
3502
8091
3640
9677
3769
9181
9859
9409
5069
4230
8154
6858
8404
7264
5030
158
7683
7679
9486
5425
7223
80
9424
2346
9984
1144
7163
7691
8688
9889
8004
4836
3148
6829
3389
9114
3637
4369
8084
3328
1928
5490
9051
5161
8750
297
2177
8334
8848
299
1871
2368
2570
8466
7708
1602
5960
8998
1737
2699
9724
4572
9857
1315
1078
324
762
2812
1528
3294
6334
8947
7907
3178
8100
2331
3616
5299
5374
3097
1973
9513
2063
7717
3776
9382
740
8178
6783
4425
4581
853
5655
4497
16
8297
7107
9416
5535
3939
6484
8873
4997
9186
8818
7303
7009
4790
9503
5966
5440
3524
7192
9761
6
9153
4239
9459
9993
7522
8080
971
8648
9140
307
2046
563
9099
8879
3343
9421
9365
2899
5221
8937
519
8701
3797
5483
4913
612
9795
6929
826
9662
1585
8599
7717
8804
9385
3843
5948
3708
1115
3717
459
4115
1574
7553
6793
1880
5764
3737
9590
8338
3995
7977
8221
5450
1161
4511
1580
2285
5051
4238
4217
824
8898
2618
8982
2839
1496
9301
7129
2635
4168
936
5435
8819
7618
8375
1325
1944
3293
9569
1184
3864
3232
9873
4114
8955
9619
2161
3235
6961
223
211
9280
2160
8764
127
6742
3807
9861
6239
1093
8329
6677
9863
6722
4664
5614
1601
9136
267
6513
441
1710
6860
8682
5794
6807
1733
2766
1866
3443
2613
5995
7236
8842
1455
3671
6398
9190
5337
2874
4120
5718
641
5324
8005
5810
92
5106
9342
5278
914
3510
7475
7161
6344
7651
8303
4442
2064
1718
3219
8946
3704
9703
859
6337
1555
6309
323
7601
3799
8336
1224
722
188
2323
2865
2330
3946
5464
2100
8036
827
5896
7064
1890
803
5337
1831
9939
9623
1764
5265
218
4631
2301
5878
1679
1631
6842
3333
7513
7370
1050
6380
4162
5240
3325
6475
5865
163
4092
6120
6046
2341
7331
1032
1041
8503
3666
5660
8739
3621
1517
2286
4525
5669
7822
4950
9630
930
2684
815
2410
7616
2902
3191
1424
1105
7816
2442
252
4972
7143
3249
7912
8187
4554
9304
5482
321
2634
9399
9049
3435
4561
2098
1479
1425
5343
9697
670
5045
778
6025
9902
3555
5454
6766
6722
2011
2018
5489
392
6591
2732
3284
4331
9006
904
5072
9236
5062
4140
962
4585
1740
3606
6839
1095
1779
3445
4306
4364
4669
2368
6503
407
8233
5031
2946
7087
5493
4289
3492
1555
7425
6649
8828
2706
3358
2347
2457
9412
7284
8329
7049
9818
154
7133
6263
4349
5335
7179
1633
5233
6854
273
2995
8333
7798
305
33
8864
9280
3024
2027
1187
8764
571
2642
4268
228
6004
6679
8636
7616
2425
6122
7715
7360
8550
3525
6233
5366
7526
1810
1123
8774
8668
863
5760
3071
2388
3018
6705
674
7054
1406
3215
7978
2775
7501
3693
4044
1169
6723
9988
5586
2074
3884
9988
9751
7839
3481
1314
8265
3363
3342
4073
3984
5353
4004
8620
3615
7416
312
5064
8438
8549
6220
4857
8216
1351
8545
1227
2177
2843
502
4425
4940
5176
1261
9832
4560
5706
3468
1787
4487
5924
6717
3686
1177
6534
1265
5382
4314
1640
2973
2192
7184
8416
7382
5927
603
9918
8135
7297
4958
7755
2526
719
1463
8228
4873
7175
5494
234
6606
8035
2001
5761
506
2996
5449
4094
5359
8230
4437
9013
6433
6627
4251
4200
6663
641
8936
5830
3203
9635
8185
2886
4066
7888
3306
5160
21
6418
871
6032
7581
1683
2233
2212
9968
6838
2052
5370
4283
6745
9219
1275
4728
6196
9094
486
3738
1923
6885
895
5109
2899
8133
6499
5821
124
3803
8671
6161
6681
4257
5884
940
1158
8517
5359
8153
2719
2660
5429
5229
4091
3925
545
7226
9498
5170
1796
5724
8215
7685
4587
1993
785
9063
1659
3084
4228
6796
4071
4880
4547
7593
4901
1882
9741
7040
492
9503
4183
4125
1844
1007
5690
430
4406
7858
9910
4317
7993
9222
2779
6336
9755
3629
654
3234
2264
3408
9543
4457
5614
382
9306
6838
7171
9546
6129
291
5076
5961
6686
9739
1966
8956
408
6284
3496
6843
2073
3646
2179
4858
5508
4302
841
8777
647
3410
1564
6772
379
7610
5342
2460
699
100
4912
2804
7488
3007
8206
5569
5958
2992
2704
2360
4238
6290
1592
4917
887
4920
1095
4325
7230
6704
4589
5039
9303
7871
3193
8247
953
8553
4416
1976
9162
8269
116
8554
5008
619
2579
3576
8878
3832
2797
4367
6476
6572
8201
65
3011
6443
8026
9923
6516
2022
3260
1210
7681
7925
4691
3160
2814
6382
6958
8842
8570
8157
8705
2508
1967
203
8948
6038
6841
7426
7590
4404
8407
1152
3644
6743
848
7441
8194
6597
8984
4289
344
2133
3980
7912
3528
4765
4779
4810
6390
2495
1484
8127
7181
2483
4278
3923
3094
5923
1626
5419
6311
7090
4488
1017
6651
7614
9049
4949
6665
6486
9110
7788
8774
6053
654
7720
5631
4404
5362
2493
4268
4878
6888
6233
1773
4196
3553
4983
5280
1716
3769
9693
1844
3657
6023
5695
4441
7773
3498
3197
8746
5954
4531
4252
1637
4469
4033
7793
6412
4176
7705
5848
1622
5918
443
850
90
9548
2657
6068
2219
8519
3425
8629
3008
5862
7353
7325
5315
1472
2814
5491
2886
5141
2853
2560
5388
4489
6444
6637
4288
2100
7016
4380
2795
1504
7222
3811
5271
7423
3764
298
1538
1658
3746
5863
9326
2404
4530
7232
3741
1356
2338
8600
6077
9995
958
932
5564
3682
829
835
6711
9785
490
8501
1779
3966
6960
6045
2636
6972
8916
4671
8737
2784
6744
1550
8309
7843
6505
4996
7945
185
633
9642
1752
6819
6810
1630
4995
7432
7861
7553
8692
2593
9751
9853
1054
5053
1796
5703
8834
3409
3075
6012
6653
8478
1661
6122
5224
4011
8805
27
9995
5066
8476
5466
190
9311
3761
8153
4517
8792
5570
9552
3823
2307
5776
4131
2925
1411
6516
8804
3496
6300
9685
9417
7425
1355
5839
6546
5373
3931
9717
5635
8392
4180
349
4540
1413
8102
7361
4935
6187
839
1455
2698
7810
2296
6332
6405
3360
2564
1301
2361
3384
354
8726
9206
6955
3664
8092
5086
8867
8234
8969
5604
3156
6013
8441
1332
585
2801
4658
9542
8993
1523
7107
5967
4489
5179
5904
8940
8329
1389
6966
18
9042
8713
7271
2367
1871
3396
4568
564
7903
4072
8912
3263
3417
1080
9132
3198
5916
6533
6012
7369
7069
1027
5328
3964
4360
2995
8129
1522
2641
7099
2709
188
3947
8746
2541
4501
8992
2886
7127
2115
6538
6535
8201
3061
7498
6158
1995
9764
9063
2982
9398
8837
407
1612
9748
1922
5607
9867
726
4279
1282
716
6351
6683
6157
338
7465
8275
7286
9916
4201
5450
2964
2571
7977
4634
5507
1010
1288
4813
8024
5931
7212
9093
8070
9979
6949
3221
7625
7168
2928
3002
3253
3054
7084
1854
2463
6679
8735
4363
2339
1316
4172
1618
4286
7394
550
9383
4422
7620
9946
670
2545
1303
5579
203
3905
2119
1076
9391
7045
1186
5415
6967
7907
5195
711
2220
5042
7560
7360
4897
3313
9075
1233
8261
3793
3408
577
9542
5681
1915
6079
5085
2019
1703
6161
5852
4756
664
965
2627
6261
3292
2744
9260
3790
1470
7394
6607
600
5161
1729
9416
2411
8934
3764
3377
738
1618
8747
9753
5270
7996
1960
618
5884
3456
458
8542
1178
4745
9756
795
4452
2606
8282
9598
9973
4934
1896
6781
2033
2339
3160
3308
6841
1500
5197
1577
2611
5549
7961
1137
6309
4869
5528
6524
6524
6154
6623
9285
645
2343
7015
4942
1113
1161
1635
9648
9897
5348
6326
584
2565
3427
3963
8760
3278
5842
7386
2848
9915
7659
2016
7866
4141
5669
4373
3140
4672
4689
8762
9806
3271
5142
3352
9309
2073
1569
8584
856
7706
9654
5382
7566
2411
7517
7993
8207
4822
5598
6476
3812
3439
8258
6784
6237
3920
9391
2238
8766
7308
3803
8742
7236
16
5884
7539
3838
8027
7192
3512
4761
7085
4958
4095
7125
7917
4255
3708
277
472
7578
1274
1483
4038
6922
3892
6241
700
5119
8005
9052
8059
5120
501
1311
3401
8223
6135
9181
5557
4800
4339
5826
2601
4003
8078
9135
3217
2133
9725
8238
7077
2867
4115
9530
4905
6411
6910
5639
2018
8753
7197
8883
102
6694
6851
4069
722
9076
5596
4214
661
9744
9952
6754
3539
3155
6261
7086
4380
9276
2877
948
3806
428
4235
7035
6347
9081
27
6532
2990
2240
5969
6763
1562
5047
8784
2047
9762
3479
6901
6041
4775
3618
137
6310
238
2872
6144
3718
6061
6736
8770
6297
9110
3208
3636
9754
3062
5806
9233
4434
3892
5298
7600
1698
3412
9709
7284
979
7004
1939
2669
2508
3301
4426
8012
9650
2933
690
1537
9151
654
4284
4839
7162
183
6738
5459
3876
3910
7388
6005
9844
250
9649
1489
2585
9877
263
7626
2994
8344
288
6779
7212
6630
9250
4955
1135
3090
6699
2802
1528
9938
8697
5905
9846
4925
240
4848
2283
4196
8477
3483
2318
5428
5747
4651
94
1331
5879
6192
6308
2303
2038
6487
7009
3669
9413
8040
9659
7244
1523
9602
143
9231
4554
2232
5032
6407
226
2326
3307
436
3987
5156
7042
5718
2002
5708
1052
9696
7365
9766
7430
5743
3230
7046
2027
7867
8145
9966
6467
3339
6793
6144
1078
4038
7522
82
1226
9833
6609
9659
1997
7641
8008
6041
3903
7925
6514
1385
5330
6349
1698
7353
5852
2073
9794
8828
8171
5738
754
1490
5483
9563
8134
8919
5339
9203
151
4773
705
2000
1297
8227
3871
9087
5228
6366
9064
9455
1300
5503
5227
2514
9072
4475
1248
1972
7397
6938
2137
7889
7284
6356
6126
5687
636
6952
9487
559
163
6237
7967
3266
9304
9891
1178
8593
4843
7753
9032
904
9021
474
7353
2169
2435
9985
3176
6592
3799
3338
8921
2544
7689
8730
8636
6904
6838
4541
8779
9078
1242
7074
675
2010
2351
368
1663
5293
6978
1894
7236
1146
2210
1295
7017
7443
9532
5370
3266
3277
3707
1463
1827
1569
9492
3130
1894
167
7202
6504
2797
7522
6330
3110
3106
1593
4967
5091
9817
917
1600
1739
3092
4921
5005
2042
5109
6518
7446
6559
9927
3774
6127
3341
4977
9000
7958
6859
3749
3024
3095
5924
3585
9591
3411
6452
2097
9826
3099
7588
647
9562
9934
5177
3583
2922
7371
4865
7485
4028
9638
8228
5538
4946
4218
9213
8325
2062
8754
4933
3832
4960
2266
4390
6283
1578
3808
1049
5494
928
5208
344
5928
9967
8381
1211
7323
4382
1835
1479
6854
3959
5488
610
6148
1985
7645
9651
5159
4704
3117
7517
8888
1230
6824
4745
2264
6516
2969
742
3097
9991
5877
8172
2967
291
4933
8648
1139
2166
2709
7162
7161
5054
2337
8797
3671
4125
7436
179
2118
3616
5523
9853
590
9202
3718
6325
4767
828
3764
9828
110
9943
1914
4084
5861
5390
8088
7277
9134
353
7823
7249
472
8705
29
4552
587
2854
3329
8388
1699
6759
3848
4697
5866
7192
7715
2709
7030
3480
2269
6110
3086
1012
954
7659
9258
6585
8269
1550
4265
4329
2750
6121
6358
9363
7949
609
7134
2627
3632
3560
7264
4387
2037
7243
9720
5801
6877
1958
2930
7629
6063
6458
8376
2685
2564
5910
4614
3946
1736
6763
2413
3373
7537
8707
3782
7430
4565
7487
1011
4081
7573
8784
554
2577
5270
2561
553
1757
542
9364
111
4774
5016
4864
3073
8174
1847
6656
8957
1062
7003
7742
8956
5743
5932
4471
5481
4665
9470
2792
9570
9746
154
5577
1699
9250
7628
5526
7987
4247
9801
2688
5624
1408
4579
3000
8465
1381
5542
4393
6145
2318
3759
18
7842
6267
7112
3910
4853
2081
7925
3023
4518
2258
9505
1002
1724
2699
2257
3249
3188
3761
475
9912
4061
8166
1580
3270
5976
6355
632
8655
622
2670
4275
3517
3157
6430
9914
7547
5341
349
7895
7882
9112
5071
6736
7288
7560
2612
4036
11
1685
3424
8599
9475
8187
1478
2509
4375
5618
9259
5446
4894
3685
9922
7330
8732
3206
6959
9563
7428
2316
2693
9593
7079
7854
5673
8294
3946
9556
3600
4744
4692
8696
2841
8393
3023
2077
7715
4312
9361
6936
2832
3261
7840
2237
9498
4618
5413
7074
2916
6896
1109
7467
297
7521
9638
8692
1295
813
2394
1487
1223
723
705
6947
4426
2746
652
6751
9846
7682
6180
2455
3352
8406
7375
52
1721
9670
3743
3709
1282
99
8159
5679
200
5011
5704
7716
7128
8470
3071
3063
511
3045
8425
6997
2248
6194
8648
8307
6581
2850
749
3628
100
4868
6900
1530
1588
9268
8024
3487
1046
8926
9147
4421
5699
1266
851
6356
7032
2836
5059
4940
6992
181
125
57
3365
395
9738
8558
4028
7876
2500
9284
7319
7392
4208
7960
1041
7361
2855
2287
5793
1434
7140
5633
9247
900
2887
1075
6750
5231
8200
6232
221
3162
7402
3317
1661
2112
5829
8165
9838
9439
2442
6575
8681
5086
4846
6281
3749
1480
1816
8062
8793
3211
1697
106
7858
5980
1160
5574
9624
1578
7717
4515
9797
3249
1112
7765
4186
3688
3253
2272
9861
6128
3716
4421
4250
7527
7992
336
2378
1658
8648
9914
587
9102
5360
4371
1002
566
8368
5482
4804
9755
1334
8342
3897
2098
3802
8507
9995
6027
513
8641
7290
4236
4652
9459
9939
3358
4818
4639
8369
1839
935
9664
9074
7437
2653
82
1011
7754
4862
5556
7960
9452
8889
2250
296
4424
4641
7595
1481
4070
8525
8290
4316
6046
4324
4493
9482
1401
9363
629
4214
3801
6288
5923
2103
6764
1571
5899
5972
9215
5454
9380
4502
4519
4463
4271
9895
3171
6850
9347
8218
4776
3364
8619
6277
628
610
9436
8889
4250
1901
5432
8227
3570
1023
669
2558
5072
7579
1876
5136
7237
8725
1560
5284
7823
991
5941
2744
7174
7636
8166
3297
7599
1507
9056
8308
7124
744
4760
3413
4384
4809
3121
1827
332
1345
8313
5945
1526
103
6345
6811
9267
8830
2422
4822
8603
7384
4810
6570
1326
622
8865
2162
7468
7578
9182
4493
543
4377
7444
7012
2763
937
8478
9306
7854
7029
7278
482
687
1525
5299
8768
4948
9802
5209
2006
2319
8149
9454
7801
9246
780
9492
3952
264
4590
9373
9514
51
9131
9420
4312
9937
4478
3247
108
8399
7600
4064
9687
9250
8676
4278
1136
5666
2367
5779
3314
3009
5507
6979
5091
8445
1862
6647
5336
797
6691
3931
2798
9761
8657
8521
5068
9645
4336
4902
3604
9140
1020
9827
7464
5263
6832
2752
1808
6585
3241
4801
8521
8141
4011
3037
5346
7988
6331
3308
6849
3290
4410
6717
5177
2026
3192
1927
1131
4923
9995
7899
6368
1078
4863
9447
5691
9864
6209
1011
4337
1193
6943
2452
8916
5969
7670
4333
2251
8664
7793
9150
1736
4351
2395
9292
8027
3228
2612
2113
5906
6705
9890
7443
1949
456
9999
3102
4311
1505
953
9544
8339
8341
100
5619
8014
5382
9561
3634
7292
5651
5930
3371
7283
8457
9666
1545
4928
2071
1994
5298
6319
4925
2272
5743
3152
2678
6778
340
3916
2679
638
925
2391
1781
8250
7589
4767
8261
3954
7281
3283
3681
3930
12
8660
5927
2350
4833
5806
370
9668
2390
7279
2124
8584
773
6810
8722
3710
6650
838
9155
4259
4201
9435
2214
5156
252
9279
4333
928
5197
394
4709
8418
5780
5257
3408
8932
7613
3591
6342
7779
2432
8637
9551
9322
7531
1057
4058
8645
2537
4733
1698
6725
1773
4674
1824
4606
8793
1018
8521
3492
3396
4671
8073
1891
370
9522
6845
7995
3576
3362
400
5336
8554
4654
5769
2411
1801
5109
62
2457
5092
8674
304
7855
8781
5976
1323
4723
8896
9527
800
7202
8995
9065
3168
7645
9286
8296
6965
8466
2284
4000
3441
3777
6416
5963
7755
4070
6412
1535
7936
5225
2063
1734
927
3871
4993
6773
9491
4770
6436
7643
8552
2283
7724
6959
4605
7211
9167
6659
7255
2361
2305
2338
7637
5018
5158
4029
4505
2183
9995
1035
5120
4912
8433
4078
4706
1391
9185
1460
5217
4459
9677
7201
1415
8245
3933
8189
9880
283
5604
4257
4439
26
6845
9809
9729
2016
843
8113
3139
2166
8246
9713
4207
8554
5486
4549
9695
3928
6027
3300
2039
5754
3972
7255
8640
1004
3103
7571
9541
7154
3467
4149
1457
7885
1885
1602
6815
1821
2411
4738
7505
5341
7686
8856
4365
5931
2381
754
5089
877
5470
4816
5188
7182
8956
4786
8946
2502
6858
5928
9854
3643
9725
4141
2944
8680
6815
8306
4641
1136
120
9648
9278
9799
1918
7204
5249
5758
228
1656
7956
9014
4626
702
1125
635
8249
7918
2868
2824
471
3615
7964
8528
8769
622
3207
4221
7569
65
8396
4372
6497
2272
1567
3773
388
5730
3414
4361
8653
2657
2465
6490
2160
3215
9585
680
1647
1625
7614
4817
2876
6542
9569
3480
232
4907
6707
621
2260
3225
5996
4203
9784
2689
5020
1506
9646
4915
1238
6864
4878
3192
1612
9323
5167
78
8118
6366
9823
5955
4422
1214
9179
4702
9080
5491
9315
2070
1034
6052
9314
9488
3882
4627
9884
1086
6423
1622
7103
4520
8334
862
5289
6810
1450
393
8563
4883
9127
5527
1524
6729
8404
4244
5664
3195
2288
1810
9607
2285
2386
978
8105
7558
5307
6519
6812
9728
9808
7990
7296
5866
5465
2611
9508
3769
7817
938
6964
9986
9413
1593
3267
8766
910
7762
7305
5755
1534
7371
8407
4662
3549
905
2091
7296
1129
5687
1637
7413
54
3099
641
6605
961
5708
6968
6117
5567
4544
9076
1913
2212
2892
1538
1588
4374
1858
7778
774
3370
4725
4548
3587
4374
1626
4447
6367
3100
3434
9935
6441
8989
3925
4697
7999
9639
2268
5981
5285
295
3644
4579
9258
1741
4461
7487
7638
9672
9983
1966
9825
8726
6473
8717
7557
4759
6962
6201
9393
9659
9607
7732
2075
3999
299
7925
4692
4211
6609
5314
2172
2567
8508
3507
3082
234
2351
4128
2989
5972
8567
972
8693
5578
199
6280
520
122
9006
6867
9600
4221
8162
9951
4502
9125
5777
5949
6989
9209
1437
8263
9734
4648
8741
8138
9814
7485
434
6034
559
3092
9134
9629
897
4115
5896
2601
5714
9382
870
7582
2972
5970
5212
1364
3299
8671
1009
311
5630
7393
6519
9217
8074
9734
7272
7378
6655
2891
9706
1534
5823
6348
2929
6507
3714
4401
5904
867
2000
5440
1928
6741
4898
3150
9590
35
4393
3306
9609
9738
9062
8671
9874
2740
2024
3675
6853
3642
9472
9989
99
7413
5027
3911
8026
6426
6710
6542
7340
2410
2707
8154
5559
8128
9327
8854
5905
3267
9526
8668
6523
3895
3221
1517
1449
5138
1240
9206
9053
2244
3205
3501
4787
6106
5900
6662
8959
5464
2756
3355
7025
9527
6962
9820
9391
1556
413
9317
94
6053
8218
6467
8899
9649
3801
6882
9300
8529
2784
2676
5748
3278
4762
8873
6988
5400
867
540
8834
8465
1564
5533
8924
804
3535
3147
8048
5997
6669
4704
7485
2020
2227
8087
9454
9827
1034
4615
8278
7423
6216
3278
3118
6004
8423
4314
9276
624
2761
1402
3948
9054
5705
9306
4068
8939
7172
1741
8391
5220
7616
2407
3347
6876
2515
693
2348
4476
6963
2373
1208
7788
1179
4772
8142
5732
3738
5343
5382
9353
3039
2372
912
2141
9137
6617
2995
1062
7437
3078
7264
5924
2934
2829
5954
4361
8711
5832
1547
4624
5216
7045
2571
8621
7489
9722
7589
3210
5929
1823
4509
8602
2490
3695
6267
8936
8230
7776
674
1561
45
3987
1737
8374
4113
7679
2135
4690
1070
538
1696
8538
3288
8661
4683
6029
7723
6215
9516
6504
8790
7507
8129
4523
4454
5094
8605
4453
5292
6637
3942
7399
704
8623
1851
9535
8600
765
5335
5503
4941
933
1489
483
7307
6810
6383
9790
2303
7096
7259
5386
87
2077
9296
4606
529
618
3187
7525
4595
8257
1433
5940
1450
8953
5860
8706
6454
1278
6170
5310
7727
8334
9534
1987
9316
9559
4209
2433
7089
1696
5928
8217
9459
5685
4452
2369
8787
6000
9062
3311
896
9063
6009
5272
9488
7729
7980
5658
9494
9591
5481
9441
8347
7853
2726
5593
7048
4866
6082
810
3466
58
1404
1334
8816
5994
7731
4564
4487
8510
8687
8306
469
9523
9695
7027
8528
3967
8628
1264
2949
5543
9897
8491
9201
9505
7115
1125
6197
4495
7485
163
927
9666
1827
932
5244
7720
7767
868
3285
9305
46
7853
4626
9305
1105
1701
2622
926
7168
638
9610
9237
9886
9269
634
1805
1272
4446
5198
436
150
701
2167
4676
1596
7451
6401
4673
7002
6082
6953
8288
1269
6148
5743
4946
5382
6483
2503
6590
7157
8767
6478
4325
314
8243
7893
7877
2166
8716
2500
3817
3235
6670
668
7642
7861
2460
8421
4296
3491
4829
1585
1455
7751
8755
5787
21
6619
5572
4424
6642
4085
8646
3918
3801
3501
7490
599
4058
3523
8152
6344
6323
7006
7929
788
3745
9516
8040
6311
4707
5209
8750
8313
755
1770
7612
7339
7804
2802
3001
1493
9942
5625
1916
7306
8294
4779
3142
4700
996
6703
4292
7034
4111
9021
4015
346
7521
8694
8672
6852
4243
6858
6205
6521
6439
4610
8544
7120
6437
3232
7958
7514
6510
4370
1994
1180
6857
547
6331
6942
7258
4066
4750
1715
4225
2810
723
5714
2093
4762
5621
4003
3497
9171
4462
9556
1917
1174
1269
2021
6596
8462
2610
3323
8003
3083
9712
5892
257
8827
6641
1827
5433
4842
4477
1651
3512
9057
9173
9402
894
816
3817
6798
9858
725
4406
2941
1107
7109
1911
7619
1654
2728
2424
5627
689
2438
1448
6757
6770
2323
8051
1078
734
3499
9521
1994
40
9281
7385
147
1900
2670
1246
9745
4559
2241
7724
5091
8292
8422
8009
9213
353
8878
8992
8341
932
1268
9762
5704
467
3976
7384
5602
2103
612
3287
4065
7012
2020
4351
5502
4357
357
829
5730
2210
3395
6611
519
474
3601
6024
5339
1962
5808
5348
6425
3168
9302
6535
5426
2009
5023
5257
9952
5814
6236
5299
128
9186
1508
6605
6920
8008
2118
4810
1417
2843
2120
5964
5557
2225
8231
1354
3806
3951
8390
3794
2225
380
2416
8597
6031
1935
5547
9522
9288
1575
5768
2454
664
1782
8863
7298
7347
4824
898
1641
5145
6455
6419
8081
6563
3041
2118
838
212
2152
9904
6224
4307
7082
375
5866
4192
6457
7545
1218
8845
1134
8322
2786
4146
1910
5763
7769
1306
3231
3342
5364
7333
43
8665
9854
638
7197
8901
7772
8975
3427
6971
6940
8799
4796
7076
1980
4797
5747
472
3018
5893
9382
7599
1728
9318
2475
629
1618
7487
4840
1285
7499
3376
7152
2415
2471
8834
6101
8180
9411
6857
831
6986
7981
3224
28
3291
7436
5099
4729
9306
173
4196
7955
5250
865
9965
8602
7310
1276
3834
3672
5750
1427
9049
9908
1707
3611
1873
3143
128
6987
8988
1284
8045
6942
2844
4748
1916
5221
1368
6371
5105
3965
984
1339
6749
9199
2195
6544
6259
7082
5133
7892
3441
9275
8405
3569
2878
2142
8354
1055
2613
8213
7394
5731
1381
7295
9492
9371
5712
8948
8042
7476
8056
7647
6407
5472
9764
6907
4209
5106
8222
8850
3100
4032
5734
1300
4177
3557
8860
5317
5470
1758
818
2295
2020
1811
6294
1216
2913
8229
7546
3490
9373
6972
3040
4897
5502
8850
5022
1602
8576
9553
411
9944
8969
3723
176
7776
676
5003
5994
8475
2220
8723
9358
7441
4257
9022
7582
4900
4602
7559
3141
8117
3583
6704
7684
762
2656
6128
9681
7090
7014
8033
5192
3849
8579
2924
4478
3376
9194
4788
3333
7231
5119
1816
6901
872
2966
6390
5474
6390
4140
5973
6319
2127
9510
4725
2919
5103
8569
4225
3198
4634
7661
488
1266
3246
9963
3645
3006
4059
5905
6084
4450
2182
6415
4658
3285
1331
3005
2629
8061
5898
8034
7440
6740
2986
5760
1086
6037
8548
9716
926
5698
6709
4850
74
7346
1581
3437
8184
5777
6455
2260
5395
1745
6098
4801
4476
9139
4091
6252
8813
6226
8623
1054
6766
153
6958
2358
6128
6246
935
308
5988
8844
3265
1387
7073
8344
7139
4184
5849
9956
9745
7896
2096
3250
3620
8625
4457
8002
8469
5134
3539
1081
77
71
7567
1135
2240
4899
1271
2730
2261
6759
4741
9206
486
3324
5313
4052
9615
7347
2188
3846
54
6028
478
1937
3463
1606
8600
943
7832
8648
592
3890
3908
393
2757
8339
4603
1196
2310
5201
6127
4646
4194
4128
2050
7236
1079
319
9189
5611
720
3383
7328
1354
4284
7524
3103
1045
9073
3675
2107
892
9115
8510
2220
4608
7516
2234
5516
432
5201
6959
5688
8174
1636
102
2888
9998
4537
2737
8095
9297
7158
1133
4723
454
3754
782
5985
8540
6064
6182
2794
2083
6270
6314
8396
3914
4776
5353
2792
4809
4352
449
2101
2136
5739
3631
5443
1054
3640
2823
4695
8945
6147
7780
488
4692
5166
343
1212
3197
132
4832
471
2090
2409
3632
2419
1966
3196
5035
3716
3702
3418
5313
5467
6378
167
4603
8433
7201
551
6699
51
405
480
6129
2353
5614
2875
2001
5748
7343
7067
6999
4808
6453
8737
1672
8697
1207
7641
8670
679
304
8589
8954
8284
2763
9672
2158
8107
9856
559
6270
6996
2424
2838
7593
4408
2849
3852
529
9111
4739
5238
8181
7076
4914
7478
8960
6384
1708
2161
1443
9318
781
4382
9586
1391
4630
8704
3057
2008
4839
3492
2915
1709
6732
12
1188
6492
4512
4732
3973
574
1295
5449
1620
5153
2437
4541
6270
2201
2507
5471
6577
9148
5920
1931
1794
2419
8760
2510
2553
5230
4644
7631
3659
7786
633
9633
5031
6079
101
1348
471
8860
8280
3291
421
1039
2738
4688
4050
5761
5446
8926
8079
6694
5281
9780
4591
6731
9838
739
7756
9180
3213
6134
9860
2811
2091
9401
330
2658
5898
776
7549
4337
8036
3999
2169
863
4308
9198
2363
7388
1507
7003
5984
1132
3844
7173
1971
877
7417
3547
3508
2834
3216
5945
8390
7430
7319
8813
7881
4620
2871
5874
3935
3721
2191
9800
6053
7391
8939
6035
3311
8441
9655
276
4096
2416
1164
9842
5971
8538
5379
198
748
6504
5823
9211
5315
6920
866
3392
7060
8646
7074
2324
3862
7270
2371
9771
2479
5041
2747
2511
5969
4137
8170
898
237
1922
3019
8304
2222
8971
3898
170
7382
8091
2981
7202
2078
5268
8203
1415
7320
1587
2546
8175
3876
8481
3416
2190
5195
7388
9703
453
3819
8873
8488
578
8987
5573
5560
8647
8012
7962
3906
6756
1651
1845
2188
6722
4180
1735
816
3141
2180
4849
6713
5878
2143
6286
9089
9392
5906
7176
7652
3874
4676
4045
1541
1059
6931
9481
1961
5825
2836
1267
4051
3169
8005
9630
3770
9028
2362
9936
3790
2543
5724
1282
8286
6834
253
9754
289
5121
1394
8825
6844
9129
3127
8376
6588
7097
401
8079
1573
9444
1458
564
164
1146
5464
4680
655
1245
6287
9406
5896
1531
1596
4562
7665
8430
7531
5282
5770
4382
3138
3447
956
7591
5458
734
2561
1941
5722
4755
1569
2058
9463
1897
7219
2051
8496
7857
649
282
722
9676
2183
6683
4487
1074
9836
3583
7839
6299
5343
5796
9435
6349
616
811
7084
5454
1897
5308
1954
4991
1099
9958
1318
6626
3800
477
379
6416
1212
9251
4216
6842
9063
8478
4138
4301
9775
2780
8887
5458
5601
6456
14
7046
9432
8187
2487
164
6878
3864
6140
1990
7937
6460
926
4872
9057
352
9075
5261
6732
6375
287
2644
1898
3015
1827
1703
343
8618
4036
9335
8123
9276
3160
1770
2519
7127
7640
6105
8471
4203
1044
4818
7634
7703
4683
1465
2176
3541
5596
706
8302
6415
1100
6028
5091
6250
9368
4110
2692
2846
6607
5626
190
2847
5330
8480
7515
5718
4945
951
7661
8325
5401
9036
5167
933
7036
4392
4338
949
4874
6731
5993
4577
3650
7228
4672
721
602
7599
9163
5908
6685
2846
7998
3791
3275
4374
8119
7891
661
4136
9294
1612
6658
9834
9090
5299
8538
5744
3183
6127
9132
3751
3633
2931
8444
4334
3386
4776
5393
7881
8685
8979
429
2524
2372
1612
8655
5892
106
1086
4837
4673
8412
3310
6219
7667
8185
5141
6405
5164
9772
1373
3751
9865
6078
9330
681
2361
8280
4304
6122
7188
4677
8511
1878
3900
6976
6053
5163
1236
9858
6421
3744
1475
9089
9507
7190
6390
608
5781
7573
5790
8051
6336
5639
4624
8992
8822
3936
4828
793
6960
6679
3656
5450
3272
7255
1126
9029
6946
8142
5368
5389
1353
4805
6184
5775
8610
4620
3892
5546
1818
4254
2708
6815
9121
4101
5285
1118
7566
6338
7827
9343
8897
3961
3211
7104
3885
1775
2958
2514
6568
6701
7532
9866
4848
4028
8483
7128
9322
8251
5229
7364
7912
1995
3896
4166
9891
4209
5575
9057
9251
9256
6592
4413
3991
1862
3951
8929
4874
8954
4958
3896
4495
8341
1253
7641
5047
5937
3929
2356
1127
7754
8264
2255
2082
232
3674
4482
6970
2669
6947
4541
4011
8478
4579
6143
5574
7771
3034
1309
9200
2413
4189
331
4951
6067
6853
2771
9430
6005
4266
50
7261
482
1796
7391
1494
5345
8646
7876
5450
6192
2345
4210
9839
7893
5030
4414
658
1561
6060
6118
5305
183
6410
380
6668
8012
6459
47
7483
5582
255
9528
195
1706
6198
2573
751
6221
6153
2160
8289
2363
2458
1886
6506
5674
5052
1438
6666
7091
8957
9621
6652
1516
5779
7222
5235
9555
1514
8517
5864
9332
6990
4667
9611
7366
6551
4383
2685
2303
5216
7308
9918
3009
4482
3350
1973
2957
2183
6844
662
6191
2369
7879
3764
6191
7045
4366
7952
7938
2784
7513
6069
5161
1723
247
2883
9310
8279
2833
1648
4154
9989
2420
2347
67
3382
3615
1312
5025
3471
5268
1074
5163
8534
4643
8772
6315
248
3867
1185
9389
2870
5173
4598
6649
4189
783
8055
3041
5282
514
9306
6508
5697
5181
3763
3959
5649
6703
8118
4989
7040
6441
1929
3773
673
1758
2446
638
7916
7034
219
8735
1218
9473
5622
7982
9422
1867
9317
7961
574
4250
2923
3829
7092
3829
9635
4452
5560
7922
8427
9967
6167
7775
9576
6745
4877
2062
3744
1354
4760
7648
1611
1531
1628
1746
6145
1385
3083
4002
4986
113
9416
9246
6158
8366
9397
1615
6322
4036
3938
8638
7133
9773
5852
9451
1919
7752
4484
4790
1849
3407
9874
7671
8044
8668
2261
2709
3677
7050
9278
8945
7984
7429
4950
5737
2355
713
1752
3766
7169
3789
9414
3553
6900
8088
1890
2008
144
5918
6974
3468
712
6303
1433
5460
5680
3499
8156
992
6394
5573
886
8542
8817
7468
6335
8143
332
2862
3163
6947
1118
1743
2184
477
9582
6152
2444
6432
2945
4804
3345
6318
6093
8411
3886
6481
4015
1458
6232
4158
5805
2880
2372
6063
1051
7668
9381
6714
2673
3763
948
1227
3808
3761
269
2609
137
8939
2117
6742
3257
3906
3
9158
5098
3774
7657
6520
8229
2176
2802
2232
1923
7663
5120
46
9294
8083
9685
1685
6521
7378
1687
4540
1175
6899
8276
3308
3045
3840
8527
5077
7480
2649
3142
802
8227
1413
1341
7399
4045
4103
3581
3726
922
1310
5248
631
9673
6633
8263
9922
6866
3237
4664
9646
5563
5279
8656
3368
1221
1847
1372
9286
7210
6882
5636
958
3910
7132
6403
5184
5076
1624
6198
4163
5311
336
3930
8399
2812
6842
9689
4077
2337
9498
7821
3599
4323
8456
5468
798
7433
1232
4011
3017
3470
7869
6417
631
5547
7831
4370
904
2686
4681
5205
7103
6598
1315
225
5708
9310
8088
2726
4236
3493
8501
6200
9703
915
2289
633
3091
8218
3728
7530
8300
3431
3785
2363
5026
1054
8306
6535
3758
8335
893
9582
7668
454
8312
6392
535
7721
8343
3462
2067
3616
4826
2891
1982
8517
2309
2697
2005
298
3216
7317
639
9649
3712
2681
8940
4900
559
6150
6833
8440
171
2757
8570
4379
2815
5716
2808
5033
9422
946
7476
1999
5849
2482
2136
6121
9588
8091
835
9494
6899
2135
6601
1787
4131
5795
4672
2651
5603
3125
5311
1725
1840
5103
8633
7870
6166
2829
3252
9644
4719
5321
7753
9738
4797
7005
9011
7146
9110
4889
4191
2147
8990
5691
3898
850
7914
8726
2416
8007
7770
1224
7188
9074
4258
8960
3819
5089
4493
6533
4717
6843
9459
8460
9222
8024
6309
4381
556
531
636
9070
269
9027
6890
712
3982
5905
5823
8980
3166
2347
1518
7763
6484
5886
6935
6136
755
21
6140
5121
6025
6788
3440
7098
1397
8934
4488
9371
8289
4347
2079
3275
5634
1754
9871
5515
7127
3319
501
8935
4115
6768
737
5809
8955
6929
5152
7922
2757
4149
1603
4201
8303
4982
6274
8473
3624
8719
3460
7019
4258
1897
5368
8069
2485
1715
257
3078
20
8478
2968
2718
6553
6625
553
8873
308
3691
7079
7596
8358
6616
5955
7019
3819
5255
5135
8453
4239
3601
432
8605
505
319
4820
5702
8441
1475
7107
2617
5851
23
1612
5600
6273
8576
1640
8111
6912
4235
3397
5442
2327
6890
3785
7277
7328
5241
5001
2177
2214
8057
1244
85
1032
1690
8008
6364
8808
8696
2395
3655
6893
6577
3687
5870
6465
117
7021
2020
9013
5555
9412
6249
9203
9932
6624
4458
9899
4356
1399
7187
1310
5615
8431
3046
6256
6630
9129
6948
1360
2554
9692
2591
9600
5970
9304
9229
3120
1631
1380
8635
6444
8424
9682
9329
9313
3861
2879
1652
5263
4278
5648
9060
6723
2143
1775
8146
9979
407
4877
2312
3611
2654
5349
1782
2187
6971
7927
5670
2931
920
2864
227
6841
4752
5127
1023
7303
120
263
5869
8643
1924
2605
9551
4240
1642
1366
1067
8850
1537
2808
9033
2593
444
2177
1103
4722
3515
7367
8864
3690
253
7393
500
6353
7438
2658
9711
3158
6143
731
872
8098
4928
909
7218
1887
4533
3156
960
4322
2890
2212
1671
7129
3134
5629
2029
1712
1431
5275
8042
7193
5903
5465
4287
2859
2725
7285
3324
5733
521
7906
2490
8357
9623
5723
564
4078
8452
7014
1390
7125
5292
7480
1529
2608
112
2483
4203
7192
7673
3137
2387
4636
191
1461
9750
1675
5049
6747
9349
8773
665
7014
6448
7158
1516
3978
3669
8266
1538
7288
3788
4218
3632
3974
7909
8266
1856
2020
4508
2314
2046
2769
7908
4518
6025
5457
3075
3773
4399
8623
7346
9444
2977
7314
8681
4086
8268
2122
4323
4096
8229
5856
3395
8259
5459
6397
1876
6953
1356
9712
8642
5431
1436
5308
6837
3040
3940
7525
5668
6488
6165
9955
3950
9353
5512
7033
8165
1911
5170
6359
4665
5052
7545
7685
7710
9568
2093
9661
2516
7414
8025
3396
5187
4688
6538
2711
9502
7007
1643
4542
3857
6735
3494
9369
385
8075
3145
793
2233
425
3126
5393
4313
2609
3887
8889
7436
585
2223
2257
5694
9064
4117
1962
2184
3109
1082
1745
8722
9227
6050
9496
1085
6723
2144
1688
2475
9183
5239
9544
4401
2782
9130
5679
6004
2883
322
7285
9931
2836
8013
2122
5318
9261
3644
6531
6202
6188
3569
482
6683
6411
7829
3295
2610
2164
7836
5057
3150
8766
5809
3000
4686
4334
9242
9156
3724
5781
4379
5445
5150
6398
3705
5013
7095
3084
3790
4138
3913
1969
1489
7295
4330
9577
8439
9071
2698
2986
6108
558
7458
6460
6186
4562
2433
3969
4067
3502
3345
6654
6336
6262
4098
1856
6722
5370
4791
5606
8828
3914
6166
3643
8058
2350
3248
6945
9677
8985
4326
6550
4671
4334
75
8970
190
8759
1635
7949
6739
4872
5759
443
12
997
9772
4772
1273
9689
8994
6671
6536
5766
4553
4629
1444
1601
45
9341
5709
3540
1376
3358
8257
2202
5315
6097
1787
1174
8755
6249
3391
3143
2516
8334
6061
9841
612
2646
4456
2390
8369
8169
7114
1559
488
6166
6492
3286
3241
8095
7621
3382
3332
5271
5978
6776
9636
9265
5262
876
3048
1395
6139
9658
3952
6903
7760
4972
6447
4374
4858
4187
3423
3812
4598
8800
6774
7401
8960
6915
2652
5445
453
3606
2478
6218
1177
7088
6655
2541
7883
5353
9386
9798
8562
7473
9830
9773
9297
6109
6941
2221
3665
2957
2760
1406
776
6818
1680
7971
2240
4774
1272
7434
2745
569
3597
5408
3780
702
4656
6167
5064
7945
3576
5598
3673
4098
2473
1758
6572
8569
2543
6272
8260
7108
1844
7634
1609
5444
5509
3101
6589
5908
9659
9312
8572
1191
6164
3047
5154
8335
6598
2581
8036
7771
185
6997
4407
6741
2397
5518
475
3825
7931
1405
8329
1447
4258
5321
6138
6196
9674
1181
860
2626
2821
3435
2093
4761
9048
8550
5456
980
2626
4944
4009
2166
2864
5099
6591
55
6448
707
2690
2564
7961
6747
4466
5554
5461
3219
7908
5957
8265
3862
6728
9485
9602
9669
4584
7249
7706
1249
3489
9519
5080
8165
8841
1609
7164
5248
4430
6380
8436
5624
3974
239
6116
7644
9271
4646
9054
8277
8881
3159
2129
8640
5419
4793
4561
8283
3986
8109
3881
3614
9056
6848
6009
2426
2202
7156
5867
865
8479
8487
2268
1364
4958
5129
5451
113
960
2949
5532
416
5851
6466
5434
3947
6938
4597
2362
5359
6941
9585
7800
6956
7810
2490
7173
9209
5239
371
6799
9785
6125
4823
7586
8467
9432
8896
2038
7818
9465
9567
3551
9809
9363
5951
4749
6733
1800
9178
4658
685
3334
8519
2872
9652
8611
9720
2560
9819
747
5759
3159
3100
4566
7255
7900
6070
137
9640
921
1521
5037
6850
3681
6651
5124
6783
608
2561
5255
2050
9475
8159
3335
658
2883
7845
3380
5181
3391
6411
5829
5697
6341
6488
6288
1314
1222
3557
7059
7456
4554
1054
9353
1262
4673
3439
7926
5404
1591
8189
4018
1448
3096
8687
6943
7460
1694
8667
9448
1002
5634
5516
7064
7864
1251
4061
7043
8938
3203
4707
8216
2491
3753
9776
9115
6754
2213
9742
8055
8214
890
6663
5500
4325
4446
5585
6019
5401
5440
5947
4415
9422
8
4065
8177
5175
4133
4695
6330
3718
2765
4348
2950
5502
1146
1538
2156
629
183
9484
212
2750
5383
4900
9531
2846
1979
2481
8835
7781
7224
8425
3499
9904
4498
7913
199
8211
2894
870
371
8643
237
7506
7722
909
7114
148
6045
1916
4423
711
4926
1371
7207
3779
2594
3383
3061
3712
7110
9032
4319
465
9394
8755
9365
2869
4137
152
9920
12
7590
6341
7993
1055
4397
2355
8242
1328
9186
2234
8989
7873
2473
7435
7829
729
4550
8006
5852
7225
5555
1520
7861
5267
4618
1248
4649
8217
6137
4207
7403
8324
6593
1823
3580
7867
1038
762
8266
7185
4428
9163
4912
6595
9287
3987
4621
4815
7870
8481
3697
9979
3910
4861
5046
580
6371
6240
188
2743
5154
3549
5160
7130
6645
7732
5358
3463
5199
4885
1520
3166
5160
2114
1460
956
6884
4932
9929
4327
9358
2761
2007
5846
1487
7717
3831
6918
3888
3290
8120
3261
3114
3741
959
1709
650
2083
635
5163
9713
4373
8883
7526
3924
698
9896
3261
3268
8727
2646
6868
4384
3985
7642
6008
4212
2111
131
8268
8290
2276
7897
5638
7583
7672
3338
2634
627
8507
6296
3739
981
5323
6226
3290
3510
5595
9739
6320
6857
4552
2285
1942
3614
1963
799
1860
4164
227
7510
5307
4939
5522
3794
8317
6931
2989
6929
9612
5691
8997
1946
7560
9771
8336
5360
2713
566
1923
7523
8218
2890
1000
5553
6042
2232
7180
9396
412
1618
3724
9387
1111
8294
2407
4919
8348
7999
2026
280
7817
2531
9151
5538
9248
4499
9076
7484
4248
1697
5105
8055
9597
2352
7256
5420
235
1674
7285
5957
2184
9583
5534
3727
9373
9258
6492
7722
9907
6265
4236
6176
6734
8386
5917
1511
4824
7029
1324
9128
2003
2072
9243
8179
3426
3380
6775
2692
254
3855
6086
6996
1611
846
4176
240
5110
5040
5135
1003
5326
8509
1125
4462
1492
6529
7837
1424
5361
958
2537
608
7710
6525
7983
3033
7281
5190
3469
85
9086
7897
5044
4899
9943
7513
560
80
7880
1500
1613
3426
8616
7982
3681
7368
6704
4239
7790
7092
1136
2408
1902
6965
5181
3159
7884
4808
8114
4482
386
8795
2055
9358
7268
2317
643
3047
7292
8040
7495
8011
9737
3527
1493
2067
2306
7327
2805
3285
8237
6217
8274
3320
898
1417
7279
9450
4292
4010
9537
4365
893
7572
4415
1961
4007
9041
7288
6813
482
7251
2231
4804
977
2222
1904
2450
9251
7298
4889
2900
8966
529
7905
7242
6344
1307
5372
851
9703
3219
1588
5768
2354
4294
1435
1821
3647
1394
3973
1116
4052
6376
9542
2828
4074
7817
5052
7784
3542
3592
4046
5263
7334
6413
7812
7622
5964
6545
1305
1896
4636
3347
3016
1358
2317
33
988
4174
3204
4111
8207
742
6540
9313
9276
6101
7165
3522
6920
8852
8417
1189
1205
3476
1013
8052
6579
8596
6438
564
1856
9799
1000
2401
6047
1955
7192
5634
8639
2608
2317
4728
6313
5003
408
7387
9383
6563
2402
7455
301
6240
1254
1565
3464
2044
3234
3055
248
8282
3964
3756
5700
564
7966
6739
3666
5448
3432
783
5232
788
9744
463
1334
2271
3852
4050
4130
1431
3065
5156
3315
496
6004
3012
2935
9849
529
595
1460
4572
7307
9431
2875
7585
333
4833
9390
8212
1220
5582
6980
6685
2354
7602
3428
7027
5099
2075
4816
3052
3188
4593
444
4800
8122
3458
8077
5634
2979
2044
1113
3419
3364
2254
6743
2749
9398
3529
9545
9024
643
4619
8048
9309
6623
3386
2769
9396
9226
3260
2982
1254
9676
3677
6050
129
2001
5794
7538
5980
6955
4106
2510
9629
5214
9199
8452
41
6327
6801
8038
5478
380
3542
5649
7929
2629
392
4951
7190
7457
618
6124
8205
6922
266
405
2923
900
5693
6487
5782
362
4453
8010
157
2679
2995
3900
1648
8022
7021
3634
2900
8879
8130
7623
3812
542
3421
8883
450
8975
3077
5907
5760
3930
4679
8214
5251
9379
1934
5460
1229
385
9860
8174
9890
5379
8071
3199
6560
5491
8707
9735
5769
8044
5867
2530
4441
9622
8880
7195
8485
5224
2680
8879
5321
3928
4704
9640
7476
8228
9222
1690
5286
3733
6840
3424
9945
8287
9004
2634
1675
4716
4793
6649
1625
9410
12
2240
252
9713
6669
9134
9416
6723
4278
9681
186
6496
3107
3833
3425
1900
3514
2951
5665
9382
4776
8183
8455
9789
1469
9131
5405
26
5381
6369
7494
2830
6171
7013
3857
5234
4566
5967
2214
2363
7728
6763
402
2176
7643
4949
8048
8442
9837
3890
5311
3820
1559
7536
3865
2239
5683
7216
3774
9959
9007
9851
8797
7655
1375
3095
1777
1676
5108
8880
1242
1224
2594
594
124
9598
3567
683
7590
1928
2613
4872
5376
8789
1721
6371
717
5015
2353
8480
9026
5640
6396
6784
769
6413
5643
2801
8666
4597
4981
9378
3296
6872
5340
4375
7461
5097
8641
3289
2257
7390
8480
3311
699
1534
7072
1036
7946
75
1125
3540
727
1641
6724
7866
2374
997
6062
7107
4042
1112
6901
2189
7147
4172
9029
7256
6836
4828
645
3106
1377
8248
1615
7513
7785
7541
9830
3487
9670
16
1528
6503
9370
9360
6379
9585
2724
1338
3357
731
1516
3891
4001
658
5581
8592
5520
45
3836
9393
7387
4585
1071
6243
1558
3010
5281
5786
8263
7936
8478
8631
6427
1932
2475
2879
217
1487
9989
6596
959
9730
518
7651
6712
4655
9941
8013
166
3420
2566
952
9213
4816
4415
3869
3529
1402
6960
6478
4816
6
1225
3962
7961
4301
3195
7345
5324
5959
2820
8832
6585
1580
529
8151
2154
967
7165
7028
9010
8646
5505
2851
4015
4547
4112
9305
1256
1689
7192
1299
6751
8379
7320
3859
6001
9966
1421
9827
7278
497
4260
9199
6304
7767
7807
3688
6016
6206
9332
3758
8483
785
5855
1731
4744
1717
7650
3845
2294
4117
8930
6156
9280
8945
9520
4037
9089
1624
7381
2697
8904
2485
8161
6616
1113
8877
4615
9086
6941
2207
5698
9152
7603
4409
2397
2155
9418
7476
4974
1831
5848
6507
4181
6418
1201
1456
7218
8632
7889
5277
7749
9489
1538
6471
8103
8955
6006
2181
954
2196
3413
3923
7241
8796
2666
1813
6847
3726
3628
4714
8652
3083
3095
3102
6992
4663
3029
8672
2236
3258
1134
9692
4244
3275
8784
3943
8805
6719
1549
1723
8784
2886
3141
9835
3700
7221
4453
3731
3704
700
5557
9082
6535
7834
9
5895
8923
924
7636
8015
7114
563
4073
8368
4735
7531
2776
5600
45
9226
7952
910
8760
4537
4941
4844
3115
4706
7918
2543
2608
4115
3478
2524
6932
4158
2677
8476
7029
5429
3382
5718
5904
8285
9418
3998
6846
9508
2934
6131
3076
3290
1638
7596
9455
8036
3127
5678
3871
6589
4392
7993
3192
6402
5776
9294
6266
7902
5129
2364
4335
3848
9751
3475
7458
9811
790
5430
4057
6097
7229
1492
9539
4401
4321
1674
9094
8273
4387
8785
9237
5070
6275
5399
2436
8506
3447
4490
9251
5121
9654
5847
2819
5038
5487
7593
1222
7232
8669
7130
4310
2204
5940
8676
2880
410
4574
5164
9775
3131
7178
741
4407
3519
4238
6367
4519
9509
5115
5072
1548
7006
9626
5321
8886
1283
9226
640
5524
6900
8841
1147
1111
1615
7911
7994
2270
7706
1901
4796
4204
4983
3600
1145
6041
3283
6917
2004
3173
8746
4538
3393
4936
7318
4825
9126
1349
1042
2633
5597
8368
7485
3341
1576
7133
367
9316
7846
9014
9904
3311
7103
4923
4685
3791
8023
4307
2994
3111
8632
6539
422
620
3221
4980
2317
9257
3883
1908
4192
6037
2508
720
528
3906
1516
321
2616
4917
1999
5474
9020
2392
6007
6034
8070
2804
5725
7423
371
6480
5997
4518
735
9919
8265
1190
3197
1482
3336
8127
9772
6562
7631
2307
3505
7919
2540
2495
9006
1821
9361
6480
9156
879
2905
7432
4945
9995
5328
8693
6532
2742
7987
8624
7495
1657
3202
9695
1015
7430
9685
8913
6228
8768
5086
9901
5378
6857
6653
453
7542
5744
6259
3248
2682
2729
9261
1531
580
909
7535
6054
2796
9370
5839
4340
2241
5233
7201
8404
4124
5728
7427
2495
4154
7780
1011
8111
4652
7238
755
9575
6952
9767
1210
9796
8918
693
1690
2493
9705
1661
8077
4115
9996
7788
3859
5969
4859
227
9948
4672
8103
5518
9693
6901
1540
4926
204
2679
9933
4070
3608
9927
2562
5597
2200
1861
5312
5387
9549
7960
3006
5826
5612
8694
277
8073
7629
3990
707
8914
172
5471
8192
6785
7088
2940
1515
5871
5281
6264
2987
6793
5294
4862
4663
7330
6458
8312
1125
6867
5022
3275
6115
3817
2124
3867
1409
6146
4722
4908
228
1273
6671
48
4221
3172
9022
9675
2590
1251
8322
6740
4291
7735
9180
2129
9381
7706
2732
5069
3613
8697
5710
8217
1108
4777
5826
1501
3593
3472
7915
3613
1071
2495
1836
5099
8039
7309
7559
2408
1403
9809
5023
7982
1093
3049
6382
7468
2045
6870
6064
1519
6707
4525
9718
6229
497
959
6562
3301
8766
9260
903
8227
2712
2996
7678
2429
3454
8631
3742
3153
7963
4030
1347
3156
7969
6171
2726
724
3056
3635
5064
9427
2194
7156
3243
6142
3724
4611
3700
5346
2406
5155
6509
7461
3572
923
4352
9121
8654
3702
6444
3618
3394
8273
2674
517
9880
3758
8211
4440
6257
9236
1688
4361
3400
119
662
6410
6156
7363
6542
5136
7843
2439
7400
472
633
7167
1183
203
1149
9037
3694
681
180
9409
5447
1693
7727
4141
8974
4969
9804
3596
3513
9600
1374
1744
7121
1830
579
2111
7215
1126
3064
1728
9297
9208
1563
2871
192
3811
5195
6423
6524
4370
4907
9954
1332
2479
6405
8268
1750
6071
9530
4082
8509
2552
3562
1733
3620
2781
1192
7400
6081
4774
16
5168
6691
3268
9332
9441
2121
8857
1727
745
5302
8342
3511
3704
3858
6127
5368
3157
837
5024
4820
6764
2319
3675
4999
231
4603
6943
101
4312
9629
5075
6419
1131
1052
7255
9329
1053
4955
5194
796
303
8569
2861
9016
3872
7574
9139
1678
7837
7558
1217
6975
178
8032
7886
1982
9402
8047
3531
6313
5846
879
5609
67
1417
1547
628
8987
9666
4956
6283
6493
9639
4383
276
1785
3718
9699
9557
5564
1800
2224
7266
85
1584
8458
8479
8255
7494
8046
23
7231
8809
2284
4077
5638
947
8248
53
9895
2531
177
4357
4386
4856
4150
2998
2261
9689
4268
7751
8478
5946
8597
2605
4397
5725
905
3545
3692
5421
9903
1387
2648
8195
1126
4343
4000
9961
7847
4263
2422
2199
6498
8093
1450
1442
8965
3983
6209
7049
8788
9716
3655
6030
854
9601
2182
6089
4453
4884
5477
5826
7717
1808
1238
4074
7422
977
4016
8716
1869
1407
2837
9032
6144
2767
8497
4591
8450
9707
2464
8017
3383
2856
9164
8610
3047
2148
6107
8665
9729
9420
1785
4661
4467
8922
9558
973
4319
6295
6853
4683
7386
8902
2922
6215
8714
2933
5111
2027
2093
5645
3173
2403
2448
4282
3471
9495
1068
6776
104
8207
1186
3124
7964
5251
4607
539
3531
9764
997
9899
2788
2246
226
5792
2098
7261
4706
7578
7076
9325
3082
4249
6539
736
8801
1599
3490
4691
7113
6254
2736
6993
1873
7419
5220
4877
9146
3874
2450
2048
8071
717
511
4895
692
7596
2042
6024
1541
7795
6312
7734
4647
5429
2066
9908
326
6197
5143
3849
6641
5693
3071
6081
713
8106
1792
3836
3242
7275
5468
7037
5487
1550
8940
9929
1767
3665
3802
9208
2089
6946
3302
4498
8895
9530
8303
1301
9133
9042
6414
6212
7841
1146
9047
9073
2281
6776
6641
7024
6289
4453
591
944
2927
6104
1517
5646
9836
7035
7422
1378
5695
3328
2025
5679
8151
2809
3088
1427
3201
8969
2910
9062
3592
719
8342
8373
9074
4725
5625
8002
4499
1207
6174
8863
2707
8539
3024
1048
7889
6778
4059
2467
1705
5340
7392
1480
8792
5416
6292
5059
531
3473
5913
8667
5930
8166
