5527
8701
8461
3419
7665
3735
3677
4825
4543
3552
1976
8331
3976
941
9274
3770
9937
5755
6775
8717
9540
9366
7133
8748
6765
2351
9888
8434
4075
6753
6440
3064
5772
9156
7650
2440
2375
1109
7790
9748
3625
8922
7021
449
8817
5797
813
8428
7077
5387
8830
9222
6915
7395
7649
3038
3951
2625
1413
3513
8046
7012
2003
1648
6248
1607
5643
8234
5928
8202
6006
2210
3279
8387
4799
6855
5972
7148
9599
511
5132
833
5273
3598
1092
3291
9678
9107
9352
3306
6587
9446
8087
1047
8723
8552
6172
1216
1688
4526
1186
5793
5130
4683
152
9853
1005
1882
1867
9782
9990
8274
8580
4420
6245
195
6549
6141
7521
5831
9476
677
2401
5487
6255
1640
8891
2835
4562
8104
8949
4335
4848
1359
1663
3193
5047
11
3716
3652
4948
963
9577
1227
570
7500
5383
4556
3123
4701
9899
4944
4168
6684
3116
388
8461
9836
8072
1919
8603
1103
4292
1392
1126
640
1886
1550
1915
3723
3791
1119
9987
7631
9892
9985
2542
5452
845
2079
947
215
1300
6512
6863
9573
1913
691
40
3395
7073
2701
4520
4021
550
4056
7930
1717
4450
8075
9357
5904
7767
3611
4891
6100
9626
8624
6344
5201
8837
3188
7879
1741
5810
6920
7323
7027
5038
1518
3796
7733
6396
5148
942
4399
1306
1729
5549
1579
5463
4831
4612
5910
3266
2869
4
4250
340
9533
8856
5221
9636
995
9433
3970
3457
9341
6887
1795
8461
9864
565
9372
3213
8409
4775
4773
8163
3776
7832
5201
6079
9350
51
4419
6889
7589
9918
6232
4677
767
9103
8048
6118
1468
1213
7553
9043
6721
6209
9832
7017
387
2271
1886
818
9411
9569
6430
526
935
5868
7111
2585
8860
2175
2821
4622
461
7775
9658
7077
5902
7878
5287
4780
6096
3842
1916
3485
7256
5509
932
6065
3696
7480
4351
597
3966
6391
5672
7868
9238
4171
5468
8988
7016
3105
5097
4732
7713
2081
5301
6986
6388
9859
5125
9269
7056
394
588
7653
2366
7310
1861
5632
7147
9460
2289
6488
375
7187
2574
4514
6424
9361
8627
2104
3129
4581
2208
3168
1152
6005
9296
4575
6402
8233
2340
6407
4881
6329
9023
8707
7183
1688
1995
7066
8132
6734
1119
1945
5530
658
2242
6913
857
1344
4217
9147
3892
4450
8978
1467
2701
9190
7831
8946
202
1806
808
4713
8618
1920
4918
8935
3519
4013
1452
2188
9868
6141
2099
9400
3518
627
8577
3413
2940
6994
713
7815
7609
5666
3479
7145
1446
2058
4348
8851
1981
4633
8517
5431
8506
7187
1040
7093
5353
5195
1729
4939
9691
8389
779
2224
6726
6905
530
6536
9034
6336
1503
8878
925
7780
8915
6605
3170
2617
9239
5899
8219
8127
5073
6057
1131
9329
546
2238
6803
4426
8835
5531
9846
6112
7943
9196
9441
8665
865
7755
7871
1224
1469
1267
8055
937
8009
534
2401
5768
2044
277
2539
5685
1712
6360
7099
2655
4805
70
2610
4426
8926
7102
777
4430
3061
1460
3959
308
7417
4769
9470
6530
6048
9661
2507
2367
9885
1805
6948
5111
6149
8952
3056
9806
3809
6911
1200
1016
3723
1771
1112
9185
6441
4860
6919
4000
233
1988
9181
9835
6854
1277
6556
3817
2817
4576
1320
5382
9455
5874
4946
7253
5980
6393
2237
1708
5888
108
5071
2735
8560
5336
9726
4209
4737
7736
4989
6580
6637
7549
1724
9710
934
9255
8474
7526
5554
4950
1783
870
9302
3686
4391
8613
6705
7782
9249
3447
9132
3698
2367
8040
7257
9421
2925
9266
9220
2537
4778
3077
3478
3164
9520
238
5266
3731
7605
3656
817
3237
672
1287
4067
7070
5189
4730
6426
4723
4815
2541
1392
6808
6425
8998
2258
9671
2714
3626
2984
590
2438
4111
9432
9074
7922
5426
571
60
8282
947
7015
2986
5969
7152
7330
6643
3691
2066
881
3459
8566
9081
9698
8466
428
1941
828
7564
1614
3805
4944
6901
6279
3068
6598
202
8304
1357
6439
3699
8206
4560
5978
8938
1100
6043
1001
2208
9734
2321
639
5582
8898
5357
5265
8627
75
2404
7881
1748
8137
3815
473
1796
5054
1658
8938
8114
9168
7059
7591
2484
2363
2258
7031
9607
1658
4089
7196
5657
6188
9228
797
1249
5320
7977
1011
1701
8743
2550
1297
1878
4763
7902
4531
5081
8756
7969
3234
5484
9748
7870
2640
1404
9439
3091
3568
2372
4633
9964
2631
6367
990
7871
3179
4891
3314
2480
1556
2575
5156
1108
9750
4952
8424
5792
7307
2684
1904
7029
2525
3056
6108
1313
5345
9876
736
8572
2120
1062
140
1384
5500
9107
1688
6484
1030
3431
1681
461
5741
5140
3547
5802
3023
4154
3476
437
2348
5811
9335
3855
2063
9106
9754
5461
8378
1522
1589
6367
3931
6046
5647
4098
4863
4432
2484
760
6216
6991
2403
9189
1633
3317
6332
8279
4838
185
7182
8257
7198
2591
4499
9019
7754
1408
8728
9806
9579
6443
5281
6467
9028
6823
2706
3381
2529
1585
3770
659
8923
2109
2989
3724
4035
4583
9266
1548
8173
5109
7689
1884
6529
2235
244
6696
7109
1694
1221
8631
718
5996
9458
9878
2796
7101
6180
8034
7444
3903
4176
9712
9848
7452
1332
1538
4497
5991
9115
9905
3084
8683
4507
5408
7779
1676
2112
5224
2689
2616
1669
6878
8752
66
5050
9797
5047
2398
5969
6873
2572
6707
5102
6831
4904
2026
3064
9634
3826
2705
3824
1369
7032
7200
1487
2119
9284
4727
4127
164
8054
7213
9360
8515
9589
6847
7679
5295
1593
117
1244
7724
4281
7713
7768
612
2409
5891
1406
4165
7094
9015
5176
2611
7701
4826
2298
4755
917
3729
7088
9850
6211
869
9537
7409
4344
5110
1582
7503
8320
2144
7171
8918
4228
9924
2749
6144
2793
3373
9524
2551
1150
1870
3964
6388
8322
7435
8411
8240
7216
3700
9357
3453
556
5781
7002
692
8101
8988
6024
8285
7760
9929
4140
3287
3745
7037
2020
4315
785
8778
5380
8103
4627
6900
7654
1471
5494
8952
9569
4933
3026
8988
153
1530
8328
7917
2219
4630
1172
5239
4215
1428
8162
2078
9496
4653
721
1338
3493
3619
118
4603
9091
7138
456
6943
552
5081
9508
186
6774
2370
1629
2420
5345
9086
6553
6482
9916
2995
2856
3035
4725
6320
5063
4439
1765
6827
8989
4105
8060
4460
723
2252
2774
8599
871
3067
6471
7817
7169
170
7760
3510
5379
6950
5735
1130
492
5880
191
7933
7700
6226
5398
4130
5364
2690
7384
5102
212
8510
9136
5965
8427
5245
2907
6174
4920
8100
3895
1091
7115
0
4973
9478
8841
9816
7858
729
4585
178
2115
3329
4259
8121
9775
6493
3900
7428
9930
244
8263
5016
4697
5283
7148
4934
5181
2917
8479
2654
3646
7056
7645
9171
6052
4807
4421
9182
7267
9569
5905
65
9835
684
6355
8765
6002
6690
2513
1757
1845
4991
6113
9278
1822
9396
3596
8715
1849
8365
6756
3646
9050
1041
7038
4416
6802
5186
501
3295
4327
1005
99
2321
1176
7478
6834
4708
8252
3330
1621
1372
8669
3043
5217
2547
3735
9427
4469
739
1584
8160
9304
5331
8604
6479
6372
1042
6678
7702
2078
2133
2505
5626
9838
1773
8748
8041
3833
1287
636
6530
4298
7152
5766
561
7397
4565
9343
7441
6149
5128
1834
6161
7529
2821
1139
2344
4854
6770
6761
3584
3896
1555
9162
9304
5764
5766
3547
6921
9532
7397
3623
6600
2837
247
7554
153
9225
8970
5282
5758
6900
1686
3668
9074
4703
8113
3491
3077
7635
8075
237
3449
6078
9951
8842
3756
9938
1116
1058
4758
1419
2770
2955
5222
7828
9662
9230
7379
8911
1193
453
8755
1566
4113
9139
3563
8469
8616
662
1019
6138
9017
5374
5043
2265
7394
9064
9597
1786
3583
9860
6644
6048
7746
1061
9132
9731
2349
1004
9735
5687
8861
3066
7176
8766
716
1130
5869
5855
8172
8487
1347
874
2585
1003
3487
252
7289
8614
1899
6545
9827
2731
3003
5296
5553
976
6302
2942
5794
4824
8152
1690
4696
181
4935
594
7623
5711
3937
781
587
8804
9500
6772
4534
4496
4023
5116
526
8336
8248
6216
1872
247
2951
5128
7077
2756
4622
2373
3104
3604
993
6350
1915
9748
8426
4815
4497
6992
2024
4070
5650
7116
1114
992
9719
2243
7255
4856
2124
4420
9297
3003
4072
6890
171
6855
8145
2391
3080
2520
594
2953
540
3270
2132
5146
8329
9563
2747
4477
7829
5958
7664
2756
4451
3258
939
2630
6893
8530
391
4197
1826
5266
2571
9649
1278
889
9291
3227
5448
9034
7877
5408
1993
9615
5756
2230
3913
536
6243
2916
2103
1103
6469
1559
5335
8670
268
1523
1
6881
8565
4428
4300
5968
7267
9124
6692
3011
8041
9876
6458
2798
452
7154
4964
7996
4894
8864
9850
698
4526
4660
776
6096
966
1021
4578
3033
2901
238
9738
5481
8970
2094
4921
3621
6273
3129
4005
3125
3681
4637
487
6494
4790
7260
7469
852
8751
6971
5513
2469
8524
4513
9569
9468
5146
7970
7916
677
3482
6026
600
361
9666
7691
2187
5731
2883
2799
3849
6517
4536
6407
2736
3680
5923
9404
2424
7340
1527
7066
6789
2429
8763
7089
1118
4203
6611
8729
8440
4779
4953
5050
6170
6146
3597
1016
7951
4749
5034
1187
8268
7621
7743
2101
2917
357
7532
6103
6638
2713
2823
5300
385
8513
6079
6659
4591
2747
7605
1784
1524
185
9881
7862
9359
6692
242
9461
2971
6517
7266
4374
1585
6271
1531
569
1429
9049
4534
5439
2309
210
536
3005
629
9707
4834
9513
7809
4516
8533
2948
2262
8735
4304
7383
5149
8217
9767
8803
4977
1216
5190
5068
3772
6468
9990
9005
8042
5365
8170
290
1014
5440
6263
8727
8785
8247
8626
8805
1864
5906
3991
3031
5397
7081
4066
9381
5838
4940
9675
6497
9216
6810
2445
8711
6320
7633
352
1872
3077
7081
3595
60
210
3265
3199
2774
4852
4314
8503
1914
8235
2807
1289
8000
7751
7013
3653
5449
8785
7212
3956
7463
1517
4998
166
2080
605
8374
2762
2311
1093
5707
9964
4901
2219
7185
6541
4254
1878
3234
3678
291
8414
5606
1478
1650
3160
8278
7535
8485
6654
2155
4735
2381
3845
9658
8945
4391
8761
2737
2559
6061
7060
559
3019
2450
5731
1224
6382
615
2758
5174
4736
1817
6020
6701
2875
768
9904
3906
3999
668
157
6791
6427
8480
2357
7794
3293
903
7046
8974
5043
7875
5049
5335
179
7050
9794
4315
3120
9691
9550
7340
9354
5656
1418
512
7087
2800
636
8028
1493
3940
3300
3684
2385
2829
7960
2987
8602
9021
1715
799
2760
431
9408
7181
8126
1485
306
7183
5350
4234
5273
8671
509
9606
8842
5988
7538
6014
4821
6204
7456
2982
1125
9067
4048
8129
9364
1337
613
6900
7384
1148
5269
5757
8446
8272
2896
1203
9013
1730
270
8966
8220
7043
7193
9955
6009
1615
493
2172
3658
8237
9664
692
9956
3483
2596
1004
8646
9915
7372
4550
7903
8438
1423
9137
614
9876
2462
1047
5003
2923
6579
111
8763
8957
7624
3832
6245
2931
8587
1689
7519
3505
63
6166
141
4917
3098
2790
9298
7707
3699
7435
9724
5328
4141
5535
3187
8932
1826
4484
8698
3174
9877
7440
8656
1746
4962
4065
3095
2533
6843
1303
5880
8774
1108
5174
1298
4430
1162
2829
6789
9063
8146
2581
7770
9979
7688
8507
3447
7117
605
5334
8347
9226
568
8812
2848
8265
5519
6530
7451
2585
1207
4243
9747
8527
4600
3142
60
4296
2087
4257
1623
9643
2463
7179
3804
9813
7442
1617
2361
2423
3121
1995
9026
1543
4258
7214
3782
4091
9473
6
7166
9832
9566
2889
6594
7785
3026
624
315
8635
2510
2298
4888
4868
3561
9685
7298
7774
2180
2355
766
3228
986
4176
4124
6187
4656
304
8211
7222
4083
8530
9174
3104
5274
3944
7792
7424
3396
1288
5957
6550
4562
5052
6323
860
7972
3428
8805
1084
8844
8552
8050
4868
8190
2123
9346
9206
8973
2450
6495
270
9396
6246
4110
3333
3181
6095
8540
2005
3579
2391
6120
7758
2512
6789
4865
7896
8815
2710
5822
2507
9822
7294
3331
8706
8693
8347
9199
3522
5827
9269
4414
5162
6466
4766
3430
6057
8159
183
297
92
1145
7757
2935
727
1922
3739
1713
6352
5256
1412
1166
4109
2722
6344
9142
3711
6507
1854
5991
8310
5637
4675
7473
337
8066
3016
9026
6431
6120
1868
5716
7073
4698
3256
1761
3314
1298
2380
5879
5153
4475
4097
3837
3513
2647
8049
7613
524
8289
4873
1324
888
3529
411
7709
439
1896
9594
5352
6738
7551
6793
6071
486
7718
4783
3941
5892
6234
233
2250
2716
6125
9610
2393
2664
6970
5764
9148
8035
8426
2086
88
1097
4733
8098
2995
8522
6302
7623
4034
6399
3531
8252
1194
7840
4897
8737
2035
6992
6070
9153
2139
401
9295
7188
815
9086
2610
2766
3611
2451
6623
2353
6955
8190
2484
3772
8851
739
8485
2103
999
4481
4262
7356
1902
6935
975
4997
7575
1435
3038
1117
6346
8455
1977
5059
6876
9641
5808
3665
4007
8870
7992
2942
5372
214
8423
4925
2745
3544
5216
9765
6088
4708
93
5698
4932
8686
2083
2405
1300
965
3914
6517
715
4465
3023
1546
3013
6793
4401
8328
2663
5357
5641
6261
9060
5895
5499
45
908
3389
6046
1424
5175
2970
5043
520
371
2447
9576
6739
5907
7388
4167
4951
4185
4297
6615
8671
9696
7362
2599
8289
9907
9508
5757
9081
6000
9025
3364
663
7630
8921
9024
6836
4790
7334
2831
2378
1586
3829
6373
1195
1288
8202
4610
8513
9352
5550
9219
8259
1293
3788
8259
5668
5256
7532
5200
4269
4935
5345
6281
5886
7077
5677
8904
2047
9234
553
5396
5309
7660
5028
5795
9368
2284
4736
553
7586
5526
3501
9057
541
4443
7889
2659
4584
1090
5816
1588
5012
4360
1929
3517
9442
7590
3284
7863
9249
201
5076
3927
9496
8321
7640
2902
722
8918
2780
3449
9129
4284
9553
8063
5258
8925
7121
2779
5077
8842
4998
5882
1550
4017
9070
2249
9223
8496
5157
8710
9131
8896
555
2386
6435
1372
7992
8334
8579
9147
5727
5046
7475
7527
2178
6349
5264
1024
3339
6070
9517
7670
6544
7481
404
8888
4664
2961
9321
9412
691
601
5737
654
3862
3532
6601
2626
4955
4641
589
4105
200
4039
7613
8040
372
9168
2628
9406
4054
7734
1523
5648
1815
1804
6099
5691
1097
7345
4575
2054
9965
7251
3815
2060
1589
7452
9614
8336
273
5132
1712
5843
4190
5220
988
2547
9595
6377
7243
3479
6196
494
7381
3442
3644
377
5401
1875
4626
8705
7605
4541
935
7647
8675
568
5067
2579
6902
125
1384
5203
9700
7577
7694
1126
3785
7265
223
4397
7921
4271
2372
6877
9957
492
403
3428
4039
7110
7267
4849
8359
8206
9133
9264
8537
6617
7869
9223
6873
2423
6739
6181
3067
6433
5843
6192
7723
5965
8493
680
6005
7792
9625
3983
5114
3695
2579
4969
5936
7285
1179
3501
6152
6895
9862
3770
9388
8257
5824
5593
2576
2390
3629
1660
1576
8687
4542
3399
3347
526
9951
669
1466
906
695
762
629
8589
1845
382
4937
1001
5547
189
4206
8783
2898
5249
2337
8260
9524
6327
1869
2358
8504
6336
9213
7512
8605
3428
5818
3992
5398
7263
1511
9702
7779
7792
7608
3028
2634
6516
9038
8564
5969
8657
6691
673
9681
904
3465
3746
9335
3511
84
4754
9795
7352
9666
3222
2384
6306
3202
6128
9340
2777
1685
358
8791
9551
4402
3370
6208
4265
7115
3482
6339
3755
8270
4808
3017
4280
6179
8298
2906
208
5195
9535
3239
8129
4304
6015
2912
5560
7265
1480
932
3408
9472
2517
6120
9194
3023
3157
7233
3660
8150
6454
3233
6848
6133
8174
9274
967
6069
6583
5183
6484
5482
4120
9699
4706
2656
1218
5531
4866
6759
9926
7429
6197
403
5150
7890
5829
8060
4293
2849
1460
2963
1872
2794
3710
4545
4307
3078
6820
8256
1469
910
7932
9698
5823
5487
4580
5389
7032
2028
7199
3220
9738
129
8490
6657
4929
1722
4290
8096
731
4246
1233
8437
6805
116
4929
1881
7602
4512
8668
7252
3647
9649
6698
9734
6781
5186
8041
9786
4773
1275
6482
9251
3135
2823
9902
8163
7093
993
7416
9624
4652
732
5950
4251
2504
1127
8804
172
118
8814
7529
9308
3750
3280
5005
5787
1387
6972
2011
7727
1620
2357
1742
9319
4343
2742
6783
6208
8821
3593
823
3460
5145
6306
3070
2104
8387
6980
6749
7144
884
8569
4323
7268
6969
6019
1182
4024
6224
440
6383
6163
5857
210
3753
3044
147
4005
9174
9535
5098
3188
180
3663
9393
8736
2130
7445
8539
928
1188
758
7709
8413
8082
7928
174
6922
8185
6749
2494
6918
2857
98
4618
3755
4191
989
2952
3562
279
2952
7084
2979
988
8950
6350
1121
4827
3702
704
7719
5961
6252
1482
2228
6667
1883
1535
4900
4623
5069
949
2298
6280
8067
4129
6534
7284
2952
6338
9649
8418
8432
2988
1961
849
6609
2925
5973
7615
9011
7777
5472
9221
5683
2987
2835
9978
5884
2638
6222
8289
4060
9326
2352
8481
114
2455
9843
3962
8758
3116
2726
1498
8716
1428
3682
4247
8919
2666
1783
6786
5445
1803
69
8837
9965
2203
4199
5667
7690
3106
4531
2177
432
2276
560
4613
8271
4743
8369
8504
1547
5886
8932
3971
3420
7312
7507
9822
2064
6936
2096
6059
739
468
2035
290
3413
114
6119
7353
3422
7717
3352
3014
2697
3797
8427
1984
9535
966
8322
7697
3570
92
6030
6299
7634
194
2372
142
7550
8598
7083
6672
2522
6092
5925
7078
785
3013
1431
5331
7418
6026
1098
2281
3833
2164
8306
1405
1349
6168
8071
2475
4475
9579
1850
6917
3031
5156
3046
3984
6119
8198
7613
9963
5045
7128
2206
3615
6818
9313
5700
9792
4584
4479
8585
9742
6451
7361
8724
1019
9579
3205
1280
2079
2099
4653
5243
6696
1465
6168
8895
1105
4167
2643
1826
2465
8407
2150
1646
629
8274
8849
9421
6526
5249
1038
9040
9467
462
1016
2201
2641
8991
7994
2542
703
5764
2632
9524
5902
1078
1959
5134
9519
2661
6386
4201
3488
289
6350
2195
3067
8477
4687
2717
5144
2519
2294
610
8358
3240
8827
5573
601
6234
7252
5511
6643
2059
906
8420
3666
4902
4389
6592
5271
8552
5106
7137
5211
176
535
8374
490
4360
7432
2532
9785
2128
3092
1370
7174
2292
5499
2816
3073
5313
8747
3543
3953
3140
2494
4518
9941
1963
9318
3972
4718
8691
1890
5016
5269
6089
2615
3154
9978
5997
2030
2332
2332
4796
8647
6839
4058
422
2170
363
5923
5573
4034
2823
6589
7515
4098
211
9966
885
9970
2607
9294
6249
5914
781
1838
3814
1604
2346
1528
8652
7080
4301
8123
1076
9163
9983
561
3394
6350
4933
9037
2173
3704
8006
5063
3339
6665
1148
1233
5993
2809
3724
2796
9630
3624
5006
1227
8629
4107
1481
5955
7318
6636
4036
4166
8714
6953
3726
165
104
4345
3850
5167
9066
5129
350
5593
4201
8435
2177
2943
5916
5903
8201
1153
3886
2422
7470
7963
9532
3321
5201
5291
3756
4518
7751
9850
2500
6059
5966
9316
5242
6193
7865
1264
4478
2701
8348
1752
7419
506
5797
7976
4692
9794
2828
4704
4637
6841
1226
7381
5972
523
9138
5690
6036
1116
1965
158
6620
4367
7075
940
4460
3096
6477
2316
8888
584
868
8621
4827
4888
3102
7347
5369
872
9064
2971
4482
7232
9177
709
7076
9070
4301
2820
581
2696
5707
1380
9511
8234
9916
475
2035
7350
5760
7691
5503
7949
2783
9436
6071
5055
7228
7174
6111
7237
4304
1938
1920
945
3146
2660
3377
889
3961
9774
6704
3208
5211
9328
1215
9597
2352
4394
1039
4775
8681
9967
3239
6726
3107
4742
4394
9009
9303
8141
8802
7072
5629
3824
2761
6006
5449
1516
1043
5470
3036
7461
3655
8593
1109
47
3231
5603
2250
1229
6002
9652
7922
6277
2199
1844
5632
4040
4933
4833
6893
7457
146
9511
6073
9357
4046
7304
2968
1718
8606
1367
9974
7512
155
3590
8136
3026
870
718
5001
5100
8079
2148
1207
2143
1651
3975
2060
9939
5506
8747
4947
3321
5273
8012
3381
2554
462
5270
3721
8953
6190
183
1139
7678
6440
1039
7320
6914
8109
1354
3517
1738
2718
8253
9117
7814
507
4781
7639
4808
9904
5664
9247
1885
3843
6219
1267
7990
3257
7061
5937
7743
7241
3073
7698
9730
8804
3692
683
7734
4941
2982
754
7010
9821
2211
5421
7106
301
4655
9298
9922
3683
2252
2357
6718
8648
6337
3175
581
1656
237
9625
1532
2751
9731
5001
9863
6638
8518
8439
9591
7232
9757
4711
7946
6415
1445
9889
8738
670
2967
6281
7119
2454
2482
2064
767
6716
9998
8538
7853
6780
8949
651
5273
7993
9888
4469
1593
1971
3510
8690
7889
9074
6632
5945
6262
1817
4000
3623
170
7328
808
3283
2942
2674
5694
2331
820
2916
1632
1542
4719
8057
2613
7306
518
1744
7305
7979
1156
1511
6990
9621
5042
7638
3982
7582
4388
5298
8465
6871
3942
2547
6232
6083
5298
4937
7146
6743
4471
6059
4336
2377
756
2142
7100
9379
3005
8017
6268
4746
5413
1186
9417
4201
8687
526
4716
7821
3993
6250
6409
9357
6512
8137
2004
9681
2600
9767
1074
4451
9579
7503
8242
1007
9982
4331
8411
9730
2744
288
580
712
2247
3187
7695
7379
2399
5628
3906
4951
7009
6852
7312
3098
9592
923
5842
8928
5427
5905
6251
8626
6235
2256
1386
3421
3124
2479
8862
8365
6610
8223
5058
427
3465
5505
1977
5779
8900
3471
896
4856
9157
7238
5995
7727
3986
722
3159
1669
664
1104
4037
7398
1224
2580
3078
398
2402
3413
5764
9003
3423
6912
9525
1434
197
3976
4972
9902
5775
2078
3930
1023
5972
3159
2556
8319
5932
824
2311
4371
8160
5417
8942
7309
4984
4095
9773
8767
8801
1851
2606
8151
1545
8589
5307
1157
797
6821
3755
8820
3686
4317
7263
7060
1329
6153
4795
5708
5935
970
2340
258
9877
6992
1681
9259
1075
4381
3435
5162
1842
1817
2737
6677
8960
6870
4221
6283
1245
1683
4068
7371
7079
7755
788
1697
8471
6208
3154
9312
107
2828
3217
9949
1536
357
4728
6953
8138
4082
2412
2287
1866
556
5545
3880
5865
3474
76
4645
8045
5176
7132
5861
7405
7014
2149
6298
3527
6931
8139
2456
4003
7976
8585
4593
6773
7217
375
7848
4357
511
4800
7673
4802
4950
5140
4066
9762
7455
2664
9614
3626
4918
8950
2262
8824
8623
1364
4877
1546
3209
260
192
8964
8377
1007
1499
3786
9742
1290
6599
4426
3750
4317
4938
9447
437
1539
5616
3037
6929
4255
6975
4243
4077
2116
6901
6427
8372
7940
6597
5015
1382
2459
9624
948
9359
9709
2276
4488
6356
3568
1009
9008
5259
8668
7548
7238
2423
4342
2560
3056
3305
8588
4317
377
8409
121
9667
6942
1163
497
790
4892
1904
5040
2728
1874
5092
819
3465
6153
35
2295
475
6699
8974
416
5075
4531
201
8916
8650
4749
8011
2371
2916
9636
5803
4157
9702
1950
3368
8885
4460
4124
4509
3105
1674
3454
6569
120
9673
5572
9088
9600
6936
8494
4915
351
1958
7373
3364
5078
3932
5698
1723
9269
2121
2154
8318
2428
7602
3597
7679
8802
2295
3677
5881
6481
6651
3538
2082
8287
9211
5699
459
5213
8319
4743
5284
3360
8762
8778
726
8275
3818
3726
6095
6404
6238
8494
6725
1955
112
2806
463
8915
9177
1058
9815
2156
6188
4945
204
8633
2227
4803
5509
9520
4484
4623
3076
6794
5940
8506
1732
3268
656
6984
7985
3343
3915
44
7548
2879
7324
9994
1614
477
5194
1346
9885
9207
9973
6805
5261
7356
1339
8120
8310
9123
5678
8090
3175
1340
89
5333
378
309
7809
6541
6187
3598
24
1923
2608
5276
2372
8279
6911
9449
3144
711
4614
6232
4180
8396
5318
6279
4772
1999
6440
4893
3477
354
5963
4387
2712
1831
1627
3826
6217
1468
654
8616
52
8377
1060
8453
3636
9196
2864
1117
8549
2442
5134
1287
9290
5480
2654
8096
1993
558
4268
2529
4234
8832
3421
5896
1479
1639
321
3607
3481
6428
4235
4275
6980
679
3935
2763
9429
913
4074
7212
2165
5475
5352
4309
412
9144
6740
4117
1845
4829
8747
5615
5027
2614
7733
6773
3983
9242
2603
8474
5424
1767
6893
9877
670
7536
1182
3910
5206
8936
3085
5528
4990
5413
4624
2054
105
7137
9718
4512
3180
4414
7708
1174
2105
4430
2389
9732
4004
2246
9829
2474
172
6095
2443
9644
9749
7979
1211
9752
3251
9330
2735
2043
5774
8057
2911
5526
3703
7705
4379
1052
7998
1628
647
7726
1840
5106
5789
2667
265
6152
4984
3553
4721
1381
7775
6710
5997
6774
2927
9611
4879
4426
1011
5536
1031
5427
8451
9911
7133
5934
4645
2358
7076
8158
2017
5847
4166
533
7348
4524
7697
1631
1600
4741
4012
535
4584
9617
1226
2314
279
6078
5134
1037
8405
4709
7544
4291
7924
7006
7242
2583
8543
1641
8110
4206
7022
1221
8534
1124
6096
3665
1190
4302
5171
7835
2503
7500
3598
1308
6670
7024
9296
9321
9984
1171
7763
7803
7379
7185
9117
149
4616
5425
3684
6949
6342
145
9903
201
2356
3783
1784
8740
1863
7003
7068
9577
8238
9838
1309
621
4866
260
7632
3892
6022
5242
6643
4719
5395
5945
6090
1658
8903
3083
5246
3910
7701
665
4733
7863
1950
6365
8489
2056
5817
4572
958
339
9424
3819
9198
6284
4042
3711
6602
8030
2655
7784
2165
1637
9251
7729
6843
2755
6636
1370
6446
975
4435
1426
8706
8563
5993
4636
714
5446
5395
1119
1716
5302
3501
2007
5465
3408
4999
9296
5727
5474
6813
5664
8365
8135
1916
3542
3483
6000
1555
2125
1524
7164
3245
8208
7931
8996
1462
1741
1992
8637
2946
9800
6844
8140
8714
3350
9258
2484
497
9566
9773
9761
136
8795
6051
6808
6681
9262
4885
226
7428
4550
1219
2310
5921
8560
5718
3749
2086
164
5993
120
7081
5096
387
7200
8186
5766
7402
872
7142
608
8294
1041
8677
3348
5154
5385
4668
9165
1867
7965
3375
9052
748
9802
2478
5953
3372
3358
9292
6192
123
521
1434
7586
9346
4184
6488
1234
3625
6800
9765
7438
7670
5381
5097
7467
9583
1354
4838
1953
4844
5383
1689
3578
283
1829
6788
6427
3485
4870
5649
6877
1632
8467
5921
1224
2598
5331
8717
3378
289
5855
8312
1908
5652
6567
3363
9477
4577
9075
6504
9275
4007
4713
8160
2452
7934
7125
4717
7745
5726
4892
821
9500
6212
8956
502
3112
2309
5098
2061
7556
2618
9981
7228
3104
8398
418
5945
8604
6561
9403
4335
6755
1978
9183
4894
7713
5220
1215
4758
1040
5129
5152
10
3532
9108
4228
1438
5778
7852
2342
9877
3451
5426
8967
7339
246
18
1588
3515
8182
5496
1802
5875
7518
8983
449
5641
2958
5055
9155
1167
4969
2890
558
4904
5098
8712
7132
53
1949
2221
9003
8258
154
2345
4448
240
8088
4616
2872
7140
1368
9736
8974
1542
8214
515
8529
3610
9672
2224
778
9599
2359
9654
9746
7126
3942
2677
6996
3991
1829
950
1283
5112
3755
7556
6393
5176
4820
825
7017
2984
9357
3379
3967
7148
7544
7501
4231
1795
6071
6359
8440
5238
9362
1305
8148
4179
2885
6510
7995
980
2873
3525
3329
1729
7432
12
2103
8433
2466
8854
1025
9502
2089
6122
9801
8899
7285
8968
4086
5801
8439
7421
7262
3438
7101
7262
3538
7896
9794
4686
24
5086
2061
7304
3416
6853
4034
175
7706
5214
9788
27
2959
7140
1471
5613
1584
915
5814
7206
7781
9158
4966
3675
7875
2853
5825
1263
4098
5383
2039
4242
2063
5480
675
3931
2625
3259
1175
9237
2146
4033
7682
8824
1255
528
7079
2308
1136
5230
4139
5442
8091
1150
2085
2173
1661
1075
1555
4663
8965
2471
3460
887
8045
7691
1577
8251
6030
6820
8817
851
3684
3594
7083
7419
6522
3184
4380
6819
4100
4308
4416
7995
3305
7135
3310
1728
8505
2764
5237
2221
1297
9661
3827
7603
5231
7370
8977
9729
6373
8083
9360
5361
8884
2175
9362
2728
5851
4704
5441
9773
9569
6051
981
2952
2166
1365
574
8395
7029
291
4392
392
3824
570
806
5748
5074
6546
717
6362
252
6339
231
6529
4116
9517
9226
5944
9626
463
2142
4161
2199
1309
3874
7328
1296
2314
8068
3451
7346
6863
7267
8116
6906
2881
4420
8661
6591
2392
3040
1100
6798
6197
8969
763
9544
1208
123
4579
822
3814
1887
195
6834
3888
4861
4735
5132
494
8577
3870
6295
2167
9482
114
9089
1789
4010
7764
2230
8477
7869
757
8861
6655
814
8849
5621
5563
2136
7007
6821
779
5823
2660
5620
3064
5965
5544
8354
8781
2320
5302
5192
495
3185
2674
163
5947
7703
1169
6241
8532
2579
7431
6685
2672
8798
173
2085
3014
2389
9505
3711
7255
9546
767
7627
8587
485
9556
820
5236
8286
7554
72
1390
8699
1945
6718
5916
4370
4775
5544
2707
2279
2417
4097
9241
6328
9456
9454
7994
7943
5791
3097
8704
6318
507
968
8195
6527
1167
4994
8428
8073
2567
4431
2770
8676
4725
201
5109
8091
5879
3098
6331
4577
2626
7185
7963
2277
5979
3015
3318
1200
9067
1406
2352
2779
9506
7415
7624
3027
7030
5883
5255
2226
4895
4474
6571
4743
1757
7472
3242
5118
9272
3771
1171
6866
9498
5479
6115
8570
5313
9324
7074
7802
6563
1696
1890
7157
4376
9525
3114
8276
6227
3462
1269
9073
4683
6855
6875
6654
3515
3859
2277
3338
5851
2710
9195
6094
419
5634
8225
275
3546
5196
2002
7028
6570
7957
4666
9988
569
250
6422
945
2928
7611
3493
6067
3145
8924
553
3942
8497
8720
4873
4234
3714
6206
8827
1037
2638
7612
147
8186
4014
9203
7381
4703
7992
1925
1385
7321
4734
5065
2332
3614
1565
5544
5750
3617
543
1472
389
70
4018
3493
5332
7352
1770
5068
3711
7081
9684
3363
5626
3915
6525
5664
3415
8587
2375
2382
8308
6436
9564
6580
8662
8791
4491
1740
6480
1435
6667
3971
726
9075
9495
2258
3046
7257
5838
491
3968
3492
279
8005
5377
7481
9094
1142
8115
6286
8459
6968
1944
4053
1155
1665
8775
7444
2150
380
9065
7366
3812
2323
5593
4728
2247
4791
8443
3005
7254
2423
9957
3194
9754
3508
8655
7390
2165
3436
6687
5646
9211
6485
6253
7049
8860
1065
6592
22
5743
269
4649
8729
2255
9099
9341
2176
5777
2119
1437
97
3973
434
8535
5043
3968
4877
7325
3234
5346
3079
3414
7654
1370
1701
2340
5669
7635
1519
4096
9982
2391
2277
7464
6156
8238
6289
9781
2098
570
4583
2373
4948
4171
7090
1816
8605
5724
8828
2438
770
6629
7325
6041
1842
7489
2664
652
9238
2903
383
1346
9816
2804
9267
2647
9928
4441
540
3817
7351
7379
2385
5477
1847
2351
3817
8430
1426
3681
4975
3302
9512
4129
6653
2664
4183
470
501
5677
4375
7899
2747
8985
9572
1446
8523
6568
8814
2965
906
5579
2125
3021
8654
4798
2422
7947
9270
7285
8814
3773
9510
9053
2818
303
3752
1108
7493
613
1729
3141
5706
3529
1052
3250
7884
9200
6689
9648
1408
809
9088
7060
3589
8661
4999
2661
7600
6422
207
3827
6109
3126
1384
2726
478
8684
5021
817
4333
5151
5060
9705
9077
719
7212
3483
5493
8538
7195
1683
9968
7848
2179
1250
6046
610
9561
612
2072
2881
4855
8795
3463
6471
989
7834
3802
3109
4559
7236
2408
295
709
5160
7263
5272
7232
2140
1278
1181
189
9666
6752
7310
7910
7771
7577
3613
7578
2865
1256
8165
8777
9487
3110
5061
1341
7432
3206
9445
663
8696
2467
5770
2199
7129
8190
5222
8329
7298
776
8269
4974
8108
2858
8759
2392
1012
9198
6640
4437
2248
758
7459
3245
3516
9147
8090
1757
5694
8305
9820
4820
5802
8704
1863
667
8260
5637
682
8546
7670
7210
3026
4932
1865
9562
3569
360
761
6507
1176
1229
8654
8336
1397
6107
5069
9805
6605
4044
1984
494
9350
3200
3314
1658
8959
1676
5925
2457
6205
8879
110
5015
5927
4961
1453
2153
2906
7920
5345
3835
2015
2811
9984
8366
9663
5158
3672
2228
9924
1175
7429
8041
5369
655
4531
3613
9580
4514
4418
6286
5632
7888
9626
5860
2361
1404
877
6275
8205
7791
7261
895
549
8356
5598
8798
7094
4006
5442
9744
4551
8471
3989
3674
9156
7206
8180
6501
2935
4006
9649
7757
9448
8822
1890
7179
2802
4482
7947
6760
4145
7046
1311
1935
557
4417
2259
625
2285
444
6854
1646
5593
7285
6034
4667
164
7043
7798
2300
1950
4817
6347
1213
4636
9236
8243
3190
5471
3226
7107
8971
4135
7365
5238
7388
6502
476
2583
9843
8694
7319
997
5462
676
1184
4411
5429
2750
16
3618
5932
2818
8264
7752
7919
7026
3109
3210
8426
1501
2907
4752
2636
8287
7768
2859
8019
4314
7007
5983
1916
8242
5898
6334
1733
6361
4627
3019
2592
5401
5632
6952
670
7034
1617
7814
1777
6156
5465
4507
3756
2608
4969
7053
8188
3895
9869
9703
1581
4690
6028
2121
8735
7418
1741
7963
1290
7058
4150
7880
2600
2463
9545
7076
6032
5939
9908
5892
7536
2619
9493
5555
4915
1253
9460
278
5603
8415
5614
1142
1959
8876
4163
6852
8085
5883
3068
1375
5025
6445
2045
8712
1795
8373
2554
619
8185
7761
237
3947
1506
7920
6162
481
3522
3310
9964
3613
5736
4945
7528
3028
826
6965
8192
669
5607
7574
1631
8715
6170
1384
2546
3004
9004
4381
2095
3440
2845
7154
8581
6244
4772
6829
6344
1636
616
3230
1031
4489
4160
198
1456
4828
1790
8685
3112
9658
9258
4306
6076
7543
5072
8332
504
2583
631
7786
6236
5020
676
7242
9098
1547
8907
2231
5433
9604
2670
1709
8113
6400
7505
4987
1812
5256
7046
6690
2694
8935
6277
1877
7822
2090
6467
2264
2577
2689
8242
3657
172
5343
5190
4158
5933
7817
4182
2487
460
5705
126
5854
9990
9225
2295
7199
9319
413
6526
2350
2536
8603
2648
8670
9421
7022
9256
8086
903
3547
8651
9070
5215
4282
3151
4083
7527
9408
282
1279
9719
7014
8415
1846
3705
2053
6283
7275
1255
4414
9549
4046
5624
2193
5060
6758
5435
3696
8780
4548
9287
4441
6513
9827
293
3483
7471
2793
3424
6764
9519
9971
4880
3863
1482
110
1996
8505
2295
6189
4197
2533
8971
7958
384
7614
5373
5506
5799
8925
1597
664
1882
282
9407
9692
5944
750
2613
7695
3576
8620
2540
2457
5611
9855
7815
2980
3226
4553
4562
5927
9264
6826
7837
1353
1244
597
7580
7677
1693
6230
2756
4629
4369
686
5428
2116
806
6930
2491
2368
148
6694
6548
2516
6697
4374
8967
4863
3816
8845
7563
2462
9862
4277
8529
8384
1687
648
7267
8031
3911
9607
5572
5229
7641
1540
3270
4468
614
5299
870
3607
1828
2889
6008
3668
7657
7592
586
4905
3175
5529
7358
1238
1930
7424
4421
8374
9807
9491
3582
4433
3729
9784
3902
5764
3982
9080
4820
4759
9695
3444
4266
962
633
8985
5861
1525
4867
7981
5932
2162
1131
9571
5429
5145
6681
7499
4022
6610
6369
2014
3692
1457
6276
2978
6921
459
5750
6458
240
875
4959
7650
7348
8780
1213
8843
7242
8645
6177
2321
1913
3260
7869
4579
5016
4996
5847
61
7633
7634
5362
9722
9748
6483
6402
2161
6396
3384
6559
2820
5559
2305
2397
9783
836
745
2662
3097
5685
1885
8028
8213
7601
2563
6353
3127
9959
2510
9424
3132
6495
1032
7058
6678
8348
8309
7047
814
6464
9864
4959
4874
2759
4367
6072
6677
1903
6920
2821
6352
1844
2257
5077
9084
5263
4840
7264
9575
6030
5788
5916
7827
4439
9728
3570
7954
2502
8248
110
9189
5904
404
621
961
2363
4937
9613
2017
7075
3286
5085
6884
4698
7276
2308
1702
3885
432
6432
5392
4774
7290
5079
1496
2037
773
6904
578
6091
3734
9820
3070
2914
7095
3015
7634
8523
3680
214
723
7633
3787
7712
8834
7272
5822
9658
6180
5197
2913
4764
6980
9848
4316
3164
3355
3251
8637
9519
6980
832
4428
8601
5029
2388
2539
2594
8724
6610
3778
5121
5840
7510
4867
5626
6907
4841
5486
9135
8492
2199
9264
677
5991
5857
1986
664
2618
4585
999
7383
939
5740
814
5445
8192
5686
1257
4472
6912
3297
6154
633
7914
3693
2512
4729
3569
5651
2426
4434
5478
184
2529
5031
2156
9691
8712
2553
9138
6737
7038
5531
6033
9094
5314
6783
2493
2918
3614
4612
7808
9152
6208
3589
6885
9125
1793
8702
8745
4127
3721
3058
2355
268
6991
8560
8604
4366
4185
1038
6538
8745
8227
6118
6582
2894
5879
9846
3434
7711
2224
8501
6516
3722
3038
5369
6467
8105
8906
8315
2015
6588
2226
937
2729
5411
5831
1803
9684
5360
9846
795
7843
4640
1618
8980
1100
9830
2102
8542
3350
4489
878
2338
6709
3126
1175
8385
1035
4183
5710
3231
7311
9459
3921
9550
1101
8945
1299
7534
1287
9450
1869
6718
3622
2596
5641
4686
8237
2741
3817
1823
5163
8249
5949
6709
2202
135
4807
5073
5006
570
6773
6317
116
9985
7770
5537
7880
5597
7374
5700
3669
6053
6640
4161
2617
6582
8386
100
5233
6579
2205
4552
8645
6831
315
2774
1024
6768
4508
9392
4731
3029
8910
446
7160
9440
8070
2827
6891
5019
4936
843
6774
1060
8730
1685
4880
510
8401
6432
8858
2873
3393
874
9177
5701
9775
946
1990
9374
6470
815
2873
5284
3226
7807
8618
8847
9307
7250
5385
7806
9429
2041
8056
3176
1381
6298
7407
4885
7983
9800
8864
6688
4563
86
9008
5221
1960
2073
3771
6225
4227
822
5294
6911
9652
1709
2805
7183
3508
3659
6549
4031
1028
5334
2799
2759
9479
1203
2273
5959
8962
4282
3932
6096
2552
5002
1016
424
7754
1119
6471
7597
2888
1897
440
3746
3993
889
3377
2100
98
5550
4517
4259
7304
8658
6942
3154
5035
6038
7267
7377
1000
7476
116
4127
4958
2829
4966
3294
5206
3349
5695
8366
5860
9022
1228
784
7466
6319
9027
3129
8247
7180
1877
3084
8390
9273
2401
4536
5162
9625
9027
4331
2378
8556
1795
3245
3741
8529
6273
7538
5951
3005
9125
3089
4082
3668
9425
7576
8737
513
5678
7400
1730
8186
9684
5145
4648
3702
4889
244
2556
5211
8673
207
3287
8825
5115
2300
1328
693
7257
5861
4121
4494
5586
3597
7751
294
2539
6132
8471
9332
1189
7852
6277
704
9965
3658
6837
154
4242
5621
8472
8213
9945
5740
1620
4778
3941
5996
9216
9908
909
9743
7764
6063
6628
9079
549
5336
3200
1321
6363
6290
2542
3947
9429
8989
735
1436
8773
3462
7236
9350
8202
6460
9835
658
1264
3653
8303
6855
9075
9626
7143
1715
2759
5988
589
8672
6375
8704
1044
3772
687
9365
5549
4881
2887
1533
3502
4420
2500
2511
2915
7294
9057
2942
1722
7840
2888
1491
5339
9677
6354
9536
1564
131
9231
1249
9171
6549
8571
7776
7104
5273
332
300
7040
5297
7371
5688
3280
7699
5955
173
410
8833
844
1049
1009
9960
7237
3692
2750
8504
6380
1428
6720
6448
471
8713
6513
9505
1651
3893
686
6672
9345
6415
9570
3502
9970
4777
1094
4039
3135
5735
9261
5700
8841
2320
3255
8639
921
8070
4740
6082
2968
7567
5869
4997
4347
8822
765
7049
5530
1351
8760
8278
3973
4908
8608
2175
3997
7722
8997
4906
6759
9833
2242
3323
9281
6682
4812
6098
4708
412
468
5827
9517
1561
9234
5262
7221
1764
8153
3985
2253
8894
7843
2760
2203
9668
2237
1581
1341
1157
7572
3995
3439
1882
679
4659
7328
5197
5957
9306
4313
2531
4993
6283
2620
1725
2762
6653
370
6164
9559
5508
5220
3714
8383
550
5800
575
3354
5286
7321
4051
5947
3250
1342
10
2276
6534
7554
5307
6530
6632
3689
2830
2722
8089
8164
6960
9389
5781
8896
260
9591
4785
921
7939
1644
7740
4853
5313
4364
8368
8043
4826
4304
1395
359
3487
1436
8480
6919
8577
4066
6992
822
9348
3358
3441
9932
5114
2795
6237
3143
5588
8153
3047
3159
7631
9093
6484
4816
3671
4378
8130
248
972
8887
4955
4769
7659
2084
4075
252
937
4434
1503
6014
5326
344
8052
712
3853
3665
864
2617
3161
4518
2177
9779
4277
4280
7900
6042
4354
8911
7313
3669
1175
9512
1784
8406
1377
2986
4775
8225
5431
4965
7632
2685
7260
1815
5621
5896
4032
8450
6533
2398
2153
3904
9793
1901
8785
7229
7467
5833
4287
2077
9811
5882
9927
9579
7089
2326
6932
5576
6261
7834
7457
92
5848
652
5457
4043
4789
9585
5562
625
1418
2056
1078
6541
6843
5642
7980
1317
2929
2975
422
1292
8880
9664
4651
8580
1957
4969
2484
4276
7268
5377
2513
9484
8768
1929
7090
7383
8605
3193
5783
4451
4774
7072
1474
9247
7687
6350
3594
2662
4692
4782
4047
4463
7854
2842
5318
7108
4379
4831
6993
9317
930
1932
6438
8681
2814
9016
1762
4721
6491
6547
327
1232
9209
2745
4083
9498
2689
5330
3764
2007
8727
6634
7589
9692
3357
647
6566
4368
2774
5625
7654
2062
8611
1338
8164
2224
2355
5686
9553
2423
8700
1498
6492
8077
5462
619
7536
2001
3302
9072
7021
9105
1969
4023
3924
7472
1014
570
2319
8188
2018
3950
9827
2832
6250
671
4951
9298
6367
282
1583
3780
3286
8016
9109
9159
9677
7389
9528
7767
9658
982
8792
9603
218
7089
8179
5380
3668
9715
2908
7526
1967
9453
9466
1222
3194
3221
136
1859
7575
1502
3068
4959
5557
2799
8913
9473
3178
6324
506
5684
653
5607
387
4428
8540
7663
2047
5279
2089
4650
4688
7482
8484
7502
8054
8927
3536
3975
3376
5276
4107
6695
8874
3443
47
375
3410
1100
4745
1180
9849
6585
6539
5367
496
1669
4163
8809
582
3014
8188
3762
2159
6805
6960
4346
36
5065
9957
7594
3393
1457
3648
2650
1575
8987
4976
6705
247
1964
5391
2614
4547
9825
4008
9781
9183
967
1886
6863
1517
609
733
2113
2582
7906
8347
4781
2746
3996
60
8887
3218
4493
82
8887
2011
7058
9209
5288
3080
7089
5635
7106
385
2353
3783
7198
4381
394
1972
5976
7063
963
3556
8789
3103
9367
7676
2322
8839
5647
5207
5798
7933
8786
2649
3447
2342
4787
1724
5762
9947
2365
5278
8370
5627
280
703
9021
885
5842
549
5153
8220
5050
6270
6756
367
950
5086
1862
1229
8334
1863
4875
4918
9687
7595
1185
1609
9414
3575
5010
4133
804
5679
1270
7191
2955
6313
6442
1844
2905
2515
7797
1581
1613
7482
5215
2640
1104
9350
4841
514
4082
5426
9257
6594
6631
2317
4560
3783
9236
2349
762
7540
1298
4530
8240
9336
9536
3953
9664
2761
1264
6933
3745
8638
9365
505
4452
4429
6983
3897
6914
4908
6452
6570
9146
5667
8768
2022
6926
8331
7056
9135
7699
6558
9885
3131
8195
4844
8065
6340
9634
7981
1576
4937
3816
7593
1682
1568
3194
3598
6945
5343
8113
2677
856
83
4791
2870
3103
8868
8324
3266
6124
7984
6057
432
3501
6166
7952
8696
7034
5665
2271
9690
4852
127
6844
7660
3805
534
8460
991
5571
4510
5517
7069
7386
6202
1961
7213
5128
3621
3770
704
8592
7874
2730
2131
6245
3980
6141
4261
9465
6172
5192
9404
4347
1472
9228
5875
2533
4111
7920
2547
1170
9957
8413
3741
6135
4451
9929
8722
1956
9805
4050
4926
6458
7169
4873
1721
8139
7349
9627
1972
9474
9252
6942
1970
9942
8709
6963
6399
8423
1563
4742
3922
5788
3999
5968
698
5015
9984
1946
3684
7957
349
9008
2928
5012
587
6007
2229
6384
4761
2418
511
1351
1028
8724
2053
5030
248
189
2329
485
2924
4949
7608
7722
1240
7390
719
84
2417
8222
2391
2893
6738
3341
7481
8784
8658
4620
8016
9122
2191
7089
488
1129
2442
8624
3134
5901
3566
230
0
3382
9712
7272
2551
6526
9593
4598
6291
8367
7166
1403
9387
2553
668
4883
2689
9994
9691
5275
5642
1698
5373
8694
626
653
1849
8344
9005
3624
8110
9133
5796
7126
8143
5503
6271
523
3807
7386
7041
3175
9291
4552
6210
1886
8189
5403
2042
9494
4234
2207
7240
5413
4576
1182
6437
4160
94
2427
7759
8438
699
1709
5454
9274
4837
3350
9479
6811
1492
1086
9666
1934
9827
1625
6634
638
6362
3892
8975
220
2037
5433
6384
8793
1883
6313
1412
7342
8113
9987
8289
6630
3422
77
5871
9626
5041
1788
3201
3780
1646
6740
367
6501
4626
450
4418
1483
2406
2357
9924
3138
1518
9352
6453
1342
963
5077
694
8925
7009
8935
9279
9922
4041
704
9412
7425
3334
8915
8392
6113
5678
3764
9778
5988
5693
8207
3545
664
5349
4108
9883
5690
1722
3848
1507
9802
9346
1604
7267
4741
647
2713
699
7358
8889
3943
715
1049
6844
2304
8057
2304
935
5110
400
2087
5025
9404
970
1122
179
4554
461
2742
6786
7896
9653
6917
3202
9588
630
4297
740
9518
7800
9686
8270
6078
5997
213
957
3856
1872
4660
6727
4938
6529
6888
947
6358
1863
8133
4492
4487
438
31
2902
5664
8914
2689
4613
1194
7987
9847
4437
4031
7607
6244
4362
3862
4863
665
7535
7156
3299
1818
2852
8778
6694
3205
6952
2173
7352
7444
7648
5883
8819
114
7780
5115
5599
8140
1350
8484
7921
7968
4410
1646
7912
4346
1615
1560
4613
1381
5627
7326
9211
3749
621
6196
8581
7395
3041
6216
4768
5905
2415
182
397
811
2607
9116
5171
1569
9146
7322
6583
3631
1443
5201
8772
1163
9654
490
7044
4265
4677
3373
2004
9272
6387
5963
6472
4685
9553
2100
392
4605
9121
9087
3805
6159
6518
9034
5617
7315
6476
3801
6365
6770
9521
4201
6499
8111
8677
1063
7763
6345
247
3052
4224
6061
7563
3720
1170
6987
3511
8159
4691
4510
2309
7854
2072
9852
3549
845
3318
7016
1828
3150
7092
1360
3413
6553
156
7736
7354
7324
7988
4471
2218
213
5677
3156
1156
2141
2435
3227
7458
426
72
4590
9880
1077
5683
1194
2109
3736
1415
3366
3481
1156
9692
6983
8765
2789
552
3097
3233
3993
8858
2510
5513
4653
3059
5971
4787
3602
3915
2165
790
8114
1120
2464
4751
988
8133
3542
6937
1208
683
6378
1779
8076
2388
2905
4688
2797
1735
9650
5636
6007
8238
1047
3305
4478
2065
3808
216
5346
577
7716
3600
1596
7344
7524
8998
8239
3985
5257
3567
4679
2894
2143
3906
5056
9375
4646
8842
5051
4985
9635
1058
561
29
9580
2729
946
2013
9862
9370
7152
8637
6773
3014
2878
8420
6578
513
5202
9426
3148
5290
9589
6694
4088
1164
3045
1999
3055
5025
8337
5311
8962
1072
1647
5969
1216
3098
5828
2965
3733
2870
1494
7994
9531
2027
8581
1937
1983
2149
1752
5323
8420
2618
4003
5964
6740
8746
4214
2445
5876
3265
5981
444
6592
2727
7097
9944
9873
6615
1260
5341
6436
1049
6215
7162
2306
843
5421
3640
2274
3376
3562
2783
5125
5248
9715
694
1979
8011
5866
9914
1829
2402
2580
2328
6422
1447
8125
4792
9971
1584
2094
2044
7909
7487
9686
700
2860
712
8183
174
5309
4424
2895
1204
1104
6520
5850
351
7804
1262
6859
9305
7174
5180
3231
1120
1673
6436
1365
1613
8633
8124
754
3072
7027
5028
8479
9144
8222
268
205
4329
3894
2941
1893
8837
1437
385
4968
9748
9590
9018
6519
2398
4789
5832
5254
1679
1774
8571
3412
1572
383
6383
4588
2644
4106
4311
7527
1439
5011
4368
6351
2783
3924
3139
8366
5839
4389
867
1669
7414
3849
9793
6053
1537
5739
173
2429
2563
1744
811
7868
209
4341
7251
5722
8816
5917
4793
2793
9869
2257
5426
8494
6347
5014
7444
4090
9831
9860
4023
3694
6461
4488
2369
2471
5806
3350
8179
1716
7521
4078
1089
4878
4241
3921
5569
3415
5600
3193
8274
6435
7493
6725
7257
3492
2709
3636
650
5591
3957
327
2409
5531
7956
1570
571
4996
9719
9782
9084
2489
9492
3134
7719
3171
873
9029
5848
8910
7584
641
4924
4474
8073
737
1411
3666
1677
8756
6566
7437
7435
4298
2041
4519
6787
2574
545
3986
4393
5098
8964
8265
7091
2016
7295
4604
9604
758
476
2789
7050
9452
1808
6956
8504
2492
6009
9783
2925
9961
7167
8033
8619
2255
1861
9446
35
6152
531
2345
1237
8840
823
927
3611
1958
5086
1202
6532
8590
436
4826
3595
2309
3911
622
3750
8890
7086
6529
6238
8102
4245
7909
553
5100
5693
1660
7842
8395
3138
9442
8128
4097
7185
7457
8512
4210
7944
4698
1161
88
8514
6342
6248
895
7661
4072
4274
856
2427
489
4251
8425
3562
512
9028
5107
6715
8668
6781
1585
122
7525
8096
4083
5177
9166
1418
4422
9701
8575
5709
3096
5016
5056
8090
5908
6959
5432
5969
1158
7900
627
7699
6207
1493
5496
3140
9365
4414
240
5720
5461
9661
638
505
1204
4122
3417
8610
9529
9068
2605
6912
436
5978
2441
3374
9568
1702
2520
2590
4733
6303
1266
3157
4886
4186
4513
8344
5728
4054
7014
4202
975
6126
6038
4733
8632
5625
7857
2020
7136
37
9894
334
7104
3883
3574
7143
625
8807
5509
685
1509
8694
7560
3288
6706
9203
9505
2013
1260
8637
1596
3301
6554
2363
8109
6357
4380
6157
7147
726
7405
4782
6420
7172
9970
867
9494
7352
1872
5741
2098
7027
1724
8232
3481
9584
5840
9678
3497
1493
3183
3365
2170
9002
6858
4463
4780
5831
7870
2151
2186
4944
7433
9058
3073
3561
9972
4439
2052
9480
151
6540
5176
8547
3752
6517
2291
7610
4034
964
3882
4663
2328
2604
8595
8064
4042
9041
6439
9669
9006
7581
1845
2527
8144
102
200
2384
6816
5689
1267
3657
8868
339
2985
4764
4423
2423
9522
4750
8736
9783
8218
2985
9075
9349
1011
6391
1512
3008
7352
4128
9750
4057
7190
7951
3672
7034
4641
7576
6172
3
5178
4280
2998
2396
1790
2718
1847
3440
8459
452
3733
5875
2516
7068
1806
7180
945
9903
191
5851
9574
1388
8191
3408
8214
3818
3242
3756
9277
931
9370
277
2198
2132
6597
7618
1044
4400
735
9510
8111
8969
2288
6155
2031
4721
7851
4734
4908
7899
7270
4402
9371
8234
5116
2773
3065
4845
5559
4353
5062
1411
5600
2626
5966
9000
2811
6586
1053
6684
220
9365
3696
4604
2769
1355
4557
1507
6934
2662
507
8935
7477
121
6132
7238
3087
2187
9773
4359
5691
994
5571
6949
6607
4602
2704
4796
6387
4078
3143
3759
4183
9367
9616
9456
6789
5180
6210
3806
7120
3092
5042
9186
6830
8864
3785
441
8009
4672
483
3291
4454
4332
4040
8758
3890
5903
1067
7177
8680
100
2325
2063
4072
4840
4935
3663
9839
5956
9728
4368
3266
1595
6612
3317
8901
3165
4717
5532
3203
8818
8175
1671
297
6404
2903
8139
8399
1587
4499
3662
5166
3405
2462
7710
4226
3917
1362
8146
4422
782
5254
367
7963
1645
7718
7855
3571
7006
6184
4534
5980
3881
5903
2623
3686
6032
5839
5781
2729
7784
6083
6249
5450
7525
3936
6425
9695
3870
3723
9853
5688
2177
3634
3965
4987
1583
1366
7055
8296
3095
9232
4982
6713
7360
8513
8855
3991
6723
2305
3578
5822
9913
5901
8542
5778
9288
3810
5973
6566
9951
2947
9503
9571
7235
2203
5360
5244
4081
9673
1269
1862
2641
112
3607
406
5094
6882
1658
8865
7069
4588
8926
163
3388
880
5361
4040
9852
8499
1096
4782
6730
1536
1832
3420
9274
3079
8349
5221
8102
4968
7818
647
7631
4192
2515
771
3845
4637
2398
6139
3650
7335
1535
1474
6838
7150
4868
7291
8226
8933
938
3465
1933
1552
8334
9137
1982
3952
8383
7927
3366
3396
4357
7379
5602
2379
7873
6799
6385
7390
6509
8195
6428
9600
2736
916
7816
4898
3181
1749
7294
8223
8980
8740
2779
5088
2507
8810
6074
1376
3121
6346
7311
1021
4749
2397
6918
33
1084
1827
9090
4464
9990
8859
6656
9386
7282
9782
1009
5718
1497
5313
2345
1829
5472
4055
4818
7253
7599
2849
8439
6560
5491
9383
4557
2432
7430
7412
4547
8379
2477
5120
2020
3121
8397
2783
7271
682
7662
6699
8960
2468
5711
2570
2095
223
2362
3005
3269
1647
6848
618
3790
3659
9243
309
8868
1844
6281
1763
6334
8428
7481
5933
1513
5292
8337
7330
5801
3006
904
7319
5271
1621
8530
2303
2212
4060
733
4653
6860
8338
6228
3575
8815
564
7008
7709
7614
6703
3994
1181
9777
7393
5310
92
5269
6805
1463
6958
9757
3445
7879
6524
321
8120
4100
7505
1342
1838
727
1351
4162
4345
9696
900
8828
2197
852
8931
8737
3786
7946
9047
9305
7600
146
9059
9941
9112
969
106
4542
1200
5114
3115
9480
2732
5119
7885
9639
66
3985
9068
2430
6612
6930
7636
6919
6294
5336
6032
211
7812
8561
150
6048
7910
4819
1511
1220
3521
582
8577
3846
4621
9093
7015
3818
1898
2459
4877
9781
5934
8570
205
8938
7491
3580
5320
5604
1705
3070
4226
2007
2537
187
6950
117
7631
6987
7406
6424
7921
6058
9427
2550
752
3066
8966
3320
92
7283
9156
505
2475
6407
8921
4822
2716
4006
5119
975
9180
2773
2830
553
4362
4461
8335
5379
2936
7820
4560
9588
6012
9174
9344
2120
7371
6357
2722
2599
4671
5667
639
2626
6229
3209
8956
1411
1885
6526
3464
9353
4659
9822
8713
5699
8439
6176
883
6730
5778
3184
7717
9049
9033
4225
1535
8517
7532
6166
9753
9110
3228
5718
1004
7565
7415
909
3951
9072
1437
1161
188
6435
5069
9320
2240
182
7267
1656
2619
9871
5306
7315
122
7533
9993
7016
5114
2588
6603
1883
6434
3858
3448
7192
8690
8374
2594
2596
272
8541
129
9874
9155
8947
6607
1643
5724
1582
1803
9620
9280
3585
1782
9008
7591
4749
394
6358
6983
2974
1810
1886
3750
4619
5458
3613
6417
3260
9832
9941
2332
4765
7019
9319
1398
8791
5537
500
4370
6794
5061
4553
3066
4513
2996
295
5088
2469
9466
8058
6215
1504
4277
2855
9488
1644
6686
6895
1188
1613
6371
3133
412
3242
1940
6084
757
9700
1479
3491
9723
8983
8218
2577
3910
4426
3183
7630
5793
2120
5890
1419
946
1100
3568
1574
2938
5880
9208
4459
6800
2532
8794
3308
984
8852
8480
4434
2006
6385
3199
5162
5615
7052
9215
9815
3230
2
4439
5564
2676
4875
2032
8231
7753
6176
4726
9241
2086
9675
9608
8850
8857
5843
5688
7481
9533
7202
9461
6556
1497
6186
6903
2563
6612
7602
3863
3267
192
5102
635
2935
2569
4232
666
4262
3541
5536
7815
8270
3316
9999
1325
9862
2279
5636
2812
5981
5882
8459
4918
5302
286
3225
7025
3302
8964
9396
9447
4173
470
5547
3835
1542
2739
1111
4206
3261
9929
7779
9961
1603
3604
4150
9512
9151
1308
6280
765
2375
2010
3690
2576
9435
9773
5052
9519
6105
4049
322
825
3886
7504
6388
3211
7333
9958
1437
6434
3442
131
9196
9895
4513
5217
7970
8386
7358
2022
955
5147
5910
2377
3701
830
1372
9836
1797
7650
3870
4320
6855
9036
2239
6261
1688
6461
4082
2079
6229
6726
6484
8347
4171
4990
8914
2907
6560
1083
3727
7343
2673
9230
6434
6744
371
4223
7430
9465
7824
285
9225
1755
6023
2403
8418
9497
6792
3722
9574
2104
4189
6784
9026
1642
8082
804
162
3615
7487
2013
8223
4548
7807
9123
1837
5498
494
1422
564
9898
5876
2685
2584
8804
9864
133
4323
6510
3106
3990
4283
4760
6787
9864
6656
4334
2701
3124
6368
8660
6504
1710
6154
5275
2114
1434
7976
7473
2116
5701
5621
253
3729
9795
2705
1833
2394
8426
446
4408
5369
4029
2558
5568
5851
2502
411
4876
4094
2500
199
8443
5757
4186
5287
8039
9262
3442
1110
273
3369
7917
7075
5665
3339
2036
9744
7075
9070
9074
4236
1863
1434
9796
6300
2418
3656
8746
5766
5244
3023
1294
3192
9640
4500
6791
5469
3235
1853
5758
2829
3091
3817
1989
9277
7922
2498
3592
814
9075
8748
567
967
5372
4537
351
1149
9641
5509
6879
4131
2820
7845
3216
2550
4902
2310
2555
745
653
4953
7495
7489
2037
8284
2877
9196
8597
8978
3207
8041
1638
8151
1694
7111
8020
8075
4274
5159
4578
4840
8656
6846
4777
9910
5364
460
5051
4795
5052
3979
9486
2110
3930
2142
7954
3199
7057
1664
4682
7185
7474
9121
1277
8829
7650
6204
735
2883
8582
9986
6657
786
1023
1674
4962
1469
2771
5890
3777
1814
5750
3970
838
3889
6674
8968
6746
5432
5506
7121
6728
7310
6622
375
3158
6623
8636
7213
6051
7007
145
4566
8962
8284
353
1791
3286
6065
5439
8904
4835
8182
3860
5077
2736
8886
6335
204
2196
3632
9174
1859
9474
6978
2814
2306
9550
3629
966
5414
4366
7981
9602
1297
2306
653
9172
7289
7602
1439
7886
7462
1743
6888
8696
9328
7641
7266
7685
5580
1290
2063
6968
765
4986
5396
931
7660
772
2657
667
5750
2703
7602
7776
4723
1804
4687
5386
9163
8095
4932
1182
6730
9982
4807
4527
1052
2453
6776
7328
2247
2039
6944
6226
2564
8289
9
1869
1975
8636
4199
9586
8708
5969
9203
4590
2713
5944
8241
4010
5806
4164
1378
7494
885
1686
913
7927
3986
1025
1282
3862
7212
3802
5287
5699
7568
5501
5646
8326
6643
2401
5889
3990
8685
715
7432
485
141
8161
317
1398
2006
3808
3513
7124
7423
2847
6988
7633
904
9172
1783
549
2266
109
6232
1027
7916
4472
6171
3093
4468
7216
4463
5672
4858
1395
528
334
5074
908
3654
1972
440
5510
4868
8053
3967
3008
843
6895
5728
2178
9946
477
1419
3978
4891
2718
317
7917
8635
9849
7716
5066
230
5554
4553
9130
5090
9860
7448
2228
9818
7448
5664
2622
5176
7979
7569
7461
2022
8332
8154
4811
4128
4230
829
5744
8677
6628
1300
9046
9925
6448
8678
8225
4028
9789
9112
2959
3360
4548
251
4827
6784
8565
611
251
8266
8858
6521
1944
21
1284
766
3827
7897
53
1234
3379
6151
6939
4951
9706
5916
712
2723
5196
6687
8368
2267
3609
2994
1066
3206
7647
9029
9316
5585
4641
2470
3951
4660
9840
4999
1666
8659
2983
1064
6514
2887
5312
8354
1636
3164
1011
3118
8720
3858
9164
997
6220
1005
9746
9339
1179
8951
9936
118
3674
9752
5060
3517
7356
8175
1873
990
4323
1553
549
3206
7678
2983
5754
2646
487
8378
6481
2831
5602
2779
8941
6165
6817
8938
6741
205
8164
1721
7823
7792
4822
5138
8185
9937
6054
4911
8304
1617
7879
8420
9311
9690
763
5592
2518
9046
5520
8828
7670
7791
8828
7435
2413
4783
8276
2172
7928
3149
5726
8531
3387
1556
6879
3122
4986
962
4453
6182
3631
8304
2098
