4665
9037
1316
7041
8352
263
1653
4543
5124
8574
5498
3239
9576
5599
9342
1970
582
274
333
5844
4373
8751
9994
7211
966
7704
588
1195
7426
8444
4277
9370
9137
9199
2975
1521
738
8160
2489
2082
1653
438
7936
4798
7263
7976
8742
6430
5677
2591
534
7931
1793
8876
8186
9391
4866
5448
8935
3288
3187
180
6996
9094
9593
7457
1460
1125
4556
3283
7348
677
9362
7068
5673
2950
493
7343
2116
9037
7762
2306
5485
3353
2959
5092
6512
7256
2810
7992
4761
354
9924
9438
6392
1998
8036
2515
8391
6798
3365
4015
5467
9666
2170
8574
4313
7837
5717
3347
6132
9597
7762
4808
2458
2044
6390
796
1144
3099
1613
7721
9098
6196
2439
4946
5883
9616
2344
5824
7570
6258
3
7596
3414
3796
2975
398
8853
9620
5606
9032
7072
9772
8848
9800
7982
6112
8918
8720
7814
1428
3757
6727
4759
7844
1096
2112
6049
9952
9637
343
9758
418
5277
6704
173
2453
7653
7693
9083
525
8353
3033
6553
7937
1055
1312
3867
7502
5617
8752
8159
9441
2634
2446
2985
8852
2374
6474
1593
3590
2145
1797
9949
2296
9135
8522
4737
1391
1549
2210
7485
9378
9487
4278
9734
6533
8404
205
5736
8163
2234
8264
8547
5
289
5790
2599
5081
1924
9646
808
2292
5583
2440
7147
8439
4358
6312
6190
6960
8470
1682
9634
8650
6174
9180
6031
1919
8518
9188
4042
2715
123
4926
1427
7136
7668
1785
1654
2997
130
7768
7536
100
11
7309
6638
2831
2732
3486
6300
2835
2184
1711
7101
3998
4025
1338
2328
6726
4740
321
7598
3612
3678
2036
9158
3973
7356
2702
1586
458
158
2447
5634
6948
3212
2991
4771
3315
3738
181
4605
9244
407
148
2847
6305
6404
3733
8693
4711
757
5029
9605
8813
259
6338
352
3265
8828
3697
3862
7
8520
4211
5934
4757
6557
8878
6225
504
5726
2330
5999
4696
1306
3983
9132
6221
6235
3426
6590
8110
7715
6610
6170
1943
2628
8345
8710
339
6188
939
9130
4661
8128
8453
5708
6040
3371
926
3794
9202
9604
3232
822
210
2484
8726
7908
1203
304
8752
9589
7494
3841
5247
7338
4961
3882
5162
4358
8588
8414
2251
8872
6204
3847
3877
629
5011
9809
7919
656
2317
5012
7628
7450
6044
2482
295
3723
5059
6071
9024
6583
4117
6557
5514
614
3327
4879
5807
7689
7443
2105
240
9553
5977
557
3449
9237
1183
8222
227
5150
7275
9012
8269
7377
924
4767
9398
9120
9987
976
6722
7498
4775
7107
6387
6991
3666
4175
9035
5699
2855
6722
7936
9271
8170
3708
7842
9898
5471
3023
1061
8051
4944
7261
4993
2808
3769
4230
8417
2539
1116
4243
2198
1507
9157
7670
3759
9472
3937
454
3660
823
272
2334
6923
6906
5610
2375
1383
269
8801
9061
242
2348
1038
7700
6295
6745
7926
6179
798
8717
3546
1187
865
7743
9700
980
5440
4098
6096
7456
1374
2277
118
9862
7977
3775
8058
4817
501
9263
3208
2487
453
5515
46
6731
3398
5574
7892
7832
2929
1586
1891
23
2904
8511
3939
2449
8675
3472
1263
1416
2073
9891
5772
3820
4196
7778
2992
6530
4673
1506
5443
4126
6002
4291
1637
7902
6826
4156
8546
2313
8531
9676
2322
1170
5454
5002
9365
4782
152
2784
7387
990
1680
451
4044
7565
6643
49
8906
808
9874
4307
3074
5343
4081
1950
9584
3085
5479
3412
6876
5146
5538
4015
7101
9061
7310
5507
775
5095
8507
8340
9416
9686
2464
6535
8158
1036
2470
4111
1094
1799
4522
7115
3092
6414
8526
8084
3174
6159
8201
409
6209
3248
5483
8529
1628
6445
6124
6125
130
4541
9340
8583
1959
801
5862
7850
3227
1001
5563
7517
9949
56
7925
3484
3013
7395
6078
869
1127
9195
7855
956
2939
6422
5385
2941
3983
1198
8099
3981
8901
422
2722
7621
4452
4849
7806
5073
4232
3798
9670
6011
1743
603
1230
5539
4480
1490
5139
1849
8015
1131
7895
4682
5754
1355
2132
8175
6959
5627
187
2938
2930
812
3205
1249
8827
9490
6540
6186
6501
586
4039
172
1931
3483
869
934
9370
921
7037
3206
3171
8961
1437
2629
7368
8109
9364
4253
2614
8277
4788
1807
9780
1674
2330
5479
9675
1968
2945
5314
8689
5079
1550
4564
930
6820
4508
2316
8397
5299
9783
7537
2109
1411
2832
7342
8745
9116
6862
695
9302
8240
6943
5065
8590
6481
3641
7565
6913
4039
3361
4065
8253
3798
9354
9391
2418
2374
9491
9290
2211
2488
4328
131
443
5123
1739
5451
5830
672
2429
9425
1221
1957
4036
6060
2424
8334
189
9522
953
9402
4909
5365
9434
8815
2004
4642
4123
3595
3789
2882
5007
1981
3328
3740
297
3336
9697
2764
8779
6932
6277
162
450
2529
7989
2733
3133
4583
4549
4161
362
3632
3313
9801
3733
2991
7091
6747
1112
6187
9449
2498
626
763
2402
5860
9224
7069
9196
1852
3685
6402
7909
8331
1493
1523
9960
5825
8700
3941
1323
3605
2033
6610
3222
4451
2893
7726
3379
7721
1583
1154
8540
5391
1160
1684
3888
8503
1623
8800
5251
2138
6807
936
5509
5454
8317
3275
7539
9590
3098
6110
2154
323
3849
7458
1034
4229
4372
3202
1440
6821
5158
368
1597
8623
8051
4325
3110
472
2652
8652
9471
2486
1300
7228
7821
2057
3895
1701
4447
5012
8643
3897
3231
647
9849
1969
217
5719
9326
1123
6787
4692
3673
4616
8575
3526
5701
8372
7130
2139
4648
3069
6638
6286
6439
808
8537
3067
2247
9602
2731
5514
848
7831
5307
806
7895
2535
9129
3516
3087
9967
5512
17
4465
4163
2290
2666
7572
9479
6013
2716
6040
6002
3771
9044
9356
2534
3180
5713
2979
470
7464
5171
5774
3284
6201
5443
9837
585
1346
9059
8139
2722
2417
8671
6171
1805
4370
9307
4789
7643
6587
37
2765
2589
1703
8469
9260
7587
8492
9927
8326
2795
3941
9426
9886
94
5810
8648
4180
1512
8478
1975
9599
7135
1653
5369
7011
8429
3700
9373
7244
8068
8697
2826
2187
5336
9155
7063
4170
6966
4315
1244
2695
6872
7374
8300
2405
4676
3622
7476
1248
2107
5495
3910
3195
8455
9850
7817
5585
1065
7370
5910
7201
4537
3973
5479
9508
2801
9303
7204
142
1480
7977
6203
4700
4109
5094
2104
163
4648
8720
7980
853
488
8550
4875
5744
4678
1756
3360
4160
3448
4125
6050
5400
5283
7081
5335
6690
773
8854
8741
2997
8246
1179
246
1708
8830
1245
9657
4957
5947
2296
3729
2459
8535
5298
2075
8130
4287
8368
8138
4462
9069
308
475
9654
1353
9492
2452
3866
5954
9617
9075
2554
9679
9374
8120
6880
2585
3980
8994
3397
2450
2662
6840
7847
6821
7719
1256
785
6502
7571
8730
5970
6738
8309
5376
5964
7481
5734
1884
3257
2143
2575
5752
9351
4988
3660
6776
8709
954
5164
580
9269
8090
2753
1499
6285
2039
7444
534
1664
4022
7270
6309
6702
8634
7513
6920
2110
5456
2155
8456
5593
8916
4460
1546
3880
4171
5158
770
3062
2857
2563
3024
8380
1479
146
9987
2189
6942
3571
6741
6726
8265
1022
3290
6512
867
7745
8212
3765
9992
8184
4039
9021
2806
6821
2052
8312
4506
1900
164
7723
2357
4551
1290
5915
3024
9561
1207
5294
2767
2994
4256
2912
7121
6180
2481
2873
6533
5222
8755
3091
7095
87
7323
526
988
7599
5771
727
9550
8211
925
9432
2970
7296
7414
6290
4549
7876
1709
3316
4169
3219
6349
3622
5185
4516
8734
9176
1267
995
6418
9847
4934
7232
6098
9848
7458
5198
6698
1841
629
6599
7827
3427
4469
4469
3710
5509
1411
1637
9215
7119
6657
7691
9011
6696
6511
5365
3095
5518
1305
1898
1892
4992
7210
844
2024
5893
1716
5059
9411
4237
833
2133
9851
5485
2192
9432
8491
6011
7122
7065
8642
8382
6517
3616
7303
4892
9852
1255
9453
1990
4040
3996
5660
6786
9026
5267
7909
5654
9946
8730
6657
4092
1511
9334
8083
6462
8846
9939
4275
4027
465
2566
632
9766
3253
2278
4183
8863
6402
6044
3693
4472
1073
8535
7456
9394
5252
1723
7485
5625
8702
5441
9442
5404
1266
1555
6118
9334
8820
5336
8501
9435
5117
3743
2576
7577
4511
1867
1851
2636
43
5553
5345
2925
3778
381
8229
3995
1399
4574
7680
5717
1082
6172
9618
6725
7448
2868
2958
8741
4984
6251
6743
8110
1766
905
2134
6934
3515
2800
5583
1591
92
701
1735
2175
1352
8976
4605
2376
6986
76
3397
5674
5418
231
4971
383
146
2450
8415
3023
8001
6799
8421
6783
2728
9076
3270
9435
8998
5541
70
2939
6536
3142
4631
5213
1373
1782
5849
3044
1409
7648
4788
3988
6452
4320
6808
4217
8685
1465
1006
8766
8132
9275
5013
386
9072
503
4770
3321
7633
927
8258
8704
7787
3398
9403
8979
2861
226
3332
9824
2312
3622
7031
9317
9019
4114
47
5802
622
2449
8360
7839
9541
1351
770
1913
233
9671
1268
6147
8963
2986
2684
1193
917
1491
6664
2658
1827
8150
2490
2968
6451
7509
2600
4402
4231
8327
5802
9177
3235
1199
113
6939
7104
5776
5930
4772
6133
807
6776
9941
2836
4262
9311
985
4409
86
6425
8467
9338
2758
7288
2752
3072
758
6048
2477
8155
5287
6472
4076
7519
1150
3314
9628
5715
2571
2426
7635
1805
7895
705
8877
9336
3637
3873
7402
3397
115
4743
4949
2068
8062
7182
5583
9770
8012
1277
6194
2997
2011
3332
7655
4683
270
319
875
2092
3727
2103
1796
4502
7181
6393
9434
1211
6652
706
1490
7411
8920
2875
2762
5354
832
6585
2604
866
873
1314
9031
782
5771
6617
8721
5141
433
9196
4101
9084
401
7432
1021
3328
2185
2126
3068
8809
8331
4090
1498
623
886
8925
2971
8759
9039
6827
794
8272
4159
590
9211
9538
8173
8109
4459
7
9315
6622
714
2477
2618
4717
3905
1347
1212
4670
1377
7508
8503
2084
856
4588
572
1995
7839
4120
2806
617
6574
4861
4663
9711
6121
1977
1723
6230
9662
5090
4771
3288
2154
303
1460
9815
8720
209
7360
5292
3762
7647
9622
2867
8653
3491
8349
8838
4119
6114
7854
9009
1910
339
2414
2736
9222
6672
8905
3626
8461
7386
1722
1795
4432
4643
3772
6343
776
7265
1029
8286
7601
6958
7092
3574
2617
1889
8537
3005
8841
5305
1447
864
2917
9608
4437
6949
9471
1748
3749
7254
8551
4075
1541
7057
5174
5938
9353
6394
2269
5188
4933
1998
907
5500
2088
1634
4591
4958
34
6496
7608
3708
845
4812
959
3642
1012
5142
3232
1053
5905
975
7919
4012
3938
9198
3157
9790
656
3751
4634
4093
1609
2355
7500
3084
6878
8608
8515
1232
9455
3912
5386
2844
4244
3714
6259
2850
4435
380
8696
2849
7215
635
4075
1725
1341
8959
355
6275
4986
9596
3404
6153
3426
8884
4671
9215
2648
6528
902
7853
6766
9105
9791
4292
4230
1627
3996
2951
277
3285
4795
986
787
1658
5779
3905
5787
5590
6478
1745
9194
725
5557
2723
5095
3243
3346
5512
9819
6731
3816
8313
3417
4327
6885
2754
3721
3266
2913
3337
1141
1809
2617
8590
2563
9135
7271
8404
8299
7258
6011
3135
6879
263
9376
3952
8679
244
756
650
873
1204
353
2695
2979
1882
9464
1603
4418
5967
6417
7949
2927
3504
9326
4240
5396
404
4996
5724
779
3941
7759
4773
8079
874
6796
911
1104
1379
5599
7785
5677
6415
2616
422
4278
8275
7851
946
7749
4150
6187
8639
3589
307
4571
652
5620
147
6837
3019
386
2834
6886
7684
1475
472
8263
204
4167
845
5708
4488
9299
9654
2199
5498
7029
864
3185
8177
8320
6280
8273
1044
4393
5807
9412
5860
2121
7972
3840
580
6425
6246
9454
1396
9084
441
83
1093
7045
4068
8219
5176
2337
7869
3159
4253
9972
7008
3214
1035
9860
4334
1702
2955
3683
5025
7726
6898
7912
8505
4446
836
9729
1999
9468
8248
3457
6341
4279
5113
1308
8732
2233
6044
3737
9010
7500
5588
1506
5721
584
3162
3666
5760
9580
5183
3130
6688
128
5980
4204
3974
1215
9847
4547
6334
8414
196
7378
1124
943
8195
8426
8301
3984
2497
6118
5857
3147
3718
2823
1819
3631
2156
9556
7941
2700
4930
6505
8005
389
9184
6977
9300
57
1294
2924
9306
7301
8122
6059
846
3089
5281
9778
8047
4505
9082
3590
2365
4429
3416
3546
2571
9674
131
9312
5160
5636
1660
926
1940
4347
7633
6055
9681
1963
2978
1591
2687
1204
3637
1837
2879
4009
7446
9167
3573
9795
1918
2082
2502
5053
7759
9859
6851
800
6773
2627
8060
5358
5466
629
6992
1326
1176
6676
686
7230
5811
1347
365
6299
3389
1375
6629
7124
1518
7824
1839
3482
3627
2161
1583
3587
8369
5146
6787
2164
4894
5555
5606
2327
7936
3219
9465
8052
4569
3565
837
2188
5312
8943
1246
9413
5871
5355
6740
8336
2192
1918
4690
1993
772
4353
108
1435
8160
3122
1913
2772
8493
1457
9554
4103
5531
8435
8247
5068
6158
7507
6700
8434
5602
1468
4652
56
724
677
8815
886
6656
2572
4876
2217
3778
6968
106
3316
6580
3471
5817
8776
3309
4448
1407
1445
5445
9407
2085
5651
9061
4418
472
4556
5894
3234
8225
4969
551
5158
7625
2707
1706
8366
4583
1672
9373
6421
3966
245
7359
9980
5292
9263
9880
5342
1881
6919
3978
6417
9361
7226
4847
6917
69
364
9492
5162
8325
5160
5214
4724
7822
6271
3364
348
6455
1172
5516
56
5777
5009
8747
1173
1989
4550
9098
106
2868
5997
7407
3159
362
5285
9722
8400
1714
3616
5281
6662
2929
5449
8648
3116
7154
952
9002
9548
7122
9989
8827
1464
5167
146
6263
3446
6563
6969
267
800
1899
664
5352
5500
2065
9802
3204
9613
5026
9251
1724
24
7034
6506
8165
4076
2176
7871
1957
6982
3222
3526
4522
8310
3642
8424
7939
6700
5328
4163
1657
9027
9105
5520
6646
2734
5402
4148
9314
7719
603
1112
3355
7297
556
9394
6259
6056
6461
7257
8649
6166
9929
3477
8843
2653
3419
5819
2059
2480
9403
4875
3565
1883
6683
6383
7705
1350
5044
6506
248
7878
118
6177
9775
9678
8733
2607
4917
9405
1317
8294
8207
8123
1977
495
3988
3767
8769
6996
7411
4607
6368
7238
3868
398
856
1393
3396
1285
1672
3790
2566
7310
8901
1290
7141
9396
5021
1617
2422
6074
9000
1479
4580
8897
7187
9359
5547
3467
9853
3282
6025
2312
4406
9570
6080
490
6336
4616
407
4688
6751
8061
5867
1879
1027
2384
2168
4093
6498
908
2659
1808
8421
3473
1162
9557
2490
6638
2428
3928
9059
3151
8419
5873
8963
3658
9912
6408
3290
2147
3116
7178
9810
5439
3979
5152
6906
6215
8614
3716
1760
8521
6926
848
3367
4456
7907
8710
2455
860
9294
8008
9841
5197
1345
4748
1891
557
4323
6681
6800
714
1961
1603
8215
7523
8632
9983
3371
4588
6282
9894
1329
3096
8236
3122
3205
7979
952
7511
312
5173
1491
2070
8058
3616
8029
8210
3103
8876
3083
2564
8826
8781
4306
4301
9442
5305
5646
2578
6264
1084
2512
7827
546
3409
8127
3949
6105
3320
4733
7171
1481
2517
2482
1308
5807
6185
919
8484
4718
5570
2824
8987
2671
151
7813
3860
5857
5588
3609
9070
5526
293
6170
672
4975
417
5965
6232
4742
335
6606
8970
9591
3286
3775
7562
7768
4735
6929
6377
7719
9232
3600
8002
9941
72
6312
2378
1989
9900
5059
4590
2783
9536
4151
6423
8302
1795
756
5157
4520
6812
3964
6762
5012
5496
7360
9647
37
8138
5179
9418
1098
5882
1943
4727
10
3837
8166
9219
4304
5909
169
4841
1435
3101
365
7301
2737
8983
5448
5388
4275
8325
3860
1990
5879
7449
637
6172
1464
7777
7245
2490
3506
7260
6418
5797
1983
7889
7145
7280
3483
1344
2925
168
9243
8965
7237
1635
1911
6720
3737
768
9494
590
5122
1191
1611
2901
3848
863
7494
5532
9898
965
7407
1618
5683
312
9158
3427
5791
1743
9195
405
9806
2134
3419
8027
9698
8248
6283
5090
9381
6514
8027
4312
2975
6009
8948
8728
8
386
6501
4253
351
6339
5725
7007
9042
3279
5986
2506
1291
1340
7377
2682
974
2588
8211
5833
1678
3343
1032
4061
7995
3913
8296
2545
6158
5703
464
5088
7340
4665
8630
740
4004
4367
998
7071
9504
1566
7542
6640
3842
2111
3
4573
3945
5238
4992
6809
5104
9885
6463
525
1370
7523
14
544
6545
2160
5603
8095
4204
9713
7131
1224
4684
5697
7024
9339
9338
2344
1480
7910
7524
3664
7362
3195
9778
9727
4850
984
1394
9490
908
7844
4270
4865
7393
8115
1262
7398
4196
4976
6526
2944
2200
9342
7393
9006
3015
6011
8131
4037
2497
2564
3666
7934
2837
2805
1753
8201
3673
3223
5444
6805
6121
7885
3744
8627
4859
4472
7310
3583
2492
1745
7738
1004
7313
6618
3551
6634
246
7257
3346
9767
9302
7121
6718
442
174
3713
6557
4383
9736
4953
2133
6395
5184
5562
930
1354
5265
5591
8680
5535
1682
3362
1199
87
8069
5439
8740
2717
1203
6999
3375
3303
4071
6975
2617
4061
3263
3697
7960
5145
3796
8393
5308
2128
2903
5881
5364
2651
604
4060
5973
5739
8922
6405
5135
8762
3525
4539
2948
3827
1240
1209
3096
7511
4414
7498
9658
5265
8409
1924
2998
4582
1668
3282
9283
9061
8714
3477
1783
8879
5220
1436
8521
1853
861
4232
67
3291
33
6968
3314
2101
2722
8698
1935
5294
7838
7644
1866
2898
9112
5361
659
580
9326
6106
2832
7821
2076
4658
9436
5348
1522
3097
9006
6721
9666
4647
8742
5454
7579
581
9369
878
1680
4404
4414
3047
8710
6054
4858
9430
3337
7693
3061
3893
480
1830
5683
1493
378
1944
3889
1022
8198
5596
575
878
1548
71
8568
2870
8623
1009
786
2835
6959
5188
3218
6597
7717
9655
4218
4718
3295
740
9132
9713
6671
8123
7512
5004
9335
1106
1329
5707
928
6512
6466
7566
7783
201
6541
1823
9433
7142
7619
620
1870
8120
4740
9658
3832
4769
6365
2263
7713
8370
795
1742
9854
2088
9437
7007
5891
714
5373
9757
5593
6808
2121
237
8244
7182
6682
2576
3924
9103
3049
9987
8341
1276
7149
4772
8776
713
1921
7972
6613
2918
1650
8764
7491
9490
8013
4267
3618
4169
6378
6266
3995
5681
9808
2569
7422
3268
9963
7203
0
8732
8627
5433
3563
7023
938
6760
3980
5903
1581
1419
8586
4102
8151
3720
134
6487
1725
8545
617
4253
3240
5766
2060
7919
5741
971
2952
991
6744
9903
8384
2560
2020
8330
9146
7812
1984
8665
50
6458
4480
9603
570
436
3295
5276
1516
3854
9983
5981
9920
161
7706
3428
563
3748
9697
9596
6641
5829
1699
9829
3964
7291
7256
7558
2767
4471
7107
204
8728
7305
9067
3207
121
3148
2794
1899
1136
3717
4616
8984
2384
7050
1181
8751
8329
1195
7136
7848
7990
1367
1253
6405
9627
7777
7464
2648
2318
6995
2123
8716
7353
5779
6468
5359
189
2599
3766
8428
9352
8774
3866
610
2102
8076
4031
7770
7954
931
3819
394
219
6965
3511
7151
2595
7498
122
9406
2563
7836
2399
2601
5830
7730
6360
2893
6399
7192
5912
5144
4963
4033
8882
1452
4292
8934
7393
7745
4016
3633
2931
9673
8797
7927
690
8005
3266
1543
4798
8056
4279
7695
5918
7278
6087
6124
5339
105
6819
4794
5198
9348
5301
1032
2714
9023
5706
4902
7479
4360
3784
9835
4695
905
2464
8162
4049
6146
6553
2084
3398
3871
5915
3810
8826
3624
4041
2148
7787
5017
4241
6650
35
9426
8815
4573
1809
9639
7527
382
2386
1423
438
2277
8495
9604
6755
5354
1326
5312
5717
6358
2907
308
7738
755
3493
8925
4060
8814
9244
8134
952
3799
9966
1426
165
1948
0
2808
768
936
1399
3062
8775
766
7494
1581
30
8625
6661
3630
8709
7145
633
4645
8483
3720
9073
325
5924
7060
2273
3705
6013
5990
6842
8130
7804
4667
5008
8111
4175
7834
6799
8420
3425
9525
5750
5461
1994
8706
3036
3929
7006
5744
1954
6112
4508
4311
4552
767
4292
4355
4836
3483
5033
3098
8507
626
4068
2689
7429
4586
4627
5090
8171
8855
9565
7046
7841
7689
4727
595
7202
6571
6952
7454
561
6528
1436
8838
4314
7448
661
5805
1157
2981
2442
9040
4976
2376
7764
1150
2232
2617
34
9006
9210
7638
6130
8446
982
42
6207
8732
7112
4767
3591
9553
1199
3439
8316
9104
6191
2759
7833
7752
5091
239
6272
8192
7123
5796
9259
9587
2752
8317
4741
209
7025
2145
1527
320
9639
9634
6335
4657
1853
2402
7007
1775
4915
5744
4263
5698
2023
7740
6873
3880
6000
7079
5427
4302
7856
1323
8066
3675
7184
411
7425
8199
3950
8562
1846
8092
2656
1432
5463
7182
4076
4358
1163
9288
6802
1840
7617
3786
713
8018
6574
3818
7115
2862
9460
1910
5803
8987
2932
9446
7578
9621
1499
8383
1847
9074
1575
5872
2870
3261
5416
5053
4930
9334
5240
8173
6240
248
7587
1404
3784
2264
5423
4245
6406
755
851
261
1490
2486
4428
26
1332
555
8007
1618
8915
1569
6813
8808
9230
3318
3019
2119
1490
5168
7469
3406
9644
2755
8405
243
3437
3133
6058
2490
9956
6486
9778
9725
6027
5758
34
4857
5186
6084
1031
6256
8995
1834
981
7938
1417
177
6125
4996
6695
6664
1477
9330
5703
43
5976
8945
3106
713
2236
2641
7825
9604
1397
705
2286
2049
1730
1430
1720
4237
5586
2678
3378
8246
3035
7546
6963
5302
2134
3234
1772
5908
5118
2638
3133
9827
7027
8895
515
8475
8293
4141
2421
7240
5611
5063
8584
5492
6080
9511
8340
7574
8023
341
5112
8980
8182
5015
870
8055
9026
1983
1173
5094
1814
7852
909
7490
757
2508
3236
1718
1108
2899
9371
367
9355
30
4866
5174
6824
7869
8782
5083
8931
7318
5804
1697
1090
3179
7730
3209
8879
7157
5
1846
4394
5298
1021
9215
2992
4022
6742
8516
4566
4889
886
2556
1361
4621
1383
1710
9964
3509
7098
6552
8531
2335
4935
5745
1601
5178
6343
953
3900
3103
3961
7040
1429
1588
3710
7622
2829
2788
4969
3166
6519
2255
1634
1244
9440
8555
9878
6317
1350
3394
4154
9467
4584
9316
1659
6857
2944
1811
6836
9406
4949
2767
1752
5124
6073
2596
5216
9904
1790
9064
3367
2136
8253
1915
7108
1483
257
3670
7264
2382
6771
8679
6624
8385
2788
4425
9112
4347
2450
1389
283
9623
2562
357
39
6944
7397
8938
8021
8457
5473
2302
4462
2510
6447
6662
4492
2210
1601
7837
1809
9538
4543
1436
8485
6827
9676
5601
1223
807
4763
2091
824
3108
480
6512
866
5064
4230
3950
3592
4021
7699
1942
5909
2937
7636
8771
6036
4999
7170
1378
1813
237
593
3884
5008
1658
8021
4606
2012
4306
7551
6812
285
1824
1670
5964
1589
1589
1497
4166
7628
1309
7166
702
1049
7080
5177
6100
4920
5326
3835
5981
6795
8817
6052
118
9253
9974
4733
1562
7405
3084
9723
524
5294
698
6857
7711
7307
8486
9055
2299
7802
7146
6597
368
1967
9558
8709
694
3627
6325
1425
6116
1172
3080
7337
336
1067
8486
1263
1994
9537
2754
2141
123
6904
2636
5540
7676
5800
408
3031
2716
4005
1100
4393
86
5047
4398
6117
9891
4810
5050
4997
2952
439
8361
8746
7569
8573
5407
6497
6366
3555
5994
829
6787
2709
6031
9528
3877
4950
16
9663
9418
1093
8621
8781
7155
9032
5981
7995
9921
4659
1235
9613
772
9854
4101
7540
6909
2167
4831
2164
2132
6934
4748
2691
825
1466
4771
8956
4091
2685
5800
1634
6519
4126
6674
4463
313
5575
2490
4609
2013
8776
8551
7617
5889
5618
2921
1534
7237
1013
3624
731
8265
1274
4923
3720
9036
211
752
817
6021
9399
2403
6911
1225
6116
1871
1771
5534
2302
1853
5359
997
539
8370
8405
8063
8554
2190
9182
5452
2032
806
5805
2309
6613
3585
9714
4558
3882
8885
9985
9963
2892
3441
84
9311
8272
1110
8314
4313
8364
197
742
6408
1972
6021
708
4417
295
8103
2168
3200
1405
9436
5035
9912
8229
8655
9486
9223
7434
4608
2737
3971
5799
6828
6203
3099
2741
4707
3130
4462
2495
2789
6816
6090
7117
9551
7362
5851
1961
2248
495
6101
8556
997
5510
6871
5951
1110
579
8413
461
3893
2787
1520
5519
2596
7118
1940
7852
2032
3333
3399
3568
7489
2163
2298
7901
987
2583
5959
5340
681
66
5479
2657
2279
1660
3673
5963
9678
7479
8408
4314
5760
9801
1678
6651
3218
311
5188
5865
9643
3270
3938
3655
691
7350
303
2503
91
1747
2449
6572
5499
2780
2589
1615
4767
5656
2532
5111
8033
2325
6246
1720
7280
430
1769
5922
6431
242
7683
3209
1923
6165
2583
3579
5777
6893
9496
6228
624
3662
1050
2330
8910
9115
5349
3568
6523
315
6938
7710
4499
8126
2070
8903
1093
1833
2536
9621
558
2181
7726
3230
4212
8271
315
973
4058
3721
6988
4873
9106
5343
1939
8502
9805
3218
7564
882
6574
4491
3687
4852
4238
4470
3987
200
5412
7701
5814
3530
2328
8548
7558
1435
8441
5524
5886
838
8226
6136
3718
595
6070
9289
8648
1373
2834
491
655
6639
1792
986
7434
6209
3957
5741
5418
5182
6533
6786
4688
5355
7203
7749
6340
3232
1270
2688
1609
8595
8299
7279
3055
285
9830
3259
9484
1302
9975
7681
7894
3637
6283
6941
7725
4342
9098
1828
4955
8274
3850
3920
6166
9659
2196
5518
5633
4182
4722
5010
1650
5648
67
7091
1900
6431
2733
2544
1446
8912
4607
5467
1123
5881
3270
6744
8542
1509
3537
1339
8709
872
7357
3549
6342
5291
1194
8751
7370
2735
9317
2366
2817
7435
6044
6777
4290
492
9925
4746
6638
3764
8081
3546
9988
2581
9476
7426
341
8969
1784
7316
5169
5964
7664
5750
8059
5321
2782
1845
4342
5479
9704
5917
7852
3987
8909
5768
7502
8765
608
7052
1186
5544
8796
8225
3668
4638
2014
6561
4600
8790
3678
5446
2554
5248
8503
4762
1082
9469
564
5537
3173
4881
2803
7253
1224
2986
7459
1185
660
753
1798
6009
6658
7739
3768
2506
5102
3648
7767
2670
850
8157
1583
4773
8664
8752
1742
10
4758
9039
5986
8242
9797
9537
8431
48
7416
5319
5051
9800
5830
38
4588
9800
3973
3827
2702
8673
7716
3389
5272
8119
6224
6173
89
914
3235
6952
4889
9629
3183
4348
3658
9887
7441
6907
2444
4210
1720
3137
556
2500
1633
7646
2906
3019
9821
5948
4567
3384
4654
3818
9110
4517
7496
3174
8206
1767
2796
5391
1107
6490
2871
4660
9173
8254
7099
8568
2369
2528
3525
408
1799
1251
9341
7918
4776
3947
5581
6096
6665
5254
507
7565
6788
623
5618
2528
4062
5730
8017
1801
1720
6728
2918
616
9438
7815
513
7953
5536
9827
2110
5980
1509
8559
1485
6879
6076
4326
8733
9793
6208
4946
5537
8928
8121
2739
2768
4948
2102
2410
3565
5718
1225
762
7668
9165
5484
1070
5651
596
9719
4614
4934
9130
5771
9434
2959
3109
6799
1636
6775
2275
4384
7759
2412
5364
7120
7617
1885
5294
2782
5834
457
606
4801
6827
1878
1000
7801
2388
4685
6877
6263
3233
8427
7628
4963
5852
4617
1107
9813
3870
3641
7172
2933
8712
5430
1486
6378
7852
8713
1880
4770
169
917
8470
8319
6992
8386
484
4150
4340
4472
7266
5727
6510
1283
8286
7215
3720
9387
7166
2119
6809
8615
7689
3221
138
2248
5558
3950
9792
6340
8284
9641
7927
5722
6980
852
5693
8277
8085
9891
6539
9527
67
6012
8908
246
22
4348
2336
864
7739
8614
3797
7748
289
7808
1768
8111
8484
2744
3928
2243
7651
9073
682
4064
9089
9683
752
3548
5306
804
6980
7508
1661
2999
177
8407
9411
323
6354
4420
307
8346
8017
7774
875
4523
3318
2583
5309
2398
7802
7824
9503
4549
2283
5896
5152
7819
6907
2272
2118
8409
5875
7189
9253
3685
9499
5993
8747
2190
244
807
6753
3280
7268
2524
3469
3035
9580
8770
9209
3674
1404
455
9041
9549
4566
6792
7543
3995
1834
6269
6893
7792
1992
8944
6113
1813
2147
3654
6594
3535
5261
2257
9225
9551
1235
1846
1398
3926
8009
5056
7983
5333
5074
8016
8958
4249
5566
5296
7779
5187
4675
1268
8831
7926
1493
7719
9321
6012
8629
8261
846
426
8901
1090
8510
1229
1271
3018
969
264
8808
9323
3053
3529
9901
5938
3739
2722
233
2778
6134
1624
7061
9574
2894
4490
9271
8518
13
429
6339
1191
4283
9862
6867
813
4901
6577
2670
4663
7659
1673
7520
5685
956
3686
623
6744
6472
2629
3640
5785
3761
4292
6641
5236
7242
5196
2790
4374
6123
7865
3709
9121
2627
716
7533
9727
1565
6810
9439
3171
4790
907
113
3719
7334
4888
1030
2087
8154
7420
6700
897
7309
4950
3103
1708
3155
7610
8421
6834
7628
5406
6862
7319
5100
7190
8905
7031
415
7354
1578
1606
4713
2923
570
184
3435
6762
1861
7298
9495
1031
4378
2080
6047
8634
6701
2023
7476
9472
279
8931
4292
2565
8756
5434
7480
4754
8083
1421
477
1611
4855
1130
2491
6450
976
3259
5100
8862
1208
8417
5228
5081
6403
539
1477
8671
9284
1449
7532
1519
1564
671
5911
1911
839
5788
7656
8599
3229
2197
8760
7210
3077
4915
2077
8066
4103
9268
4263
2555
7413
1744
916
8568
481
7071
9456
4187
7814
2665
8574
2811
8398
7002
5053
2203
7198
4165
3688
4580
8023
2867
3626
4776
2871
4559
5000
8766
8505
1906
2943
5405
4471
5872
2253
69
8008
6919
4817
118
398
3420
3704
8547
6158
8300
2311
4031
1209
3106
4360
2670
8630
7250
657
9182
955
9004
1543
3036
6098
3972
9738
8057
9928
6235
6878
2435
2286
7127
8484
9718
4812
6700
6307
393
8324
3343
4036
7944
4691
7695
2240
2897
3162
8077
1024
3315
3916
5951
4428
426
2253
1596
8817
3625
5284
2143
8676
9987
9228
6390
7095
9568
9522
3400
4985
9301
7804
4793
2591
5090
9550
3853
9233
3801
3643
8096
2360
4332
485
5774
4993
9620
8382
964
1419
9573
8891
6326
4588
8219
580
7413
5117
7090
7217
7481
986
832
785
7171
9088
345
1933
9131
4643
3377
466
3679
2125
2419
6311
7941
1880
5011
7026
7552
9842
2101
1355
6975
3916
5988
9628
1758
9471
553
827
3642
8138
2978
3061
7338
8637
7955
8880
5995
5722
2520
9363
920
3477
2055
1239
9924
2210
5773
9442
7850
3943
3032
3435
2282
132
217
9413
7202
6645
1584
2053
7485
5277
6485
8875
7472
8087
9665
7471
7623
734
978
863
4242
3641
5769
9082
8620
5270
7429
5695
3596
126
9192
6447
7482
5179
3088
3444
7589
2318
178
2390
8179
1185
7676
2257
549
6271
5356
6480
6193
4508
5794
2257
7498
4778
398
9898
4263
8690
5930
7240
8496
2838
4300
5158
4393
6284
1742
8909
5185
3474
2206
6654
3630
2014
3770
862
8318
6751
6178
519
3673
6496
2256
2061
7578
7353
5850
4767
6844
7129
4223
2014
7462
8568
3350
3192
3459
5262
476
2392
5528
3028
9428
9007
8142
1223
708
2305
1781
3062
190
6699
5117
1325
7344
6977
509
6006
6364
3065
5025
3455
1321
2022
8334
2332
9495
928
8288
323
5440
8080
4785
6939
1999
1482
2585
2007
3473
3004
4174
6456
488
3768
4449
1863
5676
1358
61
7922
4267
2238
7552
2423
3882
3427
6110
6677
3433
5901
2697
376
1833
8481
9605
3830
3483
5008
7065
2232
8914
9512
6441
6143
5843
3771
2761
4766
7957
9170
8850
3695
6233
80
7178
6864
277
9135
9676
3168
5293
5703
247
1841
3602
7636
9471
7113
8359
2937
6084
1860
1067
2360
5217
2043
3836
6196
9098
8541
1926
8454
1940
704
2049
9505
7073
6361
7162
3883
1033
6384
9017
3379
6290
7951
5638
6829
1554
9599
2033
7066
6209
2890
8975
2391
3301
20
6492
4626
3752
4100
5800
8293
2947
8977
5869
5828
9741
8431
8550
1832
7027
414
9247
5336
2508
559
8475
2803
8068
626
3345
6167
6236
1781
7016
9603
2642
9634
8417
5887
4054
7816
4227
8267
2645
9562
9973
6533
8440
2209
7387
6648
3576
7850
710
1736
3954
4449
5483
8470
6121
5670
9584
7010
9861
4388
7721
4479
9810
4382
7429
1701
2664
7082
6729
424
66
5396
1033
3555
1092
4629
9621
4095
2400
1280
99
9397
8590
4137
2573
6128
70
8471
3993
7887
841
3394
7097
1832
3980
4444
7694
2836
8360
8366
8650
3740
6107
4677
8865
8052
6704
9104
773
7118
246
7284
463
7198
9333
3181
386
3169
6376
5649
5779
4640
659
8238
2449
7141
7408
1922
5362
5756
9331
7767
4605
1078
9628
6725
7697
7680
4283
6710
5012
3437
623
2926
8087
3975
8594
5987
8995
297
955
3822
2626
9185
8698
7551
2703
5386
8408
8591
6703
1769
8969
4075
4424
8657
6065
361
9922
6371
4248
9866
6729
5629
8023
4751
1881
8923
5318
2116
5102
2236
9031
9228
5702
537
4896
4086
1231
2391
6835
6139
8737
8682
4158
4322
1604
8013
8521
4771
2359
6607
2352
8514
4603
3722
4656
277
5263
4498
4526
3089
1734
946
7493
9841
7170
8338
4922
2149
1165
8655
2059
8912
2373
4948
6066
1846
4251
458
1381
2873
5016
4193
6094
8806
8180
275
9673
1989
541
1813
9354
1695
438
1335
9746
9995
197
8877
7836
7529
3230
5698
3448
9159
8043
6318
3436
6839
8531
4048
6410
7192
2348
5536
3635
4281
6940
7974
901
3834
5803
8543
5600
3797
5986
9473
3064
7496
1464
3622
6255
9935
6056
4893
3340
4774
3836
4990
8375
9412
4616
3044
1355
8224
7016
7420
5219
9547
1873
9714
9063
217
4298
9322
8756
2641
3563
3302
8445
3248
6176
242
9024
7921
9010
8804
2530
9543
6132
1261
4650
5145
5132
9874
1053
5309
6145
9279
7081
6464
9549
1190
4516
7489
6322
8648
3558
5658
8470
5851
2965
3369
5573
6130
6377
6325
7510
5028
8241
5886
2739
7675
8474
3149
6104
9596
1030
9998
90
7975
7870
2828
8691
5984
6472
7949
3601
6276
6020
3775
8320
951
4628
3808
6935
4433
7604
6193
851
2530
4606
101
8525
5677
1798
6618
406
6865
3611
1920
3689
5070
7560
3545
9248
3153
4729
6334
6181
5125
7978
3219
7735
1441
9725
7470
6100
2576
1219
7215
2528
481
5647
111
3556
4761
8105
5890
3708
5388
6514
7157
26
6606
8870
4322
3967
7317
3901
8811
1806
1676
4134
9826
5543
9890
2684
3829
2465
3284
7625
2656
3058
9595
751
5704
3727
4119
697
3999
2920
9893
3962
9108
6692
5376
1178
7842
2462
1245
144
4475
7807
8873
1590
5844
4475
1802
8421
1052
6501
8115
4279
6790
5299
5971
2652
1280
3900
6795
3490
4735
7144
591
283
1860
4542
5703
6937
2447
7794
947
389
9344
5486
1521
1895
9244
3364
1334
7200
614
9762
3474
3357
4825
2277
7425
7906
1096
3539
6332
4300
3200
1118
139
6013
6058
8954
714
592
3323
5533
3257
4063
2847
7000
4189
5584
5524
1839
9506
1983
4420
7395
9151
1927
5341
7504
2333
9872
7005
4841
5926
640
8864
1163
3098
6502
7271
3594
2112
9993
6177
5340
5926
7325
6826
4746
1612
9218
2014
7528
4917
8281
4423
3146
9337
4604
5220
7804
965
4189
8708
3374
73
8006
1123
3634
7904
3013
6866
6671
2459
317
3423
5032
205
9789
7023
3246
1584
4927
4689
5748
6952
6512
4744
6875
6154
8726
7075
8634
9326
6756
6489
1211
8720
671
7352
5862
1325
6331
5373
9698
9944
477
2858
7158
5937
3758
7079
3532
369
2449
7467
1707
1502
6853
6290
4565
5677
2013
9187
1903
5494
4209
6469
2564
3917
4974
3468
9607
5426
2863
8355
8750
5661
2043
8850
8073
9140
5947
5027
32
591
3672
4023
5201
9173
6592
3875
827
6465
2738
7929
6299
8452
6899
8341
1919
8966
5113
6979
7000
7031
3242
4780
8231
3387
657
6015
9503
2102
1714
2284
9950
1642
9676
2092
7809
5998
9984
5834
3916
581
2391
2706
111
9435
4375
5620
4674
74
1435
2548
8993
9688
3432
7885
7122
1853
9946
5401
2625
5961
1789
5148
5157
2579
273
275
2594
6654
601
6151
3235
7118
843
3380
6546
5760
3355
8386
267
497
1226
43
6306
8128
8330
8551
7752
9522
7944
3170
4637
5800
1503
8791
6571
7524
6047
7350
6295
169
6190
9070
9350
8228
4014
206
1557
7170
8212
8525
7818
7199
2004
5100
2874
5232
7868
1166
7052
1865
6001
1777
7827
8229
2513
3752
1044
3567
2897
4071
4029
8142
6023
6217
6497
7643
4042
6261
4163
4666
3949
7479
4259
9996
7308
2173
1795
1491
5622
2001
314
1133
204
3652
1149
1476
7034
4934
747
1164
9076
7485
6486
5447
753
6222
7591
1706
1942
2376
9271
1850
1675
6485
4969
3207
4992
96
3775
6972
9910
72
7454
8638
5291
7387
4294
7976
4569
3095
5054
7037
4734
7727
9627
3457
4763
6832
1738
2888
2779
4569
2999
8760
6589
9320
6912
9810
8013
139
8079
5776
7397
514
1770
9522
1069
6410
4263
9455
1132
8843
4927
9576
3958
7338
6880
5746
1028
9537
4243
5821
3329
3976
498
8209
8454
7548
4269
8083
7722
6561
5974
3007
9200
449
1202
37
1327
171
4437
4522
979
9133
9798
6742
9313
3062
3840
6310
8458
6684
9122
5822
2249
9283
6273
4622
4580
8261
6573
764
9658
9671
6680
4228
9491
7355
2093
7318
5253
7824
6152
8754
840
6256
6960
6459
8884
159
5463
273
1760
1097
4107
9913
2738
1655
7009
5376
5296
4325
9346
6695
1836
1380
5815
7431
6598
9935
5445
1659
1352
4405
2770
7284
6643
9337
3447
9524
5814
9209
5765
7108
3787
8200
8162
354
7710
2172
6889
4635
1935
7123
7230
4974
5540
3263
6342
7495
6613
1485
5683
1290
3859
9519
6250
9893
2744
8329
419
5000
349
5419
20
6342
395
631
1489
663
7452
1757
5417
9689
7309
1800
9624
1607
8612
7112
2019
3150
9492
5765
1914
9650
1659
8517
6225
8591
3654
505
49
8123
4377
430
9456
5773
7790
5364
8038
4145
9798
3610
7743
9793
8688
5006
8820
8656
1246
7993
3344
6440
7659
5368
1684
5164
9698
6179
1567
7711
8274
9455
4905
695
8469
6623
8451
2184
2391
3327
517
4913
2787
8137
7483
7503
3281
5142
636
5891
4275
9803
6002
4688
7112
2588
7242
3517
2903
2897
4466
6494
6612
6575
9838
3991
1420
3926
4235
4551
3174
1522
7904
1417
9836
386
2042
2517
6208
5102
7551
4941
9967
3329
1813
4956
1022
2790
4294
2430
2596
3355
6997
4176
9024
5069
6363
4155
2290
9121
9081
9762
6534
7645
5451
2469
7403
9973
436
8009
988
7520
4338
5942
5309
6800
2179
1007
5841
279
3269
8937
5411
7713
197
7579
7934
6436
9547
103
4946
7652
5006
824
3629
7202
7202
5769
5151
3520
3614
9469
2509
2510
6202
6689
7807
8947
4033
2773
9904
6667
3076
9157
4709
5283
5633
1197
2064
9467
7392
3923
5101
7925
970
7582
245
3130
996
8925
8619
9580
7280
6042
2511
7914
9416
4287
3770
4560
8284
8313
4530
1748
7362
573
4496
720
9478
9784
3166
1740
2722
3773
9858
8125
2569
9927
9139
7919
5979
2987
4383
6073
7218
4361
7563
2045
4449
9298
9102
2542
765
8277
7631
6860
3274
6806
5836
2693
9081
3440
5247
3613
7564
9284
9749
5515
4233
3508
4899
8224
2613
8464
7725
218
7110
4893
9543
8928
1607
2398
2598
6466
5679
2872
9808
758
2719
4888
5770
5074
2038
5203
6300
4718
34
9461
3274
8244
3927
7953
1295
1993
5190
3858
2798
960
8861
769
8614
6050
9165
3519
1726
7636
1549
1319
2962
7984
6123
5041
8730
620
7768
1134
2529
2956
3726
3079
3948
9657
344
7571
1133
8079
6835
6680
5293
3909
5421
9125
8706
4601
4004
3507
929
637
9665
3821
1394
9734
8690
2951
456
7147
1584
2906
5081
5990
9591
1590
9835
5095
2605
4574
8609
8362
7021
6983
7602
8763
6107
4944
5490
2215
4742
8267
2407
1397
5028
6026
5408
7227
9163
4542
4412
6221
1261
2891
9274
5239
324
4516
5595
1211
2455
4783
4160
2369
1577
3383
6489
9247
4424
7384
6862
8221
7373
5416
9412
7742
9800
5984
7414
7575
1084
3255
701
4334
6116
1749
6324
2376
7250
7357
7020
7767
8960
5846
1822
4389
5196
1587
3252
5541
8390
8628
5915
1381
3399
3433
2038
2449
9252
3617
535
2154
6551
9820
7482
6586
8573
8515
7574
8315
9706
1985
8079
1947
5705
7949
9080
3101
6447
5417
6390
9213
3357
5210
6423
138
464
3311
5514
8810
206
2678
9708
7470
2482
4530
4887
2869
8241
3185
1223
4712
6930
9546
458
5164
491
7028
9223
3680
5287
334
6770
649
7330
1863
819
5358
5493
2702
991
8683
1991
5215
5286
8528
9371
2023
1433
6547
8480
1811
1555
7955
2441
5865
5598
2359
7533
482
6196
2431
3063
9469
5291
8985
8796
7850
670
5575
323
2573
8838
3049
9883
8532
9146
4706
2552
8551
2943
5638
5481
4079
666
5660
925
9340
9240
3818
2155
5388
1956
3894
5032
2140
3053
4541
7040
5806
9658
4735
9838
6356
4428
5070
1055
4656
3287
8116
5953
1757
3961
6495
9831
3405
2694
5664
7625
1345
8465
9470
7991
9212
6323
474
5362
4885
4020
3751
4970
3074
9058
2441
2605
1593
6433
5648
3024
2295
938
4483
8360
2953
1663
9990
590
9518
545
7521
217
9132
1234
5701
6678
3022
9335
4554
4647
4982
188
6592
4442
5541
5717
6694
4008
4094
7614
1476
4598
1306
161
6505
2177
1892
2280
192
1861
3550
5127
6494
3202
1229
8428
4653
57
7201
6102
3117
9913
6478
9251
6522
4074
3980
2532
9144
1886
4582
8110
5600
9323
9651
9951
9728
4683
4045
11
5550
1863
5625
7072
49
4787
5341
8392
6037
4868
9661
4156
4864
7133
8712
4765
2904
9579
2887
1430
2824
4660
7844
1232
472
1433
2869
8843
912
1793
377
8436
2579
4505
4943
968
6853
6270
8751
3976
1438
9947
6553
3311
9832
6231
7344
8816
5944
6578
1816
8842
2403
1977
4383
1750
3509
4292
6031
6015
8904
4319
9620
4438
2032
3453
2372
2088
8262
3927
1221
2071
1117
5925
5486
8011
1517
8595
7873
7185
4120
5927
9220
3688
6926
7838
4570
6689
5147
1347
8206
4890
8001
6728
3052
4614
7594
8708
5534
5615
2321
3394
390
5655
3326
7426
1231
2183
1488
7086
1673
7016
4112
1540
8785
7850
5061
6235
5289
8617
9401
9571
9424
9241
3824
8403
1769
4194
7051
5677
6391
8377
253
6554
9677
8335
6107
7760
3942
6596
6510
8550
4507
6978
3238
708
8275
9154
2837
9289
9091
1436
6920
5413
139
1794
1688
7403
6462
8456
5982
6741
1339
3067
5460
921
8678
1382
1604
6124
9864
8709
8163
8822
7562
9936
4381
6924
861
6847
3896
7877
5846
8674
542
3242
3191
5331
7466
6720
9693
6640
3934
5334
3789
4979
5007
1525
6073
3277
2865
7299
4548
5029
4957
242
968
8113
3424
5203
8966
9575
2232
4776
6889
4275
3355
6298
8270
6294
962
3041
667
8368
3107
2509
9257
1233
3628
5293
5017
1751
3153
3845
8563
5960
6957
1661
9828
757
9178
9906
599
5864
7437
290
1675
5893
9247
138
8879
890
1781
8011
2514
2559
9535
6015
2956
2503
209
7942
1049
8326
7750
801
5710
3159
2898
953
2738
4308
5820
5061
8195
7094
2444
390
6924
676
5969
8581
1793
3692
7693
1985
2056
8841
6766
1867
9877
7247
6791
3355
2487
5354
8264
2881
3732
9392
9806
23
2819
5066
7817
7189
9952
2982
3772
7346
8279
3567
690
2160
9029
8742
5508
294
2091
1471
2047
8417
7382
8437
58
5473
3330
5561
9437
4171
7533
881
5115
2318
1235
4349
7363
618
3667
9560
4271
2862
4447
8086
8050
9063
2302
3158
4442
2003
6160
5752
5001
2930
291
2781
5335
2673
8661
4087
8449
325
4882
2164
1291
2835
3227
6171
4308
5315
3078
9651
8363
3713
3857
9625
723
8587
9993
3236
1987
1171
5829
6945
8814
654
8467
2461
3081
4659
2543
3024
6728
3267
4636
3445
2944
634
6629
7396
8592
7202
6698
5847
9791
9876
3807
1241
2466
7080
6609
3052
2279
609
462
1688
3911
6390
6910
9355
7881
1842
8421
8464
4254
8383
7443
448
6455
3843
2902
414
5173
980
9156
5994
1859
5168
2116
1942
3683
6390
4745
5566
6970
8142
9495
1910
4142
8570
8336
1764
9943
7227
2023
32
6366
4220
8962
6772
2086
7174
652
8299
1462
5452
5033
1161
177
380
1272
7482
9476
4813
9551
6228
8593
5369
7213
1250
5463
5823
8274
3649
9093
800
6761
2933
3071
4685
5573
8741
8610
1926
1663
2481
7255
1344
5199
6126
7907
8910
5085
3652
207
542
5692
9078
6435
8919
25
3970
7115
6052
2648
6350
1263
6407
1631
2489
846
3740
2591
2764
421
8500
9413
2908
7160
1627
5655
2353
3505
4900
7836
2066
4548
7607
6809
5353
4903
4215
6242
6371
5309
8003
7866
2821
7494
1143
1610
1184
6951
2601
4978
5180
7157
1408
110
716
5534
4341
8864
3466
965
3871
5926
8461
5044
4332
7487
4586
4397
1734
8345
712
9404
5341
3410
4355
5422
7237
563
8200
6228
9433
555
4618
5819
6777
6208
3390
3912
7918
7597
3234
2567
5855
2030
3478
6166
4276
7714
8214
4674
5762
7769
1623
594
3218
6921
9814
3278
6435
6638
1463
416
1549
5717
6850
5390
2369
2438
2434
938
8999
1265
6044
4116
1031
1746
5960
4868
9680
9845
5680
722
5658
2173
5024
3082
7348
1791
7357
6379
6883
167
2181
9950
109
3644
2140
3953
82
4333
3536
4799
2763
4758
9885
2688
7862
2742
8741
3644
7419
8064
3035
1125
9613
5218
9537
7771
5578
7244
8669
6122
2518
4070
1885
8273
7313
5018
5102
8314
963
9251
9233
8155
5744
9786
1821
6877
3728
6412
6937
6088
7445
350
4044
8938
908
8840
405
8436
1961
932
5689
1481
4947
6750
1974
8639
6101
1228
7052
6114
2717
9900
4077
5569
1158
8713
5973
9534
8059
2021
8735
4942
3734
2936
3788
5047
6677
8029
5907
412
3329
4018
9840
2997
7832
7499
5748
3424
2349
91
861
456
9721
367
2304
3444
6719
896
3996
3015
7972
3360
8688
2664
7738
7272
4766
4047
9163
8101
6275
1776
8363
8763
3754
9278
3779
4394
2958
5926
9570
4060
8310
7019
5526
4643
7996
2449
4969
1524
8059
6925
6406
7893
3503
4474
4328
9493
5503
2609
9480
4473
5109
7023
9167
8617
5505
5985
3719
4699
6841
4680
6104
939
9941
3679
7873
7642
7749
2453
6094
2957
6321
8358
2756
8411
333
3918
240
2377
1649
343
3872
4942
3293
3253
5340
807
5334
7334
8793
7766
3664
256
4823
7095
7414
2627
6201
8736
5840
9956
3247
8558
912
4649
6007
7177
7567
922
5029
9807
9585
3176
2476
4458
5412
8852
549
1421
4879
86
4741
436
4762
4573
5323
3172
8358
4991
1655
7772
1889
8024
376
9038
8411
8609
371
2582
8124
2347
4508
3739
2526
9215
575
2399
8665
4670
1599
3002
8904
40
8779
4935
1082
2701
8624
2301
3723
7951
9599
3603
1032
8715
2537
1292
2824
6275
3418
8291
5240
5048
6701
3661
9124
7120
2363
2348
4287
7707
7
4628
9527
1033
8991
9281
225
7170
4365
817
7638
4361
4622
5112
6578
8013
8726
9732
1062
7153
6716
4897
762
1432
289
8556
4571
6968
7204
4368
1458
7291
6073
4507
2946
6426
6210
179
5981
4776
505
1468
9763
4867
8053
4733
5184
3262
7193
131
920
6963
8960
4068
5938
7510
5557
1367
4205
3630
8391
9775
3725
3764
5456
5062
8673
3106
8404
8424
377
5885
5515
9132
137
2529
7965
4484
4514
3096
3270
5959
1556
2879
1611
5202
4707
3457
7837
5959
9612
2632
4406
8416
7913
9658
8241
518
1258
7974
7562
6801
8214
6244
3080
9026
6542
9934
1686
4488
3410
9868
9690
7220
6470
1278
7031
4570
9492
6668
3465
6579
7227
8529
2678
8446
5544
3381
514
6993
4519
6942
9074
484
4109
1287
9295
7421
4347
8820
814
3996
4555
4586
9410
1790
8981
7983
9113
6976
9490
7316
8219
9825
9442
5773
5848
8598
6755
5399
8435
5080
8270
6429
3622
9940
2036
2938
2359
4855
8865
2197
8721
4919
9639
4342
934
9254
205
1004
6420
9898
1462
6404
8271
9103
8208
2081
523
2962
6708
6913
4808
4942
7551
7350
1560
6325
7367
8920
4777
1842
210
8958
563
7847
7027
2244
6137
7248
9537
5787
7820
145
3027
6327
3632
1592
1137
4308
8536
8262
4510
1046
8155
3896
4354
1615
9802
9386
1414
4564
8055
7094
643
1007
5794
578
1925
9848
581
292
7625
2954
619
3004
8448
3927
4102
7709
105
6810
713
3627
4631
6520
4289
6501
1854
1120
1203
7863
8467
7111
9897
8223
4433
2873
3171
9144
9042
2090
6344
1131
1852
8548
1195
3891
6930
6047
7714
3068
2359
2318
3122
2870
814
3842
382
7145
1137
9244
6450
2388
5340
2522
3904
4960
205
3831
8268
1331
7761
4716
7340
4571
4314
6781
8136
2505
3404
7592
1683
2947
4119
5305
5841
9262
2497
3983
1544
5137
427
4839
8439
885
3406
4783
1767
4870
5798
2520
3482
2712
9804
4217
7140
3817
2295
5273
7869
9470
1822
2081
5855
9246
6679
7857
4217
2805
3726
9558
9888
2290
6816
8729
9166
6471
3144
7712
7970
1557
5614
4063
545
5167
9394
257
9296
9313
1252
2797
2804
5496
948
4708
8650
9956
5013
8040
2620
14
4571
8514
6110
3012
492
2701
9107
7856
1175
9267
6984
5386
475
9687
5534
7910
5927
606
160
79
287
9528
1958
3020
2647
7896
5513
1116
8880
770
708
6185
5042
302
3552
6893
1467
999
9109
2244
9805
8350
2965
6688
9976
8839
6378
1015
9132
8571
4213
7547
129
9779
4099
361
2678
9353
9859
1280
6424
1181
2186
174
1506
4570
4785
3792
8807
4321
4767
734
9069
4116
1949
1479
7336
3810
2872
1440
6744
2932
1878
1900
3613
7254
3374
8373
3983
2633
6523
8476
278
498
6066
1674
5605
2335
670
1427
2359
6309
3315
6218
1266
7779
6555
9668
6755
6848
9184
1555
4662
365
9852
910
8655
2784
7448
9588
2481
186
7704
9675
6171
4401
423
986
5665
9668
1940
5460
6981
2547
3008
3784
8005
6917
3174
5775
3265
9784
8863
162
9622
383
3921
1279
3736
4578
8138
9872
5356
8921
1413
2748
4028
3898
8661
1299
620
3877
3267
2088
9267
2053
5007
3615
9744
2282
1675
2138
5085
6145
2354
6028
4359
2760
4285
2471
5874
963
4545
2576
1849
8258
2423
930
1573
8692
8266
3460
6423
2190
9834
3128
6782
1273
7764
6388
7830
7104
7596
4632
8474
5776
7004
3904
5273
7469
3380
3052
1108
5627
8693
5181
6551
688
5713
9785
438
3050
2072
3256
4965
2930
6411
3608
9785
577
3906
1179
9043
8897
6843
876
5082
1962
9572
3053
2599
7109
6200
9533
7475
5369
3660
8455
5189
4827
2416
6669
4759
4176
2017
1185
5489
9205
8923
1851
5456
3251
9623
5857
2634
3768
2890
950
1809
1039
1239
8276
3067
1837
3122
7698
485
336
4216
8096
2923
974
8269
2689
2285
3075
5403
4731
8505
5081
8526
2066
4634
6992
6547
9992
9868
3223
6472
608
3155
4523
5119
3436
5073
6802
5222
6453
1107
6774
9955
8891
5135
9168
4555
7172
7980
7923
3657
3141
2211
4272
8176
9436
1034
7902
6143
247
6064
3473
7784
6988
6072
3722
6267
7484
6343
2078
2105
4154
6238
2267
931
1360
715
9743
1556
4621
124
9939
3592
4701
1403
1318
1703
7704
2982
6984
6589
8285
5137
7240
1179
6826
7321
6857
4191
2984
4098
5089
2220
7452
1689
3482
5792
906
7862
6387
4495
4184
8922
1754
1162
6511
8894
5263
5384
9260
7643
9132
2163
1167
6636
8066
2365
7170
3324
8683
7860
7139
7724
5547
5688
2626
7662
6416
2419
9472
2365
1697
1990
1613
7601
8276
7726
6759
9431
5843
2014
7735
7750
4630
5127
4251
5291
7116
8101
8593
2517
2605
3212
5316
3932
2882
9621
9426
6726
9136
1052
9685
8400
5235
6992
3729
6019
64
8807
9496
6109
2164
7477
3079
828
3142
113
6596
3047
2490
8398
903
204
5302
3169
7072
4428
6171
5945
7405
4296
7028
9935
1506
1819
4086
240
5382
6766
9193
5352
1916
9287
3884
9821
9159
928
209
1007
8857
3611
1023
1209
1361
5912
3840
142
4678
6081
6574
1723
4762
1615
536
3442
1388
5942
5915
6207
8919
3766
7626
7490
4125
8006
4896
830
3839
2853
6240
332
3691
9488
2597
9635
5389
3240
5296
1044
4145
3582
2262
1977
9675
1229
5410
2716
3917
9846
4522
1543
6141
3385
8083
791
1420
3904
9508
95
1574
8887
8012
1137
8654
1526
6946
1616
9783
2218
8874
4795
8753
4618
5850
5009
4145
4966
5448
8807
5968
9160
7901
6026
2770
8030
7409
5032
9066
7630
1126
1584
8494
8022
2656
1376
1604
955
2962
2129
8432
4159
526
2338
5067
7532
4329
224
329
4416
7742
8298
3355
9352
8794
6011
5412
2254
2442
5449
9568
7763
3433
2721
9990
7689
4158
798
8596
3928
500
7891
523
9007
72
9145
1475
1492
1498
8455
9379
3907
419
1448
9979
1519
7748
372
1015
1362
8387
6501
2445
2228
4075
5951
810
7986
2351
331
4291
8564
4691
4546
1259
5201
815
228
9202
9157
2893
4779
2779
5988
2890
2822
9480
685
8675
8951
8839
2510
9678
8129
6513
2208
839
2816
7638
8404
4408
3962
4846
4486
2739
6373
5070
2018
1666
7646
5842
1841
3223
3847
6188
9402
8588
4430
9389
6584
6903
3510
4913
8313
3354
4516
4652
8565
337
528
4188
7059
8835
3127
3326
4863
3238
8476
1325
4434
1757
520
1382
7181
6298
7698
5771
9567
219
1355
7774
6957
9738
1171
9002
2944
4923
5346
1084
753
9185
1039
8786
2418
1970
3596
7592
954
7970
1485
2549
474
7565
7539
6726
9303
7460
6090
7041
1558
7499
9896
2394
3337
9518
369
4065
743
6735
9565
1154
8236
7686
2615
4467
7529
6972
4852
713
9143
6216
8749
5131
1064
2530
1969
4723
1487
8521
9315
6195
5578
7405
8195
2349
9348
9169
9295
8224
7314
8848
1638
3594
4401
6014
3905
1551
6748
5319
1982
3858
486
1563
6040
2538
2389
9172
9165
3689
1333
5185
3525
3954
4943
6914
9379
2229
1488
264
6848
9222
3134
2399
313
5311
2978
2892
519
2742
4970
799
58
1701
2750
1208
3743
1031
745
3711
6582
3435
8428
6989
8554
1899
6558
8249
7188
8765
2426
3578
6078
1390
9654
5473
9878
8653
6953
6774
4095
709
9355
6007
1026
318
4951
7768
1560
7874
9889
3188
6281
3792
4510
9727
8237
1310
3896
6623
4115
9981
6788
2144
133
5104
7904
1472
3920
1189
9983
9531
3875
8176
3557
1336
3083
7590
4400
3583
5701
2051
897
5084
9941
5635
6139
389
3238
4502
2475
485
2038
6842
9453
6811
712
8756
9594
9983
1587
7981
318
2626
772
510
4454
6474
2570
6105
6241
7525
8587
7472
4515
9435
6369
4409
9854
4584
6369
8665
7839
4261
5355
7404
6340
4301
9005
3208
719
149
6347
6365
7210
5800
3950
809
1375
4397
8353
8553
5491
4303
1041
8695
6015
3457
1508
6158
9850
6480
409
2203
6035
3599
6620
3467
7702
7765
9146
8762
7664
6536
7247
3221
9833
8254
9890
7490
7830
7863
8708
5630
1585
6274
6992
9131
2544
8661
949
6042
8135
1230
8434
3568
6591
3115
4677
9725
3914
9838
4157
4620
5804
7504
2674
4750
8698
2328
3964
4376
5735
8406
705
6438
5413
7743
668
1763
2983
472
4940
9372
7201
9908
6632
2600
7996
6636
5295
5415
3768
8198
4395
846
612
6078
6613
8750
9568
9685
4509
3284
2145
7830
2094
1387
8864
1774
6293
2353
295
354
5894
5128
5189
6935
9631
4365
5678
9942
4302
8465
5258
3622
8501
2830
1259
3309
7410
9392
9877
9989
9396
9114
8482
2205
5691
7591
6865
9495
287
5160
6384
419
8402
1989
3551
15
8315
5495
2482
6015
3220
2152
8879
543
6849
8252
6716
4155
9026
4494
7642
2092
5106
7436
2259
8359
6258
6771
1921
1907
5963
1150
9445
557
1740
6856
7225
2568
152
3020
1648
2779
7401
4245
3410
104
7488
6544
4365
5840
4804
5296
2883
7712
8299
4579
1313
2873
9895
5658
1160
4188
719
8709
3817
8046
4879
5878
7292
8656
2014
5712
2293
3343
6660
8658
4211
5718
4593
850
1094
8729
3724
8738
1536
7616
9888
215
532
3573
5916
8889
5872
2500
5744
6859
2339
9679
3998
7979
6146
419
5498
7921
7383
8752
8411
9600
4010
1125
9412
2494
6906
9692
9163
2232
1869
300
1612
2454
1085
3530
1244
4408
3548
3296
8207
966
1204
6375
2488
878
5160
8005
4752
5909
4220
3223
3301
8228
6199
944
3714
7940
1019
7982
156
939
3402
3172
5106
5425
2147
7547
7285
1369
2424
5128
5960
956
7307
305
3468
9624
4852
2004
6792
6694
7411
1895
3346
1794
617
3734
5731
8255
472
3593
5157
7547
8318
6234
3475
9368
5130
1157
9321
536
8519
2952
4733
2028
8107
4509
4791
7609
7551
8375
4330
9386
4356
1071
2565
5295
1850
7550
8614
1072
1228
8137
8295
4541
5381
8262
5365
3218
414
2118
8392
7180
5180
4935
7831
7866
3972
5014
6554
107
2561
5882
1089
9020
3218
960
113
5628
16
7999
1372
5054
1777
8212
8137
8982
6353
5491
1536
9699
6568
4405
5679
6483
5120
1761
8331
6351
3038
5453
1108
286
3830
6025
9635
2902
3409
925
5920
8236
4057
8793
2326
6854
9239
1267
8947
9782
4910
2793
3937
2907
2087
4704
9391
1436
4959
8439
3780
7775
8562
4186
5570
7744
115
5467
1690
9440
8562
7226
8819
6259
7531
4815
5049
582
7971
3977
4446
7480
8056
7358
7271
8398
9615
1407
4149
3242
2268
8610
3395
5556
8773
3918
6828
9529
7646
974
960
9487
2015
3261
7191
2186
6906
7665
6821
9764
663
3107
4070
6514
40
4881
3075
5778
2676
6108
2872
4215
5104
1350
7753
9446
9228
3818
9057
3666
5296
6839
8454
175
4784
2316
2088
2005
2344
3724
9571
1809
1950
8885
1732
2
8772
8238
6288
3791
4901
7593
1158
3178
4059
483
996
1248
7664
4138
3724
5180
2242
4817
309
1253
6048
2803
2877
1853
996
4707
3326
4968
4511
868
7080
7010
4741
8671
4325
7904
1759
8337
4174
3368
6795
6382
5525
3028
1352
3334
2097
4626
8136
6555
8110
3930
6121
6009
5370
7164
2797
721
2159
7797
7672
6313
9257
2335
2427
9468
8647
398
4781
3499
6036
2833
5086
275
9194
7825
6950
7683
261
9111
5769
8529
1715
2207
1935
6336
2459
4325
8747
5823
2634
1125
8513
1047
3165
8775
4223
2146
8837
2955
8294
2413
1699
7333
4361
1060
5015
2870
2859
