4596
9087
199
6316
4094
7345
9067
4005
6285
2308
1324
3998
6078
2488
2287
1967
7680
8359
5238
9416
2856
6233
2767
9133
3428
108
6923
1420
1069
3784
991
7728
1402
1734
9760
871
6105
8721
7056
3928
6300
4931
8995
3137
2825
5543
8922
3610
4163
1073
5337
546
814
7562
7221
2764
5621
3763
2156
9832
3236
5823
1344
8864
8265
8659
2265
2120
913
7204
4032
1973
952
17
2756
5482
5708
2371
4204
6883
5427
5848
8873
2604
9845
6743
243
78
3102
6106
394
8611
229
136
8469
7795
7337
826
6498
6578
9408
3242
4021
3997
4085
7623
7600
774
7240
1628
3882
9527
6249
463
5121
171
9896
387
4272
6231
9600
4126
2677
7265
5287
5134
7126
2359
613
1271
4665
9747
6515
7501
2897
8014
9062
1517
711
5051
7463
5782
9405
1943
746
4460
6969
337
7102
3916
8951
3460
8168
1029
7745
2933
1644
4454
8440
5800
9547
105
3411
8783
6123
3681
9720
9668
9000
9813
3112
8936
9508
9558
9879
8301
3243
5401
3204
6618
9965
5640
3715
7812
2674
8122
4941
9922
9344
6647
3117
9116
7179
2031
7353
7664
8517
3843
572
213
9519
8107
3817
8431
7654
887
6535
143
1646
7628
3278
5369
8038
3326
2877
8371
1801
9199
9612
1750
4539
7384
7151
5915
2747
6347
5099
4854
314
6227
4894
6993
3985
5110
6480
8205
7879
4353
9688
2483
3306
3525
4588
4703
3107
3270
3217
8985
5535
7423
1010
5686
1299
4148
46
9772
8810
9460
7780
3468
6890
5580
4328
6422
1254
787
8550
7388
923
7137
8202
2417
3393
7276
2252
5906
2871
1871
4073
2499
4163
4716
2690
9792
5921
3433
5518
4076
864
9896
69
3941
7311
5971
4051
9457
5917
6986
2915
7860
7840
7471
1455
218
5762
1123
1383
7353
7124
9703
9921
7480
9764
3637
5412
2464
3731
443
4717
4388
9464
5807
3711
9193
1770
6120
6614
9580
1041
576
2055
5042
8056
5579
3795
2947
6323
4131
1863
924
6438
8087
5471
7446
208
1774
2540
4473
8395
1285
1935
3292
4844
4983
3547
2292
1513
7218
8282
3279
3420
9081
4694
1188
9928
7127
1511
551
8910
3442
5623
919
3342
8162
3251
2597
5644
8623
7945
3503
3722
7671
2821
7753
4032
7358
6037
6625
1274
3245
7867
3021
1310
8816
4950
1177
3795
9170
2290
4473
3652
8038
6411
5477
6007
2458
3695
4038
7500
4975
6402
1199
7974
4111
5093
8963
472
28
291
8561
4206
3799
8073
2735
4681
5521
3983
801
7542
8600
7184
8748
7838
5002
2075
487
4426
8970
7733
515
9973
4800
6494
2699
670
7614
1750
4703
6143
4751
1588
2616
9311
9416
9327
5787
7957
7494
4147
7558
4649
3091
5069
3610
9290
8272
9335
6011
9093
7728
1875
7636
4025
9635
6011
8683
1894
9882
6787
4189
6177
7963
7406
9122
1373
9388
6120
5463
5261
1228
5640
3942
4754
4548
9610
1599
2232
9909
1056
5192
2192
9870
5803
9607
3875
5465
9847
9909
4101
2011
3407
5430
5980
3286
5943
4391
3392
2092
5846
7943
8159
9546
5655
3237
6708
5055
8726
6158
5656
3850
6029
5677
1269
9216
2455
3453
5997
2106
406
4256
6423
1683
4732
5082
849
6538
7149
3383
1509
7807
136
7780
5905
2234
32
7803
4127
5320
6548
2740
4193
2169
1242
3530
5420
6337
619
5752
613
5098
498
6266
1478
2870
7020
797
8092
3242
6245
4868
2446
4040
8702
5884
8185
9176
7403
9872
3455
5625
7886
2412
1484
3840
6655
9645
3973
5128
12
1861
5682
80
8744
9183
4675
8025
5373
6082
1648
8636
9751
9097
3430
3345
5669
9993
359
5990
5848
4835
4517
9269
5191
7958
6045
5995
2480
8669
7666
1884
8876
7646
3402
9682
7469
9492
6021
2781
1954
7647
9205
184
4012
7963
4631
3648
8415
7655
1208
2163
2043
7035
3579
8521
8014
2481
9642
7681
8952
412
2331
6868
4061
3708
9198
2906
3112
3968
4425
3153
6699
5265
1821
2585
6222
7674
4088
1067
8910
1709
3177
1684
2911
8060
8899
3064
4977
508
8153
6125
8605
3765
5075
8384
3617
2116
3222
7011
9118
9207
4510
5229
527
4119
6039
5280
7950
3910
5147
5237
7553
8258
5119
6180
9770
7528
8788
939
8227
1593
4942
5489
1049
3118
2961
9351
1876
5629
4339
1901
1342
3675
5917
7368
1055
9660
8511
2469
1167
9495
6384
7128
9510
7152
7540
549
4987
6385
2166
2000
405
6422
6729
8133
246
7272
4191
6374
7045
9431
6629
7004
5949
2245
5108
4903
814
4959
3114
5612
6767
4565
4047
9373
3550
4966
341
1098
1128
2692
1619
3856
4107
5414
1953
8373
4282
859
1787
1317
1294
5356
8377
663
9817
3237
9679
7330
7955
559
571
8445
5599
9225
6978
9084
3388
474
3064
6176
2604
9915
8953
318
3845
9826
1648
8741
7645
8255
9773
5373
3339
8617
3568
2016
3432
7963
5164
8013
9468
6831
568
4486
1983
8726
4051
3181
1516
2635
7636
9308
9828
7721
3254
2348
515
5357
2809
8745
6000
9997
1855
5641
3534
7035
5883
5383
6293
2765
4338
6376
6893
8827
6376
7049
9748
1123
4103
6207
5547
1065
3613
4830
5859
5263
1442
1508
8353
8249
4262
6129
3464
1701
2605
4192
1459
2768
5188
7152
4808
3557
9031
2602
4531
3633
1966
1749
744
7443
8360
656
7049
9019
5923
6025
5557
6976
1329
5902
4403
3893
5031
634
2382
5474
1142
9647
6006
6536
6534
5160
2701
2867
4427
4830
158
221
1635
1514
5878
4354
5377
9794
2884
8868
5113
5758
7231
864
7177
8628
478
7934
5210
254
5603
3834
7312
1247
7968
4356
1649
580
3906
9374
5877
8854
8240
1806
2116
4097
8633
9329
8464
2978
9049
78
88
9607
6792
9295
7750
8725
7624
9870
9331
0
1250
6124
371
5423
5125
6765
2930
2308
7970
9955
8201
317
5644
697
7204
2081
1097
8308
5619
3483
7006
9691
3362
1504
4399
2288
6876
4616
3082
9157
2231
3157
6
7428
167
4872
9836
549
9940
3842
7953
4222
7498
9412
9849
5650
4875
5392
2486
5873
1958
8820
2530
5297
8796
1863
3613
3307
6501
60
9749
3816
7427
5044
4877
9986
821
127
9123
2976
8401
2674
829
1562
5449
8075
9663
1724
6901
6309
169
7904
4653
3563
7037
519
1847
8221
3046
7551
2245
2597
8146
1533
7977
9275
3479
7115
6908
3630
7259
8520
1688
2168
388
683
6129
9687
8434
2633
972
6971
3199
6754
355
4666
1432
2990
2307
8368
513
2744
1462
4496
875
3262
9857
6519
2804
9617
2140
6306
861
8088
4824
5949
2630
1650
5307
1268
9761
5598
5313
9390
8329
8907
5131
9290
2436
4828
9551
5985
9679
2429
3790
6203
9586
9331
7824
5758
6501
4702
548
6629
6469
757
974
4786
3674
430
2258
8173
5710
8705
5808
7959
8545
5152
6894
5119
1434
5620
282
8775
9213
1755
4217
2285
4439
8044
3790
8049
4649
7402
162
2204
642
7993
436
5977
151
5927
4068
1296
7524
752
5613
4462
4091
3242
337
3192
5806
7896
8770
9103
4437
5771
8628
9881
6066
6787
7688
2779
6034
4483
9191
3830
2542
383
2140
5236
2111
9532
2439
6757
8840
3611
7280
5584
5988
3063
4360
3216
2768
5108
9602
7126
1475
216
1869
9648
34
5625
840
6433
2923
869
4711
2078
9024
6867
7640
1074
8416
7156
2998
8110
1397
7072
7371
2920
2066
4301
2005
1392
5708
2114
2923
6431
3905
4809
8300
9207
3808
3415
1832
3846
8340
8549
3839
6361
2221
6461
7607
1686
4648
3774
7103
1033
3251
6203
3584
5486
5487
6606
2887
739
3027
8147
2178
2167
1910
9042
4851
9092
6214
6401
4877
1966
5841
8001
7421
6508
9633
2488
826
4335
3502
468
6147
526
9491
1203
4367
4729
5771
2261
8127
3912
9473
2302
4364
1683
3927
471
6584
1197
9405
9322
685
6114
1789
2102
6209
6833
6717
9309
5686
7238
7694
3964
8370
613
5445
9753
1037
2033
2319
1343
7780
8528
9982
1511
2763
7660
797
5504
4741
9721
3316
9016
9838
8744
131
2548
9545
2711
1972
1547
4178
3948
5355
8676
8160
6534
2400
1871
2402
8735
442
9394
771
4988
6015
1021
2197
3745
2418
2696
7308
4620
2635
518
8651
701
9674
8768
6543
9647
4529
5817
8387
243
7935
1247
7863
9444
5809
7265
1878
8629
9884
7585
7321
6795
4394
7374
6764
2691
6891
8538
2069
7550
6263
5673
7545
4982
3854
9340
9770
4851
4238
4955
9488
3507
602
7588
2091
3610
6010
5187
7112
2980
5847
5380
3887
3384
8642
3883
88
6987
2175
5746
2163
314
9274
4230
1918
2995
3022
5908
1424
1309
4255
4750
9237
4617
5141
2421
4522
6112
1433
6786
2093
8032
2520
5707
585
5435
2822
8614
8057
1992
236
4056
4137
5814
7383
7451
5511
3322
9210
9598
2024
4356
6132
3164
3968
2326
5359
1317
7216
9035
4315
9963
1780
5015
9100
2619
1126
2704
7872
4863
4074
1574
3693
3514
8511
1493
3905
4213
6278
2973
3411
9933
1583
746
7402
2070
1088
149
4982
5243
2413
4166
8916
6723
9217
2662
8318
1463
5249
4338
443
4134
6796
6242
4978
264
2826
5285
9220
9611
4757
1150
5352
6250
3295
226
1671
1473
8065
5748
8053
7595
6845
197
2227
3026
5151
2209
7468
1544
3648
1703
4240
1618
381
3782
7974
4842
7206
4063
2734
6063
4935
5507
5774
1615
9715
9611
1202
6243
3931
2815
1839
3747
8541
2418
7185
1149
153
4915
1929
1293
5408
3702
3857
4169
7229
2390
2178
2968
2411
4582
7344
6913
7622
907
1202
9239
1441
9349
2004
5342
3270
5459
2225
3085
6133
4915
8387
4528
9238
2064
1192
5933
7934
4601
1116
790
3231
6308
9342
8832
396
6932
6401
2532
6317
682
1221
1397
8294
2601
1421
3554
2712
5091
1618
3554
665
5266
302
5122
8982
7478
7383
7642
9386
4347
3905
5601
5509
3960
2626
892
7370
482
3168
8926
5578
397
8257
839
3001
6809
8219
5708
9932
9804
9346
8694
9895
1742
7983
3258
7141
2526
6291
8222
3604
1395
7514
3326
2660
8583
8252
157
9346
2326
2792
8837
1891
4104
9844
4710
7378
7769
5175
3416
5138
6265
4561
7186
5109
3000
280
9992
4774
3636
894
4265
7548
8025
8478
7268
7504
1366
9649
986
203
8236
6756
5345
7040
3107
3408
965
1009
6204
4162
4293
5070
4093
1633
4886
418
284
5555
1958
858
2301
7381
4817
1224
8171
908
9788
2325
7083
4108
4374
2241
6100
9853
7974
3974
7217
3535
7284
2429
6836
3739
3688
9492
2750
8058
9375
4574
2118
9894
8720
9406
7590
3680
1547
116
7735
5332
5283
6615
2227
1928
3744
9238
1879
9638
1295
5178
8514
1749
2488
2806
9956
9241
8917
188
919
4855
6993
5270
1508
7817
2631
9093
1161
483
1408
119
7417
37
5665
7321
5646
8070
3238
2006
8047
8401
6030
3544
7609
8792
458
2122
5500
5363
5983
2451
8395
9464
2381
5951
5636
5494
1182
5368
4767
4771
1810
4974
8032
4900
8339
1584
1676
6307
8509
6447
4544
7623
2654
5734
2400
9391
6546
7855
9620
1249
8814
9084
467
1150
527
5118
8057
6458
1858
5076
265
5839
8279
6190
8336
7729
6684
1990
5778
5872
12
4113
2217
4939
7498
8057
9334
9540
6496
6158
3755
8082
983
6889
4801
8903
1300
8136
3401
9817
9489
3579
2131
3823
4629
5488
5345
3101
3028
4308
2672
609
8793
5259
8773
3608
1356
4830
7165
6271
7856
5547
6204
9168
9941
5664
829
1837
6497
1537
4564
966
6107
4370
2464
722
5623
9721
7158
3702
4128
7738
6972
627
4783
4400
7223
4465
585
9254
3215
9935
3897
3076
6199
2528
3748
9696
1629
2090
9379
9835
2407
4800
3296
1198
8499
3928
2143
8315
8282
4159
9149
7651
6318
6446
7584
8369
6830
395
710
6781
2135
8971
28
3022
475
5984
293
1756
8314
227
6715
4824
7958
1430
7047
2684
2617
2249
8853
3195
7452
7384
142
840
7015
5648
9769
6874
6558
3286
2528
979
7161
7185
2710
8066
2346
4747
9033
9590
6914
3137
3325
7387
7103
4393
5113
9440
4851
4432
4367
1217
7952
3409
5023
3258
2166
2031
2662
5553
1016
3500
710
1909
3880
3525
876
2975
3275
1503
5213
4919
7763
4436
9114
1807
7785
1363
6860
3689
7902
194
3913
9103
439
723
3050
263
2306
7254
4638
1533
8908
1832
4905
6987
6482
4354
9843
782
6944
9004
6599
4927
7381
7367
8622
2568
9705
7369
5623
1384
4643
3742
4504
871
8267
113
2803
9364
8537
4993
1910
1483
3978
3970
3346
4356
6525
8231
7731
1470
5830
5156
2706
6258
2861
200
3058
3664
6515
504
3556
6826
8132
9801
2596
7764
5305
1000
2663
5467
8163
7586
1817
2173
8459
7465
8949
8757
4195
3180
4378
3153
278
604
6524
1514
8753
4129
4843
406
515
140
8988
9786
4121
2141
4261
684
6264
274
3790
8613
2826
5188
8624
3532
9020
1189
7921
9895
2061
6470
2755
5756
69
8821
8751
8239
6448
3681
4653
3729
9855
7639
6279
5121
6064
4596
7849
5126
9513
3639
5599
4227
9139
7418
1804
4202
5214
7297
859
3309
1341
6886
2884
7199
8494
8698
4516
423
6064
9607
958
6997
8226
9568
8168
4896
2630
4599
9157
8606
2409
9444
3742
5862
1821
7512
6833
9596
423
5695
6357
3742
658
9510
8252
2075
8928
9627
2614
2493
831
4288
2063
5310
7063
3409
628
2999
7710
9198
9092
591
9114
5025
587
441
9333
8971
8482
2453
5307
997
7111
1011
7299
2993
4727
2837
3901
9096
7228
5805
3975
9634
651
7311
239
5776
225
2264
2930
3589
3839
4937
918
5540
8191
6001
2011
4712
6603
5898
3750
1992
8516
8371
977
9327
1979
3476
6670
2771
2161
7640
8101
7484
820
9496
1262
3123
3964
4091
2655
2135
7527
4816
9063
5310
3784
1941
2703
8721
4429
8994
1310
3605
9775
3393
92
6130
7386
5702
5291
7086
7565
2697
7081
2505
7631
3012
2973
4962
1646
560
1507
1895
7393
149
63
1655
7748
1761
9902
201
9355
4805
6162
1361
7503
1324
486
1410
2461
7628
9192
4331
9169
7090
439
7598
9139
2973
9746
9572
722
9054
4366
8651
1451
7535
3528
1231
4090
8311
3380
220
6235
946
2549
8348
1825
963
6708
851
1761
4951
8246
238
5
4839
231
1790
944
263
2181
2213
3646
9377
8886
5429
8655
2689
2486
8870
3425
1529
2326
867
3173
2642
6729
4676
4985
3025
5768
7579
4305
4633
4342
4073
4639
6865
435
642
3226
5839
4302
5840
7728
3376
503
3526
1569
5365
6205
8918
8453
8692
5977
6899
9811
8288
5419
9446
2449
1014
3404
4443
7490
1082
5457
1221
5901
2486
8832
9144
287
7543
3256
4314
7487
7054
9943
6037
1527
6797
5514
9070
1938
7157
6756
9891
8123
7500
6745
5210
6503
4591
2835
8792
3507
4836
2228
8273
4109
3407
1395
7119
2595
9408
1512
8117
9507
5195
3235
3881
6306
9622
629
6711
7188
9604
5905
4888
5703
1676
3689
4932
2365
5441
6025
9743
8258
3743
7028
616
8802
218
9168
7121
1319
3461
1553
2564
9787
8480
4217
4321
287
318
1469
7752
1029
1780
1618
9553
1558
7051
37
1454
6782
5646
7442
7963
2770
6642
5532
2519
2967
1388
7657
4838
5378
4032
3077
8513
3598
3107
9550
1995
7122
4132
486
7968
9288
2748
9682
5823
4401
252
8823
9458
9134
8551
314
7944
7112
9547
796
9725
9764
4757
8710
1989
974
4563
2692
5584
7833
2911
6225
2441
4901
2512
7981
6838
4769
7624
6604
4051
3438
6359
3280
9928
5043
2134
5397
2774
6812
4324
9823
4533
1761
1530
4903
1726
3639
6908
6117
7866
5865
3981
1571
8118
3819
3043
9929
3881
7734
2826
5251
9663
1659
9458
286
7112
2470
4875
2224
1416
1771
9880
2641
3389
2657
2774
6427
6536
2773
3148
2876
2135
4896
1782
5770
6936
6338
1870
8301
7493
8879
3819
2982
2306
1634
5698
6309
7989
321
4128
2875
8482
7682
5837
3869
6974
1515
8409
469
8639
8686
9891
3496
8561
5812
770
6863
3279
9859
8639
3886
6286
4812
5352
2285
7498
3799
8847
5860
4227
9552
6985
8230
6510
9942
8718
6795
2793
9485
8706
3101
2890
2138
5082
9203
3927
5539
6516
8259
1531
1881
3923
1613
2929
6035
4213
3910
782
7249
8354
2432
6650
6770
3648
6732
738
72
630
9947
261
9039
8275
3662
2178
6382
7308
4124
7337
1892
324
8749
2103
7673
9154
8374
478
7420
4463
2506
4368
3029
9898
1955
2196
339
3300
5645
6378
4630
441
6162
8288
5693
2566
1640
5327
1702
7607
9977
8432
934
6344
5011
9955
438
9057
3346
1224
1187
5185
4752
6293
9925
8449
8740
3387
8981
2469
4815
8395
6628
7463
4161
5375
2242
6859
6066
7498
2459
3770
3275
8102
6823
1202
6623
5622
3977
6579
814
8022
2385
730
9995
2067
2754
3825
3924
285
2882
5903
2928
3779
9449
7637
2622
2194
5482
7757
7388
3085
6626
7155
5020
1698
4172
6110
3572
8745
7858
323
5490
8134
6867
3456
3384
8821
3158
8746
6422
4957
7293
9934
6274
6323
3262
2211
6749
6680
5445
7186
1863
1120
7832
1984
2900
4745
2898
1487
6261
4087
5081
4479
340
9564
1773
8976
1503
1962
2889
9393
6371
8441
8636
8352
0
3896
3939
8923
7349
1618
7121
8883
8438
3173
9905
7161
5988
1158
5576
4085
8025
67
2241
1254
6902
9900
8504
3901
510
4320
9608
8463
1078
205
3104
769
1877
8221
4468
5684
2400
4731
4693
7394
8137
3750
3908
567
1936
3950
7297
6596
134
9781
2201
5806
8113
7647
8204
6083
6767
7803
5169
728
3467
111
7771
3493
8554
7147
8874
6756
1125
1266
8260
9563
5945
3192
7686
5875
6678
8448
8014
9783
9307
4526
9251
3673
3626
6068
9736
7362
9977
7539
6414
1087
3028
2879
4186
2893
4321
9428
8631
1437
563
9086
3069
8536
5193
3081
7902
1854
6622
8005
7402
7091
7720
9830
6777
708
7635
9520
161
8807
8819
8536
8464
5130
9262
5050
4487
1272
2368
1997
1578
5241
4644
6254
1242
243
4441
4137
4579
4175
3348
2214
2209
1771
5516
3974
7428
5507
9197
2295
7720
8463
9081
4826
507
2187
7629
4445
9995
5232
8545
9739
3339
3581
5760
1123
6004
2401
6866
6617
8144
9718
808
7618
6110
6497
5817
9019
5779
4343
5057
9954
7306
1592
4300
1117
4093
888
7997
2133
2325
6548
7621
7771
1235
7949
8835
4922
8414
6006
2143
3217
8967
3379
5022
926
2057
5483
2228
4330
3501
8599
4964
3167
8448
3419
8887
6944
3920
7222
5585
6893
6985
5531
2043
6214
701
4597
7901
6847
6590
9324
833
4475
9400
7376
6272
4726
7140
9107
8855
2601
7024
4695
9498
4052
5789
4377
3773
3320
1131
5089
4415
2173
9481
6905
3199
7468
4202
5724
5167
1645
7442
4389
1267
6666
8322
3056
3805
5695
9934
1028
2808
8385
7703
6523
392
5008
2060
7850
4535
1884
9101
9360
3258
5556
3920
8167
5174
5990
2652
3149
2594
9705
896
5996
8930
2205
8177
5203
3027
5313
353
7803
9211
9112
4485
379
3351
60
3563
416
2035
6554
1728
1431
4078
725
4116
464
1013
569
9324
4501
5965
9646
6624
3194
8344
2551
4516
8842
5200
3078
2009
1009
8719
8621
9077
2393
3381
8692
8151
4593
5555
7676
4226
7284
2983
1921
7188
1959
1478
9098
6272
1894
1459
3401
3274
3280
7458
3600
8038
8548
9639
2217
7059
1861
7518
3181
3608
8461
2601
2185
5698
4084
8430
8674
6416
8039
3673
908
9670
3698
6310
5854
3242
3115
4722
3810
198
8297
4527
3591
9133
250
8412
7897
3562
8331
9842
19
797
6678
576
2458
1089
1517
6183
5203
8515
3012
3382
6438
6110
7984
7987
1272
9094
5299
2439
4704
1678
4022
7502
3506
4918
5541
3535
7943
5331
4768
2978
8345
6619
2267
7133
3403
9689
8693
7160
6794
9426
5273
1330
6209
176
9242
7984
4215
5710
1116
6410
3495
3659
1466
5908
9967
8782
8482
6668
6047
4289
4015
4781
2874
5472
5014
7683
4722
5326
9330
5667
1011
7536
9701
9671
1335
8256
7389
5535
6760
4419
7448
115
6262
2974
863
5237
639
2428
4911
1318
7481
5319
2032
3678
9859
7842
9195
1047
8271
770
4304
7600
97
3997
3542
6934
3301
5569
3704
8889
1464
4905
6577
7794
5343
9072
8169
3826
2131
411
4245
7528
7312
3620
5011
1181
5606
466
6014
9776
6888
710
9398
8584
125
8526
9465
3978
3433
4757
9199
9075
1143
6628
9860
6014
9417
8250
4052
2246
395
7179
3793
9080
1111
4560
8997
6896
7511
9006
8529
2971
5742
7231
5540
4606
2651
7691
1118
2433
4854
7001
5484
6155
1148
2738
3913
7744
6097
378
5389
5185
3625
6616
5558
3191
8173
6029
2008
6035
7574
3205
9085
1611
6162
7796
1552
5151
8859
5701
1187
5653
6953
5616
8137
7989
4139
6492
9295
8927
7014
8132
9258
5832
7661
4082
5546
2711
7222
3293
8652
9422
8433
4563
9249
6371
1979
5723
9394
8834
6219
7702
1949
2156
2345
2155
2577
1493
7362
171
1687
7549
5408
8715
9435
2762
3887
955
5570
818
4628
6347
7250
6005
1885
6493
2237
7944
8363
3162
1905
1538
7630
5564
8330
1579
6334
5019
2430
6400
2422
6491
5574
5217
6215
8095
5385
9325
9632
1672
7561
8218
5119
9769
9449
7863
9914
6996
7849
9865
3162
6577
3050
7048
3074
6173
3466
3121
8875
552
397
1517
7561
2525
427
1226
8654
7725
3757
5523
1069
3265
369
2837
4994
5074
2347
7723
8213
3821
9898
3835
737
4719
662
181
3767
2224
6751
6489
9040
6652
1625
3486
2432
6117
9385
9135
1313
3777
2381
2401
8619
7411
9076
2028
7838
5566
3109
8960
2213
2134
6143
7538
8305
9112
1688
2431
8808
5507
4403
5350
1978
8870
9576
8047
5374
4797
437
5836
9744
8868
6756
8930
4846
4966
6796
7258
2731
3693
6086
8114
5605
4683
722
4968
4769
7025
9931
93
4329
2705
2512
3274
8379
9013
4399
3793
3188
7196
101
3130
6541
6289
9051
1391
4863
3009
8987
1311
4962
900
2438
9897
1369
4464
9081
9249
2066
6952
6298
4904
5147
3677
2604
2183
6436
6250
3791
8430
3412
6967
9610
1795
3938
6734
9596
5260
9229
4381
255
7983
9245
9982
2247
4702
5297
9888
5408
7957
8996
6594
1540
7176
8914
2258
9693
3298
6310
717
6375
7543
9098
9194
3588
8162
8889
7528
874
9595
9349
9729
3663
4283
5427
9938
9140
8617
2018
2444
2562
947
7563
3333
1497
1431
2765
9542
2838
587
7089
9616
7563
5846
6086
9315
1238
3185
658
4356
4019
3915
5378
2044
2532
5125
6706
3325
7410
5927
3525
6869
4507
666
1816
7214
4845
4537
2471
9677
8204
6710
6256
5821
7931
952
2778
4533
18
4016
910
5492
7808
7593
6618
3704
4755
527
339
6109
1630
4133
200
3813
1243
4984
9182
6420
3336
6338
4090
8156
4612
1469
1648
8980
4080
9625
2415
7733
1828
8071
6297
8524
156
1733
4417
6014
9599
5312
858
24
8774
1453
4338
5001
6238
2512
4308
5254
4545
2796
8115
2607
1600
2755
5921
9124
2014
6541
7855
3900
1686
9611
3542
9589
2110
3560
7576
1248
7012
1299
5783
7420
2841
6839
6176
906
6357
426
5393
4617
7114
1621
6125
6085
9980
9992
3511
2761
3003
5554
8843
9034
8914
8808
7033
5095
4341
3301
241
7189
9432
2006
3833
8618
1966
2483
2412
909
4298
4788
3035
4982
8494
404
9937
2860
4891
88
98
1488
1955
3447
1790
1565
816
3318
8910
5953
6142
3574
2311
4169
6090
9844
5640
1764
8044
8827
7238
5968
3519
3367
1560
1881
5193
7258
3255
6714
1360
5882
4569
3090
8282
6198
2046
6269
8865
2357
1646
4306
6919
1269
2333
4615
9821
5813
6962
5185
8851
2072
5860
3782
5676
966
2866
3873
5514
3949
5820
1726
2355
7089
3482
5147
9274
7736
8681
687
7379
3268
3146
2754
189
1935
2905
5082
6368
1705
4396
2237
2657
4192
525
6461
546
7238
2755
3033
4807
1528
61
5565
9344
3747
8025
1133
5966
1204
1751
4036
4706
597
4324
6087
66
6662
8575
802
6187
4795
3590
8663
5351
5439
9046
686
8465
7015
9780
7923
3207
8473
245
5284
5350
2169
3485
9021
1503
2716
2081
8631
6903
7665
9199
5510
267
1470
6243
2719
8758
5041
9956
2446
56
9354
5829
381
5260
3125
6571
9074
5878
1316
4131
5605
510
3384
1203
2391
2017
7618
3540
3796
3921
637
7478
5375
5595
9191
8059
7034
9387
4782
1885
6160
9251
277
5396
1876
9676
1714
3684
6962
5764
7783
7113
9717
129
4089
3046
4027
9989
9249
7812
2281
8284
5099
9647
2404
5940
3854
6828
7244
8518
935
6456
1826
9389
3360
8413
1571
3311
75
5933
2491
8826
2428
8876
2562
5237
93
8361
2024
123
198
1673
9180
6272
5128
4556
7423
2770
7569
3905
8684
3533
9689
7653
8264
8016
7071
213
6108
3047
6962
1226
9966
1787
4765
2547
6626
5649
2268
3445
8392
7712
6065
6770
3347
1602
4862
9510
9589
8127
9913
9596
5566
3065
3708
7075
949
3390
8207
1823
5030
5982
5416
1909
2576
2380
9906
6341
234
5515
4992
3504
156
9509
1722
1892
1309
1610
2577
2854
3116
6120
9817
6064
524
3800
1823
7150
4360
6601
9404
3489
5953
6860
8088
8601
369
2090
1693
7714
8337
1385
7099
7116
2965
7096
72
7746
3684
5931
7254
9062
6508
6920
9945
2723
6650
9788
1232
6848
6838
6190
9146
699
2228
8004
5061
6530
735
1396
8337
13
5805
2758
5325
3195
7190
2752
3307
4236
4099
7685
7657
6328
4282
3252
3584
4142
2038
4244
2197
9894
7937
5266
4275
2713
3109
1748
4171
4372
1378
7519
547
1629
3218
5144
258
455
6532
7821
6671
233
602
7153
3900
6646
1201
9393
4027
442
6827
3859
5241
5479
8279
1129
4999
3585
6418
5367
3830
5591
5801
4663
2168
7642
5156
5618
4780
9371
9122
3587
4716
5855
9580
7963
1523
8408
9002
2662
6456
201
2736
5607
844
1478
1906
7385
2407
5691
3711
8512
8347
2276
1281
6763
3318
3976
990
876
5019
6640
1126
4637
66
7240
2176
5769
8062
1483
5623
7416
2330
5851
5112
6047
1644
155
1135
8568
8472
5749
7947
3138
5753
1475
9349
2722
6018
4046
8175
7795
3796
2150
2849
4731
4673
3822
3203
9434
2122
4810
6929
1545
6267
1581
7466
3136
7130
6382
3910
7260
8565
3352
3648
5935
8121
4039
8765
4165
2329
7913
8040
6487
6568
8437
7339
5173
3579
8106
2562
4712
4949
6485
949
5466
5431
3733
8514
529
840
8352
3657
3705
6463
1987
9572
3264
4390
5955
1003
5673
4988
3928
4076
5853
9879
2650
1488
5682
1174
7945
9156
428
4505
6348
4594
3615
1415
3706
1723
4392
62
788
1635
7935
1862
2564
3872
8587
5684
2189
8223
7535
541
2888
2732
1648
2308
1015
9637
7756
9960
1311
7308
7161
2035
1071
2893
8442
4626
3358
7347
2705
8027
657
1795
4384
380
9441
1768
2395
3138
3017
3754
989
4977
4685
6703
7029
7914
5797
9681
543
1804
3577
5676
8425
1143
1747
720
6908
1170
2902
6969
7066
8607
5386
8126
9008
6076
8947
5711
4645
8219
2868
5070
5966
1867
7454
722
5616
2183
4761
1671
9215
1703
7287
8668
4351
9363
3975
7020
9475
2239
1307
544
7005
3515
3572
4514
8908
6450
410
8046
9688
5548
1662
9271
1332
2993
9225
9850
7047
477
3137
8916
5829
4041
4435
360
7869
2234
453
1539
1602
5992
9203
5938
6786
2000
8195
7095
4442
9961
9682
6182
3701
8222
8645
1056
7638
1487
2075
268
5037
8980
8085
1589
2701
1353
1235
910
3388
9867
6062
4053
7741
1941
4276
970
4711
3042
2332
9105
3852
6031
5162
258
4623
5635
8728
3210
2359
7464
8775
2569
7930
8147
5653
2831
8277
5579
5404
5478
7979
6021
5452
6097
7827
7839
9170
7952
4933
56
7370
8238
377
7560
6326
3306
4579
3805
1326
9575
7641
6158
1944
7546
1763
8647
243
7351
5496
1826
5932
5636
5058
9676
3137
5191
6276
9058
1890
732
1758
8082
3716
6496
1877
5929
4747
3918
4818
8191
1695
533
541
8555
5696
4485
5815
9818
6573
2532
2665
4631
5359
3288
564
9101
6075
1573
3476
481
8698
4233
6455
3486
4014
2546
2946
8517
7625
1415
3141
9017
4770
982
5779
4528
9793
1956
668
605
4140
2036
6825
6714
4549
7086
1644
8432
8762
7421
9784
882
9519
6496
6557
6159
8856
6568
9539
8705
3810
3509
3835
9096
1503
814
972
8474
6295
1105
8762
3015
4184
1904
9620
246
9968
1345
7833
6740
815
8589
2019
9814
5834
3217
7675
4208
4994
7615
6085
8390
2326
6470
105
4151
7699
7899
4388
7446
8708
1443
7452
8059
9149
9162
5670
603
3457
7458
4736
9603
7064
8828
2455
6989
1087
4794
7800
1161
6056
3463
5107
2991
3400
7794
9001
5635
5360
3556
5182
1790
3637
9136
4566
4203
4646
2924
3433
2624
4511
7814
209
3181
137
6521
317
4170
3583
5863
4109
5658
5753
2963
9344
8962
1986
1369
8855
6057
6513
537
6145
8278
4937
7802
6460
8312
3918
7994
8582
9380
5048
2215
3043
789
5550
3908
5772
9547
1888
7342
2276
3651
3599
899
6368
3801
3789
5136
9211
6804
9557
3502
8948
5744
360
1793
8575
9099
4802
971
9868
3423
6690
6787
4141
1964
9294
8814
6429
4630
2728
969
8273
3103
3119
5337
5703
8557
3792
1263
3255
8458
8098
1999
1883
3218
707
1995
8494
3075
9189
8854
7494
553
538
5401
206
4042
7921
8882
6327
3629
1393
6346
2683
1181
2564
7484
8446
2844
7280
8803
2749
3628
2283
5945
111
560
1481
4112
1498
2989
4992
143
3979
6075
9444
3587
9916
6230
1135
8294
7433
5340
4635
481
7500
3957
8121
4033
9384
2347
3366
8866
5461
2260
2644
3599
8402
1597
7034
9462
8623
8783
605
8441
7532
3557
2788
4951
2611
6175
6879
7008
3633
7528
6069
9823
5440
8602
9632
2025
1613
8836
1018
2283
5096
9471
6431
2045
6384
9758
7218
8265
7216
1034
1867
8564
7918
6096
3755
90
9472
9039
8922
2479
7230
3816
4072
4810
1748
8087
8801
6198
3659
2671
7581
9771
3731
5863
6453
170
6282
6204
6536
5434
3995
6906
1524
5137
4828
69
9110
8007
7202
9073
6947
3893
7935
3067
2186
6906
8501
8378
9907
8843
9097
7815
9807
4599
6742
350
2415
4140
3166
468
5793
8869
600
8590
1196
3702
8751
1402
1471
30
4211
3683
9138
8893
4363
1266
2016
8142
1418
8133
3023
2155
8668
9342
7376
7757
241
5477
4755
5381
7694
3589
6246
245
1655
4260
5833
4321
4336
4321
4085
6226
9293
10
7273
2807
8024
5912
8632
3158
9165
899
9721
3087
4902
3449
8921
5618
1002
5245
984
1056
1356
3742
6253
8303
5319
1513
685
7678
6269
2619
8106
4316
2811
3994
4304
378
9824
2895
8469
3747
5162
9813
1292
704
9230
9963
560
106
8896
5431
4519
7045
4217
4381
425
4644
6350
3322
759
3683
7638
3411
2369
1095
378
1956
4450
9991
9050
5887
9726
5890
1890
4793
9452
6039
1614
7352
6914
1364
1824
6414
6028
3422
5163
4865
1275
2016
1654
6477
2787
2579
801
3396
5665
6343
9038
4661
5786
405
4871
8221
5270
9299
7697
2241
9560
4443
2654
236
4636
2915
3143
8490
7263
2435
4645
3600
3372
5108
8348
2540
9683
8537
761
7616
1514
9244
5948
3896
5326
9976
331
7281
8031
9464
6105
7238
6330
438
8217
9395
8436
9332
1605
9703
7399
8982
9920
3668
9984
3841
4311
1285
7511
5771
1027
717
5445
7302
9559
1539
6615
8391
8840
1384
8907
2184
7618
8239
2043
5074
6551
4280
9604
6405
3783
6161
1872
3594
2801
967
2238
9156
1245
6648
4948
7131
1989
707
4771
7757
3300
1134
9814
891
3171
9166
7163
615
4024
4275
7259
5781
7905
8020
7041
3802
9004
4862
3717
7909
9896
4842
763
1309
231
5178
5243
5212
1787
5216
858
1499
1756
1963
4292
5006
6954
1466
3330
4810
5209
4646
4032
8722
6650
4937
779
239
6783
9012
7405
2651
5354
1221
9842
660
9783
6978
680
5959
9676
256
3910
9487
9353
5616
3708
9776
8668
5709
4607
3757
8457
1120
1621
3645
5894
551
8007
1146
6751
5854
5184
8112
6108
8250
4065
962
6407
9154
9547
4764
1899
1484
236
1661
1535
5063
3605
7488
8138
2794
2761
9925
260
2632
4704
1240
4606
4090
1599
8831
1089
6981
5912
7127
9624
4427
7476
5155
7658
1768
5592
5078
54
7956
2029
8363
8454
6232
1494
7897
5528
6479
4527
6300
622
2479
4091
2992
7234
3505
1139
5146
9460
1169
6398
555
4137
9237
5227
3659
7694
6276
9989
9506
1966
8390
9644
4250
1142
2073
9441
4958
2833
5261
4510
5928
9871
8015
9936
3530
5819
2973
6444
6656
6440
9690
5241
5256
1401
6290
7725
5159
5334
6483
5801
3416
5053
9925
6368
4710
199
9136
9160
6055
7877
6766
583
3957
7959
2854
7451
5486
4622
2910
3590
2303
1447
4138
9165
4568
1933
8948
7283
9899
4618
1985
4941
1042
2196
9383
5699
4779
6972
6642
9596
3728
805
4631
1787
2178
6273
1565
5118
6847
7237
2482
3440
3570
1178
6754
1858
1290
2755
8468
7273
5475
7857
4120
7638
4087
107
7026
1120
556
7238
8054
7015
9901
3076
7890
8736
6063
1941
6866
5402
807
6215
4611
2668
7152
4535
3243
5310
3156
7637
4632
3773
5124
1196
4413
4398
2824
203
2815
8374
3120
7385
5152
7590
2615
8960
2857
6512
4310
4637
9324
7965
8119
5178
3490
7281
116
61
8100
3652
816
9846
8884
9721
8514
2665
5524
466
9702
1970
5174
243
4946
3094
4601
2494
5249
9530
7515
69
881
5889
9555
5376
1955
3442
4588
8650
7572
5870
2430
9492
8314
7385
9964
1560
5037
2742
4695
2789
5452
8833
2245
3817
8820
518
7028
5480
8255
9156
8393
2130
9547
885
2916
1329
5254
3136
7160
2033
2837
2079
4272
2753
6067
741
2041
8396
9600
7402
9699
9483
7684
6526
5653
276
9256
9969
8589
2977
3384
4502
9960
3591
922
2780
6704
1348
574
8818
9262
7597
101
5736
1421
2014
6341
3126
5351
3641
913
3682
7285
1790
1995
3964
6758
7160
6411
2095
5047
6670
414
6015
6503
6421
2012
9504
9857
6011
2454
9597
5255
3951
9593
8259
6750
8343
1234
3223
9329
9167
2285
7730
4124
8544
5575
6605
5424
3149
2502
6562
8341
8595
6380
1926
6514
9058
8250
3066
5145
6650
2256
3752
5816
4163
5247
5362
6031
1638
3150
432
8247
1956
4911
5368
261
3135
3302
2328
1272
5333
723
3240
5658
8724
7302
4736
9575
4315
8040
1361
3871
3575
5530
5850
451
4291
4869
9487
8259
9465
7780
2608
9344
3251
3664
5143
5059
2968
6355
9793
7443
8993
6658
5879
1005
5051
2411
219
5744
9778
9797
2480
3070
6781
1857
6365
2500
4408
2802
4739
8474
8394
9581
6312
3464
206
5387
3888
5646
1430
3311
9318
6855
9874
2198
8293
9286
6181
883
8907
7437
705
1490
1511
5202
9162
7211
3799
6651
2123
5090
4313
3082
7840
9752
9550
8193
34
9682
4776
7864
2352
3752
6244
967
8960
1961
3044
2865
6422
1062
93
3814
5429
2680
9851
351
2223
8807
9300
8947
8613
7150
430
7679
6397
6714
7022
3488
6662
2205
7879
9714
6968
4366
6803
1034
9747
2201
2619
650
3365
2191
8318
7665
3257
9062
7011
923
4295
2459
3779
9297
7141
3931
6765
7373
679
9091
7861
9815
9876
452
3222
7307
3383
7553
6493
1871
8025
2231
3115
9654
7980
8640
2369
4791
4869
9508
4920
8844
1249
2428
7534
6486
4089
2586
3383
9603
6656
1182
5881
8786
6978
2054
6341
3307
8535
2526
940
8110
4148
8333
420
9075
7199
6638
6773
5896
5221
5603
4735
5255
9703
3780
2363
5683
2477
7633
4166
9467
3492
948
2319
6287
6929
5565
6340
7881
2653
8917
9271
2961
7810
179
8895
6865
9003
3493
5789
962
8946
3694
6146
2709
2741
7239
6190
8453
7994
8625
6747
7541
9887
483
1081
8123
7005
3755
6447
2144
6227
2879
9984
9470
5321
9744
2552
8803
14
9330
9903
6143
8251
9423
9183
9871
8123
6538
178
5265
7516
313
4940
199
2906
8996
6483
8140
1945
9401
7071
4110
9466
5690
9314
4281
9385
2722
8742
67
5582
1314
4825
3144
3318
4773
8523
8715
8998
8275
8352
502
140
5313
3677
2441
9327
8290
3499
8873
5601
3577
1358
7135
4264
4856
2106
3897
1372
2443
4332
9307
2368
380
2978
1107
5208
7607
296
4218
7119
4265
9718
9974
703
9275
6430
3209
9471
740
503
4669
5091
6444
3249
868
8658
7715
5178
3434
6092
6291
4387
5214
3440
461
7497
998
1257
3710
1392
6560
8551
6395
2877
923
5810
8543
5153
3215
3545
9770
4513
7331
7447
546
8035
4696
3797
7540
3199
7888
9076
4616
3353
5599
5853
217
8720
2487
2980
1328
1268
5821
1890
3977
3153
4534
2360
327
2706
5259
478
2832
8935
4247
8764
6595
5414
3689
3401
2144
7050
5887
6348
2151
8740
8959
743
7264
3184
3339
6467
8213
6253
9178
8972
3598
2205
948
8570
5366
7791
7053
9257
6888
3810
9027
5855
1765
5049
7055
5726
4982
4696
5959
6697
1931
7299
8552
5910
4901
5116
1295
5290
1160
6356
601
8088
1482
148
6767
7499
3092
2381
6544
2769
6383
8552
4638
397
481
4623
9078
8024
8754
4559
5286
6461
1706
3708
8967
909
1341
433
8455
5895
8049
4575
3053
9693
8333
173
5068
3077
9301
1654
9733
4135
3727
7201
9037
5585
7715
397
2572
3510
1510
1381
966
6794
2857
1752
5201
4638
1436
3229
8167
5510
2387
8697
3185
4625
6697
5667
7909
8628
6316
6422
1003
5550
2274
6158
3308
5278
4771
265
4824
820
5255
4594
3771
3445
1815
8004
4226
5424
909
4775
4409
2542
350
5612
8533
4812
811
9828
1343
7897
5653
8065
5936
9621
1797
4434
2296
5654
7580
9312
6046
5978
7046
9196
4409
9035
3974
8009
9064
3613
3080
5011
3676
9475
320
8116
7219
6489
8958
7791
2923
8574
3187
5962
6637
3203
6470
6397
7739
9357
7487
7871
316
6858
2605
9112
2283
7829
106
4962
5360
6655
8096
6538
9362
8277
4932
4217
142
5908
8321
1240
1715
8317
6820
7422
9557
3739
5345
7007
3909
2150
4548
2078
9031
146
2414
3064
6751
3013
5283
893
452
6694
4660
1116
8646
8293
5607
8942
5682
7554
2334
5532
809
3284
6644
114
5814
8098
5332
9569
5741
2063
3316
6929
6850
801
323
2948
883
6471
286
347
4944
658
4256
8655
1878
6651
9603
8647
6890
4855
539
9313
2324
9152
7609
7004
4018
3911
6674
5975
9468
1046
1133
1839
146
4023
4654
4693
7727
1056
5525
6566
6779
2841
7883
8712
4462
1159
9547
7819
1195
3396
936
6639
4921
4646
4689
3782
5588
3409
930
9443
5762
9115
8924
8695
7947
9712
1801
1636
9061
5369
7453
169
7812
9997
5278
4482
1241
5706
5479
8385
2589
6632
4842
1596
3814
7564
547
8793
2580
9764
1451
9770
5360
1009
4482
2415
5388
9431
2337
390
6658
1036
7485
339
2879
8922
6650
9295
3384
8165
9398
1518
6337
4101
4236
5417
3275
3300
5702
5474
8006
5922
6356
1066
7205
5333
8266
4005
9659
5871
9615
9213
6046
2478
3411
8497
1373
6550
6901
5608
7766
791
2295
1944
6164
2137
1620
6101
1650
5871
1193
7278
8658
5946
4018
2009
9079
6215
1688
6112
8448
4811
874
8877
2764
9189
3312
4489
1314
2530
2365
6500
8858
3119
3698
4749
3957
7081
2371
536
8863
1445
3751
5115
426
8849
1034
8579
738
7452
7903
1087
890
9585
840
6037
1125
515
1980
5266
5922
4326
26
9666
3110
7370
3714
4685
1963
998
9591
9111
6430
4362
3454
7273
6128
4937
2710
9308
9545
9162
5104
1536
1017
8040
7831
9101
5474
2922
9828
6067
2689
4794
9253
3912
5832
6347
7569
7977
7484
9886
1464
2844
9967
5660
3906
1859
5826
4642
6034
3025
8607
6934
2309
3378
3700
2003
2360
6596
3949
9779
4312
4097
4953
2276
6027
8149
586
3840
2647
6628
75
4390
1108
2992
4197
4104
4892
1724
9648
9864
5162
9095
7408
3480
7656
1404
3103
9240
8239
8044
4740
3626
3841
4714
5966
3188
9668
2883
1064
7518
8034
5230
1241
3014
8929
3180
467
9709
7552
1901
3115
7804
9387
168
4946
2782
9188
7330
3624
7925
6181
7323
4849
958
4198
104
5471
7106
2066
4217
5478
4339
6557
265
6637
7839
7476
4009
6751
9763
2040
9530
4959
7309
3626
7420
5366
6745
8152
358
3344
3594
9908
8542
1351
9491
7455
471
8772
4352
9407
339
3438
8445
9328
1915
760
2727
8791
187
161
7357
7698
6292
7450
7703
1392
8300
6094
4348
4783
228
9979
8617
4747
4407
5150
7946
3387
7709
8306
6087
6404
518
5347
1563
2781
8370
4151
4043
4265
136
1961
2408
5715
3345
9211
127
279
6770
8476
3293
6600
2778
9318
4155
8741
7091
7243
8316
3389
1592
7716
6895
3023
6597
4275
5905
8214
2629
3090
3861
6992
8123
5071
5184
4296
8749
546
1380
9934
6054
906
4154
9192
7999
6181
4625
6248
1605
7478
651
6893
8452
8424
9872
3713
6991
350
9572
3832
1814
1794
5681
6619
8869
4081
2330
6328
7400
1262
253
2540
3880
4466
7029
9514
591
7857
4662
4044
1664
5813
323
283
2359
8699
4213
9135
3176
7643
4449
9287
8970
7113
2640
6706
4674
7757
5394
9546
3465
988
6369
5793
222
1061
693
1676
3025
56
8583
9932
8058
6078
7811
8310
8807
5237
5304
390
8687
3550
6609
2720
7377
5729
8225
4571
5037
4057
1851
9198
5309
2001
1519
8379
7548
4050
4243
5233
1089
5358
2349
3839
9521
2231
969
8012
892
7227
7302
5747
609
677
9213
298
7352
3853
9486
3652
8770
7632
8630
3213
2929
4545
3503
7957
3560
1383
1252
5977
1957
4153
8028
1424
6099
7123
9805
5125
7993
2923
8231
9870
3574
1226
7909
8260
5560
9421
2752
8354
8620
9844
8137
9866
7885
4656
2464
1632
6442
1236
6419
9229
4736
8096
760
178
5021
3753
3758
3003
6959
8722
7566
5550
6254
3882
8734
7456
6818
6793
1836
1406
8389
1271
6784
7941
5732
4482
9729
8937
2604
145
4719
5627
3528
6052
8214
8031
9067
9030
1467
4030
5785
731
6320
7934
354
3191
8512
387
8400
3948
8758
3714
2553
6718
6011
9403
951
5106
9147
7311
6921
3642
3052
9420
2984
2541
2560
4453
7438
32
3053
3540
9796
8840
9635
1246
2110
1453
7759
747
6848
2184
6950
6715
8380
2726
5813
4559
4382
1870
922
76
5484
9388
4395
9258
6362
8685
4923
4059
9122
2767
4894
6232
328
3296
1865
8027
6277
3099
6077
5465
7276
8313
6973
7226
547
7585
765
9728
3153
2195
7959
6919
840
2808
4455
1485
6083
5661
2350
2711
8769
3432
6893
5084
5911
3776
4172
852
2629
1583
60
9245
5177
9360
4726
4805
8266
3838
8548
7401
3115
5903
4694
6865
9735
5228
812
5923
6790
641
7275
6123
5054
2172
2264
2770
5950
955
4603
6568
4948
8761
3692
1605
729
9757
2166
1599
4896
3297
974
8916
3772
8043
8438
3760
3363
4507
4577
4173
898
5245
9476
965
1551
9340
9799
5578
6904
582
689
3016
2524
6779
1246
6422
5604
1047
512
4700
65
4549
7510
9614
5712
4208
3209
4250
107
8173
4538
399
6660
6483
545
8463
98
4260
8647
9824
973
52
4526
8263
4144
2456
2687
3971
2272
4072
5965
996
4290
2965
1306
6513
538
8361
6077
8255
782
9059
3812
4621
8716
207
844
507
6669
6481
5590
768
7274
7476
362
2329
4588
4171
1572
5466
5807
3679
7917
4529
6095
3214
7719
8470
3303
3156
5996
1952
6383
3434
8994
8506
1153
7056
8973
8252
9743
9540
4815
4030
5526
3257
4691
1416
3624
1244
5450
99
8198
5911
9666
6342
1630
4268
5338
8849
7439
2761
5143
3251
8323
1643
1811
3659
3061
904
3731
3222
1172
7223
195
9508
2233
4158
8836
4637
7501
5826
8760
4585
5152
7709
1626
6840
6791
6915
9509
683
2189
8179
2758
9774
1186
1237
3267
2415
6590
9805
8578
912
9551
2323
57
7790
9360
9878
4037
3244
2944
7278
8235
5202
5401
9105
7045
637
1839
3768
8363
4347
2538
5071
1481
9335
7961
2610
299
1128
7507
9445
8599
6895
6085
7899
4465
9075
5520
2120
9043
2355
3647
9062
801
2329
2509
7922
212
3915
8517
1773
1339
7717
1648
4077
6190
2915
7794
7135
4921
5964
8251
9084
9967
5423
2962
1038
4991
4586
9654
6169
194
5187
9267
8118
3976
7491
9180
6971
7174
4271
9674
7221
210
8840
5784
3643
5335
146
6231
7795
5881
1190
3491
8
1906
532
4218
9113
6989
484
7213
4959
4014
9779
6921
6758
8774
2897
4062
3747
8947
3079
1378
3259
2607
1099
1750
5335
4785
7283
7956
2322
2807
9969
8181
6470
1152
9641
9111
8544
4375
4291
8836
5647
2297
8224
5177
7041
5101
3482
1057
2628
7229
334
7539
9893
8048
879
6821
1671
4155
7688
2042
8828
2860
7644
8121
9145
8920
9664
7984
6056
6899
3798
1539
8688
9692
8396
548
7668
9658
1448
1124
9569
2614
2014
7030
6508
6460
7734
1171
6433
5652
4806
9695
3944
9882
7537
3009
1072
361
5605
640
2441
9922
8486
2390
9402
3796
8181
6490
3357
6342
3308
6588
9305
5304
9929
3300
6868
9205
7051
2806
7500
5410
7643
4492
3450
6048
9234
1997
6103
6530
1666
7207
8816
6690
3440
4692
2052
7739
2201
4891
6733
9144
9420
7946
5043
8323
4074
6497
6632
2609
5217
4999
2160
7327
8747
5131
5413
6015
9378
1753
9850
8847
4851
1510
5383
3111
5766
6668
6411
5273
1046
69
2715
7551
6035
3174
660
3227
7485
8090
3361
3981
7286
6218
4940
9404
4683
674
5821
3576
4962
7014
3131
6059
1067
6937
2690
5029
3507
2638
6839
8358
3003
5265
5395
4445
9835
9534
5405
8321
3592
7982
9031
142
7143
2557
7924
2583
9015
8288
6719
804
9117
3642
7921
3705
3728
4812
5391
7999
7058
6705
3850
7251
8282
1635
7426
6507
4973
7877
1088
9367
6070
4132
5036
8452
171
2670
3577
2085
7782
3494
6839
9709
9404
4182
5795
6078
4861
5262
8502
9566
3082
8934
8190
3096
5746
9748
1906
7113
2616
9457
1785
2803
1197
4676
9707
333
8420
5204
68
1246
7477
2906
4741
6385
8607
5918
8876
685
8705
584
6166
4036
928
4033
7406
3008
2139
3578
6764
1735
2987
5229
6032
1450
2702
2544
8312
7293
8267
8726
9089
7858
5528
9481
4444
7659
8021
1432
3286
5216
7821
1119
2909
9752
1546
2538
4916
7664
3815
6997
1643
5845
9901
7663
1521
2729
9124
2577
5574
9457
586
4158
6180
3004
3272
256
3562
246
3243
1657
5090
7000
1688
3617
7400
8874
8901
4489
1589
1388
966
2771
7287
5313
7812
5045
2300
9370
3662
1151
677
6585
3414
9708
3552
2399
1437
6600
3938
2395
2468
1436
8741
4974
7812
2109
8715
9646
3892
5619
9807
4744
4350
4056
7422
9305
1350
8289
8469
2631
6530
8295
4774
1603
7116
8300
5406
224
8120
6952
4780
8042
7273
7577
8035
4142
5328
1274
5090
1181
767
6030
46
9616
4522
8386
3145
5688
7363
238
8376
8004
9809
2305
1003
6627
2050
7510
5759
5467
9266
2066
8294
3458
5912
9413
9548
2538
1104
2308
5187
728
6036
1376
9945
6804
3559
4173
9806
8926
9461
7475
3316
3431
4801
6871
6988
1486
8735
1992
8763
759
1642
2760
7820
6403
9108
1852
8593
691
8340
1296
1850
3455
9894
6545
5875
6107
9293
9698
6394
486
5051
4628
4730
19
1886
689
9856
4751
518
8414
1530
3715
8322
154
8467
7772
8341
943
7661
3589
7681
79
8365
4716
129
1843
7017
8911
2033
4609
7422
1732
4883
1177
3896
5249
2870
9586
3745
7257
8736
2888
9452
766
6662
8417
248
5750
6641
1924
7370
5135
809
9622
7222
4835
8545
1669
1931
3281
3799
3907
7310
9329
5090
759
4134
8692
5842
1134
9812
8132
385
899
4024
3504
8779
12
3713
2457
1878
9784
9912
5118
6558
5885
1372
6374
9872
5706
7629
1544
52
4451
7272
3142
1727
2977
5497
218
2526
1774
8742
3319
8286
9744
3168
7514
4530
3439
8083
3105
2553
2316
5003
8672
9506
8194
7990
3913
3186
2594
1147
378
3913
3943
4698
6640
7815
7705
1972
715
8135
6431
5763
6604
3748
3454
4053
3716
6988
3477
1891
7642
6091
5678
8326
8239
1090
104
4732
6325
5825
6116
3616
3403
2904
2428
5042
9790
2880
1897
1176
5297
3727
636
8149
3139
1740
234
8416
2200
426
3932
6109
4905
9629
2444
2481
8032
3200
2775
8495
1549
9802
3880
6839
6264
8166
6283
6206
4463
4993
8890
6554
9015
1052
5143
5236
5469
8551
2390
390
8565
789
2880
9787
9274
3310
2166
430
998
4287
836
6678
3867
724
8498
2357
4224
6195
4717
5423
2331
5314
213
2074
5079
9914
3051
926
2058
1958
8762
6821
2758
8678
410
8187
9816
6070
4428
1448
8283
7968
759
941
3679
9207
1271
3025
2247
3065
8761
8641
5271
5132
9895
9428
5560
8016
9418
8702
8311
3894
9655
90
410
4825
8868
3418
1938
3935
4404
9568
1190
4126
1721
3466
9780
4790
8368
7084
7592
1160
2763
2412
8259
5405
1266
7724
4610
3322
3387
9134
105
5611
4272
3440
6675
8072
5603
7569
1540
805
910
4525
5647
2514
8983
5714
4132
2355
9506
4732
4893
8403
8383
8274
4779
8799
6272
5691
4173
8902
2799
9890
9809
5349
644
8794
2567
5853
8208
8347
1662
1750
6969
5210
9167
8860
9749
9688
9143
1040
9139
7197
3753
9980
1086
9636
4716
4237
7273
6367
2197
293
1317
8247
4812
8499
8063
7078
3801
7167
2270
7210
1635
8802
2860
5614
312
3472
1542
1691
7441
5657
130
8311
8831
2573
9137
1161
4760
3929
1357
4304
3348
5348
8042
6099
8547
271
2012
1045
2125
8059
1606
9999
8732
9239
1678
3272
654
2338
3071
8585
4147
606
9941
8579
2427
1087
5095
655
1305
2922
7142
5262
2223
6590
9631
7467
4020
859
1600
597
9163
9601
1015
79
2321
6385
7391
216
9242
729
7600
6552
1654
6292
9308
1752
9572
7880
9806
3448
5852
1136
4085
8405
9060
6068
4921
8510
9831
3108
9489
603
2751
8368
1515
3968
508
2892
5395
6418
9560
9307
8816
2356
6901
8041
3429
3901
5617
4486
8901
9281
2904
7909
4285
1001
7956
2706
2045
33
8701
2680
4328
1229
5776
9414
8094
9474
9296
6541
5573
5741
8994
2727
9201
7097
1148
7517
5638
4990
6318
5851
1783
1689
374
9032
6795
5617
7576
2163
8049
2499
8497
719
5687
753
7512
1756
9949
6332
4230
8523
7847
4382
791
737
898
2476
2253
6634
3595
2943
426
7058
3129
9887
2478
6296
4425
9818
4366
9180
1016
3536
5760
9017
1483
891
7458
6349
3232
9333
4548
4237
243
1823
8526
1785
9083
9552
9443
3980
7962
223
4776
2553
6879
3156
5139
9531
3050
8364
8269
2437
4683
7950
1726
7681
7919
4619
1679
6566
6296
3967
9835
6579
9436
4275
3061
9121
7833
4
596
3724
3586
2901
1869
7880
2733
7723
3888
1145
3417
7907
935
1906
5557
231
855
5299
1906
6494
1639
1175
7434
4548
9167
1730
3819
629
2012
9404
8493
9887
2011
7037
3180
2225
9969
3901
5141
6151
4264
3169
5449
4186
6433
8706
2540
9566
1855
1604
6006
5478
5544
9818
5130
4856
2769
7454
9050
899
1707
3798
549
5896
685
6009
3507
8700
5683
3532
4803
9222
4711
6793
5054
1728
4468
7451
9044
7347
1207
2645
5853
259
2177
992
798
1272
6159
3881
6114
7174
1654
1585
4994
4125
9090
60
4061
8653
9052
970
2658
321
1985
4411
3432
6044
6091
1112
7611
7182
9192
8446
93
7072
7234
2521
4026
8407
6800
6803
1876
7060
1500
6259
199
1322
2446
4861
8244
3309
1139
3416
6382
2321
9046
4162
8881
8324
1910
8362
7032
7405
8413
3177
2811
26
2167
4545
324
7241
3253
3464
2143
9632
495
4137
281
8656
8498
3749
7056
364
4118
5311
9380
6968
5466
6968
1103
2639
2809
3435
1969
6081
4825
7819
8462
3919
5518
4987
1366
5758
6826
851
7215
3879
9456
5460
5974
7972
9790
1640
5269
8053
3860
5060
2279
6766
326
6077
8010
5633
3155
8479
5068
8524
1258
5329
9306
9569
6758
7540
7732
2079
5723
6485
9943
9651
5230
7995
7995
551
8442
1448
112
1728
5019
4261
6926
9361
7617
9105
5034
8724
6512
8407
1586
7300
3439
8307
5339
1627
2624
2142
4158
96
1695
1709
6290
1107
7654
3139
2916
8372
3426
3001
2454
2923
8626
9437
2878
4428
4138
2575
6929
2798
3857
8252
6502
4740
8526
9163
6722
8908
5960
7954
7273
7611
9191
7486
8380
2662
9020
4525
1531
7871
337
4455
482
936
2171
6258
6398
3052
9900
8958
2082
5411
4291
3021
4142
7948
6123
2779
8714
7206
7051
8841
5847
6966
7010
2684
62
7435
6040
9123
9729
6198
3673
6213
5887
6891
2193
6276
1952
9617
1026
6216
9316
482
8249
48
297
6313
1815
1679
9105
4621
7462
1347
3536
8180
2447
4867
4963
8195
4304
844
1855
9981
1609
7336
2540
317
9370
6150
6196
6186
5149
9842
7200
492
3218
3849
6841
1515
3187
3695
8148
9379
6378
5177
4124
4584
7947
3592
7043
808
5248
6643
6591
6583
3272
4466
7680
8219
6103
9374
4477
9391
9312
7400
5852
1180
1947
3470
8849
41
8351
2130
985
156
9440
6174
9269
955
255
6191
3655
188
5612
5127
5314
7864
8516
3236
5591
6650
6605
508
9823
9813
373
5567
1250
8743
3160
2348
4220
8187
6972
8426
2587
8898
82
1796
8745
4152
2064
6071
1103
8737
9407
7649
2970
6438
200
2189
3786
4779
9493
1907
4442
3871
7901
9676
2034
9531
4770
660
5792
9575
3794
7332
5180
6146
3372
9099
3186
6248
6170
3499
2692
7302
2376
1923
1446
4433
8958
9192
1686
1472
2869
2943
3708
8202
9578
5750
8816
2243
9590
178
5964
5158
4664
4563
8177
8854
2347
5210
9335
167
2117
8895
9291
8612
8955
8118
5433
4754
480
356
1805
4357
1913
1744
2664
6552
9099
5054
5985
2629
3548
1621
3814
5730
5058
6977
613
717
6851
310
7781
7819
5351
8624
2386
3233
1742
7466
800
4840
5285
1446
3431
1398
8971
9414
5010
9153
6573
1126
6015
683
6398
4512
4718
6939
1105
5229
6072
4989
4875
3108
3209
734
8868
3283
9640
8013
3453
3367
5460
2925
996
1804
8805
4969
6138
6763
4600
4616
1424
9322
6270
340
4935
9525
2468
6795
3117
8948
124
9807
6395
8824
7140
3198
7368
8500
2945
7025
1388
4987
2742
6795
7117
758
1805
8425
351
3539
9434
4309
7787
8860
8310
1678
8707
3348
3897
5677
1608
4393
251
6011
9704
9666
3179
7883
3902
8215
8983
5023
4394
3369
7256
5052
2305
6543
9127
5175
975
155
8155
9245
2416
7354
9703
5610
8226
6026
5988
8849
5825
4628
8283
7471
260
7808
4754
3989
9022
479
2280
3381
2329
29
3268
872
4151
7716
3967
253
9891
1915
9043
9468
5077
7863
8324
1084
5682
823
5502
1463
4767
2181
5327
3903
2015
867
5368
7874
2436
5741
765
8544
8021
8064
5564
8262
1448
7070
2201
4391
4083
5746
1503
5934
1453
8424
9167
4779
8160
6570
1094
6072
719
4214
9200
6199
1256
9886
1333
6190
7151
7640
3824
2975
1734
5754
2821
825
8975
8052
1071
591
726
9422
70
4898
8544
4100
3650
3305
3346
2524
7932
2643
5269
189
4360
4240
2946
9806
7023
1517
6133
6296
2857
8603
8132
2668
3477
3015
4764
3679
359
3198
4778
3301
892
4801
2563
1518
1420
7895
7744
5715
4815
1059
7840
2032
4339
7226
9556
2452
2613
498
1447
4102
4336
2768
5739
8264
4098
3900
9881
7952
6078
9472
9060
4542
733
5648
9343
5908
4665
1608
7388
803
3794
6137
6710
6798
6673
6496
2407
2006
4327
4477
5915
4013
5364
6671
8901
2992
250
3420
700
9774
6646
3659
6852
3843
8460
902
7234
647
4912
9023
1056
2433
2292
5130
2542
1843
334
848
5507
2986
7178
2628
7264
339
1723
6318
2254
1904
9866
1148
3678
9368
1571
3565
6975
4665
9043
1859
2500
9301
2343
8437
5981
86
7719
7743
4405
2483
5660
4362
1890
729
213
7595
4775
2035
8442
5971
7683
749
9115
7548
2630
7187
2632
9628
1382
4962
46
4542
7227
162
7594
6561
6064
5432
4595
8642
8303
2164
6792
6727
2449
4363
4261
3622
8435
8490
2845
4091
3784
4583
773
7736
8504
5334
7562
6489
5245
1409
622
9079
9717
3292
6067
5722
2588
2187
4169
2459
8198
5126
6601
6055
7281
2291
2173
7193
589
7823
110
1791
7831
8868
5090
7741
1658
1480
6227
7066
9543
6130
3005
1590
7392
61
4733
3553
7432
8464
6536
1306
9539
1572
4119
4212
9520
166
1567
161
84
7670
1329
3777
235
3080
3161
3261
6635
5274
9310
9125
6150
5927
6509
8573
2192
5195
1441
5195
8782
1624
5258
4785
5282
5331
4473
4632
1676
1372
73
5390
8929
8477
4060
1800
1508
6808
2794
927
9438
7267
9491
4351
5422
4010
4017
3788
8477
1306
6723
7995
9342
5636
4480
2496
4420
4024
1318
2646
4474
0
3078
4881
1436
9288
5386
600
1727
8361
6879
2060
7305
319
5130
9925
6285
4222
979
7639
3427
5945
8102
8700
7051
925
8555
9046
3004
1733
1765
8300
8189
6329
3968
414
5876
6041
7471
6356
2496
5869
4259
8933
985
3523
6448
2590
8827
7772
6903
9065
9942
1134
6897
3157
8295
6727
4157
1561
7674
4164
3814
1680
6489
4803
6871
6681
8628
2354
5618
7632
1410
889
3096
3527
9512
8616
4208
5229
9377
2458
9351
9917
2042
5410
7534
8508
3618
5944
4904
9695
1680
6315
6287
733
2768
4510
1907
6917
831
2820
8823
8823
9015
4505
6742
8796
7484
8896
898
5934
8103
4402
433
1849
2770
8368
9344
7888
5934
2497
8476
8140
3409
2639
1258
1588
8985
2160
2926
1039
7529
8794
2833
6104
8274
5936
2109
2422
4833
640
4412
9578
9092
2274
5802
5702
4588
7700
880
7624
1245
1176
6233
1634
7409
9714
8986
1381
7005
7564
7754
6281
9328
6689
5704
5877
6528
3636
537
3076
9106
7019
4230
1888
2944
4019
6145
3384
2281
8734
6715
6931
1848
0
5337
2472
7918
1408
5345
3575
2431
1613
940
324
6544
8763
5857
5719
9961
8898
1162
9182
237
4512
103
6020
1854
6094
1181
2259
8357
6480
6754
108
2053
5064
3367
518
4885
6542
1756
5783
950
6756
8996
6936
5850
6410
2632
7827
560
1961
6789
169
7821
1824
3232
1626
7204
5184
6151
2033
945
167
8038
1238
6392
7897
5442
5712
2498
9059
7621
91
7161
9977
8142
4105
9431
5955
9347
4967
5580
607
