4849
3380
1852
8284
8780
6673
5888
9977
909
244
7775
5563
9491
7897
2388
9678
4092
5103
424
1412
4980
7017
2469
1579
3821
5887
8584
1183
1745
1871
6666
6897
9721
2468
1940
6976
7948
2266
6815
8919
5473
6512
5026
8391
8624
9129
6505
7483
7014
8233
9743
9175
8825
9960
6528
4055
2912
4453
9918
4801
3824
6238
37
3691
7295
4899
3879
8522
7968
955
4664
2691
8155
6141
3527
5933
6290
6935
1286
3207
6413
5080
880
585
5473
9103
1712
8622
3563
6411
5558
5688
3270
6366
9973
5964
8269
974
9203
9445
7992
1280
4480
4161
4762
4393
5295
4048
2143
8156
742
9425
8378
7941
5340
887
6833
2770
6901
1540
6101
6018
4923
7002
6042
9349
6789
7357
2465
7179
5583
317
2357
2992
7747
286
3644
8115
1000
3702
8271
8188
2920
7062
5113
2499
8462
397
9655
6593
267
5581
707
9118
9099
5838
499
9749
3006
101
3439
6204
2844
3422
521
4875
8724
2587
933
1370
6617
4254
9755
4431
6868
1490
811
9075
6693
3411
6710
2588
6864
1760
3903
29
8740
7769
9206
4292
1565
2367
5610
9447
1498
2925
9488
5067
3281
130
8292
3575
2579
9250
7723
2238
2098
1141
21
6395
7364
9625
470
723
8714
3564
7553
924
4468
3887
3242
9067
6535
8117
3873
2023
3764
7534
8746
3885
240
5004
3157
133
5423
4714
4908
3360
543
8600
8514
7845
963
8051
9294
2992
7397
3679
352
3719
9773
344
9009
9225
6334
9464
5721
278
7096
5669
7693
9144
5209
298
1481
5570
1944
9937
3705
6894
1030
4216
6658
232
5917
3434
6106
9989
9136
3218
1823
4460
6416
393
7534
1171
9436
1520
5863
1798
208
3126
5573
3982
6926
583
2981
9168
5841
769
6725
2729
6233
2204
5283
5046
5859
5165
9577
9977
2390
3452
8809
200
2324
8929
6278
7265
2583
9750
3343
7915
1599
3245
3907
7183
6090
4887
8876
3102
6872
5412
9855
7496
2143
9246
4053
2215
9409
8698
7808
463
7935
36
4469
8391
1999
9532
3442
3020
1502
9829
1159
8721
579
9576
1421
5994
6702
2175
2137
3072
2504
2707
7813
3014
26
5596
2331
6372
2448
9468
4511
2268
1458
9741
9772
8767
9408
4005
4775
6796
4117
9994
8385
574
793
1041
1483
1454
9906
9328
230
1439
2059
2928
2206
7234
890
8685
2553
5605
2892
9305
7691
6102
8641
9676
7491
7725
3393
4415
2879
2001
6260
5894
4785
6113
6248
9607
2031
6210
321
1620
357
2861
3369
1073
2082
7693
2445
9222
6094
2727
7971
5351
827
1632
2750
9025
8694
5216
5563
7637
9017
1786
9884
7948
7936
6761
9837
445
8004
4845
4882
5697
7204
2425
1925
2653
6995
7456
8567
9799
1637
9027
3999
1474
6552
9061
4725
3268
1745
4124
702
2392
7419
6241
3778
1198
2847
7742
4368
4601
6277
6697
4178
5058
3183
6286
2526
1986
2553
3563
1260
5994
6046
538
8655
2189
2841
3193
5765
915
3791
2156
9664
8791
2086
2095
6779
7660
4076
5583
6082
4159
3092
1181
6291
8030
1176
4796
3431
2984
8479
7982
5120
9975
7728
6789
5753
9067
1684
9
2416
2730
4760
6221
4774
373
6103
4913
3482
1179
351
8132
687
9909
3985
5612
3130
8247
9781
8144
3010
2448
9169
1048
4298
6603
2511
2069
2522
9656
274
5739
4160
3463
3854
9320
7734
8648
3441
3791
2459
4783
1688
7060
1877
1512
6225
5529
9273
7632
1054
4489
8891
5858
6744
7418
1962
2037
2006
9187
9380
8898
4685
8436
3505
6078
8545
9927
13
135
3262
8556
6965
535
9010
2877
2360
167
3738
7514
3302
1871
753
593
9615
5660
6613
4513
2260
4834
4478
5730
2207
3039
6057
2043
8569
8479
6067
3878
5759
5910
6730
9461
8157
1890
6269
2439
7385
3773
4547
4516
1642
8394
1086
4958
8783
2065
5521
3468
4785
9555
8217
2824
7123
6052
9275
2970
8168
2741
7408
8750
7190
3637
6317
9383
803
8543
5061
8956
761
4603
694
3675
4900
6853
5950
3461
1706
6331
2115
2577
1532
2871
7408
6393
7764
8546
4150
9166
9408
6838
3812
750
2499
2119
7606
8523
1494
3787
1747
4506
3393
9462
681
6640
6701
2102
8678
7485
4560
6561
9994
3243
6369
2161
493
919
5054
9190
9104
1688
7769
8871
5763
4100
6254
8332
3602
1597
9362
4365
7074
5040
4296
2356
4395
2395
5028
9671
2284
4559
6031
5991
3269
8424
6993
6620
1051
5702
9484
8622
7349
8777
9694
3797
4487
2918
2299
6968
1536
7539
9289
2824
8290
7897
4129
9661
542
2581
6057
3750
2203
1489
1468
3780
4618
3579
9398
858
1157
3620
5886
5868
5569
2428
7678
2658
5943
5607
9152
2477
2172
1698
7619
2366
3767
1808
1215
7784
6581
9315
496
7665
1540
9996
9534
8306
5843
118
4835
1011
7258
2387
707
7259
5103
7462
7853
4307
7318
1738
7905
3609
1614
530
374
4207
118
9412
70
3332
1150
5516
2427
6855
8811
4846
1354
2948
927
1346
9274
3335
8539
8317
1786
7845
5624
3101
81
9640
6018
1434
2630
451
5613
8801
3965
7425
1818
2261
2425
5778
9003
7725
635
4354
8190
4490
2168
4388
1591
913
5369
5319
7792
2578
630
5313
1323
7036
537
8323
1167
7255
3274
3972
6373
9283
8406
1314
3319
8329
756
2625
8440
1429
2457
8765
2248
4195
5479
3392
5349
3760
6922
9279
4788
9955
7186
6399
9590
2005
6797
8019
7600
8584
1058
8062
1860
4948
3025
243
3676
2028
4303
7073
1235
8882
108
4745
7204
1680
9706
8109
6067
9567
5842
8471
2142
111
7123
5810
2196
4858
5429
6118
2352
8510
6385
4074
7603
3668
4680
1004
3659
6712
7602
8189
5076
9426
9531
5977
664
5252
7332
9855
7017
8698
1611
5686
3685
1345
1599
7635
8974
8137
2081
3968
3660
3217
9232
7863
1006
5415
8467
2664
5376
9689
1506
3565
8486
2318
1724
651
1865
4439
6556
1412
6436
654
3247
4361
5332
6850
9543
9264
3999
4142
4066
3597
2452
3861
2057
9331
8153
1951
939
8928
4392
9729
6713
4491
8265
2046
6585
9445
4424
3125
5441
7810
5582
5011
3763
2176
8454
3478
2427
7803
4274
1506
5449
6949
6341
963
5193
4463
3115
9031
5815
2980
4348
7076
9788
3617
9413
6156
9248
5997
1577
5187
8569
9626
9290
4876
7136
7162
5741
2992
1543
8988
909
4267
4641
7606
6123
1287
4755
9873
9755
1100
2191
4848
4079
5958
1693
5122
7568
5572
8919
9893
3926
2625
6187
8769
9027
2830
7764
6303
9576
5835
7777
8606
2800
3443
4479
5022
4767
7230
3036
9840
6036
8488
5260
1247
7234
9594
8808
7377
3933
7420
216
2136
9682
6202
5858
6775
8455
9377
2432
6639
2905
7382
3886
6405
2816
1097
4822
1248
8912
8705
1407
5853
827
7108
9516
7943
4395
7706
6460
8113
2711
348
7008
3131
7409
8575
6614
5597
1478
3888
4777
8870
2602
6704
9271
2515
6477
6917
7632
161
2860
7523
5723
8651
3212
653
4476
4597
7697
6529
4945
2086
1036
2350
8748
3160
1269
9934
5604
894
2808
8054
2245
3460
5341
7827
7257
6360
3137
7284
4564
9194
5068
4282
4216
2764
4293
5295
2884
2125
7944
1319
8057
1246
1402
1087
9317
5363
8766
6131
7245
7825
1015
1826
5559
9239
5963
3489
4862
8079
9664
6846
7058
3562
7146
7749
7900
3551
1498
6881
1430
2549
4234
1364
4110
7397
6597
6711
8357
1215
990
9318
4873
9338
4087
1870
679
4509
8349
1405
5078
2437
6626
2588
8919
2993
5351
6747
3470
6746
5388
628
3961
1351
6071
7493
9465
7368
7137
7185
5112
8504
5360
1084
4893
6963
7487
2507
3267
645
8784
3021
1642
5243
6967
407
1413
957
4577
4537
8702
497
8967
3325
7195
2325
7989
2087
4557
679
1191
6108
4765
1811
870
8085
3427
4099
4707
9166
5648
8200
1831
4781
6316
2266
7191
4184
850
6391
4851
5704
355
9905
9479
8028
8931
4934
6672
1587
2417
9703
7019
3034
7274
5488
5832
182
5471
1811
326
4329
6274
5508
8698
1877
8658
653
1046
7354
8671
7930
332
5543
4570
4068
2727
1256
8763
4159
568
1507
9699
2336
7900
6298
8714
9136
8120
1074
6536
7114
5566
5976
1687
9788
8104
4518
8300
2840
5700
6981
4042
637
797
1943
9772
5620
9870
2689
1297
2857
2012
3938
207
7161
9567
8336
5109
5584
7915
1434
6807
3771
6352
8537
982
747
9654
6684
9722
2973
431
326
8935
5226
5641
9771
2065
2773
6735
7366
1857
6610
1846
7565
918
1117
133
3505
8777
1367
2950
4545
7790
5580
3865
6335
2767
6683
9705
7389
9530
5823
7800
3926
5718
9797
368
7755
3142
3857
5619
382
4703
1085
6534
171
507
9658
2528
8410
7162
9705
6249
4432
1460
2164
7597
9537
4632
3090
9736
4439
6227
8198
7337
5160
7247
4062
5588
7876
677
4364
9602
4086
3743
1878
7784
3648
375
9428
9429
4725
4175
5983
6379
6496
1914
7265
914
2596
5105
3760
7215
691
2492
2867
1724
6324
9449
6071
8509
7243
1227
6483
9348
7777
5742
6877
4669
1511
8174
3421
691
4513
4030
5726
189
653
9523
9534
9106
5205
8119
4387
8970
2817
9954
4965
5472
1205
6409
1444
6930
2485
5637
1150
2414
9899
6042
1111
8241
8901
3830
8648
3280
8048
7585
5080
8053
6966
7578
5823
9949
5740
9975
8672
7059
2556
6468
921
6107
4148
7964
5098
5740
6633
6934
2578
5057
2746
6769
4102
8654
5098
8069
6304
3701
4143
1174
3790
1621
3781
1444
6971
6758
7205
8803
6925
7139
484
5891
9865
7850
1634
9786
5476
5906
8505
733
5309
6540
9650
7547
9721
4783
8535
3445
4435
2936
2964
7953
679
4053
8358
210
6103
3944
5687
6527
7167
9330
2264
353
7547
7798
6349
5969
1275
5972
4591
8134
3747
5937
4684
8713
8544
6342
4299
7864
3101
3868
1359
1731
1625
2773
12
837
9415
5073
1296
3323
8737
1593
7412
5040
2755
4606
3756
4123
676
6051
3436
1122
4201
1444
4858
7029
2698
8502
4148
606
2045
1219
677
3310
42
4707
5742
4811
9467
3421
1615
4590
8393
5593
555
5462
6228
9671
1171
2953
3068
4318
2529
470
9430
2181
4815
3893
3222
9012
9018
857
857
3980
7091
9326
9856
4030
8371
7291
972
5028
7647
407
8917
5068
5190
7233
2075
809
9330
2357
3282
6007
7683
6139
5678
2500
4031
6054
9916
7820
4031
8727
1641
339
4419
3582
984
2407
7176
8763
9093
4262
2263
7495
217
6702
9944
8344
1686
8440
6466
6006
8319
4903
4924
175
2220
8795
6509
8825
3699
9187
6010
8784
4181
5118
9450
888
7314
1741
1025
9186
227
1868
1149
3686
2932
3490
7334
3942
154
4269
4876
6433
6574
7338
4871
2113
3399
8804
2978
1794
1455
6309
3483
6070
3607
9702
9762
3400
7183
9416
4012
4645
5299
5528
6252
4878
4534
610
5029
3599
5187
2468
9999
2625
9569
8681
9626
6876
3171
3416
5591
7038
3394
8440
9196
4632
560
4469
4046
9456
6354
6038
3591
6502
5555
2918
1730
4507
7933
3792
9604
1094
8527
3356
1985
107
6177
2339
2155
5178
2142
983
5121
9838
2903
501
5121
8549
3859
3724
4928
4917
3496
5684
1212
3045
848
7264
2394
5500
2580
184
2808
6684
9863
9584
9769
3533
9358
1245
8175
6417
7113
4119
657
1887
8898
5212
9970
5452
5668
3132
4293
7000
8162
8643
5453
3637
434
5397
4662
4745
8070
1727
314
1882
3247
4810
7639
1769
5380
1854
534
4086
3117
9013
1806
7008
679
7699
9198
2552
9159
9646
1105
619
1269
6661
7659
5370
6260
8314
1
53
246
1017
2988
6730
6015
4890
4315
5488
5551
639
6106
3663
7963
7232
3384
9364
5282
2622
7518
5168
8681
3940
1730
7225
8073
684
72
2213
8758
4230
879
9616
9803
9679
644
9576
196
1551
4515
7250
445
3081
5163
3019
9276
29
2618
4170
7336
3790
3908
7747
2425
5342
2758
6137
3651
1106
6471
6663
5131
4136
9206
3977
3390
9237
8302
9352
6433
8579
3033
4097
6637
5170
3269
5314
4038
5149
8842
909
1412
6280
9124
7395
7590
9264
6326
8389
878
507
5300
3894
149
9858
7288
488
7214
4477
4953
341
398
496
1304
2635
5922
7392
5663
4402
628
6135
5693
9043
6880
1058
5706
9897
8048
7135
7940
3059
906
8903
5310
8410
9438
4611
1267
273
3145
9324
4814
9463
1705
3744
6485
6627
7052
1226
4140
2724
3367
4139
5809
6227
5260
2098
489
8246
4512
8831
6797
6114
6141
1487
3690
3195
5271
6055
7077
7695
7320
5205
1093
6042
5331
367
3019
7076
9959
8139
6439
1715
9552
2221
8027
9019
79
5999
9614
3670
7201
7608
8608
1743
5724
8873
6701
1359
4858
1856
8885
2312
1241
1922
2241
4086
5529
4192
6714
4818
2486
1079
8128
4703
9005
2163
7081
6096
9221
4106
6037
9150
1004
7534
918
6198
3508
9842
2812
296
1138
7738
37
3348
5386
1017
720
7061
2243
9508
1311
5605
9616
8471
6988
2307
6107
3772
5796
3966
9780
7129
9539
5455
3151
3418
932
4130
8536
6583
8337
8326
6073
8041
6512
6649
5308
1646
4257
5167
26
2254
7557
7696
5198
708
9896
339
4344
6686
9787
5182
5417
2261
9234
9659
3374
3246
5834
7429
8022
2443
5564
3854
6434
8779
2863
4150
239
8947
9607
5111
9458
3695
4778
1945
6178
9146
2213
205
3346
4682
4659
9051
6213
2798
8581
6172
6574
3106
5610
6557
2826
2164
3396
7012
2092
3194
669
5835
4194
4904
8810
2385
1055
6603
4952
4387
9326
7602
9666
1804
8427
2484
5700
4851
1020
260
2893
264
7992
4629
8372
4394
5435
4632
483
3815
6816
9817
9477
4205
9575
1724
7955
6043
1694
3946
9281
1325
466
6341
2735
8931
2628
5067
80
7542
2315
9006
9348
4088
867
4912
8179
2568
441
8119
854
2812
1555
3020
253
1233
3275
7701
8435
5970
3522
60
7260
6924
6203
8579
3536
7172
1258
9465
1549
5980
3555
3356
9495
5207
6608
8954
5358
297
7519
8027
2059
4230
236
6074
1332
7835
5278
5585
709
2664
5375
4339
8253
3290
8151
9467
5207
4311
8932
9076
7633
3629
9030
7210
4268
7622
7458
4586
9327
5726
6906
7136
5795
1631
8050
6709
6856
5826
9769
3454
563
9509
6694
7411
5567
3067
9665
7595
3791
3226
9116
473
9332
1774
6217
6165
1494
5294
1660
9903
3921
9765
7381
8342
1047
6060
2247
5165
7730
2387
8729
8082
7867
7548
3941
9822
3016
4515
5065
8979
2624
7290
6166
2705
3317
5232
633
2139
5902
8167
1122
3199
5209
2427
6738
9906
9723
2696
5424
4753
5068
7030
8048
808
7837
2762
9512
3218
4004
9109
1368
3560
9216
8274
9869
9108
6629
571
3186
483
1635
703
1586
5391
1817
1667
4773
3194
4782
9998
1319
4909
6134
1052
6120
5903
4794
5844
3160
4024
3089
1617
2514
4193
4638
6742
2484
1609
3872
6815
34
9608
7256
2896
5291
4960
7754
4715
8754
2926
877
1364
3097
6752
2799
9509
4951
1444
8422
4474
5903
9629
58
2694
6097
8145
5407
4959
8283
7533
6914
8662
4933
3097
3262
3805
6140
5374
7730
1921
1406
9916
7486
9274
4148
1143
2478
5671
3763
2677
2533
8096
6445
7068
6502
3967
2592
1091
7869
2285
5595
8912
7085
2197
4095
4329
2092
7575
7367
5025
4982
3088
1386
6320
4545
1942
1372
9236
1586
7987
5095
7893
6320
5189
91
4198
4883
5624
7082
3602
5085
3076
1340
4289
9869
3100
3539
3596
636
1967
1701
9660
1593
6311
6262
3375
586
2470
973
5538
1480
9550
3407
6790
8121
3049
163
3386
110
6503
3491
143
6217
7090
8078
3026
2108
7366
8943
7723
5244
9379
4035
7311
1316
9316
7994
1647
3370
492
6749
3466
6909
58
6188
1349
1679
59
1914
7688
3611
6677
1307
568
8410
2380
3543
2108
1693
4511
8001
2186
9239
373
6589
5727
4896
3295
907
3775
3023
6333
884
3404
6957
277
7550
9198
4899
467
8947
9529
9904
2543
4815
4111
1177
699
2691
5455
9767
3291
5277
5732
2926
9702
6578
2306
7891
9250
2177
9715
7670
7650
7238
3257
8498
9002
4343
9483
1110
1660
2129
1889
5670
4414
4824
5884
3288
5399
2235
5723
5418
9910
9552
7500
6098
4831
6375
6528
998
6823
4803
4480
1567
8588
7139
1509
2135
2525
4748
1237
2824
3941
1010
1980
1324
6598
2893
5867
2149
1832
7689
8615
2878
8736
3687
6636
3049
6968
6181
4885
2871
5639
3089
8392
5743
1432
7672
2783
652
6594
9389
4251
7995
2802
7734
7431
5090
9995
8066
406
5691
249
2909
9684
1221
5512
6968
4415
85
4585
9191
8312
5446
9143
621
9819
1128
750
2472
5890
9961
876
4931
2439
8782
3703
3459
4968
9571
7181
6091
6203
6751
1203
2131
3641
6556
3070
9964
8858
5531
9448
9256
2121
1759
937
746
422
4188
52
5016
4394
2547
5919
185
9711
2803
9343
7272
1595
821
9993
1158
6814
9963
3445
4518
6165
6732
9543
1880
1857
2241
5134
1051
8429
6277
3619
9551
2900
5067
934
4410
9663
3419
2621
4713
8340
6901
9439
7604
8277
9919
9624
122
1642
1133
4330
1195
8204
8529
9079
411
8784
2609
8068
2743
1095
7710
120
1341
1233
8211
4733
3683
6427
8552
4184
9929
9832
3400
3000
6148
6122
7041
9202
9232
7430
9135
2713
4793
2785
7355
5054
4092
620
6079
1037
1154
3147
4340
7541
6619
3426
5512
6672
579
837
5839
584
2706
8296
8865
3102
4272
5063
8031
8887
3362
2256
288
4351
1490
4320
9449
5783
7157
8570
9153
9224
9430
6715
1842
3494
2561
6753
1938
2517
846
1017
8537
5530
1475
6311
5364
4164
1940
5035
3473
3453
7737
2028
5241
9803
5551
412
6572
2735
6887
1178
7904
8728
7202
5463
3604
4938
5997
5502
3668
7721
4026
127
1212
5928
4833
3295
4224
1724
9122
9662
266
2375
2163
9474
8363
4832
6370
6163
3209
1245
3469
3956
2980
7594
3260
9520
3552
9514
8890
1220
8730
9081
1749
1913
8189
3844
2643
6379
2294
4711
9713
2439
5693
2423
7753
5643
9623
3302
8010
980
6262
3725
2345
1494
7119
9332
711
2914
1471
9389
6314
5453
132
8880
8523
8768
4499
967
9640
3769
705
225
7951
5408
3996
2744
6161
3893
8977
2582
1245
7880
7251
5381
9068
2082
5160
8950
4650
3501
826
7590
6931
4996
1497
1547
5022
2287
9324
5572
1532
621
6126
812
7330
344
5445
2452
1303
6389
3250
1445
8100
5300
7008
2423
6653
4833
6545
1473
2324
5395
9088
6840
5971
9632
5201
2799
3882
6324
1948
1983
3606
7406
4529
4234
2016
2438
7916
718
3592
3096
5526
468
8893
1401
2878
2779
5433
9296
337
2972
5798
3905
551
901
712
2380
3005
1297
7989
2548
200
2534
1831
783
7444
5750
764
6474
955
9354
6664
3271
7027
4931
1776
875
8413
9306
5414
7578
2724
4088
7122
2963
1661
8409
8454
2236
9190
2792
1270
8502
1403
2035
6460
6963
722
2891
3336
5513
2358
7902
6606
9461
1503
221
4774
4253
5572
5507
1123
8966
7035
6057
5997
5056
8830
9212
7002
9419
6192
6781
1985
8155
5825
4732
8134
7585
5793
2732
9413
2076
7239
1226
3684
3993
2110
9730
329
9709
9414
3738
8967
7041
6241
9239
9938
3658
8767
3208
7642
3116
2739
5651
8519
4965
2620
3772
6489
8078
3425
1669
14
1824
9603
9592
6574
7972
803
5255
2341
7371
5300
5926
7084
9299
7974
4136
6947
8161
1292
1682
622
1722
4481
6335
7669
7428
8277
3166
1253
8537
9989
7696
1410
9738
6419
1265
9088
2773
216
9900
5704
6122
8588
6781
7695
9272
2030
4927
671
1308
4665
1146
3126
5589
7130
4458
5439
7144
7573
2248
5856
7084
6210
5179
1543
8805
4193
7589
9406
4036
8044
3475
8353
2911
6830
9505
1962
1145
383
5484
8071
9125
3404
9675
9758
2269
2091
990
330
9363
7011
2643
3527
5747
8436
2131
8937
1197
8036
579
1797
8159
3936
398
5804
4559
4472
4010
7336
6876
9690
7905
9592
3349
8611
5748
5516
4255
4598
1397
9131
6052
775
7728
5905
8820
2390
9988
4120
1952
3243
3009
859
1292
8871
94
8190
2064
45
7629
7417
5816
6307
3532
1823
6364
789
9579
1273
9230
4349
7286
5208
1442
9173
4595
4136
3738
9435
5885
3536
5156
9359
998
8236
835
7050
9894
9809
7408
5870
8326
4300
6825
3794
6486
2667
8631
5169
6965
1756
2805
8642
565
9298
93
9584
8511
2481
4444
5331
7428
5962
2627
6755
9099
1854
9425
275
439
1161
2866
251
415
3434
2895
2926
9681
9003
8617
9531
5613
6021
3770
8006
83
2799
7446
9911
9885
4415
7257
1497
9977
1424
5092
5700
7889
7648
1438
4836
3579
3488
2809
2171
2766
976
8267
4205
3361
6858
5233
4524
3986
436
1833
4340
788
3561
2880
4519
3731
1237
9244
8768
6411
2613
5875
7931
4050
3786
1977
899
2771
5820
8013
8492
9524
3639
8050
2866
6114
4068
2758
6491
2639
4157
7868
1544
5374
4175
5269
2691
1625
3166
9088
3657
9412
8802
7071
728
2966
7406
8370
4386
5983
4508
2466
3653
3318
1051
342
6389
8408
5446
8277
2792
8054
7106
6654
8659
8432
2767
1040
9571
6177
2951
456
7115
6238
2261
8236
3483
3805
3836
4162
1360
1091
5276
2673
1864
974
606
847
4509
8608
447
1609
9622
8981
451
2125
5494
3100
6287
4728
9609
7986
1969
7867
5786
5994
7172
7560
6777
7106
8328
5609
4914
3783
7750
9462
1806
1731
4817
9994
1723
1506
3335
7739
2338
5274
9585
5110
770
215
6304
2033
2514
5106
8834
5067
5776
9415
1047
5557
3948
4873
283
675
4552
7957
2508
2294
3825
7949
1173
2559
2305
9346
5849
1752
8278
9230
9601
3579
2745
9959
7289
5378
1698
5009
495
5891
8902
1135
8644
1240
5163
3157
9985
523
8074
8620
617
6068
9635
8329
4486
9782
7811
5347
2369
6261
2084
9426
3276
5386
2358
6017
7414
1963
5222
9048
5845
7638
1461
4465
8381
806
3996
7146
7821
3509
5963
7293
5676
425
4508
3617
1753
3984
7091
9732
7581
1342
3525
7060
1545
3516
8857
2220
1838
4324
9247
9421
1820
6934
5483
8669
1254
8817
6494
8754
6017
1679
8267
9908
8354
1560
1979
4824
9503
5693
8797
8250
6644
6964
7820
4782
6481
3824
7937
1698
8503
3388
3977
8628
2005
8108
2497
8739
2251
1882
2751
6706
2865
9763
3987
7207
3434
6522
1035
3937
3651
3254
6395
3202
7857
7920
8459
8041
6773
5283
2375
8534
6419
4031
2111
1444
7736
4056
9783
7668
4272
4837
983
9129
9447
6663
2958
7646
9352
26
5820
7129
1855
4955
5673
6969
7821
1261
2524
8914
5706
2730
5161
1908
6458
3134
9785
9372
1705
9611
9139
1229
4540
9429
4095
8638
8868
9457
237
2795
241
3760
7827
476
8367
3645
4753
8034
9110
6224
8515
2450
1639
2103
5139
2752
4647
141
23
7611
4063
7417
8137
5249
3519
5495
8760
9926
7986
9884
2986
5234
467
8186
598
8167
1388
3851
6599
9511
436
6669
6667
5506
982
8192
5136
2898
7955
111
8684
4520
1023
6290
3885
5382
6331
4648
6985
9847
1634
3345
9857
8961
1676
6852
6920
3218
2920
1397
4024
165
9309
6004
1778
8085
3676
4881
2600
6729
2586
9280
2908
3576
5964
2092
9282
9388
6673
6452
186
11
9354
392
2877
2284
2330
3196
8521
686
1119
5527
7207
7945
7214
4622
8528
7172
1172
7891
2734
5332
4771
3117
2062
7842
3035
1102
1786
1908
3229
7110
5763
1866
4625
726
1833
3227
9749
9854
8272
3380
5150
3519
3697
6001
7266
9830
9301
3075
6906
25
4130
3144
4058
6876
1193
6927
3256
5879
4665
1737
8590
642
6165
4289
6589
9688
1156
7429
4657
466
4879
73
2543
7810
922
1217
4383
8282
4508
8261
9284
8911
6904
7105
9103
8660
6966
6449
3125
3639
762
1600
667
2569
471
3671
4280
7256
9308
8544
8215
3982
83
6220
9040
5607
1204
5230
7950
910
5410
8696
7154
7250
3333
8307
5959
4968
6122
9999
5720
7116
8754
430
6609
6091
8455
6508
3357
9537
662
1142
1567
1471
8356
7164
953
1016
9266
7960
6985
355
9439
7678
7787
5556
986
6148
8873
8763
6415
3603
4303
7936
1910
8140
9218
772
7163
4490
5325
2763
9893
6107
7882
5425
9101
3855
19
9652
2239
3633
7803
899
8022
2180
7358
7399
8362
4976
3568
20
67
2685
8419
2488
9354
2900
5868
3722
9982
2082
9270
9783
8858
8543
6891
1565
1344
1058
748
5765
2177
9308
4187
898
6902
1687
3920
7156
3023
3247
3044
8784
9712
1532
2510
286
9821
913
9914
3275
8215
6621
6084
9058
5981
8166
1930
3152
936
8068
283
1855
1063
5900
48
7712
8958
9532
2886
247
2229
5167
5860
730
6842
5252
7006
4845
7918
8689
4616
5175
5152
895
5194
6156
8142
2214
9482
7789
251
1926
747
794
8319
1707
4595
5137
9534
6733
5005
5887
6073
4850
6933
5219
2759
4242
1938
7048
2888
7821
9550
1254
2642
8240
3793
7746
5056
838
1218
6731
377
3125
4101
441
819
8437
3
3337
4252
8335
6843
2321
3115
2965
822
5850
2015
1149
3037
1013
9861
2262
9526
614
164
118
8563
8091
6164
5011
8536
6689
5820
3830
9499
766
5395
9731
1570
1276
9342
2245
3761
4578
8520
5885
7523
3523
8366
331
339
2464
3622
8097
6004
3314
6404
6215
9911
8042
11
6922
9602
4139
1697
8585
3134
3466
3847
2187
395
1648
4463
571
5390
4707
4687
7341
760
1991
3217
9823
9286
9602
4867
5820
1008
6543
3322
7020
8691
6534
6135
2878
8893
2126
3436
7530
600
4087
457
8889
8534
8311
8020
3458
3615
4527
4391
2569
8774
5918
6567
5798
4335
6471
8963
5110
3544
3309
2726
8919
5437
4580
9454
8707
9239
9573
8972
2112
1740
6637
1994
5432
6671
6217
4992
5428
3050
866
6409
4961
7616
1438
460
9530
5056
8827
7210
2109
8516
3615
5347
1780
2086
1761
7143
7655
6361
3087
3442
3298
8002
714
224
8444
4285
3843
7253
4218
4016
3310
3664
5218
6937
9208
4930
6858
4737
2511
595
9189
8143
8147
2406
9041
6215
5227
8026
790
5911
1265
6389
2289
2292
1118
6925
6614
2311
8124
6391
2115
8023
4444
3852
2998
8279
9966
6447
148
1489
4313
6059
7237
5871
4448
9691
301
7762
1185
4459
9897
3018
1501
1451
3732
1327
9973
1389
4219
8312
1887
9037
9799
5745
2596
2583
1067
5866
2588
8870
2755
1850
5345
5253
424
2793
5608
4126
6402
8256
8897
6711
2885
4326
9293
8563
1432
489
1346
439
7144
4140
3776
4678
2673
7501
7086
9010
1949
9897
4646
6885
5987
6884
6910
5796
3484
6563
1437
2847
7023
2549
7173
9856
1680
2534
48
8654
6567
1178
8366
934
1414
6105
690
5988
9712
6232
5961
3969
7076
2333
5461
1962
8571
791
8867
5040
1487
2814
2153
4770
763
3040
3362
3150
2635
3439
3392
844
8398
668
2843
4781
4215
7641
2711
1645
4789
2978
6248
611
8441
5190
1663
795
8608
2005
506
6324
2115
9070
4561
4666
7732
6408
4852
1920
9419
5476
9973
2139
7487
4454
7386
6443
7419
4469
539
1656
521
4862
6695
7536
2745
1333
5246
6253
8043
6800
3912
7739
439
1168
738
9732
4639
2837
3062
1949
8428
1760
770
9634
1402
1116
26
2951
3612
2267
5419
5177
4605
5562
3012
4429
8050
7762
4126
827
9626
5395
9840
3383
6193
2168
9206
8664
2376
7745
9931
6360
6676
4625
8900
5202
2939
9661
1331
6413
4620
6834
1576
836
8654
8294
5620
196
2926
1407
5195
2576
6373
553
6076
7124
3547
3773
8626
3229
6112
6015
6922
4999
2205
2667
3920
2698
827
9385
4025
9021
2531
6754
1146
9557
9537
1288
9892
3596
8107
7415
9880
3575
3532
8688
8313
8859
3389
243
3968
2338
7877
8720
6506
6323
6976
286
8642
7654
2945
2222
5112
567
3221
8569
1608
9881
3214
5769
8900
6380
636
9946
2201
860
3042
3470
3519
3274
8093
4813
5200
8616
1647
2354
6162
1782
2277
9722
8430
9476
2035
7601
489
8445
2383
4434
5715
5786
1080
6432
8654
8919
517
5459
9322
9882
499
1923
5802
1102
8798
8607
8469
7478
940
560
4873
2705
6618
5602
3015
6142
3914
9796
2071
167
4048
2296
3924
7015
8795
4424
5854
8345
9868
8508
4613
445
4619
3035
4786
2885
5186
2053
9777
8696
8897
8358
2112
9686
6134
1978
795
1397
8185
7781
7404
8370
1614
8547
9332
1891
7628
2822
8124
9184
4568
27
3207
5160
9198
8855
6472
5233
7751
8805
1170
478
871
8874
9345
4465
7486
1867
5649
4453
1454
7583
1789
8326
1368
3200
5102
2645
8290
4607
6767
6489
8408
8128
51
391
7577
8102
6614
9582
2580
2150
9415
6033
9520
2568
4020
4318
3259
9295
6235
2187
3040
7139
2901
7953
8513
7550
4401
3236
7278
3150
2002
1478
9742
1386
468
9700
9607
2267
6585
3457
8625
3932
7183
2650
2387
8964
6061
8936
9865
3836
7804
3835
3188
3643
7903
322
5696
4343
2825
9675
5708
5184
708
9664
639
4633
3212
9796
1107
4213
1748
4231
7480
5963
6732
3266
1993
875
6867
9815
7941
7653
6501
8190
3783
3405
3071
8670
4027
438
3337
2842
652
6287
6672
1495
8531
7249
6024
8982
5829
9285
2321
5381
5657
3944
6085
538
8426
1136
799
2138
5250
5040
6177
3302
1561
4202
5912
3907
6611
1977
3694
3815
8982
8857
3333
5484
364
3952
3688
8102
9923
8906
6750
5253
9359
3873
7715
3418
4422
1830
9181
9159
2085
4462
7691
8671
3825
134
9780
4629
4570
2048
6379
1689
3701
2592
9020
3850
9248
8089
8592
3990
8898
6687
7580
8318
1757
970
9726
6225
2962
6016
6788
9090
9162
3097
720
9950
6656
8973
997
9624
5569
854
1036
3898
2786
7472
4706
644
3609
7430
3777
5414
7084
7028
9816
8935
2766
1086
9534
214
7354
1960
847
4486
8027
3876
8063
6136
5625
2020
8474
2884
4841
8375
9398
9037
523
9229
4242
2392
8839
2453
8502
1525
9596
6220
1803
7608
1319
4625
48
7653
3820
9860
2524
4126
3956
5025
2449
9271
9007
6458
5827
1115
8713
9540
2722
2188
1345
7335
7109
1227
1443
7141
6294
2806
6799
6051
8585
9746
144
2954
8352
8389
6590
1078
922
7402
1348
2105
5844
6638
3495
206
5999
3746
630
1886
1717
2737
6172
5474
3656
520
5695
2270
5508
4517
1265
9908
7780
6925
3036
7323
6890
8928
5483
9866
9575
1202
1637
2555
1257
5461
2409
9271
8376
5437
9685
5729
8977
4698
1248
4523
2851
3020
2784
1199
2385
2640
7244
1380
7950
645
4638
281
7141
4000
6000
7595
5444
9293
3682
2729
7047
97
6415
7601
8410
1094
1637
6829
3915
9537
9475
8032
2519
1486
2467
8165
6603
2334
2618
5366
9465
8591
2711
9589
5808
638
1909
9487
404
4210
6674
7442
3729
1738
6733
9442
9734
3373
2443
1554
192
1495
4258
197
2087
1824
7217
9070
9340
8873
3373
1671
7877
3393
2911
4640
3492
4744
333
3837
5247
1638
5531
2008
3281
606
850
4188
8784
2693
4280
4549
5649
5405
5838
6347
7833
8719
8876
4775
3826
1101
553
1115
9786
3887
6067
5371
5882
165
9340
3746
6172
7296
8806
6781
951
651
736
3735
1917
9745
4070
8899
4738
7020
131
5913
624
3771
7803
6888
8403
7373
9729
4136
1211
8872
7953
3682
7428
264
8028
1350
3776
6324
9078
4197
9562
6746
3554
2337
5032
501
4507
8797
3456
5831
66
7916
6165
6129
4527
6058
2081
4007
2961
1891
8458
3371
1565
7352
7531
1992
9117
4545
4554
5165
5861
8314
6323
4390
4876
8958
5686
3725
7584
4711
6776
395
9422
8937
7738
5628
3894
2763
2590
6229
3260
9862
1491
7391
1896
6452
9218
2464
4032
6220
4891
5953
998
6855
2130
1899
4391
2123
7714
982
614
1046
8575
6149
9168
3601
1453
8423
1720
605
6944
1621
1548
3959
9798
7183
3212
2265
326
8025
493
5981
7555
3395
6565
5746
3375
5106
4122
7276
8351
9149
4759
6315
4072
5740
6299
7554
3985
5120
3942
2097
4492
6066
6128
9122
763
9001
8826
8699
7186
5825
2605
4382
691
4160
5272
6162
6256
4560
9139
6630
7848
5423
6052
5801
4754
1842
5175
2941
2823
1417
8265
6956
2480
2201
4638
426
534
5363
3375
6204
800
7895
3443
9653
9316
8756
3358
4060
3577
5217
770
1523
1591
4832
8927
6725
5809
2482
1358
6385
9011
1234
8316
2895
4099
357
8523
6685
7393
3808
7594
8188
5528
7712
140
6930
9315
5924
5998
2229
4060
8648
2313
7270
4724
242
2240
5912
6062
8859
7951
9465
2397
2349
291
8910
9051
2011
9990
6552
7622
8160
5594
9935
263
9278
1477
9981
3932
9514
5200
4823
4149
7723
7251
516
9262
4873
7798
9957
400
5668
4434
1695
9371
4535
2110
1076
6602
5732
1476
7130
3876
2284
4632
16
2120
8689
7970
5436
2764
7878
206
4409
2318
3821
9966
9093
3716
7302
1382
7888
4707
3924
8004
6004
3112
192
5062
836
1135
5629
7609
5065
6052
6348
7393
4211
2613
8206
4456
9515
3260
5748
391
1504
5878
6518
8948
4367
5210
8976
6271
6339
3296
6280
7412
6710
6333
7481
7959
5790
212
2296
9670
160
4654
5581
6760
1921
6336
2831
5184
7256
4709
8625
666
6615
281
5789
2510
6099
4098
4222
9273
7208
8842
4853
9300
5
6525
5962
3787
2989
5130
6263
2560
1470
6667
1535
3094
5084
2149
9377
1400
4246
4737
9662
9378
4783
928
6703
7003
9793
1086
2756
9244
7828
4807
1544
7042
6925
3699
4728
8851
4725
3972
3938
4256
5912
3923
5843
4006
9595
6855
8039
1436
846
8301
9048
8707
2624
7480
6621
7526
6553
6851
4694
8118
3632
381
862
2077
8840
632
3038
4433
6821
7173
6060
7781
9365
3971
6478
6631
9216
1383
6469
3300
8923
9186
5896
7571
7867
655
4897
1137
5433
4157
8057
4428
3319
7906
5245
7751
5420
5610
3453
937
9424
5567
8643
5660
273
3448
6516
2409
1999
9474
6347
9761
1074
3991
2624
7022
1397
1544
5066
2574
8294
2478
8789
9338
6519
2812
2883
5652
5124
7675
7469
4540
293
951
6424
6891
5750
3945
5394
4357
9193
8855
2454
5938
2361
8633
1842
8152
1799
3413
9552
2456
7156
5116
3260
5161
3959
6047
8039
4452
8170
4364
3655
6346
594
9137
8808
6400
186
378
2667
6842
6671
4927
4241
9387
4533
7335
5735
2487
2390
6012
6858
8008
4051
8818
3277
6389
131
9008
3874
1241
2021
1959
8286
4030
3188
5511
8321
7009
6345
1856
4273
7862
8837
6942
9907
2690
2758
4120
7951
4892
772
2376
1265
6266
3377
5899
3596
3218
8458
974
7765
5364
9359
8226
8477
5995
3423
3090
1551
3896
8971
5053
1288
3816
5045
6688
2967
8543
4851
6810
7982
8969
863
8142
5032
9791
6752
8857
1931
7570
8956
9038
9132
4764
8564
7663
7820
8020
2424
3077
2599
1561
895
72
1191
6782
8516
9671
1324
7343
3002
3514
8051
4960
7443
3343
3088
4885
367
7495
1462
1625
8404
537
9757
4815
6693
9241
4515
2407
2886
7918
9025
3284
1631
8821
1617
4295
7756
8792
8845
7278
8006
1626
2497
142
3194
6727
235
2301
4839
8539
5847
8837
3009
7984
6608
9663
4959
6650
2008
9636
7364
6858
295
3095
8488
5874
6622
1617
464
534
9428
6911
5989
9320
9657
1735
8242
2554
841
457
7567
7758
6731
7470
3573
6501
7158
6063
6710
1044
2127
2515
9063
4001
8729
229
167
1849
5442
6513
9958
3641
3580
271
7639
9540
6255
2297
2196
9907
1041
1148
7581
4582
3753
6615
3155
3749
7215
9714
7905
6284
712
2827
5132
8863
2949
6095
2867
9268
3750
6533
4084
299
7485
4439
9932
6498
4283
7624
8689
4499
3430
7762
2900
9222
7062
4719
7243
2361
1233
4103
95
6680
5752
483
2450
9429
3825
3735
8890
935
7421
8780
6635
9820
4579
9640
363
4666
387
7154
2422
2979
4262
5987
383
2287
2321
611
6415
4873
5144
1836
5902
7239
8023
5173
5923
7713
2920
9789
7740
797
8784
2187
1267
4822
9618
1824
3673
270
7754
6866
8702
9738
3150
7031
8084
6909
8219
7024
1507
1154
1677
8482
6993
6406
4218
513
9271
7809
3444
8959
9733
7321
5390
2297
7913
9910
5257
7760
1079
5287
492
4678
5483
6214
5259
3328
104
3354
6481
6626
1280
8342
8177
8906
4565
1312
2583
700
8319
6453
3693
967
2095
9356
1266
8531
1702
2860
1115
2621
1999
3936
521
8351
7911
2703
6006
6756
3944
6147
4377
539
2583
3271
6933
6111
2317
5513
1055
9659
6790
6077
3003
23
7566
4506
677
3970
4372
8299
5354
72
8287
1672
6951
5888
5359
2664
8257
9349
362
3690
9733
9370
3023
7404
7996
2572
1936
9237
7892
2694
4595
366
194
6787
5509
0
4387
7626
8188
3884
8746
4860
953
6683
7973
8432
973
9521
2022
6506
5724
379
8438
6731
6129
4267
4502
4078
1067
2131
4810
640
8624
2314
4517
2830
5506
6057
8416
9220
2359
8992
1249
7897
9399
3883
5238
5671
3711
5978
6656
2709
6856
1227
4459
5269
9016
9379
497
6064
3798
8498
2619
6510
6038
4783
9104
7596
3467
1761
5300
6456
1951
5891
1074
3856
3144
1404
747
3735
2882
5818
5552
9735
8400
8977
2344
5190
2554
2681
1256
2457
3636
5048
9356
4651
57
3557
6911
7869
229
3424
7854
4798
9303
3430
6265
1249
6052
9592
6232
5595
5193
8215
3344
7363
2668
3728
2236
5283
4034
3472
6106
7007
8986
1138
920
2389
8255
2899
9168
9734
2666
5460
5428
9742
7948
3215
8764
5022
3063
2502
5042
3970
4282
4537
5596
6597
1993
5052
7385
6448
2332
7839
3749
7128
1128
1518
4208
4180
3349
3609
6329
3036
7286
3750
2670
1596
9022
8296
990
1643
9418
1890
6530
6720
2766
7655
1009
5370
3584
6608
4150
7717
5576
8588
85
234
4699
1574
2746
8265
6490
3581
1513
8351
6336
1515
783
2751
187
4343
4903
6684
2392
3708
2934
4750
6778
3748
6109
6761
6881
3269
4517
4785
1313
7675
8532
2580
667
5074
4831
5815
3054
856
6455
6440
6410
7683
1286
7459
7041
3332
3584
4915
5519
7101
8763
2411
3010
6611
2452
9708
3404
737
1105
1031
9173
1140
2850
598
1814
4410
4158
2583
932
9184
9953
219
9546
7759
2273
4108
7038
9725
5304
2888
5321
5895
2683
398
8252
4461
6317
2218
9111
7661
4674
1045
6036
6536
2463
4733
711
3343
2960
3056
1325
6076
8816
9218
6834
7193
7175
9998
5902
9149
96
4028
538
2597
1901
1152
1435
9243
901
7085
9251
259
4138
6654
3700
2864
281
5785
198
2248
7638
7106
2030
3363
1309
6545
4519
7250
6017
8615
6543
9585
8826
6218
3857
4884
9050
6760
8172
8438
1025
98
5714
9436
9074
5448
9042
3000
3023
3743
6363
5857
6902
9136
3233
253
3101
8349
2602
3380
9179
9405
475
5041
4770
1889
6135
4604
1574
9356
7798
9369
320
755
6888
403
4730
1800
6690
8633
4036
9126
4020
3502
2401
9733
5804
8885
5715
5782
5945
6084
3657
54
1730
1739
7680
605
3136
9263
3610
4020
2908
6007
935
5479
12
4796
9539
401
4186
7688
8622
6818
4687
1863
1859
9822
2079
2389
7470
9463
7877
4286
1820
1260
3275
6795
363
4157
4754
6022
377
4180
1407
8279
5724
3326
6029
5294
5123
2275
9649
4266
1859
2408
7065
209
4709
7309
9159
5440
6935
6442
6293
1204
2671
4009
5926
9401
7748
4142
6741
8194
5059
9510
1041
3873
2953
4202
6938
2743
8806
3313
1948
1072
8921
1029
16
8141
232
6237
4700
7317
8869
9658
2261
2714
5609
9350
9768
4506
8458
2060
4938
4233
8188
6335
6444
2547
3491
9575
5651
5769
8624
5292
3362
4345
7901
8691
8043
5841
8185
8435
5198
7457
2675
9908
1124
8221
6685
671
8068
9000
8888
1895
2005
9231
9533
525
8677
2932
508
5685
8342
2899
835
9404
4750
1293
5135
6126
9267
6811
1941
7668
6789
3513
3341
307
6102
4031
7363
8475
3691
390
9771
5205
6644
8914
2478
2900
7269
1843
1674
9261
9306
7183
9927
2282
3213
22
3023
5117
5906
3121
4122
6286
8533
1911
4893
3249
4401
9217
5784
7654
8018
7990
5255
8714
5334
6129
916
7132
4760
6081
3857
5731
8307
3310
1128
4523
2264
1970
352
7345
7254
3150
4732
4377
8206
908
6338
9875
5809
3990
518
7266
2359
6595
4469
4391
6552
9849
8624
137
3737
6745
315
9935
435
7229
5417
1712
4491
6836
5117
5720
5158
1832
1795
1417
595
6144
114
2030
3805
565
6829
2808
1873
2666
5605
2049
7511
6657
1155
4986
6383
6034
402
9342
8459
8266
7035
7953
6725
14
9843
8225
1999
3400
4489
418
8286
8702
3035
6731
9161
6534
5435
995
1979
3012
2480
4422
3378
4746
220
6297
6510
6555
1755
9757
7680
3745
3490
1890
7706
2523
9410
4246
1167
6630
8779
4581
4954
5667
9740
3125
6046
734
3764
7030
7278
5970
3615
4761
9013
411
572
8140
4104
3130
5002
3536
3284
6109
8071
5231
8247
3441
1373
3419
44
2585
5553
6446
1156
3177
8641
1957
626
1615
9719
4386
2963
5090
3805
6917
3189
7043
9393
4438
2366
7105
950
302
196
2532
4858
3780
3902
4831
8784
6959
5479
4859
1256
9541
2623
1983
367
7529
2174
8109
7933
7076
8739
5312
8190
7933
5325
6625
8175
1861
7253
3151
286
152
5435
7046
6229
956
132
9181
5517
1505
1767
2320
1027
2532
1048
5506
8714
2165
6667
3003
8530
4432
5239
1649
8831
3127
4712
3724
7111
5235
9518
8576
5778
9377
2965
5158
2870
3820
9968
9329
4086
5455
1130
4359
4330
5877
7377
391
4091
3172
2895
8801
8388
8376
2938
373
3779
3685
2245
1986
1972
5437
9250
5129
6964
8669
1049
965
6288
1601
4182
897
5971
7803
6691
8627
3093
973
7606
9567
9470
2306
1059
6100
4895
3202
3568
2690
8647
6744
4649
3131
3500
9796
2920
3307
7358
3835
2104
6780
3817
6724
3949
7222
4438
9477
7958
1284
2339
1806
1062
7802
8827
7731
3880
4455
2208
7845
4039
927
684
7985
1207
8446
9284
4994
2914
9163
4140
9014
5055
5243
6130
8330
6016
6789
9862
7179
8797
9742
3323
9105
1205
9759
8097
8485
198
5751
18
659
2850
7209
5349
6715
2989
2779
8153
2468
9583
3609
358
2383
185
3949
7247
8305
363
3163
7551
9723
7916
7909
9168
6989
8908
554
8617
1442
1079
70
4803
6693
9008
4646
5378
3460
4583
1033
7055
6307
5776
4228
9624
4377
6492
2560
7049
9806
377
7416
8066
6869
1838
3934
2993
2118
8259
8811
3071
773
8416
4060
3596
7467
3441
1010
2360
52
8320
7162
445
3656
3887
9576
3311
8396
1540
2428
6281
8281
5509
3065
42
664
385
448
8559
5345
4843
2220
3943
9912
6034
1805
235
3243
2919
4918
810
2214
1005
5663
2168
7612
5392
5990
247
4023
3816
8712
4067
5004
6449
3500
5514
9281
4650
7313
3393
5865
6537
5593
4462
6017
3293
8195
4132
7807
6464
4515
4738
4650
3142
5572
9844
2631
2894
6897
8921
2732
7579
5001
7918
3089
2783
1915
7738
3353
7484
6861
4429
7866
6802
1422
2044
6933
1191
4795
1525
5739
4271
8655
6725
8632
669
6956
1754
2420
4657
4618
2170
6104
217
425
6243
6026
3166
3743
1510
4814
6465
1644
6140
9677
472
2933
4250
655
968
8212
9243
2191
9122
581
9491
2092
9178
9909
6224
346
1658
4673
4384
6540
2099
9286
3356
8699
7986
1585
5994
8236
9386
4671
1175
5425
2044
9646
7222
7293
5211
964
965
5161
300
4108
9971
2202
653
6046
3508
2328
7115
2594
1199
473
8928
3165
6989
914
4528
2640
40
4667
2225
2159
3493
9176
6475
5427
6639
3530
1454
4855
5978
269
9
2306
5886
469
2690
2494
176
2246
8541
3225
1696
4079
6598
5549
8299
3424
4642
8643
7
7968
9629
8773
3994
1593
2463
9049
1158
9590
8285
6835
437
8034
2288
8679
4815
319
230
8391
5997
9832
2273
2531
3097
1494
8541
8949
4380
6456
4909
8289
86
3654
7891
5372
8662
9083
8249
7249
8367
8698
3949
7378
1125
3647
4426
848
5766
7187
9788
3878
3323
1080
522
1906
7963
5523
5588
4516
3271
735
9307
2170
5123
226
428
9251
9190
5449
9899
280
3225
9044
7447
1344
1716
9247
880
6734
3252
1104
6177
1592
8977
1140
911
4978
3894
855
8316
4163
1466
1007
4375
204
5939
3016
5759
6887
6124
6037
2100
9970
9018
8244
2148
1353
1530
8696
9690
3235
3860
1783
1742
661
8632
9718
8514
6917
5720
9778
1906
5183
3927
2071
6882
1568
7154
518
7987
9183
4490
4391
1449
282
799
307
1883
3652
6793
4857
1394
7414
5324
6211
8086
3200
3703
8982
400
6240
204
385
3495
7370
6587
7297
3992
7130
7509
3231
9772
9213
1933
1401
2248
365
1339
5094
9556
6483
4401
9366
446
176
8096
8734
299
3300
726
3957
2671
9118
3237
7294
2028
2634
1369
9655
5927
4376
2688
4995
7813
2463
9352
6953
4787
114
9573
281
8244
957
8177
4910
9132
2451
9422
3645
3685
8529
3244
5428
8
6185
9535
4858
614
7124
3685
5242
1139
4851
641
6829
828
9579
4033
4080
6142
8226
1546
5825
4802
4416
7631
9999
3984
3875
9912
273
2992
3921
6194
5339
7705
1840
4836
2877
1380
5846
2455
9303
3970
4080
9404
3269
29
1606
5284
5613
3466
2757
3865
924
5964
6309
9217
6246
4698
3974
2610
570
4141
8473
2790
4695
6217
6059
600
4814
2819
9782
2613
4760
4823
4007
7425
1205
2101
7740
2571
3331
9774
4178
9641
3481
6949
6556
99
8139
5547
5843
4571
9200
8453
4136
3909
3960
8196
8697
1202
8503
9652
5509
115
3237
2825
7925
6382
1221
4684
5564
6152
9610
2240
931
6939
2068
2564
6420
4406
5318
9303
2329
929
6125
9378
7312
9972
5961
8034
6299
3634
9366
5173
7318
9452
8583
991
7906
6509
1430
4346
3797
210
1575
2985
7487
9724
385
808
1876
1993
7349
3647
4712
1472
1695
1725
2849
5334
1284
3905
1401
9696
6125
6109
1834
3658
2900
3898
4732
4415
3814
7066
7537
8492
7750
2370
4903
1310
4228
8973
9477
9700
1000
86
3886
9714
4233
3388
531
5167
6179
2303
4343
700
9015
9971
5134
6822
5068
7840
331
3412
3063
1212
6004
2439
7209
4784
3877
304
948
2250
4729
5115
18
5373
4044
4464
127
9576
4075
4842
2956
5087
7572
4663
495
4906
2366
9092
1767
3505
2704
6327
7908
3018
2786
1825
1226
6940
305
9058
1416
4833
2954
2828
7401
5418
8855
3903
6415
9543
2625
1817
2889
9018
2447
6008
8462
2054
9871
4193
1008
1131
3360
836
4965
4562
8583
7889
7423
8659
3338
4613
4485
3520
2664
3197
177
1708
148
2155
5873
5811
4748
21
1614
7804
8550
7755
1966
397
9797
9430
8155
8182
7245
7277
5068
4246
6447
8969
6425
6168
5939
2144
3953
3818
1427
3604
6677
220
9095
8356
4605
5907
4921
6737
7029
6637
5490
6224
9419
4118
7225
8200
4451
9503
5175
8979
2110
9775
9535
8642
1006
7887
7941
915
8027
8546
4236
2215
6312
2839
9890
8229
2126
6584
2535
1990
9699
9236
7210
8230
9313
2450
9780
5005
8041
9997
8767
5079
4380
3633
1342
6351
7742
2720
1599
2719
1283
8941
4383
4240
1846
1274
5931
8157
3958
553
3381
430
5749
7390
8794
782
3426
2031
9758
2954
7503
9783
7872
5848
8400
1066
8454
547
1163
848
9652
2826
9132
8256
6820
695
4173
3472
8503
1755
6709
5711
3649
5715
2272
2995
5774
3277
2540
1759
8739
3782
7869
1866
506
511
5265
554
5790
4319
396
7019
5875
3436
4782
7869
4035
9659
9595
2536
7961
8939
5666
6869
6421
7399
5224
2598
5935
2199
4655
142
4709
353
9151
2300
5279
7569
9476
6796
4341
3530
8325
6339
8140
9619
8700
5885
4418
34
9592
8140
7407
7502
4884
9981
662
314
9825
4437
3622
8319
5697
5156
1682
1673
7366
2858
6332
7626
285
6184
1422
7455
3236
2562
3970
7766
575
8238
3133
7807
3100
447
8875
7185
9769
8873
2720
6457
3463
7980
6550
6387
2734
6594
1811
398
8064
6196
764
8703
5528
4785
3410
1908
2966
8884
8596
6538
3782
2294
5483
4806
1289
6520
2012
6249
2171
4471
315
9374
1090
5971
5105
7332
9688
923
15
2846
2352
3517
8566
4068
7963
8815
993
4887
1558
1230
5512
308
2345
2960
2780
9964
4832
9246
5261
548
7968
6528
9035
1044
3126
8967
4156
2961
5549
8637
1096
1504
5418
4741
5051
2554
4112
7622
6909
4699
8408
4049
9537
5115
396
1278
717
3077
3689
8744
9538
5101
7156
7856
1332
1264
5857
2380
7359
3154
5086
4108
9355
39
7557
1168
5786
1384
5592
9164
6194
603
9917
8601
2365
7103
4145
5539
237
1062
9373
6285
4422
8162
6437
1052
8012
9536
4335
6017
3961
5560
2062
7942
714
810
7697
644
4027
1488
2959
7983
8926
5938
3640
3751
626
3476
6337
4879
897
6718
9733
709
6825
7796
4305
7726
2234
9447
7782
6124
8114
7797
4945
1831
7337
4873
9426
5230
645
5333
2045
5689
5466
3763
4939
9260
6443
5943
3216
5385
6744
9989
6226
7338
2186
950
8635
230
5998
5558
7485
9924
674
2150
5123
5910
4745
4495
9513
1365
6562
7239
2791
3937
4205
4987
6128
1575
483
6661
3990
8700
4679
1717
3691
9393
8144
5024
6774
5890
9147
2789
7202
2659
3512
2764
7614
8604
1436
8163
8939
2532
7681
6204
592
9902
1808
9009
8132
2118
7521
6688
2793
3123
5328
9909
2630
1914
721
1944
8121
3729
855
8300
6058
7132
6319
5345
4281
8988
1007
8090
6417
4427
2316
1225
130
4263
5957
6848
4627
8082
4492
6928
3145
7216
6412
8490
3976
8168
3010
4735
9225
3699
3623
5878
3947
5746
5914
9356
9545
1637
6769
232
4420
2623
1128
9123
1712
1678
595
6781
8701
5717
1050
1576
4921
5906
8615
8570
6373
8573
6346
6592
1364
8408
9772
2823
9434
5048
8048
2714
8598
3980
8872
6789
7707
2733
9552
4860
110
3762
3672
2476
1995
6125
2621
4071
3806
9087
3953
2197
5950
2108
3997
2453
637
7350
440
9331
152
2767
1715
8987
8112
6155
3916
1223
4348
3083
2733
4368
5900
4569
7388
3628
6360
3549
5966
5537
3266
2729
6645
8620
8600
234
7341
3072
554
3631
7076
378
5705
7356
5953
7094
9460
3360
7079
5762
9249
9872
2952
9866
9296
8566
935
9092
8004
6161
7231
5734
9005
2473
6478
3049
4747
3306
4549
1589
7119
3202
5428
107
3069
32
9157
3498
4419
708
6728
1412
175
4840
9564
7683
6489
1117
5746
2519
4143
9361
2507
6503
5929
9742
4682
7915
6630
9491
1764
2604
6421
6581
2046
8713
4489
9323
880
6906
3391
582
1545
467
6280
5435
1425
8585
8487
1456
3233
493
2153
1561
887
7717
7613
341
2294
6627
8075
6183
6790
3751
4722
3089
3271
1824
7882
8098
6141
5466
6111
2485
140
1518
9130
7478
1826
589
2452
8169
5039
3160
1217
2477
21
5723
8259
5561
1029
9836
6768
3921
5263
9765
1041
7571
6728
2390
9738
3119
2236
6464
4864
5396
3176
6965
6228
328
5923
4293
5537
7170
5773
7369
6481
3923
4174
4294
7158
5782
6650
4191
9036
2804
9341
9060
2249
9632
5325
5066
517
7076
8039
8520
194
2624
7985
3021
7040
4551
670
695
1224
2183
8262
2301
5697
3101
4781
8074
5660
6579
4838
3599
7115
1404
8882
2797
650
5358
3742
3095
2554
3128
5811
6288
9117
9160
5685
2229
1521
2084
7251
1513
8162
7718
1290
7610
8380
8390
3506
8524
6630
7323
9556
2990
8934
8187
5129
6460
4073
1551
7428
7698
455
1947
5506
7651
5837
1530
805
8467
1138
8899
6010
2012
1507
4548
9845
4052
7454
7637
7797
2374
6413
2284
3925
4569
383
5427
6885
3925
8458
2453
4097
9952
4001
1255
1581
3419
4958
149
3398
4459
2400
173
3882
6323
6755
7692
7861
6623
3405
8953
8942
2564
9298
4238
3587
6581
91
5619
9201
4033
2945
8977
7716
5181
3546
7871
2295
9526
7195
4179
3664
1786
2876
7952
4329
5267
6086
6889
3466
193
931
3997
2627
1695
4479
565
2580
4569
6704
402
4556
9664
7461
435
5006
9834
7917
2246
1525
1727
7588
8873
9069
3394
9730
1318
9767
6675
7198
9581
6721
7641
8090
3773
1994
7978
5521
1860
1701
5135
8657
1966
6537
9307
2809
8766
4430
878
4817
5506
3066
2798
6214
5439
3962
8605
738
9053
6500
8213
4644
6387
9866
490
7954
6915
3194
3676
2319
3029
9381
2197
6449
6977
6022
1136
3254
5265
7694
7675
3725
8995
7440
2229
1403
3384
1695
624
7818
4807
2150
2703
3673
9084
68
2040
2757
486
3446
6055
5562
6897
5050
5754
7422
2986
9860
9575
1613
9811
3733
6373
1292
6313
1201
8424
5446
5377
9244
6554
3053
4762
5590
5943
6568
1086
4659
3005
546
3260
1593
832
3699
310
5008
3137
3034
7348
2058
4379
6841
2596
5214
6785
9248
7859
8747
3398
2813
4593
4325
9902
7217
7802
9376
7035
1479
420
8884
9647
4332
1520
1159
8118
2398
2741
792
2780
8633
8641
7453
2200
4122
8353
7522
1780
4798
7872
6617
9972
863
4574
5016
5588
804
8174
4678
1202
3767
5207
6144
4409
3738
7346
5906
871
6511
7387
50
471
5734
574
7904
663
7451
3086
259
9162
3522
3971
309
1473
3055
1579
1874
7458
7547
657
8711
5110
9838
1641
740
9053
9153
9407
7890
5837
4536
4780
9905
8113
6798
8411
966
4934
4730
3297
1237
6057
4780
9196
3576
3933
4666
9438
2556
8290
448
8228
4667
4697
3483
4463
3120
293
8381
6249
8016
7004
5580
8888
2826
4989
2500
7883
1076
6798
5348
7713
2972
5801
9606
6550
241
780
1000
6904
8935
2309
301
2226
4147
5487
4714
9945
7616
7929
5788
2092
9100
1543
8821
5716
4997
1516
1509
6606
3233
6227
274
1519
1678
7318
1114
6040
8498
40
8102
7512
6725
192
6720
5021
2092
5416
1102
1366
2696
5484
3959
5116
1417
8258
5475
4412
7188
5507
2764
7994
9178
5453
4643
3082
8762
7011
7394
4216
7723
4035
5971
1925
7594
6577
1662
5177
4218
157
1618
6990
3705
3336
7843
8252
768
8536
3253
871
8121
932
247
7679
6081
5540
2845
3184
4815
3143
6917
6216
7777
1575
4272
2793
3784
79
5452
5121
6940
935
2968
546
8106
4355
1405
2477
9027
9789
3328
3835
341
9175
258
2422
7716
5460
6110
6745
6113
2725
6431
302
814
2662
552
2104
5236
5794
5311
1305
9813
4857
8430
4205
3232
2037
6777
2601
7205
1404
9796
3502
8586
2797
1195
1535
8146
3659
2601
7056
3602
897
1364
4905
5588
5682
947
1039
9202
310
6380
6877
456
7729
9196
4059
6520
1138
5907
5561
1001
3193
1641
2624
653
1793
5824
792
7907
2135
9995
2507
4400
2814
8724
8164
4260
7104
3402
2325
2367
9219
5245
6844
1987
9383
8204
8101
8265
810
4713
1209
8864
6333
7194
114
770
2352
6056
8848
2684
3005
579
5811
5786
8034
2497
9969
1704
3680
3379
5086
5468
7124
5963
5737
2957
1493
6481
6702
6856
235
9726
5605
2545
6820
1099
7150
5465
8119
225
6154
4497
7583
8831
5741
1698
7398
1551
6498
7312
7137
2069
2202
417
151
8585
7779
9776
7902
1981
5587
6525
6761
7251
6808
155
1415
3778
5774
1933
3952
2859
6373
5382
7949
1510
1349
1725
2418
35
7263
9306
1378
7111
157
9910
956
188
9552
1648
7444
918
1321
7592
6534
5006
3168
1725
6087
3387
1
8908
2185
6960
294
3569
1019
246
8701
2599
7159
280
4648
1537
2179
5799
1396
9559
6239
8391
5161
8004
9263
1607
9279
9204
7637
6281
4113
7256
6967
285
9420
28
1384
8775
2254
2171
5122
6627
105
2195
2627
8196
5950
2797
9384
797
9176
2500
6748
7389
3898
8430
640
804
4131
4582
5720
6586
3444
7282
3788
3995
5295
9711
7610
5075
9046
357
9069
9784
5835
6019
3653
1176
7922
8626
1606
8351
4922
6520
9796
6473
415
5102
7312
2540
2816
8769
2137
2797
5125
5923
5840
2667
9174
1516
8176
2928
1343
7041
3729
6481
8366
6207
8275
8497
3811
5614
3420
9005
8080
3670
4263
1057
7381
7715
6294
9461
23
8865
4584
4814
1574
6444
410
5038
3989
9018
7909
1977
7605
7059
6096
3707
9095
3015
9625
4216
2902
8213
5063
809
8467
2391
8111
6203
656
917
1202
6665
6168
6782
227
9704
4452
9309
3733
4902
7659
9176
7909
9210
506
9851
5864
3754
7579
8816
314
2576
2557
8039
4632
5036
1132
2125
8394
2650
6953
4238
79
8040
7876
4480
1341
8359
7958
2740
4441
8065
9196
8198
6809
6244
5840
648
4501
1816
3252
4594
9318
5902
2758
5683
2777
4393
3700
442
3763
5332
4002
4524
5708
5104
954
1712
3447
4638
4615
5771
9505
1811
7305
9917
4534
9090
3942
4144
6817
6068
9665
8936
1357
5003
3145
5014
9904
3735
6233
2654
9481
4410
3223
868
8447
8339
5874
6273
5940
7024
3567
3808
2686
6869
1493
6655
8560
439
3604
686
5041
259
1207
9529
8787
2071
2560
9988
5868
3276
3582
3935
4930
8795
4884
2042
1538
1033
5749
6741
5230
2771
1364
6683
5485
1867
5667
2595
2677
4430
8489
4954
5390
8799
2334
7152
5981
6086
1087
3952
2171
4302
237
3942
3622
2173
5773
6425
8939
5614
6814
7720
375
4557
5258
9212
581
304
4239
9647
8245
3926
6050
7138
7142
4346
9303
2170
6213
710
4591
1455
6663
7389
7684
3933
5706
1530
9359
4441
5643
2490
1401
7584
1212
9630
8990
4251
7789
8
733
5820
7959
293
8943
6625
4209
7893
4393
3530
1047
4693
1763
2549
732
3107
4258
6386
2982
8180
8464
3486
500
1389
3422
8727
9000
1465
1084
8254
2499
5097
8883
6091
2100
5673
8944
8179
9208
1358
2640
254
2214
4768
3658
9602
9009
5241
7495
7118
6409
1288
424
5360
1537
5191
6342
298
9544
3906
5636
9326
6629
449
6240
5772
7304
7761
3365
620
36
2672
1062
5434
6007
1056
5737
6599
1560
6499
8988
9904
6112
3895
4757
6202
3786
6273
3662
3453
8840
7825
5607
7783
2069
8658
277
6382
7817
7076
3971
8012
8938
3365
386
2723
156
4966
2406
952
8585
6727
1737
3597
3897
1446
3327
8917
9601
5340
1897
9094
1203
266
8613
9210
6629
9498
6986
4013
9254
6743
8395
3336
4083
8653
9283
5334
3221
9591
4063
7804
7615
3622
6
1748
8255
2811
3016
8111
1483
2769
6052
8116
9905
6099
5213
13
2487
1892
1990
202
4863
4763
4055
4678
3635
32
1089
7531
6469
2614
6630
6838
3212
5943
1675
4721
1879
3816
881
7521
7401
2443
7603
4150
308
2168
9707
5478
7133
8365
4140
