8086
7219
7524
3946
5357
658
4679
892
1851
5155
8534
5917
6930
6701
1401
621
6906
9085
2486
5301
6492
4855
5324
3794
2154
3708
104
406
1621
3636
3605
7303
5203
3882
1041
887
8813
7722
3518
6021
5626
7409
1950
7721
3155
3240
3365
952
5202
3621
8282
477
3605
3262
8529
4394
3010
2196
3283
6935
2984
9160
7401
8386
5717
9098
158
2573
4274
5992
4410
5255
5913
9074
5894
9983
7327
2578
9877
1522
3843
6604
7706
730
2584
9442
8924
8989
393
9738
5588
4718
916
263
4162
9264
1677
3717
6946
4587
1170
5019
9386
532
8076
3800
1788
5184
9537
5481
4004
7867
3086
9211
9443
643
7342
6212
422
845
9819
2616
301
4124
6349
6756
9121
4784
5513
2055
8527
7741
3188
3155
8640
4373
6905
4720
4249
2713
7008
9482
202
986
1815
4524
6181
2297
6952
2537
9210
7480
4787
7849
8163
2514
8562
5383
8324
6752
7154
4402
5595
8240
708
7870
9369
2855
4360
2584
241
4664
7151
4832
3782
5951
5910
1294
4380
6689
9329
5101
3831
4902
5779
2577
7774
1285
9487
7015
9336
3782
3648
2034
3446
352
5731
8580
7113
1097
9814
6396
725
4122
3124
2948
2870
3007
9116
199
6549
7648
7417
2379
7779
4334
1746
5951
8492
5408
520
6348
4461
3650
1282
4721
5499
1569
9309
1963
9591
1233
2799
6547
4809
5955
1885
7355
2871
1177
6414
2603
6026
8249
7864
1211
4581
1441
4111
3513
5836
5472
1822
4102
6446
8150
197
737
9324
278
1483
9788
3036
2894
8249
452
6396
108
4752
7140
3433
4362
9888
1820
4246
9731
2207
5872
5390
8064
3256
4081
9384
2224
4131
1716
6705
445
1513
9372
5169
5925
3706
9231
1039
6183
4243
681
3340
7390
457
2895
7908
9951
7096
6865
522
2910
552
9648
9067
6439
7519
9138
3177
3609
3063
8546
6020
4921
6942
5938
6980
1678
3783
5703
5882
7156
2254
5598
9091
7768
704
5166
5317
9918
1938
8725
4317
2100
7758
8903
4774
5937
4691
4712
8614
4313
5925
1564
7764
9543
912
9281
5931
9597
3298
8167
2379
5801
9887
2492
6849
1156
8226
5396
4810
4429
8023
9110
22
1526
2117
9656
7061
2283
6003
5762
9857
7802
1015
7551
3606
705
5186
1791
6448
8301
7545
6963
4210
6516
6125
3215
6213
707
7342
9382
2631
7945
4545
1715
4230
4238
6536
6650
3450
9290
2628
3065
1728
863
9434
7800
1732
586
5977
1911
4734
3128
7964
4133
2763
1085
9077
2313
2330
8605
7010
3211
1581
7826
4643
5983
5510
3531
2217
4926
4528
3084
4670
2599
113
649
9390
5308
7548
7000
3570
9146
9796
8807
7068
6235
8470
4160
6217
7667
7547
4353
6389
1715
2981
5431
6278
3361
6687
6860
4843
3896
6531
8837
2660
7426
4858
4213
3006
4477
6903
5756
4442
1575
6968
4621
5876
9675
4646
1237
7131
3619
5563
5568
2893
9414
1131
9728
5597
6061
9612
2252
3254
3912
6437
9991
1549
2082
5176
555
5624
3310
1795
5504
5879
5859
3938
2075
3847
8522
3824
9137
8759
6615
8075
1268
2746
3967
281
3392
2806
8320
2440
7230
633
5342
9546
9989
7204
9454
7538
5161
7616
8106
8585
5094
3097
9752
9272
5060
1308
4835
6597
8982
3142
3336
3933
7667
4041
2116
4084
1410
535
162
9405
220
8186
140
9575
6501
5400
174
6082
7045
8687
661
8714
3428
8860
7108
3442
2518
4389
1481
2952
1676
7665
1331
786
6461
2296
8134
7568
2186
4711
3650
3098
4475
1324
5919
1244
8158
3316
4496
5510
8285
4680
7963
1910
1812
5598
5396
2348
3614
2452
7462
6110
5879
7799
2157
9237
5624
8511
4773
1593
1141
7924
1657
9236
4483
8343
2524
5359
3774
3530
6684
6486
6073
6891
4392
1904
8810
30
5703
3347
5394
8024
5734
8866
8493
2349
7006
9491
2699
9724
6713
9814
6823
5298
9117
3944
4893
1609
1101
6409
4079
508
1897
3542
7248
3866
6411
4645
7601
279
5251
3774
2957
9228
3528
2420
7632
1195
4850
503
582
2069
6504
8149
9503
2862
6787
3528
1920
1236
5675
2646
5944
9604
5573
5473
5340
5713
9771
9007
5827
5492
2399
1973
2118
4716
5178
7724
8109
5537
3066
1633
5823
6328
3019
6736
2283
8413
7509
6747
7270
1270
7217
8676
9113
8551
5315
8240
112
906
9203
10
7949
7962
4159
816
4576
1098
7436
9312
9405
640
577
6794
9408
5996
2397
4399
4698
4893
4969
9595
4550
8370
218
548
5431
1457
5274
369
9599
5596
617
4523
104
7745
6206
3735
5576
2878
7301
1642
6157
1077
3483
1103
57
7829
1494
5611
8822
6251
4953
2571
8189
2990
1762
3339
568
5297
3034
855
4653
5411
5800
9485
7451
9778
5381
3241
4083
4880
2336
7934
1131
8474
3200
30
10
4906
3826
9954
7866
5816
9113
457
4849
3059
3099
1245
8254
8908
8998
9558
5976
9769
9612
2616
4031
3499
4707
1954
5437
7184
3493
1506
701
1754
7089
1049
3322
2184
8022
4086
7288
7167
1222
4592
7345
165
3714
167
7003
4484
8273
104
3671
8681
9683
5628
5119
4969
898
6128
6531
2555
436
9613
2829
9880
1597
7791
6651
4555
8764
6203
8392
7500
5935
7649
1058
8235
7902
2797
9344
1570
5052
5289
9276
2059
8612
9937
2075
1485
4367
1672
3465
6379
9359
9784
7542
7101
7886
6691
2550
7401
240
2996
4433
3496
49
908
2855
4718
3841
6212
3549
3554
9503
4975
306
1520
8664
4880
9700
8707
1735
2683
1723
9087
3313
8662
9912
695
9974
6138
5259
9654
2091
9125
9223
9694
6264
4034
2501
4264
5161
1954
7859
6665
7148
6493
7297
4698
8964
8425
6089
269
844
2462
8832
1095
5028
3340
5534
1213
5362
8130
8993
9350
7852
9170
8228
9357
9441
7351
6575
4909
5018
8626
7216
1463
754
7543
3345
2046
5198
385
4984
9905
8265
7049
9529
229
2231
5199
8504
5223
8176
2420
8739
1685
5910
2103
2178
7842
5362
6617
4890
6756
2668
6972
2489
6835
4714
1594
6145
6143
1811
8130
629
6064
9306
1241
3429
1660
5472
6245
1897
557
4799
3167
3538
9574
2940
8245
3168
8470
1991
302
9405
3152
2536
7472
2206
6492
1933
5784
2538
3504
6700
4799
5119
9030
526
7120
5192
338
8446
7951
747
4050
2004
8087
2287
6708
9860
8734
3261
895
3232
9358
5644
4377
5791
424
6777
7957
3212
1321
5545
8883
8413
17
8261
543
4739
5082
7183
5916
814
2590
7526
1789
7591
107
2020
3105
276
7483
5593
1970
5189
9500
6610
3820
4417
8536
5228
4063
9134
6383
3913
2080
5850
3102
9922
5914
8531
7355
4646
189
3525
7076
120
1853
3521
1507
8704
3176
1427
5646
7975
9121
4929
5980
9200
6664
7785
2011
4425
6950
4447
1520
4152
7252
453
8783
4882
8650
2263
4029
3363
7023
6639
9299
2308
9561
1551
579
530
6273
7637
8578
8996
6214
1737
859
3126
1066
1726
6139
808
4551
4950
7551
5081
4714
912
5411
191
7567
2584
1584
9826
4786
9652
6968
6745
5214
1369
772
3704
9751
6256
5303
6631
1922
878
2788
2324
1837
103
1378
4612
9593
6878
5968
4865
5246
354
5670
5022
6414
7441
3908
3898
1281
4313
8942
433
4338
1227
2344
736
4520
6115
472
9337
598
9857
9277
8876
6629
8883
5951
6603
1091
8786
1834
557
6907
6045
9793
3021
5990
3587
5830
3982
1175
9950
9074
2705
431
1079
6514
1232
3108
8465
8826
9664
5642
7181
1476
9422
4610
2709
924
7302
8338
5934
9185
140
4331
1586
1274
7164
8762
6595
9139
4686
5934
1289
2545
5703
207
8214
2110
5186
213
431
2164
354
5369
3612
1448
4081
7651
3974
7803
8714
7400
7171
8928
7066
541
1612
5079
7111
5987
3360
1113
6990
6254
8781
4704
7354
1335
5388
4720
8770
5758
956
8799
2945
1382
5933
1944
7859
4003
4391
8614
8558
115
4324
9245
7300
1255
8985
8361
9056
7330
7116
5546
909
6989
1422
2404
6850
2692
1465
8342
2626
455
9248
5527
8876
9436
3207
8678
4574
4485
9066
8498
6995
5580
4074
8490
8859
1688
4497
3673
8083
2981
4944
6269
664
4589
2072
7844
2627
7098
4545
9537
2657
3852
5728
2085
3091
2812
5533
5106
3264
1158
3073
794
5855
4152
2351
592
3852
5864
9062
4678
3019
8276
7779
3178
2344
7026
5282
4900
2844
6566
7604
4077
3314
4899
5480
8117
138
8183
5311
9695
7110
8513
521
4627
370
3938
1211
2952
3025
8420
8416
4366
3788
818
2922
758
4072
6226
7614
7971
8358
45
6627
6095
3394
4997
4193
2637
2779
3985
998
5705
4846
7148
6129
5000
3394
9787
8224
6848
2795
8913
314
5764
1264
93
9052
9111
8675
3007
466
3308
8208
3663
1242
9735
4326
3561
6610
5988
3090
1283
3367
3460
4681
9952
9301
5377
2142
4792
8360
332
4801
8627
4228
5151
9624
9590
3729
7478
8844
4502
5388
2860
7589
3471
7854
3308
964
6070
7480
4311
6062
7145
4271
5126
708
789
694
2774
7411
4276
8370
3630
7935
9878
3541
7767
1202
1420
3412
267
4807
4096
1910
609
8331
690
5283
5933
4876
4629
4998
6502
5710
507
7900
1985
1826
5674
1292
5347
5309
2290
3674
7046
2889
7825
249
6031
3844
3438
5961
5578
4487
3857
7864
1404
1882
9451
2896
6695
138
1025
6758
3678
3673
544
4541
4209
3155
6459
3976
2476
1490
607
7746
1359
9195
4769
2155
251
758
8857
5654
6226
6177
9466
2203
2306
4779
7041
1242
6294
1622
2281
8195
1142
319
7540
6836
3139
9948
7012
7603
7359
7873
217
3996
724
4765
6969
2565
1836
2872
8372
692
3270
3698
7649
326
6419
6633
6650
5189
1191
5790
8714
3539
2839
8347
6255
8548
6058
4012
1901
3571
2093
1880
5317
155
8073
7932
3942
2491
9012
3683
4775
3208
2035
4070
6111
1898
9234
605
2609
9555
264
3982
4492
9256
8326
8892
1793
5811
3465
2620
7574
4893
5270
8155
9811
5164
3017
1992
270
5342
5031
6613
78
1783
641
7675
5964
1175
7461
6385
8139
7247
3955
8211
691
9998
2233
127
7978
900
8856
9932
6042
7771
2056
2801
6299
8553
2242
2245
9911
4125
8889
4864
5130
6448
1026
925
6662
9825
373
5669
5596
9893
5921
9448
850
7051
6221
8370
8214
8483
991
904
1059
5669
6787
104
7575
2331
2415
5534
3000
1142
8533
3767
1736
6199
2469
1429
3431
2248
3638
139
9208
975
7187
8420
9029
9280
3453
1680
8861
4386
8678
7710
6805
5883
8050
1763
617
5366
5578
2290
5162
184
6579
5641
7276
9004
7621
5655
7199
3402
5661
1942
329
1470
2792
8894
366
6580
5550
5971
5100
6847
8041
8657
9067
8612
6276
8616
3086
274
7055
1067
9312
1232
8520
7142
1826
4315
1028
9100
7032
9124
6421
6667
5175
7979
941
3475
4133
5817
2057
3607
9306
284
2302
9598
8919
8534
3826
4872
2316
2800
5848
5590
9967
7654
3445
9118
7775
8077
154
8953
5061
8951
8807
8825
5073
3364
4657
1892
9291
9283
2408
4509
1913
1545
4051
7850
8908
8878
7577
4839
6812
3707
7539
4292
47
5899
7245
8964
1946
237
8909
9265
3916
1444
2458
9825
9201
9882
5932
1790
2550
5636
382
9757
4786
8678
25
8612
1732
7991
4015
2149
240
3156
9688
2353
190
7700
8333
5473
212
4752
3675
8609
6659
2008
101
8457
9838
4820
2373
2023
8923
3354
1075
7697
7089
2180
8379
3876
1422
8418
6817
1490
7925
7594
9738
6247
549
4763
5849
6191
4621
2104
1827
253
9212
3218
6386
3865
102
8633
6356
8442
4783
6676
355
2540
3653
8768
8468
3850
7026
8468
6942
2836
5840
9139
5412
777
5107
5973
381
7272
3007
4306
2765
4820
5291
7636
9228
1031
4199
5571
6675
2190
3421
4053
6829
5467
5850
7628
3116
865
8786
6289
5218
8168
2106
7461
7615
8621
8478
7085
7172
5828
1117
2411
1435
5458
3839
3139
3643
8747
162
6823
2695
488
3103
9096
6306
8237
4956
9184
3397
5801
6826
6440
7433
713
985
4172
5830
2369
5215
2925
1835
4785
7225
6525
4353
5504
8953
736
8083
102
5101
6144
998
9930
7622
4019
8756
9281
8022
6351
5903
6995
2328
8963
1917
6664
9368
9708
6027
9066
1619
2085
8566
234
9254
8314
8136
8650
2321
4896
3280
5453
2943
7994
4537
2274
9362
5591
7779
2315
6247
8298
2530
1660
1216
956
9634
9411
5779
2712
1055
7253
43
4122
857
1291
4394
6015
522
1611
8149
6363
3578
7907
4677
8174
4284
2729
4847
3581
2562
7439
5841
6708
2741
9803
338
644
6771
6272
1861
1923
3546
6507
5700
9252
4709
2440
1219
1946
3898
9288
598
7487
776
1299
1101
6956
3382
750
2805
1705
2347
4740
1400
4535
8351
638
6148
3953
9820
7720
6373
557
1317
9484
5969
553
4344
8397
4310
2515
1325
2437
3709
36
461
669
8060
4721
3795
3329
4718
1072
3390
398
1770
7269
800
1503
5885
3579
3173
9109
1686
3193
5267
6458
2201
8657
417
1457
1374
730
5063
7833
3840
5529
849
5245
4197
94
5457
782
7883
6137
8425
5287
8419
6689
925
9276
1258
564
9206
4906
2774
5160
9780
2363
4027
8948
732
1349
2858
1208
7598
936
4596
8051
4122
3915
1192
577
7927
5046
967
3142
8628
6080
6306
7128
1240
4292
4625
8368
867
5419
8710
4418
5622
6333
6165
1263
3453
7592
4075
7687
5163
1058
4259
9575
266
3211
6509
5684
4531
464
2064
1064
8079
8853
7252
4231
706
6758
7676
9437
6764
6022
6659
5945
5346
3745
7724
2084
2816
4343
9817
3034
3769
9031
5722
7791
3410
7785
8638
2579
9022
7081
9252
5067
724
5186
5802
6214
2014
5668
2614
4280
8754
8888
8375
8621
1190
758
4015
9241
7344
7758
1480
1755
7728
7367
8920
6421
661
3389
4844
4206
4723
6431
3649
2444
9841
771
7603
7625
1352
221
5838
3040
2031
7217
9191
4615
5476
1355
852
9104
559
5838
6677
5004
676
2930
5759
8045
3445
2350
1403
9926
6182
9830
4968
1067
9998
6510
268
5604
688
3737
4123
9564
7712
1962
9514
1264
3514
6884
1363
6283
4193
789
1362
8096
9102
2098
7554
9423
1342
1553
6353
8653
3318
9169
9579
334
1520
2122
6747
8639
2538
71
3302
7980
7926
1057
8824
5466
8998
8099
5296
5824
3905
3869
4448
511
8373
8434
4953
9314
8428
2918
4736
4487
8077
200
1060
4614
7452
2247
1194
7834
7249
2531
9448
1762
3401
1150
2161
558
1910
9700
823
7909
7489
2749
4924
8411
1256
2845
374
8805
2108
6375
6341
4848
3577
8332
3255
9199
3018
5047
7338
659
2768
5293
2556
5311
3556
1828
9125
5703
8919
7376
8851
5050
5591
1360
1478
9644
8948
6254
2933
4127
4457
5349
5950
1114
5762
6919
5832
8746
7588
3311
9354
7216
6920
7317
2724
8021
9083
2346
5365
7776
6281
7345
9826
1787
4920
2249
4610
1254
4598
4763
5881
1979
6057
4734
6081
1753
7551
8052
2341
8229
9138
8058
5226
8998
2185
8764
8835
851
7038
855
6577
5746
5241
8394
3036
6886
3961
1434
1259
9497
9334
7320
6529
7351
2335
1370
2232
7958
5488
5850
767
6380
1215
4643
2624
147
2971
9911
9738
5404
8428
6132
4999
7564
9929
6421
8428
8038
1188
5755
1916
2341
787
5884
8683
3848
2402
7029
625
1783
8894
2250
6586
1646
2398
1356
7266
1213
5389
2566
7930
5490
8301
1810
8400
9546
7768
1476
901
9052
5777
2730
245
4486
4118
8095
7578
6507
388
3885
8453
6777
1515
5302
8330
624
8264
528
3793
5419
9531
3988
5738
1206
8330
3101
1579
8258
2366
7303
7126
9555
819
2904
5203
4864
5544
2432
7303
7126
9283
2496
6618
1118
5674
9952
5631
9021
5846
2135
9133
7414
4243
3298
4001
5503
1906
6030
357
4901
8924
3378
4843
7190
9032
4710
5660
6659
8360
5887
742
2080
7274
2286
4983
3251
8921
1344
9788
5089
601
9901
8374
4538
4403
399
3251
3264
1719
9160
8071
2193
2130
9455
4672
2312
976
1814
7514
9805
1467
4128
1995
2647
6579
4515
110
17
3186
599
6820
5584
5868
9903
3132
579
692
7389
7393
2867
9855
7823
4570
3760
6564
2601
4417
5183
5764
2976
3314
6008
398
4164
1318
7829
4793
7768
5506
7294
6422
3116
3022
4203
4837
1669
2420
2033
1874
2479
9889
269
374
847
7706
6014
9596
6742
5879
5675
4273
4397
4378
6246
841
9511
2551
9677
8719
5925
4368
3128
6765
9359
3020
2538
5005
1788
6014
6864
9569
6410
2441
5568
4406
9785
7331
2544
6785
4701
4152
5462
4864
4580
5413
785
4667
7861
3051
1108
708
8643
4827
3367
9177
8146
333
3521
5144
11
330
5765
5530
1364
6169
2082
7734
645
1790
993
9785
2740
9440
2720
1586
1675
1632
1684
8453
1244
6121
6230
7497
4336
7690
9801
4599
2442
424
7371
4763
7855
6785
5917
1414
2386
5293
7917
883
8113
6915
2453
6739
7601
1357
9323
4894
3339
8375
7809
4509
8698
5946
3167
1547
5649
6687
790
1603
7653
6262
41
6066
9704
2671
7247
1064
1298
3318
43
1710
2290
7520
3338
5182
6050
5738
541
4864
9086
3227
2340
4402
1431
5020
9377
4882
7441
1214
4404
539
2412
6372
4167
8424
6417
4521
1191
5280
3112
1712
861
490
7913
1393
9781
7444
6910
3941
7236
6898
5144
637
2782
4984
490
4081
9476
5425
7262
1577
4054
189
1871
5398
2514
5329
1426
3981
1951
9094
4950
1091
7283
7502
6088
5794
4508
8547
5611
4657
561
9946
1803
9040
3476
6913
6926
4541
5560
5835
8330
6735
6630
6914
3495
7157
3921
3864
9344
6178
256
1550
7458
4897
2296
3121
8517
6445
6228
6603
1226
8218
9158
7211
3274
472
603
5683
4460
3419
28
4848
5012
4548
3134
6307
5352
194
1755
6658
7069
588
9622
7973
8724
5581
9040
404
4225
9025
1521
5723
6012
3399
8852
9368
40
2692
9703
5148
4649
771
903
1114
802
4516
1815
7343
6900
5841
4849
6358
7383
4407
5111
4750
691
3288
7378
178
8793
3169
9213
1408
7455
6728
4850
275
3710
3800
5677
3545
4551
9622
9657
9533
8796
3026
3802
9026
2284
8774
959
2586
5059
8419
4591
6601
8075
7032
2969
8625
6080
8953
7272
8455
2806
4291
6439
5182
4372
9356
5299
2022
6893
8400
1528
95
4676
1097
1244
9546
6123
68
2704
1401
5463
5365
2496
6357
9780
8384
8839
7377
2457
5897
2185
1356
6123
6041
4182
1451
447
2001
2228
5663
2738
5862
8349
9216
2185
4622
7938
7923
1802
2753
6014
7266
5659
814
6086
7237
2815
7651
9455
6095
3535
4455
844
7199
7817
2601
9616
1762
1042
3572
4515
7012
6645
8533
3864
3578
1106
7114
2470
8159
2265
9873
1083
7511
8012
6529
4207
7617
8711
2556
7296
7565
3390
9
4935
1065
6686
4574
7451
9831
804
9727
4614
2099
4343
632
1554
6465
7741
4947
3845
5894
3301
5041
5809
9290
6290
6339
8548
8313
2434
9422
1927
5279
6295
9363
7818
3934
4461
4348
262
8620
7274
7057
1891
8968
2890
6507
4959
6602
7890
5104
9624
7546
9341
5498
1746
9050
4268
4507
7405
2351
3802
6854
1566
3530
945
9740
3913
3081
2844
404
5693
1051
739
2713
7637
8699
3344
5564
500
9493
2328
5420
6558
1970
1746
7664
2550
4492
6835
6598
1937
7246
1403
1917
7166
9993
7191
271
587
4977
3052
4119
6148
3218
6587
6519
2571
8933
5928
9699
2798
1258
4786
7325
3726
4607
9596
5203
4924
9032
3591
2850
4931
9775
9010
8823
8976
816
5262
5996
2536
692
7854
9079
992
101
161
5594
6857
9901
7692
3234
2502
4973
2427
1088
8162
4130
2987
9571
2070
8767
4959
4043
2054
3252
4496
109
5623
8211
7499
4350
8670
3793
6116
2877
1250
3779
4109
1470
2609
2947
2686
5341
6608
9502
8824
3563
2998
1598
8815
3078
9632
1936
778
9866
5618
7307
1250
318
5678
534
2580
4166
1500
744
9839
1430
6798
4142
8242
9712
8904
1552
4619
4981
1281
845
9443
8431
8096
2107
9072
4446
4145
882
1417
9791
842
155
2095
2183
1730
4881
2250
7162
9022
3808
3704
5775
6066
2104
1884
2037
9288
4864
2029
8330
7178
5965
9617
8947
3181
8938
1636
6859
3983
6519
1372
6434
4605
3380
5703
5310
6959
2172
550
1938
9098
6448
7108
1384
8233
5316
8730
933
1790
3717
5951
8716
7269
9133
5024
3179
3475
208
3558
8525
2805
5289
5370
1432
6710
9203
5507
7354
4208
4739
5543
469
6347
1224
8707
9968
7925
6379
4192
6777
1429
9163
76
9044
7164
765
4672
1760
7839
8023
6861
5733
5501
8629
6976
3810
3644
260
1127
7705
7556
6413
3547
7102
1526
198
3459
3780
2410
3556
5261
7456
5223
3494
3424
6735
7927
8757
6369
8123
9397
123
6824
8405
6643
4934
9693
847
4836
1877
2275
3671
6387
5116
5859
47
3414
7829
2162
2427
1299
3989
2854
485
9702
3764
5507
1151
1407
2326
4707
1253
8679
4039
2774
8159
1430
4017
567
1448
1419
6848
5177
9154
1967
7943
7985
5373
3199
6378
3499
2174
8740
9405
6673
7628
916
7823
3995
3532
8054
8344
1540
927
9253
3738
1382
8858
9134
4074
6291
2013
7487
2707
1488
5836
6512
8755
1369
3501
1363
3808
8573
7750
8117
4334
2551
2012
6944
2834
4881
9424
7244
182
8961
5458
5860
8775
2447
9674
9050
1148
1806
4807
3856
1505
9708
6862
4763
8265
7623
8198
7064
4180
7954
6658
9248
6820
2315
7755
2905
6304
5151
3613
101
9041
4780
1942
5048
5945
7192
642
8942
1089
1410
8825
4326
2083
9099
3016
8059
6623
5252
8073
23
559
1215
5976
8079
1636
6132
2074
8466
9605
7945
7554
4819
7795
506
8999
8308
3433
9055
712
5989
4017
2353
3165
4435
4853
6097
1408
904
8511
8886
568
4910
412
8979
1671
8885
5994
7365
9915
7856
4004
226
9305
4485
7326
1820
2018
7706
7461
6975
8314
234
1290
950
2897
2725
9067
3233
6651
47
723
1004
8457
8224
3506
7454
396
8965
7758
9928
1065
2369
9185
2947
5958
7399
5365
1559
902
4023
1443
1189
4408
533
4959
1177
7431
4500
2597
547
4549
6046
2258
6169
8835
7682
2312
5476
3808
5839
6159
8136
9773
5381
4274
3713
8570
9900
7826
5193
314
7385
7633
1520
8045
2996
9737
5778
1386
8084
4207
9502
8272
7349
6905
7752
4614
4105
4905
4052
5366
6948
5008
9064
6870
9855
1368
1951
9596
1683
2646
8799
2415
399
1275
8169
4419
1942
7460
9870
7960
3580
8330
9404
7041
6858
8334
7159
8519
5796
363
8400
9639
1849
8406
7394
4388
8350
1556
6573
2820
3626
6122
9547
2115
3789
7256
5004
5428
3340
4049
7041
4797
4133
2346
6315
7309
1007
7680
5565
9578
5432
6666
2488
4118
6911
8960
2774
2678
5538
3450
6145
5784
8113
1752
8672
4812
4530
9252
5354
2730
760
8973
7959
2360
9690
6351
4470
6444
1331
3635
8137
2123
9444
1101
6077
3516
2515
8494
9668
30
3203
4203
1551
4726
1850
1567
6958
6641
6483
1382
299
3296
3818
7216
1473
4797
3254
5439
193
8908
8542
5032
768
7275
9907
3157
4262
6578
2752
1262
9710
4792
7760
3041
1159
2003
1194
9976
2711
7212
3528
2359
9459
7471
9127
3731
8219
3311
9652
4473
8313
4939
9095
5937
9299
6947
8917
9931
9513
5386
7616
9662
6561
9990
260
7284
8488
6031
9970
96
2242
4861
5202
2135
4287
9528
3740
412
6718
2029
6788
5364
1080
1737
4268
3233
1254
332
5482
4022
6215
7170
7705
2448
3258
446
8902
875
2372
3712
9799
2599
2842
4388
4831
1060
3861
726
1097
5553
1985
6373
9407
6841
9581
7140
1727
6709
64
2899
4906
3937
7709
8608
1416
5444
2068
2396
4039
5402
9631
5366
2913
7040
8266
7305
165
1523
3172
4867
9477
5809
6632
3925
5350
6732
7656
5807
9604
1650
1798
7889
672
6990
5835
2636
4645
4754
6844
5612
5694
3625
229
2163
7484
5704
6703
4580
6516
2109
3918
6350
2941
664
4466
7801
4320
6737
8315
7904
3066
3922
4388
306
8826
4699
2971
7758
2981
2479
7880
8020
3564
5502
4949
6057
5443
9936
1264
1877
2388
4247
7793
730
4781
9388
6601
2516
9139
9704
2650
278
3387
7563
9365
3414
4865
690
6575
9846
6405
4927
9257
2818
9532
6714
5551
2212
2802
8987
2951
7308
7616
1361
2278
7775
3468
504
54
2355
9503
9401
1258
146
9524
4866
6077
7729
3119
1098
6225
6450
6488
3326
8705
8096
2679
9689
7443
3942
2478
1343
6145
1668
3996
519
8933
7021
1096
3750
8853
2244
8252
2798
8151
1272
2184
8974
8428
2515
8637
7463
3162
3607
6087
7039
9952
8956
6788
7130
4846
133
9613
8571
6576
1185
8426
6587
4190
5830
4333
4541
7639
1115
120
4836
7175
2651
400
8960
4097
9775
1572
2136
2327
5143
1542
9274
7576
2130
360
8036
8460
5182
9400
1652
1809
2764
8536
8873
2639
9944
7868
932
7770
7780
3000
5706
923
9690
603
7422
6276
750
4064
6173
6909
4481
7374
5299
4365
3098
9120
6233
5628
1426
7400
9818
4217
1729
822
284
2823
6546
353
3082
5923
9293
1701
625
2156
7887
8193
566
7890
4909
9627
9743
5378
8952
3484
3154
1164
5710
1029
1396
3004
4072
2368
1897
6460
2067
1287
8972
5526
9813
2858
5216
5199
1829
4212
2107
7714
9019
1610
794
8331
1444
5033
5022
1032
6596
4845
6866
9231
4304
3791
2574
1720
8634
1576
142
9468
9174
8568
2488
4569
8975
9814
89
8729
4044
457
4742
4935
9816
8911
1797
2684
3265
4696
1595
4035
5469
3706
2157
5090
8324
4866
4219
5050
857
8631
6574
2914
5099
9576
4430
95
8868
2459
5946
5769
2949
3557
2473
571
3148
6837
6137
3456
3495
7557
4358
5958
5453
4283
4662
7887
9441
3975
4705
8576
9156
3801
1818
8196
6287
7630
3591
4365
2998
4788
5988
315
2279
3590
8366
2202
1706
2388
5338
4805
4461
6470
3919
6822
2563
9962
639
9239
1169
8118
7360
2856
9541
6838
6445
3915
3821
3090
5615
45
9087
2001
335
2197
3359
3849
6891
2154
4180
6896
2472
9270
9193
86
9495
4638
5749
2992
184
5593
989
9074
3988
8587
3055
2295
4802
3853
6172
6492
7144
999
7140
1447
484
689
8479
9606
8691
3913
3946
2594
7249
6994
5411
7235
4314
7447
6206
6684
2939
3073
4963
3417
895
4274
5701
7355
1357
7449
4440
4185
2469
5581
9994
6071
6281
606
6755
9365
7865
1043
243
1691
3604
7460
2029
3817
3517
7862
9180
108
6314
4840
4857
5026
7414
6395
875
2147
9534
2784
94
6464
2680
2424
6381
368
5372
916
2506
8629
1739
8603
1858
7945
9785
3713
8138
2181
4556
110
8274
5290
6189
941
7759
91
6931
2065
4298
2574
3051
2053
5225
8204
7317
8733
6479
8821
5179
5835
6118
6153
3140
7057
3305
733
940
9093
4508
3013
96
9570
2256
6909
136
663
8196
4624
410
4207
1449
5629
9759
9545
5282
1997
8520
1074
9972
6854
7350
8436
7416
2711
5175
8700
3508
1623
4205
6462
7582
9719
3416
4818
4366
4498
3127
7391
2757
4471
2419
9211
7494
7225
7977
2127
4320
3784
7679
8665
6604
4279
4733
6751
1532
2348
8504
6563
6983
3449
6294
9930
5963
5309
6305
2164
4118
7133
5747
5956
7209
7821
9654
7107
9718
2510
5334
2213
2745
993
4585
9170
9239
1241
831
2374
7273
6147
1116
5837
7518
1880
3584
9090
9419
1787
9469
2696
1614
639
4910
2489
6118
213
1967
4225
2459
8692
103
3251
7554
3172
9083
6987
9417
6668
1769
1564
7992
8482
606
7786
4358
9496
4705
5738
366
2029
5425
1821
4345
7283
7067
6779
4967
2048
5889
8367
4537
365
5043
7697
5085
5122
5215
4039
5408
9214
756
8851
4957
5785
8947
6164
882
2357
5627
3109
7870
4171
3908
1302
6499
7971
3925
7122
4774
8601
654
6467
9187
7324
3733
7494
6255
2536
7879
3068
2769
711
5047
3136
3219
7799
9768
6128
5789
9075
7247
7600
4138
8495
9764
3805
769
6947
654
7678
9215
2526
6730
4761
6491
4892
9410
7053
4309
130
1973
3423
7404
2115
5408
6299
9981
1341
8130
5660
6775
2391
5480
3003
3513
6810
3357
9936
2658
8989
6603
8319
4240
8869
6838
1453
8307
6743
6312
8728
5061
2279
4050
9351
1119
1950
8074
4298
5471
6564
2798
9476
6721
3242
3844
7230
3968
4341
3466
7782
7287
9106
8515
6990
194
2575
9483
1878
5705
222
3509
797
9641
6153
6465
791
9676
7261
9220
774
6303
5710
1019
5448
2367
7334
8547
1545
1099
4111
2683
4954
8700
4738
6233
4557
6432
8502
4973
6172
8895
4166
1245
7939
9736
7350
4026
6661
3353
7055
1915
3157
1356
4379
5799
3515
5501
4218
6079
2287
4620
3828
5321
3128
1673
448
921
2162
8444
3929
3953
9433
9660
9230
9777
4213
5336
8031
3146
653
0
8252
5593
1266
136
5279
5673
7104
6635
8859
3295
5105
7359
5265
7807
5083
6019
5126
5770
1078
7471
3562
8421
4393
6288
708
708
8539
4978
7556
3493
9521
594
4134
8009
8414
3648
4493
6986
7041
1190
5708
8
1683
6748
6151
1585
4246
3393
1680
9217
5060
2624
7049
5260
6579
1004
3852
829
2672
8489
5618
2139
3873
7297
5287
9706
5012
7763
238
8666
7971
8175
5276
4073
8967
8821
4552
8518
6730
6602
9237
652
5200
5504
8987
2261
1982
9898
1699
8457
1683
2234
7878
210
1464
4012
3053
976
4673
9091
4119
9497
7273
1373
3207
8975
899
4706
5757
8786
5876
1412
7839
8635
7280
7320
1434
6648
7221
5362
5392
2269
6939
6853
4098
2041
2981
9442
5473
1326
2811
3346
4895
7899
6473
3018
1845
3920
2638
9621
1662
1287
9295
850
5642
1608
1627
8510
8915
6104
2213
1018
6998
2645
1577
7513
8778
6819
343
2642
5740
1436
7753
6220
4738
4202
5166
9977
4315
6420
7296
4365
2654
6538
8407
2014
8610
1108
5464
859
5935
2299
5331
9152
4838
5502
8488
6647
4291
2741
7484
1080
3141
7626
4334
6745
7988
5418
7426
2437
1086
7381
5162
9315
2000
2075
485
5380
2714
7476
7766
2117
6988
6908
1079
643
1301
8633
791
9198
6517
3658
3648
1191
6505
8816
4
3170
2420
2521
726
5078
9050
8694
5430
921
2726
355
3192
6608
8631
8079
6612
3121
9066
146
252
7397
3174
547
4814
368
2975
8229
9180
1435
154
5992
3435
1324
2996
220
7350
762
3093
3319
431
694
7004
9151
1625
847
8937
8011
9038
7411
6669
1786
2607
7277
4458
1802
5573
5857
3463
1572
3814
7854
2347
4166
5617
5488
8132
9233
8316
6713
163
7874
2360
6709
8041
4461
7857
9545
7810
3318
3392
3352
9317
4687
2022
1535
1694
8848
4747
4609
3190
9411
7469
2126
6226
6839
3469
1765
8452
1068
9783
3196
5847
7724
2502
7591
4456
5901
2974
9750
3222
6700
4187
8751
1556
820
4169
4745
1782
363
1161
4057
8408
4729
3536
2126
3268
2968
5937
3946
8051
5291
1975
4700
3442
4568
2964
9017
7170
4607
1619
5926
1639
5732
9455
7977
5468
9792
6676
7233
2309
6089
3761
7866
4553
6918
4670
4977
9228
6424
2599
1884
8255
9306
592
3621
5527
6529
902
2701
8791
3639
9031
4248
5217
3572
598
1580
5687
9873
1795
9
4364
8175
7096
6176
6875
3429
1081
2613
2588
7955
4773
2356
3879
631
728
6442
8035
737
5251
7897
5495
878
591
9418
1500
2177
4745
8411
6899
1522
1566
2201
7866
5007
9291
8351
3575
3923
1326
9830
5505
9653
9113
2439
1986
1668
3287
2416
6824
8422
5949
5386
1415
4426
3855
3969
5620
8013
9605
239
3861
3406
5485
980
9384
7554
2532
8217
1436
6919
5599
4846
7255
1914
3717
5376
3151
6986
3898
4745
6755
2500
5671
3976
5522
508
3101
69
4987
271
816
8873
3905
937
669
4002
2458
8200
6040
1809
3965
8948
1523
2356
185
2901
6730
8946
5216
3091
4331
4264
3254
7659
4056
9493
1014
3874
6370
3828
6493
1578
1806
5778
1947
7284
4522
4328
423
2086
1552
7616
2021
6203
2440
9092
8157
508
7449
6331
9552
703
6417
5625
6396
2950
4433
6274
7195
695
5002
2111
6207
1210
6139
4197
8004
6910
9901
7866
1733
944
1298
9324
6952
8684
8201
1873
7495
6820
9921
9489
9820
9530
8457
5973
7467
6872
3051
1165
3867
3967
5684
1835
1573
803
2374
3769
7195
1591
2784
3296
7779
9439
8479
1061
6231
6857
8460
8168
436
5081
9054
5018
3227
5546
4143
6129
8044
4965
810
10
8207
1409
4984
1783
6105
2572
1417
7646
2256
8943
2431
4503
3214
4004
248
5139
1589
796
8463
9151
1071
9152
9215
2533
4291
766
3975
4277
1563
9889
7485
6651
4159
5865
6397
6908
6585
17
6373
2118
8549
3445
4057
5512
8775
4178
3187
2301
9651
1841
7339
5255
3800
5476
5336
5525
1094
5519
9171
2139
7391
4022
8459
4417
4313
8206
9885
5138
2765
1140
4900
8724
1571
9970
3992
7914
6604
6446
1285
4461
5071
6740
8892
4230
4272
7542
6515
4738
4050
3224
8089
3660
7403
4541
3947
122
4294
2725
3918
6687
9555
4156
4064
8880
6964
9806
7349
803
8073
574
6416
9955
6164
4309
4891
1704
2836
2844
2123
4036
7157
7669
5140
6189
5047
1010
728
556
9643
5042
10
5856
1730
5706
7692
988
3024
9182
8191
3203
4103
8449
1322
1278
3045
4573
862
4231
490
2350
406
8771
1761
2782
2206
4161
6922
5474
6372
1482
5207
2505
9771
5346
1120
1573
6224
67
5712
293
2198
9004
7989
5418
5083
5332
8261
424
4377
4857
7323
2459
9589
6651
2816
4907
2554
5277
6850
5040
5970
9127
7015
7086
4436
3058
6312
9889
9069
9861
6163
4828
1828
4392
720
4120
1106
6171
9925
1768
5848
1168
3466
9466
1476
1115
7642
7583
7253
9188
2443
6967
1360
4180
6675
785
6914
1405
4844
6853
9455
7466
698
9993
3989
7777
8802
834
7595
239
7354
2173
1816
5853
2540
6527
7559
7195
7185
8814
4089
8676
4182
6257
2858
8282
8246
3529
6327
9116
7904
4943
1788
444
3328
7036
201
2231
4583
4305
533
4124
9201
8024
743
9759
7601
3118
7618
9889
9778
850
8984
3333
6985
5739
3484
3024
7632
3572
5049
5543
7528
3625
1498
6447
772
2275
9264
416
9069
7091
9161
4793
4091
171
1302
7445
9586
7002
825
5029
7399
2457
9907
5748
4281
8657
5693
1437
4463
398
8249
7468
6295
2573
7400
5330
9959
621
2424
2014
7254
9399
3955
2341
3754
8080
3167
5242
8266
8689
9350
2652
4432
3697
3296
182
4580
3763
604
1991
6480
118
5932
8410
9526
7375
6542
3776
8043
1603
1037
3663
5935
5418
7105
5235
8663
6483
309
1808
5687
8398
4460
2866
8928
3199
2969
3756
550
2897
9723
5084
6421
3372
7479
430
9979
7748
1564
2413
4909
7897
6737
1386
4040
2163
5495
8055
6167
4529
6781
1185
2120
5525
5126
4221
6361
7941
1542
128
584
1081
9178
2042
1403
5730
8689
8440
5050
8254
544
5431
8187
6347
4102
5522
5448
810
6178
1742
1124
7432
5012
8356
4509
600
9125
4579
5891
5516
4345
5676
2875
9104
6446
6606
4810
589
1320
7008
6469
1508
9358
2704
758
1494
5820
8160
4309
534
4360
6340
9038
626
6598
7300
7417
9752
6646
4482
9124
8916
5840
8183
1988
8613
9579
8933
677
4580
5128
9664
2493
3897
6532
4410
765
1598
352
3069
2871
4847
3873
6240
1696
6410
5593
1551
6473
1676
6389
3021
1369
3803
8532
8012
7932
9695
8933
2087
572
5462
2412
709
2610
3785
593
8145
4124
7166
2103
8129
1797
437
155
7926
5296
3104
4299
7253
4321
7087
4171
6204
5399
8285
4389
1794
7733
971
1400
1030
2984
2524
5050
9520
4731
2232
9925
8547
9532
1976
4085
265
2992
8505
5732
217
1087
6694
1557
8718
9065
692
4032
7828
7713
5192
8759
8604
9504
2181
7132
4123
5207
9489
4045
7357
4892
6207
5123
9414
5977
6604
3082
2877
4923
8601
8191
7011
8505
4986
3541
6480
5219
5647
1835
2846
7292
6851
6781
8649
9022
9272
8774
7116
7724
9910
1563
6670
9444
4294
3844
8323
2750
4448
7320
5770
441
4965
664
2533
802
4256
7043
7856
7151
524
1369
3238
6862
2363
2306
4444
8792
1987
3187
9642
1093
5071
5473
2904
9760
4915
8161
3747
1951
253
6628
7591
7104
5365
4802
9073
3186
8398
5272
9997
5033
8768
2956
6377
6651
7373
9311
4497
9629
3951
5681
4211
5330
4389
6391
8807
9424
7035
4419
4677
3502
1137
5109
754
9999
2432
6256
7235
3454
577
6137
5451
3286
667
4552
5902
652
6353
5814
9488
4725
5260
6744
7706
1795
8315
7222
1238
3931
3377
5587
2741
2655
118
6301
8876
7063
7498
2654
8680
5124
7379
3044
213
1531
7811
5351
5084
5379
7373
292
954
6219
7570
1265
5376
7576
3733
5194
472
2886
6138
6111
6822
3
2135
849
6708
6909
6938
4082
1369
3077
5460
8184
4288
8031
54
1889
2697
1129
9376
596
2467
4275
1683
270
7331
2376
1857
6407
2006
4700
5197
9266
177
3987
2580
6664
2566
9145
1005
6060
7308
1682
696
8324
4742
5642
4979
6647
1385
5744
1955
5367
3319
8651
7636
5143
7535
7894
8641
2871
865
3786
8831
7015
55
5912
8316
1596
3262
7196
5167
5022
2792
5439
9838
3101
1264
260
9861
9154
8535
864
7628
7952
4701
2771
7288
4360
5299
9712
7668
2045
8413
259
6927
2355
9822
7448
1209
8594
1536
3628
3945
6292
1148
2111
4656
5808
4218
1767
6127
9592
9642
695
6612
2820
8386
299
9408
2717
9278
1681
5558
8881
1656
2130
6697
4179
3570
646
4149
3375
5990
7970
7254
4568
7983
8357
8594
6690
5202
7479
6325
4899
4181
3262
4101
4480
7911
4208
7265
3056
3965
2804
9866
364
5048
6
885
4620
3248
449
9577
4592
3516
7036
9238
6893
8923
7868
5918
8732
105
8092
3578
7372
3975
4174
41
8892
2257
8358
8713
492
8682
6620
9482
2550
4800
4285
8487
8914
8271
9694
509
6495
4230
7745
9609
8140
9860
2004
3368
5950
4660
6132
3555
5770
4062
2877
1402
7390
2032
1562
8780
9150
9077
3090
7532
114
5685
4857
7961
7745
7644
6630
4065
4102
8902
2449
7483
8988
9697
2924
4305
4184
2508
6899
8929
8918
6070
1423
6956
3090
8152
4162
4758
1383
1117
2982
6780
8385
347
3295
2936
2106
4582
4924
7491
860
8890
6750
7722
6400
5588
9225
5368
4388
5747
1917
6343
1813
4079
5722
4555
9813
3024
7100
3785
9506
7582
4756
7523
7888
1105
7560
433
647
3626
6170
6684
8816
8568
9822
9767
6601
688
4076
5618
8420
7991
4881
5870
4223
2997
9306
900
3499
4225
3491
2941
27
7061
3947
7998
1388
4258
9192
1569
9531
265
4900
7221
1280
264
7239
8980
559
4393
5851
8191
7334
9931
101
2979
1793
9423
9586
3823
6119
686
2696
1828
368
5443
5053
7279
3426
6899
3009
4779
4787
3051
6097
7880
7992
1683
6290
478
1962
5085
1265
4447
2172
7385
3454
2994
9651
5019
6613
7057
2098
1374
6890
7665
8101
9913
5914
677
2366
6213
9307
1520
7164
8226
5196
6670
2788
5845
3806
5476
7695
5375
1008
624
7253
1859
5827
8061
8505
2382
4339
7514
7225
6469
140
2870
2672
5448
4604
7642
4930
1290
8553
4490
9484
6831
605
9351
3765
3516
6483
119
823
9852
7881
6985
5965
3601
9067
6609
3253
3406
4376
5063
71
1053
9974
5151
9630
3807
8811
2162
3245
7428
8586
8338
6495
4333
8704
466
5949
8136
3700
6824
6063
5321
7431
9467
9055
7160
4428
5311
4083
159
2254
4798
5908
1285
1454
94
7359
5027
7722
5664
4379
2939
4311
2880
7225
2740
1362
6859
6458
3255
2843
8117
7770
3550
1082
3838
5424
9443
3517
3550
77
8247
6183
1822
3120
3088
3747
6248
6301
1419
6409
2415
2383
8462
9898
8808
9838
5224
5946
3706
2172
2462
7130
2970
408
6515
1776
2339
5412
267
1742
381
5316
2683
8312
8516
2121
3325
9200
2718
689
4059
2716
7421
2837
8761
3482
5903
8981
3235
7827
3039
9896
1817
5929
5640
1535
4142
2102
2841
6593
5422
4261
3994
7481
6260
8487
4317
6773
3486
4911
9248
2774
1786
6637
6829
9882
7037
4353
3753
5646
6123
5394
4770
9026
4784
7584
7006
7277
4553
4935
493
2065
2222
4425
3674
8960
418
516
7994
8300
5866
6798
8811
9553
2690
2210
826
5770
1733
2660
4961
9516
3260
7559
217
6717
9661
4735
8407
309
6809
6567
1869
1241
7566
4729
4270
446
8612
922
2421
1704
2248
6179
2697
1997
8113
1892
9040
2899
5843
1607
858
3823
8652
3773
8130
5548
9512
2141
7980
332
6155
2344
1626
3141
8492
257
3150
7048
2181
208
1856
4681
5087
8834
8100
6783
9140
3451
8441
8357
8713
2148
9718
2701
8065
6530
3217
3688
4599
7001
9500
7053
1763
4802
1647
2181
5235
4634
9672
6887
8721
6613
1712
9040
1185
6588
8207
518
5591
9349
3740
961
355
184
7471
1038
8640
6380
7167
7560
7314
1779
3714
5662
6977
4300
2697
6464
6781
8464
7141
2206
2949
2375
837
4612
7881
1374
4786
6470
7520
8625
290
800
8248
6264
914
6828
1014
9439
2178
7013
9609
9524
2180
4812
2057
2153
8567
8576
8930
287
7274
2968
77
2489
6284
5675
1725
1812
3272
3795
9204
1280
9487
1275
6646
7780
3425
6032
3939
7396
6980
2979
2932
1693
3608
7096
9424
6270
2732
8868
4844
21
7164
2964
1677
5966
592
9863
9666
2277
357
9269
5642
5165
6670
3640
8386
3662
3176
9920
1401
24
5364
7648
651
8472
2693
2028
1400
9289
7496
1256
8110
4911
8739
8413
4052
9595
1557
9584
2730
4473
4077
1511
1545
5362
1521
4043
9194
1579
3844
4937
2237
193
7202
7128
2994
1603
1459
1517
460
9207
5643
1507
8295
7973
730
9068
9105
4202
4512
5939
2200
1507
6399
7717
2833
6069
966
3068
4492
7636
7830
5045
2259
1374
1977
6614
4474
9698
3090
7850
1967
2521
4591
8030
9002
8947
3132
1819
7709
3408
7097
5134
8304
4456
8310
2886
627
4988
4574
7773
8702
8568
1961
6585
8868
7653
4806
8052
3825
6070
8273
4170
9425
9858
3038
5170
8425
7740
4164
6793
5576
4892
6538
7397
1390
1445
7406
1546
7746
207
2460
6235
7057
6440
5715
5627
8176
6240
4969
307
6432
9049
4033
7451
2215
4113
114
8996
2411
375
9735
5966
1622
4145
9421
8395
5612
9217
7978
1988
7698
9585
5683
4590
9904
5844
1925
7823
4625
2479
6928
1828
9261
4806
5074
3979
5845
1082
7032
5594
11
7436
5408
4256
8843
739
3967
3150
5108
7203
3599
2990
6175
2638
9147
6572
9514
3595
9995
761
3105
7353
3857
5814
8295
2679
7613
7333
4692
2595
1238
1857
1539
5020
858
3135
7679
7078
4811
2455
2686
4100
2216
3049
5049
4922
7003
5554
9384
930
1616
8820
3575
7503
3667
7880
8461
2989
5720
8859
7244
2155
3061
8775
9129
8177
6841
6726
1886
9661
271
1789
1002
6936
3733
2104
8863
4920
547
9093
6047
8205
8972
523
8178
7729
7531
6223
6064
7366
157
649
3850
3071
4865
7229
9791
6866
4651
414
6903
2843
2130
2734
6242
2649
102
5772
3829
3424
8620
5965
3380
2089
5460
8388
867
6005
909
4288
3718
1572
9713
1025
6957
9092
2697
6280
967
4395
8087
1941
723
5095
7907
6889
4307
2154
7911
2072
9319
5423
513
5713
9405
5267
8897
1284
9517
987
7072
5935
7780
819
5046
2508
3861
7541
437
3959
8591
8372
7916
5017
7260
7761
5633
2291
9489
6917
3469
651
1861
4485
1362
682
5604
8632
7236
9285
549
2022
3131
3102
8275
7597
5015
2307
1944
4952
6453
561
7639
4151
8831
5416
2221
6318
1127
2324
5660
8032
398
4520
1630
9642
52
562
8717
5986
6782
1023
6047
1659
8560
5977
1337
1993
5523
5290
6424
5203
2747
4433
5193
779
8921
9589
1472
4139
7775
7141
9946
7783
9716
4276
1446
4777
9613
9431
5053
1234
2895
3537
3379
659
6219
5657
4134
4512
855
9466
598
152
6606
268
5993
9447
1629
5759
1909
8751
8797
7577
8913
3728
2430
4832
8269
508
128
5292
7298
8085
3215
4636
7311
5504
5887
9319
2299
1402
7510
3960
8583
2772
4754
9891
496
4429
214
7528
4829
593
2030
1566
7248
5261
4621
4649
7186
8570
4124
2119
3818
2246
3366
7742
4634
8406
277
7882
9869
2475
546
9498
564
2784
0
5557
5430
6538
4720
9980
1794
4278
7201
3057
8941
2692
5032
7459
7913
8704
4481
4394
468
6120
5173
9253
1278
9819
3572
6178
1707
1430
2414
1378
536
4791
392
5738
6853
9068
1431
8286
3005
2352
5701
3429
965
8814
5156
6498
3786
8037
4827
4150
4899
6005
7374
8389
1931
3446
2442
5613
8441
8673
4297
4954
6547
8919
864
3411
5710
6245
4841
8807
8169
1554
2862
5408
9459
2979
1824
1231
3253
2972
2439
509
3363
1790
8831
9549
2159
3752
9573
9338
3893
6644
9947
3612
3447
3944
7387
6856
5886
4171
2111
2694
9867
1576
2731
9483
8411
7667
2295
6586
3874
3569
3646
1730
20
9150
4247
7166
3028
5970
9694
9908
5009
7633
2024
9249
8125
2930
3622
2943
4768
4270
38
1996
9426
6322
5348
2822
834
7561
1840
4674
8808
431
1727
9740
8745
4250
2375
3055
8218
8615
8097
9458
4294
4107
933
5253
7261
1365
67
2921
6298
9242
4510
8263
5287
7668
6517
688
2457
1118
3831
9025
5812
4089
7311
7186
7435
933
6735
6274
3646
8490
1670
2358
4741
1532
6163
1977
7564
7795
5708
714
6528
1503
2478
3646
3872
1722
87
353
7896
4640
2334
1315
8733
6887
1281
6966
4815
426
8820
5472
9584
8197
2415
387
7264
3692
123
4724
8517
6957
2173
3709
1683
4136
6411
4504
2958
7584
2723
7519
9344
8851
7187
592
1505
7364
169
4277
9746
3531
3817
3743
5278
6149
3478
396
629
513
4482
4220
7626
5415
376
6047
8711
4338
1264
7507
7539
8605
1182
5228
7749
7963
1597
5004
4638
7144
4063
1152
3030
5325
8814
5982
6067
9075
7673
4475
3886
8389
9006
9595
8157
9697
9674
4413
8344
9366
3938
8239
8202
6146
2091
5282
6495
1251
2225
6034
4218
316
6999
3504
1715
2357
3516
8737
3002
7035
8507
2618
1300
2997
2895
3863
9385
6925
9512
6333
651
4986
5244
2299
1994
5843
4218
2159
7588
7128
1771
5219
3396
5320
9870
664
5908
2347
3456
2563
4966
926
3705
7888
9784
4625
8624
1895
9339
7955
3579
955
3099
6418
4366
8910
5789
6358
3253
9425
329
9713
4064
3387
6385
9334
5821
7425
8075
6379
5711
6874
3291
2494
1239
4086
8829
5991
8275
906
41
3007
6451
2349
1106
1786
5825
7019
2158
646
9079
8657
2507
7905
1654
2380
4956
5157
8150
8580
4849
3601
7110
7299
8882
6843
7847
5915
2937
2570
2381
3423
5255
9802
2749
5295
1099
8063
8938
3898
7741
9712
5548
852
4071
6955
5890
9286
7425
591
711
5967
1340
8423
4951
5534
1829
7444
64
1646
6551
5408
1261
2776
728
4200
8784
3571
6072
9519
9787
6254
4113
8871
2758
346
3316
2540
9520
3164
157
333
811
8005
7938
213
212
1695
3534
3644
7746
8287
1489
6454
8859
1063
6936
3326
6709
748
3638
8669
5674
3827
1152
6508
1828
1231
5565
7332
1768
4277
1551
351
4612
1738
9623
5493
3264
9173
1323
680
93
9242
6874
6373
9080
9640
4328
1216
1173
3480
6592
9718
2093
5498
2914
5336
2172
6271
4348
74
5929
5817
8541
4777
5034
7378
7768
2641
2086
1986
5569
2185
4176
4485
1566
4876
4629
2093
1069
6942
8464
7295
5964
4513
2185
7886
5997
6160
1276
8313
5088
7149
9454
8132
5585
5285
2150
5341
4446
9082
2973
4635
9312
5198
5965
3221
9092
3538
8349
9718
3286
5252
8165
4884
6575
984
8704
6459
409
4132
6972
4212
1278
6654
6539
5462
6163
2980
6090
5791
9242
989
3755
4453
374
7675
3850
9055
5082
1121
7061
9501
7809
9704
7304
6894
5095
4095
8483
9133
2942
7514
2215
1240
3164
4971
3210
5158
6768
2781
2440
682
8551
5480
9505
6465
5984
8498
4667
7655
7195
1396
7897
4594
7419
8300
7002
5221
600
9293
9390
2376
3040
8935
2357
6002
8928
5842
4917
9419
3404
306
145
8297
7394
5315
756
734
9891
9985
2229
6920
7557
3466
7142
7296
8590
1621
1624
8795
7628
8451
9797
9812
1165
9155
4922
5857
8370
1937
6615
9512
575
1259
1905
290
3715
6092
4209
2222
1987
2900
8342
9646
7687
4590
1570
4530
1732
3461
433
1878
1736
8317
541
3327
9667
3320
1885
2830
9087
8931
5356
2510
2785
3310
7079
1226
5196
5948
5951
3136
425
3963
6339
8692
5929
5500
2283
5821
3938
3965
1735
4850
7556
1462
9385
6667
6157
9725
4441
29
5156
2073
5376
513
8527
484
7085
622
8559
7750
7163
7790
6239
5858
7100
4643
7390
8229
1048
3777
4227
5258
9532
7502
9351
9727
7983
1546
9372
1072
286
561
8318
5259
5683
2379
6781
42
3297
7492
1375
3798
2337
9949
462
9745
7581
5982
6364
6430
9135
7065
1286
9587
2672
4826
4073
170
1343
6249
7546
8231
3392
8949
1654
2603
144
7953
6003
1873
7449
7381
6366
3020
9987
2691
3746
270
1836
1750
1266
8199
8656
5890
3717
9949
6502
5310
6922
3513
9788
6733
9276
6499
6278
5046
5773
2514
73
4795
5627
368
4537
1912
8220
669
5863
755
8479
3070
4545
6718
2068
1397
6401
9975
2782
3229
7012
1721
9397
5089
3421
234
6899
4360
4790
453
7488
4263
9322
7411
52
8814
8212
824
2889
522
8661
5399
3407
4790
7037
9045
223
1474
177
9037
7642
5835
7493
4404
9856
8291
9087
1366
2351
4745
5374
7433
1004
7057
1864
8976
5139
6275
8689
6514
9400
9573
8239
1747
753
5588
5820
454
1102
1788
7647
5769
3105
1834
7683
7070
6572
518
9836
731
5543
8790
4852
331
1593
1613
1883
5568
7205
6976
3141
1078
4163
5236
6330
8650
5833
4146
3599
8887
8927
6431
7664
1314
9873
3581
5416
5085
3291
1622
6884
6015
5229
2101
2698
9483
1780
4227
6364
2891
4519
2190
8604
5853
7773
5039
9751
1034
9180
5178
2810
3682
4196
5549
4114
3249
7278
4861
777
6264
7287
4855
4080
5599
2372
3505
5811
7641
22
3348
178
5512
1291
4621
7373
3453
4321
8821
6122
4757
1157
9444
1636
3230
3621
3163
2251
6058
8533
6520
2750
4161
9918
316
4865
4655
6019
6320
5794
8880
1892
8653
3670
8580
4172
5289
4906
2318
3200
3430
2072
3959
9083
6255
2542
5147
2557
7494
7535
4115
8475
4598
8366
3858
9687
903
1738
3756
1664
2105
8728
20
3759
2614
2750
2060
1245
2916
224
3750
3407
9920
3958
920
6847
8487
3294
8937
9932
3786
6970
7157
3806
970
4358
262
7790
753
8215
9975
2119
6927
7445
4541
8970
4574
1475
7460
3519
5809
8807
1452
356
3251
1074
8410
7028
88
485
1158
5682
9624
2943
8271
5841
6472
1309
8887
6184
6193
3296
492
887
118
6307
8998
6534
7317
7145
7062
8924
6247
8002
3577
5181
4480
1366
4542
5516
6087
5563
3090
683
2760
9559
4365
5749
6544
300
9153
8133
9187
8427
8695
8025
5533
8479
1936
2298
6142
7884
5645
8805
7363
4917
7259
6545
5464
9642
130
8631
5107
3354
899
9176
1433
1483
9147
2299
9362
2067
173
1272
3286
6958
2784
8518
5315
5706
5309
2635
436
2730
4719
6916
2531
6824
5661
4942
6057
8290
8537
2739
4372
3090
8305
3708
7194
5275
8611
2105
6468
8645
9046
3160
2068
6115
6875
3147
6148
585
8393
621
7743
4224
9252
915
7250
4058
7516
9510
3803
486
8032
6375
7220
1931
1745
2558
224
3230
9004
2366
5913
7519
1646
9338
94
1454
4605
1854
8023
1346
4205
4719
339
3498
6895
6357
3529
5421
9162
7333
6136
5908
6645
4861
3107
993
8042
9667
7162
9711
7316
6115
7886
8279
5914
3885
6347
3829
5231
9619
5491
9123
8415
9960
4303
7860
9716
3187
6770
6076
9089
5248
5079
8952
9514
7424
122
3872
4570
7076
1421
9994
4250
9962
2849
1767
7648
2474
186
8853
2239
4821
1432
7730
766
1625
1090
885
8425
4739
5156
7955
4980
4154
4438
9440
8745
6814
9997
7670
1920
9852
6015
1601
9704
4334
2176
1727
8797
7932
9790
8864
4443
114
3305
5939
8989
1426
1603
5002
9103
9223
1534
2653
3247
5818
9501
5838
5764
1428
5613
6520
9066
3522
8880
8140
750
6225
1283
8955
8250
8291
3106
7381
9592
5791
1915
2252
5216
6187
2766
6582
2433
3726
7798
6833
1075
2181
9235
964
6168
9925
1010
7613
1029
4003
695
5641
2112
4437
5265
7955
5126
7350
1294
6075
472
5655
2668
2177
4902
9029
6594
3524
5423
700
1777
121
966
7161
983
203
7081
8345
3901
9721
9048
38
5205
1395
9143
7324
7030
6080
4565
7729
4679
4226
3507
5390
9334
8007
8234
3046
1768
5346
5642
6964
6619
5514
7774
969
7662
2222
7006
9731
679
4223
3240
8123
2044
5293
3306
3038
7936
5190
6023
6426
1195
689
9868
3427
306
1091
4052
7494
7705
5771
7941
5187
2674
2273
8251
6905
7459
2181
8181
6246
3925
8633
7772
9938
2057
3662
149
2270
923
5800
4057
2874
7332
8356
9073
4315
7358
6610
6264
6464
1132
7815
3686
7895
1879
1327
3085
672
6029
7443
1429
3793
2421
2619
8521
2284
5120
5604
9789
3497
6147
3730
1623
9496
1584
1118
5088
4591
6906
855
2760
71
5158
1376
2488
3953
4646
3175
1443
2180
1193
5793
3514
9132
3660
6538
3244
9510
466
1833
9886
727
9119
9255
5858
4764
398
3328
4938
1145
3770
1001
6831
8133
844
3319
6425
7569
9242
8282
8010
9852
134
6146
6993
9503
8851
2451
4245
8447
9506
6016
1121
3739
1336
8756
6381
8756
6618
1767
9804
2095
7429
7382
1083
6350
1280
67
6778
9781
3678
9983
2533
7433
9095
1761
2572
4742
434
7658
3537
5837
1149
8604
5178
829
3418
8870
6076
1210
434
103
8627
151
785
8265
3853
4991
8151
2690
3253
2456
92
9880
1859
3294
5575
5956
3956
1903
2087
716
510
8269
9627
3178
5222
4058
741
3144
4388
2080
2830
5855
4215
8488
1420
7129
8126
71
816
4486
5716
4782
1631
5747
4476
2239
3030
318
5206
2373
1237
9967
2097
4605
4815
5281
8874
6990
1572
1177
3111
4598
1531
9857
1845
9112
5358
2437
2952
7035
7875
1079
8416
2261
1841
1927
7558
9813
8065
5417
590
1494
4069
4564
5442
918
5057
3760
3693
4938
7706
279
4681
826
9448
8219
364
3731
3322
9915
7357
6937
1242
2997
6715
8206
6550
2233
6500
9110
135
4022
6938
683
3036
7998
3062
7917
2484
4599
5153
7713
7599
9617
2966
9712
5628
6794
5798
7124
9498
7322
6766
5127
2721
767
6319
7732
8249
5349
6966
75
3740
6806
8492
2048
6870
4118
516
884
838
7263
7123
4860
2000
6868
6556
7652
8701
8133
7448
3011
2790
1730
1915
2428
3074
2499
5004
4253
2982
2729
9422
1314
3125
569
4267
5511
3088
5663
6570
2103
5794
3531
4843
3409
2092
7364
4558
1540
2824
958
6501
2418
583
9300
266
8817
3597
3976
6845
8476
9728
9000
6185
4401
9474
8941
7897
8424
3006
5282
5863
5793
7785
8836
404
8115
123
5750
4883
4329
6134
2116
7129
4551
5002
7552
9926
9611
187
1240
8943
9891
2285
4860
958
682
611
5604
9993
7688
9248
9061
4073
5538
7320
6102
728
4206
2538
128
5036
3087
1689
1047
92
165
1669
145
6061
4146
9919
5683
659
771
3659
2479
874
585
3194
9998
2992
4375
5753
2552
5584
4220
2807
2082
8042
2621
5622
8710
5412
9552
921
6745
8847
7428
969
4152
9814
6957
119
1630
5335
2662
2943
3399
1037
5423
7412
5537
8517
845
288
9292
3651
6449
879
6199
2864
7761
3625
8971
5085
3191
9579
7223
8145
295
1803
9833
9718
1463
9930
6431
4528
5377
4706
8937
1561
1704
4187
320
7225
366
9455
1834
3065
3498
9211
1877
9473
7729
9405
9294
95
6753
6179
1473
5138
9377
7853
2914
5614
6147
4391
3049
4738
8496
875
3083
7113
7936
4864
348
1164
9231
6203
5269
5321
731
1848
388
3892
7074
7556
3122
4246
4330
2947
3929
2980
5306
6337
9358
5069
3237
1006
5145
6632
5352
5123
7897
8954
3934
3416
5232
8623
1382
9839
3252
6285
7535
7021
7179
4368
2039
49
5614
2390
1912
9274
1432
6936
4611
9275
2644
2287
9889
8817
4666
6779
9529
9752
1419
9478
2624
1135
6408
1489
5524
8531
6529
6354
9756
7474
722
4348
8300
4361
2786
6225
441
7656
2694
2978
8079
7241
3541
9528
1869
9974
1938
1873
3858
5074
8060
9255
4355
3833
7852
5099
4745
4327
3961
3131
4623
3286
3840
7956
1214
4116
3170
2579
1373
2143
255
8896
1630
5630
2383
1025
9732
3814
8248
5465
1908
1304
1506
6573
3702
1538
9287
592
8640
657
6049
6583
8189
7189
7556
7976
8561
2213
1958
4206
4728
9290
4953
7894
9686
3413
3845
9399
7506
3423
932
7191
1981
2938
119
9474
8773
691
1904
9767
7923
2348
962
6712
5253
2396
7421
6327
5790
6465
7655
3076
9653
1599
2882
4699
1035
4399
4219
4573
3873
4718
969
4497
3607
5640
4837
302
3016
8842
6568
2430
1552
8132
3057
3719
1799
2919
2360
7043
3760
7735
1233
6164
7475
3470
4856
4164
7208
993
1187
5191
5851
8013
3063
6873
6538
5626
9574
2738
9526
1853
4532
6255
6343
5653
3911
669
9925
6393
6003
1750
8988
564
7773
3744
7257
9645
8374
2370
3339
458
6100
2534
4974
2095
8232
2578
2241
1551
4119
1345
7850
3586
656
9130
9095
8982
5842
8661
5273
9398
528
7647
6390
6316
624
177
3859
6161
2080
227
1543
3675
8750
6933
5976
793
8898
7870
7893
8893
9541
3605
3296
8110
9111
4017
1204
8622
7936
4488
6963
5283
2998
7983
4528
8802
8047
7205
8489
3790
2728
9585
6780
6398
4648
6687
7972
2053
6471
8733
2876
6833
6084
4467
8740
4390
1597
6300
5786
4022
4571
810
24
4483
4195
5035
3351
2424
2369
9738
1764
3992
4644
1830
5223
3020
4796
9480
8138
9509
1444
5108
7768
7648
3569
3379
8928
3490
8056
3644
7291
8583
6445
8813
326
7347
9965
5587
4442
2802
1633
4152
9265
7358
1688
8990
5134
2830
7967
6295
7893
6556
5971
7617
5841
8590
4297
3836
7289
8268
9884
8343
3630
7170
4097
3381
2010
9460
5047
8910
3761
9915
3747
9070
9592
4561
1718
7340
223
8770
5477
7831
1585
2921
8965
6797
7053
6272
8447
5418
5236
5572
5643
2179
785
6120
3939
759
7421
9460
9420
7238
6886
3733
3135
8663
4925
9801
3555
3506
