5298
4280
8790
4568
3911
2323
356
3039
8622
8266
1704
3604
1586
9160
9226
3093
4317
1664
3266
1828
9946
8615
8088
4974
8808
5501
3944
3420
329
6823
2016
1622
4333
4791
3409
8668
7871
518
1436
7990
9458
957
2419
588
1227
3170
3996
6432
891
1227
1466
8774
9684
9998
2117
6517
9426
4431
4672
498
1782
2520
5974
557
5389
5093
9908
1621
2043
5802
4119
8657
1422
251
8607
2341
4902
4070
6480
9542
2971
5910
1254
5313
7454
2858
6961
5988
9308
2543
7024
6194
5105
8344
5367
6111
469
1551
8552
9143
6744
7039
879
4335
7927
7109
5302
2313
8519
1507
1819
8302
9377
291
1522
884
7836
262
8910
528
473
4908
7251
7666
1670
2518
1779
6090
8866
6960
3365
3811
5800
952
907
130
8405
2127
4130
4687
4057
8143
9783
1474
3840
8197
3241
8436
9200
4853
4452
1142
8893
1866
1828
7260
9515
816
216
7051
3031
1805
9400
3985
7731
1190
7696
8689
4808
2418
1206
8924
1373
4352
2981
8059
2125
5209
7988
4592
6137
9181
9107
5675
2246
7153
6608
8308
6395
2512
8572
2901
6942
8016
2513
5221
9430
9905
9130
4424
597
1002
7534
6798
2511
5418
7577
7146
1642
3674
8972
2319
4390
8518
8769
4290
151
8542
8473
3415
5343
8823
9584
6002
6975
5235
1645
4187
2350
1821
72
246
2239
8686
1910
1941
8508
1230
6501
271
3573
218
4557
6090
8287
6181
3542
7451
6919
972
9483
5251
2726
3862
5301
776
5273
9572
3592
5080
1179
805
7451
6790
3199
8452
6321
1885
8699
8483
5163
6267
7488
5748
4288
9554
673
1359
4078
6397
6794
2187
3527
9841
8799
8078
4046
9804
5611
4863
281
8540
5025
8946
7852
4145
434
2340
3844
2598
2525
5372
9663
8616
8463
7971
7420
5699
5340
9430
416
6123
1697
870
5471
2359
765
4211
9877
2435
1771
6434
8546
3069
1097
8119
7601
6081
3390
833
9050
5530
3838
8790
7507
5308
6701
6395
3937
9519
1961
4787
3316
858
1470
7277
2813
5416
8329
5733
4552
5886
8408
7356
2407
8945
888
4062
5354
6780
5494
4744
899
7152
7711
4027
821
1189
9650
9847
8083
3179
3518
6156
8105
2042
6623
6372
9829
9853
1757
7801
1990
8847
4419
7209
7837
4638
8855
2948
7188
60
8149
9597
8147
996
9741
6965
2060
2817
6625
6474
4385
3684
6238
4424
1003
8806
3575
3460
4226
8028
2429
696
5236
7583
8813
3341
47
5726
3601
457
4184
1111
7226
2513
7240
2198
7858
8776
2221
5818
5922
6263
6177
3040
2021
2956
7974
952
2400
2326
6292
9615
5902
5781
5921
4539
9080
4626
3254
6315
1557
3347
2516
715
2060
1598
2718
4538
6631
3122
1562
4732
4441
6039
6630
927
3375
421
6053
4428
7068
5867
545
9887
7458
3939
6228
9445
2059
7722
2960
2946
3163
3526
6043
1981
6947
7823
117
9982
4073
5847
2807
5375
9803
6987
2272
9858
842
6112
7191
9309
8194
9225
9886
510
168
6526
3352
2915
7310
5837
726
1021
1551
4627
1391
9569
5130
9412
1364
720
951
7177
6863
9687
4973
4652
9017
2849
2938
7769
4588
275
8280
5426
2245
2836
5446
8814
6467
2553
2979
9984
1451
3713
3725
1079
5545
1424
5302
8725
2682
3711
2589
6420
1033
3090
5374
1453
688
3584
8576
1900
1534
9589
9455
3511
9736
3691
6105
5943
6183
1558
4173
2741
3140
3384
4243
9677
5935
2997
596
1645
4988
7722
3178
9157
9729
4335
8509
1692
44
9081
2005
6608
2749
2576
3728
9174
307
3668
1914
1363
6515
9827
3821
4512
9187
5498
1399
3658
3026
3981
78
9458
6795
2868
2581
6947
7682
7862
6080
9067
2306
4858
236
6907
8213
5601
5723
7893
1886
7915
7655
7787
9340
7554
6052
2288
3146
5044
5907
9270
5403
7534
2744
3244
9612
2656
5638
9516
5659
8650
8606
6675
1181
2600
2978
2547
9511
6548
7929
569
9036
9431
3679
632
1367
1342
2056
903
6007
5445
2077
4846
7359
2011
4011
757
5844
8524
3975
9462
8672
9572
2544
9528
7387
323
5065
8338
8671
7800
8442
1657
2104
4853
8965
3973
3591
2797
8460
6797
5973
9977
1501
2378
8988
5190
4714
5814
9190
6880
311
9445
6694
1247
9906
9559
9680
5043
1392
6969
9496
1713
1210
9804
8870
2749
6673
8984
3264
9640
8193
4275
733
5683
9235
1584
8765
1002
2601
175
7550
8648
5263
1891
7870
4395
381
3133
8377
7936
4345
4332
1406
8601
8776
981
8698
4406
2203
4888
8354
9304
3856
4265
2241
9795
2477
6485
8640
8760
6321
7929
8417
1305
6653
1185
4232
4691
5949
1059
1384
2014
3732
7346
5779
7207
7523
4118
9190
7127
3750
2407
4509
5042
3592
5582
3987
8641
1753
4477
1624
4887
1926
2384
6785
3424
1315
8370
9909
115
8008
1095
2722
2280
9215
4275
4780
7688
5418
9243
5330
16
5364
9705
4517
4527
9454
8682
776
9069
4595
7900
1876
7141
1860
5443
5544
1714
9401
8342
1840
810
6986
2963
3548
8402
5241
7554
2709
7091
2255
8109
1139
2271
2502
836
274
958
8275
1926
1000
2358
1724
8112
7292
1352
6454
9496
8383
560
1189
9550
2991
1434
4461
5852
5684
9876
8478
9109
9830
7331
2401
7338
3825
3976
89
6692
7242
6664
5037
340
1418
637
5733
2065
4592
640
7921
1802
5189
4068
6389
6194
8065
6010
7785
8437
7641
3691
7738
8181
8715
5670
41
4047
430
9392
3071
8453
1416
9205
8740
6871
4425
5797
2267
1370
6909
7153
6852
1373
9950
601
5948
2918
1712
5285
7200
1381
3148
4498
6418
1648
3081
7695
6917
3988
6985
2747
9474
3529
8783
9978
771
6150
7836
914
3704
3874
3876
6289
1206
8361
1151
9824
6359
2010
9247
6581
5455
2346
2169
7272
7425
6845
9125
2798
2579
2184
157
6526
5960
4011
7289
5316
5773
752
7151
4157
5338
7734
4214
3426
7806
5939
4679
2242
6468
3101
9862
6148
9929
3509
4438
2484
610
6889
9363
2153
7123
6057
1402
2266
5883
7617
1298
99
5014
9953
340
5209
4062
7982
820
3155
6333
4690
9222
1244
6777
5358
2335
4019
7248
1561
5479
3758
2702
8501
8969
9196
6439
1071
3613
3842
9847
1139
8556
3850
2258
992
5113
4183
9547
5606
8355
1001
5823
9490
4165
7642
1254
2186
3247
1360
404
228
5131
8048
9734
2326
4615
2601
9955
8860
272
3262
8760
6392
9658
9345
2132
2829
8697
3036
7923
9116
3333
7657
3656
8892
9998
6711
1640
8420
7693
328
8376
5273
8575
8293
1980
5758
5803
1760
879
7867
7099
8956
9395
8658
3
3712
995
2408
108
9486
7964
8619
6707
5710
7053
7012
1211
7733
4251
27
2496
6424
8247
2007
9862
8594
1385
8259
8707
4765
8945
6477
6203
6567
2443
7637
4263
2033
308
3414
4934
3426
9768
2391
8956
8873
7072
7913
1695
6036
9292
6301
1918
3342
9825
5304
7932
1868
1494
9187
2511
8879
5654
8652
2734
2244
3070
893
3347
3456
2506
7533
2604
5846
5937
5948
7677
3708
5098
2490
2645
7536
2656
4561
5876
329
2759
2102
5146
26
9888
8111
8246
3521
2025
2067
4032
8429
3976
9797
3856
9788
9359
8212
6164
240
5263
3620
7668
3858
1839
7855
2957
5776
237
7347
652
2032
6163
6423
8306
6630
3112
7638
125
5742
8831
8742
1275
2153
948
7982
54
6606
2852
6919
4554
6530
8903
2622
3521
6776
8822
9221
2132
1471
4731
2119
2105
857
730
6872
2184
2064
4109
8735
9389
8203
9348
8179
3634
5823
920
2286
8329
6858
8545
1903
7384
7479
9069
9627
4706
2951
2384
4287
5673
4545
4948
3452
1389
1819
3357
6655
5546
1198
2151
8550
634
9653
4600
2996
4921
515
2528
6197
4151
6965
1446
9455
2209
7605
200
9839
3159
7640
167
126
2987
8673
7616
7737
3161
9897
4256
6086
9678
3554
5270
734
658
7913
1097
7064
2738
1765
9167
5805
1541
5426
4381
7662
4301
4601
2652
8562
3372
5093
116
2562
7785
8323
1685
374
6295
9887
6583
7596
9411
5972
5189
8264
9795
5345
1087
6136
131
7859
4549
8246
5032
3924
8861
2677
8930
3248
8876
5276
4980
5282
1965
8063
984
8297
5140
5473
7098
8758
8547
3244
6645
7779
4757
8765
5753
6840
5295
988
9736
625
754
2651
4130
925
8452
7468
6135
1831
2100
209
7848
3134
1241
8123
6105
5773
4302
8047
5017
499
8039
4725
6376
8450
7876
2334
9952
290
8168
3052
435
8723
8796
3592
279
7782
4646
3084
8001
1059
7510
3405
9661
252
5749
6142
7174
4842
5636
8714
858
3480
9742
5882
5224
7778
1937
1859
6361
9568
5621
2548
6499
3438
1672
7031
6323
7344
5226
2414
8434
5474
5933
6302
6009
9150
4573
6820
9123
3552
61
891
7494
301
4758
7714
2451
8536
2748
5844
2839
10
5279
9120
9247
6967
9920
8766
8469
5052
5139
6445
5439
7374
17
5800
2977
9978
9566
8033
691
3451
9752
493
3081
149
2721
5887
3494
1649
1968
3729
4970
6389
9223
4976
1187
3217
9679
5377
751
2549
9863
3025
5890
3225
2914
835
2232
9753
9346
5222
9824
1623
7449
8129
6771
3646
6420
743
5987
3854
7038
3715
2402
3396
9231
513
2675
1086
3243
7675
1990
3777
1277
8118
2810
2579
9462
1454
8613
4085
5790
8279
1573
5233
8263
3799
6921
207
8916
9811
8286
7870
3612
3083
7684
8618
4526
2461
1060
266
2116
6651
5260
3588
6030
9567
5146
9486
9865
379
215
1405
3028
929
8497
8567
3983
4094
1813
7894
3164
2814
495
5062
490
1020
7605
8015
2019
4511
2337
9522
2575
1918
9849
8840
6409
3355
41
6418
5876
7090
979
9699
8935
2615
3564
2571
9883
1890
2857
5767
4127
9181
7992
607
7049
3938
7031
3901
9050
456
5296
7492
3717
2665
5723
2008
3712
2362
7613
676
9477
4388
5781
5730
9130
2884
5549
6897
4028
8547
315
8736
3401
8058
7454
1162
3172
3298
5244
5421
8638
9818
8172
5973
8026
1099
488
7280
4112
7623
8230
3312
4064
7474
8018
6768
3466
8271
6936
4437
9081
8606
1504
4921
6330
814
5380
5028
1685
5932
4780
1531
7218
5990
7798
5717
4421
8393
8855
9167
7029
2095
2281
542
8124
5516
9698
4823
5024
1685
4318
8370
6608
6986
1516
5499
1628
6053
9123
4816
3284
6864
2763
6474
4894
6868
1251
4715
3817
3135
4599
3601
5998
6908
2459
7665
1421
5726
4025
3369
1612
4292
1296
1700
3889
8681
6427
7059
3495
7126
408
2615
3971
4635
4749
7761
8173
7986
9
8993
7184
2276
5024
1543
2040
133
8529
5476
3674
9929
488
6571
9751
9900
3884
9299
3218
958
9011
6460
6238
2136
1360
7654
4978
9123
1060
6648
5217
8147
6594
5903
6095
4574
7928
5086
9530
8035
4610
9182
5741
3636
2452
1020
1179
1845
8401
2445
3717
8055
6954
8177
1391
6450
3031
6475
5210
1865
5623
1114
3584
7565
3726
9911
5794
6544
1062
6053
4565
8836
8943
9821
3301
7616
7240
9956
1836
2376
1882
5865
5637
8375
3565
4161
7334
7710
6425
5591
6164
8881
7307
1343
472
8496
5975
892
743
904
4096
7109
5834
8974
6173
8176
3034
1970
8726
9998
3364
4538
4968
7278
7166
4188
988
6189
1408
3342
6020
6657
9372
5996
3761
7697
5465
8369
3908
4916
2683
7522
3080
5359
7989
1865
2121
1191
1302
2703
2421
374
7098
6556
7315
9432
3739
3823
5921
718
4540
564
5800
4135
6325
6659
7754
1200
5774
5428
742
7545
1192
6866
7407
8451
7512
9158
1061
887
5333
792
3060
4646
562
8724
5489
4647
9839
6372
7819
6242
8359
8898
7772
5459
907
2273
6011
6513
3985
6862
1493
9618
6737
5947
9279
3183
1082
4500
5494
5777
6903
3764
4692
4943
6465
2787
3368
1857
3309
8878
9617
3139
4816
5180
2998
3703
4329
5006
551
7412
8300
9441
4626
5547
6237
6769
5663
6604
6451
9792
8424
4787
8514
9766
3266
8687
4187
3823
5043
6147
2154
6042
937
6029
8302
1066
5119
2745
2557
3125
2524
4772
5280
2651
6207
4105
1112
7277
2763
9621
5806
3950
8132
3664
2077
4135
1719
7821
3785
4633
217
801
3851
2413
3799
8628
268
3048
6377
4933
6244
8809
8552
7038
5097
4329
6553
1718
7847
4800
2974
3095
1641
4166
5456
3900
98
8476
7564
539
2477
2624
2107
1836
7155
7091
842
1098
6346
4957
6146
1254
3165
8478
9564
3208
9266
8797
9381
8257
1043
2003
4352
6453
5129
9665
3559
4141
9354
2227
2981
5513
3640
9193
7843
5048
6405
918
6029
9905
5963
2978
1952
3995
3146
5608
2133
8312
901
7496
3458
5325
8977
5334
2572
8788
6984
7969
212
4108
7076
6736
7400
8624
8308
1609
1370
5548
8330
6180
7864
168
4467
3157
3002
1915
5495
6062
2320
1387
7451
2124
6757
7055
1658
5967
5394
2459
839
3652
2565
1013
9632
1834
2592
2186
9158
7405
8846
9810
1357
8804
5101
515
7739
1412
6206
7905
8935
5906
2003
5959
5947
266
3098
3393
1383
3254
9623
9202
9107
9601
4423
8470
3709
4903
255
6681
7011
1256
6546
204
7416
3052
4965
439
9319
6043
4708
9159
4036
1733
7722
3021
747
3535
1307
5897
5793
669
576
8726
1356
780
6020
7917
9993
2453
2104
4981
9822
4366
1256
2044
6249
8723
3853
143
19
2738
8906
9836
8146
3485
2013
6508
3779
8199
6861
6021
3432
4256
4041
9823
5175
484
6299
2528
9350
4189
2458
9082
4179
6355
3183
3125
2216
845
559
2905
47
2091
9978
6229
2822
9777
7250
1281
7285
8322
6042
5910
1800
3579
740
3966
9543
9102
7683
3630
1512
9589
3326
9327
9289
9640
1346
5763
3598
1877
1978
9923
3623
9601
5910
4431
3763
5715
1976
3601
9067
1398
2583
1691
7915
5166
3296
1416
702
5376
3353
9622
6254
6972
1998
6140
3482
6323
1481
1343
4411
6403
1324
7670
6099
8192
21
498
3239
3225
9749
4110
227
6482
6825
9261
1363
8456
5692
9825
520
161
7020
7386
7075
5072
1131
4251
3198
7573
6443
7350
8704
8330
8839
7752
3580
3215
1987
3117
5028
3869
473
3308
5415
4828
7358
2581
9860
4250
5234
5338
7366
2683
5204
6207
7385
7111
1338
9426
4482
5512
9100
6918
7372
588
5010
9255
5039
9964
1365
8774
1841
4169
4240
9533
5574
3024
5182
4468
7307
5653
7016
6197
9475
9303
2009
4185
9183
7369
6275
7693
6981
7602
7742
867
7460
7323
6279
3603
6941
3678
3622
9417
5258
3433
7667
9438
3178
8625
350
9881
4345
1528
882
8847
819
4772
6396
7156
4238
259
228
7075
438
3525
3975
2245
3972
8596
3256
1912
359
2061
8659
2621
8160
4070
2732
971
9984
8289
1120
1718
1415
2435
888
6537
9478
5993
1961
106
7772
1896
8203
1815
3682
4572
3121
3371
4173
7582
1435
4840
594
281
1834
4259
9656
4421
8116
8853
7270
8409
5607
9102
4311
9087
7265
422
8504
8282
9207
1083
4642
4173
8514
9105
6127
5526
7125
5372
4400
265
4401
4942
9293
8490
7491
3663
2519
4073
3037
2556
8583
8254
5932
8174
2239
3289
884
3171
9294
4125
325
7620
8022
1329
7867
8318
1763
9046
9948
226
9368
7636
9549
1524
9071
1825
4985
1294
3119
1687
3588
6781
4980
5596
4873
5387
8372
1391
217
5067
7459
4439
6463
5647
582
9027
8954
2729
5652
2554
5471
5305
3973
391
6294
7998
628
2922
7203
8904
3848
5318
1579
4438
2775
4851
5015
3290
2908
234
798
2611
1193
2333
7505
906
8171
5919
535
3751
2921
7618
7896
413
7603
6127
6784
1732
2366
6928
1594
2204
8059
5236
5870
2125
3782
7711
400
8828
8628
5596
7193
9628
2140
9366
4348
2870
6001
7725
30
7660
255
1836
4645
7329
945
9039
9112
6406
2514
9004
3695
6034
7491
9253
6210
8104
8058
6278
680
4125
8948
3139
7452
868
8765
4307
3672
1156
7326
3802
8604
4826
9895
3225
1759
1846
5286
2120
3032
6865
3743
4343
3151
2019
2207
538
9579
2780
9150
8701
7763
9778
8480
1860
84
8108
2223
4396
5222
4445
4623
6216
8758
1435
6128
7098
1801
8315
4326
1856
8168
6472
284
671
2246
8746
3022
7947
9021
1683
1834
7309
4966
650
6088
34
3508
8761
4730
9103
1575
1895
3276
1315
4414
3727
4285
5459
4257
6682
8480
5421
4729
6963
7552
3266
6926
4424
6433
8840
4982
943
2368
9246
8667
4158
441
3661
8025
6973
427
6387
426
7055
7757
3801
3504
4717
2231
8878
8433
2034
1689
381
6724
798
4259
2460
323
2049
2056
4404
9152
5267
1224
9608
2451
1067
8076
7417
278
7233
8754
1458
9354
4287
306
3304
3058
3428
4362
882
8856
6635
723
6884
7668
6017
7040
3652
8783
7075
2553
7478
799
8424
8344
7075
3765
8777
3948
8100
214
469
318
8032
3102
7677
2114
3451
6793
6615
8098
4838
3180
4469
6987
2363
8805
3593
7564
9820
392
7575
6064
2872
5610
6216
876
2045
3065
7118
4492
575
545
2661
5259
2098
3353
2454
7006
3441
5198
2999
2878
3337
2577
8285
832
8727
9810
7282
2162
6526
5996
6911
1142
190
7024
1963
3423
7272
5468
6639
3175
6224
8716
5935
4124
8171
1001
8902
7620
2115
8125
9991
1653
78
4646
9130
8359
2067
2011
5984
3939
9429
2733
8898
4181
9156
76
4475
783
1001
4903
9398
8557
3890
1365
2172
1234
8055
931
8782
4089
4532
9874
2923
4881
4258
8807
8398
725
4844
4096
8588
7398
4293
54
5468
9350
7430
7731
8538
3197
2597
759
2257
4845
3330
1285
9110
552
2105
9294
4244
5224
1037
6784
6777
7022
7449
4207
2363
5951
592
329
1331
5555
9501
8252
6842
1023
934
9722
7885
4092
687
7037
2668
4950
1155
6888
8950
4052
2979
3279
9241
2197
8835
7319
409
5529
2987
115
9229
3227
1115
1261
7652
9560
1057
9482
4188
8712
6676
3889
680
322
3790
4002
6968
6043
9283
4168
9455
2592
1908
3390
3451
4717
6063
4654
3284
2345
7860
8827
8663
9721
6180
6946
540
819
103
1292
4795
4498
8067
19
7495
4917
3454
2329
1166
7615
5883
1164
7555
9278
7447
8225
8688
9719
8366
1769
4699
7897
7085
1062
3842
9883
5721
2649
7394
5609
2925
2645
9733
2961
2748
6178
1786
2324
9890
9759
4240
2030
8826
4923
5454
5338
6740
1745
7822
2539
7960
9029
5517
7589
599
3867
5990
7255
4531
7062
7372
2197
3464
2447
4022
3615
2910
7554
2875
6152
107
244
3923
7581
1625
961
9230
8485
9279
3055
6189
600
5216
4279
2388
796
2642
1015
1420
8774
9459
3018
1246
464
8327
570
9299
5839
8117
7793
1428
9417
8545
5600
4993
4051
1893
5229
9938
3794
3160
8674
5515
9592
2723
5426
4486
2359
3640
5903
1077
1581
9111
701
3758
4017
4292
1376
8979
6304
628
2839
7430
7284
213
9659
69
767
2278
8574
7216
7065
3849
7317
325
2155
1865
5532
2731
6581
4592
6957
2577
2326
6046
3360
8467
4816
8324
9748
5927
8912
3219
7267
669
2314
6323
4916
2901
7154
3921
3700
5387
692
5436
7165
6863
9058
1891
398
1520
3715
3954
5530
4746
8977
1471
5524
5111
287
81
9611
2620
7221
9506
3125
3710
2206
2420
1681
4155
5797
2397
4637
2064
2039
4398
5642
4507
2882
1488
8654
2956
8966
7025
6303
4668
5124
2442
3711
9454
2943
6924
4957
3815
9381
6767
1273
7375
40
9026
9730
9712
7995
6164
8696
9251
4300
5858
1691
9685
4204
2855
4347
3576
3978
7828
185
7218
6788
1556
9643
5640
2505
1427
3373
1715
5564
1263
5217
8723
7025
4766
2454
1456
1817
7512
939
6949
9875
2346
549
2289
274
8273
2026
3580
835
3499
9712
7108
1725
9154
5960
1052
517
1389
2065
3633
7896
6062
7447
1527
7740
2005
3512
561
2659
6005
1136
9257
6235
5055
1022
4596
6199
9178
4334
8557
8548
1171
6950
3427
1236
8015
4431
3659
7472
2340
6384
2161
2887
1362
8279
9251
7880
4988
5978
3289
6300
4435
3233
2979
4296
7606
5261
2679
8628
7732
2093
3718
2055
7354
3894
6679
4469
553
6667
1874
2423
2554
850
7833
6366
7309
7190
531
4499
468
3992
9276
4463
7266
7312
8725
9280
2302
1038
326
1927
899
6894
621
3712
9829
5370
8331
5232
8518
7337
6904
5107
556
2678
4294
909
9325
6656
7155
8754
843
6913
2325
2865
1579
4052
4513
4093
8893
6520
5453
6865
7013
6183
6398
7288
2023
4432
2845
1293
5187
9874
7605
564
5135
7807
5962
5773
5926
8489
4537
1150
9794
5968
3696
1777
524
1698
1877
5190
5834
7543
9024
1796
4853
850
5491
4461
9900
265
2227
6191
66
4696
7839
6254
7850
9417
8200
9328
9046
2679
4697
9282
414
3400
7899
9083
9264
5518
4466
942
4042
7393
6464
6336
5214
5315
3871
3806
1344
8585
3063
3541
6088
9914
6321
1680
8044
8964
9975
3985
6859
8726
1743
8084
5847
4123
982
5832
3423
9767
9152
2510
3159
9074
1578
7553
4978
120
5773
2299
8043
4540
6062
3842
9307
4545
8977
502
348
9699
9031
3634
9101
9482
9844
2568
2423
9868
1325
4298
33
2155
9630
7210
314
91
2962
8638
3692
7012
2924
9300
9874
8107
8097
3782
1094
4227
3796
5159
4698
2694
9548
3568
4893
7488
3714
3071
5289
5836
2929
8534
982
801
2520
4384
1374
9717
2924
96
2631
6534
6267
3057
1789
1999
6744
8043
2840
9431
8186
3990
8839
5372
2314
2921
3062
3811
1586
2996
6546
9848
1208
7430
8963
3703
5978
3769
4714
8777
8897
3423
6379
8113
195
9693
3200
2058
7328
3614
3150
6172
8821
847
3337
2526
7388
9597
4965
9384
693
9062
5887
3995
1280
273
5915
701
790
6368
7469
1917
7358
7288
6897
2646
9276
4705
9861
159
2458
6591
7539
9226
4002
7223
9089
9850
9267
7701
9809
8841
5246
4041
3725
8787
8757
4796
3979
7933
3983
7815
4300
2382
239
6215
95
7589
7484
6956
8255
9613
4072
1486
631
7840
8508
6863
7332
9959
4550
7472
2476
6857
6912
2009
6833
9806
3036
7742
8938
4805
4925
4246
8649
9292
3850
1766
4906
4545
9923
5167
2478
3061
7975
3035
856
3943
947
2887
2153
919
2108
7713
3843
6985
7793
6084
6478
6856
3093
7916
6167
3452
3929
670
6499
7415
287
6219
4857
9352
7062
6916
3625
2880
884
502
7647
2863
3613
7409
5499
7272
5745
726
3605
2993
5904
8676
9052
5612
5771
1745
9082
697
3356
1837
2638
9444
1356
8756
2142
4669
1460
128
1672
4080
9966
4490
1138
6539
4835
3655
4686
3557
9369
9739
5597
2705
3154
4224
9214
1771
6570
1330
83
2522
1221
5605
9415
775
4983
4136
4193
5067
6992
7072
9865
9708
4880
6241
4360
9231
3837
585
2411
340
4654
8842
5619
4336
5821
4449
5516
7700
2942
5009
4008
1020
7292
8811
8000
6775
4131
3885
2756
4615
582
852
1600
8744
2316
9448
7939
5737
8086
8
9259
2739
1210
5415
1753
5331
7530
6089
8545
1594
78
407
4070
3870
1699
5643
2144
2565
8221
9973
5457
6968
6430
4405
9812
6503
3041
4562
7295
2103
3149
6202
8712
1446
9243
5062
7189
3701
4737
1151
1554
9117
9204
9999
317
6289
6033
8502
4443
5293
7041
996
9880
7955
2741
1991
8857
7538
1434
5593
2333
8836
5042
8038
4665
6256
4729
9042
5547
1866
4702
9649
3598
7557
8365
9161
567
5503
6952
1379
5089
8907
7165
857
136
667
950
3192
8896
1037
7531
9422
9650
6618
5091
3592
1428
2090
7071
4201
8699
2985
5970
4853
5169
2477
5721
6731
3864
7703
2284
5717
3137
1432
873
9953
5938
3046
7456
9400
2785
8725
1565
7608
7224
4518
7276
7269
6240
7522
9275
5403
7090
9803
1349
1030
6328
6865
5340
8061
6422
7515
9629
8787
265
4748
7559
8848
4169
7970
7846
2817
5453
5264
1008
689
1615
707
8094
9421
4279
5805
606
461
2561
5980
3388
3689
7346
2783
5481
579
71
9957
7465
4552
7028
6860
7653
4462
2960
5844
3626
7947
5791
1153
108
4994
7662
5669
8905
8464
6170
8392
1763
7570
3672
9937
2358
2325
1831
5517
9392
1843
3207
4905
8751
7039
1621
6679
9036
8749
8256
9686
1449
5588
1035
8129
1935
1948
678
7911
791
5502
7995
967
2537
5240
3524
1186
6726
5664
2368
229
8601
95
4238
4056
7027
6204
1142
1292
5954
9880
2893
2715
4844
9328
3654
7068
2920
9878
1151
2184
1904
1440
3803
1969
1983
4721
82
9176
6138
9407
8653
1109
8703
7325
7529
388
5023
6308
5346
5743
437
5923
8168
8441
8442
4540
729
8384
9895
8321
1938
187
7326
6609
622
3612
1083
4946
8993
4623
6894
6471
8127
3021
7652
4817
1854
127
5760
6781
2908
5303
6211
1027
7914
3249
4708
9877
5843
4930
9637
4828
7966
3786
1417
2880
5965
5420
7915
9950
8915
3355
9930
9740
9109
5657
6554
1218
1339
7206
6152
5591
183
250
5118
4101
5066
1491
3167
1260
3463
7398
903
4275
8424
724
2672
8287
7842
242
5313
8811
9334
2644
1294
7301
6435
184
2958
3082
8914
230
3110
5117
2463
3141
6030
9997
742
3071
2134
8381
5825
2221
8979
665
1464
2833
1071
4144
7269
2788
1039
8079
889
48
5124
195
9589
8400
6645
7938
2253
1940
2150
513
7741
8589
6266
3195
5808
3534
2942
3689
2320
1970
2715
1437
1398
6752
7937
4665
3280
644
448
6704
8192
4746
9128
2657
3339
4377
7919
9839
2228
1173
8489
583
2968
5538
5507
3977
4953
6654
6669
3890
1378
8259
4069
4273
8396
7134
8285
9084
432
7804
1652
3473
5152
1380
2565
4860
874
8618
8402
7421
3854
7327
654
1145
2811
2039
2211
7114
3263
9522
3370
3939
4854
7142
146
6404
678
2361
5681
6272
8820
695
3185
6939
2800
6386
6716
8163
9433
4704
4318
4461
9735
7323
6586
903
918
2525
2532
3049
5290
133
3802
3533
4908
7014
7741
6415
9218
2759
9588
1857
6582
6700
4175
7851
9602
6839
7871
2852
8448
8445
2292
2931
6014
5068
2238
9814
3673
7585
1735
1574
6625
7474
3655
6106
3397
9012
378
8557
4939
1308
5228
7843
4914
5183
7001
4090
4294
1788
2802
8383
170
9529
7635
8559
816
3418
2684
9960
6459
6242
8110
8015
7973
4115
278
325
3754
9915
7854
9545
8407
6855
5928
4732
5574
1020
2468
8098
1192
6092
6744
6130
2810
5677
5137
8878
5199
8642
5720
8915
2414
726
9390
1910
1723
1290
1912
4082
5376
7545
8275
7874
2035
9830
7978
6137
898
615
7468
6808
8024
6761
3873
4626
6172
9286
2358
3792
6602
7381
7969
5615
3695
3751
1666
8197
1020
6493
9411
986
508
8666
2604
5618
4772
455
7983
5909
6303
434
5145
4079
6246
1792
282
7310
9788
6588
5422
8626
4788
6117
3481
8725
5235
8290
805
889
1337
3561
479
9365
3625
9387
1696
2741
9307
9459
2718
7748
5302
8026
7566
5625
3868
1508
9465
2766
3549
9293
7300
9683
294
3131
4843
7514
1004
9850
6364
9260
4549
5261
6393
3749
3322
8058
5840
3903
1764
1291
1478
7328
7013
5550
882
6449
773
2395
291
7474
848
8743
8612
2306
5379
2966
6774
5216
2768
1247
8004
6524
5506
8381
1233
8875
6694
675
6803
7766
3897
9832
936
6915
6165
5800
2997
773
6542
3441
7483
1047
4205
2562
907
1428
7470
3395
2237
4906
1349
9884
4413
1018
1100
1319
3611
6173
6224
8779
2369
8800
7792
6608
2494
2484
5612
729
3732
4470
775
4971
4598
3983
3410
3807
2462
4633
5108
4878
1036
7865
387
7522
4715
9884
1844
4164
899
2765
9165
9854
3380
1591
3060
1505
2135
3339
1343
2475
7494
9995
5915
9990
9505
7902
6153
2617
6569
7710
6398
2526
923
4452
2593
2558
2387
5248
5939
1293
5958
2957
9428
230
3277
7647
6535
5977
2781
4235
9987
6891
8438
3817
2565
8015
2363
8293
1160
362
2330
2712
9955
567
1202
7469
8519
4803
1680
2907
5851
6451
6365
2233
1964
484
141
4703
4474
8765
9142
9992
8828
9561
8136
6354
7319
1419
6102
9759
3829
6299
7941
8512
8351
9307
8830
8036
7808
2751
6531
3505
7378
345
6143
3751
9650
3338
1235
8533
7252
4106
5072
2619
8311
4334
5743
4397
3076
4263
9395
3762
4361
6716
6490
3857
4063
4590
7020
3956
2959
3359
1976
6217
1226
727
9990
7336
2672
4058
44
7250
6558
2444
3422
930
7054
4345
660
6051
1866
3638
2146
8862
8401
6585
4245
2928
7918
9768
6348
584
5588
4323
8075
4930
7081
4985
6
972
414
3362
5815
8116
5097
3651
8394
2664
9358
5544
7705
8158
173
3500
3459
3468
166
3715
1444
3396
45
157
8356
4198
5182
8851
6319
6928
180
5229
4924
4800
5838
2811
5602
6848
8781
2729
393
9107
5214
2715
4774
6234
6754
1012
2124
1076
8084
5398
5589
6977
3316
1
1652
7867
364
2936
8550
4068
383
5882
1832
7610
2372
2715
8802
9428
1431
8031
3382
2204
2817
8007
3009
6901
2967
5377
9591
8017
2930
7561
7235
2491
9299
1941
515
9823
2652
5140
8379
6464
3747
3764
412
5835
3293
2531
4199
6401
1972
1973
4734
4186
3571
1960
9466
2813
5586
9180
5451
3700
8455
6417
8280
1416
6703
8968
6003
4324
2717
8860
5097
8673
6597
682
9659
5047
3613
3767
9505
9692
4133
4243
7588
9685
9603
7024
2279
94
2129
2221
5413
3358
4525
2616
2758
5946
2322
8895
9549
5029
9141
7108
95
8370
2098
8517
7115
3948
4461
5377
3400
1906
8639
7515
5701
353
3769
3591
8324
8267
8677
7859
1782
3287
2757
7895
130
9549
4490
1314
9069
864
9684
9786
5780
7531
9328
6813
595
866
9973
1666
71
8136
7914
5666
801
1984
2169
8518
3389
2685
198
1845
6440
8595
4650
4224
1075
21
9020
7062
7567
4395
5035
3462
6986
6119
4852
2864
2415
2750
6672
2687
6261
270
3276
4484
2439
4128
9150
6152
4839
9464
3369
3664
6322
3446
2223
5465
5778
5045
7656
183
4235
2689
5078
3644
4898
8261
6788
4302
6126
6663
5354
7144
798
3799
4631
4883
348
2217
4820
1854
6779
2913
1899
369
1398
3800
1145
1515
4726
244
9019
2389
8056
693
7650
9553
3462
932
1389
4187
5733
3776
5473
7790
6647
7121
2678
8615
9292
2178
5059
8028
7725
5468
4347
2919
5145
2663
6377
4960
1994
9744
2056
26
3911
7097
9798
1406
8302
5136
2106
8589
7433
5863
2028
9332
5444
3350
3596
6487
6419
7556
4024
2644
765
122
4450
5021
7532
7824
301
224
1040
9224
1983
3536
1183
2704
1544
183
8138
9587
1165
6684
3837
4294
4944
8824
4540
4621
6252
9065
1118
9130
9164
264
6229
5355
3943
4464
498
2108
3356
5219
2995
1476
8738
9418
4854
1300
2140
9909
8700
6892
3640
3336
702
1529
959
8575
6544
8898
1890
9897
7370
7036
8726
5567
6852
2570
7881
6959
5924
6111
7175
5497
7451
4462
7923
4693
9116
3025
8830
2423
9146
2231
4021
4185
6158
5115
8008
1542
1357
9280
6332
1219
8602
5382
1766
9373
5443
6022
2458
2475
6121
3451
217
901
5758
1869
4253
3866
3470
237
8110
4660
976
4540
5291
3239
2437
4176
2107
9239
720
5805
4675
2170
5041
9371
659
7174
5047
5248
5338
4080
6799
8509
5903
4711
6809
6166
7506
8390
1333
5887
9487
8421
9449
193
496
2959
101
8410
6741
2129
5253
9763
8489
9506
3566
4918
6109
151
1615
3
8467
9273
2554
6674
3251
5300
5334
4162
968
8626
1135
4382
1739
2651
7498
9181
6817
6845
4773
9583
4746
2529
3995
496
5510
811
64
768
4658
8706
9169
7686
3403
3829
4842
7085
10
280
2690
5062
2377
8310
9932
4962
1674
8215
2150
3798
2142
4530
6359
5520
2693
10
6445
4709
1844
211
4282
3118
8695
8485
7467
3278
9135
8134
2455
7880
8296
3156
154
1021
7377
1511
9501
7561
5392
5173
3435
9817
4141
9360
786
6606
7774
9297
7103
8275
6658
6588
7181
2735
8970
8904
2167
1768
2404
6020
4507
3934
2724
2473
4712
206
5461
2100
4950
1182
2041
2551
5809
176
1834
8490
4222
4770
7188
669
2514
542
9382
4290
788
4573
9597
4173
7499
3089
530
6107
5907
7109
1048
3467
7350
2347
8418
5707
5814
4762
81
624
2064
1161
9667
5465
9810
4990
26
2858
804
1137
9402
6345
552
9896
5569
6823
1427
9546
6727
5639
5336
8995
7289
2219
3847
6797
1283
4187
9668
546
6042
5687
9751
1081
4083
5311
6894
9280
1650
8455
3725
9279
8262
176
195
894
2768
3730
3312
5751
7933
6822
5732
6152
7375
2302
8062
3090
5781
2584
8222
9949
5782
7329
88
1455
2592
2124
2746
3184
586
1801
1194
5578
4358
5811
9069
7804
470
4643
4086
1051
5127
5662
7263
7861
7274
3930
7730
3992
6277
8588
5930
1933
8250
8211
9383
693
5349
9156
6801
4776
7904
9398
8336
6347
133
6598
2004
8528
6359
3204
8910
4463
6154
3304
2807
6359
3629
5613
2750
1064
8221
4507
1091
3872
1742
6343
2945
278
9219
1402
7376
6148
9103
2801
5022
408
1782
2417
1669
754
4036
481
2346
2104
1045
9868
5932
9592
6893
8303
5977
2714
9099
1723
9452
4920
2664
9854
1503
3443
4354
692
906
7407
8496
4022
7912
8396
1443
5392
3417
6570
3027
987
6020
7122
9840
788
1373
6454
6960
2048
6511
4756
1874
7654
314
1883
6792
4272
121
6360
3266
3273
3672
3169
6097
3432
4996
4568
1893
8105
2646
9591
1295
1207
8787
2131
2914
5649
8009
4530
1308
5139
5493
3466
940
5225
5134
7587
3028
2298
9613
1816
2394
9904
6025
1554
7002
156
2635
1109
3751
4310
4648
4573
248
627
9400
4138
3793
9527
4347
346
5625
5764
4389
1140
564
4822
8627
1747
9664
6081
463
5395
6183
8436
9116
5677
3277
4979
5102
4937
5173
2143
6964
9530
2250
5253
1675
1976
4480
6823
6493
2107
6949
6154
5787
4147
5838
8759
2374
4334
3139
1993
9234
4166
3651
8906
4130
7645
8342
5744
6621
7013
4046
9838
4238
361
632
3642
2156
6240
3276
7606
8636
4945
9302
9239
6684
3490
6122
8241
920
1451
9300
7907
7492
7854
7463
1123
4006
5050
3852
5253
5912
4146
2690
3936
5568
7962
2196
5425
281
1711
5105
6446
6027
8661
1823
7791
4282
7859
992
2827
382
3693
7160
2968
3216
2531
5504
4755
7671
9963
9090
1665
3228
3298
5051
3
4364
7847
2233
2332
1049
2295
4332
3756
453
7971
9406
6083
4273
9191
8691
2391
9549
7024
5163
9873
4715
6793
4952
1918
6769
431
2842
1400
9898
8392
6404
5837
698
2268
2026
1719
186
8449
88
9628
8217
5248
5828
4032
1632
724
7072
1587
3488
6140
9935
9642
7049
443
8847
2262
4885
4465
7790
4536
369
9621
5542
7188
6158
4835
8863
2591
1812
7117
4092
168
620
5768
9395
3854
3912
7554
7046
6809
9647
342
7553
8897
938
5673
5166
562
9277
6541
7392
2715
6745
5250
9482
5965
1202
7634
8547
4131
8603
4158
972
6340
6937
5453
1064
9211
7029
9693
8533
5659
6459
1905
7299
9637
4181
743
8395
6804
5105
6589
5268
9534
5829
5925
655
948
5011
844
404
6721
4460
9281
1088
5299
9892
1115
5089
6867
3558
7625
8903
8905
4443
6946
7919
1511
5576
6166
3600
8772
2158
1489
7085
3455
8663
1483
6610
1009
7846
4861
4793
5471
9678
3473
5857
4232
3644
3203
2146
829
3520
362
3928
4945
9810
8791
6390
6594
1327
3388
3000
7138
4080
9068
4941
3199
2571
251
2205
816
5893
4913
3119
6243
8605
8934
5570
6692
4260
1041
4977
9008
7676
6001
1228
6771
565
3850
9169
6666
3968
5971
5041
3049
105
4588
4252
5651
5699
859
4307
9050
8628
8180
338
4174
9814
1506
9716
1441
2694
580
6517
2361
3317
4782
6218
1433
5114
9980
5965
2981
3778
3272
5964
8214
9279
9745
3134
6255
4055
6545
8991
9118
8661
3415
9969
4707
8765
5608
9810
3783
269
4636
534
6547
2553
4641
556
1999
3361
7358
5986
8549
2692
6626
3882
7494
7194
4161
4288
1920
1051
1960
1235
2366
4093
3060
1604
7112
2974
1663
4705
9406
6650
5636
4761
6073
3108
9271
3089
2018
319
1848
6709
2907
722
8029
5349
3986
5211
9381
9387
6417
9544
2477
7117
3789
3371
7870
919
512
9678
6034
8424
716
328
863
6531
949
1609
8676
3301
2487
2207
873
5135
9396
4870
1318
4433
6616
2194
5363
5960
8280
6378
5996
8513
248
2640
4026
2180
2409
6000
3453
474
5680
1595
199
914
5834
9376
2229
7260
1308
5057
1779
1549
4936
548
5853
4291
224
8733
9474
6776
1207
9423
7250
295
1181
5596
2759
3256
9711
1616
1954
8677
9157
8024
6371
1348
1689
713
4227
6066
5256
5818
2710
5782
2301
5488
2699
1235
8152
3878
7985
1726
6959
7116
4616
28
1813
5840
2467
3129
2252
3922
303
4483
6742
2448
7692
2777
9927
3703
1949
6798
4440
5957
5973
5968
4896
6165
3308
1312
7330
4363
63
2215
762
505
9414
166
8875
1732
3334
1899
8826
5697
7931
800
1102
3435
3309
7285
9062
3493
6213
5959
9263
7566
3910
9804
4031
6705
698
9371
5869
6338
4269
8040
9207
7787
7722
2751
8813
3745
4451
3303
5703
5273
7366
2312
811
8272
942
2229
3862
8090
4431
5429
9890
1961
7265
8313
8697
309
3139
636
3145
9595
7548
6778
651
1350
4677
6608
8500
4315
3432
9713
7662
9196
9164
8301
1694
8439
7135
877
6996
6648
6165
904
8208
789
6053
2099
7839
3164
330
4779
2386
4297
6725
5670
8115
7314
1282
7045
8452
200
8537
9655
1512
7397
9341
7973
657
7590
9994
5540
3188
263
1189
2851
2289
9630
2931
112
5136
861
2086
2493
5766
208
2499
6006
4687
7571
3717
8049
8538
7330
3287
7817
2119
857
9301
8276
2032
2030
4434
3208
5865
5262
39
9951
3353
4102
9067
903
6274
7309
9513
4564
1983
8420
5936
8
1420
4331
5141
6981
6195
8160
3587
7555
931
1769
8276
4226
6412
3696
9922
3683
6308
8992
7073
5048
5232
8463
2506
6385
8719
6154
8697
3442
6357
5582
7467
219
7735
7153
9999
1779
7140
1527
7343
5904
7003
6209
8249
1726
1988
5631
723
216
5303
8115
6027
3595
6331
6714
9043
8096
3996
4694
6878
7313
3411
627
8377
1384
4321
2498
833
649
8583
4998
6580
1093
523
9299
1391
2889
8387
9966
8643
2643
7289
9397
8072
4602
4093
6205
5592
5955
2463
291
1139
6674
1962
4006
4802
4834
8532
5760
7582
4265
4939
9730
2065
2548
8839
2876
9989
3862
3013
8401
8271
3016
7012
2998
2371
4082
1959
3736
6050
9523
587
9295
9581
3403
2708
9408
4222
5376
2292
5814
9396
469
6043
7819
422
3404
4979
5652
8881
5148
9880
5175
4729
3738
8673
8265
9134
1002
8835
4162
9673
1763
717
8453
5011
2333
8316
7997
4459
671
2492
2051
8935
1462
7860
2154
3753
5516
8684
5888
385
4426
955
2555
3907
8202
7580
2023
5175
5725
1051
1496
1941
5300
3364
8827
1118
5320
6010
5132
5163
3125
3892
3925
9183
3508
5702
8773
1760
6969
9926
6553
1734
1875
9992
8804
5218
3921
4295
9363
1971
962
6826
2513
7928
1180
1970
2213
1158
7820
2659
9605
1815
4270
4522
2990
2748
9125
9936
1713
6356
2086
4939
2997
5003
7997
8871
8670
6833
8168
1290
6936
6217
5215
3230
2851
8172
129
192
51
9135
7962
2364
5361
2215
1648
3581
7443
3673
1787
4201
367
8794
3937
4742
3108
9543
3938
6437
6357
3431
6103
2090
8744
2881
8729
5648
5620
7042
6316
1666
4848
3482
8115
6548
5732
5480
8200
1836
9162
1743
3120
6117
9334
9280
9352
6164
9987
6915
4308
9836
1004
6438
1415
2933
4430
763
1935
9741
2500
3609
3610
2295
4090
3242
8963
6541
163
3535
4147
4528
3251
9288
2598
503
776
9092
6430
5370
7109
8317
2510
8354
4669
6778
9455
6909
69
550
6398
5911
7347
5017
4338
5014
6656
6753
6079
8670
3441
5110
1376
6766
80
491
9742
5085
9270
5203
4545
3886
5990
4519
8555
9757
2802
110
2867
622
1459
5376
8269
6262
2295
2346
552
7071
1740
2824
8995
1846
7423
2231
325
1429
9823
3199
8815
8712
9160
7398
6860
7126
6352
8293
9389
9125
7225
4576
9729
3329
9912
3874
4225
4066
6363
8989
7780
9801
261
4424
2775
7653
5268
9217
9367
9571
9504
3221
6021
2065
4414
7891
5337
5415
8791
9347
1711
190
1612
1046
4181
8602
547
5735
9920
5720
6555
1514
1290
901
8783
4857
2088
2934
8158
4174
6697
3315
2532
1144
9203
878
972
3447
8241
7516
9943
1752
7302
9178
9465
5860
9567
8468
3077
9764
935
5216
1464
3037
4852
9207
5929
6445
7778
4880
4537
2986
4711
1257
748
1633
39
1639
1607
2
159
6655
149
3878
840
1144
4596
6070
4061
65
5103
4439
6219
1098
7378
9092
1993
1966
1299
1714
5938
8619
1828
5813
6900
6366
8962
5239
8738
9815
3271
9779
4500
9045
3620
826
225
8810
4102
7191
8812
4794
7905
964
4041
5930
6879
5997
9760
4615
6884
7071
9483
7302
671
6083
7227
6383
1996
2710
1240
557
6955
909
8512
4916
1106
9355
9405
3902
3846
3439
8570
9962
4732
8827
437
8254
9952
1725
4978
3055
982
8986
2222
4690
1646
1987
2013
6723
4224
1790
8911
1914
37
9549
788
2033
5057
5317
3691
990
6432
477
4826
2942
1594
3859
153
7057
7584
9273
3011
8425
4614
2677
5427
247
4505
471
4326
5875
1613
6533
743
549
1140
4503
1279
1729
7296
3590
7586
3826
1690
661
1442
7814
551
8787
98
8729
7871
2531
9022
4380
444
3287
6909
6721
9897
3735
862
3302
6265
9104
8049
9949
7482
4339
3799
7424
9179
504
5104
4179
9648
780
2793
4522
5507
6292
5288
6532
4618
4651
1731
6864
4189
9570
2590
238
3598
8221
1328
9842
3458
4090
1658
1140
4732
7011
1039
5656
4264
8781
2590
3176
6013
2303
4396
524
497
4567
7294
2559
8444
8916
9677
6387
8539
70
573
2884
3242
6111
333
606
1185
5304
1618
5897
9362
1975
2075
9602
3476
4958
4049
5139
151
4126
6044
4937
483
5372
5188
2197
389
2111
9975
2801
9570
1803
7717
7800
7545
9323
1767
383
2196
5092
9391
2461
3502
4808
2377
5104
2774
9326
8963
3920
5562
7808
7445
5193
4641
4591
8994
1092
8011
388
9579
2572
5664
1439
8707
6763
8038
5997
5690
1535
8541
6141
2546
3747
2291
4332
6322
9198
3316
8355
2611
1743
2862
5325
6357
6188
2153
5290
5630
4608
3994
7639
9039
8559
8922
8985
7627
277
3292
9501
7713
4404
8610
5784
1964
8061
3733
2227
2199
1136
4124
9631
8901
542
5260
9304
9215
1931
501
3271
7359
9795
7250
6365
8762
2289
9080
3963
2033
162
5647
9913
884
204
6671
2806
1527
2311
1050
5154
9724
5910
7253
9285
5681
5795
6537
5777
4278
9694
6252
5131
2736
9848
6524
1041
7773
8729
9928
4095
9523
4641
444
8025
75
6428
4916
6754
323
7721
7536
9374
43
284
5456
1926
2568
2864
1523
9417
7251
6666
8356
8816
53
1072
6496
3992
4971
3565
8222
6485
6814
5926
7749
1831
8863
4747
7997
9742
7337
8041
3906
7864
8251
1310
2346
3071
1269
5834
9078
1288
9430
9099
3930
6683
3290
2343
6383
3754
2895
2976
5102
1296
1309
308
6584
5523
8919
1410
72
754
8652
264
8157
9939
8393
7363
5070
4077
8402
8850
7569
9085
8331
3962
6555
1049
557
7072
1048
5951
3975
5911
9
7937
5172
743
1654
986
1889
140
4342
2456
7146
7836
7917
3372
977
1659
9466
9575
820
9953
2846
9881
828
3089
7064
2254
5046
7668
4597
6659
9302
8862
7099
3742
1899
1945
2578
1792
3782
7545
5094
502
4687
6370
5297
9010
2988
8283
7736
7397
3432
7421
8728
5370
8783
9829
6834
9216
8478
2502
6487
8275
9878
3138
4160
5153
5392
7966
5615
9693
1850
1005
2241
5336
6832
1859
4250
7896
389
716
8610
1013
9526
8607
9972
9609
7186
8199
3574
2484
7046
5367
126
7892
382
4648
4028
1398
1531
2290
7894
3615
3978
9085
8365
6504
25
1389
418
885
3138
2858
10
4459
3589
1271
7760
9268
4790
4533
9622
9800
9867
7444
3982
8160
5430
6165
8503
679
2244
418
4141
1153
567
4425
8255
9457
1291
6349
3491
766
2698
2555
4217
9770
6634
7428
7672
6368
7238
1631
2730
4153
9926
1761
5179
660
8329
2113
4766
8848
2081
4958
5910
2566
8917
9150
950
4861
439
8149
2057
6882
2038
7624
5538
6910
4018
9675
165
3528
2709
5413
9360
4336
7526
162
5608
1774
2344
5834
4292
589
7286
3210
3308
7271
115
2760
4281
398
4752
6429
958
2243
8155
4377
473
6207
5766
37
3555
1708
43
4065
471
8000
6234
2761
525
1051
4453
9366
4269
3105
7371
7257
9228
2833
8415
2539
1909
5081
6190
9774
1141
3154
7075
8648
379
3281
9392
1302
9493
455
9381
9691
9811
7216
1326
9916
9657
2078
1606
5721
1515
2294
9185
6550
6074
6465
3128
6452
2868
6052
1085
8924
2014
1328
1365
9319
6633
6478
5223
857
943
646
5299
2467
4711
6529
739
6681
804
5847
9491
3656
8888
1432
3487
2999
4990
9019
3004
8546
3606
7895
2340
2493
6297
8504
143
4342
8308
6802
4220
7030
2662
9731
2442
7285
9372
3511
8514
9777
5947
6628
3787
4952
4209
2356
4022
8557
7589
1480
3117
6847
2526
4440
4121
5172
7378
3573
1591
9268
2326
343
8303
7924
4177
9480
3659
2909
658
1826
746
7051
9845
335
3926
4185
1675
9145
9088
5313
183
3962
4249
3768
7026
3069
9062
8454
9166
2191
7959
8273
6136
3213
3168
2758
5265
6223
639
3621
6387
6778
4030
9438
1141
5396
9355
1009
5773
4301
5611
8074
508
7201
4778
9000
3041
1523
7957
3835
8441
8901
3078
7678
2870
8976
3614
5701
3930
3600
7042
3375
6120
3372
6407
5427
5970
6123
8293
4923
7700
7431
5718
9458
6958
6548
5058
4920
7084
7212
1957
8536
9713
1749
2370
1979
9018
8577
1364
2215
6885
7798
4138
2445
4458
6871
814
8023
4054
8579
8991
2552
4278
6430
5807
7479
306
8464
4308
4489
786
9016
7272
3711
2572
9408
5356
2373
4585
2780
5384
7890
2524
5301
8941
6578
6823
5851
1032
4209
7314
8949
3493
7418
9366
1160
8122
5635
7940
9517
9994
1650
7939
1596
2363
5162
1543
794
668
7780
5767
7093
4711
9779
6409
3132
4842
8640
7760
7759
127
6907
967
4410
3896
2220
7782
9634
4821
5498
586
7870
9716
4231
4034
2197
7642
6550
8438
7184
3557
8370
106
9202
3772
243
9239
1596
4744
2770
1720
6967
1405
9446
7134
6497
1109
3607
1714
6697
4554
1800
1540
7282
5590
9345
8305
9960
7667
5110
7212
6840
5904
1589
4166
8906
205
3282
7337
9526
6698
1030
6353
5333
1855
2521
941
6974
6110
9454
9640
5205
1531
20
8395
3596
1136
1290
8270
7722
5845
9862
1313
2122
8728
684
3692
542
5185
3377
5624
2026
2038
2555
8304
5253
8095
3656
9123
6204
3712
8635
7742
9712
7095
6474
7270
3738
658
1950
6768
6330
1621
2327
3538
9111
7197
5727
6282
7922
6243
6827
3098
716
6014
5201
1494
5222
4825
9169
1128
4017
8818
3302
3820
2647
3795
903
9537
7209
1137
3694
1505
1439
182
9735
8387
9729
8140
7144
6545
1765
2588
5586
813
6476
927
9701
7922
7887
5768
8633
2721
3080
5182
3660
3714
2997
1960
1559
1052
77
6605
4777
7093
2826
4651
742
6916
6354
51
1735
3775
9623
2934
3601
2360
4690
1767
6310
948
605
7121
1839
2085
4763
6668
5238
212
7490
8765
2795
3882
1476
5040
7242
9588
6195
784
3642
4087
8943
5604
1204
2114
8317
5817
5652
6838
2987
4343
3956
1088
8502
3499
8261
8427
7513
1012
8670
4475
4276
9812
5150
533
2597
7743
7318
3537
7479
4170
7077
8628
4649
6662
3183
3216
8871
2418
8686
4343
1492
5921
1894
4303
23
6388
9016
3082
7720
6079
1967
9943
9106
3196
7940
680
8182
1228
8322
1516
9655
9927
3255
5381
9941
1783
4757
1417
3936
1889
5658
3937
5564
8357
3853
2791
4998
5087
1329
3115
3087
8626
5294
8761
4017
6078
4344
396
518
1603
6058
6168
2041
4895
3659
158
5224
6235
8488
1395
7730
9172
1870
4132
1044
3733
4689
8280
5190
155
5494
7423
8499
5557
8244
687
8512
3761
8994
3877
5935
1457
6719
4750
2111
2342
7261
7095
1955
4502
945
8343
8463
5320
3803
5869
1995
2493
9532
7814
7358
9362
4339
5342
4392
7689
9614
4514
3245
1258
8058
7674
3793
9245
7287
6169
9796
9153
1236
8503
2265
5295
3724
633
3273
324
461
7991
951
4074
5440
2049
8808
6137
5188
7749
7622
6006
9682
1981
6195
7365
1834
7422
7983
1172
8432
526
4294
5531
4171
7225
1080
9063
6976
4976
5655
8431
7209
5228
1659
42
5545
6041
5456
507
4323
665
4837
421
4980
4192
1355
1236
9835
7063
919
5575
9914
1156
3375
7196
1784
1486
733
8000
5433
4098
5395
5969
2103
8672
4320
9730
5709
2538
2378
2555
3948
1358
8339
1039
5570
533
9912
1454
8376
581
28
9815
8482
9168
5189
78
5131
2249
8091
8557
6931
6898
1000
1666
4739
8755
3340
8370
3671
7772
6872
8360
1652
6948
4462
1910
4820
84
3926
7599
663
6229
6752
9654
8276
487
2569
7516
1325
3067
4171
6451
3438
1117
4629
9477
7582
729
7567
7728
696
9747
4013
8447
2371
5512
4434
7294
1678
5538
2513
4329
9382
3255
8035
1144
3727
5397
9844
9958
6741
2439
6256
4175
4579
8505
9526
3902
9809
2647
3040
9236
5729
9035
4707
8733
2851
9682
7752
420
5451
9619
529
7942
1784
1130
320
5010
4955
579
2140
7154
2736
8659
2519
1008
3659
2485
9953
7810
3642
5834
8231
9635
2044
2062
6251
3977
8612
2754
8044
4744
3076
3991
9747
5459
7276
1283
6045
3538
5675
3651
7188
2857
3859
7174
9142
5524
6192
8321
3617
2761
3194
7873
1790
9100
6392
6900
5389
3724
3410
7288
1447
7710
8897
683
2544
6186
7505
1320
2632
9954
3588
215
9632
2015
8563
436
9930
601
922
5781
6606
1829
5799
8082
2789
1882
655
1562
3867
753
1199
6216
7467
7009
6943
5997
8077
5793
8953
1762
3988
315
3294
3391
7836
476
2420
254
8436
934
3353
4308
820
4923
5852
5488
3464
9438
5995
4788
6491
2026
597
6440
2357
9341
5698
6929
970
2886
8016
5265
4493
7889
1679
5861
3188
7178
3833
2650
2575
3042
1771
680
3902
6611
1149
9310
4465
6069
9503
9340
1684
2133
1844
4938
4978
1672
5380
82
2492
8074
8597
8357
5498
43
5827
4413
1909
8851
2247
5209
1750
7777
5771
9180
1666
6439
1723
1939
2592
7053
3352
7788
4541
9243
6270
7368
5174
4994
7719
3087
4239
5548
2195
5657
4317
7625
3413
6977
9358
7211
8866
6939
6463
5337
7283
4263
3037
1759
1184
4410
1045
9280
6444
808
2388
3545
8254
9171
4637
586
8225
8512
4318
7147
488
6612
5721
6850
5604
2168
6841
8661
9862
616
439
2774
4094
5716
7474
3045
554
4385
2168
4389
8565
7966
2836
8201
9690
9176
282
8775
971
284
6027
8938
427
4722
5936
3688
2466
1327
914
6482
2090
7643
5246
4002
5879
6333
4908
1717
4606
6633
2690
4397
7031
1013
4340
2792
6948
5700
108
192
5862
2599
9035
278
1818
9267
9132
741
854
3065
5194
5540
1299
5405
7411
2310
2720
2071
8169
469
703
6005
1470
9842
5840
9677
9253
9262
336
5155
1573
9536
8415
1347
3067
5397
7414
9538
6419
6637
4821
297
4661
9472
2848
7117
8039
5370
6137
4725
7921
6081
134
2913
9744
410
7325
9950
9386
370
6065
3149
2464
1828
2034
8017
4084
7461
5501
1564
7343
7908
8516
9791
2470
394
4917
4181
4938
2747
2610
7088
91
4751
1954
1311
3866
8074
6298
4882
4063
633
711
8091
4259
1180
2782
6122
2963
5151
4987
7342
3877
3375
1580
4202
9252
1088
4218
1039
7229
5908
9605
620
5804
9910
9321
9171
553
2730
6707
7872
674
9778
8177
7294
8005
2043
6659
112
6683
1732
2988
6565
6919
1039
7054
6619
4924
9708
4212
2527
2474
734
4100
5612
3810
2549
8332
1462
4629
325
784
8457
7741
8683
9160
5581
2681
2978
9377
6787
2001
6627
4919
849
5281
7459
1772
7601
2996
6973
5819
3726
6287
2528
3611
3855
5422
4040
9365
5630
9271
3502
693
604
463
7831
3107
6382
6069
2908
8637
9217
1638
9485
7078
462
7189
9640
9269
4722
7376
5864
631
2321
4460
3525
9715
3804
1939
1456
912
9574
8751
4725
2685
3504
8782
8252
2682
5346
8124
9882
8901
3158
2960
6761
1737
3556
4272
9416
5172
4610
1677
3823
6627
3448
7579
2900
4079
8241
4587
5397
5921
2129
3679
1920
3745
4857
7935
4973
731
6436
6844
2332
8669
5964
9157
779
4729
7891
8059
337
5110
7487
1024
7448
6383
7050
8142
9283
6982
4448
6943
310
633
6038
8751
6606
741
6668
1511
2965
9741
541
6633
2834
255
8009
2928
1313
5536
5064
8973
7052
5108
4213
6360
9695
7787
7734
183
5762
8341
6868
9871
7311
5917
3435
2991
4533
2081
3536
7010
5589
3803
6571
9179
4368
2063
6596
2660
9654
9876
7241
7824
7195
4490
5825
1254
9567
7251
7119
1383
7399
1237
2272
8953
9507
1111
3824
2493
8816
1855
3446
3896
5545
3078
5068
6818
9079
3359
2379
1112
5182
4791
6382
9804
5768
1277
5577
1207
4322
5424
8693
7699
1236
7944
7424
4420
9822
359
4553
5671
5566
6493
1059
4158
8317
756
4305
8402
9534
1550
8277
6595
4442
6236
5971
981
2028
93
3484
5457
4159
5406
5166
473
8805
8447
9250
3583
1315
1450
3800
996
2030
3908
3502
5362
8123
2524
8891
7672
2483
1959
889
6652
2713
9167
5245
7293
8870
2557
3360
1289
9425
3457
8321
6060
1139
1472
7502
5765
2
7152
6042
7245
7223
5154
8663
6210
6361
8524
874
4125
5119
98
4411
4246
8082
127
5921
6042
4712
190
2363
838
305
2217
1371
7943
6281
8012
9925
9735
183
9055
43
6245
5065
8570
5977
4599
2555
7817
3345
6383
3837
6445
7050
6433
8014
2335
1425
9888
7882
9815
3029
399
9025
6412
3813
1349
9294
7350
9919
3635
2259
3907
9326
8112
10
6435
9720
8173
7804
5347
6541
8062
5496
3720
9946
5550
8428
3275
8622
3344
3500
1454
7822
2230
4545
1069
8776
376
4771
5585
6713
7416
3057
2448
5152
9004
5188
4114
4802
7381
729
1404
6451
6143
1177
6659
8580
2895
5265
4783
2042
1769
2862
8729
6168
8862
9758
2232
2880
7606
1846
6660
8022
7768
8654
755
2004
1357
3036
1713
5051
1038
5919
3588
5914
1839
2440
4291
6695
4907
8565
5633
612
2864
5328
1766
3999
9905
1187
170
8587
6224
1698
5883
5221
5550
9693
4073
5557
6633
8434
8227
4012
4374
4882
1266
8228
3965
90
4710
2711
1851
9035
6627
6879
663
2707
2590
5793
1352
1182
5092
9057
4643
7570
5956
1004
5726
9212
3160
3166
563
4337
8188
8233
9598
9485
2544
3251
4808
5433
2356
8641
8993
7123
8185
8746
2032
6136
3032
9116
7388
2620
5363
5496
3615
7271
5498
9557
9791
2963
3117
6837
893
9914
823
3058
8950
7910
3721
6005
8494
4034
7786
1508
292
4590
428
3692
5656
5472
5123
1663
4698
6096
8211
7018
5858
8189
71
9217
707
2236
4731
8707
7625
1180
1694
917
258
3095
1259
7779
1858
1981
9948
7257
4572
8583
5768
5510
3541
1172
3996
798
9271
9627
2944
2989
8169
4800
5708
7644
333
9178
8314
9027
5764
4131
6856
2118
4997
3683
6241
9733
7816
4643
964
7176
4209
8207
3998
3526
5002
8681
3292
5594
5705
847
6663
7887
6046
8680
4934
9482
9356
4618
36
6634
562
379
9507
8138
8845
7470
1336
9002
1229
7927
3396
6810
6310
3596
9877
4334
3160
5312
3050
1380
9020
1700
2471
8656
807
1011
5295
6530
9724
8390
766
1934
5258
5288
9134
7413
4738
7353
262
7298
7276
2044
28
7376
6396
7488
3219
6022
3938
9637
119
6772
8958
5646
191
4554
9210
7594
380
403
9578
2152
7411
2381
1328
8608
3166
3629
8426
9775
9750
2016
2323
7761
6138
9680
4584
9294
1481
4901
7551
3367
1048
3223
6794
7348
9575
9511
5570
6355
3351
7703
681
4712
6750
451
1226
7606
1126
6514
6535
5672
4001
9835
7289
5168
4275
535
4268
1672
4851
4735
2500
5739
7493
7061
4641
4880
6020
6981
6378
7360
2964
7680
8352
9846
1775
4124
3627
2710
1278
5130
7116
3924
1659
2823
3517
4933
1536
1673
3301
9599
3834
8465
2073
399
4116
4027
7254
4413
8776
7296
7423
5320
2097
2402
3897
6626
530
9863
1175
5633
9781
3660
2707
7299
5264
7039
1147
2064
9335
1162
7674
1945
9345
2443
3329
4790
8984
6322
6343
7422
1666
7520
3409
4605
8772
9420
9542
2236
7444
8090
723
15
2336
9705
5890
901
3220
3639
9977
2167
5686
7326
7703
5540
5290
3158
8602
2031
6470
2141
7375
379
6293
3801
75
6748
9688
6932
5860
7299
7174
1166
6080
4555
8337
5068
7344
3118
4257
2476
2840
208
9974
5155
6706
1755
3659
6463
9487
5311
2654
7720
8879
6949
7755
6225
8813
462
6235
1452
1709
3697
940
3870
3254
8648
7525
9051
6402
9068
4396
8209
1468
1772
232
5227
2185
5564
2112
9306
3340
4762
3222
1875
4259
2689
2858
6171
3787
4144
3032
7972
6659
4893
5363
6378
8196
515
9133
4243
4111
6546
6407
8900
4864
6821
2916
5120
9512
7124
4067
3958
2269
6855
3870
3041
6095
2247
829
6162
1555
886
8942
2635
5925
8755
3804
9736
7045
7843
3542
4813
8788
4475
1775
7121
168
5956
5179
3327
8105
5845
1288
4741
4630
6276
3198
8816
2952
9054
6527
2221
3186
5987
601
7892
7800
2877
203
3848
8871
917
6425
7297
4072
3849
5165
3559
6032
9175
9648
5677
112
6961
8972
7256
9017
318
8117
8000
8684
7529
6160
8723
8877
6961
8448
175
3586
2401
5414
7946
919
8256
5403
3895
9487
1180
1378
3116
8481
7136
1702
4246
1596
604
3339
112
763
5759
1745
5137
4247
7768
5494
5748
5076
6047
5241
62
22
342
6042
3573
6355
4745
9194
8255
3493
4450
4823
3514
9289
4911
9240
8778
6209
3373
1718
9156
929
8252
3811
7557
1998
2746
566
8937
4101
5219
7093
4937
4221
405
5788
61
4509
2276
9259
3772
9048
1554
1471
6400
6847
8253
4963
594
1381
2413
5137
4199
7799
4208
3551
4913
2506
8016
902
1844
6255
3696
6987
4167
1100
2312
9277
2508
3618
2874
3961
4371
1660
1247
3326
948
9527
2349
1148
9016
6997
1979
3407
8246
874
5178
5111
1228
3859
3901
5221
787
