8870
306
5567
826
7392
2932
9603
5057
8310
2055
4503
2038
5288
3412
8471
3162
6022
9057
3054
8118
3387
7809
7598
2904
9009
1754
2265
8724
5126
2294
9567
8947
3235
4206
7182
2661
3536
6391
5479
5010
7435
3575
1594
6449
6513
4064
8192
5342
5248
4867
9083
902
1529
6966
5793
6399
8527
349
8842
5733
3867
505
5017
33
7162
5555
7252
4760
5009
5890
6842
1955
3290
6290
8685
6716
250
3825
8995
1789
226
3555
1510
9228
7154
8013
2585
3484
8974
5791
7789
5995
8965
9130
2596
7387
7667
384
7623
9700
9540
2447
4462
7758
1795
8808
1639
5699
8949
4743
1457
2021
5556
2359
7588
4031
1304
8692
122
535
7202
7857
9529
9776
8947
5380
3450
8182
3714
5265
584
4315
9587
8110
4074
1552
2672
1608
2725
2516
5481
3177
2159
8019
1657
8126
9587
3398
6276
5751
5248
5499
8053
75
778
4301
9603
1564
9774
4172
4582
1073
8646
1111
6023
7531
6469
3965
8443
6423
1016
9574
7440
6998
4399
4082
4388
2321
5826
5234
563
7763
847
3366
4605
358
6190
2045
9533
3540
6774
2788
739
9240
6815
2184
4316
2036
81
3846
5925
8131
5289
2114
3953
5288
1407
9179
7165
8535
4192
2429
6280
449
9675
4154
912
4139
2515
1526
8215
1660
7129
748
7205
519
7365
5633
3212
6196
6073
7498
224
9131
9427
251
4983
530
2054
1803
5583
2497
8166
523
9098
4500
702
3381
7252
8
5244
593
6552
4216
7958
161
9428
6242
7118
4482
5914
6902
5930
402
1225
6234
317
3519
3138
3313
9071
7324
4531
4583
5355
7873
673
5900
7945
5048
7869
7842
7761
2221
9935
3390
279
7124
1644
2082
7217
8087
3766
4939
1539
1448
2593
46
8254
7904
7979
9525
9753
7846
7814
4825
8507
8318
3583
8750
1812
7117
1220
9447
2995
2797
3794
3701
973
2832
7757
4308
5403
6061
2435
9051
7786
9665
3260
6853
9836
5393
2825
51
9182
4555
274
423
9046
6346
8754
585
2936
9489
2714
1686
7567
2915
1661
2951
7246
7178
4700
8551
785
4685
591
2521
7636
3444
1424
3004
3372
6010
4056
2970
5931
2578
2402
5752
3091
4759
5395
202
8514
4481
9960
2115
8444
666
5723
5670
3594
4859
8306
1059
1125
5823
1088
2240
9726
2273
1043
1798
6772
2360
2928
8255
285
8331
7467
4873
9985
4840
3426
7977
1143
9807
512
7122
2085
7428
9876
9071
1265
3976
1680
2459
2604
8343
4649
278
8450
961
826
2869
7960
6667
9872
4965
4944
9377
1127
6543
3319
9019
8416
8693
161
4054
2109
2557
6098
6158
5288
1488
221
7141
6065
4015
2102
2028
6043
7959
6549
6370
5730
4068
7762
318
1305
949
8248
6778
3552
1725
4456
6038
9009
6859
5485
4664
5423
6870
3382
2182
8452
3329
3602
5079
4212
6391
1974
3996
2771
2430
197
6640
952
5850
5317
5903
8933
5036
9878
9948
4041
3597
8560
8618
6856
4529
3943
8408
9302
6743
8786
6488
1741
521
4688
2732
6249
907
7322
7612
6245
5738
6590
2919
8425
8159
5968
1755
1562
1739
9078
4007
8144
62
3118
3623
9050
1633
8120
4370
8512
5226
8253
1516
6469
461
6362
7861
8053
3300
5775
3907
5471
6397
4035
3593
5812
9812
1670
8991
9403
8446
5362
9634
7280
8758
8966
4730
3055
8790
7690
9418
3985
2373
472
9446
8444
456
3073
2152
2113
9987
9759
5494
3230
3465
4534
1012
7999
382
3886
1056
875
5124
1731
5422
854
4567
3818
7592
4139
2637
3259
6192
5561
8375
1030
2995
6026
8678
5302
4817
905
6819
1278
2983
4759
3110
8876
720
1090
4587
8990
5759
1917
6510
382
2728
879
9625
8284
7503
5306
3647
2695
3573
7230
9197
9063
8704
683
7604
6517
8699
2759
345
9185
3895
8934
7692
4223
3184
8899
9171
6165
9820
7792
6811
925
3033
9093
5835
4403
9568
9723
6453
9975
9668
4881
4708
6402
2728
50
9972
2645
8877
228
1571
8959
4084
1950
7324
4199
8020
1950
2289
7804
5905
7395
6903
1092
7788
6581
9871
6664
1366
5658
2670
6517
7288
6542
9323
9227
9131
3482
7220
4030
3765
955
2219
4980
1645
3505
3954
1477
726
8962
5396
2412
2171
56
4025
9954
772
5889
691
5534
8116
3910
6220
5020
1922
5126
5129
2217
674
114
437
9894
8720
1048
3485
5307
3337
5480
7930
2865
1905
852
7626
5
4307
4852
3979
3628
2945
5651
9548
3481
344
7737
1149
5800
2221
3676
7529
5201
2107
9414
3811
5307
2144
942
7305
8949
3497
3120
7078
6897
8997
7224
2679
11
71
2410
5824
3497
9801
7699
2496
3499
4050
5291
1951
5632
2972
3106
3370
2305
5960
4244
573
641
4085
3775
106
5644
5452
8718
8269
3922
509
5365
8209
1668
6337
9214
9076
6918
1221
6689
5404
136
3370
4551
6395
9082
581
2449
1580
3607
833
6413
1450
3539
7345
6250
9075
8131
5441
7793
1495
8686
2737
1738
7704
6929
8631
4413
3407
436
3828
2218
1462
3020
5748
749
840
2351
1045
1598
6303
9283
2189
4737
5605
3379
1082
2011
909
6930
9027
7775
6442
5427
9004
5978
4871
5860
3175
9126
837
5498
5839
3443
1195
2880
9597
6307
8062
9609
440
6551
2535
6262
5643
5590
4089
8229
6910
7508
3084
7612
16
9187
1556
5457
1378
7384
527
4537
1425
8250
434
6663
4418
6199
4967
74
4467
3268
7576
1833
7889
7157
4254
7371
2755
5968
5789
4319
7507
367
7609
579
1868
9322
5623
7252
4911
3914
1974
5452
7117
4767
5514
2320
5532
2619
7997
5616
3710
8224
8455
8147
1050
7357
5062
2991
9320
9040
5872
7998
7718
259
7288
3338
1619
8431
1839
9043
4358
3679
4893
412
5803
6548
3332
7896
6303
3256
7863
4699
9649
9752
4658
9658
4086
7932
1313
5203
6158
2207
6732
199
8155
2270
4478
5273
6295
8399
4376
3900
3413
8939
7723
5936
6893
5664
7286
1571
9862
1697
4517
2720
1241
8341
2845
5795
8151
1743
7753
4442
2406
7659
1444
3403
1305
2770
2351
4927
1825
3931
7466
7318
6433
2594
8548
1159
8199
186
1609
2489
2701
1685
2791
3808
4242
8831
2705
3146
4364
1477
5649
8642
1310
5430
9701
1099
130
7780
8652
9772
4461
6228
6961
7313
2667
7179
4480
8231
2974
8501
8570
1476
4529
6740
7409
1848
3878
5335
9777
6796
9288
9893
3430
4893
8514
8955
6269
9748
9172
3846
1961
8485
4692
9178
4415
7001
2988
6362
3547
5218
9452
6108
8168
4248
622
2272
494
4004
6
8679
770
4168
2910
2563
9819
3588
2853
3129
1931
3249
8158
1402
449
5726
3659
8026
3649
9691
9117
8932
9074
1501
2891
4934
333
7122
6682
207
1582
6750
4781
6329
1388
1354
9118
3119
9466
5072
9643
4860
6937
9896
8100
644
3141
9411
2075
566
9830
6472
5354
5296
6572
5679
111
5135
9619
5238
6184
6104
129
4389
2826
4823
6651
1959
8681
992
1086
8795
6470
6129
6947
1847
9902
9896
3676
490
1637
816
1037
6299
2807
6475
3117
5965
6539
9404
2405
3261
235
8770
518
84
3893
4706
3716
8438
4726
1664
8090
4961
1486
9543
1481
7081
5461
6481
6565
5218
8944
5203
2337
8585
6116
5595
9242
3092
5749
9778
6590
8603
9923
2387
9577
9379
8030
7958
7203
5931
718
9407
1725
8681
4195
6396
4867
3867
1271
90
5948
9935
1912
1243
2356
8282
2690
1883
3313
5708
1499
6946
3792
7127
1176
1121
6580
6227
3250
7925
7013
8604
938
2525
6703
6617
8748
7223
9686
7722
4529
8651
6862
8338
8690
8723
2352
3479
4426
7162
8424
8282
2277
2052
4043
1370
2110
6253
5761
1515
5694
1756
8653
8484
3460
1105
9341
6141
9730
4855
2722
876
1735
6697
8994
1260
9078
3382
7787
5478
1946
4840
1772
1498
8342
1006
2987
1248
2884
5787
1324
4088
2298
5327
6059
6800
5631
7256
8191
6979
455
9979
3405
4234
9798
6235
2940
8942
8441
3096
2399
1391
1318
1413
6548
5161
1259
1286
1581
7270
8057
6577
4952
4276
5959
681
6913
7820
2051
7853
7179
5362
3754
9195
4763
1841
9637
120
8972
5808
4124
6555
4774
9227
3290
449
6321
3593
5947
1249
8285
6256
1437
8941
5816
9920
3202
5953
472
5185
5049
9786
1235
680
5268
5567
6867
7842
2288
7915
8289
7744
4371
4447
7418
5472
5017
9091
1920
3539
5217
1936
3766
9544
3437
3785
3086
4893
4345
7804
7887
754
7660
7697
4435
4629
9237
1688
2777
5947
7505
4270
6784
1871
9740
3139
8331
5188
4289
7046
821
4559
6813
1377
8091
3705
927
2217
941
133
6162
6353
5025
5935
9110
4231
627
2863
6794
5229
6994
1392
4862
9784
1298
8821
7018
861
5078
4592
6257
8079
9032
1938
2952
1399
428
3757
9589
7671
6077
7159
7057
2609
7791
5528
2787
2774
6573
9145
6753
7000
6399
5404
7363
4379
8384
7511
5637
6383
1362
6149
2667
4012
5474
2078
2367
6935
1238
8877
8770
521
7717
4106
4721
8401
9952
4060
6725
2704
7578
1994
8900
1506
3710
2164
7537
3163
5566
2422
6592
200
6094
6158
3586
1212
8874
405
4849
7825
6979
614
8835
5205
124
4242
6305
8810
3458
4624
6580
7128
5632
3839
9789
2
3422
8267
6048
4807
5096
3368
3855
8215
4968
4841
1628
9589
7139
1763
8283
3128
7296
3600
1022
9843
7607
7000
1081
7105
1265
216
1107
3131
36
2668
1025
6051
257
4687
2795
2407
216
7780
8290
7916
4532
8927
8685
4088
9251
3321
8196
7928
4726
8767
9793
8351
2031
1500
5611
2165
2657
7574
142
4519
543
6179
62
3581
112
1239
517
6860
3919
5473
4073
7062
8761
6747
5158
8685
9643
9969
9790
2635
6886
9056
7691
5070
2830
2572
1413
8422
1068
3515
5081
7061
2992
8430
3491
7441
3504
3545
897
2725
207
5927
7606
4861
8129
5816
1678
2882
5091
2220
2491
4799
1181
7633
2688
1874
9513
9289
5125
8283
4403
3773
1852
6236
7440
8987
2831
6458
1520
2492
3165
6600
7848
8060
8930
5655
1179
2921
3344
696
4093
6608
6985
3414
1992
8597
8045
7799
6676
5984
1173
7069
7863
4339
6403
7478
8800
4581
2819
8992
4262
6197
5198
7987
6643
2503
5645
5099
8600
6713
6443
2158
8759
8593
4760
5721
377
201
4662
1155
1511
5780
6936
441
9266
5295
2670
8914
9971
3249
2205
995
1795
4473
7131
2659
6180
6379
9327
8845
9794
2792
7685
7309
9191
7958
148
6522
6271
555
5931
4149
3817
6617
411
4336
6868
7155
3066
6616
7481
993
7038
6567
7594
5787
7455
8536
7093
573
4438
3722
1954
1294
5927
2685
371
6709
4864
9979
3177
5849
5091
3
8508
9770
383
7396
9689
9701
1451
2339
9613
926
6462
1011
4493
6723
1619
4049
4828
9511
9748
1418
1629
6984
6404
321
1544
9478
5051
3925
5370
1057
5082
2574
622
885
9085
5899
331
3322
8617
3770
7045
4923
1000
6392
3131
3952
3140
9008
5896
3435
2248
4661
8803
1835
7457
9241
8104
6420
815
6672
7589
3156
896
8471
2835
3493
7370
1194
300
2853
262
7267
5982
7771
3354
9592
2897
8684
7201
7976
6637
3176
3568
5902
3465
124
9761
9452
5977
8619
8273
6311
7238
6835
4433
1675
5465
5046
2373
9630
7834
3910
7469
3108
3793
3822
1690
2868
5381
3640
6757
6135
4478
7434
8889
8495
4680
6018
8054
8436
8509
5981
4087
2526
9079
2711
1854
660
8987
5434
7678
4989
8219
1730
9687
3232
7147
6140
5429
6906
320
2512
1137
7654
1693
2549
8367
382
2161
3658
5365
150
5847
7640
2512
899
2433
8040
3433
8011
9039
8015
5986
3414
6615
2507
209
1485
2641
8152
3540
6381
4044
1922
7149
6562
1662
4778
1037
270
345
9752
9743
6515
6826
4856
4930
9711
878
9929
5912
2542
3936
3140
4278
848
3377
7233
4147
6362
9943
7800
5333
8012
425
5893
2683
114
7634
5070
1242
6315
4960
8659
3486
1412
3353
6415
1897
9256
4442
1053
7355
3916
4674
4177
1482
2957
1875
8033
8916
6254
7421
4192
3744
1119
4323
2803
2815
4661
3982
6344
7539
7305
2101
9980
4869
7177
7293
6532
7680
3644
4304
7862
4499
9764
7444
6036
8640
7568
8823
7004
7208
7189
282
6750
1131
678
7534
4853
8408
4019
9967
3260
4120
6339
9803
8644
2370
3592
9852
5249
7301
5108
9988
1300
2611
5306
8640
6197
1573
9600
7093
7555
2473
3079
1203
6859
7564
2881
7237
32
7218
340
5995
4496
4728
7010
2108
7496
1405
9384
3462
1335
6075
812
9065
12
7838
5466
2371
8233
6050
8490
1043
8238
6894
8463
3468
2024
1614
3188
6942
6572
7499
7478
2379
7528
9071
2087
5645
2384
3548
6216
6167
7690
1653
2153
9345
6062
2064
9495
468
7836
5446
8133
4336
9096
1873
3749
6602
2513
3649
6889
9935
9919
4103
6860
595
5896
1738
4694
8693
9750
8269
5178
8507
9240
8564
6576
3578
3143
260
8089
4994
1343
919
9306
266
492
1001
2963
4505
511
1616
2156
5227
2193
7083
5854
7046
8989
3617
1998
2762
6715
7152
5790
2903
3342
5252
1872
6649
7291
340
3007
3256
6761
4068
4606
4574
4451
5542
3988
6090
1772
9344
5603
6004
4147
2803
8641
9321
4313
5811
1381
6661
3669
633
7486
5541
2681
3621
2989
5278
95
5515
9192
5313
7292
2100
5877
779
8499
2408
1311
8414
9765
7323
341
567
9638
7532
9580
4952
2273
6051
9132
3069
9357
7223
3617
758
675
1076
1340
213
4416
9142
9388
3987
7360
5501
4143
7992
1996
4641
1267
2315
2327
6004
6533
5787
2582
3557
9080
2676
3443
7614
1621
7612
8466
5239
7940
7926
9369
5059
6607
932
2594
2085
1261
7370
1132
8195
2041
1242
4981
4390
9784
544
814
1585
4456
3048
6421
7779
1969
6194
8342
742
8982
429
1717
7029
3611
837
9841
98
1046
2837
7163
2561
7017
3837
3549
217
8751
4299
9504
8387
2623
8405
1751
4305
51
6693
6085
2821
8363
433
9712
6551
1300
250
8449
5707
4683
9587
5099
7340
6298
6951
4066
8497
5524
9555
3850
2871
7430
4996
3464
5931
8126
6883
980
9232
2985
4978
2457
629
7032
302
7294
3454
7285
965
1709
4374
101
4963
5484
6597
2695
2120
8363
2386
6924
8492
1594
6406
5138
3047
6952
9361
2461
8286
314
9558
7203
3509
9330
8577
1273
1954
5098
6072
5458
697
5840
7852
189
5323
6567
888
1062
9704
2449
8635
9761
4925
5187
171
5277
378
1084
7037
7362
4373
6684
2385
3989
1200
2877
8072
7281
6545
1184
6654
7834
3374
6565
6910
5653
5987
9554
3473
7029
778
6765
3423
594
8454
2912
5292
2518
3939
9342
8819
376
6993
3793
7021
7520
8712
3609
5653
5010
6495
9935
8990
6098
2804
3582
4993
9068
1119
4180
7402
7836
5828
3008
7052
6119
1510
6447
9828
235
1035
1407
4046
7608
1220
6263
5767
2925
9406
840
6598
1551
4247
6833
4827
293
9242
5645
7452
8877
8109
4118
7553
1636
6948
9849
8802
7786
9362
6894
6444
433
7142
9504
2010
8961
984
6287
7211
6836
2785
9650
1026
6995
3526
5733
2790
9997
8467
8156
3269
5883
4461
4869
5171
9309
2540
1143
4283
8922
2631
3306
2575
6184
6233
7235
4942
5885
7209
2780
2018
454
445
346
2504
2807
3099
8640
9789
8008
3352
3251
9290
2243
7179
4173
4911
8762
4507
6641
5291
4346
2296
3711
3091
6556
3600
917
3484
1619
8447
3028
1218
5095
4524
428
9143
2690
3038
7985
4943
6523
7936
2389
6948
2961
4648
4901
4380
1738
7954
5204
2159
2488
7208
8633
5462
4046
1172
3422
4670
3933
4014
6839
7003
256
8641
9048
7211
5958
3473
1397
5995
5821
3997
1440
1498
9888
1020
460
6176
3124
3383
519
8610
12
4096
7127
7428
4511
5345
515
2405
377
9621
3194
6014
4165
1355
3976
7229
3405
5859
8982
8221
5444
126
8271
3740
8206
3101
2692
2430
2756
1390
9305
9116
8933
78
5294
7162
9598
7297
9688
444
6020
5513
9396
5132
6842
2102
1063
2577
5670
6730
3096
5856
7879
3296
2836
4251
5434
9733
2275
1847
9725
9865
2033
8742
6236
7671
7315
5937
1680
5815
1504
7866
3699
7102
2722
9771
5652
9647
6200
599
4113
3964
624
6004
4740
2936
9763
112
2912
3680
1621
9246
9185
3686
6133
5511
5995
2301
8970
3290
1283
2613
3428
7061
6758
8099
4572
4666
3365
3031
9787
6205
4178
5537
7750
5053
5449
7504
3442
4137
9800
6014
281
7603
1660
6919
1713
5246
3991
2312
3666
4692
7019
158
6171
4200
4297
6156
7119
7167
8710
5018
3689
7974
1264
788
7236
7596
8419
3556
5613
6600
9572
2995
2840
2589
4851
7513
9764
8932
4835
1477
966
1711
8022
1992
2524
2217
8913
993
2463
3030
9435
8043
706
6759
9097
4177
8196
7843
4733
7323
5454
9466
9010
5463
9322
9616
7938
4499
2881
2567
1583
4006
7605
4678
8871
5553
8698
6290
6944
5036
4276
4705
7858
2657
6530
6790
594
1542
8375
3538
4328
8780
2167
3118
9697
717
8087
3373
8395
7685
8472
9513
7858
2058
1026
7855
7029
7494
8162
1814
1217
6554
1957
2130
8929
8477
4211
9277
1237
8863
8917
2377
4675
8219
71
5586
2012
6901
1234
9867
1286
9857
4468
5354
2467
5747
5399
7098
2773
1514
7978
4886
6287
5289
7279
6021
786
7629
1118
8512
4939
3520
1647
919
1963
5322
6183
4275
1623
9892
2499
971
1084
1473
7544
5245
6521
5657
146
27
1623
8672
7642
5276
6185
596
3543
3662
7807
702
8405
479
2415
8050
8845
6009
4777
731
311
194
8483
2678
7659
1454
5966
7862
3822
3768
3056
7848
972
8689
9277
212
420
1914
4660
2073
7224
7197
6172
5189
2970
3948
2049
6413
5518
8689
284
124
7640
4684
8324
7252
7427
8533
4628
8918
2092
7286
9148
1367
3383
4724
9038
2886
7188
861
7923
2699
2125
4423
1918
6438
1922
4087
3266
2747
4181
614
2911
783
3821
8648
6649
8989
2858
3906
5586
1304
9522
8795
536
8257
8718
7032
1753
6778
2767
5792
9893
4467
6027
2077
1495
1098
9538
8558
2399
2626
2127
2971
5528
671
2555
4277
5228
3532
3244
8297
8986
3142
9867
5278
8740
6067
2671
1941
8237
5620
4764
973
9940
6519
9835
1629
4821
3065
6734
6129
1058
6828
1206
7893
3130
0
5688
9281
1092
6181
6519
8496
912
1215
4190
7560
678
2863
6314
5868
4210
9622
4908
6739
3130
5782
9237
7574
844
1931
3020
7770
7001
7585
97
2374
9020
5305
5791
3616
8027
3775
2158
6900
186
661
4067
2659
790
4737
9630
490
7725
789
2888
7474
2966
102
8844
8221
5591
3933
968
259
7501
7350
9088
4690
3485
6016
1255
8713
566
9075
6576
3555
7682
7175
7305
8640
5650
5816
7530
406
9104
745
2690
2088
6637
3878
8849
8987
2733
5394
3172
2289
5217
52
7348
3307
4985
3532
3874
9206
488
7652
1030
693
8130
1698
6153
1971
1093
773
8383
3308
3363
1055
1437
6997
2759
6198
4174
8183
6634
8677
1715
3064
6563
4859
2703
8305
3830
2791
8933
7162
5806
7269
2017
9779
4420
7626
8015
7373
1829
9835
5042
2640
5150
6047
727
1600
1618
1473
6119
5312
7913
630
125
3412
2574
2437
3912
5288
8363
6342
7801
8808
2269
9769
4179
1049
4412
495
8663
177
3562
6295
8366
2771
6175
8136
469
6259
7918
2572
6513
1852
1498
3532
7845
9381
2279
3707
5441
1804
3642
920
3012
3760
7345
5455
5698
5550
242
188
7949
1175
7613
6520
3248
6657
5139
5644
5220
2777
6023
6456
4369
4553
7185
8540
7191
8343
8570
1109
4741
6258
2620
6515
5857
6751
6729
9982
6200
9682
127
5626
8019
3973
8036
2462
7139
6008
167
3124
3028
7375
7700
2316
5027
1227
2690
1639
2818
7603
6569
2361
2021
9333
9829
7947
6472
1860
3323
3732
7154
2240
2675
1968
4027
4848
1237
6668
1075
3955
3743
4180
6762
6172
2365
2202
1809
9038
9211
2088
3680
5498
4496
6714
2524
7898
7559
8936
6424
9243
8741
3710
4774
3953
3688
308
7346
5098
8096
9786
3201
212
136
6791
7960
3165
9826
4164
169
5291
9482
3365
7496
5001
7042
3718
1303
1430
4543
8678
3800
4356
7299
7917
5415
9528
5469
9872
1280
5897
8582
581
4797
8748
5336
1135
3156
704
5530
7881
4343
728
8329
6618
7711
9824
1238
4479
496
932
7135
910
795
9687
2507
2245
3480
2188
8633
2716
9279
5649
8876
8441
8802
7950
9483
9907
2725
2473
8301
2800
6497
5314
5728
6609
2959
3026
4819
5418
9102
340
2995
5492
3799
8987
6067
9856
1815
714
6406
922
5652
9839
989
8385
842
3288
1800
1145
2221
8967
590
8770
8383
6531
2361
165
9026
8110
7098
4533
5254
448
7267
2470
5986
3991
9365
3069
4612
8987
1440
6294
8779
3392
4877
8577
2754
2481
8024
3550
6211
5474
1218
9176
5482
169
7675
7119
3313
2632
2335
155
998
5321
1264
8655
2401
3655
7466
7742
2807
8027
5113
2561
6823
5518
3069
333
8610
3167
340
4308
4614
2549
617
6572
3662
3614
432
3766
1799
4298
5604
2212
9565
1208
3649
6692
7549
5880
5607
161
1983
537
9341
67
5944
7075
7777
633
3245
3065
9807
9417
1542
8993
8578
820
8322
1645
1775
8802
8504
9578
1161
5988
5150
7964
4113
6633
5481
1739
8193
6420
2771
7941
879
2974
1012
415
521
7128
3281
2640
1297
6501
6634
7336
4493
9721
6048
4718
777
1776
7451
4797
3318
8379
5183
2959
9563
8
2385
2210
289
4312
3747
9926
8132
8955
8821
1741
4245
5651
653
274
920
140
8895
1810
99
2152
8757
9761
2500
4036
7132
9749
9807
6657
5109
7501
2799
6400
1669
7401
1616
7707
6835
6485
461
1394
3799
5961
7938
227
8631
9928
5960
9687
3037
8832
4723
3698
353
3466
8554
2178
7464
3793
7655
9728
5659
5746
3695
2516
1555
8280
3043
3440
5205
2454
9988
4084
6222
4040
3753
5584
353
1309
7305
9595
8312
9978
3027
4792
5875
8075
151
3987
9262
4464
1544
1894
2628
6119
2885
3757
5160
904
5584
698
3677
4557
5903
8419
2928
2854
6625
2159
9842
2537
4379
2235
9852
7466
5249
1343
3149
9678
3662
6895
6191
8567
4692
9106
9152
5225
7941
8295
3092
3146
1890
2899
1619
945
1272
3099
531
7542
6391
3612
5537
5309
2572
3220
2509
2132
9952
7877
6933
8998
8673
8916
9238
5790
2210
7734
479
4271
2055
3641
8531
3923
244
2083
8347
3238
2343
6320
1128
6364
2408
6834
6315
2568
3174
9226
7188
3909
9263
3168
5577
4686
8545
2104
3668
4801
6981
5817
1247
7977
5224
5717
4818
4929
1055
5791
1026
1064
351
477
520
8048
674
4456
19
8666
5808
8318
9691
4805
6620
8373
163
9108
3466
8494
8493
1855
8024
6830
5259
5993
7926
435
5548
4857
5851
6456
5072
9101
5828
9357
8918
1650
3447
9858
4482
2031
3354
2769
2051
4383
7015
7668
6163
6640
6012
8550
8429
1894
1363
5939
7760
6817
7307
7759
7151
6132
8774
3283
7050
6621
5407
7839
4161
8904
1361
4684
1054
334
9392
4381
6368
7738
9741
1384
7587
4458
9199
2115
8364
2157
3399
8763
210
4210
5858
8287
3984
4140
577
6633
75
9526
1128
4091
7426
9074
8050
8844
623
8153
8124
2311
1152
5976
3632
1637
3630
5828
7045
1854
316
8275
6778
2635
7559
6110
2602
2315
5919
8953
5113
4914
1713
4893
2248
4264
1440
6313
7262
3031
2146
7144
6810
3392
159
9193
4809
467
7828
5897
7621
9206
2902
2882
8756
359
8025
6052
6770
1417
8429
9558
8333
3957
4381
8012
9545
9695
1196
9510
2484
3725
3671
8698
699
4953
3726
1952
6924
474
9706
9983
8613
2828
3295
6714
2078
6469
5368
7080
3986
2510
5175
591
9776
8911
8249
1929
2125
6598
7165
4648
9055
707
5863
9117
461
145
2613
1264
3906
7946
8926
4371
5375
9544
1689
2213
8334
5993
3665
8167
4949
4431
3100
1558
6569
8618
6636
9488
6729
8267
1006
9656
8789
7067
8029
7272
2117
5760
4338
7065
5203
8503
1942
9598
1486
7790
8263
9634
3841
5711
4586
3127
6611
7009
8
8568
9917
2502
3916
7868
9539
9770
3783
1763
7094
1712
6647
4776
9475
2555
2017
5194
3524
5222
1147
6247
1809
3564
2644
5643
8003
7913
7169
2034
5865
2636
4659
8560
4098
9957
5914
5628
486
5146
6675
7351
2589
4379
6385
8641
9054
8073
5698
2873
5088
9280
6523
3237
8044
8872
5866
4425
4185
6658
96
5136
5719
337
9354
6032
7958
2226
2809
2246
56
7103
4190
4309
9225
3144
3630
6456
7523
1967
6207
6684
2367
3084
9796
8616
6789
2674
4840
1286
3078
6540
6467
9272
3983
2347
5021
2271
8902
6789
4532
162
8596
9217
9879
6884
905
4430
2517
4041
1629
3822
1475
3048
9327
5909
1079
2850
92
4335
9309
8756
8573
3941
1077
6788
4450
3181
8809
7077
9393
4246
8670
9315
8122
626
4546
3040
8599
5518
3445
5620
631
3476
5386
1204
9174
2028
8031
4613
8512
9566
1317
5194
6129
792
192
6955
576
1206
4169
2998
5944
7705
864
4189
6623
3231
6964
4307
9967
9557
4112
6488
1226
3842
9108
8687
4599
1352
7499
9082
6673
8880
7168
5888
3637
838
3822
9880
1661
2713
3445
2052
611
4664
7707
3350
4870
1389
7084
8134
1479
3073
3035
8171
4990
6232
4933
9309
522
2561
9675
8724
1320
8531
1891
6665
4796
8390
496
2926
1535
8489
2964
4960
4986
1394
2149
1488
5724
4113
1754
2747
3029
5981
5577
6098
8300
8179
2617
3631
9335
8742
4742
6589
1877
3964
6203
9986
4979
9589
4542
9628
9733
2893
618
2873
6697
9829
1397
3962
5939
9771
2925
4498
5060
4089
2472
9762
4772
3758
8214
1950
8647
5521
2027
2101
3506
5767
5970
3557
9601
6169
5857
1106
5184
5423
5959
1600
8396
6946
7310
3834
469
3277
8369
7720
8178
4116
850
5392
190
6408
5418
9771
1526
1698
1651
9348
2659
8109
4171
1429
4991
1708
2186
9985
2386
4791
2782
8337
9255
6654
9306
1416
9280
5796
4890
7084
5275
1195
7764
1111
9939
4258
9398
5788
9248
2384
8677
7874
5137
9696
5363
7602
1758
396
3895
6808
92
5495
4214
897
8962
4174
9759
6307
6647
6936
4035
2445
6148
8886
6213
4611
8936
7943
3136
2363
6536
4634
9764
5971
6646
7214
2640
2128
665
8292
1249
8954
2490
6892
303
9435
4213
2927
1900
1937
2972
9447
311
6202
4614
1685
3671
3311
4059
933
6267
8503
9307
5581
2316
6465
5855
1276
7097
9716
991
7081
4185
2052
2885
4766
8104
679
7707
3918
216
2605
9081
6417
1895
3150
8133
34
3106
7030
9085
2350
6415
5341
4916
3073
6130
5016
9953
4871
9796
834
1406
338
4587
3898
9880
5409
4268
4661
9639
7621
3354
3024
3037
973
3848
2832
9928
7828
6514
3147
2115
2293
3031
4110
4899
8806
7551
899
2701
4310
6225
5313
3339
2285
1066
872
6059
2184
133
3938
1698
8364
9517
358
9441
8473
3825
4393
3600
2433
937
4270
5509
9659
3732
6627
217
3959
6117
301
4994
2674
3263
8452
6844
9052
6228
6853
9167
4602
9303
5329
3554
1212
4369
8766
1245
1207
294
3934
251
7184
6993
8402
8319
2466
3137
8269
9001
7331
3714
2114
7916
5762
8642
9618
8974
2437
6457
4635
5793
9894
7748
4137
1860
1353
1430
6441
4054
5593
3243
4367
8100
6404
9897
1608
1216
677
4207
3449
6797
5972
6225
6217
8296
535
2909
3353
4646
6165
4185
9842
7550
7082
6381
883
1740
5984
4982
5151
2935
1874
7396
7764
4604
2910
2993
3177
3925
1517
2083
3599
9309
8321
7679
4278
6764
6067
3893
2977
13
4647
2669
7347
9758
3554
6151
529
789
8694
5465
2283
1721
6317
7924
217
1079
8024
3771
3292
5159
7302
422
7646
7642
9837
6903
3038
8310
6992
3663
6689
8331
4243
3268
185
2627
4132
5633
4211
5560
6349
7379
5379
4821
5907
8661
9186
9815
4081
2401
3195
5043
5754
234
4991
6049
1140
6672
102
5337
9448
7992
6173
8329
7016
5215
971
4936
2647
1111
3464
564
8478
9686
9183
1524
5549
2812
3353
3696
9441
2750
7854
54
2832
1225
987
2173
8638
5357
2234
3222
9527
8324
7701
5078
6998
7897
5815
214
6010
9168
6954
9763
9155
8708
5176
2809
7759
6170
4980
8324
5997
5916
1123
447
8044
5628
4919
9790
7669
1081
6145
8370
4221
6230
5735
3363
8947
5625
737
5425
789
1774
9704
561
1387
3527
3622
645
4868
2830
4758
6631
9185
6246
3419
189
2280
4548
480
4058
8131
8363
1786
8770
4873
376
9034
3545
9606
4916
586
2149
2272
3877
4823
302
3999
3890
8105
9805
3714
3395
9162
6003
495
9865
1877
9390
8125
6794
8752
9255
2619
7274
8137
7054
3116
5986
9254
9937
1463
4259
453
259
6047
3482
7736
5261
1013
601
2573
2170
2841
5696
305
7897
2480
5701
3022
9237
2687
220
3685
9027
7056
5083
1497
6053
9329
6801
2051
1673
9013
6402
9590
4110
2074
4251
2910
2142
3540
8432
878
3534
2198
8003
8291
9962
6265
9011
7936
9420
2917
5561
70
9133
3836
408
6281
6851
3581
9545
691
6070
7514
3116
7821
1214
1251
579
3084
2068
4162
1515
8817
2911
5334
4736
6068
656
1558
7403
9918
8070
3432
2775
4026
2686
7450
9871
8304
9345
9076
888
2144
4507
4252
2480
4466
3426
4493
5191
998
7077
3814
1244
8672
4345
4096
4678
6782
6366
9160
9368
4657
4186
6838
9874
5972
7897
2624
7242
576
5299
8103
6907
5695
785
2295
8651
9748
623
4301
9225
3620
9117
1173
6679
6252
1211
5827
1690
3633
1028
5972
5297
2894
2569
6548
4268
6108
8323
4956
5093
1590
3905
482
5049
4045
2003
6755
4137
8715
6889
8835
4822
8876
1539
4542
7442
436
3028
3063
7924
2222
8245
2509
1013
5587
1253
2112
6601
2392
5608
4049
8949
6119
9833
4512
8598
6912
1924
3551
4582
7656
9192
8486
213
4878
3091
6230
9122
5210
4759
5727
9534
5412
5906
2906
3795
1582
1438
7030
7087
1021
4727
9144
3935
8499
3794
420
3631
7140
6844
663
6030
3012
8568
4948
7306
1652
4413
9444
1171
4209
8626
5833
4888
678
3308
7430
900
7774
9919
9084
4352
9409
1734
7256
3930
8427
5591
6302
8486
9297
3961
1897
4709
2799
3805
2792
1775
5368
7029
7668
7305
7763
8406
4676
5284
9958
769
7490
593
1774
4019
3152
6766
1662
3999
3812
3216
9246
9683
6579
5724
782
2247
3140
9302
517
7620
3537
5649
5065
4846
6553
8409
2430
6247
2535
8161
2011
1754
3143
5669
7078
9020
6535
6287
6561
2960
5781
626
8741
3232
2937
6592
5428
5814
1125
5723
1571
5345
2220
2398
1884
8142
8296
7930
3043
1970
868
2813
7270
7490
3110
9480
729
8097
6776
4794
8039
9362
7309
6199
2429
6668
7778
7982
9604
9784
4687
4393
2187
6103
6472
4522
794
64
8529
9784
7248
4877
7007
8600
5192
4087
7281
4462
3488
4747
1987
2930
8158
1002
7860
328
9347
6742
166
1902
820
8658
8523
16
823
6498
8090
3638
4822
5622
5701
8754
2548
8056
1360
5664
4115
2154
1724
3155
2493
7722
3667
1433
2589
2976
2842
5410
346
2083
4274
7429
8829
7186
9452
3853
2093
6788
7106
3068
1777
3181
2965
3387
5840
5191
7104
8137
3609
8924
6201
1734
6431
8459
2025
4981
8592
418
6747
9995
8881
1254
335
5180
9233
3736
5177
8499
3173
9573
8362
2928
3487
8459
2562
1402
5459
9864
2384
9859
9332
2867
4171
6032
3203
1014
3804
8526
5490
3749
8787
5441
4303
3311
8081
4270
9584
6161
5543
5156
2727
973
581
7715
7518
1015
2706
7582
5718
7367
5011
2589
382
814
5303
65
87
4493
2602
6131
7653
6418
1023
5061
7646
855
2700
1780
7988
172
6296
3410
2316
4310
7942
6394
1410
3249
6968
4181
3950
9003
9659
6716
9151
7571
486
7059
6407
7980
1693
2311
9971
5150
9007
5772
9926
5594
3277
4713
4212
204
5343
3508
319
6293
4148
4990
9401
1894
6160
3819
46
8898
7561
4475
3678
8043
9336
2974
8699
7977
9353
5870
5838
2685
4910
2249
2923
6398
3741
4461
3281
2786
1514
1130
8343
5694
9001
1668
1659
2009
2722
4888
8501
3304
8707
5657
2503
1852
209
2529
8373
8325
6680
6235
7626
3024
3160
3575
2478
9854
6317
3768
1587
2411
5819
4666
145
4536
7473
4330
6005
3477
7606
9448
2950
2406
6542
5824
2019
454
2711
7729
1885
2644
7913
2302
9666
9176
8580
2387
4283
3322
7470
6194
5490
9903
5210
4992
3046
1767
1281
696
2150
9991
9661
3628
3212
4631
5161
7022
6329
6759
2703
8890
3399
9262
3262
3764
3726
3399
7014
6533
2168
495
6351
8073
2422
3289
8837
7745
1845
9451
2954
896
8414
559
7515
529
4830
3451
9010
993
9596
7253
9817
8163
9955
8644
4222
4959
6989
9944
8472
3215
8900
9453
5748
2981
4491
1167
6814
8096
5237
1441
2410
2556
961
3490
3963
5622
1113
6694
5079
4885
899
6611
7462
5561
9132
3329
1401
1198
2532
303
2758
5648
9465
3222
5530
8697
4585
8573
1472
8031
4730
4566
6028
8385
5527
2891
2853
4649
7675
8346
7603
9473
1584
4825
5333
7484
9218
356
4840
7610
2306
947
7605
2201
6866
2828
8595
6664
4974
5353
1125
6121
6057
2310
8217
6267
1646
7660
8465
4022
9478
2863
5258
9862
5121
6814
4425
7743
1874
6199
6836
479
2609
3575
9314
8057
408
2854
9320
3956
8412
7033
6324
9799
3097
995
5492
1842
9379
2983
7402
3728
373
1970
856
8707
9452
4547
4538
1088
7300
4199
7264
1078
2073
7858
5885
9354
6497
9498
4505
7736
1746
8182
8621
136
4288
8462
3042
3602
8543
4326
2970
2723
5138
3978
3545
1924
1852
1667
4289
9230
1901
4493
1397
2010
2136
6679
2652
9842
1923
1131
6819
2225
2014
8290
1828
9118
1544
5254
3807
472
442
3927
2066
6838
4024
5579
3507
6900
6275
599
3622
9371
8451
6448
232
6046
20
3882
422
32
9655
1349
754
8158
5053
130
5773
9416
1669
8295
46
1903
2091
9794
4561
9175
9792
6164
9151
3211
3213
2182
8819
5224
8766
3592
3312
7463
4217
4513
6101
8844
7130
4533
1063
4751
6598
630
2566
6668
277
7073
7415
454
2948
7199
5187
3011
7255
4619
6814
5831
2048
7777
6
543
8862
1045
4045
5878
2458
7566
5840
7761
7049
3905
3717
4166
5889
4242
5353
4250
8204
2323
1531
6889
4141
2669
7917
7195
5321
8641
2960
846
5903
3892
1166
5145
6624
5450
7528
2592
2199
1226
660
7476
662
2086
9343
8467
1772
8810
9581
552
427
7207
7051
7754
195
482
2856
4052
1530
6538
8869
3668
8998
9302
2647
3438
1973
7408
870
9423
3594
612
4594
7043
3560
4151
9179
9089
1305
3944
6753
8756
7477
995
9244
5473
3266
1661
5622
9782
9099
1540
7845
9744
6506
4665
6172
5446
9532
6407
6015
47
4979
8025
5314
5531
3970
3183
3516
8800
860
1879
691
9108
9360
5250
8057
932
9863
5469
9229
7356
6461
8601
4906
7776
6899
4642
2352
331
3791
8251
5062
3834
846
5688
7275
6169
3542
8335
2647
6159
9727
856
6293
3695
1967
2504
4694
8571
79
3402
8477
1926
9306
3711
8982
5426
6808
2516
690
2424
6772
4999
8086
2186
2322
993
7343
3000
642
5386
316
2487
6218
983
797
3721
5992
7446
687
3965
9322
5683
6833
8714
5124
5698
7615
7535
8377
7313
2095
9746
8198
7389
3467
7376
151
4244
2931
32
6142
9791
9662
1322
6267
2607
7535
9280
8353
600
9466
3917
2539
256
5816
3423
243
538
4156
6832
9111
3418
3890
5034
8156
9774
704
3885
168
8899
2636
2885
1712
2247
1669
387
4539
7183
2199
1635
6100
4505
432
9047
950
4283
6883
5130
9371
8161
7458
7150
4232
2699
7323
9269
2265
7554
5743
2241
1281
4320
9371
2942
610
6742
6113
6052
8032
642
1595
7991
2835
2403
5530
8875
1270
8134
5814
1689
7639
1754
4079
9133
1537
9119
7576
7699
9341
7103
8797
5355
5946
1011
6004
4003
973
1117
5007
294
2175
9263
4908
8770
7631
9411
8321
9413
7443
1884
9595
7631
5140
9573
2975
8460
8745
5863
6275
8363
1565
8208
4667
7361
3152
8364
3486
1433
1611
119
8549
164
9441
8038
7457
7387
6442
6214
5554
3250
4867
4304
5804
4566
3969
9247
2701
6544
3353
4950
6497
3123
7145
8992
5569
4951
3890
4906
1493
3811
292
959
3574
9747
441
1546
6958
2526
6022
5237
1239
2143
7126
4361
4497
4081
7769
4584
1104
3757
4990
9357
287
1180
5485
3354
6449
1218
9141
1039
1554
7081
4539
1370
4492
4627
7535
7318
2283
2916
343
9332
3218
2102
5214
5205
2587
3142
3764
4879
7523
5135
271
7638
8659
5106
4853
895
2814
1987
347
4287
2693
1206
4918
160
6744
8846
932
1706
4718
4605
9507
2956
2239
979
9268
669
739
1993
7309
6720
7487
8594
150
1038
4113
9369
2540
9351
1046
4658
2395
7038
9558
9314
829
274
2746
4373
7292
8258
1726
734
1164
5859
3526
8556
2793
4259
2745
4559
8924
8295
9908
5645
9771
3121
5639
1355
7534
9525
1230
9544
9092
6791
3056
9348
8798
4344
334
3061
833
8579
3205
3816
4430
9257
854
9135
9394
650
7412
1343
3837
6198
6785
4600
825
1879
6230
4897
5681
2720
2473
3705
1146
8898
3494
8222
3267
2753
3714
1114
6934
5706
246
509
6299
4520
3119
6621
1999
9682
2951
4828
4029
4736
5395
6294
6404
4359
2893
6296
7353
670
727
7289
6640
1807
6204
8465
9887
4185
6911
6048
8236
9975
6397
8892
561
4352
3411
2113
4595
2850
3854
7378
2767
7736
2993
2290
8351
3779
9156
2852
7613
7967
9113
2370
4018
4809
9687
7376
1307
8686
9711
6152
3247
7390
1419
8240
9219
6471
586
3994
6450
2300
286
1638
1653
2852
4011
5597
7115
9147
77
3886
8882
7001
742
4283
7558
8282
6242
8671
5465
3218
6112
2457
7446
493
7546
1301
6403
9794
3340
512
8846
2326
9966
3434
161
8370
9749
3880
4105
7381
9758
4264
6104
5386
4036
5465
5349
6430
5103
6634
6380
9718
5270
3192
6886
1732
8248
9067
4788
3113
6778
4877
4302
3360
2551
7174
7678
2515
581
5173
6544
7926
1351
427
4414
5891
553
1793
9777
2537
8074
2772
7443
5653
4949
750
4299
9332
9488
8057
4509
6285
1489
2842
8310
8466
6523
3746
8046
5260
647
6096
4822
9878
9568
8911
9300
8875
5306
1419
496
6700
7660
4958
7208
7077
7462
1153
7696
5662
3481
84
4576
3904
5118
2792
3559
2339
8574
923
6603
2630
5048
2562
2349
1597
5695
7378
9274
7218
9589
6109
9908
6081
7709
9087
7681
4187
8127
6010
1473
8104
4957
4535
6793
1491
6437
8335
6661
2794
5489
6260
9723
3509
9550
2992
7908
2832
5095
8135
1034
3750
6295
5084
1147
7648
6541
3223
5115
9382
6204
6984
15
2426
9918
3149
2170
4172
1918
3386
7386
4763
8530
2493
6859
8948
2775
4032
511
9334
7223
4167
7133
1186
7743
1352
8549
3420
2583
4252
3298
7817
8353
2753
3797
8646
6899
7284
9842
7857
4805
9760
387
6788
325
5444
5081
3971
903
8758
6750
9981
8135
7654
6142
4556
5997
553
639
8210
2507
7032
9343
459
4574
8474
7993
9405
728
7701
8485
2926
6687
7253
9426
14
4247
4419
6120
1880
4866
7396
650
6394
5494
1004
5320
6135
5687
2289
5603
9871
1862
6040
1983
9650
6654
7744
3571
833
8783
6835
229
411
1569
6235
4107
9688
6305
5107
5908
1065
47
532
6028
5056
6086
373
5775
2879
9337
3968
9269
2040
8209
9527
2360
7153
9119
7064
903
5921
9756
3571
7079
673
2446
2737
9104
9145
9523
4981
6618
4307
8476
4825
1338
1932
5823
1694
133
6351
5180
7142
5585
9377
6759
6167
7314
4719
2680
2803
5868
389
4911
519
9827
4587
373
6037
5886
6312
829
1203
1206
589
3527
1218
7032
9589
2259
9199
2707
5159
7487
6339
9601
5319
8502
4204
5176
7137
175
661
8454
1055
1842
3791
9467
7224
6040
8752
6948
2692
438
1015
452
9396
7119
5655
5408
6813
9595
6447
2155
9882
9385
407
2940
2315
846
3108
4060
7794
5025
7627
3859
6702
736
5275
1116
4030
3841
9418
2540
4868
3734
4649
2501
7529
9409
2291
2969
729
6192
9851
6655
504
8179
6348
1785
4574
754
7721
2653
6730
2173
6450
6100
1454
3129
7411
428
9510
8450
7589
9895
8487
5661
721
4903
8407
990
9206
5271
1423
4579
4696
1563
6346
3177
5660
7351
3310
369
4911
3504
1194
1537
2594
4113
635
3170
465
2505
8410
3890
1415
4956
4764
7604
4137
9156
3875
7589
6617
4280
9054
3963
3673
9585
8499
6012
3169
8867
4485
5162
2716
8819
8704
3954
3706
357
9149
1378
2309
3321
9397
5106
7734
6608
9469
6773
6484
7746
8512
7267
7590
8225
3483
5238
7901
3441
4751
3462
8373
9054
9051
4556
2004
8749
2601
9630
1578
1919
2339
900
689
3634
1239
2040
4662
3401
4424
8088
8943
3686
6433
109
1258
3950
6382
8497
451
1030
7023
2772
9276
2102
5699
5065
615
2181
103
9082
6609
4114
9364
6277
8005
5401
1492
6200
6676
2786
1498
8567
7679
2562
602
431
8526
1769
5862
3042
2371
3095
1298
9481
8726
4151
6098
5930
15
32
2868
6594
4765
6594
9063
4696
8589
695
7677
9732
2206
2836
9099
4208
1746
7068
4633
1467
292
2820
3585
9888
1216
3395
57
7738
3256
6266
2643
7251
4446
1037
47
6155
7051
1945
8329
9757
8473
3122
963
6996
3721
6478
1168
9373
3487
4051
7102
2575
8151
8916
4387
6781
2068
1364
7203
3129
4418
9919
8698
625
2576
39
3840
9912
1461
6797
2973
7727
7671
1738
2348
8635
316
8224
8677
8675
1434
4051
8349
8929
7619
4902
8399
5702
1065
7279
5500
7998
2624
4967
1338
2277
1651
8785
7553
9118
7454
5421
1095
6304
4952
7460
1344
8147
2803
3394
3617
1360
5707
3343
9786
3718
3833
3505
5659
2879
1426
9930
6500
9267
3482
127
6597
8698
4144
9212
6157
7572
2907
5839
8955
5874
5113
1988
7153
960
1297
9849
5499
8196
5917
8475
5705
2843
9777
2689
3240
1296
1972
6780
2979
8761
6634
5960
7209
4776
6903
9242
9342
7576
3582
8423
9341
3271
8760
9218
2354
6002
5301
2218
342
855
1567
3314
7584
2116
6985
5510
4863
5703
8160
6635
3863
6030
7096
345
2852
4436
2806
1069
7074
8376
5089
7000
2438
8039
4577
9157
9082
9775
6301
8625
2172
3795
4947
8580
892
6954
8756
2469
3016
127
5597
4809
1664
3670
9091
6461
2897
3770
4909
1952
7653
7109
7348
2455
9194
1188
4107
4342
7707
2924
2847
9921
7011
8651
6539
3894
4398
4578
5873
6361
3579
7879
6078
790
2410
5145
2394
3260
1644
6675
3098
7509
8269
2254
1553
8837
7196
6460
9022
8754
8023
9314
8144
1409
9377
1116
2919
2316
1977
8710
4806
9637
2936
4066
6101
8406
8078
5112
1163
8453
6075
2986
3234
7500
8057
9577
9634
1958
9034
4080
906
9233
2922
7598
140
7074
1273
326
7151
7384
6914
6771
8434
4248
7599
601
7898
8491
1523
2239
5281
3983
6090
9111
8811
4129
3656
578
6219
499
3171
7024
3520
9398
4580
5292
4112
6313
3685
744
1694
2660
8717
9579
9252
4007
6325
3711
2958
4050
3912
4533
4195
4005
7257
1165
5102
2824
7266
3440
3098
9617
7312
9774
7586
6059
3138
5346
7758
3160
575
6548
3798
3765
2415
3543
5086
9437
4736
3948
8055
7927
4654
7155
3247
5367
6054
608
5811
5535
7201
6474
6187
7040
4275
9579
8060
8135
7883
5216
8779
8017
5371
8511
3406
2926
372
5363
7307
5127
2438
8698
3769
2969
3833
2750
2521
583
7613
2377
2220
6526
950
4069
4989
1680
359
214
3906
8068
929
8439
4972
1883
9969
3391
3555
6011
6591
9226
1540
9584
2639
7192
5516
4695
7141
4263
8173
3317
5964
5519
4844
658
730
5135
4558
4729
6213
8243
372
5743
3400
8699
6816
3082
6222
5812
3274
2077
3518
6505
883
7587
4269
8014
7070
6458
3304
264
6276
6359
6779
6330
7579
4188
1546
4054
9960
3267
203
1775
3766
4899
4111
6408
2558
6488
9932
2650
2989
5405
1355
7954
1614
5043
6602
9113
6592
7114
4021
2770
9151
2104
2619
3988
4353
8058
1744
4128
3239
6364
4285
1724
8730
2050
750
7771
5804
5261
7351
9917
2418
41
9858
8407
1406
6336
6368
310
5152
1187
6389
7569
4210
5529
673
8687
8276
3683
6071
3523
2878
3683
2374
5572
8018
7898
3558
6361
5606
5067
4170
2148
974
6845
2653
3973
42
4184
7380
8311
7753
1535
7840
7039
5291
9674
3007
2273
3290
1246
1231
3717
5760
6586
1208
3625
4769
1247
1515
7192
9050
814
7013
4283
667
3020
4035
1738
2625
1992
2648
4213
6864
4516
3570
5471
6498
3620
9304
1376
8321
486
3938
450
1637
1732
3724
7775
7283
5425
1014
3290
6340
5874
7436
6053
1502
4163
8278
1956
5292
8702
9000
3518
8437
7654
6469
6893
8537
2965
2111
3049
3927
3992
1477
7166
86
7187
4921
2760
6296
7195
7053
4765
8394
3818
8414
8865
9378
8801
1443
2751
3428
6153
4201
8639
436
9805
9557
5393
7555
2806
4585
2901
1452
2989
4761
967
9975
1024
236
9922
4757
8173
6906
385
6923
2638
3341
5188
6493
5434
5681
7313
2375
8929
6572
3912
3863
3824
912
7937
6478
3216
729
5729
4671
5635
3884
1055
1426
2428
6404
3467
103
8743
6312
1647
7025
1480
7522
433
4240
2074
6043
3593
651
6716
7111
3105
6282
1730
1102
9694
8847
7221
8148
8657
3947
7809
6178
9681
279
5298
4836
9227
9032
4475
8154
9350
2272
9873
2167
7345
8612
8289
9785
6503
5656
9150
4107
9428
7846
2370
3121
1860
5159
1282
3281
6770
2874
6402
6773
5594
5052
4349
7484
5918
4780
5038
3640
2665
2295
9452
884
2880
8095
9742
8174
2614
1893
3180
264
8042
9819
1592
4813
1977
1703
8269
9154
1244
7434
5108
1652
9983
6405
3722
5209
8900
6899
5620
5986
710
2874
8194
8678
7596
4078
5230
797
7351
1672
2912
2320
1070
5606
4900
3810
6757
1898
2944
5621
9988
7645
2715
3206
4932
9105
8080
8653
6436
3527
839
6597
6623
8525
7139
3437
7536
3745
6229
2363
4689
8329
1968
3164
5107
4275
2632
4961
7405
130
9936
2108
774
1709
3898
8293
4361
6484
6216
1605
8452
6168
1163
3750
4129
7592
9627
9934
8609
5479
8935
2018
9354
1937
8337
6454
1226
6584
7616
265
7437
8093
4223
2856
6873
2665
2506
8794
7475
7410
7156
6876
7800
6966
1825
3772
6620
9827
3016
6317
3481
6764
8802
5142
1519
7520
1732
3740
7495
3505
5343
1300
3009
3623
4107
4668
5189
7542
7357
4666
4712
5740
8759
4660
4013
8478
4240
4727
8719
6484
2922
3104
954
4582
7582
7661
4000
5763
3437
4081
3978
7252
6629
4157
5734
2038
6695
7150
6896
9001
528
9507
6192
2290
8826
3408
9567
5954
9916
2591
359
2906
9937
4677
7857
8316
2873
2855
1954
6227
8669
6165
253
4802
2781
6873
8006
9978
5875
5459
570
9494
8143
8603
2658
9297
8701
3199
8641
2107
6878
9940
3351
3611
8866
3276
3423
5148
151
659
5076
3064
1425
2925
5415
3927
3268
9357
823
1736
2797
5544
7826
7911
3669
9492
8930
7378
9372
1604
8376
4395
8577
7130
460
9881
450
5495
6180
7962
7320
9476
2297
3224
1836
8663
591
1711
5880
5827
4108
8105
8852
1889
1451
8729
3703
5018
9851
4997
79
2058
2637
4790
5310
5974
6974
9851
5597
1272
3335
5743
1743
479
8980
7175
6024
8666
3947
5582
9398
9742
9531
7709
1147
7762
6040
3665
6265
8884
8731
426
9415
4729
8267
2055
8134
5930
4776
1094
2108
5388
2656
6476
9794
4419
6621
2110
8455
1326
8198
6836
8760
1228
5834
842
486
7956
1132
5825
1587
3716
8296
6208
8928
9889
3854
6524
5285
2779
8920
5712
3911
1459
6857
2549
8889
933
5040
7662
6788
2758
616
6661
2727
7016
6649
5810
1849
4030
6839
6353
5409
1614
4137
6122
9229
3777
987
7371
1089
9807
6699
7922
2783
8428
486
8653
2034
349
7083
4119
9233
3922
5546
4662
4047
2870
825
7764
7370
2062
1989
3586
4763
7211
654
4642
8591
6976
8015
2389
7382
1489
9221
4144
2581
9562
9308
2181
4864
7993
5818
3134
4404
239
9409
9888
2123
8517
5245
40
1813
2883
4755
4698
6268
3228
9506
8901
4057
5277
6309
264
7426
9667
5479
5590
5975
3947
2188
6128
5181
997
4231
938
3671
3712
8215
4357
8178
5086
154
7997
555
4829
5792
9857
6923
8532
558
3159
5037
3050
9020
5353
2323
2233
8921
3351
3667
478
5477
4495
5000
7603
7427
4055
6014
7545
7571
9081
2922
5031
6976
5356
62
8979
3869
8870
7393
8694
5327
5757
9418
9110
2340
4955
9932
4314
6530
5985
6129
4356
9900
184
5085
8972
7322
7514
5377
3260
5193
2593
6717
4568
8641
3034
866
6907
4009
336
7804
9042
2929
8588
2166
5093
9261
9090
6284
1949
388
9604
7826
6084
9935
5403
1996
3490
9845
5560
521
319
5915
1968
2244
8604
2403
486
3046
915
8118
3296
6031
219
8528
9054
6426
6318
5836
2773
9501
8270
1751
466
3946
2956
5701
4565
7624
3573
4631
4870
7378
8243
9197
6354
9668
8170
5164
9541
4207
6789
8126
1383
8493
6243
4282
4534
7130
5161
9936
789
6208
2190
7624
55
9629
3056
7343
9686
1235
4976
7223
264
3905
1229
9138
2993
4305
354
1298
740
9956
9034
1614
9474
3439
5059
2792
9343
7096
6920
2514
4970
453
9579
9829
2678
1693
1748
1917
8289
4012
8600
3765
2917
7434
5271
6983
5749
6786
729
2971
2175
6883
8623
9956
2838
6744
1597
3045
4195
5637
8188
1359
3968
5119
6947
6582
5546
2869
675
2772
3802
6092
4795
8201
1074
4533
7777
6133
6133
5727
8286
2964
824
8036
3241
8951
8788
196
3331
8866
8169
9660
7720
7362
5533
5843
7625
6560
1366
8520
9249
1438
8460
6113
170
1974
3263
3349
9691
9657
6827
2890
2870
9995
6392
904
25
1954
829
2289
8331
9864
3169
7272
9804
3272
1286
7431
451
5476
3425
5878
8645
2009
8705
3249
6899
6220
4006
8473
110
298
7710
854
5104
6540
7649
7892
815
5519
5314
1515
5826
4877
888
3880
126
4956
3997
2775
944
5153
3183
5768
8300
8027
3083
1754
4527
6467
2032
8284
3405
2988
4385
3176
8825
9161
1265
9302
9890
7525
587
2151
9255
7923
2271
801
4145
5160
7356
4265
4992
5094
356
6837
4902
1871
2652
8005
4276
9833
991
4808
8838
9853
9202
7062
6018
1320
3150
8810
4221
7818
8639
2556
1825
6644
9477
6359
7956
9768
8256
7712
5033
6553
5507
2283
3885
6636
3874
38
5854
4721
2669
6070
2681
7724
4786
8529
4242
8707
2292
1444
6206
1341
9256
5956
4570
3254
343
9491
1665
6562
1558
8758
8732
9109
5133
9086
3426
521
4020
9593
6759
3018
2696
946
2839
8148
58
73
6565
7060
7093
4065
8922
3770
6670
3739
6905
7987
5348
5852
5254
6482
7377
1794
167
9742
9252
9732
937
3714
9071
6653
4088
4794
8761
6519
5965
9899
8766
835
3997
2488
4209
8342
3865
9650
8710
1245
9684
5046
7070
6417
6952
7384
849
1377
3511
4396
1492
6443
2059
7776
4115
6487
8841
5493
1326
7931
7080
3982
506
9266
416
4293
9887
6235
1193
3030
8449
6055
756
1044
2158
8584
4102
304
4412
6144
9209
2060
1679
7909
2155
7525
6251
9189
2731
5638
6840
739
1694
1149
4250
8295
8
294
3804
7967
2476
594
8359
8787
3023
5961
5786
9778
6534
8213
2579
5230
2667
1337
923
8511
309
5423
9986
1720
7486
3024
3447
5762
422
1907
4371
2992
7190
4644
5402
2511
5934
7300
6961
6381
4994
6582
8624
3556
2431
7277
9212
7184
5424
9514
9210
53
5813
8456
5138
2449
6661
7414
9203
6443
6107
9025
9165
736
9047
8160
2730
561
4181
4513
7970
7893
3844
2448
6294
8208
6699
623
7300
1383
8843
4140
5484
5991
7169
7527
7237
8193
9941
7740
2790
8698
3436
2547
1883
3881
265
1138
3777
13
4477
641
1952
2788
970
4306
1337
7862
1837
4592
1234
1948
288
7093
241
8159
3576
9332
420
3759
9948
1799
6723
3267
1061
7302
4249
4924
555
8680
314
3948
1461
4266
470
1727
47
5051
7673
6088
1303
7499
1582
4165
1805
1152
613
5998
8929
749
2840
3986
1549
8448
3068
574
6217
2909
2493
4164
4594
8515
4232
1102
2406
9784
2737
9859
7585
3177
7568
1999
5388
897
2362
3393
1305
9074
7955
8287
8310
5726
4557
8283
3662
2305
1656
8076
1841
6295
5867
9876
4449
1319
6375
8851
4954
5538
4766
2616
5986
8724
1093
8859
9582
3336
822
6487
6247
5164
7937
7370
6985
4656
7947
7675
3564
941
790
116
6192
6695
7682
974
4514
3541
7884
8688
7366
4448
1017
3998
9102
1722
8088
5181
5444
6619
9712
5711
9818
9344
3129
5882
1896
6274
596
4337
3692
4584
462
280
4971
3170
8822
2176
8939
2723
4031
4200
1264
7154
8553
7369
287
3144
2627
8336
3968
4564
2060
5154
9612
3731
8090
5981
5654
2032
704
3642
959
8312
8067
6248
5937
4612
3777
1669
1561
5323
558
1548
6875
7644
3686
8744
2958
8347
9977
651
1460
4265
8449
9644
8818
1705
6955
1077
3039
2988
4984
8698
8551
6750
6612
7147
6029
2257
9166
1281
8338
7036
2514
2446
776
1393
1130
2583
3652
3023
6063
8017
7899
9851
6789
6171
9896
9482
3524
57
9987
9191
9062
7388
242
1268
5432
3408
986
4690
4762
9138
2280
5619
5597
9637
6137
5994
5648
82
7579
1646
9433
992
7809
8744
4597
7795
763
189
3847
4015
5087
1566
378
1917
7194
9681
3401
9114
7462
5361
7017
4838
878
6209
9984
4875
5466
4298
6209
9960
6681
8419
5718
8402
3630
421
3767
65
3469
432
1318
5483
3578
6294
3587
845
7268
8441
4647
6860
7647
2590
5089
7114
6039
9151
6678
9399
5854
43
2629
1756
188
720
4594
3444
1585
7673
7852
9937
5385
9371
4255
155
3839
1704
8460
3634
6828
7339
6763
5101
6390
2078
9365
3998
6518
315
6339
6917
6717
5991
4729
1615
7675
5052
9248
2295
50
365
1833
7189
2880
294
5994
1119
6383
7654
280
7687
5049
6700
1519
8008
811
1917
2491
5490
2844
3921
625
9079
41
4566
3985
583
4620
5485
8339
5211
423
1695
4398
8335
7505
4683
7475
5585
5355
7414
2748
7889
723
7081
8080
7821
2427
102
2892
8722
4759
7859
6028
3462
3128
984
7672
5394
457
4611
463
128
491
6953
2716
3041
4674
8793
2328
4112
2525
2055
3381
8648
1569
1467
8711
9703
1767
4536
800
5627
1145
1516
215
4040
3836
8889
5521
1764
9136
6985
1111
8775
305
4785
9713
3046
4845
2721
4466
2339
3777
7329
1411
8435
6031
9970
6996
9094
5492
5544
6778
3102
2457
6092
863
4170
8327
8490
8867
182
2178
5074
2138
5266
542
946
3848
3572
7203
1979
8166
5209
8111
3059
8187
6827
7596
7024
8552
1563
6014
880
2749
5673
5655
7428
6999
2069
1311
7194
2299
4197
4233
7705
3722
7212
3378
4568
1387
7244
5840
1565
661
3704
9132
5021
76
4048
1591
1086
4234
5162
3616
3239
5517
665
1634
1324
2835
8788
8787
2740
7812
1217
1135
1012
8827
9321
5859
6911
1178
501
8439
2536
7228
4067
9044
9326
3862
3007
4495
6830
5855
5280
1071
265
2794
5866
5158
1363
4110
8695
3291
8835
1454
5790
459
1883
168
9502
5764
2629
1931
2521
7453
1083
8776
9537
5150
9311
4648
3843
5745
9845
4398
1996
760
7061
1727
9693
7291
9234
6923
2454
1635
3290
2479
5404
4578
3909
9672
7467
9982
3529
1985
6627
3787
99
1932
4569
8836
4918
6252
963
2039
3832
726
9934
4293
1201
9922
3857
326
7553
9075
2499
5157
8652
5000
8772
6220
5826
443
5838
5373
4828
1592
4209
2982
3253
1629
1573
7076
4582
4115
2585
4150
303
8798
614
4627
236
8968
8530
5221
5186
3905
1018
2462
5339
2133
6626
6525
2469
1221
3749
2143
3915
7687
1139
3895
1564
6196
133
6418
9616
694
2778
6223
776
1377
7308
683
1707
464
12
1526
5071
6629
427
4668
7279
2652
5006
5601
8216
3350
2946
9712
1608
1165
6687
9879
2468
4944
8743
9482
1093
3366
6002
7590
1474
8251
2390
4471
5654
4546
897
9820
4539
3176
6351
3145
37
139
1054
5578
2933
236
6397
5082
5920
6657
4934
2469
1398
8256
9028
3954
9233
4830
4151
7074
522
6938
7195
703
9622
909
2735
6638
8140
1528
3102
9767
1459
4631
1303
6171
427
9314
9391
3706
8311
4804
8694
7559
5851
173
2481
4079
5287
6002
6095
9792
7644
5903
4367
8914
6178
2334
1204
1903
2961
5556
1656
9648
4800
6776
2466
2729
9388
6506
3141
2858
2454
7034
5924
4086
1959
3481
9684
4654
5924
1421
9716
6467
6357
270
2716
8085
2916
713
3772
8862
6450
1360
136
6395
4360
4478
4733
6799
6838
3192
892
7502
5490
2836
8644
5212
3567
7301
2040
7528
111
7147
6454
5232
8675
35
4570
3756
4965
5577
9863
6513
6739
6104
6784
9844
3620
2051
7554
9177
4080
5663
6520
8660
1792
9536
4351
2004
3801
7176
6004
587
8502
1159
8347
5936
2302
779
5630
7649
4
5117
3527
4537
5465
9357
5445
6307
5879
1869
7937
5468
5143
7090
5636
4283
9221
4573
9936
9617
9139
7661
9804
9256
5321
6261
7570
6953
329
6879
7321
9786
5768
9712
8601
732
3094
6930
3543
1320
7383
8512
1236
4140
7730
1988
9193
2621
7888
272
8100
5975
5989
7406
2679
490
2746
5476
8478
4485
3432
7224
1647
3110
60
7954
6377
945
6741
7212
2559
4879
2963
5425
4442
7082
6664
3173
9587
8087
1415
1123
6269
2953
9755
6749
6600
9268
7798
9954
2145
4374
4571
3428
8545
599
3258
5173
5769
1501
494
9
1012
9194
4173
4058
1974
2663
9840
1231
9260
9633
689
3554
8010
59
6413
7800
501
7586
1718
9363
3408
6403
6183
537
5739
4892
3327
4464
5978
4134
8235
7884
9936
8925
9918
5526
3971
1285
6665
6477
1802
1612
130
8206
6950
615
6583
7032
7008
5955
1861
4798
406
1107
9886
250
1091
404
3328
209
1659
3423
8964
9991
856
3929
9593
4752
7082
3439
9012
3420
5562
7153
6445
4711
3188
438
2100
367
1670
7391
6072
4176
6621
9075
8668
6628
7456
7944
1430
4107
585
6720
4619
8417
6273
4505
8719
7123
7757
268
4664
7723
9742
4029
9888
8964
2213
9022
5086
764
4680
3913
9578
138
5418
2763
1591
4303
37
