3707
6740
2243
7541
8568
2833
2837
3559
7602
943
1607
6149
9811
2011
9082
5124
7601
4016
80
4718
4901
7777
2393
1042
2854
4658
5770
9442
7759
6636
1233
7153
1104
6654
6080
475
9504
9880
3059
9875
3170
4593
3161
833
5100
4749
218
3085
9652
5000
2071
5953
8333
2889
7482
2873
2716
2298
110
3961
9241
6796
939
1445
8308
1515
8321
9168
578
7387
466
3980
6651
2147
8626
3845
2431
8385
518
4709
1375
92
2567
5819
6574
5660
6453
1034
133
7076
146
1922
4685
2209
6116
6938
2052
9470
9719
9825
6996
1924
8923
9518
9872
931
2441
3323
507
7823
7155
4887
7129
5759
7223
8575
8345
2903
6702
2277
3222
2410
4686
1368
4387
4274
6971
7590
1726
9057
1089
7922
9724
3755
2193
220
9804
5617
5697
4292
102
574
8861
9420
9058
9176
7583
1891
5902
4354
6508
8995
679
2201
325
9190
8798
9036
1565
1632
253
5467
5584
2117
1666
916
6527
6637
54
114
9029
8203
863
6449
9143
7374
9203
5742
4604
2015
2467
7988
8865
7201
4524
3960
5593
1912
6588
8122
280
5179
7454
9306
3472
666
6346
5780
5750
5362
4862
1949
8024
4977
619
9759
1995
5934
4132
9085
4684
1440
2162
7848
7825
7002
5341
4450
7606
8985
5198
2200
2775
8324
5917
7854
9412
339
9093
4134
8849
763
5595
9152
1117
7542
7190
4010
110
7754
2047
3574
8186
9069
2440
4358
7332
5583
24
7817
1218
8577
3901
6917
7455
3747
9368
8822
2227
7838
716
6752
62
9209
9737
9644
9993
8879
2687
9105
5596
816
2414
9330
461
2881
9018
7156
2564
2682
2025
6226
669
5864
9352
1352
3434
7818
3539
6616
7180
3711
3695
3462
1463
5803
2388
3117
2486
1559
327
1034
3185
780
8074
9732
5378
5098
3303
408
3767
8571
4091
2994
3739
3822
3651
8960
4991
4200
9537
1094
750
8770
852
9724
8056
3604
258
5422
7982
9785
3731
4078
5947
5835
9868
1430
1347
9849
2332
634
2595
4531
3514
8226
8394
6519
4896
1020
8541
9951
9715
8824
7908
3005
6541
5700
5355
5361
8156
5455
5314
3935
8738
5503
3507
4060
3752
6856
9843
3340
1195
7029
947
5833
9872
6953
1938
4902
243
2584
2094
4129
6039
6850
1891
7001
327
7823
9478
7738
7990
4536
3172
7600
7709
2758
2751
3269
419
9226
6433
6514
7975
4287
2307
7218
5275
9759
2665
5091
1457
922
7218
8897
956
8945
6478
5852
3165
2878
9732
8044
257
8299
2992
7127
6330
3172
1043
3373
7414
62
4303
222
1173
7920
5577
871
7107
5925
4008
9171
2976
6471
3502
3123
768
4376
766
5583
6085
4562
3703
3463
8042
1078
4365
3659
2926
6151
1939
1226
3761
9189
279
2888
9642
2086
1422
6904
3275
9054
1190
8479
2460
6281
5520
8486
1496
9159
6445
2058
1374
2569
4840
2778
3505
2784
2933
7678
261
7876
3396
7981
7072
7255
3358
673
5022
9903
1100
6332
9944
5215
373
9399
3855
9964
2291
8080
7251
9822
7572
2401
6254
4153
2547
606
6881
8298
792
6043
9847
8500
8489
8948
3174
735
5727
143
6664
6279
7806
6552
1791
3573
310
1653
2942
8137
9247
7516
1106
9666
2848
8912
9066
8203
4771
4120
7974
9353
9389
1533
8753
1844
8619
5939
8226
9443
6295
3435
9070
3230
509
9323
4743
9522
6495
9087
5401
3375
2690
8524
8459
7519
394
5481
7953
1818
3084
2281
146
8917
4926
4887
8907
7597
9231
2131
3337
6539
6714
5921
1818
7703
285
1241
1225
325
7811
2968
7364
3656
6761
5061
2909
9003
5024
6505
2040
9375
278
7568
6818
8078
6259
9348
8907
6011
8026
9410
1684
1043
9903
6377
1999
1900
9163
6722
7899
3245
5686
7773
8470
8305
2895
1910
4619
289
8022
8304
5113
4104
450
202
458
5432
5297
7697
8326
5099
5668
8233
8136
2844
1081
9646
9143
6098
1454
3476
5914
6180
5738
9478
7425
6447
1794
5787
1189
4358
9419
3037
1806
2161
1589
4878
4079
8965
9905
1804
4515
332
9007
9976
1367
204
1283
1807
2657
3972
7596
489
3647
799
1927
6351
56
7949
7879
8943
1026
9759
2764
5118
6279
9195
665
9992
5232
437
9302
4660
1918
6837
6782
1789
8480
9777
3392
7838
1750
417
488
8501
1945
8177
3206
2243
9872
6871
6263
5267
9209
1874
2403
132
3402
9429
1216
9372
2501
2270
1963
4921
3870
4094
7840
3951
2123
9110
662
1785
7871
1872
4331
2983
1876
6928
2673
2379
1113
7412
2205
8888
5859
6672
3254
6250
2434
7224
3438
6501
4495
6930
6017
3954
6908
3132
1847
9721
112
1659
7742
9425
9636
9141
5962
9616
4965
3840
9216
1648
4315
2357
3081
5285
7014
6972
3081
8149
3205
1154
6769
1253
1343
8813
2153
5368
7579
6228
2501
7693
7545
4297
4204
3435
260
2713
8694
2269
5944
7014
1669
5394
4360
4024
2840
4883
7990
1201
7269
3421
4801
583
4983
9115
8690
8629
9013
7066
1742
9104
3246
6651
1425
7320
568
1055
7494
590
8655
3481
7994
1491
5461
2709
1038
7711
8972
9160
9254
4655
6103
1497
6742
4728
3771
2919
4189
288
1098
5777
6379
5622
5481
2920
7776
6964
6825
4257
6048
8602
3623
7435
489
7393
1764
2223
2099
7646
1966
9250
4795
3260
4539
5056
2664
4239
833
7069
6496
282
9165
4102
3900
4984
9279
218
1267
408
3466
2409
2530
3236
4367
5438
9240
557
9146
393
8813
5431
7278
7048
2989
9827
4482
3945
6503
5270
8465
4270
6764
9574
3130
53
8947
1431
6593
2015
7326
3288
5005
7442
2874
6954
8483
3901
9240
5667
7720
2296
4024
990
9792
8810
9972
2818
9560
1595
1175
6048
8648
4758
2636
7980
7466
9097
7706
6433
6976
6382
6761
9704
6002
1514
2272
6017
6732
4815
9908
1891
5795
4922
2709
6017
780
1260
5506
7600
2402
3936
9756
5946
634
8026
4743
1052
9105
8692
9710
3394
5789
3346
2882
4733
9596
7179
7607
805
1878
8734
2833
1015
9026
2960
5034
9924
7369
192
1350
211
4408
812
9167
7060
1032
7055
5693
9469
7839
5332
2145
4845
4914
4745
1115
9435
8522
53
2383
8644
28
246
2016
8078
2066
7094
1910
8287
4502
1574
2128
3612
8031
9898
6354
8275
6404
5038
1568
915
9217
4087
6662
2143
5970
6576
1125
8366
8642
3975
4158
9124
4464
5959
6619
4506
2712
4790
3049
3792
9400
5151
8701
6454
1549
3119
6970
1841
8343
4616
5918
4467
9951
643
8675
7668
6023
3857
1432
9584
4968
8680
4474
1923
1990
4975
6204
3748
8562
3589
7522
9686
8528
547
4030
4333
6338
5559
6555
2443
1066
9599
6256
7479
5809
5844
9175
9518
5800
7974
6535
7165
186
9961
1291
7127
1760
1873
8481
9412
6159
6899
6817
5720
7054
5874
1553
3553
6653
6885
4221
8777
1504
9200
3048
4969
2022
2735
9033
8711
402
6535
6527
6205
5686
2334
3916
8057
6624
2179
9549
5894
2647
2284
390
6601
815
8828
6048
7384
1898
5256
8828
7618
1884
4758
1212
1499
6183
6097
5809
8877
2517
5727
9213
336
5083
4208
437
6586
6961
356
6643
1519
9914
2256
3729
2934
778
298
7005
4820
1406
3746
7674
394
4821
8973
4111
5565
3643
4495
3056
8459
8132
5167
4734
1734
245
5547
7653
966
7018
272
3376
4175
1252
7566
8906
4672
3
468
4495
1845
1710
9252
7669
2258
905
7631
46
6478
5418
4814
2129
5409
4748
5257
2683
3625
9816
8038
3506
6146
3751
8185
7484
9444
500
2994
7634
7066
3109
7419
7537
5183
6323
3917
9020
3663
8789
3831
1248
3751
8583
9303
6490
4386
2088
7034
1725
5301
244
7758
2015
6597
8158
8219
1071
1240
3695
5643
6825
9106
8230
8235
4970
8569
8010
9043
1412
4429
7776
4716
5379
8982
9178
5114
8514
6450
5317
4529
1714
9626
9304
339
702
1633
9118
344
3352
4942
3229
5726
6647
4473
1486
2605
8821
1500
3562
1506
2690
320
2909
701
9518
241
7604
6345
8799
1264
749
9615
8316
3046
2126
8630
530
3235
9732
852
5896
3030
4489
9860
1078
4987
3940
8928
173
497
1077
2676
42
2113
2555
7202
6662
8953
6527
8579
7970
1788
4064
9365
126
8100
9718
2872
8329
6371
6160
5340
372
3220
5017
6854
966
6548
1065
2912
7536
2868
9731
9826
3676
7172
8498
8863
4714
9281
1274
5927
985
1479
1015
5903
8286
8427
9993
3356
1735
1820
8955
4181
8795
9097
6154
6005
9581
7590
4704
8684
7717
2964
2055
57
3007
3521
8523
6286
7982
16
2739
566
3943
3985
650
8757
8606
6280
1292
5591
6611
1492
6904
511
6265
3252
7194
7884
679
27
7531
2390
9183
942
8708
6706
5337
6414
1505
5258
1172
8958
2778
4785
3393
5345
1016
9716
6183
2534
8413
7974
6991
6252
3368
703
6215
2914
2032
7629
9051
2696
21
8298
7939
4019
5756
8267
7033
7410
4997
8481
5880
9801
2114
5520
8134
8683
7377
179
2518
9193
1133
1950
7500
6245
5115
7345
8154
8088
8316
737
3583
7310
9907
7402
5891
241
4447
9805
7215
5940
5319
9801
9589
1517
733
1400
3528
1409
2924
1011
5140
4403
5238
4681
8294
3713
3662
4720
7911
2188
9098
1353
2814
6900
4142
8527
1716
4733
3481
6872
3933
3388
142
932
7161
246
787
2284
8305
4915
1993
4899
9719
9963
6041
4215
2489
8318
9109
6785
381
5171
6981
3062
2990
6767
3369
1932
4234
8466
3794
1924
2849
9654
3582
692
4832
3671
1995
1307
3867
6772
5771
1198
4690
1328
4415
7145
6089
4969
6483
7648
4764
9173
773
2182
8623
7926
8875
5411
8273
9512
5826
3237
8420
2233
3783
6726
6707
7915
9543
9416
6099
5427
512
3292
8368
129
5312
8782
425
4140
4567
4547
2316
6644
4637
3550
5546
3054
2060
2900
3043
6808
9300
6321
7581
7785
3007
9734
3750
6914
4481
2413
9670
7398
8253
8446
8572
9172
8796
5816
7079
4693
7248
3330
6589
981
9738
8819
6469
4938
6399
5579
2999
6411
5497
7838
5923
6204
220
204
5287
4309
6628
497
4847
6977
20
155
4739
9957
3558
1485
5323
9201
7346
6430
6174
9666
8398
7244
9037
7423
1901
5474
1217
262
2030
2018
6377
7197
6182
7638
2989
7831
9970
304
6794
8424
1550
3003
2549
2680
2953
3239
2043
1770
2958
3349
9950
9897
743
8976
6389
8856
2078
1564
5258
7444
123
9575
395
9351
1036
2279
7374
6181
562
9447
7384
661
1493
13
1036
8750
3516
2908
4176
8361
6291
3629
4824
6726
3854
852
208
8037
3402
8382
5538
7941
4380
9119
1632
1705
4392
9342
6800
8417
6925
3560
9504
4476
2135
2504
2217
5793
5991
9366
3642
9612
5006
2340
5975
3689
3421
4687
6284
2663
7273
7117
6201
8900
5068
1081
2128
7828
7916
5741
8956
5841
2952
5836
3860
2215
2604
2439
3203
5164
8859
3700
4770
6162
6050
8049
9601
5949
7886
8063
2569
280
4478
9222
8481
3387
2886
4119
989
2384
422
9319
4859
6382
3301
9069
8286
9982
4587
7285
822
1959
4358
6872
4237
6471
1996
3304
8161
5921
5102
7620
9730
1723
2154
2516
6579
1652
6245
4041
5566
209
5453
575
5346
1479
1304
195
9551
2334
540
7361
8738
7519
7014
9888
3493
7144
9882
7613
8121
1416
1477
4852
4212
7072
3256
9783
6027
4884
1038
5218
5144
7882
1376
6892
71
5468
9358
7335
7661
9480
4403
5696
7068
4445
4660
6463
3698
5751
2549
2920
196
6268
3626
4391
3789
4091
8513
9881
4558
1473
2923
4500
7115
7797
3964
9269
8996
7468
1835
9331
2674
6980
4812
377
4503
4108
1968
8187
3151
6152
2476
1582
2093
3473
2523
4802
5623
9180
895
1345
5477
5769
2092
7633
5666
4736
1488
1546
6389
5762
474
7795
3996
7937
812
9411
2929
6653
6471
2191
7221
6319
8121
6853
3762
823
150
1874
6822
822
2575
8488
3527
9344
548
8175
2958
4938
2302
2132
7312
4684
2287
1640
2199
7699
70
8069
4541
3516
7087
1313
779
8656
2758
5859
5131
9042
8649
4409
7493
5530
4391
4
3262
4748
1883
8912
2807
7678
4933
8239
6622
4004
9957
4130
3317
1054
9586
8745
1467
2428
5147
6764
3133
2822
5813
5075
6356
2417
1969
2516
6302
6293
7812
75
9914
1771
3549
5771
6866
9333
668
2602
462
812
4737
2415
5660
1929
8911
3310
7884
4928
7921
3296
5454
1056
6706
8307
564
1937
19
8398
8531
3523
9396
1974
2759
6204
1637
4243
3309
9956
8641
2717
253
3904
1857
9576
9119
5585
5854
7962
4639
6372
4640
6864
712
5994
1183
7170
9096
926
5320
9647
6629
8504
7757
4164
995
1095
8151
8291
8011
2350
3424
2560
9192
664
8414
9164
6971
3317
4698
582
6368
8442
5025
4794
6106
998
160
4062
9254
3175
2150
5033
3276
9340
3026
8908
2101
513
784
1770
8227
3638
5110
6825
1244
6453
3781
2240
185
9647
6912
589
1113
4158
308
8452
7996
2972
1058
7650
4539
3583
8200
2796
6936
9399
8813
3366
2712
5805
5191
2346
8779
9337
1905
7643
2637
6488
2504
6918
4233
2027
4365
1288
2444
5384
6763
8403
9333
7687
1639
842
7403
1286
8721
1434
9912
8263
6674
3203
1987
4356
9770
7906
733
9929
5215
3819
5855
234
9703
407
8391
3031
5038
4729
4077
2841
1727
2086
9594
7606
6349
1268
4487
5295
3177
2999
8907
5175
3068
8694
7479
851
2929
5476
2582
9936
7232
2555
6133
8283
8971
3548
7551
5055
1236
9060
6993
8617
2127
3972
7210
2200
5150
4260
4369
2629
4392
8884
8078
4984
8825
3321
3502
1030
2870
2639
3929
9486
1024
3681
453
1739
2777
7859
6523
7516
303
8376
9057
1172
5506
8233
4502
776
4862
8327
7806
8952
203
8116
4590
6594
1106
4881
2001
7954
9858
1451
1669
8393
3124
6381
9032
4107
5364
5073
6844
6543
7834
5077
7136
2855
3547
3911
5107
7795
3001
3139
478
1705
7610
8145
6680
3914
7866
9091
5922
761
1000
4854
8667
2723
8612
8427
9326
5675
8151
9182
6087
7183
3386
4720
1722
9908
8100
2579
3914
698
4112
9998
8234
5742
9425
8140
4205
9299
4820
5687
5080
5925
7519
5595
4943
3871
8711
7900
2512
396
7632
976
9662
8089
8694
3373
4046
4978
9704
8510
9494
226
8613
4824
4835
1465
3425
4772
1706
9503
4900
7031
4530
1018
4529
7639
1351
130
868
7425
2495
5281
5777
5082
5126
8724
8381
7468
5703
2127
8617
1342
9033
3242
4131
3627
2197
5459
3999
512
3959
4122
225
9214
5434
969
3313
88
5767
765
1346
895
7390
2272
2933
9512
8990
9057
3176
6155
765
4340
8339
1245
5761
8056
9336
491
3137
3626
6302
4418
4037
6544
6558
5656
8429
6823
6095
3597
1759
2584
311
2703
3526
2639
3225
7697
6026
1758
5618
6152
404
3538
1638
6587
8886
2243
286
8050
6618
6821
2901
5431
3860
7398
272
3217
9502
7002
3316
9288
9782
9012
9418
9468
1934
3856
2452
3029
1070
6897
8277
9107
10
3084
9073
4097
6026
2969
9257
466
5488
8985
2931
8158
7259
494
7811
791
8353
1065
3412
165
849
1660
1903
4264
7344
8990
8495
5905
3333
9141
4465
1442
8811
2796
24
1536
8136
9812
6088
8907
6731
7780
3741
1169
5526
1279
7656
418
9265
5965
5085
5035
2718
4402
5165
3350
9678
8582
4210
3269
3206
7452
1446
6712
1990
6455
6212
2859
6948
82
2014
9529
4206
7726
5046
7789
5477
7779
4783
883
4478
4813
2085
4918
8573
9944
5860
5398
8045
5038
2831
646
1566
7280
6151
458
5308
1815
7731
5883
4893
6648
6007
3951
3895
5833
5576
9383
2
4047
7632
3819
52
8134
477
1969
8204
8896
7485
3218
7232
9507
5874
6690
1582
5269
3391
7558
2219
3112
1565
2451
7540
8257
3611
2235
1643
9737
2229
1153
1126
6112
7565
2315
4240
7628
8424
889
1692
1346
465
7992
6705
1272
3532
224
3024
6445
6570
2085
3491
6075
2621
1101
8526
2355
8282
8363
3405
8336
1719
425
5566
423
828
2012
8355
2432
8458
2843
5585
932
4748
6001
2095
9628
7578
9775
9069
3918
897
9653
9325
5438
7251
2230
6984
414
5225
8219
7990
4923
4728
7443
2785
4801
3022
4717
141
7875
2257
1876
1586
1413
4882
7849
9199
8273
6764
5626
5606
1079
9100
2281
3974
4943
9277
5762
7479
5750
7734
65
2303
2819
2556
8658
5550
1882
6055
4494
9641
6742
7918
3830
7731
5742
7611
198
468
2189
4724
4344
3044
6298
9636
5737
2864
9857
8517
1309
2438
3846
6026
7517
9094
3513
6270
2519
2988
5066
7614
6279
7566
3034
9736
7758
2069
7640
1963
9992
4008
7029
373
5833
618
117
7409
9397
2209
1977
1812
844
7082
5176
8582
5029
7195
7293
8356
7765
6145
6965
3121
6977
6165
8224
479
9842
8848
5664
1831
1188
5067
998
806
2866
3196
4953
6979
8595
1134
7143
6548
3862
6854
526
5982
5869
4270
6381
6869
4218
6038
348
202
9066
2594
18
6159
9806
7195
9784
1069
3983
34
9243
6700
3132
587
7291
8275
9480
6293
5245
6685
5047
7359
8817
7248
2595
2057
568
2083
6067
4216
1592
5643
6703
4783
3619
3313
9836
2297
453
1073
6543
2932
735
213
3774
9345
2384
4810
6367
8987
2734
1279
4440
6787
7426
8677
37
4112
5349
5642
7668
5817
6624
4861
4326
9809
5479
8775
5995
9081
177
875
9232
4412
7654
5388
8429
7076
1448
4393
1593
4784
7633
5511
102
849
5008
5180
777
6054
2560
2211
1828
5119
9373
3860
7756
4762
9568
1951
2134
8400
7592
9727
1341
3247
7271
1049
6774
9247
1360
2339
7866
5639
7045
4208
3282
208
6823
4120
3120
8308
3508
3623
600
3602
2717
3697
7804
116
6124
9599
6317
5711
4033
2188
313
324
6339
6201
6562
8491
6859
7187
3124
4511
7162
7874
6085
410
2550
1653
1581
1350
4610
5533
8573
504
1924
7445
6372
5596
2922
3098
9729
2256
2609
5717
3477
5144
7973
7938
8163
6414
5235
8910
7884
2485
5779
1209
1633
4318
6617
1560
9859
3449
5525
6568
8662
5875
609
9654
5057
8550
9027
8227
8096
8749
9771
755
2272
4808
1036
1832
1610
7900
3534
9628
5099
8388
7296
4140
6733
7039
1019
6591
6315
917
9790
9977
400
6136
9175
8317
6255
4816
1057
7442
5600
1552
9387
3317
8978
5520
2023
4843
6135
7921
8252
6820
2509
911
239
5343
7046
3360
642
2297
1955
845
7957
7779
728
2135
5758
9330
6764
2091
1942
4645
1295
1359
9316
78
5942
6573
9447
716
2212
840
7532
9040
7496
3227
7257
8271
4750
7678
1082
3373
903
6353
3221
7416
7289
9704
9683
3456
3888
5802
2183
2468
8024
4377
476
5961
7312
6849
725
7878
6098
2221
5864
4127
4437
108
7643
9674
8705
6431
8974
2494
3381
4333
9564
905
4214
2715
7403
5789
4039
7474
3613
2042
3834
6008
8420
4226
3257
3811
1558
9844
6873
3134
1278
9919
4556
7547
2337
633
7124
3030
4807
1651
1193
5693
2382
6482
419
8635
950
7713
3844
5599
5657
5274
5892
7031
7406
9056
6703
4996
7821
8114
5983
6959
5044
7465
8280
4879
1437
77
2732
5293
8251
5991
5693
8097
1623
2762
389
6587
8882
1371
3744
9005
4090
9624
6900
2284
6971
648
2560
2011
9946
7574
9280
8698
3869
6739
93
9393
4209
814
438
5373
5977
157
8275
1218
7422
5378
7477
7904
9729
6622
4102
2726
2298
5378
4015
1843
1000
2796
9446
7026
9805
4399
1562
6779
4594
4853
5887
3459
1601
8053
7499
2190
1980
7119
3343
4473
8236
6143
9688
9183
7942
508
3802
6369
5039
5425
259
4708
9303
2985
3920
1768
97
6447
3615
7361
1391
6769
2814
4141
1244
432
6185
6367
401
9519
3794
7272
1476
4690
7973
7847
2339
9215
1355
4988
4699
7533
8441
4979
1685
4973
7211
9017
6230
6167
1754
1143
5461
8512
1647
5321
4971
3542
8945
7655
850
3506
8992
1763
6647
2631
7022
198
7053
2535
8505
2448
56
9122
7569
544
4517
3882
4443
6598
711
5994
9864
2670
7230
2884
1624
2316
8818
5951
6074
4871
6229
5073
5254
8073
976
200
8551
1976
4978
832
6328
7295
7536
4541
1767
4256
9808
3787
6366
3877
26
6252
3941
2139
1049
7675
7809
8995
5543
7733
5882
8326
3050
8898
8822
2053
7552
5410
7096
1413
3719
4502
3836
1127
4977
4844
1693
7616
6781
7801
3584
752
4024
5552
9134
9707
2388
6377
941
7402
9628
1490
7352
4757
4262
9676
1342
5524
5960
5698
8302
4791
4036
5937
9083
9464
7886
64
8452
6955
5943
665
3282
9151
7807
3697
9282
2296
7533
1398
9790
9873
4792
5880
5315
4759
4572
5965
7847
9018
5413
2079
9716
4499
793
3987
2770
5113
8196
3987
12
2115
5655
3835
8459
7023
6110
7076
8961
2901
5787
9773
6010
3655
4003
1639
8108
2717
8266
6516
7231
7026
390
5796
4075
9589
6405
925
4341
4042
5533
1433
125
7633
1209
3068
9649
4836
189
6571
8021
2395
4166
1377
1490
8027
1981
111
7747
9236
9533
9117
5230
5739
8770
7466
5103
8834
6786
1908
596
3743
970
8026
9736
6416
6396
8516
9158
4566
7204
7951
8628
3838
4592
9639
8213
3916
216
4269
2588
6078
5284
1926
9898
3294
2463
8738
5794
6281
9794
6941
6787
4110
3288
2469
905
5934
7579
7306
7786
1194
2102
4779
4804
9282
3598
4756
604
6020
4472
2244
2497
3585
480
7314
9590
2515
551
6436
9209
9312
6181
5337
225
799
7737
1325
3217
6888
270
8633
4059
6702
2005
3806
4471
9078
4516
9401
385
7423
4800
3346
6512
617
5948
8199
3435
6163
4918
9215
1764
9200
3040
2686
6383
1102
7295
6287
2706
4405
8195
1348
5956
6564
3095
2876
3988
3681
2183
6941
3932
6719
8044
6595
3011
6983
8707
6883
4320
4674
8389
6708
9023
4161
9748
312
7501
2317
6427
3956
3263
1708
4871
4043
5138
8740
9996
1324
5196
7961
134
2150
2123
7624
2855
1742
2380
8371
4791
6395
4362
6407
5359
1177
3988
4918
6421
7236
3686
2613
7346
8114
556
6305
7676
7639
3678
5173
7660
2877
4957
8006
298
4416
2696
1104
7200
2795
2174
3778
4568
4324
2893
387
4932
1665
7891
2750
4853
4645
6518
4404
8774
4503
8446
8670
4425
478
3285
5781
5752
1056
7192
428
5199
3460
5099
9988
8367
4048
4787
5448
563
9159
6936
1548
6556
644
3481
56
1969
2849
5155
215
7196
8098
7904
3421
2437
5907
7038
4952
5536
7072
7429
4173
2649
7547
7847
6088
5481
8601
7620
1295
7784
9126
4181
8480
8155
3167
821
3405
5771
744
4931
1050
628
2881
8422
3005
111
2367
3612
536
9255
233
9838
4825
2950
4199
8374
9819
4513
9389
5739
9843
6540
3529
8469
3669
6766
8518
5575
9097
3782
7779
8465
7265
4870
4122
1936
3877
997
5980
4004
5343
2023
838
6776
1413
8586
3406
5385
2320
5783
2706
7050
7651
7763
6583
7765
6245
1674
4364
9802
1218
4000
8416
9264
1934
2270
3146
9237
5184
367
5640
767
1134
6203
5580
824
5720
6426
3341
3711
69
3979
4232
9959
9249
835
3754
4638
7225
43
3400
5242
2198
8337
9092
7822
6722
2981
4618
8888
9947
4291
597
9735
5117
8297
5449
9330
4086
2417
8572
1662
2005
662
7556
3541
9567
3906
599
9243
7256
5057
2508
9112
5864
8573
7685
229
248
8722
6308
8641
8739
1205
547
4250
8940
8327
6127
1453
1717
8782
776
884
9148
9273
5203
204
8869
6717
4100
4796
6860
6548
4398
2395
3002
4800
5474
9271
8958
9038
1376
9353
5871
5986
8219
1896
185
1722
892
7700
9491
3718
1951
8704
6714
2651
2159
858
182
5924
6506
5551
9178
4137
1765
632
9410
6370
1603
8035
497
60
3141
1402
8070
6523
4465
3722
6363
3701
6020
1966
3265
3594
129
2994
8739
3033
1895
2577
9228
2917
1667
7286
5215
2865
3939
7212
6455
5343
44
6012
9570
5763
2360
3602
5663
2791
5844
5972
1407
6160
8679
6079
5680
7647
7588
9516
5195
4572
4897
8769
6861
4147
3875
270
1582
1327
6031
9161
4130
2432
9061
7701
6320
1727
7001
4618
6258
8420
4713
4316
4669
7055
7337
6841
470
5180
1566
1781
1611
8342
9685
1838
3988
3944
9200
4754
742
2311
587
5438
6611
5452
3170
3712
7192
1398
4519
6888
926
4771
1816
576
2411
2286
4657
5565
9268
5257
7475
3399
1189
9850
6343
8354
9013
9840
9329
8938
3755
5928
1737
7723
314
270
7605
4370
8302
4845
6633
3030
2881
7504
1367
1954
1798
86
2900
118
912
8905
4610
2935
9427
9042
2543
6718
7758
395
7902
9460
5518
5250
1848
3707
4450
4244
5279
5817
1309
23
6599
4765
8665
5656
8643
2764
7398
7900
1823
9464
3251
3807
4368
1261
1237
2820
2069
7323
5902
5513
9352
4366
2514
4444
671
2884
4084
2181
6246
8618
1781
6530
8987
4331
1824
3207
68
8657
169
1774
9083
702
7454
1500
953
1409
562
43
5846
5230
3907
9271
244
8594
3055
9406
6991
4845
5689
4775
9667
8862
67
1866
1955
8398
9097
3159
5804
3350
8960
8237
3134
8610
4813
7075
4596
928
2499
9046
5460
5322
4456
5234
3108
1948
21
895
2782
65
5205
9560
8271
1770
4665
198
2027
4485
9091
4100
4837
7857
4500
8690
8630
7682
6054
1369
7265
6733
7913
7640
9191
9982
2377
4285
2783
9581
6113
172
9852
3193
8594
4355
5318
7790
8090
3614
1366
9874
3466
9284
2564
2214
5892
6285
4323
6673
3140
5670
878
2461
561
5629
528
9250
7083
4942
5248
4973
1589
7129
8998
8849
4898
3211
4061
1210
5245
5887
7550
3031
617
8199
886
9711
9614
5314
3465
5637
3580
8906
8015
8324
6709
9819
9206
3493
7497
6180
8968
5404
4515
927
1653
9909
1795
4860
9710
1256
4289
8729
5846
7517
1855
640
788
3617
1002
3091
6708
5473
7235
7347
5132
3462
7252
1524
4722
8569
9485
2758
8725
9940
3502
3132
4037
8299
3653
3660
3896
5697
5
559
3989
8405
85
3284
7434
6411
8256
4341
7505
9957
5623
6803
8273
800
2330
6578
2365
3498
5791
3037
1959
9907
2956
3346
3809
8287
2092
3044
1631
6948
9672
7757
9455
1198
996
8756
7750
1512
8924
8079
8
293
3727
7317
1286
4394
8453
7846
1741
619
8465
9302
7605
1869
821
7346
9217
2270
9038
1468
774
674
1434
8423
9236
3245
6733
7208
515
7501
8904
7000
9472
2148
4304
366
6531
9293
8113
232
7797
8267
3795
587
7432
3111
8819
7714
747
9069
2277
854
3991
6893
5164
8642
2115
7652
2086
387
8947
4859
3933
9359
5151
5192
4686
8558
8096
3886
1911
8189
4348
5929
9743
7998
9881
9614
5201
6976
5274
4718
3516
7544
3220
3580
5842
1238
3444
9706
3168
8210
5793
5186
3582
3360
5705
5146
6092
7828
7510
4761
3168
5730
102
1916
5869
2529
6400
6531
9984
3235
2712
5756
8938
5740
6634
2771
9414
7039
2418
5784
8598
7834
913
2935
7754
4040
7091
8315
5434
2134
1953
4052
5051
8935
7183
3527
5770
5393
285
1173
2702
8306
5168
5016
2257
3456
8101
9166
1170
8633
1849
4774
3181
5230
1374
9642
5672
2649
2974
8634
9617
657
4975
9299
189
964
2159
9717
2007
838
8018
8480
2643
8350
8585
9919
276
965
9150
1232
6607
6628
443
1987
4093
9252
4030
649
7378
8544
7618
7207
2357
7499
9700
5797
2790
9565
9570
6259
3538
1469
3101
9005
1600
7010
6900
3264
946
1744
3434
4806
4802
8414
7576
5577
9558
8216
618
4336
7724
3563
1293
4350
3478
3875
4548
1454
3267
7085
7946
3414
5650
6076
2399
9388
9111
1044
8690
6517
3917
5924
3690
9201
4279
9422
566
5453
34
8963
5340
3851
2871
8918
8170
4127
722
2815
1441
4137
5348
2977
8338
6095
2391
9950
4975
5338
204
8463
6323
5604
3601
6235
1205
5808
1380
6881
4454
4697
1891
8441
4954
1333
9276
4576
6729
1399
4058
6362
6519
1535
5703
8814
5343
6533
1501
7709
3428
7112
5640
9163
7611
9202
4724
6453
7775
9198
1130
6082
4273
3482
3595
7770
1359
4647
5190
1145
2649
1358
2483
5265
3354
3505
6059
5794
626
9444
1843
8620
7732
7487
4661
8058
9956
9529
383
2350
174
729
614
9136
9829
5484
4391
8817
6688
6608
4656
4258
4218
1570
3335
1179
8659
6929
7821
4754
8952
9695
3335
4419
1571
2248
229
722
7003
5637
2607
5138
7111
4645
4835
6232
2972
6800
5480
3268
889
6712
3994
1459
228
6520
4097
1362
506
3067
9189
8676
6702
2469
9384
9635
1183
3159
6776
1515
7793
9201
5408
7421
8696
6684
5095
9399
7375
7367
3704
4202
1819
5363
804
1585
377
4645
6700
5871
9033
7409
4779
7702
2907
5930
1814
4412
6690
3446
441
4223
8406
2809
341
1636
8400
5179
9855
8766
807
4870
7727
158
7829
601
5454
6655
8169
7883
4336
7261
9662
2032
7741
6637
2768
6394
8298
9831
5943
5773
1821
5192
6118
757
4559
1004
7524
4663
8109
1320
9908
1167
6718
1715
2852
7334
5078
6250
6315
3711
761
2784
8811
450
4380
4965
3685
5988
2295
5734
854
2721
1210
8962
6051
2336
1373
2979
2155
1969
5252
2166
7468
1200
1529
557
3991
9061
69
4403
4632
9682
2101
9079
2102
4969
1273
9353
3779
2822
5473
1043
6239
9767
6347
6403
320
7626
3304
5189
2631
4839
1449
8289
2197
4411
8380
1050
1607
2107
3072
8978
446
474
1162
9378
5082
6541
4890
8667
2921
3651
2647
6585
1152
762
2657
5347
9684
5785
7640
3890
5507
3024
2502
4812
1006
8661
5040
4313
1907
2346
478
3560
1489
7424
4233
3198
6429
7115
3710
1477
6254
9043
9210
413
2725
5913
5998
3725
7699
5841
4499
4911
8015
1886
3225
3753
3777
6643
9506
4789
2033
4433
6422
1836
1302
573
393
8538
3667
4495
2845
6067
220
1046
1063
5629
2506
2253
7902
5203
7366
9982
7376
7098
5026
8506
3305
5292
644
4798
1190
9318
7648
3528
9272
4483
7134
3205
3322
6582
1383
9688
1154
2949
1085
3351
7045
703
5295
6629
3323
7314
283
9348
6209
8267
8515
284
5679
1523
1763
4735
4595
8710
3024
9531
625
8550
345
8890
5602
8888
1931
6764
866
9868
5966
3960
3869
2304
483
1175
877
2094
8295
2324
2928
3647
9525
6045
7398
2720
9591
7141
5499
1816
3631
3807
6804
9342
9302
1021
5528
7091
8654
5202
9697
9312
6354
352
3551
610
5892
1293
5589
9216
7642
5324
9516
6827
2625
9640
2999
6091
3660
8203
9639
2103
1226
8413
2847
4809
4781
4862
6410
5099
1592
4751
5471
8528
4141
7148
3341
7140
4109
6129
4135
1627
5614
6093
8565
3208
2878
6049
371
7043
7853
8518
3888
6721
1436
7829
9005
2429
7872
2080
8385
3790
5696
2778
3237
2023
143
6279
8156
5074
1326
1553
2591
3679
9696
9486
6332
5944
5301
9991
9127
2940
177
4516
9940
8083
3852
3187
9737
8589
371
7795
2720
8208
1540
4123
4888
6579
5131
9650
5513
2070
8678
5639
6668
1768
9223
5768
8297
4394
6830
7019
1473
9360
5044
2370
489
7928
4613
8995
5198
475
7687
115
8619
7264
8536
3455
1285
8763
3348
4305
2957
5595
6081
6641
4468
7467
9530
1402
7215
5068
779
7127
5575
8858
8040
4413
7916
3900
1496
2372
5240
455
4242
2179
2532
5928
645
122
6868
4934
8542
99
7995
740
8568
3472
1716
3158
8597
2339
3680
5073
3810
857
1430
2226
3204
8059
5463
8620
1502
4771
5902
2961
1366
6698
9958
9930
4589
5506
6782
3754
2488
9855
528
545
5130
8684
9513
172
6206
9808
9176
8061
5387
7895
9236
2250
2803
7211
921
1255
944
6213
8408
3879
7703
2995
9756
2956
568
2877
6493
1199
6013
2037
7780
8822
51
3945
4577
9418
5589
8614
1634
2677
9745
8183
258
9972
9606
6184
2808
1591
8037
2008
656
2429
2110
6548
945
6348
5470
9748
3909
8067
2523
5915
1734
5476
6748
8018
1988
4525
7576
7918
3494
3505
352
5516
199
3449
1661
6117
9052
6608
7984
1992
1216
5553
9056
1030
2020
1294
8581
2722
3997
9990
4027
9228
9059
4329
4108
7241
428
7468
7251
4539
2253
4518
6870
3647
5069
9013
9569
3893
8173
9548
565
2247
5823
4797
6524
2849
2751
3535
9805
4854
5902
9940
9663
8352
3546
3439
5325
8503
9932
6711
3096
8736
3530
5019
4619
4894
9556
5031
6263
3548
2964
1493
224
9338
6370
5698
6408
8192
8490
555
371
5499
2569
3241
6723
965
1035
7925
9239
4722
2128
7836
8644
2505
6617
8097
6542
1239
7891
8164
9276
194
6671
5431
8657
7036
2405
9668
7419
2561
6985
1279
6047
2668
2860
5083
4180
1218
6851
5290
4175
2828
2981
6680
6633
368
2539
1567
7662
7934
7221
2126
5525
6432
1680
2832
9901
5545
5122
8378
482
2819
7676
8275
2856
7880
6174
521
8710
7391
5732
3241
4278
4237
8037
4971
5649
2664
4607
1422
2052
9604
3475
8948
8579
1269
691
2720
7919
3238
3857
646
6636
1728
3511
2447
5285
3515
9564
6997
3222
2069
4265
10
8353
7831
170
8459
9283
1338
1479
7775
2292
8850
9737
2731
8440
1533
406
3245
6692
879
5082
1816
7435
4992
5247
232
7000
2672
7359
9342
7878
4802
5811
7180
1203
5438
9824
7557
7779
8238
2714
3313
1438
7352
7112
5913
3816
5787
7709
5754
2803
8352
3898
5648
7848
796
8258
3301
4059
1516
3282
7286
3625
7274
7944
5008
7464
9809
7756
467
2183
5897
6829
4239
7477
9476
8094
8022
6895
751
8345
1363
530
3892
8030
8699
1662
1850
1843
752
621
4136
5069
5472
8214
968
2379
240
7949
5094
284
8824
995
834
1855
3721
297
8373
2440
6942
623
213
8104
34
9426
5814
4322
7213
9379
9925
1031
3810
7168
9897
1589
5963
4728
7330
7402
6443
8478
9827
7025
5824
9320
9337
8396
7841
1147
4585
5535
2667
8478
6447
6504
2142
4415
6738
7730
6499
8618
2899
888
3025
1207
3294
2459
3253
2608
440
2805
6818
1223
2399
1146
6862
516
5757
5184
4039
4599
7148
9263
3566
6745
4126
2968
2547
8375
319
2815
2821
7015
4297
3325
7964
490
6305
172
1772
1178
2172
7316
9529
8541
9038
2104
2666
347
3301
7133
2062
3012
7196
5375
5138
9294
6743
5512
7172
7227
480
7741
7779
7623
5329
6404
9415
8725
3245
4706
5905
5672
9865
8530
5525
9314
4288
890
4932
3631
7320
5902
7410
3496
4063
1359
1276
4851
5524
1919
2069
7523
3131
764
5198
6814
9433
6141
4080
3789
8119
649
2493
5754
6486
5343
8855
7787
3987
7775
4457
3394
1101
2947
7288
7372
3888
8808
8024
6778
845
3428
4994
6536
406
9230
508
4677
9320
819
1775
8438
4475
6819
5847
6549
3298
2882
9500
4905
747
2555
1777
2514
4159
5076
9047
2138
718
4293
9838
5344
6147
912
9481
4844
7390
1069
2633
7922
6506
7790
5124
3527
7761
8379
5258
2167
5024
9934
8688
2152
1930
7290
300
7879
3026
2512
1133
5929
112
2724
8344
2504
4351
3559
1410
1420
1343
8785
8374
5276
3361
2785
1759
3714
173
1459
5003
1727
7514
8883
6722
7888
129
1555
1940
7033
4544
9444
6538
4483
5244
3230
3601
9174
6778
56
8084
1220
3434
5957
9292
5385
7647
1715
9016
5680
8012
273
6861
7883
7913
8140
3295
6187
6144
178
5252
7326
1654
7086
8743
602
5507
7519
7858
5002
4561
2267
9796
5270
2965
6227
1095
7217
9559
4985
1132
8838
1539
6742
5117
7850
7321
7071
321
8174
4463
3489
6070
7566
1691
9233
165
6114
7614
751
1814
651
2563
1420
3907
3256
4103
4797
5524
2959
1266
4295
8945
8549
7323
2609
4075
6929
5968
3432
7249
5867
1239
61
636
2169
7168
318
3110
6337
9206
4906
3380
2568
5794
6783
1413
8610
5107
2422
4735
3419
8952
1951
2087
1830
3100
4059
8067
4532
872
3301
8892
8509
4769
1956
1239
7811
9076
5968
3212
7043
4953
4657
8936
260
8324
6851
6022
6096
56
1906
8182
5924
7359
2666
3684
5572
5124
8842
3961
2709
6009
3509
5744
1409
8471
2467
4350
2573
2667
6062
5387
3920
5155
5733
7092
6074
4700
3023
5722
1903
3080
7094
2010
4727
6823
7872
7553
7249
8021
5885
6174
7169
4978
6569
6807
7280
6367
6365
1253
7599
5748
286
2278
4534
6852
5791
4949
7468
3864
5786
6857
6229
5084
4368
929
3898
2822
2525
7898
8136
7142
7418
4179
812
6167
8111
4908
78
1056
2640
1184
1240
9475
6192
5201
2792
7422
7788
6855
1786
5568
3395
695
8369
2981
6638
2607
2732
8010
4410
1509
9014
3418
3591
2517
9750
420
6813
4526
1336
4195
9749
6964
5709
1640
9750
7594
5906
685
5844
5670
3539
9288
3059
2506
4306
1418
9842
4551
3646
6763
5949
2458
8392
711
9589
3305
1832
1202
6833
2113
9006
9478
3356
3133
6226
2461
8411
962
3857
5509
3618
6521
4174
5644
4616
3129
6794
7006
1932
3493
2579
2219
8508
9298
3210
5670
5258
1246
7672
7264
2737
8915
8794
8115
6578
6584
2676
2879
6659
3328
1353
6912
5172
3065
4351
312
6721
3046
7951
5048
4377
7274
1896
5817
9204
4758
2063
84
7219
1141
4173
7811
6936
6292
7999
6808
2731
9702
3751
5344
4068
176
2298
9666
8340
6247
8722
442
5522
8955
4343
8765
6149
9230
5782
9340
209
7939
905
5733
3489
7893
552
167
9614
3549
1853
8232
570
5995
3608
7107
5861
7904
6751
4401
602
5560
3201
3573
5848
2843
4574
1029
224
5073
8149
9454
560
9018
1264
1746
602
9026
6866
9943
1161
8247
2353
4012
2037
8229
1012
6010
5964
9763
389
6205
7449
2806
4744
9053
4882
3555
9374
8588
2571
2282
3034
4754
462
6438
958
4449
3224
9685
5038
3698
7104
9034
9608
202
2504
9064
994
8782
2566
4312
6473
5734
3253
8354
3622
1947
8353
870
4184
8798
3649
1983
7495
5296
8099
6608
7305
9726
6274
152
2379
4112
5540
962
5666
5263
3515
4189
8996
1823
6171
6360
306
2809
4637
9902
8196
9461
9209
2071
4248
8846
2400
3336
7020
4649
8938
6102
2836
7863
9546
5855
7621
7645
7065
3314
862
545
8032
7955
7522
4500
159
419
6202
2523
6342
3733
2194
9855
8802
1018
2199
7484
2743
417
3420
4427
7535
6351
3511
911
4823
9874
9433
4708
7209
9920
2649
3259
8182
1511
5291
4936
3840
6643
6942
3846
9601
8479
4486
3857
572
9720
8146
9256
2570
1607
5233
1334
1843
849
9426
2532
5501
7957
7452
2328
1364
1985
6938
1960
5494
3439
8886
8303
8012
9285
5742
723
3000
1379
1358
8583
6224
2407
2262
1224
5237
1473
623
6705
18
4840
8031
358
8703
6024
5808
9311
2221
3409
1938
4526
3650
2888
6902
7609
3016
7634
715
5683
5857
7037
1289
3947
4413
2104
9875
2199
3562
5154
2782
8546
9727
7524
9841
840
9905
179
9148
3913
9693
8608
4491
8635
3727
5210
6601
6992
9296
9471
1832
5939
4082
8685
2226
1586
1924
9701
9051
4469
6315
5248
7827
6076
9952
6750
6651
6604
47
9221
1163
4001
3357
2839
8911
4742
1937
93
3059
7513
450
7013
386
1995
8553
1941
1360
6267
7353
5525
686
8029
7215
1192
5205
6768
5301
6212
2244
6307
5160
9651
5611
9723
7378
5020
8322
1560
9880
2197
817
5442
8794
5358
957
8746
5981
1069
7398
9809
7294
3417
1092
7305
6423
1153
591
5888
2808
5149
5608
6984
8478
3186
9844
8673
7942
3054
8496
4039
7277
4288
8033
3051
3411
3435
5869
9083
2281
7737
5343
7496
5011
7296
7084
387
4537
6405
1287
8538
1246
543
6649
8906
5063
6763
835
3554
3192
1650
4189
3841
7225
2873
3129
1908
713
7452
2161
9997
8441
2281
3767
6994
1629
241
3571
756
9086
8222
4124
4198
2931
1814
4401
2936
8922
5054
3699
2348
5653
2644
7983
2322
3933
6337
3946
8665
7497
6839
1043
1180
8890
7462
4587
9767
9810
6054
3642
1513
3522
7257
5864
3764
8028
8016
7742
374
2624
5473
2722
981
7170
7824
1620
6010
2970
5573
9390
3347
6498
2700
9861
6134
2368
4723
5340
4992
9937
3340
1151
2106
8716
5428
6096
9091
1359
7539
8603
5320
9423
5687
4886
8487
6335
4254
9842
4581
4011
7120
3586
149
4451
8759
6562
5769
5295
2957
3957
5979
8794
2072
5810
7560
6955
305
2642
5034
1708
301
7687
9521
7872
3623
5893
4677
8420
2088
6727
1341
6074
8800
2525
721
2643
4806
6656
4507
7642
9756
6043
9081
751
2671
775
205
8430
1992
9451
3988
3630
2450
2675
9727
8950
9983
8692
303
7810
4903
4528
6200
5273
7846
3217
9965
9972
2643
2676
8891
1297
5180
4648
5114
1441
7572
2733
3904
234
2513
7006
2930
1757
3558
8944
7546
5673
3249
4501
9723
2934
2512
5014
1157
5055
1544
5341
4318
8504
4535
6145
8680
934
8012
2542
3272
3944
5299
4490
782
7856
7698
5219
2960
7601
6319
2777
1795
5216
7195
6339
6070
3695
6293
3302
8272
8948
362
5394
2551
1527
4157
2034
461
7387
4520
6993
7543
7471
7037
59
457
9174
1564
8835
1341
8866
8747
7078
3352
3537
895
5044
8918
1403
7006
4197
149
5804
3589
3343
9056
4110
36
5732
3746
3513
9712
7044
5626
8540
5704
2250
1763
951
3203
5331
6042
1252
8872
9583
2515
2487
1236
7802
4443
1207
5120
1034
2912
7543
7469
1773
9638
6161
1505
2502
9580
2565
1104
3283
344
4662
7525
2753
6983
7825
6169
5314
2775
2761
1940
3573
8851
9436
7924
9175
8096
7027
3631
7010
1685
9399
5832
7541
9804
7980
7145
9446
1640
9060
4973
122
3565
523
6099
4733
8576
3809
355
5426
4542
505
106
1090
3551
9392
997
4619
9763
8984
3389
9024
8568
2661
3233
5925
5557
8317
5737
9972
9844
2148
5118
571
2611
6663
8978
7910
8405
6281
6385
3743
3670
13
4636
8645
4283
9614
833
6517
1435
3332
915
4017
3120
9918
586
7270
6687
4929
9703
750
6451
1483
4123
3517
9183
659
6736
6154
9467
2479
2497
7672
6357
7036
599
5434
2547
6740
659
2702
7373
4890
8727
7809
5334
2807
3298
6147
2558
7639
1062
1179
4663
5588
7112
3492
768
805
4540
7566
122
8496
3925
4355
9709
1855
4071
4050
3527
6399
1562
7477
6773
1975
8161
6432
1115
2249
1903
2996
405
3887
9867
5351
9733
2727
8013
2957
4562
2297
6225
7074
816
772
4786
3568
1284
6085
1824
3699
8443
5334
1
5151
8931
3831
4692
9977
262
1203
5198
8279
6118
6792
5162
6510
2566
4275
8315
7071
3881
5912
865
1513
3318
91
2468
3124
1130
1986
3531
5905
9410
6017
7811
6055
915
563
5761
8924
6944
9903
5878
9131
7540
5706
8423
4018
5821
587
8329
968
7080
9191
1843
7218
2442
8075
4506
6767
6331
4267
6458
2732
6785
3774
4718
5070
7722
5569
1090
2983
2677
3604
8670
8510
253
9271
9506
2817
2519
9362
949
9536
8970
117
8429
110
278
6175
7976
4581
8041
4394
2665
7492
9026
6401
3346
2655
4952
466
5511
2432
1808
2828
967
6846
5871
976
5097
5391
7140
6521
7907
9686
4729
3305
9846
8282
2921
7167
1374
5881
1032
7392
8701
7957
5040
6282
6730
8372
3968
2530
4283
1955
9487
6105
5966
6195
2833
7214
9656
6231
9235
9567
8540
5132
6324
8673
1847
7092
9698
9148
9004
4623
5731
1160
7800
2075
9041
5009
8320
6906
9568
4622
920
6978
2149
5221
8297
6883
9689
7837
8868
8794
9521
3461
1042
3667
1423
2631
5783
6747
4897
2027
7860
7296
2760
8269
4582
6181
7904
504
4497
6598
144
7621
7506
2511
494
2957
2165
6665
895
9215
5587
4971
8489
8990
6231
6933
4812
1762
181
2392
1998
6521
7012
3328
9982
275
2247
5712
1013
6633
9579
464
356
5357
7524
4480
4961
3338
1979
2367
5104
9790
8284
7047
7507
3630
3803
2704
2311
9001
4810
6695
396
5649
9493
7985
2036
4522
2274
8416
2621
5329
3330
9725
6290
2040
1175
3570
3711
4376
5489
4043
5954
8135
1995
2163
2425
4925
1094
9654
7191
2316
7257
4942
4635
8724
6680
7768
2383
3452
6619
67
6698
1210
975
9831
3129
2195
3199
1562
3103
3312
9421
1619
5362
3510
1768
9280
9675
6348
4342
4638
9091
5894
1998
2617
6134
7852
5180
8320
7843
6406
2410
2681
4290
8699
5703
8985
5320
3090
3202
167
672
4362
7610
4051
9313
8918
8611
8644
4877
5674
2443
2464
5429
3820
1971
5495
7415
6921
6217
4819
5641
3936
9144
5223
3366
1640
3681
9168
9234
9671
8474
2369
611
8961
1638
969
6154
6661
7937
3745
3941
5849
3213
8169
5323
6257
2649
2227
8835
3097
7513
4884
2942
4611
8387
6824
1180
5421
1565
9667
8339
1990
9310
6261
1744
8505
3965
6830
7382
6400
514
5783
6673
8357
2147
1797
6005
8131
8609
9430
7807
820
7676
3974
8896
4320
5971
2493
9115
1592
6504
3101
862
5140
6839
1380
8010
9599
3568
7567
934
5705
5910
628
2875
9091
3678
5670
1739
309
2608
9275
539
8296
3084
3286
9178
8083
6689
1329
43
4982
8656
3941
9954
1686
3340
7550
1440
1798
4072
9743
6983
3121
8441
8286
952
6724
4939
4167
5233
3286
7153
9572
6253
6489
7268
159
3030
4355
1492
7234
8177
3321
6194
9542
6361
6595
5066
6217
7630
7854
4385
2197
6224
3716
5621
4861
9013
3572
2022
5998
1559
3360
8574
6361
3919
623
2798
970
2799
1833
7189
2128
1424
9358
2817
3662
3585
4669
7567
4285
3730
6456
1835
197
668
7142
9104
7014
8476
8971
8736
8979
4566
1319
3598
8997
1481
4166
5669
6539
5982
8764
8645
1660
6238
5480
7760
2494
5551
476
3512
460
8914
7478
7805
2089
6932
8191
8135
8935
170
5139
7867
7308
5798
3620
8416
7742
7589
5331
2183
28
9764
4749
3472
3419
4976
830
8301
3187
6778
783
3011
4080
7360
9720
5865
8449
2030
9853
5497
1794
2942
5549
4942
1341
5912
6071
262
3850
5821
6070
8337
7339
8060
5053
9233
7651
5748
929
4778
4870
5036
9484
6437
6460
3731
1157
2407
3731
1664
8868
5957
5714
4755
5800
4483
9866
8587
14
1481
2153
1418
3563
1705
16
1057
7408
3137
471
4772
9793
8089
2184
6519
5038
9751
4725
1154
1676
9784
420
1015
3787
7213
4228
6296
6981
8769
4879
6947
1002
6101
6154
511
4218
5825
647
7253
1324
4235
9572
1229
4553
9710
1301
3511
392
2318
8150
1693
8327
1940
5682
8034
5529
3344
1246
7077
1542
9098
8859
2475
9990
8909
5611
1845
162
7081
762
7999
9891
8118
2443
4616
2573
4199
8450
4547
5423
7237
6999
9335
3062
2546
511
9233
435
754
512
4042
1666
9544
4546
6427
7005
7018
6626
1016
8235
4090
1235
4543
4089
4116
7078
4596
1070
4211
948
7083
1859
4157
3859
5463
2985
5636
1384
7977
5824
6622
7575
2665
136
3216
7210
3751
7336
3945
4233
7189
1485
9587
5182
7564
9593
4993
5193
3357
9234
8002
718
2662
719
4602
7483
6835
3087
8742
4410
5274
8053
9846
4243
558
3703
1023
9436
9500
215
6178
7486
2337
3164
4809
3365
9219
6080
9144
7932
461
2845
9443
319
4578
2241
9795
9123
6067
1501
8525
1977
3066
3072
4493
5554
3573
8956
2926
8389
7750
9994
2252
7047
2961
3218
6377
2090
7684
9037
5294
4090
200
1394
530
1471
8043
8312
975
1372
4606
7238
8917
1908
19
9480
5746
9233
4407
693
1705
5598
3017
9829
4319
5272
4324
7285
5687
3607
4190
4065
9697
816
1451
7703
6391
6079
2854
7405
2225
9498
8212
433
1746
9107
9817
4082
8351
7659
3701
2787
9215
9226
4170
7864
2223
8802
7177
8185
790
9012
2570
3687
5826
6831
23
39
2795
9757
8557
2004
5792
5286
4934
5093
9881
9711
1950
9946
7562
2324
3649
1557
5144
8848
849
5909
68
3650
6989
9919
777
3647
1294
6656
6580
8140
3518
6741
6168
7859
2115
8541
9907
3372
5592
4335
2859
7742
5007
6961
2594
799
4099
1639
8278
2724
2381
626
5294
2786
5673
4160
2665
4998
8017
9759
8973
6247
8681
3332
6095
3999
8073
9826
9111
85
6751
8137
5023
4253
2466
4890
2561
6195
1155
4350
258
7578
9195
7204
248
6230
5819
9248
783
3101
6615
2125
1337
8862
1254
2141
335
1076
1223
9975
7074
4780
6205
3575
6157
8983
985
8930
4935
9129
8285
8562
1838
870
6739
5547
6255
3634
7415
1685
8654
3435
6724
2032
3014
3120
8329
4424
2330
4806
1774
1849
1922
3681
948
7572
4620
4505
1194
7766
6481
2183
9919
4068
1647
5573
1896
8953
194
9374
7085
125
3381
2329
5790
6214
6560
1292
3201
4981
1211
9739
3011
6979
4052
6213
7662
2141
2982
2877
985
4132
6716
6867
7557
7454
7448
7449
1899
5295
3565
139
9811
1875
2533
4859
3600
1666
2435
8996
2724
9275
4312
7791
1469
8001
6462
3848
5687
2130
6154
4793
1302
7861
3846
3085
8370
465
9901
4823
5748
705
4066
5014
3162
1884
3526
5247
9329
9951
6205
5912
7162
3050
2181
9265
9593
3587
7567
1434
2503
5462
2032
1231
4436
1448
3221
1098
6303
876
8815
857
8127
5753
9662
8072
4025
4238
5514
9765
1079
4009
8240
8994
2545
4456
6083
6378
907
5876
6526
1038
1712
5884
4621
7606
4811
8103
8277
5981
5682
5862
1915
8330
5816
4129
5159
3460
7831
6155
3767
2136
7920
7459
5905
8183
5519
8659
8017
9288
7680
406
1061
8285
3509
8211
9679
420
2279
2308
3986
4593
7315
7865
6101
6910
6612
3827
1276
2987
288
4480
6560
1427
4433
6411
8265
4620
704
4968
3220
4617
1089
8545
7780
1192
7666
6065
2845
6411
7907
2877
2804
5037
7094
2965
1202
2930
743
825
6218
6214
1602
4677
4558
2459
7746
3770
3278
1359
542
6451
5183
6477
3889
2426
5000
1508
9009
2125
278
4204
2274
8506
3114
8621
7102
1746
6244
1662
4780
5265
9745
3037
3214
2325
2697
8701
7083
6040
7491
6580
7656
2054
3153
9996
5578
2373
8071
8551
5398
867
1790
8464
6255
5836
180
4325
9214
2670
8203
2096
8062
138
9748
8781
7020
7109
4573
7673
5797
2636
8244
9302
9699
1220
2152
7343
60
6838
7193
5548
8202
3813
6480
6540
4317
7
9587
5759
1202
7943
3268
4212
1604
2463
1321
1785
7107
9320
9325
8844
5916
7687
8356
7595
6713
1009
5476
6254
5816
4828
7745
8471
5281
7268
873
7623
310
7714
3193
631
5337
1883
601
8757
9516
6971
8330
3487
3978
8843
1017
4037
5181
4345
3336
9292
975
5717
9716
1056
8564
842
3100
7375
6461
2572
9547
4392
5752
2766
7576
2705
9493
1793
8594
9520
2919
2283
7489
1018
1279
6655
528
325
6589
1588
1066
5207
9358
8995
2258
6193
6432
2295
9953
234
1518
8837
8276
7163
630
4138
4978
6269
754
1326
3632
8107
6361
9595
4929
2284
5032
8817
9935
5432
436
3531
4012
4840
8178
8466
1299
2253
7618
9460
6143
9286
650
8196
9660
544
6680
6535
6757
3093
1510
6359
1353
1219
6733
3860
5275
3558
5359
2969
9395
5636
8851
1228
3909
4597
554
2850
8356
4491
558
7888
971
9861
7461
3546
1260
2582
3189
3441
9330
1895
8067
3355
403
421
4684
7466
3211
9566
713
7325
6532
6166
2846
6985
8968
8499
6256
1575
3273
3855
6595
3350
8024
1728
4436
8791
6234
6415
5276
2680
2623
302
1750
241
8700
4426
8540
6421
7560
6076
4606
2166
8323
4106
1849
1159
3567
1397
4060
6905
1732
513
5140
9263
503
2925
920
1588
6474
4422
4690
4472
1016
9316
2503
9769
2195
3863
715
9033
7851
4985
4837
3834
5479
3791
5750
1471
451
4681
6606
8550
5263
9876
1341
6620
9034
6103
3599
8587
8234
4871
3097
1990
6793
271
4993
5389
6126
8556
6632
7092
3393
1905
5223
1228
9335
4712
9441
4809
5429
4499
7743
794
3757
1125
6249
6428
2002
7360
9475
3182
272
1074
7875
4414
6087
4305
7219
9621
8785
7300
6137
9551
4849
6255
9821
4794
1229
1914
9856
1537
4570
2465
2390
2106
468
8237
9484
4635
8365
7583
1348
5749
4481
3034
400
2492
7329
4312
1609
4918
7770
134
7414
8711
8304
3848
9667
8025
4392
8895
5513
2298
3903
8872
8886
7266
9531
3507
4398
9562
2979
6281
5791
6392
9023
1596
6841
6592
2194
9413
8626
7038
8751
3118
3402
8898
1842
1975
1993
1449
8328
3011
8554
7326
1610
8409
3845
1979
5966
3578
5747
1835
4423
7926
3631
191
3966
5098
1449
7261
9047
1918
2871
914
6729
5608
711
7646
4615
6997
1964
9128
5703
3369
9287
8247
2728
8371
9508
9999
8192
7964
9849
6818
5315
789
2928
4938
9421
8521
2349
8284
8894
6783
1689
9024
9792
30
1040
9382
8416
4431
6903
7651
1728
1236
3226
2390
6344
9370
3598
2743
3033
73
7260
9544
5142
8281
4450
1388
6169
5140
9830
2236
3827
3581
6270
2255
5377
4159
5088
1601
1752
1540
3021
7625
6041
2932
634
9591
5290
8551
1671
1413
3229
738
7929
2145
5575
2786
9655
6003
8804
673
7139
8541
7970
959
5251
3279
9031
5891
8974
3555
6416
2417
4642
7674
7098
5237
8563
1503
8344
5305
1973
1615
7449
4238
8875
3785
8296
2006
1169
6191
1362
9933
3765
4029
928
3602
824
2416
5670
519
3154
7430
6559
5577
5937
929
9052
3285
5391
3397
4927
9480
2793
478
2796
6825
4342
3093
5319
7790
5763
8054
5460
5978
1241
5991
3736
1700
7336
6009
3338
508
3833
2029
263
4042
5148
4024
1141
969
7871
8473
2298
2094
2312
6274
9818
7747
8476
3091
1811
7480
9832
6633
929
1760
1422
7738
7302
2904
2394
7287
9466
7775
6884
8953
3612
7931
1318
8592
9570
3838
666
4667
5251
8549
962
534
21
2779
480
8630
1415
7743
7375
8649
8945
4277
7289
6657
3358
6795
468
9740
9634
8457
4262
1284
7265
9545
3520
5254
1899
4502
8392
3954
8315
4345
6279
2671
5874
243
2292
6318
4074
914
471
7750
7672
1223
6228
4764
7903
1843
8995
2982
8830
192
2922
4764
5528
960
2585
118
3927
526
157
4158
451
3289
250
7096
3322
9535
8738
6954
6352
3828
2261
2251
390
137
5832
1766
7157
4872
6981
1127
5208
1891
6234
1482
7927
4109
5332
3771
9075
4838
6607
3258
2247
8212
9177
2841
6795
2150
210
457
4255
9164
2423
5385
6131
57
2182
615
6001
3023
6108
3653
6351
6016
7900
6047
3279
3372
1293
2776
271
8621
9461
6193
5615
4180
6022
5672
6718
5211
7824
3302
8554
9279
5151
8040
2816
5666
647
5565
8929
8213
4332
8773
8027
3354
8368
4280
6266
668
1945
3658
4336
6720
3557
4169
5992
4205
5263
2715
9519
7489
1089
8448
2608
2545
9636
4008
2890
3945
9168
2728
3494
4105
1992
9302
5454
292
3749
4386
6505
3035
2437
9411
8870
5542
1389
6470
7034
7462
249
9572
141
7930
8073
7769
2687
2191
3043
7726
1451
3323
4053
3132
6254
5565
410
1032
7053
8594
7234
643
122
2725
5820
8478
1633
3450
150
4756
7814
0
3053
9937
7052
6684
8068
6989
792
7639
5988
4523
6892
5327
8267
8275
1222
625
2998
3595
713
7674
3010
9578
3825
9788
9771
6257
2432
3671
1274
9879
2519
7953
6824
7722
9752
8626
6759
3112
9979
8340
520
3362
4033
8733
2221
8185
810
4951
8857
3833
2549
9376
2672
8655
1474
7163
5827
9089
7508
9693
2475
1182
2650
3256
641
1669
8784
9383
3884
4353
2180
115
597
2084
9754
6215
7068
1976
9279
8801
8883
1670
8161
5241
4147
7448
3154
8260
1112
752
6415
3165
2289
8312
1714
1857
6870
2477
8246
3858
3407
2571
8526
3989
5064
5155
1132
3497
488
901
8684
6489
4371
8481
6396
6293
3100
1332
6747
7055
2564
1458
1410
4298
7115
5521
2426
4427
1010
2411
798
7261
6179
8199
2171
7533
3132
3907
6074
1003
4983
3915
7324
8348
8117
7957
5605
5305
6861
7658
2007
675
3663
9346
9336
4766
757
8476
6405
9577
4055
7432
5174
8625
5107
7676
3610
8700
2360
9281
6455
8006
8668
5724
686
5195
8024
9478
2405
1579
830
4437
7128
4482
3662
4474
6006
3105
6461
3566
6370
9569
7341
1808
6187
6841
2818
3380
8504
2162
9128
7078
3748
9281
8559
7349
4895
5291
3201
3983
2937
8224
7401
1521
7821
9668
9315
5316
3090
2616
1462
9706
837
8530
9905
5237
7247
9175
1826
6060
8005
8152
1620
5694
7163
4254
6367
9179
2660
3804
2573
2334
6628
1924
7375
4287
8880
3339
9104
7755
7495
1761
4020
2646
1320
3161
8332
2465
5362
2301
7198
9765
1571
3794
5297
6372
4281
8650
6789
6525
1721
4775
5978
6189
2447
5219
3877
9814
8261
1100
9969
6579
3257
7067
2965
1776
2022
5956
9115
5406
8654
5820
1719
9276
2296
6949
884
5941
4184
8648
8295
7683
5797
5577
7774
1373
7671
1280
8770
5570
3649
2150
6534
9469
5919
8528
9733
9434
2041
910
3504
7759
6366
8289
3560
40
4727
2549
4841
2063
3098
7528
6424
4485
8034
3880
2942
3741
9137
1183
1573
590
1535
6864
2840
3503
9418
7498
2912
2713
56
1734
4862
2132
1372
5747
6443
602
5188
1435
2343
975
2521
4823
9574
5360
6950
7116
5691
7554
7008
3682
876
9157
8782
6884
6570
4140
5474
7100
5282
7765
1536
2567
8517
9653
5189
2736
2305
7532
4604
1695
2763
7735
9860
7969
7291
887
4883
4435
557
6344
1030
7491
8258
6989
6706
7705
5777
6722
5466
5121
3353
6611
8427
1192
4117
2099
5481
5831
6468
2861
3820
2504
7644
8966
1568
6455
1059
1852
8941
1176
6012
6281
9291
6054
4699
9914
7638
3763
8116
462
4826
9414
9408
6443
1358
4742
482
6506
6076
9664
5302
4011
1425
458
1183
8096
8775
8473
7597
9809
4445
5825
564
2050
9485
4820
9500
5055
4004
6024
2569
4944
9918
5799
6045
1438
4331
7920
2959
2294
9472
5449
6393
6227
4075
8415
3205
3111
5424
70
4642
132
880
9478
1361
5211
2666
1023
1697
4512
9897
2074
3676
9113
7423
8463
3218
7056
1923
3709
3273
885
1845
2006
1206
7510
9314
6832
4647
6790
8907
6798
9248
7571
338
7807
5295
5076
9511
5954
3978
1543
5142
8701
8263
2769
6227
2857
7776
6854
8982
6585
1886
7821
564
9289
254
6045
896
7602
5530
9455
3199
7861
8570
4314
8472
5521
2607
2073
9081
9735
9098
9244
1878
6988
4667
566
1804
1105
5504
1789
2823
8227
2842
7382
4195
4411
764
135
6609
394
5441
4210
4494
2771
3160
539
7934
3325
2988
3615
76
8599
8795
1735
3622
9898
4471
8498
3099
9894
5666
2023
7927
5737
1128
9710
5014
167
6840
634
8595
1490
6515
4692
9336
495
2755
7471
4332
7392
4182
2475
4601
4662
5207
7835
6847
2364
6728
2902
1915
881
8047
1235
3137
2346
2525
