423
4017
6062
2132
5877
6175
5119
8905
5310
5257
1105
4569
2941
4671
1317
3094
7647
4420
8198
4788
7251
5052
3875
4690
1945
4799
3593
2489
3422
1356
630
5961
2735
8430
1835
5002
9109
1169
7303
8768
3988
3913
9931
4086
9441
8300
584
9389
7721
9721
2418
4722
9254
5334
3567
5036
9623
7421
824
938
2209
1744
8224
8363
2078
1715
3485
6188
8423
5718
2186
8741
7416
6714
4209
8347
4682
364
9530
1597
6750
371
741
1844
3862
7460
7805
9604
2252
1467
6539
1980
2655
4416
6029
2015
3220
6084
1797
8971
9186
2609
880
918
8787
2964
2231
1745
4646
7747
805
5717
2620
9679
6573
4048
5526
5440
279
9617
7463
4017
6272
7886
5560
7638
8935
4408
9881
7508
3365
1841
8973
8095
2797
2331
8044
492
4998
4313
9150
7521
7336
6319
7918
654
5578
4212
9304
1600
4584
2409
5699
9433
27
4149
4269
7525
9024
593
6857
3225
4119
3663
5000
7216
9488
2926
4625
8788
368
2516
9898
7893
6789
151
3302
4765
459
6605
9549
3153
9312
658
4204
3742
7681
1530
3982
237
1287
8038
4636
1751
5353
1345
4050
1626
984
6044
2706
4639
9709
2543
1037
1652
8537
2239
3368
3203
8229
5812
1087
1272
5641
4114
3521
1523
6878
594
3560
6679
1840
3978
6516
5390
2244
9999
4912
9911
4630
1399
8944
262
7047
6098
2217
2118
3113
4490
5025
638
9990
8142
2901
2662
7419
3822
6484
5289
3437
8754
9829
9696
8630
5270
8230
5242
4884
5613
3309
411
6426
555
2724
3938
715
8688
4144
1586
4184
6799
8357
1478
3204
5551
4311
3630
3756
8860
9713
7376
4246
9812
4391
3771
4655
747
58
8716
1801
213
9329
6547
4862
4905
8901
3150
7508
419
6639
2274
3005
651
9995
8634
6471
2052
3656
6664
4109
5558
7610
4323
2669
5998
2927
7223
3671
6071
1451
9537
5987
9529
7357
4637
7259
6151
3046
216
9331
9282
9196
9776
5387
5223
8988
4773
6805
2636
9475
9496
5870
9232
8850
3758
6438
2514
7004
6901
8408
1086
8146
256
3422
3164
8509
4224
8604
9281
9187
424
2347
6947
4033
8999
1158
5990
5171
6083
9409
4683
4192
6682
4456
8412
5376
3786
8062
4571
8384
5386
1284
9673
1792
7261
4099
7257
5559
893
2890
8048
56
2663
8632
7055
1657
2619
6127
5825
32
8530
9948
1882
294
3671
5895
1570
3895
4869
7720
6934
5828
685
7613
2100
2061
8287
5551
9652
377
1600
6952
2948
9832
2566
322
6005
8911
2025
6546
8607
84
6618
9328
647
9012
3376
1915
6346
9869
4216
8667
5962
4405
8430
1325
9881
1273
2424
8874
7559
3853
2485
6807
1700
9386
8137
6265
6249
9539
766
6072
5322
2732
4651
970
9030
1507
5249
7531
1281
4012
2661
5132
4146
7296
6573
3172
3125
1511
2627
7257
7728
8337
9204
6491
2224
4023
7890
1170
2079
7238
498
5231
2667
4644
490
582
8140
2548
6852
1133
42
1283
4056
2718
7155
104
2588
1444
391
4244
727
7000
9105
2563
9744
9395
8116
3728
1482
7259
7924
1216
9433
3381
4151
2619
1813
8442
6056
6693
7929
7074
8154
2381
7147
1302
3373
7657
3160
5184
1042
2444
4942
1048
8007
9086
9748
2106
6634
5912
2849
8417
9135
4249
3283
3177
3703
6956
4877
4165
4247
6975
6980
760
2222
7736
9967
439
5941
3317
6393
9897
98
5205
9883
5008
5782
4211
340
745
9168
650
5838
6840
5279
3238
8713
7529
1773
7325
5776
3985
6485
6081
330
6234
1669
4008
6715
7257
7299
786
6497
5764
5589
4863
9066
5682
8981
424
8440
9799
4225
8433
2346
2190
5929
2262
9281
9067
3935
1132
4201
525
260
31
3703
6265
2956
3076
7142
6861
6227
8412
991
8357
8411
6614
9921
2087
2015
1328
9596
3468
2905
405
2953
3241
8956
8140
3892
2107
1993
4394
9701
5077
701
4363
6297
4940
6314
3538
8439
5234
7385
5998
401
1850
4675
636
1305
8982
2330
9069
3296
9496
6879
1112
54
2032
1319
8484
7741
7109
7582
5102
439
2375
6986
2817
7351
2746
4975
4698
9617
4633
3354
4106
454
4731
565
6703
3505
2894
8069
4270
799
5511
8867
3744
3498
517
2358
2257
5761
7643
8272
9095
4457
7871
1264
8510
5220
4161
6894
3067
8395
1494
9179
5863
6776
8018
9689
1310
756
643
8237
8465
5452
7862
5621
7880
8720
9713
9582
2830
8571
9852
6171
8427
3432
7510
64
7622
8950
7741
8984
1354
583
6832
9407
1272
2091
5967
2934
7287
6243
368
5371
9027
5513
2961
3397
9730
7377
1356
6961
3536
923
4413
9033
2237
8937
4
8218
5577
2345
8711
3843
9959
1968
9138
7629
4013
5916
9292
816
5922
9617
5051
699
6601
9478
1115
5938
4884
482
2044
5719
5732
2650
999
3854
115
1202
1612
5273
5725
542
4047
8978
968
2699
9781
8524
755
6761
870
8340
1578
7000
8544
1815
5036
3893
2867
4951
3550
4041
9892
7623
9350
2113
5248
2981
7976
371
3410
4407
523
9083
67
8540
4649
4170
911
2395
2959
6824
3961
2348
8813
3499
4092
2838
3818
3689
7834
3086
8303
7183
3684
774
5955
2145
8218
2715
6426
263
1070
3847
5217
5489
2522
7547
8445
8407
5856
2215
1186
9188
2914
1372
1999
8212
5362
7081
2997
4994
6045
9414
4326
2800
4518
7900
4306
8504
8354
4412
1632
4634
7134
785
4021
3328
9178
8618
8467
9951
2024
3163
1902
7520
6387
7994
7440
1740
9965
2217
625
460
1777
7405
2157
679
9962
7145
8405
817
5953
8089
8692
5934
5788
7790
8804
8791
4909
1196
3488
242
6302
4670
6789
8269
3053
3692
7994
6196
5483
7943
2681
7085
9896
5409
2929
3136
698
5359
8062
6027
122
8525
7502
6565
142
1730
267
9763
9280
3279
1440
4507
2958
4956
4546
5359
9820
6199
188
7716
7995
6148
5509
6535
4691
9632
6121
3154
9680
3893
1945
4340
8242
3868
1127
2648
1999
5183
1628
7396
6640
5651
8406
1142
4043
8073
5200
7391
2536
9352
3841
1466
3099
3581
745
7965
1215
9614
9793
5014
3777
6886
3139
7674
7936
6736
6668
273
4137
355
4799
180
8705
8606
113
3599
2285
3446
6910
7337
9210
5450
4181
9155
9443
7011
2750
3342
9123
6211
3338
7433
7931
2059
7204
607
1524
7821
8636
4269
5077
5499
9073
515
9652
1178
5929
4768
6497
7914
5274
4740
5717
104
6466
9042
4745
898
8543
5269
9005
2069
2722
9195
1800
4003
2730
3819
2992
1991
4814
9455
6367
3824
2303
3786
3699
2873
5355
3862
9473
269
5138
408
4018
9592
3100
8447
4323
7559
230
7305
1233
4608
8231
7292
8912
9974
4395
47
7452
6897
4633
4405
2350
4917
4583
9931
5199
7891
7021
5807
8388
8302
4900
3615
2869
713
3255
8763
2116
9830
9940
6787
7289
1494
4710
7552
8317
8180
8518
2526
3107
4075
36
7705
2443
8658
4430
7518
1227
1862
177
3119
7701
8336
3318
1795
1032
3139
4990
2961
4212
6235
7250
154
3610
8623
4314
7776
8732
8574
1121
5938
5710
2547
8850
6714
5912
1633
7469
314
6666
1066
8690
293
4555
7277
8816
2741
2995
4270
9866
5603
4873
8655
9124
770
7922
596
1747
3375
5199
6144
8482
9862
5532
4928
654
8826
9146
6055
7608
6358
1794
4170
7539
690
6675
7145
1289
9302
7177
6587
73
5352
5061
2486
2339
9243
8081
3701
2008
5503
8229
6707
192
4716
6821
6029
5150
5225
5436
1173
726
9534
2377
6451
1804
5915
2770
2123
6414
6581
6644
7505
8041
9979
3461
9312
8419
6250
3406
1388
635
1692
5454
5195
4715
210
9766
3958
3029
7148
7244
7196
851
3642
2252
6527
8167
7709
5435
8094
2453
1629
2325
1727
8564
3877
10
2069
1067
7858
8522
2248
6450
8986
5779
6452
7438
6290
4960
3726
9342
4643
985
1704
8843
8970
8415
5584
8899
2329
6547
4681
9562
5647
8719
6099
3418
8067
1920
2710
6095
3346
9698
494
6801
9576
6032
8518
1234
6583
365
3350
9369
7832
4299
8564
3576
1371
8611
9106
8363
7435
5171
9793
1594
8681
2113
6958
8481
2708
2201
2371
3859
5529
3678
8938
5307
8936
112
8427
9516
4352
769
2456
6988
667
5827
9348
5617
3828
1424
1101
1997
1474
7955
6660
409
6817
1292
9994
3348
2110
694
4039
4185
3579
9027
4469
2105
6458
643
494
1794
934
9758
3381
5546
7191
7487
7250
3412
530
8859
833
7819
5564
2034
3378
2681
1882
752
2597
3456
2242
7587
7716
3806
8347
9964
6031
6589
8584
3122
7106
1730
6694
4168
4782
1223
299
9247
3496
1964
3446
1434
2049
413
7881
430
4949
9202
3641
6416
8711
4700
738
9448
8086
6292
185
2704
5105
2659
4443
2568
2014
7698
4469
1058
7733
8908
2997
6405
6269
4016
1394
5766
4705
7428
540
9950
7822
6689
4490
3842
6192
552
9414
7747
4681
4480
9271
4290
8682
6461
3985
2678
6124
5837
5516
7165
4331
561
2159
9358
2116
3733
1616
4661
9200
8571
8986
1590
6934
2095
6658
8939
6657
1680
9271
9880
4546
5407
8427
3936
4747
6634
8616
7472
5790
5610
7961
874
8801
6089
4793
5884
9873
2882
3845
9701
3098
7099
3872
3432
5249
9408
1903
1180
7839
8070
8011
2699
7407
7742
8446
6862
254
7053
4335
5443
3599
7862
7742
6675
1099
6710
6795
5913
7071
9516
6886
6331
362
3816
5446
6045
5804
8964
3709
9313
8441
3642
41
8531
3333
1717
5908
636
1606
2075
7364
6213
1670
5372
2061
2127
3014
825
4212
8803
8861
9155
7681
1446
3080
3565
440
389
6244
9253
1981
9577
5489
3368
8985
3710
2909
1558
3510
4005
7633
4279
2285
9679
7437
5913
5329
7324
6771
2385
6999
3119
9426
8465
2883
3483
5694
4225
1447
8211
5868
1221
246
6410
4185
2896
2696
9599
9895
419
2882
8239
5070
4715
2678
7662
1947
7810
7612
6855
6138
1763
5281
8903
5896
1444
2931
5003
1727
8201
8814
4946
5168
5081
5348
5668
262
666
763
6113
6395
7811
9911
966
6537
5643
4250
8063
646
7991
5581
4269
27
9120
8113
2452
4765
8099
8617
7786
3015
6421
5019
5119
7868
9621
9647
333
4836
2529
4520
7751
525
9536
2567
2511
1017
5782
473
1507
6674
2549
5958
9035
8596
277
4739
3594
810
5633
165
413
1431
4831
1563
247
5469
4003
5713
8727
1761
8865
9559
2114
6573
114
1218
4734
6832
8053
721
500
6653
9799
1464
6008
1857
5081
8351
5463
8502
2122
8798
8354
3118
3386
8348
9235
4287
2079
3528
5227
7481
4208
738
937
7672
7723
1460
2365
7125
9820
898
1072
8978
5829
9263
7388
775
8277
2350
6773
5924
2697
811
6562
5215
7546
5567
1278
4995
9191
179
3475
3383
9356
9691
3608
963
1620
9433
6847
7839
5637
6581
6934
4610
2562
1914
7188
875
2876
9104
6597
1191
8230
4147
4552
5085
2270
8087
1263
4666
1482
2056
2095
655
5999
4836
3200
5259
2084
9646
2670
8191
2492
8647
6125
367
8311
815
8194
8343
6024
1210
1635
1357
6509
7463
3999
2045
8512
2332
7670
1308
7699
9553
2899
7633
3833
3889
4990
1215
2837
5301
6209
3654
7550
1416
162
4713
835
2153
1427
8630
7372
5253
6000
3842
5927
1709
8815
1594
2210
5672
2966
913
3501
4260
1607
9660
179
8869
7491
3990
5984
1112
7065
1436
8399
3276
5694
6049
2896
5348
8106
7558
9943
8066
3484
339
1658
4194
7745
2143
5785
8301
6516
6993
8267
8663
1057
1435
2105
3611
5970
8416
9439
8629
1899
8455
5792
9826
8646
3507
315
4001
4115
4919
3503
5487
2338
3234
4339
5165
9454
4239
2134
7631
9973
2620
4401
8344
6917
1871
1045
3773
8480
6663
6860
4060
773
1821
8892
9508
876
238
2532
9345
6961
582
431
3624
2547
4522
1256
6872
109
2298
1123
5166
5185
4973
9141
6671
5898
1445
9913
9351
4381
8405
80
8593
5985
1815
3017
1740
9322
9205
5656
6187
5237
3097
4086
2609
5603
7223
22
5145
3475
8833
8582
5898
4593
2371
8860
2001
6468
2052
2729
9681
5368
3485
4036
1219
3411
7363
9882
7554
7654
1473
8030
1358
591
795
9676
2863
6784
9296
4757
3467
3496
1181
7798
182
4132
3822
5879
7378
2067
9362
6734
956
8995
7085
4205
4053
6337
4019
345
2727
420
7000
8280
4661
2180
5395
7630
3852
9928
58
4776
9542
9387
731
3512
8126
8629
1057
7773
2725
6814
7669
7010
6231
4702
7385
6531
157
1804
4440
9652
3420
9704
7927
5875
2316
3640
8104
9465
5349
4706
9099
5764
4371
3222
4654
8409
6477
9709
3075
9171
9547
3724
7246
3601
7936
2337
5736
9863
3863
9439
1368
5178
4309
4270
4371
4187
2909
2545
8226
6153
1192
6401
7694
3461
3821
18
133
2115
7999
6189
3186
6070
8122
5423
4200
1129
2884
3185
9321
878
3594
2798
3108
6674
9221
1214
2717
6041
5839
2371
4259
8996
5545
8182
2728
9843
2701
327
1087
2693
3367
6982
8544
2641
7205
7354
2823
913
9779
3491
6326
1520
7187
3201
1502
9010
4271
116
6405
1774
2265
6961
7503
2990
1658
5877
3102
1805
1332
5322
7403
630
5543
6497
2199
530
6222
3497
448
5595
9230
488
3601
8928
9715
6071
2414
7418
3494
9690
9223
9797
8552
7484
8162
2696
3125
5252
8656
2338
4620
4386
6665
5340
6668
2540
7628
671
9965
4578
4802
6248
6259
920
6827
7871
3809
9771
8704
5239
6979
6931
1101
9643
2221
1900
3948
609
7646
1787
1582
4218
3628
5199
8380
4151
7442
6710
5781
7587
5795
8781
3857
2004
5308
2067
3187
5673
2481
6944
5707
4164
1509
8771
6396
7529
395
6923
1184
8026
3285
2945
340
6180
9646
6324
706
3805
9009
7308
4624
6204
3333
4966
8187
2171
7752
5274
6523
9653
4446
8350
9215
6980
3688
6226
4688
4412
744
2484
8406
8419
7231
2955
6077
1605
769
2300
9686
4445
7345
4727
1173
1150
6661
8377
5819
850
1910
1970
5012
7050
1944
9201
5951
2815
5583
1046
4069
6544
4937
8693
2472
3300
7058
83
1538
9700
963
1225
970
6118
141
9361
6043
8564
9020
8854
9589
4055
5549
2202
1325
7457
1062
8002
6550
4880
2854
4865
6935
8531
4583
5302
7158
590
4482
6409
2486
9180
1642
4845
4047
7760
6187
2001
484
407
3
1552
6991
9335
901
5652
5294
7755
4557
7890
1037
713
5392
857
8275
8887
9686
3669
4267
5492
1624
101
1617
4446
5737
1146
8972
8699
7256
6735
5922
1263
5257
149
2538
7887
2167
5169
9082
9540
7177
467
6806
4927
451
7877
6465
8093
9586
1220
7230
3857
9769
193
4974
4274
4269
9434
5597
2641
2491
6353
6004
7648
8678
2559
2606
9182
5528
2788
4845
9059
3487
2145
9096
4447
8284
7121
6555
9153
6408
8413
7212
8054
625
3856
866
2989
5424
7931
5296
4171
5290
242
1134
9816
7108
9146
2797
8081
1659
8263
4898
9638
8185
2976
3974
6263
279
1268
6065
648
1010
8197
1712
5339
82
6179
1284
4151
6121
3857
5197
7741
2689
4787
5519
6067
7533
3440
7784
4452
732
85
4383
6618
8929
7996
3811
7667
9591
6136
3272
2298
1430
7980
5668
8724
4474
2439
5814
6738
6088
6022
4907
9169
7247
6276
6703
9553
6779
5343
3672
5294
9932
9012
6437
4780
1659
1058
5258
9000
4279
4832
8003
3013
3833
4090
5063
347
9337
2881
8055
3822
4430
9911
5742
9632
1432
6296
7618
7583
3713
6847
2847
9351
3463
4093
9850
8285
8417
1177
9730
8896
2941
4398
4923
1453
5960
8738
3024
7340
671
9990
4536
3756
8708
5272
2459
2157
4503
9635
1115
3432
3935
246
1328
4235
5057
1194
9242
3099
7671
1359
6380
2027
2845
4967
9333
9084
3072
9478
8430
200
8696
8267
6128
3853
6503
6207
7479
620
1899
4681
7012
646
6979
8848
8628
6043
2988
4021
7719
1926
7137
9946
7580
9345
570
1410
5453
5735
6398
1174
7012
3654
4114
6506
1967
6568
9495
3756
7618
1237
7120
6325
1631
9850
6009
188
99
1479
7579
7650
2045
1642
9100
4450
6897
828
5136
7487
7217
7654
4087
461
4957
35
6871
2569
5862
8180
32
988
3315
6557
6114
1360
9841
8054
15
1742
1790
2468
1211
4546
306
3226
8239
7892
9575
722
3639
2497
1565
8063
4646
2710
5014
5143
7411
660
5217
9973
202
586
362
1962
4162
6379
9599
458
8514
9139
7800
3280
833
3095
2078
4188
1947
7641
5510
5289
9388
429
4231
218
2899
1485
5096
6621
443
1102
2445
1921
3408
4938
4132
4654
5258
8180
8990
4762
8744
6874
131
147
2976
8627
1090
3508
3152
6749
4733
3048
2538
1615
8035
2965
8423
515
9383
4821
1194
2609
8882
8863
8438
8722
6304
5152
4003
6664
5769
7971
5360
1520
1041
3382
1255
6936
390
9057
5643
7792
5382
7517
3227
6874
3677
8792
6502
8147
1926
6172
4173
7067
1208
9190
6035
3996
4097
1289
9979
234
9400
5699
2638
7443
7900
2000
6387
316
15
7541
1891
9208
4187
2465
7208
4169
3023
4394
1574
4317
2749
9052
4429
6806
357
6026
7976
7785
1996
4701
4643
3697
5601
3981
9163
5013
539
834
8695
6078
7153
6923
3369
4130
9445
9647
3984
7752
4900
3722
3176
8
6456
2156
1313
4373
2937
907
8639
2168
5979
9826
705
8666
3380
3576
5034
1317
1110
156
3119
7576
8812
1358
3376
1731
6497
9054
7446
9820
3386
3542
4389
9216
3332
5363
4732
4815
5145
9966
9075
6868
249
5394
4019
6457
4581
6773
1556
3374
6432
7798
6728
7738
6981
8626
2361
1057
5714
1655
9004
4660
8599
1495
2794
3409
2947
3111
3918
444
9184
2613
3583
4339
6458
8424
7960
3492
5922
6701
3443
3845
2851
3767
8728
5085
6304
61
5741
7364
2964
4642
3223
5302
9990
6648
3909
8495
258
258
8678
8122
2176
2715
8781
7351
5439
717
317
9197
3534
9132
3507
9248
3589
7367
2970
2260
4239
2985
4227
962
2601
9174
5959
2670
2135
2556
7144
4281
4217
458
3162
9032
7582
2280
5178
9085
1436
7850
2671
6405
9
6790
9864
670
8599
6818
2964
7054
3725
5638
6645
8545
2939
620
4992
7231
3024
2814
4242
6436
8870
7026
2116
950
9115
7639
1248
5713
8826
670
2286
4255
3934
6157
5625
6980
6921
1373
9385
5928
8354
4611
5258
7037
4228
1304
3162
3146
4851
9118
232
956
6960
6310
9647
3029
7156
8126
9999
1490
1354
9290
6486
3592
1934
6780
1097
541
1533
5942
86
41
28
4777
3589
9923
9139
5750
4003
4919
7309
1817
6873
1127
6036
3558
480
3067
7673
7259
8047
6341
3859
9581
9549
4870
3216
3078
8478
5426
6702
8204
2604
3774
9132
1721
6741
6090
5736
8424
9878
6552
3378
2974
8602
6985
7052
1288
3718
7285
3635
6424
7191
5951
6503
2166
2083
8547
6605
8645
9055
8126
7843
8232
9173
5757
7197
6675
4224
1164
2959
3981
2615
3187
7616
1919
980
7282
5471
157
9103
2602
8926
1056
8480
4349
1496
3916
2916
7992
91
3062
2902
767
3869
610
4232
2393
2066
3946
5272
1351
8600
7
6639
5267
6952
3310
1643
3945
4869
2330
5773
1412
4765
9320
8789
8998
2332
1943
3481
4879
2864
1200
1076
6821
2046
9052
4435
3884
5563
851
6667
9769
9784
2263
4610
5177
3974
7684
3744
9044
3039
7350
3527
8857
8620
3291
9891
8383
5511
94
4697
7094
9860
5030
315
9322
5346
3522
1163
2757
3654
146
3064
5292
5943
2429
5553
6400
2723
4519
1904
4252
595
507
6577
2603
5623
2639
25
2099
4769
7945
6358
9129
8796
7925
236
1571
2299
9852
5529
4887
9117
4961
9811
3883
4300
8352
5501
5164
6983
7786
661
2808
2074
3705
9818
5117
2488
810
7977
3439
7808
2296
9015
4987
9719
1469
3029
359
9349
1861
5893
3025
6705
6226
8269
2436
7843
6785
620
4596
1070
4011
5409
3978
9539
8834
7576
8441
3927
3704
9643
4481
5525
1166
8361
3581
7042
4765
5660
1673
5706
5977
7868
2824
816
2608
3639
5109
5809
8634
2851
1369
3128
2825
5856
24
8686
3638
4877
1467
1564
862
7106
3675
3736
283
2116
6631
4082
6241
4563
8910
701
8352
6832
1359
5655
2940
5280
2168
6653
6700
8040
4854
914
27
1964
5658
7444
82
1205
9714
5351
9142
209
5935
7411
2084
9413
9072
110
7954
2839
3593
3638
4485
2936
8160
7903
1155
9535
1320
3539
5925
6578
8770
92
3136
2397
15
7079
5227
6756
7600
7488
8908
624
5221
7398
7204
2683
1946
9884
2400
9955
8581
6147
1336
8614
8731
1880
3714
5050
1553
2308
6139
6531
5337
5026
9451
5472
1107
5800
4591
1205
3224
8835
2703
8427
9632
9652
8472
2036
7810
5694
1819
3937
3781
7040
1952
8597
579
7214
9540
599
9472
1961
7295
9276
1920
2066
6605
2603
2790
4859
8026
4963
5634
7828
6437
1170
8992
6966
7408
2151
8628
1900
2
6074
4363
9661
2580
2414
1740
9007
2449
5403
8141
7637
7224
7638
186
5345
5623
4248
4227
7158
8083
2934
4605
1899
3066
5452
4936
3195
3211
1655
6180
1977
6598
8107
1475
1744
2291
9412
1799
496
6083
1957
8415
6094
1871
6520
7750
5064
6479
8359
1852
8349
879
781
2918
1386
8774
989
3502
9991
4260
5014
4958
8053
3919
1934
5451
7763
5095
6258
5423
8227
1340
1346
2785
3682
8045
6045
2330
8287
6151
1328
3828
442
9472
3680
1130
5955
1656
7195
215
6024
2102
6914
7564
2950
6249
1802
1526
3787
4563
6950
8380
9714
6305
1074
1709
6826
8657
7183
8392
2233
9180
1431
7015
7903
9726
7581
4853
3512
2898
2243
7677
8718
7952
9144
2616
4729
1648
9006
8049
4831
944
5333
6068
3608
8685
5382
2454
5002
470
9890
6303
61
724
4782
6431
6261
8681
2970
4527
1621
457
4646
5653
8473
1681
9986
5145
3725
6263
9087
7198
4714
786
100
4539
2365
735
8069
431
6219
4340
3744
3983
9168
2117
3774
7215
3212
5423
1127
7697
1418
5248
7323
3664
5398
3315
6097
9495
2091
1129
1529
8188
8410
9054
2306
4025
7408
6698
7821
3039
4993
7960
1077
1051
1976
8924
8029
9088
2221
4451
2888
3788
4031
9821
4178
6066
8537
7026
6892
4726
5841
1480
1954
2988
6901
3751
5380
4963
6794
2727
6024
5994
2827
1107
2608
5482
9223
1498
7846
3320
8625
1550
9899
1380
9489
9542
9164
9647
7600
7630
1431
2512
9387
8553
6824
4534
4530
3034
7630
6521
5384
9325
7094
2173
1194
3383
5585
2749
5757
8038
147
2189
8238
2155
8384
7985
8148
6281
7864
3709
7186
9577
7804
7541
2583
3897
633
7438
8858
4836
7257
7622
7503
6269
1297
2953
7006
4458
4411
7482
8825
144
6924
946
8455
2224
5397
2320
4597
4586
1556
2659
3521
8446
5014
418
266
6176
5607
1205
3013
8981
9861
470
2109
50
68
2041
604
6821
3786
7610
8861
873
6186
2278
1853
1608
7587
9083
4079
368
3790
1094
3676
4942
7364
3064
4294
482
3903
5944
548
1812
8454
6578
462
3797
3837
1822
6226
1014
4337
1020
2783
5299
5410
3269
2297
9915
2456
6231
1410
2085
9456
1392
7304
1386
1341
6616
8091
133
2301
581
2790
3297
5967
5288
6283
9713
2351
2189
4994
3387
754
4701
9780
3565
7482
4866
3540
4883
2118
4749
2386
4419
6362
3798
863
712
4997
1827
3683
987
9406
3572
8696
6662
263
4802
8427
4007
7495
1886
386
6334
2427
6395
9605
6444
9149
3836
332
3251
9560
935
7708
4460
9302
9012
4347
7962
9841
1969
1246
8247
5345
6116
7209
499
1644
5703
6043
4322
8614
2342
6218
1039
6578
8751
3363
3393
1966
7239
2020
4123
7403
1166
9395
388
6627
3279
514
4276
5219
8229
1142
5763
3961
7868
2106
3391
2860
6983
6247
9670
336
4012
7122
2724
3896
5973
6807
3110
5740
9378
8651
4840
9156
9179
9697
2655
9323
5972
6614
3390
5197
7614
8458
7844
7514
5151
9354
1032
1624
4568
4280
2861
2895
5212
1526
8387
6674
2970
6124
6593
4481
1275
9577
9350
2983
5845
2515
7666
2577
9687
8620
628
7952
3348
55
3565
3874
1671
6966
5840
5616
2342
6181
5439
4952
3461
7126
7052
9441
7006
6229
2692
4847
2623
4558
9076
7960
1445
7316
3957
9854
2822
7952
4397
7650
7776
4100
3567
6224
1728
7351
9082
9994
5675
3948
5108
8917
9314
8875
2508
2100
1854
1555
6169
7092
6256
7365
6282
2831
442
5547
884
9467
4675
710
183
8837
7758
2113
9372
5251
5929
2168
5493
7407
7446
3207
5668
8774
2703
9452
8559
5557
4441
9343
8255
8512
5108
1885
9951
7275
8760
9553
9800
3649
3023
9399
7041
3319
2577
3508
5184
3848
9401
9682
390
501
6568
3376
9444
399
1775
2247
6762
9865
4003
5437
9704
9396
1678
724
4143
5660
3561
3993
7735
126
4215
7161
6592
9547
4334
2628
2198
4311
2505
4615
9297
6931
9016
335
2219
4386
4228
6833
6675
4848
3733
2570
6354
1470
9992
6309
8873
3304
5515
9757
3582
6190
5759
4500
4516
4506
852
8294
5406
8031
4049
501
60
6871
1350
1585
666
1367
1151
6953
8599
3244
4932
1157
7177
8842
65
4493
3475
5237
3578
378
6777
5269
1407
8513
4548
8096
1073
5840
2902
7699
6997
4538
7470
3020
6744
3922
2279
9836
3359
991
8824
6337
3659
2587
4843
1457
4867
658
2474
7458
2269
952
8479
6002
8749
4618
4969
16
2960
1658
7693
1996
6687
4943
377
3116
3505
3596
7803
6469
234
4954
7374
2090
9883
5015
8770
1036
9782
8319
3952
696
1444
9552
5254
3810
9294
780
7603
9155
3899
235
2001
2797
1542
804
1315
4946
6104
8982
6169
8948
1062
7951
8246
5784
9129
1648
687
9527
4574
228
422
6672
8570
1145
5255
4967
1063
4244
9311
5467
3596
3698
4072
4863
6281
4437
8615
3852
8700
5744
1922
1284
8870
168
2160
3147
6636
1541
2685
55
7847
1974
2193
6853
3502
4009
6903
3174
3673
760
5981
4364
9480
3854
7484
8040
7636
6233
1031
2744
1165
4501
5157
1638
6764
3352
1800
5994
3998
2886
7778
363
4011
8092
3239
3717
5760
8645
72
8631
5929
6315
9029
3597
4603
6728
2949
1956
2560
2020
4853
4607
7607
991
3947
2641
6767
3784
9560
360
8324
8805
2954
8764
2743
663
9572
4512
4300
9198
9768
9610
5909
1355
4388
2643
8040
9607
2624
3221
8944
2907
3529
7515
7401
8744
9275
4221
1159
7761
7785
7132
3881
5636
4741
2586
949
417
107
7512
9794
7369
2311
6524
3550
7522
4002
4586
7789
582
6916
5121
8827
7648
9784
2136
8708
4239
2467
8923
6311
9574
1519
5190
6247
3730
7252
9123
7230
340
32
783
9401
8835
4015
8504
5744
6875
9825
506
6171
586
3790
9814
4110
7485
240
1745
4506
4575
5124
9729
9025
1985
3746
7034
8962
738
2753
9075
8843
1772
6682
3436
4047
2159
2373
2467
3914
3624
308
6361
7732
7936
573
3033
4771
3509
2531
4731
1112
7638
1550
385
5374
9207
3137
6925
2679
7404
4710
2502
1162
3018
7900
9393
8196
214
9738
4690
4114
8355
9401
2373
9643
5376
8261
1277
9574
6512
4929
9612
9207
4765
3691
8219
2036
2383
4291
1519
6811
5857
3353
7270
9644
444
2911
3642
2130
4093
9502
4884
9607
4762
8041
4912
4599
9614
8330
1512
9283
9337
8456
2538
7365
5907
8558
9466
134
7562
482
2996
3685
396
3727
9995
4291
2085
5693
999
6720
9525
4780
2763
5960
8869
8147
881
6221
3369
2036
3369
2379
1736
1510
7305
8074
7303
8163
7089
1572
6179
8901
4704
5191
790
6253
9494
6613
3747
840
7367
703
5796
9591
7120
8626
767
9119
4602
6955
9904
2227
3837
3266
7720
6977
7865
6266
1639
1953
1100
7878
8036
8402
9284
1933
8062
9783
2729
9089
7611
1937
3497
459
7159
2540
7394
3038
8837
6826
7200
8474
74
7647
4464
2989
5417
1856
3331
335
715
1736
1387
1535
6775
9743
9314
4877
2783
7154
3258
7132
3338
2426
1248
2284
6756
2997
7748
7192
6479
5104
8484
4577
1866
9744
1053
2446
9419
9375
5495
5674
615
9117
3030
9823
7861
8335
436
9504
5863
3251
2179
3552
1667
8977
2342
7166
3027
9785
3637
6736
1343
9747
1341
6590
2434
1975
5859
8099
5642
3611
8829
687
9369
5429
4128
1157
9061
9482
6997
2460
1840
5555
1578
5519
527
7354
9630
8063
8632
2353
884
2561
7054
5005
8609
1267
2650
1614
2288
189
8675
6610
3002
5325
7120
4161
6119
3923
3417
6127
177
706
4675
7209
479
4021
3632
788
850
9674
1866
4466
7249
883
7444
2575
2473
1188
4134
4058
2091
3447
1635
8006
7884
2107
8791
5895
6603
7817
4732
9095
8632
3169
6038
2567
3286
5835
1590
844
4884
717
572
380
6501
5836
3278
3098
6341
7661
8806
9634
5064
309
8523
7136
1061
9645
9251
5735
4664
7684
5541
9840
1622
4890
6104
5254
736
7985
5507
791
521
8705
8560
3528
4994
4560
1484
149
9232
6126
916
2905
1246
6627
9073
7666
7839
8670
980
3238
8692
9853
7595
5684
4649
3677
6838
8725
3343
4705
3085
1469
7716
7219
4521
7700
736
4785
6881
6735
2665
4047
1595
4478
5611
9882
6107
4705
3758
557
4234
4846
6706
976
4839
7566
7589
9255
7793
9315
7343
6902
7231
9662
1346
5687
3444
725
4962
4920
6407
4288
37
1321
5890
5310
5272
9900
5393
4428
9604
8354
9714
8819
9176
9369
8887
284
5332
4915
4397
1802
3148
4122
7158
8962
7477
1654
534
650
6209
6644
5848
4158
8509
3172
2306
3512
9175
2061
7990
6190
8909
301
3732
2666
4346
8845
7004
5239
912
1667
8743
7460
6288
9007
1989
3145
2118
5562
7622
4427
6881
9991
9068
1609
3397
5557
4848
3662
295
3012
5110
7150
7974
5859
5871
3075
6053
5056
2584
5681
1141
4887
2882
4620
858
4264
6860
2034
2483
8026
2090
9091
2331
938
9734
2310
5047
3060
7561
8604
336
8883
5466
9389
8367
4238
9159
8347
4055
4327
8125
4449
4750
3469
4615
1718
5470
2124
1525
9869
749
9604
8277
5441
2425
1495
5547
1335
8229
9297
1574
3760
6927
5999
5127
9525
1939
5417
2732
3326
6847
4997
712
4221
3017
1477
5782
2863
1694
6307
1458
6180
320
3077
1405
4224
5620
2290
4970
4649
4015
9817
4637
3935
3319
4089
9874
841
8334
3672
6997
6831
6987
1257
9996
253
2905
2293
3054
5883
5010
6483
1458
9153
4580
8224
3985
4815
5531
7658
6459
3110
4168
7498
3162
2624
581
2004
49
7894
4996
3602
1302
1590
8919
9485
8667
5625
2698
5268
1221
2889
8253
5235
1750
1500
8160
9095
4742
6399
9
3232
185
8958
8025
453
6769
3817
2303
5929
7911
3640
9680
8653
4100
6667
9293
7086
5436
8987
132
4873
8991
3329
7563
7526
6591
8826
693
3789
25
1655
2708
6025
2270
4812
1881
2423
5321
6307
1784
91
7491
9054
5462
2146
5616
2398
9787
3831
517
4799
3033
2349
7270
9544
828
2655
5372
502
3075
6729
7727
2933
7163
7022
1511
5161
875
5686
8470
498
1738
9978
6942
5246
8248
799
3013
7819
2431
5692
3597
6080
2449
9859
9962
4826
8634
8725
6224
3032
6225
3434
3696
939
3355
6267
8608
363
3376
6451
7694
7710
6486
8051
3397
8079
6785
753
8057
600
7428
1181
4323
9648
8289
7133
7256
3973
7712
9605
2117
5922
2345
7800
657
5915
6789
452
7897
3134
7865
2760
840
1984
6655
1951
316
5295
5170
6099
7283
9478
3479
189
5275
3866
7454
626
1419
6347
6885
4393
9469
50
8679
1870
9623
1324
65
3000
1573
7545
2320
4891
9165
4391
6376
5221
7347
6125
7860
9904
4664
9185
601
5323
7447
8888
4471
5164
5083
1432
5516
9375
9244
8534
3775
8113
3816
26
6949
6661
6424
516
6103
8255
6878
9840
2980
511
2675
3415
7180
7733
6771
7880
5451
5744
8226
9397
4633
8092
2042
6886
4452
2493
559
102
6240
4199
5077
2964
8946
8593
3055
5810
4344
8797
3177
6380
9195
5294
7874
8244
3338
3678
446
7086
9150
3506
1867
9858
9628
5931
537
9102
9477
308
6788
4961
6004
272
2787
345
4373
7953
7617
524
4825
900
6796
7013
7845
82
5268
7039
6927
8881
2964
4115
7603
2390
2477
2255
5676
3524
9051
6264
7254
7458
4163
3165
8080
8729
5282
5320
9930
5983
6039
4091
7365
7778
3041
3992
9045
9132
7774
1200
3942
2560
4698
7001
4324
9247
9488
6336
4167
5686
4599
3902
3775
8624
2880
5488
8821
6491
3765
167
4771
8600
754
9764
5704
4385
3332
5638
9900
3665
1264
9214
3284
5535
4289
1936
5753
7832
5640
2362
4790
1355
3520
2948
5308
2994
699
6787
4680
9782
8728
4972
7082
1484
9926
8618
1889
2809
7248
5636
6703
7576
9416
1277
6774
6253
6307
3197
9085
5146
7455
6345
1170
246
4763
298
1844
1225
9051
1877
3473
1405
8864
8811
3145
7664
9182
6042
3160
175
7061
4853
9630
5648
1065
6414
1662
9314
1422
5580
2587
268
8220
7797
9006
1995
5687
1861
3043
4902
1641
3896
8136
512
2486
3432
8919
7606
5839
730
1331
9046
4783
5632
9937
4263
60
2096
5635
6494
9068
9329
8423
5699
3463
9971
6700
7816
343
8121
6683
8508
5550
5177
2983
4885
1440
9435
4103
1803
5630
6180
4678
321
1706
8611
9660
4617
7616
6358
4326
274
2607
7572
7976
1195
8933
2607
8498
4644
271
2192
9606
3882
4840
615
2472
5710
7520
4958
8718
5861
1938
4685
2323
8638
440
2020
3812
8434
7167
2423
1330
9863
6999
6248
9667
108
1076
7174
118
1794
7787
374
1169
7183
6656
3538
2457
4850
1392
6850
2170
8087
7518
3828
1117
273
9456
3494
5075
6174
1720
5815
704
9723
8963
6542
9284
8224
16
4617
6892
104
1779
5212
9184
8353
9831
4073
3956
4623
3998
4364
4831
9577
8732
5475
5027
3540
128
4374
1007
7750
3709
3984
1985
596
9647
9815
2798
5098
5033
5599
4394
3589
5991
1048
8371
3079
5987
20
9401
77
483
5328
2102
6807
2272
7272
7021
1693
6272
6521
3728
5742
7349
8421
7698
3030
9795
5037
1688
7893
2539
3245
1579
3590
9822
2085
1306
7259
3145
217
1409
3764
6605
4835
994
6715
4392
6637
3451
8325
6190
1615
2127
1104
3487
9279
3361
3402
7409
8717
761
7723
6562
8390
6417
5428
1609
2934
1863
3960
1818
411
4031
3018
7650
6418
9195
4293
2636
7254
937
5267
7205
2966
6552
1383
6958
2490
1
2443
7915
7334
8480
8480
1718
7316
4028
7548
4427
1680
1164
2885
3625
1628
6519
9726
9855
5737
6644
2675
64
8066
5756
2993
2711
9821
6014
1429
6437
9388
9159
6267
6835
2273
9779
8184
8695
2003
7315
3175
4369
5433
6031
2336
2387
1037
9584
2609
4314
6757
9604
5722
1985
4775
5721
3517
1704
4168
7878
6609
6795
8826
406
9894
4945
7251
1390
2812
2228
2869
99
4460
1349
8386
9923
3672
7736
5327
4154
1991
3405
432
7230
3112
5181
3829
4573
5792
833
44
62
8518
3948
1794
1343
3275
5949
8252
9663
2641
1579
4017
2758
9136
2382
2373
6393
8277
1213
6572
2636
7082
9696
5884
648
7930
9637
8918
8857
3614
8932
5342
5739
3194
2216
8539
120
9819
6636
5958
891
1082
3515
976
354
9662
7383
9921
5029
7022
4878
597
2674
5746
7367
4088
4522
6750
2772
9972
7313
6020
4068
6118
527
1830
4172
8186
442
7416
9555
682
4127
6022
7787
947
3276
4879
7455
9816
9907
2225
2407
7853
3409
6781
6125
4050
1128
2228
6164
4652
2762
191
3076
3395
2191
3987
2998
853
9077
1965
8176
9795
6515
3658
5109
5548
369
4154
5679
5148
530
2118
2700
6784
4241
4694
7620
1493
6928
8189
4782
2342
6483
6848
3607
2474
2839
3306
7336
2274
5870
3398
4556
7664
1101
4838
7633
6057
4572
4039
407
3876
5284
7805
5983
9695
6086
6972
4359
34
1639
7214
8709
648
5105
8156
8661
4735
3620
5724
8646
919
6249
4205
9506
8079
7165
3897
1935
1155
1051
7414
1050
1882
7380
2732
2410
1120
5137
3866
1123
4869
9806
725
7377
4390
9991
8123
3636
1951
1918
182
1056
7607
6236
462
5258
9187
3038
9996
4483
7172
7833
5139
6376
8528
3302
4641
3170
8697
9123
656
8886
8952
4877
1581
6292
7093
9119
5501
5862
3086
1056
1841
3715
7632
9958
5351
631
920
1426
958
9627
831
8944
208
5290
4710
3757
40
4088
6529
6071
2435
1226
1680
5773
9156
6263
4989
1468
9186
6648
3610
2484
7796
5648
5377
9656
5193
8692
4933
7234
9610
68
4490
40
4395
136
3421
7118
1162
1728
1061
5562
1381
3246
71
5959
6935
5129
3500
3908
6119
5817
7299
486
5287
3112
1437
8192
7966
6932
7030
7882
2614
9842
3891
6546
7407
2481
2799
5373
5432
2000
9442
2495
6529
2985
2449
5021
2597
1991
6244
574
1685
8752
546
9370
2410
9443
2237
4065
4334
9920
2099
6135
1814
9796
8397
4285
8532
1409
1691
2577
7424
1258
400
3343
6054
5339
4622
2731
605
3938
6521
4764
2615
5937
9165
3167
1334
7417
2148
8914
1173
4479
1541
5421
8064
5568
3743
2620
793
4310
7707
5789
3328
9910
7608
4915
2040
8473
8568
5628
7294
5277
1309
3313
2384
4993
7699
7832
4012
4096
8112
7533
7595
7347
3202
7653
7575
8064
7276
82
7595
174
7775
8531
7913
8515
5553
5615
7757
2739
3612
6083
8456
9260
7759
3481
9116
5223
1228
5936
394
8189
6756
376
3474
5345
3810
3554
746
6440
5700
2509
1878
5378
1200
6725
3987
6392
7908
9203
7439
2092
112
3873
9433
2311
2191
2342
5978
4654
9671
3867
9138
9901
4013
8572
471
8040
3896
5477
3506
3574
5322
3678
7765
1982
5220
7146
4363
2720
8397
1053
8556
8005
5637
256
7700
761
1583
8663
4087
9575
4597
1526
826
3286
7242
1430
5558
2915
5238
2726
1149
4052
4792
8442
4713
8516
3062
8371
6321
143
4168
6912
6590
5887
3651
4542
7956
69
7570
7291
7905
6579
8531
4522
3676
1103
9846
6453
7048
3033
782
9382
4676
4641
352
8365
4165
3272
4499
4218
8568
873
1659
4165
2313
3996
4693
3164
9711
6554
2937
6039
3142
7106
6758
8874
1753
2168
8391
1843
3114
7203
7081
4625
9627
7270
3578
9855
8700
95
8906
9704
707
5294
4969
5586
1559
4857
60
1250
7373
1625
611
5068
7157
4479
1634
8205
5686
1210
2227
1517
2821
2645
9222
5551
7424
4508
1622
4798
3681
6675
819
9483
5194
3066
6728
5608
7501
9179
7989
6697
2836
8506
5156
8775
1857
3453
9389
3439
5874
1219
5605
2609
9645
160
8260
2500
9208
7541
9961
3696
1408
5338
7989
8799
1802
6725
1462
9073
5429
2269
2337
6744
570
1467
6771
175
9096
2246
9433
5001
8206
8306
2296
5487
7504
1789
1149
6876
2174
6656
7635
1300
7767
6335
1940
6931
4589
7793
1468
2500
17
2948
3762
7040
5207
7552
7776
7787
8579
7091
6167
7511
2272
9051
2712
6258
9280
989
3175
1469
8412
4211
4997
4743
1381
3635
1025
3140
1352
5375
5179
7838
5111
4969
3409
3222
1629
807
1616
5020
8262
9266
3287
6983
2071
362
3525
1781
7843
5287
2885
3278
6244
121
3954
4179
5261
3216
5983
5118
5599
7267
8034
8731
5992
931
9087
4982
7556
9008
4347
2054
7247
4645
588
523
9232
1824
9783
7174
9583
1457
9519
8834
4059
9833
711
5913
954
3854
7995
9932
1005
3557
5846
9275
4159
8696
3951
2643
8634
2891
8635
229
1189
5731
3277
8524
8720
553
9534
5825
428
3180
2946
2019
6657
4803
1018
8040
5196
417
9242
7477
8380
2729
676
5278
4602
305
7687
6229
6023
7881
247
8927
193
6203
3773
9366
7052
8553
941
1902
4374
1210
6088
4392
4082
5480
7909
8577
9063
9654
5960
6417
5127
267
9196
8021
5578
3393
192
7039
6486
8318
7047
4959
9216
7953
6018
6610
3009
2565
1903
5364
4506
6043
9861
8011
2960
6779
1951
6097
9616
8484
3999
2635
7209
9760
3561
515
886
5107
7753
1718
4975
4187
490
4447
965
629
2283
8698
852
6424
2175
9466
6530
3079
596
750
341
6062
3986
2869
4059
4794
6876
181
3609
6502
4779
6266
4642
8520
1734
8831
9718
347
9617
7211
1301
3674
2473
1151
6030
5909
7985
776
4793
295
9980
4130
31
3616
375
485
6383
723
6335
4720
3296
3598
8579
527
8555
1548
9750
7930
9811
8257
7546
3653
7134
871
5934
1262
3393
6102
9154
1677
809
8401
7483
3634
1436
5632
744
8003
6521
8454
5402
9475
4685
566
3780
4067
1703
8368
9358
1135
5302
210
470
4141
6830
7379
5761
5297
7912
1236
8715
5384
4287
3514
5291
1532
894
9683
8225
2574
1995
8510
3944
3678
7601
4444
3159
9422
2805
3327
4230
7199
9780
6054
9148
896
3106
9280
5604
8192
7884
7052
5035
3448
6653
2322
5735
2203
5517
2703
2203
2582
2068
538
6719
3516
7741
3388
6824
9662
5002
7368
2842
8082
5465
2428
2900
2374
8434
5612
8974
5748
647
5648
6428
5768
7080
9748
1227
9959
9528
1465
3558
3278
4394
6606
3943
5581
3639
2780
8079
9644
3128
6938
9649
8026
793
4483
6103
153
2938
2919
1051
9331
795
2840
8281
3104
1008
9119
6688
9364
3098
5559
2411
4912
4169
6992
4336
2812
6127
3830
1795
9778
3487
5409
8770
5124
504
119
7183
8316
4797
2284
2988
3066
890
8009
2666
2079
1173
4829
4482
8057
3685
2872
8367
3372
5781
8472
686
2945
299
4679
5280
2283
6127
6989
173
5394
8232
6706
111
5337
3146
8876
8721
3539
4673
6456
468
2698
1131
7506
1847
2078
9870
7567
3260
3316
6960
5115
7905
9463
9974
4004
1646
9948
9619
3144
8348
9351
1591
316
8394
8466
3474
3987
4274
1990
2779
4258
5996
8350
1283
1681
826
3686
7698
558
6396
3804
5429
1573
3579
5038
4656
7119
5680
7392
8329
1509
3497
1079
9766
7451
1572
612
5524
9576
9564
9010
951
5620
4104
8322
7404
5950
697
1682
9513
2492
2297
6441
8053
8872
1034
7482
9001
4580
2211
4823
2192
7307
5211
9802
3594
9273
4212
9729
3697
5307
2712
1744
748
2726
9816
2807
1662
5640
2909
4233
5297
9225
948
6003
2492
2701
4887
8194
4777
3291
6982
4297
8992
7264
8654
3959
8162
8328
7400
701
9949
8094
6845
3581
2763
8097
435
417
6149
7979
8511
4193
6508
9804
536
3578
1349
4206
9101
3104
5330
103
17
8481
9136
6025
3242
7776
7884
7782
2739
9727
9193
4137
9406
6356
2333
9441
173
8187
8904
9759
8084
6925
2418
6942
2699
2196
8822
3280
7549
6125
2543
7919
1490
1908
2927
5069
3827
334
4097
3140
8837
1205
7198
3468
3957
5045
7753
7009
7262
4090
2439
7502
4170
623
8950
9999
269
4969
9852
4351
7063
5097
6300
4301
98
4743
340
4128
4377
7146
5147
6484
309
7116
992
6989
4489
4964
991
3446
3575
2044
4762
126
6210
9139
17
456
7514
5719
1778
4679
2995
235
6453
2567
3923
9035
3300
5099
4162
4229
8974
3194
9264
8911
1761
6012
2230
1465
894
6148
6749
9422
2907
4113
7970
7296
1360
9901
2884
2120
8482
5143
7271
5078
7277
5401
3808
7483
455
8465
6427
4674
8202
1183
9303
1894
246
4304
4945
2133
8909
2110
4800
7065
8956
1174
7473
8718
6884
502
4254
1329
7043
3531
8950
9932
4442
951
9222
4695
4451
2204
9583
7717
7728
2617
2012
2106
4650
2625
8751
1485
7292
5287
3243
1786
8564
8411
9435
6152
7498
7986
6670
8119
6885
334
7280
7823
4468
1439
6631
945
1712
3213
881
317
4808
8155
5958
5712
1032
5769
2415
8166
9820
6440
4712
1384
1989
992
192
4284
2452
7119
2592
5517
1429
7037
7253
2940
6693
4257
367
8433
4708
1218
2600
1222
1645
3665
8179
887
6214
2108
4168
4645
5005
5494
1078
2152
7610
7307
5133
5067
3176
9684
4638
7939
2245
6906
7664
1581
7732
5575
5997
48
6735
5193
725
7546
478
9464
8182
2194
3174
5628
1010
9416
1809
6393
8070
8890
7959
6641
8633
5544
9614
4960
826
6821
5697
8284
1667
5608
8445
6446
6189
626
9191
2275
6128
3837
1170
2038
4437
7478
8953
474
511
1690
7853
4446
2392
7408
8242
9338
6484
8164
9069
2698
2324
8759
2100
379
9830
8386
3394
1404
9089
707
1350
9179
8251
3654
1295
8274
3368
7243
5050
7990
5126
8598
133
6190
1344
9542
7370
9465
824
3610
7533
8605
3688
6139
7365
1556
5693
3232
2811
9573
9182
2800
2635
6118
1290
3636
8724
2190
850
6540
326
6260
8995
4883
8231
1736
4940
664
1475
9982
7575
6120
3530
2315
5610
273
7153
127
3825
4367
7058
8268
663
139
7399
3214
2873
73
6717
4160
6202
9353
6404
2149
7255
5103
29
9628
527
9684
9945
403
6367
1308
4452
7875
160
7037
3523
7645
380
357
3588
9097
3312
7943
2194
9416
5240
7983
1510
2645
8682
5482
5567
5844
7842
8322
9921
4192
9906
1571
3945
6967
2974
6487
5398
6718
8531
5002
4084
4691
6153
65
6415
6569
854
7177
5553
3918
8933
2681
2398
8420
6479
9928
1162
7892
5799
5312
9527
5393
8946
2353
7441
5301
4246
3491
512
3143
1284
6070
3644
9168
2139
1095
8069
9193
1836
813
260
72
8968
3851
4331
1305
8211
4777
498
8749
86
8247
905
1186
9711
6632
729
5587
5538
3998
6817
2296
1091
8608
8361
7089
7587
743
4064
3083
2992
2586
8126
1806
3523
2120
2995
9391
6915
3588
244
811
2881
2903
2264
2370
5074
7592
6457
227
646
7351
560
646
7978
3084
2396
5872
557
9439
9857
8063
5111
8256
7269
2539
5115
8128
2402
769
6544
8272
4337
2964
1390
3354
6177
9944
5835
9512
8153
4011
4231
882
6043
8964
7072
204
7057
129
978
6698
315
6270
1412
9370
1884
6597
4287
4102
4981
7758
959
8484
4373
7617
2155
9169
295
4958
344
2768
1249
6780
6760
2733
6964
7800
8843
1540
2456
9955
6205
9569
1675
3254
8405
9516
4521
3130
5786
7931
4161
3637
5426
3500
2516
252
7858
5110
556
867
6619
1352
6607
8597
1930
7177
257
5466
1850
2670
1656
1724
9074
3576
6008
1588
9269
3090
859
2527
7244
9730
9461
1868
605
6610
6891
1454
6626
3328
6905
8383
6962
2876
6544
7406
6606
2444
2424
8509
7981
8814
7323
1373
8458
6171
8182
6964
9713
6547
6984
5332
362
922
4079
7829
9052
1995
9490
1463
3843
8062
1499
2833
5084
1084
3357
9205
3245
1040
8381
4695
204
2965
873
200
2326
2680
5324
6804
6351
2171
9162
3660
4590
5803
4978
3041
4205
4118
6570
7208
6453
2836
9425
4007
5718
859
350
708
4836
2570
2787
8481
2805
6522
4128
3151
3298
4747
8784
1359
7567
4326
6115
5116
3312
5618
5478
1896
1884
9603
1551
1849
9768
153
1912
8517
6743
5738
5356
4510
2324
9063
3888
9001
4134
2434
3461
9614
6703
1287
8596
7312
6887
8220
3796
9205
2521
5132
335
886
4282
1626
424
6821
6771
3699
2041
4646
3799
7917
6768
6759
4550
2788
9854
538
1850
823
6449
6704
1135
1928
444
3883
8847
1165
2666
6254
2007
1702
3340
332
6460
6794
9641
6372
9929
3032
2963
9702
7410
762
2059
7313
673
6583
7614
5506
666
7129
1023
5062
1507
2960
5122
1435
7364
6335
7468
8825
9036
6851
7397
8610
5341
4534
6524
4606
5494
786
8608
9876
2602
3818
8809
2415
5109
6673
4199
9929
2589
2736
7121
7139
4614
5784
498
2572
6600
9026
9501
5629
4531
339
7120
8884
1206
8976
2160
5021
314
2365
6897
2589
1018
324
8232
9852
4960
7995
573
1416
9670
8114
831
7993
7182
7857
5979
5748
4338
5417
1399
7948
1755
6733
3912
8332
1684
3336
6807
2555
1137
8142
5459
1350
5545
7216
1200
6627
9946
2018
7978
9643
9243
8451
1051
8575
6430
6141
9468
1366
7846
3829
4404
8545
7493
4484
3560
9871
8251
6805
7787
8122
6416
8153
9843
3110
7426
7638
6769
9120
4836
7066
6767
9332
1672
1785
8631
1523
3125
3047
6834
385
2247
8484
8141
3084
5732
7496
6318
6394
5220
3930
9892
5655
620
9299
4226
8111
5883
5955
3203
5756
4381
1141
7742
5723
593
9643
8030
9452
7140
4888
3870
5421
1392
5768
2895
4044
3843
9199
9498
7490
1238
6501
8283
1649
1038
5039
4632
2244
234
5262
1500
2172
743
7245
5998
2564
5663
173
1460
5745
5506
2821
757
4352
1222
2986
4386
7136
1264
9123
2557
8678
3279
7934
3890
7198
7087
7591
4642
1900
4515
7392
1420
8882
3430
1200
7251
2576
7796
3782
5543
7844
2976
6296
9029
6422
5645
9625
1043
217
679
1965
4685
3131
3138
158
1312
2541
2115
2624
3607
1325
4595
5424
7
1441
1725
1976
6684
443
6915
1266
457
3043
5073
9004
1033
842
4900
1112
3781
4708
1704
9168
4891
5911
6425
2996
9217
4098
7713
6462
7362
2473
7801
8699
2615
3115
9620
4506
281
8284
2193
4448
1586
6774
3655
7324
1894
7896
6428
5077
8275
9513
7065
2989
4593
690
4059
6056
3246
4012
519
5777
1437
7359
5030
324
6435
46
3244
5013
8668
3635
4795
9314
3674
3404
4967
1270
3976
2544
8239
107
9738
7426
1279
3074
2708
8984
6265
3109
1408
2195
1524
9785
6770
2912
5374
7184
6519
8916
801
8832
3446
9923
3125
1644
7473
9521
197
7938
3847
523
4785
7012
192
4057
1839
5525
3233
1881
9062
8977
1983
863
7877
4948
7925
8331
3237
2452
4304
7112
4993
730
6034
9449
570
5148
8893
9730
8535
7452
1740
6957
5327
2581
8248
9241
2894
4480
5341
4264
3265
8919
3925
1578
7199
2168
3796
4937
7951
598
8643
5398
7958
7730
9002
8867
5743
2104
654
4939
2730
1416
3517
7451
4801
5842
1379
959
1429
6179
5962
1548
5973
513
9758
4793
4380
6485
827
8524
5903
4900
9323
3075
8702
4434
9914
7157
5228
6487
6435
3154
7143
3855
5131
1703
7195
6824
694
1750
5950
5539
4875
8901
4564
8043
978
1889
892
9272
8722
4217
5146
7451
3095
5649
3026
842
7663
6109
8823
9610
7524
2765
8308
4667
9591
9604
1409
7815
8217
7629
7663
5225
2296
2978
3192
9381
5954
9717
6595
2937
8660
3824
2522
1672
2200
4998
5960
2678
1307
3298
7286
8254
1970
8345
7987
5569
6422
9841
9633
7120
6661
9503
4157
7226
8964
6147
1780
5377
328
7640
4041
8118
4004
5688
3281
7320
5390
2037
6697
4210
1413
7567
2577
5304
6235
8933
8724
8541
3630
1001
8207
5325
1701
7086
5583
6919
8729
3216
7512
1737
9915
7073
5282
3378
3516
7040
3201
8000
1457
1884
6020
3573
3887
6998
603
2885
9338
8830
1906
6781
2163
5175
997
4054
6752
5316
3342
9653
3641
664
8830
3413
6105
3524
1178
7405
7073
8858
3203
1169
5260
1527
6238
591
6319
9398
6464
7997
9511
886
8317
8141
2877
4063
5264
7229
245
3272
1258
9809
1537
8371
1926
1484
3761
1137
3202
3708
3875
3212
6476
653
6243
9988
3614
7101
6817
5275
2193
647
3351
2298
1195
1087
5995
7572
28
4830
5399
5588
9266
2381
6129
3840
9737
2545
1620
9729
7746
7817
3159
3125
8092
1652
9470
990
3300
9771
5344
3315
7006
4486
7462
2890
1789
3136
3072
4926
6942
9155
2500
6368
9593
7045
9595
8934
3441
588
5196
4334
2930
6976
7415
4924
7125
8253
9144
8126
6767
5427
7561
8360
38
9945
2614
5917
7417
1809
1460
8268
3658
3580
3673
5607
5435
4732
7660
9098
6446
1389
2177
7246
7907
2343
8095
3090
1274
3435
4632
2520
1735
8872
1158
1892
5597
9865
389
1345
2019
8074
1266
8759
9700
3818
162
8101
2146
6700
7190
5091
890
9391
326
2554
4671
3685
3829
7617
3978
1584
8995
2995
4607
3212
4697
5003
900
7637
2333
1648
9217
2299
4819
5187
4827
1680
2101
4867
912
6103
6278
7212
6633
7091
7884
3188
2360
6580
1134
3862
4038
3500
10
8741
5401
2672
8949
3882
6320
7835
1605
97
7869
2693
8630
5068
9910
1331
790
7059
4938
2072
6831
2031
2748
6921
6467
459
4068
2108
7632
4902
7732
3907
3696
4478
5179
7924
731
7787
8131
9348
7130
1551
130
6259
7858
8250
294
8057
3474
2381
8128
6276
9659
1616
1520
5638
6467
6098
6148
9053
7759
6382
3441
1464
340
8124
5982
3909
9242
9528
3753
1019
244
5751
2004
2236
3270
3016
1670
9517
614
4005
6266
2004
2063
5262
4939
1205
4957
6800
19
8599
979
3872
8761
1272
3023
960
3258
155
4906
8443
9492
9778
3851
3106
6401
8050
705
4689
8447
9508
5665
1988
698
5732
7922
3719
3690
2176
6084
1264
6473
1526
2497
2724
128
9888
8641
297
796
3602
704
5876
788
1276
4070
2988
8697
7761
3038
6732
4616
4222
7349
7186
4515
1195
280
5922
8653
9583
3975
9730
2483
7907
6472
416
4931
2830
1438
4641
8158
3926
6016
3158
4957
3020
4385
4519
4789
3006
4640
4356
7122
1007
4434
7671
1232
5964
6438
8217
4893
1318
8134
6027
509
9310
1730
1415
6138
4591
9025
1360
609
1357
2959
2084
6438
9
2296
9867
1650
6454
8345
622
1733
9628
3007
7648
5972
510
5536
6092
8156
9019
1345
2110
301
3487
9978
4527
9411
1145
906
6847
1550
7006
5222
7893
4534
2867
8472
35
387
7745
4909
5041
1409
6022
6249
8870
9146
9787
8647
8405
3863
7457
71
5101
3212
1581
6512
2747
2723
4961
9509
9193
7449
5684
9405
4742
3656
8481
8394
3150
1798
1944
4975
4685
7169
8564
6712
4551
2637
7295
1359
4111
8604
6416
7355
6830
9001
7814
3437
5619
8484
2508
3704
3344
5271
1223
8858
3691
6071
3130
6515
5255
4429
483
3536
7781
1466
6823
1092
5788
8477
1656
8868
1490
4131
5082
8219
5879
5138
1691
5375
4085
8155
4269
4834
8774
2414
4304
18
3176
7141
8127
2904
3604
5128
4612
6896
9824
4049
2821
7507
473
35
5687
3561
9881
3854
8924
7567
2116
8615
2694
7678
7840
9366
7248
5235
9648
9136
2774
1248
1991
3071
7946
2398
2445
2105
1345
2135
2173
336
4798
5273
4710
5693
7972
5111
3903
1833
9085
581
3747
249
7479
7144
5184
5540
9982
9268
7488
3490
4469
4172
4765
1152
865
6252
1320
487
1906
9072
3158
2282
3463
7174
6732
5032
6931
3055
189
4277
4258
5627
6844
1490
9576
5228
5379
8008
46
6838
6340
8753
2540
7518
9941
2505
2093
6291
5848
375
2678
4724
1685
1752
764
4244
3314
7508
7397
1892
6611
3529
5078
9651
7399
3728
1584
3753
3499
632
4072
9426
440
3359
3269
3449
255
7324
9411
1558
1023
7399
8651
275
3335
6382
1139
3039
8693
3642
9686
8663
4013
4571
1004
6083
5853
99
9869
3127
7784
6919
247
8606
4378
3332
6397
6407
5711
2624
1301
7467
6999
5778
9366
535
8972
7956
5281
5413
5982
8692
1169
3044
432
4010
9703
5232
4147
9793
1760
3052
9498
9646
3333
7079
5767
7214
7944
4448
9066
2478
7588
7452
7385
3872
7365
5902
5845
3271
6396
791
1083
8844
344
9930
7836
1576
8938
7193
5256
4858
5248
5740
5274
2972
2170
2193
408
3502
5531
3081
3803
770
2566
7116
34
2245
9137
6828
1188
7509
8962
950
9111
9886
3411
4528
1344
4113
947
7242
5234
9509
1183
1624
1976
7066
9691
1969
9953
572
6202
1605
4611
6433
642
884
337
4216
8568
781
8330
100
9992
7289
3301
8394
3339
9938
961
2079
9334
3739
7754
1933
7971
7570
4047
5218
5426
3629
2078
9120
6747
1945
366
1193
4462
1151
7008
8917
2882
1706
5294
3101
2788
607
6431
5412
1445
7248
5801
8533
8451
8530
1148
8598
8770
7594
3365
3464
516
4618
3140
7084
6524
9997
9605
9818
5552
9937
382
6851
1096
1989
5902
2056
3207
3378
4734
2635
1460
8116
820
634
5281
9841
7949
1056
1189
6069
1597
2700
5223
6132
3350
7084
2783
9456
8508
2858
7452
3030
3201
7948
4962
6922
3376
9369
8416
4526
4313
1088
6105
9862
6041
3635
3825
7688
6931
5254
9486
3444
5050
3306
8937
9142
4438
6349
8485
8161
1375
1888
1346
6642
3908
2122
2416
1661
6448
175
8157
6701
64
2311
6162
3055
8287
7372
1988
1767
7654
3337
9262
4452
2026
2262
2688
2921
9814
9148
2625
6932
3606
7259
4202
6558
2436
2326
3524
695
7954
705
8500
6053
7082
2038
2047
1597
5405
5267
961
1863
7497
7956
4662
8825
2676
2770
4152
6066
7242
1726
3058
905
7178
8333
9407
9786
8500
111
8932
9803
5948
9159
8108
4509
4587
6380
7882
5318
2995
5814
7106
746
1208
9074
8068
4507
1354
6368
5168
28
3998
9732
1816
3371
8624
6235
9896
8708
2388
3682
811
523
7297
9071
6995
4549
2332
507
8066
5057
3642
6575
6342
9571
2939
3277
2301
3367
1467
7554
1742
5133
4542
8149
2933
2117
9511
9091
3792
7729
8251
8451
6305
7108
3787
5182
7785
6479
9522
9827
6349
255
8641
679
1031
5782
788
5572
5315
9411
2833
905
6555
9110
680
3733
2767
8258
9420
9778
2541
2428
9896
100
3478
5994
731
1808
9473
8207
6233
3671
7403
9039
2228
5810
9360
3507
3843
3701
7396
9496
1533
693
3981
8117
4234
9936
2825
7581
1423
6162
1543
1212
9076
134
9761
7762
8066
3707
3684
7520
7324
1473
897
813
8305
5705
7226
6465
1719
4945
857
6541
2262
3006
7588
263
2205
4342
5078
4380
61
3849
3289
9458
6281
3937
2901
1599
3960
9453
3436
6858
8852
1452
8064
1344
9674
4145
2623
3359
6603
5432
2240
5242
3186
367
153
1638
4438
8601
9790
7791
1825
1420
2996
6174
4027
1329
4404
2262
914
7298
4391
589
6994
1793
778
351
9760
1453
2524
5784
7791
1940
7006
285
3294
8853
6170
4834
3792
854
5839
636
8134
8187
6741
3139
2651
9625
5489
9544
4367
3549
8627
4787
9458
4329
3125
1591
6841
3485
2269
8620
8732
6209
6738
7057
2251
7716
6861
9973
8804
671
3536
757
810
4425
2097
6562
8600
9190
5529
229
3801
3431
887
9504
9398
723
5474
5451
782
3126
7448
2940
6568
1741
8839
4858
2753
1498
7683
8231
8852
6479
9952
4855
62
4124
1265
1226
5220
1494
3002
2563
6339
4459
7345
3548
1836
1149
1051
4029
2253
4282
8284
1402
4173
3115
8723
2619
5379
4653
8340
7866
1827
5496
6735
4826
4958
233
6714
7143
6052
9672
8936
3213
2853
2307
6864
1755
2573
5475
5009
8729
4467
8377
6520
6157
4700
7786
4518
7110
5945
8668
5294
2740
4294
6158
437
6602
6412
2399
9308
8701
616
1577
2857
6731
6567
9176
4754
4770
9604
6944
6004
346
7405
3345
4804
9246
8614
395
4262
3654
5358
1676
6771
3346
4161
3059
5335
1486
2653
7216
8948
6318
2710
5341
1238
7516
4160
